69.0 4.0 19.0 -9.6
69.0 4.0 19.0 -9.6
69.0 4.0 19.0 -9.6
69.0 4.0 19.0 -9.6
69.0 4.0 19.0 -9.6
69.0 4.0 19.0 -9.6
69.0 4.0 19.0 -9.6
69.0 4.0 19.0 -9.6
69.0 4.0 19.0 -9.6
69.0 4.0 19.0 -9.6
69.0 4.0 19.0 -9.6
69.0 4.0 19.0 -9.6
69.0 4.0 19.0 -9.6
69.0 4.0 19.0 -9.6
69.0 4.0 19.0 -9.6
69.0 4.0 19.0 -9.6
69.0 4.0 19.0 -9.6
69.0 4.0 19.0 -9.6
69.0 4.0 19.0 -9.6
69.0 4.0 19.0 -9.6
69.0 4.0 19.0 -9.6
69.0 4.0 19.0 -9.6
69.0 4.0 19.0 -9.6
69.0 4.0 19.0 -9.6
69.0 4.0 19.0 -9.6
69.0 4.0 19.0 -9.6
69.0 4.0 19.0 -9.6
69.0 4.0 19.0 -9.6
69.0 4.0 19.0 -9.6
69.0 4.0 19.0 -9.6
69.0 4.0 19.0 -9.6
69.0 4.0 19.0 -9.6
69.0 4.0 19.0 -9.6
69.0 4.0 19.0 -9.6
69.0 4.0 19.0 -9.6
69.0 4.0 19.0 -9.6
69.0 4.0 19.0 -9.6
69.0 4.0 19.0 -9.6
69.0 4.0 19.0 -9.6
69.0 4.0 19.0 -9.6
69.0 4.0 19.0 -9.6
69.0 4.0 19.0 -9.6
69.0 4.0 19.0 -9.6
69.0 4.0 19.0 -9.6
69.0 4.0 19.0 -9.6
69.0 4.0 19.0 -9.6
69.0 4.0 19.0 -9.6
69.0 4.0 19.0 -9.6
69.0 4.0 19.0 -9.6
69.0 4.0 19.0 -9.6
69.0 4.0 19.0 -9.6
69.0 4.0 19.0 -9.6
69.0 4.0 19.0 -9.6
69.0 4.0 19.0 -9.6
69.0 4.0 19.0 -9.6
69.0 4.0 19.0 -9.6
69.0 4.0 19.0 -9.6
69.0 4.0 19.0 -9.6
69.0 4.0 19.0 -9.6
69.0 4.0 19.0 -9.6
69.0 4.0 19.0 -9.6
69.0 4.0 19.0 -9.6
69.0 4.0 19.0 -9.6
69.0 4.0 19.0 -9.6
69.0 4.0 19.0 -9.6
69.0 4.0 19.0 -9.6
69.0 4.0 19.0 -9.6
69.0 4.0 19.0 -9.6
69.0 4.0 19.0 -9.6
69.0 4.0 19.0 -9.6
69.0 4.0 19.0 -9.6
69.0 4.0 19.0 -9.6
69.0 4.0 19.0 -9.6
69.0 4.0 19.0 -9.6
69.0 4.0 19.0 -9.6
69.0 4.0 19.0 -9.6
69.0 4.0 19.0 -9.6
69.0 4.0 19.0 -9.6
69.0 4.0 19.0 -9.6
69.0 4.0 19.0 -9.6
69.0 4.0 19.0 -9.6
69.0 4.0 19.0 -9.6
69.0 4.0 19.0 -9.6
69.0 4.0 19.0 -9.6
69.0 4.0 19.0 -9.6
69.0 4.0 19.0 -9.6
69.0 4.0 19.0 -9.6
69.0 4.0 19.0 -9.6
69.0 4.0 19.0 -9.6
69.0 4.0 19.0 -9.6
69.0 4.0 19.0 -9.6
69.0 4.0 19.0 -9.6
69.0 4.0 19.0 -9.6
69.0 4.0 19.0 -9.6
69.0 4.0 19.0 -9.6
69.0 4.0 19.0 -9.6
69.0 4.0 19.0 -9.6
69.0 4.0 19.0 -9.6
69.0 4.0 19.0 -9.6
69.0 4.0 19.0 -9.6
69.0 4.0 19.0 -9.6
69.0 4.0 19.0 -9.6
69.0 4.0 19.0 -9.6
69.0 4.0 19.0 -9.6
69.0 4.0 19.0 -9.6
69.0 4.0 19.0 -9.6
69.0 4.0 19.0 -9.6
69.0 4.0 19.0 -9.6
69.0 4.0 19.0 -9.6
69.0 4.0 19.0 -9.6
69.0 4.0 19.0 -9.6
69.0 4.0 19.0 -9.6
69.0 4.0 19.0 -9.6
69.0 4.0 19.0 -9.6
69.0 4.0 19.0 -9.6
69.0 4.0 19.0 -9.6
69.0 4.0 19.0 -9.6
69.0 4.0 19.0 -9.6
69.0 4.0 19.0 -9.6
69.0 4.0 19.0 -9.6
69.0 4.0 19.0 -9.6
69.0 4.0 19.0 -9.6
69.0 4.0 19.0 -9.6
69.0 4.0 19.0 -9.6
69.0 4.0 19.0 -9.6
69.0 4.0 19.0 -9.6
69.0 4.0 19.0 -9.6
69.0 4.0 19.0 -9.6
69.0 4.0 19.0 -9.6
69.0 4.0 19.0 -9.6
69.0 4.0 19.0 -9.6
69.0 4.0 19.0 -9.6
69.0 4.0 19.0 -9.6
69.0 4.0 19.0 -9.6
69.0 4.0 19.0 -9.6
69.0 4.0 19.0 -9.6
69.0 4.0 19.0 -9.6
69.0 4.0 19.0 -9.6
69.0 4.0 19.0 -9.6
69.0 4.0 19.0 -9.6
69.0 4.0 19.0 -9.6
69.0 4.0 19.0 -9.6
69.0 4.0 19.0 -9.6
69.0 4.0 19.0 -9.6
69.0 4.0 19.0 -9.6
69.0 4.0 19.0 -9.6
69.0 4.0 19.0 -9.6
69.0 4.0 19.0 -9.6
69.0 4.0 19.0 -9.6
69.0 4.0 19.0 -9.6
69.0 4.0 19.0 -9.6
69.0 4.0 19.0 -9.6
69.0 4.0 19.0 -9.6
69.0 4.0 19.0 -9.6
69.0 4.0 19.0 -9.6
69.0 4.0 19.0 -9.6
69.0 4.0 19.0 -9.6
69.0 4.0 19.0 -9.6
69.0 4.0 19.0 -9.6
69.0 4.0 19.0 -9.6
69.0 4.0 19.0 -9.6
69.0 4.0 19.0 -9.6
69.0 4.0 19.0 -9.6
69.0 4.0 19.0 -9.6
69.0 4.0 19.0 -9.6
69.0 4.0 19.0 -9.6
69.0 4.0 19.0 -9.6
69.0 4.0 19.0 -9.6
69.0 4.0 19.0 -9.6
69.0 4.0 19.0 -9.6
69.0 4.0 19.0 -9.6
69.0 4.0 19.0 -9.6
69.0 4.0 19.0 -9.6
69.0 4.0 19.0 -9.6
69.0 4.0 19.0 -9.6
69.0 4.0 19.0 -9.6
69.0 4.0 19.0 -9.6
69.0 4.0 19.0 -9.6
69.0 4.0 19.0 -9.6
69.0 4.0 19.0 -9.6
69.0 4.0 19.0 -9.6
69.0 4.0 19.0 -9.6
69.0 4.0 19.0 -9.6
69.0 4.0 19.0 -9.6
69.0 4.0 19.0 -9.6
69.0 4.0 19.0 -9.6
69.0 4.0 19.0 -9.6
69.0 4.0 19.0 -9.6
69.0 4.0 19.0 -9.6
69.0 4.0 19.0 -9.6
69.0 4.0 19.0 -9.6
69.0 4.0 19.0 -9.6
69.0 4.0 19.0 -9.6
69.0 4.0 19.0 -9.6
69.0 4.0 19.0 -9.6
69.0 4.0 19.0 -9.6
69.0 4.0 19.0 -9.6
69.0 4.0 19.0 -9.6
69.0 4.0 19.0 -9.6
69.0 4.0 19.0 -9.6
69.0 4.0 19.0 -9.6
69.0 4.0 19.0 -9.6
69.0 4.0 19.0 -9.6
69.0 4.0 19.0 -9.6
69.0 4.0 19.0 -9.6
69.0 4.0 19.0 -9.6
69.0 4.0 19.0 -9.6
69.0 4.0 19.0 -9.6
69.0 4.0 19.0 -9.6
69.0 4.0 19.0 -9.6
69.0 4.0 19.0 -9.6
69.0 4.0 19.0 -9.6
69.0 4.0 19.0 -9.6
69.0 4.0 19.0 -9.6
69.0 4.0 19.0 -9.6
69.0 4.0 19.0 -9.6
69.0 4.0 19.0 -9.6
69.0 4.0 19.0 -9.6
69.0 4.0 19.0 -9.6
69.0 4.0 19.0 -9.6
69.0 4.0 19.0 -9.6
69.0 4.0 19.0 -9.6
69.0 4.0 19.0 -9.6
69.0 4.0 19.0 -9.6
69.0 4.0 19.0 -9.6
69.0 4.0 19.0 -9.6
69.0 4.0 19.0 -9.6
69.0 4.0 19.0 -9.6
69.0 4.0 19.0 -9.6
69.0 4.0 19.0 -9.6
73.0 4.0 19.0 -10.8
73.0 4.0 19.0 -10.8
73.0 4.0 19.0 -10.8
73.0 4.0 19.0 -10.8
73.0 4.0 19.0 -10.8
73.0 4.0 19.0 -10.8
73.0 4.0 19.0 -10.8
73.0 4.0 19.0 -10.8
73.0 4.0 19.0 -10.8
73.0 4.0 19.0 -10.8
73.0 4.0 19.0 -10.8
73.0 4.0 19.0 -10.8
73.0 4.0 19.0 -10.8
73.3 4.0 19.0 -10.8
73.3 4.0 19.0 -10.8
73.3 4.0 19.0 -10.8
73.3 4.0 19.0 -10.8
73.3 4.0 19.0 -10.8
73.3 4.0 19.0 -10.8
73.3 4.0 19.0 -10.8
73.3 4.0 19.0 -10.8
73.3 4.0 19.0 -10.8
73.3 4.0 19.0 -10.8
73.3 4.0 19.0 -10.8
73.3 4.0 19.0 -10.8
73.3 4.0 19.0 -10.8
73.3 4.0 19.0 -10.8
73.3 4.0 19.0 -10.8
73.3 4.0 19.0 -10.8
73.3 4.0 19.0 -10.8
73.8 5.0 28.0 -12.0
74.8 5.0 22.0 -12.0
75.3 6.0 31.0 -13.2
75.8 5.0 20.0 -12.0
76.6 4.0 19.0 -10.8
76.6 4.0 19.0 -10.8
76.6 4.0 19.0 -10.8
76.6 4.0 19.0 -10.8
77.3 4.0 19.0 -12.0
77.3 4.0 19.0 -12.0
77.3 4.0 19.0 -12.0
77.3 4.0 19.0 -12.0
77.3 4.0 19.0 -12.0
77.3 4.0 19.0 -12.0
77.3 4.0 19.0 -12.0
77.3 4.0 19.0 -12.0
77.3 4.0 19.0 -12.0
77.3 4.0 19.0 -12.0
77.3 4.0 19.0 -12.0
77.3 4.0 19.0 -12.0
77.3 4.0 19.0 -12.0
77.3 4.0 19.0 -12.0
77.3 4.0 19.0 -12.0
77.3 4.0 19.0 -12.0
77.3 4.0 19.0 -12.0
77.3 4.0 19.0 -12.0
77.3 4.0 19.0 -12.0
77.3 4.0 19.0 -12.0
77.3 4.0 19.0 -12.0
77.3 4.0 19.0 -12.0
77.3 4.0 19.0 -12.0
77.3 4.0 19.0 -12.0
77.3 4.0 19.0 -12.0
77.3 4.0 19.0 -12.0
77.3 4.0 19.0 -12.0
77.3 4.0 19.0 -12.0
77.3 4.0 19.0 -12.0
77.3 4.0 19.0 -12.0
77.3 4.0 19.0 -12.0
77.3 4.0 19.0 -12.0
77.3 4.0 19.0 -12.0
77.3 4.0 19.0 -12.0
77.3 4.0 19.0 -12.0
77.3 4.0 19.0 -12.0
77.3 4.0 19.0 -12.0
77.3 4.0 19.0 -12.0
77.3 4.0 19.0 -12.0
77.3 4.0 19.0 -12.0
77.3 4.0 19.0 -12.0
77.3 4.0 19.0 -12.0
77.3 4.0 19.0 -12.0
77.3 4.0 19.0 -12.0
77.3 4.0 19.0 -12.0
77.3 4.0 19.0 -12.0
77.3 4.0 19.0 -12.0
77.3 4.0 19.0 -12.0
77.3 4.0 19.0 -12.0
77.3 4.0 19.0 -12.0
77.3 4.0 19.0 -12.0
77.3 4.0 19.0 -12.0
77.3 4.0 19.0 -12.0
77.3 4.0 19.0 -12.0
77.3 4.0 19.0 -12.0
77.3 4.0 19.0 -12.0
77.3 4.0 19.0 -12.0
77.3 4.0 19.0 -12.0
77.3 4.0 19.0 -12.0
77.3 4.0 19.0 -12.0
77.3 4.0 19.0 -12.0
77.3 4.0 19.0 -12.0
77.3 4.0 19.0 -12.0
77.3 4.0 19.0 -12.0
77.3 4.0 19.0 -12.0
77.3 4.0 19.0 -12.0
77.3 4.0 19.0 -12.0
77.3 4.0 19.0 -12.0
77.3 4.0 19.0 -12.0
77.3 4.0 19.0 -12.0
77.3 4.0 19.0 -12.0
77.3 4.0 19.0 -12.0
77.3 4.0 19.0 -12.0
77.3 4.0 19.0 -12.0
77.3 4.0 19.0 -12.0
77.3 4.0 19.0 -12.0
77.3 4.0 19.0 -12.0
77.3 4.0 19.0 -12.0
77.3 4.0 19.0 -12.0
77.3 4.0 19.0 -12.0
77.3 4.0 19.0 -12.0
77.3 4.0 19.0 -12.0
77.3 4.0 19.0 -12.0
77.3 4.0 19.0 -12.0
77.3 4.0 19.0 -12.0
77.3 4.0 19.0 -12.0
77.3 4.0 19.0 -12.0
77.3 4.0 19.0 -12.0
77.3 4.0 19.0 -12.0
77.3 4.0 19.0 -12.0
77.3 4.0 19.0 -12.0
77.3 4.0 19.0 -12.0
77.3 4.0 19.0 -12.0
77.3 4.0 19.0 -12.0
77.3 4.0 19.0 -12.0
77.3 4.0 19.0 -12.0
77.3 4.0 19.0 -12.0
77.3 4.0 19.0 -12.0
77.3 4.0 19.0 -12.0
77.3 4.0 19.0 -12.0
77.3 4.0 19.0 -12.0
77.3 4.0 19.0 -12.0
77.3 4.0 19.0 -12.0
77.3 4.0 19.0 -12.0
77.3 4.0 19.0 -12.0
77.3 4.0 19.0 -12.0
77.3 4.0 19.0 -12.0
77.3 4.0 19.0 -12.0
77.3 4.0 19.0 -12.0
77.3 4.0 19.0 -12.0
77.3 4.0 19.0 -12.0
77.3 4.0 19.0 -12.0
77.3 4.0 19.0 -12.0
77.3 4.0 19.0 -12.0
77.3 4.0 19.0 -12.0
77.3 4.0 19.0 -12.0
77.3 4.0 19.0 -12.0
77.3 4.0 19.0 -12.0
77.3 4.0 19.0 -12.0
77.3 4.0 19.0 -12.0
77.3 4.0 19.0 -12.0
77.3 4.0 19.0 -12.0
77.3 4.0 19.0 -12.0
77.3 4.0 19.0 -12.0
77.3 4.0 19.0 -12.0
77.3 4.0 19.0 -12.0
77.3 4.0 19.0 -12.0
77.3 4.0 19.0 -12.0
77.3 4.0 19.0 -12.0
77.3 4.0 19.0 -12.0
77.3 4.0 19.0 -12.0
77.3 4.0 19.0 -12.0
77.3 4.0 19.0 -12.0
77.3 4.0 19.0 -12.0
77.3 4.0 19.0 -12.0
77.3 4.0 19.0 -12.0
77.3 4.0 19.0 -12.0
77.3 4.0 19.0 -12.0
77.3 4.0 19.0 -12.0
77.3 4.0 19.0 -12.0
77.3 4.0 19.0 -12.0
77.3 4.0 19.0 -12.0
77.3 4.0 19.0 -12.0
77.3 4.0 19.0 -12.0
77.3 4.0 19.0 -12.0
77.3 4.0 19.0 -12.0
77.3 4.0 19.0 -12.0
77.3 4.0 19.0 -12.0
77.3 4.0 19.0 -12.0
77.3 4.0 19.0 -12.0
77.3 4.0 19.0 -12.0
77.3 4.0 19.0 -12.0
77.3 4.0 19.0 -12.0
77.3 4.0 19.0 -12.0
77.3 4.0 19.0 -12.0
77.3 4.0 19.0 -12.0
77.3 4.0 19.0 -12.0
77.3 4.0 19.0 -12.0
77.3 4.0 19.0 -12.0
77.3 4.0 19.0 -12.0
77.3 4.0 19.0 -12.0
77.3 4.0 19.0 -12.0
77.3 4.0 19.0 -12.0
77.3 4.0 19.0 -12.0
77.3 4.0 19.0 -12.0
77.3 4.0 19.0 -12.0
77.3 4.0 19.0 -12.0
77.3 4.0 19.0 -12.0
78.0 4.0 19.0 -10.8
78.0 4.0 19.0 -10.8
78.0 4.0 19.0 -10.8
79.2 5.0 24.0 -10.8
79.4 5.0 20.0 -12.0
79.5 4.0 19.0 -10.8
79.5 4.0 19.0 -10.8
79.5 4.0 19.0 -10.8
79.6 4.0 19.0 -12.0
79.6 4.0 19.0 -12.0
79.6 4.0 19.0 -12.0
80.6 4.0 19.0 -12.0
80.6 4.0 19.0 -12.0
80.6 4.0 19.0 -12.0
80.6 4.0 19.0 -12.0
80.9 4.0 19.0 -12.0
80.9 4.0 19.0 -12.0
80.9 4.0 19.0 -12.0
82.0 4.0 19.0 -12.0
82.0 4.0 19.0 -12.0
82.0 4.0 19.0 -12.0
82.0 4.0 19.0 -12.0
82.0 4.0 19.0 -12.0
82.3 4.0 19.0 -12.0
82.3 4.0 19.0 -12.0
82.3 4.0 19.0 -12.0
82.4 5.0 22.0 -13.2
82.9 4.0 19.0 -10.8
83.2 5.0 24.0 -12.0
83.4 5.0 20.0 -13.2
83.5 4.0 19.0 -12.0
83.5 4.0 19.0 -12.0
83.5 4.0 19.0 -12.0
83.5 4.0 19.0 -12.0
83.6 4.0 19.0 -13.2
83.6 4.0 19.0 -13.2
83.6 4.0 19.0 -13.2
83.6 4.0 19.0 -13.2
83.6 4.0 19.0 -13.2
83.6 4.0 19.0 -13.2
83.6 4.0 19.0 -13.2
83.6 4.0 19.0 -13.2
83.6 4.0 19.0 -13.2
83.8 4.0 19.0 -12.0
83.8 4.0 19.0 -10.8
83.8 4.0 19.0 -12.0
83.8 4.0 19.0 -12.0
83.9 4.0 19.0 -13.2
83.9 4.0 19.0 -13.2
83.9 4.0 19.0 -13.2
83.9 4.0 19.0 -13.2
83.9 4.0 19.0 -13.2
83.9 4.0 19.0 -13.2
83.9 4.0 19.0 -13.2
83.9 4.0 19.0 -13.2
83.9 4.0 19.0 -13.2
83.9 4.0 19.0 -13.2
83.9 4.0 19.0 -13.2
84.8 5.0 20.0 -13.2
84.9 4.0 19.0 -13.2
84.9 4.0 19.0 -13.2
84.9 4.0 19.0 -13.2
84.9 4.0 19.0 -13.2
84.9 4.0 19.0 -13.2
84.9 4.0 19.0 -13.2
84.9 4.0 19.0 -13.2
84.9 4.0 19.0 -13.2
84.9 4.0 19.0 -13.2
84.9 4.0 19.0 -13.2
84.9 4.0 19.0 -13.2
84.9 4.0 19.0 -13.2
84.9 4.0 19.0 -13.2
84.9 4.0 19.0 -13.2
84.9 4.0 19.0 -13.2
84.9 4.0 19.0 -13.2
84.9 4.0 19.0 -13.2
84.9 4.0 19.0 -13.2
84.9 4.0 19.0 -13.2
84.9 4.0 19.0 -13.2
84.9 4.0 19.0 -13.2
84.9 4.0 19.0 -13.2
84.9 4.0 19.0 -13.2
84.9 4.0 19.0 -13.2
84.9 4.0 19.0 -13.2
84.9 4.0 19.0 -13.2
84.9 4.0 19.0 -13.2
84.9 4.0 19.0 -13.2
84.9 4.0 19.0 -13.2
84.9 4.0 19.0 -13.2
84.9 4.0 19.0 -13.2
85.6 4.0 19.0 -12.0
86.3 4.0 19.0 -13.2
86.3 4.0 19.0 -13.2
86.3 4.0 19.0 -13.2
86.4 5.0 22.0 -14.4
86.4 5.0 20.0 -14.4
86.4 5.0 20.0 -14.4
86.4 5.0 20.0 -14.4
86.4 5.0 22.0 -14.4
86.7 5.0 20.0 -14.4
86.7 5.0 20.0 -14.4
86.9 4.0 19.0 -12.0
86.9 4.0 19.0 -12.0
87.1 6.0 32.0 -14.4
87.1 4.0 19.0 -12.0
87.2 4.0 19.0 -13.2
87.2 4.0 19.0 -12.0
87.8 4.0 19.0 -13.2
87.9 4.0 19.0 -14.4
87.9 4.0 19.0 -14.4
87.9 4.0 19.0 -14.4
87.9 4.0 19.0 -14.4
87.9 4.0 19.0 -14.4
87.9 4.0 19.0 -14.4
87.9 4.0 19.0 -14.4
87.9 4.0 19.0 -14.4
87.9 4.0 19.0 -14.4
87.9 4.0 19.0 -14.4
87.9 4.0 19.0 -14.4
87.9 4.0 19.0 -14.4
87.9 4.0 19.0 -14.4
87.9 4.0 19.0 -14.4
87.9 4.0 19.0 -14.4
87.9 4.0 19.0 -14.4
87.9 4.0 19.0 -14.4
87.9 4.0 19.0 -14.4
87.9 4.0 19.0 -14.4
87.9 4.0 19.0 -14.4
87.9 4.0 19.0 -14.4
87.9 4.0 19.0 -14.4
87.9 4.0 19.0 -14.4
87.9 4.0 19.0 -14.4
87.9 4.0 19.0 -14.4
87.9 4.0 19.0 -14.4
87.9 4.0 19.0 -14.4
87.9 4.0 19.0 -14.4
87.9 4.0 19.0 -14.4
87.9 4.0 19.0 -14.4
87.9 4.0 19.0 -14.4
87.9 4.0 19.0 -14.4
87.9 4.0 19.0 -14.4
87.9 4.0 19.0 -14.4
87.9 4.0 19.0 -14.4
87.9 4.0 19.0 -14.4
87.9 4.0 19.0 -14.4
87.9 4.0 19.0 -14.4
87.9 4.0 19.0 -14.4
87.9 4.0 19.0 -14.4
87.9 4.0 19.0 -14.4
87.9 4.0 19.0 -14.4
87.9 4.0 19.0 -14.4
87.9 4.0 19.0 -14.4
87.9 4.0 19.0 -14.4
87.9 4.0 19.0 -14.4
87.9 4.0 19.0 -14.4
87.9 4.0 19.0 -14.4
87.9 4.0 19.0 -14.4
87.9 4.0 19.0 -14.4
87.9 4.0 19.0 -14.4
87.9 4.0 19.0 -14.4
87.9 4.0 19.0 -14.4
87.9 4.0 19.0 -14.4
87.9 4.0 19.0 -14.4
87.9 4.0 19.0 -14.4
87.9 4.0 19.0 -14.4
87.9 4.0 19.0 -14.4
87.9 4.0 19.0 -14.4
87.9 4.0 19.0 -14.4
87.9 4.0 19.0 -14.4
87.9 4.0 19.0 -14.4
87.9 4.0 19.0 -14.4
87.9 4.0 19.0 -14.4
87.9 4.0 19.0 -14.4
87.9 4.0 19.0 -14.4
87.9 4.0 19.0 -14.4
87.9 4.0 19.0 -14.4
87.9 4.0 19.0 -14.4
87.9 4.0 19.0 -14.4
87.9 4.0 19.0 -14.4
87.9 4.0 19.0 -14.4
87.9 4.0 19.0 -14.4
87.9 4.0 19.0 -14.4
87.9 4.0 19.0 -14.4
87.9 4.0 19.0 -14.4
87.9 4.0 19.0 -14.4
87.9 4.0 19.0 -14.4
87.9 4.0 19.0 -14.4
87.9 4.0 19.0 -14.4
87.9 4.0 19.0 -14.4
87.9 4.0 19.0 -14.4
87.9 4.0 19.0 -14.4
87.9 4.0 19.0 -14.4
87.9 4.0 19.0 -14.4
87.9 4.0 19.0 -14.4
87.9 4.0 19.0 -14.4
87.9 4.0 19.0 -14.4
87.9 4.0 19.0 -14.4
87.9 4.0 19.0 -14.4
87.9 4.0 19.0 -14.4
87.9 4.0 19.0 -14.4
87.9 4.0 19.0 -14.4
87.9 4.0 19.0 -14.4
87.9 4.0 19.0 -14.4
87.9 4.0 19.0 -14.4
87.9 4.0 19.0 -14.4
87.9 4.0 19.0 -14.4
87.9 4.0 19.0 -14.4
87.9 4.0 19.0 -14.4
87.9 4.0 19.0 -14.4
87.9 4.0 19.0 -14.4
87.9 4.0 19.0 -14.4
87.9 4.0 19.0 -14.4
87.9 4.0 19.0 -14.4
87.9 4.0 19.0 -14.4
87.9 4.0 19.0 -14.4
87.9 4.0 19.0 -14.4
87.9 4.0 19.0 -14.4
87.9 4.0 19.0 -14.4
87.9 4.0 19.0 -14.4
87.9 4.0 19.0 -14.4
87.9 4.0 19.0 -14.4
87.9 4.0 19.0 -14.4
87.9 4.0 19.0 -14.4
87.9 4.0 19.0 -14.4
87.9 4.0 19.0 -14.4
87.9 4.0 19.0 -14.4
87.9 4.0 19.0 -14.4
87.9 4.0 19.0 -14.4
87.9 4.0 19.0 -14.4
87.9 4.0 19.0 -14.4
87.9 4.0 19.0 -14.4
87.9 4.0 19.0 -14.4
87.9 4.0 19.0 -14.4
87.9 4.0 19.0 -14.4
87.9 4.0 19.0 -14.4
87.9 4.0 19.0 -14.4
87.9 4.0 19.0 -14.4
87.9 4.0 19.0 -14.4
87.9 4.0 19.0 -14.4
87.9 4.0 19.0 -14.4
87.9 4.0 19.0 -14.4
87.9 4.0 19.0 -14.4
87.9 4.0 19.0 -14.4
87.9 4.0 19.0 -14.4
87.9 4.0 19.0 -14.4
87.9 4.0 19.0 -14.4
87.9 4.0 19.0 -14.4
87.9 4.0 19.0 -14.4
87.9 4.0 19.0 -14.4
87.9 4.0 19.0 -14.4
87.9 4.0 19.0 -14.4
87.9 4.0 19.0 -14.4
87.9 4.0 19.0 -14.4
87.9 4.0 19.0 -14.4
87.9 4.0 19.0 -14.4
87.9 4.0 19.0 -14.4
87.9 4.0 19.0 -14.4
87.9 4.0 19.0 -14.4
87.9 4.0 19.0 -14.4
87.9 4.0 19.0 -14.4
87.9 4.0 19.0 -14.4
87.9 4.0 19.0 -14.4
88.7 5.0 28.0 -15.6
88.7 4.0 19.0 -10.8
89.1 5.0 20.0 -14.4
89.1 5.0 20.0 -14.4
89.6 4.0 19.0 -13.2
89.9 4.0 19.0 -13.2
90.1 4.0 19.0 -13.2
90.1 4.0 19.0 -13.2
90.2 4.0 19.0 -12.0
90.2 4.0 19.0 -12.0
90.5 4.0 19.0 -12.0
90.5 4.0 19.0 -12.0
90.5 4.0 19.0 -12.0
90.7 5.0 20.0 -15.6
90.7 5.0 20.0 -15.6
90.7 5.0 20.0 -15.6
90.7 5.0 20.0 -15.6
90.7 5.0 20.0 -15.6
91.1 4.0 19.0 -13.2
91.1 4.0 19.0 -13.2
91.1 4.0 19.0 -13.2
91.2 4.0 19.0 -14.4
91.2 4.0 19.0 -14.4
91.2 4.0 19.0 -13.2
91.2 4.0 19.0 -14.4
91.2 4.0 19.0 -14.4
91.2 4.0 19.0 -14.4
91.2 4.0 19.0 -14.4
91.2 4.0 19.0 -14.4
91.2 4.0 19.0 -14.4
91.2 4.0 19.0 -14.4
91.2 4.0 19.0 -14.4
91.2 4.0 19.0 -14.4
91.4 4.0 19.0 -12.0
91.4 4.0 19.0 -12.0
91.5 4.0 19.0 -14.4
91.5 4.0 19.0 -14.4
91.5 4.0 19.0 -14.4
91.5 4.0 19.0 -14.4
91.5 6.0 29.0 -16.8
91.5 4.0 19.0 -14.4
92.1 4.0 19.0 -13.2
92.3 5.0 28.0 -15.6
92.6 5.0 22.0 -14.4
92.7 4.0 19.0 -12.0
92.8 4.0 19.0 -13.2
92.8 4.0 19.0 -13.2
93.8 4.0 19.0 -12.0
93.9 4.0 19.0 -14.4
93.9 5.0 20.0 -14.4
93.9 4.0 19.0 -14.4
93.9 4.0 19.0 -14.4
93.9 4.0 19.0 -14.4
94.1 4.0 19.0 -14.4
94.1 4.0 19.0 -14.4
94.3 5.0 20.0 -15.6
94.3 5.0 20.0 -15.6
94.4 4.0 19.0 -14.4
94.4 4.0 19.0 -12.0
94.4 4.0 19.0 -14.4
94.5 5.0 27.0 -12.0
94.5 4.0 19.0 -13.2
94.8 4.0 19.0 -13.2
94.8 4.0 19.0 -13.2
95.4 4.0 19.0 -14.4
95.4 4.0 19.0 -14.4
95.4 4.0 19.0 -13.2
95.4 4.0 19.0 -14.4
95.4 4.0 19.0 -13.2
95.5 4.0 19.0 -15.6
95.5 4.0 19.0 -15.6
95.5 4.0 19.0 -15.6
95.5 4.0 19.0 -15.6
95.5 4.0 19.0 -15.6
95.5 4.0 19.0 -15.6
95.5 4.0 19.0 -15.6
95.5 4.0 19.0 -15.6
95.5 4.0 19.0 -15.6
95.5 4.0 19.0 -15.6
95.5 4.0 19.0 -15.6
95.5 4.0 19.0 -15.6
95.5 4.0 19.0 -15.6
95.5 4.0 19.0 -15.6
95.5 4.0 19.0 -15.6
95.5 4.0 19.0 -15.6
95.5 4.0 19.0 -15.6
95.5 4.0 19.0 -15.6
95.5 4.0 19.0 -15.6
95.5 4.0 19.0 -15.6
95.5 4.0 19.0 -15.6
95.5 4.0 19.0 -15.6
95.5 4.0 19.0 -15.6
95.5 4.0 19.0 -15.6
95.5 4.0 19.0 -15.6
95.5 4.0 19.0 -15.6
95.5 4.0 19.0 -15.6
95.5 4.0 19.0 -15.6
95.5 4.0 19.0 -15.6
95.5 4.0 19.0 -15.6
95.5 4.0 19.0 -15.6
95.5 4.0 19.0 -15.6
95.5 4.0 19.0 -15.6
95.5 4.0 19.0 -15.6
95.5 4.0 19.0 -15.6
95.5 4.0 19.0 -15.6
95.5 4.0 19.0 -15.6
95.5 4.0 19.0 -15.6
95.5 4.0 19.0 -15.6
95.5 4.0 19.0 -15.6
95.5 4.0 19.0 -15.6
95.5 4.0 19.0 -15.6
95.5 4.0 19.0 -15.6
95.5 4.0 19.0 -15.6
95.5 4.0 19.0 -15.6
95.5 4.0 19.0 -15.6
95.5 4.0 19.0 -15.6
95.5 4.0 19.0 -15.6
95.5 4.0 19.0 -15.6
95.5 4.0 19.0 -15.6
95.5 4.0 19.0 -15.6
95.5 4.0 19.0 -15.6
95.5 4.0 19.0 -15.6
95.5 4.0 19.0 -15.6
95.5 4.0 19.0 -15.6
95.5 4.0 19.0 -15.6
95.5 4.0 19.0 -15.6
95.5 4.0 19.0 -15.6
95.5 4.0 19.0 -15.6
95.5 4.0 19.0 -15.6
95.5 4.0 19.0 -15.6
95.5 4.0 19.0 -15.6
95.5 4.0 19.0 -15.6
95.5 4.0 19.0 -15.6
95.5 4.0 19.0 -15.6
95.5 4.0 19.0 -15.6
95.5 4.0 19.0 -15.6
95.5 4.0 19.0 -15.6
95.5 4.0 19.0 -15.6
95.5 4.0 19.0 -15.6
95.5 4.0 19.0 -15.6
95.5 4.0 19.0 -15.6
95.5 4.0 19.0 -15.6
95.5 4.0 19.0 -15.6
95.5 4.0 19.0 -15.6
95.5 4.0 19.0 -15.6
95.5 4.0 19.0 -15.6
95.5 4.0 19.0 -15.6
95.5 4.0 19.0 -15.6
95.5 4.0 19.0 -15.6
95.5 4.0 19.0 -15.6
95.5 4.0 19.0 -15.6
95.5 4.0 19.0 -15.6
95.5 4.0 19.0 -15.6
95.5 4.0 19.0 -15.6
95.5 4.0 19.0 -15.6
95.5 4.0 19.0 -15.6
95.5 4.0 19.0 -15.6
95.5 4.0 19.0 -15.6
95.5 4.0 19.0 -15.6
95.5 4.0 19.0 -15.6
95.5 4.0 19.0 -15.6
95.5 4.0 19.0 -15.6
95.5 4.0 19.0 -15.6
95.5 4.0 19.0 -15.6
95.5 4.0 19.0 -15.6
95.5 4.0 19.0 -15.6
95.5 4.0 19.0 -15.6
95.5 4.0 19.0 -15.6
95.5 4.0 19.0 -15.6
95.5 4.0 19.0 -15.6
95.5 4.0 19.0 -15.6
95.5 4.0 19.0 -15.6
95.5 4.0 19.0 -15.6
95.5 4.0 19.0 -15.6
95.5 4.0 19.0 -15.6
95.5 4.0 19.0 -15.6
95.5 4.0 19.0 -15.6
95.5 4.0 19.0 -15.6
95.5 4.0 19.0 -15.6
95.5 4.0 19.0 -15.6
95.5 4.0 19.0 -15.6
95.5 4.0 19.0 -15.6
95.5 4.0 19.0 -15.6
95.5 4.0 19.0 -15.6
95.5 4.0 19.0 -15.6
95.5 4.0 19.0 -15.6
95.5 4.0 19.0 -15.6
95.5 4.0 19.0 -15.6
95.5 4.0 19.0 -15.6
95.5 4.0 19.0 -15.6
95.5 4.0 19.0 -15.6
95.5 4.0 19.0 -15.6
95.5 4.0 19.0 -15.6
95.5 4.0 19.0 -15.6
95.5 4.0 19.0 -15.6
95.5 4.0 19.0 -15.6
95.5 4.0 19.0 -15.6
95.5 4.0 19.0 -15.6
95.5 4.0 19.0 -15.6
95.5 4.0 19.0 -15.6
95.5 4.0 19.0 -15.6
95.5 4.0 19.0 -15.6
95.5 4.0 19.0 -15.6
95.5 4.0 19.0 -15.6
95.5 4.0 19.0 -15.6
95.5 4.0 19.0 -15.6
95.5 4.0 19.0 -15.6
95.5 4.0 19.0 -15.6
95.5 4.0 19.0 -15.6
95.5 4.0 19.0 -15.6
95.5 4.0 19.0 -15.6
95.5 4.0 19.0 -15.6
95.5 4.0 19.0 -15.6
95.5 4.0 19.0 -15.6
95.5 4.0 19.0 -15.6
95.5 4.0 19.0 -15.6
95.5 4.0 19.0 -15.6
95.5 4.0 19.0 -15.6
95.5 4.0 19.0 -15.6
95.5 4.0 19.0 -15.6
95.5 4.0 19.0 -15.6
95.5 4.0 19.0 -15.6
95.5 4.0 19.0 -15.6
95.5 4.0 19.0 -15.6
95.5 4.0 19.0 -15.6
95.5 4.0 19.0 -15.6
95.5 4.0 19.0 -15.6
95.5 4.0 19.0 -15.6
95.5 4.0 19.0 -15.6
95.5 4.0 19.0 -15.6
95.5 4.0 19.0 -15.6
95.5 4.0 19.0 -15.6
95.5 4.0 19.0 -15.6
95.5 4.0 19.0 -15.6
95.5 4.0 19.0 -15.6
95.5 4.0 19.0 -15.6
95.5 4.0 19.0 -15.6
95.5 4.0 19.0 -15.6
95.5 4.0 19.0 -15.6
95.5 4.0 19.0 -15.6
95.5 4.0 19.0 -15.6
95.5 4.0 19.0 -15.6
95.5 4.0 19.0 -15.6
95.5 4.0 19.0 -15.6
95.5 4.0 19.0 -15.6
95.5 4.0 19.0 -15.6
95.5 4.0 19.0 -15.6
95.5 4.0 19.0 -15.6
95.5 4.0 19.0 -15.6
95.5 4.0 19.0 -15.6
95.5 4.0 19.0 -15.6
95.5 4.0 19.0 -15.6
95.5 4.0 19.0 -15.6
95.5 4.0 19.0 -15.6
95.5 4.0 19.0 -15.6
95.5 4.0 19.0 -15.6
96.7 5.0 20.0 -15.6
96.7 5.0 20.0 -15.6
96.8 4.0 19.0 -14.4
97.0 5.0 22.0 -16.8
97.0 5.0 22.0 -16.8
97.0 5.0 22.0 -16.8
97.0 4.0 19.0 -13.2
97.2 5.0 20.0 -15.6
97.7 4.0 19.0 -12.0
97.7 4.0 19.0 -13.2
97.7 4.0 19.0 -13.2
97.8 4.0 19.0 -14.4
98.3 5.0 20.0 -16.8
98.3 5.0 20.0 -16.8
98.3 5.0 20.0 -16.8
98.3 5.0 20.0 -16.8
98.3 5.0 20.0 -16.8
98.4 4.0 19.0 -15.6
98.4 4.0 19.0 -15.6
98.4 4.0 19.0 -15.6
98.4 4.0 19.0 -15.6
98.4 4.0 19.0 -15.6
98.8 4.0 19.0 -14.4
98.8 4.0 19.0 -14.4
99.1 6.0 29.0 -18.0
99.2 5.0 22.0 -15.6
100.1 4.0 19.0 -14.4
100.1 4.0 19.0 -12.0
100.1 4.0 19.0 -14.4
100.1 4.0 19.0 -14.4
100.1 4.0 19.0 -14.4
100.1 4.0 19.0 -12.0
100.2 4.0 19.0 -14.4
100.3 4.0 19.0 -13.2
100.8 5.0 26.0 -14.4
100.8 4.0 19.0 -14.4
100.8 4.0 19.0 -14.4
101.0 5.0 22.0 -14.4
101.0 4.0 19.0 -12.0
101.0 4.0 19.0 -13.2
101.1 4.0 19.0 -14.4
101.2 5.0 20.0 -15.6
101.2 5.0 20.0 -16.8
101.2 5.0 20.0 -16.8
101.5 5.0 20.0 -15.6
101.7 4.0 19.0 -15.6
101.7 4.0 19.0 -15.6
101.7 4.0 19.0 -15.6
101.7 4.0 19.0 -15.6
101.7 4.0 19.0 -15.6
101.7 4.0 19.0 -15.6
101.8 4.0 19.0 -15.6
102.0 4.0 19.0 -15.6
102.0 4.0 19.0 -15.6
102.0 4.0 19.0 -15.6
102.1 5.0 20.0 -15.6
102.4 4.0 19.0 -13.2
102.5 6.0 30.0 -15.6
102.7 4.0 19.0 -14.4
102.7 4.0 19.0 -15.6
102.8 4.0 19.0 -13.2
103.1 4.0 19.0 -14.4
103.1 4.0 19.0 -14.4
103.4 4.0 19.0 -14.4
103.5 4.0 19.0 -13.2
103.5 4.0 19.0 -14.4
103.5 4.0 19.0 -14.4
103.6 5.0 20.0 -15.6
104.0 4.0 19.0 -14.4
104.4 4.0 19.0 -15.6
104.4 4.0 19.0 -14.4
104.7 4.0 19.0 -14.4
105.1 4.0 19.0 -15.6
105.1 4.0 19.0 -15.6
105.1 4.0 19.0 -15.6
105.1 4.0 19.0 -15.6
105.1 4.0 19.0 -15.6
105.1 4.0 19.0 -15.6
105.1 4.0 19.0 -15.6
105.2 5.0 26.0 -16.8
105.4 5.0 20.0 -15.6
105.4 4.0 19.0 -15.6
105.4 4.0 19.0 -15.6
105.4 4.0 19.0 -15.6
105.9 5.0 22.0 -16.8
106.0 4.0 19.0 -15.6
106.0 4.0 19.0 -16.8
106.0 4.0 19.0 -16.8
106.0 4.0 19.0 -16.8
106.0 4.0 19.0 -16.8
106.0 4.0 19.0 -16.8
106.0 4.0 19.0 -16.8
106.0 4.0 19.0 -16.8
106.0 4.0 19.0 -16.8
106.0 4.0 19.0 -16.8
106.0 4.0 19.0 -16.8
106.0 4.0 19.0 -16.8
106.0 4.0 19.0 -16.8
106.0 4.0 19.0 -16.8
106.0 4.0 19.0 -16.8
106.0 4.0 19.0 -16.8
106.0 4.0 19.0 -16.8
106.0 4.0 19.0 -16.8
106.0 4.0 19.0 -16.8
106.0 4.0 19.0 -16.8
106.0 4.0 19.0 -16.8
106.0 4.0 19.0 -16.8
106.0 4.0 19.0 -16.8
106.0 4.0 19.0 -16.8
106.0 4.0 19.0 -16.8
106.0 4.0 19.0 -16.8
106.0 4.0 19.0 -16.8
106.0 4.0 19.0 -16.8
106.0 4.0 19.0 -16.8
106.0 4.0 19.0 -16.8
106.0 4.0 19.0 -16.8
106.0 4.0 19.0 -16.8
106.0 4.0 19.0 -16.8
106.0 4.0 19.0 -16.8
106.0 4.0 19.0 -16.8
106.0 4.0 19.0 -16.8
106.0 4.0 19.0 -16.8
106.0 4.0 19.0 -16.8
106.0 4.0 19.0 -16.8
106.0 4.0 19.0 -16.8
106.0 4.0 19.0 -16.8
106.0 4.0 19.0 -16.8
106.0 4.0 19.0 -16.8
106.0 4.0 19.0 -16.8
106.0 4.0 19.0 -16.8
106.0 4.0 19.0 -16.8
106.0 4.0 19.0 -16.8
106.0 4.0 19.0 -16.8
106.0 4.0 19.0 -16.8
106.0 4.0 19.0 -16.8
106.0 4.0 19.0 -16.8
106.0 4.0 19.0 -16.8
106.0 4.0 19.0 -16.8
106.0 4.0 19.0 -16.8
106.0 4.0 19.0 -16.8
106.0 4.0 19.0 -16.8
106.0 4.0 19.0 -16.8
106.0 4.0 19.0 -16.8
106.0 4.0 19.0 -16.8
106.0 4.0 19.0 -16.8
106.0 4.0 19.0 -16.8
106.0 4.0 19.0 -16.8
106.0 4.0 19.0 -16.8
106.0 4.0 19.0 -16.8
106.0 4.0 19.0 -16.8
106.0 4.0 19.0 -16.8
106.0 4.0 19.0 -16.8
106.0 4.0 19.0 -16.8
106.0 4.0 19.0 -16.8
106.0 4.0 19.0 -16.8
106.0 4.0 19.0 -16.8
106.0 4.0 19.0 -16.8
106.0 4.0 19.0 -16.8
106.0 4.0 19.0 -16.8
106.0 4.0 19.0 -16.8
106.0 4.0 19.0 -16.8
106.0 4.0 19.0 -16.8
106.0 4.0 19.0 -16.8
106.0 4.0 19.0 -16.8
106.0 4.0 19.0 -16.8
106.0 4.0 19.0 -16.8
106.0 4.0 19.0 -16.8
106.0 4.0 19.0 -16.8
106.0 4.0 19.0 -16.8
106.0 4.0 19.0 -16.8
106.0 4.0 19.0 -16.8
106.0 4.0 19.0 -16.8
106.0 4.0 19.0 -16.8
106.0 4.0 19.0 -16.8
106.0 4.0 19.0 -16.8
106.0 4.0 19.0 -16.8
106.0 4.0 19.0 -16.8
106.0 4.0 19.0 -16.8
106.0 4.0 19.0 -16.8
106.0 4.0 19.0 -16.8
106.0 4.0 19.0 -16.8
106.0 4.0 19.0 -16.8
106.0 4.0 19.0 -16.8
106.0 4.0 19.0 -16.8
106.0 4.0 19.0 -16.8
106.0 4.0 19.0 -16.8
106.0 4.0 19.0 -16.8
106.0 4.0 19.0 -16.8
106.0 4.0 19.0 -16.8
106.0 4.0 19.0 -16.8
106.0 4.0 19.0 -16.8
106.0 4.0 19.0 -16.8
106.0 4.0 19.0 -16.8
106.0 4.0 19.0 -16.8
106.0 4.0 19.0 -16.8
106.0 4.0 19.0 -16.8
106.0 4.0 19.0 -16.8
106.0 4.0 19.0 -16.8
106.0 4.0 19.0 -16.8
106.0 4.0 19.0 -16.8
106.0 4.0 19.0 -16.8
106.0 4.0 19.0 -16.8
106.0 4.0 19.0 -16.8
106.0 4.0 19.0 -16.8
106.0 4.0 19.0 -16.8
106.0 4.0 19.0 -16.8
106.0 4.0 19.0 -16.8
106.0 4.0 19.0 -16.8
106.0 4.0 19.0 -16.8
106.0 4.0 19.0 -16.8
106.0 4.0 19.0 -16.8
106.0 4.0 19.0 -16.8
106.0 4.0 19.0 -16.8
106.0 4.0 19.0 -16.8
106.0 4.0 19.0 -16.8
106.0 4.0 19.0 -16.8
106.0 4.0 19.0 -16.8
106.0 4.0 19.0 -16.8
106.0 4.0 19.0 -16.8
106.0 4.0 19.0 -16.8
106.0 4.0 19.0 -16.8
106.0 4.0 19.0 -16.8
106.0 4.0 19.0 -16.8
106.0 4.0 19.0 -16.8
106.0 4.0 19.0 -16.8
106.0 4.0 19.0 -16.8
106.0 4.0 19.0 -16.8
106.0 4.0 19.0 -16.8
106.0 4.0 19.0 -16.8
106.0 4.0 19.0 -16.8
106.0 4.0 19.0 -16.8
106.0 4.0 19.0 -16.8
106.0 4.0 19.0 -16.8
106.0 4.0 19.0 -16.8
106.0 4.0 19.0 -16.8
106.0 4.0 19.0 -16.8
106.0 4.0 19.0 -16.8
106.0 4.0 19.0 -16.8
106.0 4.0 19.0 -16.8
106.0 4.0 19.0 -16.8
106.0 4.0 19.0 -16.8
106.0 4.0 19.0 -16.8
106.0 4.0 19.0 -16.8
106.0 4.0 19.0 -16.8
106.0 4.0 19.0 -16.8
106.0 4.0 19.0 -16.8
106.0 4.0 19.0 -16.8
106.0 4.0 19.0 -16.8
106.0 4.0 19.0 -16.8
106.0 4.0 19.0 -16.8
106.0 4.0 19.0 -16.8
106.0 4.0 19.0 -16.8
106.0 4.0 19.0 -16.8
106.0 4.0 19.0 -16.8
106.0 4.0 19.0 -16.8
106.0 4.0 19.0 -16.8
106.0 4.0 19.0 -16.8
106.0 4.0 19.0 -16.8
106.0 4.0 19.0 -16.8
106.0 4.0 19.0 -16.8
106.0 4.0 19.0 -16.8
106.0 4.0 19.0 -16.8
106.0 4.0 19.0 -16.8
106.0 4.0 19.0 -16.8
106.0 4.0 19.0 -16.8
106.0 4.0 19.0 -16.8
106.0 4.0 19.0 -16.8
106.0 4.0 19.0 -16.8
106.0 4.0 19.0 -16.8
106.0 4.0 19.0 -16.8
106.0 4.0 19.0 -16.8
106.0 4.0 19.0 -16.8
106.0 4.0 19.0 -16.8
106.0 4.0 19.0 -16.8
106.0 4.0 19.0 -16.8
106.0 4.0 19.0 -16.8
106.0 4.0 19.0 -16.8
106.0 4.0 19.0 -16.8
106.0 4.0 19.0 -16.8
106.0 4.0 19.0 -16.8
106.0 4.0 19.0 -16.8
106.0 4.0 19.0 -16.8
106.0 4.0 19.0 -16.8
106.0 4.0 19.0 -16.8
106.0 4.0 19.0 -16.8
106.0 4.0 19.0 -16.8
106.0 4.0 19.0 -16.8
106.0 4.0 19.0 -16.8
106.0 4.0 19.0 -16.8
106.0 4.0 19.0 -16.8
106.0 4.0 19.0 -16.8
106.0 4.0 19.0 -16.8
106.0 4.0 19.0 -16.8
106.0 4.0 19.0 -16.8
106.0 4.0 19.0 -16.8
106.0 4.0 19.0 -16.8
106.0 4.0 19.0 -16.8
106.0 4.0 19.0 -16.8
106.0 4.0 19.0 -16.8
106.0 4.0 19.0 -16.8
106.0 4.0 19.0 -16.8
106.0 4.0 19.0 -16.8
106.0 4.0 19.0 -16.8
106.0 4.0 19.0 -16.8
106.0 4.0 19.0 -16.8
106.0 4.0 19.0 -16.8
106.0 4.0 19.0 -16.8
106.0 4.0 19.0 -16.8
106.0 4.0 19.0 -16.8
106.0 4.0 19.0 -16.8
106.0 4.0 19.0 -16.8
106.0 4.0 19.0 -16.8
106.0 4.0 19.0 -16.8
106.0 4.0 19.0 -16.8
106.0 4.0 19.0 -16.8
106.0 4.0 19.0 -16.8
106.0 4.0 19.0 -16.8
106.0 4.0 19.0 -16.8
106.0 4.0 19.0 -16.8
106.0 4.0 19.0 -16.8
106.0 4.0 19.0 -16.8
106.0 4.0 19.0 -16.8
106.0 4.0 19.0 -16.8
106.0 4.0 19.0 -16.8
106.0 4.0 19.0 -16.8
106.0 4.0 19.0 -16.8
106.0 4.0 19.0 -16.8
106.0 4.0 19.0 -16.8
106.0 4.0 19.0 -16.8
106.0 4.0 19.0 -16.8
106.0 4.0 19.0 -16.8
106.0 4.0 19.0 -16.8
106.0 4.0 19.0 -16.8
106.0 4.0 19.0 -16.8
106.0 4.0 19.0 -16.8
106.0 4.0 19.0 -16.8
106.0 4.0 19.0 -16.8
106.0 4.0 19.0 -16.8
106.0 4.0 19.0 -16.8
106.0 4.0 19.0 -16.8
106.0 4.0 19.0 -16.8
106.0 4.0 19.0 -16.8
106.0 4.0 19.0 -16.8
106.0 4.0 19.0 -16.8
106.0 4.0 19.0 -16.8
106.0 4.0 19.0 -16.8
106.0 4.0 19.0 -16.8
106.0 4.0 19.0 -16.8
106.0 4.0 19.0 -16.8
106.0 4.0 19.0 -16.8
106.0 4.0 19.0 -16.8
106.0 4.0 19.0 -16.8
106.0 4.0 19.0 -16.8
106.0 4.0 19.0 -16.8
106.0 4.0 19.0 -16.8
106.0 4.0 19.0 -16.8
106.0 4.0 19.0 -16.8
106.0 4.0 19.0 -16.8
106.0 4.0 19.0 -16.8
106.0 4.0 19.0 -16.8
106.0 4.0 19.0 -16.8
106.0 4.0 19.0 -16.8
106.0 4.0 19.0 -16.8
106.0 4.0 19.0 -16.8
106.0 4.0 19.0 -16.8
106.0 4.0 19.0 -16.8
106.0 4.0 19.0 -16.8
106.0 4.0 19.0 -16.8
106.0 4.0 19.0 -16.8
106.0 4.0 19.0 -16.8
106.0 4.0 19.0 -16.8
106.3 4.0 19.0 -15.6
106.3 4.0 19.0 -14.4
106.3 4.0 19.0 -14.4
107.1 4.0 19.0 -14.4
107.3 4.0 19.0 -13.2
107.4 6.0 23.0 -16.8
107.4 4.0 19.0 -14.4
107.4 4.0 19.0 -15.6
107.6 4.0 19.0 -15.6
107.8 4.0 19.0 -15.6
107.8 4.0 19.0 -15.6
107.8 4.0 19.0 -15.6
107.9 5.0 20.0 -16.8
108.0 4.0 19.0 -13.2
108.3 4.0 19.0 -14.4
108.3 4.0 19.0 -15.6
108.4 4.0 19.0 -15.6
108.4 4.0 19.0 -14.4
108.7 4.0 19.0 -15.6
108.8 5.0 20.0 -18.0
108.9 4.0 19.0 -15.6
109.0 4.0 19.0 -15.6
109.1 5.0 20.0 -16.8
109.2 4.0 19.0 -13.2
109.3 4.0 19.0 -15.6
109.3 4.0 19.0 -14.4
109.3 4.0 19.0 -14.4
109.4 4.0 19.0 -16.8
109.4 4.0 19.0 -16.8
109.7 5.0 20.0 -16.8
110.0 4.0 19.0 -14.4
110.1 5.0 22.0 -15.6
110.2 5.0 22.0 -16.8
110.2 4.0 19.0 -15.6
110.3 4.0 19.0 -16.8
110.3 4.0 19.0 -16.8
110.3 4.0 19.0 -16.8
110.3 4.0 19.0 -16.8
110.3 4.0 19.0 -15.6
110.6 5.0 20.0 -16.8
110.7 6.0 23.0 -16.8
110.9 5.0 22.0 -18.0
110.9 4.0 19.0 -14.4
110.9 4.0 19.0 -14.4
111.0 4.0 19.0 -15.6
111.1 5.0 20.0 -16.8
111.1 4.0 19.0 -14.4
111.1 5.0 20.0 -16.8
111.5 5.0 20.0 -16.8
111.5 5.0 20.0 -16.8
111.7 4.0 19.0 -15.6
111.7 4.0 19.0 -14.4
111.8 5.0 20.0 -16.8
111.8 4.0 19.0 -13.2
112.0 4.0 19.0 -14.4
112.1 5.0 20.0 -16.8
112.1 5.0 20.0 -15.6
112.2 4.0 19.0 -14.4
112.3 4.0 19.0 -14.4
112.3 4.0 19.0 -16.8
112.3 4.0 19.0 -16.8
112.5 6.0 21.0 -18.0
112.5 4.0 19.0 -15.6
112.6 4.0 19.0 -15.6
112.6 4.0 19.0 -15.6
112.7 4.0 19.0 -16.8
112.7 4.0 19.0 -16.8
112.7 4.0 19.0 -16.8
112.7 4.0 19.0 -16.8
112.7 4.0 19.0 -16.8
112.7 4.0 19.0 -16.8
112.7 4.0 19.0 -16.8
113.1 5.0 20.0 -18.0
113.1 4.0 19.0 -14.4
113.2 4.0 19.0 -16.8
113.2 4.0 19.0 -16.8
113.3 4.0 19.0 -14.4
113.3 4.0 19.0 -16.8
113.3 4.0 19.0 -16.8
113.3 4.0 19.0 -16.8
113.3 4.0 19.0 -16.8
113.3 4.0 19.0 -16.8
113.3 4.0 19.0 -16.8
113.3 4.0 19.0 -16.8
113.3 4.0 19.0 -16.8
113.3 4.0 19.0 -16.8
113.3 4.0 19.0 -16.8
113.3 4.0 19.0 -16.8
113.4 4.0 19.0 -15.6
113.6 4.0 19.0 -15.6
114.0 4.0 19.0 -15.6
114.0 4.0 19.0 -15.6
114.0 4.0 19.0 -15.6
114.2 5.0 22.0 -18.0
114.2 4.0 19.0 -14.4
114.3 4.0 19.0 -15.6
114.3 4.0 19.0 -15.6
114.7 4.0 19.0 -15.6
114.8 5.0 20.0 -15.6
114.9 4.0 19.0 -15.6
114.9 4.0 19.0 -15.6
114.9 4.0 19.0 -14.4
114.9 4.0 19.0 -14.4
114.9 4.0 19.0 -15.6
115.0 4.0 19.0 -16.8
115.1 5.0 20.0 -18.0
115.2 4.0 19.0 -16.8
115.2 4.0 19.0 -16.8
115.2 4.0 19.0 -16.8
115.4 5.0 20.0 -16.8
115.6 6.0 28.0 -18.0
115.6 5.0 26.0 -16.8
115.6 4.0 19.0 -16.8
115.9 4.0 19.0 -16.8
115.9 4.0 19.0 -15.6
116.1 5.0 20.0 -18.0
116.5 4.0 19.0 -16.8
116.6 4.0 19.0 -16.8
116.7 5.0 20.0 -16.8
116.9 4.0 19.0 -16.8
117.0 6.0 23.0 -19.2
117.4 4.0 19.0 -15.6
117.8 4.0 19.0 -14.4
117.9 4.0 19.0 -16.8
118.1 4.0 19.0 -15.6
118.4 4.0 19.0 -14.4
118.4 5.0 20.0 -18.0
118.6 5.0 26.0 -19.2
118.7 5.0 20.0 -18.0
118.9 4.0 19.0 -15.6
118.9 4.0 19.0 -16.8
118.9 4.0 19.0 -16.8
119.0 4.0 19.0 -16.8
119.0 4.0 19.0 -16.8
119.2 5.0 20.0 -15.6
119.3 4.0 19.0 -16.8
119.3 4.0 19.0 -16.8
119.5 4.0 19.0 -16.8
119.5 4.0 19.0 -16.8
119.8 4.0 19.0 -16.8
119.9 4.0 19.0 -18.0
119.9 4.0 19.0 -18.0
119.9 4.0 19.0 -18.0
119.9 4.0 19.0 -18.0
119.9 4.0 19.0 -18.0
119.9 4.0 19.0 -18.0
119.9 4.0 19.0 -18.0
119.9 4.0 19.0 -18.0
119.9 4.0 19.0 -18.0
119.9 4.0 19.0 -18.0
119.9 4.0 19.0 -18.0
119.9 4.0 19.0 -18.0
119.9 4.0 19.0 -18.0
119.9 4.0 19.0 -18.0
119.9 4.0 19.0 -18.0
119.9 4.0 19.0 -18.0
119.9 4.0 19.0 -18.0
119.9 4.0 19.0 -18.0
119.9 4.0 19.0 -18.0
119.9 4.0 19.0 -18.0
119.9 4.0 19.0 -18.0
119.9 4.0 19.0 -18.0
119.9 4.0 19.0 -18.0
119.9 4.0 19.0 -18.0
119.9 4.0 19.0 -18.0
119.9 4.0 19.0 -18.0
119.9 4.0 19.0 -18.0
119.9 4.0 19.0 -18.0
119.9 4.0 19.0 -18.0
119.9 4.0 19.0 -18.0
119.9 4.0 19.0 -18.0
119.9 4.0 19.0 -18.0
119.9 4.0 19.0 -18.0
119.9 4.0 19.0 -18.0
119.9 4.0 19.0 -18.0
119.9 4.0 19.0 -18.0
119.9 4.0 19.0 -18.0
119.9 4.0 19.0 -18.0
119.9 4.0 19.0 -18.0
119.9 4.0 19.0 -18.0
119.9 4.0 19.0 -18.0
119.9 4.0 19.0 -18.0
119.9 4.0 19.0 -18.0
119.9 4.0 19.0 -18.0
119.9 4.0 19.0 -18.0
119.9 4.0 19.0 -18.0
119.9 4.0 19.0 -18.0
119.9 4.0 19.0 -18.0
119.9 4.0 19.0 -18.0
119.9 4.0 19.0 -18.0
119.9 4.0 19.0 -18.0
119.9 4.0 19.0 -18.0
119.9 4.0 19.0 -18.0
119.9 4.0 19.0 -18.0
119.9 4.0 19.0 -18.0
119.9 4.0 19.0 -18.0
119.9 4.0 19.0 -18.0
119.9 4.0 19.0 -18.0
119.9 4.0 19.0 -18.0
119.9 4.0 19.0 -18.0
119.9 4.0 19.0 -18.0
119.9 4.0 19.0 -18.0
119.9 4.0 19.0 -18.0
119.9 4.0 19.0 -18.0
119.9 4.0 19.0 -18.0
119.9 4.0 19.0 -18.0
119.9 4.0 19.0 -18.0
119.9 4.0 19.0 -18.0
119.9 4.0 19.0 -18.0
119.9 4.0 19.0 -18.0
119.9 4.0 19.0 -18.0
119.9 4.0 19.0 -18.0
119.9 4.0 19.0 -18.0
119.9 4.0 19.0 -18.0
119.9 4.0 19.0 -18.0
119.9 4.0 19.0 -18.0
119.9 4.0 19.0 -18.0
119.9 4.0 19.0 -18.0
119.9 4.0 19.0 -18.0
119.9 4.0 19.0 -18.0
119.9 4.0 19.0 -18.0
119.9 4.0 19.0 -18.0
119.9 4.0 19.0 -18.0
120.1 4.0 19.0 -14.4
120.2 5.0 20.0 -18.0
120.2 4.0 19.0 -16.8
120.8 4.0 19.0 -15.6
120.8 4.0 19.0 -16.8
120.8 4.0 19.0 -16.8
120.8 4.0 19.0 -18.0
120.8 4.0 19.0 -18.0
120.8 4.0 19.0 -18.0
120.8 4.0 19.0 -18.0
120.8 4.0 19.0 -18.0
120.8 4.0 19.0 -18.0
120.9 4.0 19.0 -18.0
120.9 4.0 19.0 -18.0
120.9 4.0 19.0 -18.0
120.9 4.0 19.0 -18.0
120.9 4.0 19.0 -18.0
120.9 4.0 19.0 -18.0
120.9 4.0 19.0 -18.0
121.1 5.0 20.0 -16.8
121.3 4.0 19.0 -15.6
121.5 4.0 19.0 -16.8
121.5 4.0 19.0 -16.8
121.6 4.0 19.0 -15.6
121.7 5.0 20.0 -18.0
121.7 4.0 19.0 -16.8
121.7 4.0 19.0 -14.4
121.8 4.0 19.0 -14.4
122.2 4.0 19.0 -15.6
122.3 5.0 25.0 -18.0
122.6 4.0 19.0 -16.8
122.6 5.0 22.0 -15.6
122.7 5.0 22.0 -18.0
123.0 4.0 19.0 -13.2
123.1 4.0 19.0 -15.6
123.1 4.0 19.0 -16.8
123.2 4.0 19.0 -18.0
123.2 4.0 19.0 -18.0
123.2 4.0 19.0 -18.0
123.2 4.0 19.0 -18.0
123.2 4.0 19.0 -18.0
123.2 4.0 19.0 -18.0
123.4 4.0 19.0 -15.6
123.6 5.0 20.0 -19.2
123.6 5.0 20.0 -19.2
123.6 4.0 19.0 -15.6
123.7 5.0 20.0 -19.2
123.8 4.0 19.0 -18.0
123.9 4.0 19.0 -16.8
123.9 5.0 25.0 -19.2
123.9 5.0 25.0 -19.2
123.9 4.0 19.0 -14.4
124.2 4.0 19.0 -15.6
124.2 4.0 19.0 -18.0
124.2 4.0 19.0 -15.6
124.5 4.0 19.0 -15.6
124.6 4.0 19.0 -16.8
124.7 4.0 19.0 -15.6
124.7 4.0 19.0 -15.6
124.8 5.0 26.0 -19.2
124.9 4.0 19.0 -16.8
125.0 4.0 19.0 -14.4
125.1 4.0 19.0 -16.8
125.2 4.0 19.0 -16.8
125.5 4.0 19.0 -16.8
125.5 4.0 19.0 -16.8
125.7 4.0 19.0 -16.8
125.7 4.0 19.0 -18.0
125.9 5.0 20.0 -16.8
126.0 5.0 20.0 -19.2
126.1 4.0 19.0 -16.8
126.3 4.0 19.0 -15.6
126.4 5.0 28.0 -19.2
126.5 4.0 19.0 -16.8
126.6 4.0 19.0 -18.0
126.6 4.0 19.0 -18.0
126.6 4.0 19.0 -15.6
126.9 5.0 20.0 -18.0
127.0 5.0 20.0 -18.0
127.1 4.0 19.0 -18.0
127.1 4.0 19.0 -18.0
127.1 4.0 19.0 -18.0
127.1 4.0 19.0 -18.0
127.1 4.0 19.0 -16.8
127.1 4.0 19.0 -18.0
127.2 4.0 19.0 -18.0
127.3 5.0 20.0 -16.8
127.3 4.0 19.0 -15.6
127.4 6.0 23.0 -16.8
127.4 4.0 19.0 -18.0
127.5 4.0 19.0 -18.0
127.5 4.0 19.0 -16.8
128.1 4.0 19.0 -18.0
128.1 4.0 19.0 -15.6
128.1 4.0 19.0 -15.6
128.2 4.0 19.0 -15.6
128.2 4.0 19.0 -16.8
128.2 5.0 29.0 -19.2
128.3 5.0 28.0 -19.2
128.4 4.0 19.0 -16.8
128.8 4.0 19.0 -16.8
128.9 4.0 19.0 -18.0
129.0 4.0 19.0 -16.8
129.2 4.0 19.0 -15.6
129.3 5.0 28.0 -16.8
129.6 5.0 20.0 -16.8
129.8 4.0 19.0 -18.0
129.8 4.0 19.0 -18.0
129.8 4.0 19.0 -18.0
130.0 4.0 19.0 -16.8
130.1 4.0 19.0 -18.0
130.1 4.0 19.0 -18.0
130.1 5.0 20.0 -18.0
130.3 5.0 20.0 -19.2
130.4 4.0 19.0 -18.0
130.4 4.0 19.0 -18.0
130.5 4.0 19.0 -15.6
130.7 4.0 19.0 -18.0
130.7 4.0 19.0 -18.0
130.8 4.0 19.0 -18.0
131.3 4.0 19.0 -16.8
131.4 4.0 19.0 -19.2
131.4 4.0 19.0 -19.2
131.4 4.0 19.0 -19.2
131.4 4.0 19.0 -19.2
131.4 4.0 19.0 -19.2
131.4 4.0 19.0 -18.0
131.4 4.0 19.0 -19.2
131.4 4.0 19.0 -19.2
131.4 4.0 19.0 -19.2
131.4 4.0 19.0 -19.2
131.4 4.0 19.0 -19.2
131.4 4.0 19.0 -19.2
131.4 4.0 19.0 -19.2
131.4 4.0 19.0 -19.2
131.4 4.0 19.0 -19.2
131.4 4.0 19.0 -19.2
131.4 4.0 19.0 -19.2
131.4 4.0 19.0 -19.2
131.4 4.0 19.0 -19.2
131.4 4.0 19.0 -19.2
131.4 4.0 19.0 -19.2
131.4 4.0 19.0 -19.2
131.4 4.0 19.0 -19.2
131.4 4.0 19.0 -19.2
131.4 4.0 19.0 -19.2
131.4 4.0 19.0 -19.2
131.4 4.0 19.0 -19.2
131.4 4.0 19.0 -19.2
131.4 4.0 19.0 -19.2
131.4 4.0 19.0 -19.2
131.4 4.0 19.0 -19.2
131.4 4.0 19.0 -19.2
131.4 4.0 19.0 -19.2
131.4 4.0 19.0 -19.2
131.4 4.0 19.0 -19.2
131.4 4.0 19.0 -19.2
131.4 4.0 19.0 -19.2
131.4 4.0 19.0 -19.2
131.4 4.0 19.0 -19.2
131.4 4.0 19.0 -19.2
131.4 4.0 19.0 -19.2
131.4 4.0 19.0 -19.2
131.4 4.0 19.0 -19.2
131.4 4.0 19.0 -19.2
131.4 4.0 19.0 -19.2
131.4 4.0 19.0 -19.2
131.4 4.0 19.0 -19.2
131.4 4.0 19.0 -19.2
131.4 4.0 19.0 -19.2
131.4 4.0 19.0 -19.2
131.4 4.0 19.0 -19.2
131.4 4.0 19.0 -19.2
131.4 4.0 19.0 -19.2
131.4 4.0 19.0 -19.2
131.4 4.0 19.0 -19.2
131.4 4.0 19.0 -19.2
131.4 4.0 19.0 -19.2
131.4 4.0 19.0 -19.2
131.4 4.0 19.0 -19.2
131.4 4.0 19.0 -19.2
131.4 4.0 19.0 -19.2
131.4 4.0 19.0 -19.2
131.4 4.0 19.0 -19.2
131.4 4.0 19.0 -19.2
131.4 4.0 19.0 -19.2
131.4 4.0 19.0 -19.2
131.4 4.0 19.0 -19.2
131.4 4.0 19.0 -19.2
131.4 4.0 19.0 -19.2
131.4 4.0 19.0 -19.2
131.4 4.0 19.0 -19.2
131.4 4.0 19.0 -19.2
131.4 4.0 19.0 -19.2
131.4 4.0 19.0 -19.2
131.4 4.0 19.0 -19.2
131.4 4.0 19.0 -19.2
131.4 4.0 19.0 -19.2
131.4 4.0 19.0 -19.2
131.4 4.0 19.0 -19.2
131.4 4.0 19.0 -19.2
131.4 4.0 19.0 -18.0
131.4 4.0 19.0 -19.2
131.4 4.0 19.0 -19.2
131.4 4.0 19.0 -19.2
131.4 4.0 19.0 -19.2
131.4 4.0 19.0 -19.2
131.4 4.0 19.0 -19.2
131.4 4.0 19.0 -19.2
131.4 4.0 19.0 -19.2
131.4 4.0 19.0 -19.2
131.4 4.0 19.0 -19.2
131.4 4.0 19.0 -19.2
131.4 4.0 19.0 -19.2
131.4 4.0 19.0 -19.2
131.4 4.0 19.0 -19.2
131.4 4.0 19.0 -19.2
131.4 4.0 19.0 -19.2
131.4 4.0 19.0 -19.2
131.4 4.0 19.0 -19.2
131.4 4.0 19.0 -19.2
131.4 4.0 19.0 -19.2
131.4 4.0 19.0 -19.2
131.4 4.0 19.0 -19.2
131.4 4.0 19.0 -19.2
131.4 4.0 19.0 -19.2
131.4 4.0 19.0 -19.2
131.4 4.0 19.0 -19.2
131.4 4.0 19.0 -19.2
131.4 4.0 19.0 -19.2
131.4 4.0 19.0 -19.2
131.4 4.0 19.0 -19.2
131.4 4.0 19.0 -19.2
131.4 4.0 19.0 -19.2
131.4 4.0 19.0 -19.2
131.4 4.0 19.0 -19.2
131.4 4.0 19.0 -19.2
131.4 4.0 19.0 -19.2
131.4 4.0 19.0 -19.2
131.4 4.0 19.0 -19.2
131.4 4.0 19.0 -19.2
131.4 4.0 19.0 -19.2
131.4 4.0 19.0 -19.2
131.4 4.0 19.0 -19.2
131.4 4.0 19.0 -19.2
131.4 4.0 19.0 -19.2
131.4 4.0 19.0 -19.2
131.4 4.0 19.0 -19.2
131.6 4.0 19.0 -16.8
131.7 4.0 19.0 -18.0
131.8 4.0 19.0 -18.0
131.9 6.0 27.0 -21.6
132.0 4.0 19.0 -18.0
132.1 5.0 22.0 -18.0
132.1 4.0 19.0 -16.8
132.2 4.0 19.0 -18.0
132.4 4.0 19.0 -18.0
132.7 4.0 19.0 -18.0
132.9 4.0 19.0 -18.0
133.1 4.0 19.0 -18.0
133.1 4.0 19.0 -18.0
133.2 4.0 19.0 -18.0
133.3 6.0 27.0 -19.2
133.3 4.0 19.0 -16.8
133.5 5.0 20.0 -19.2
133.6 4.0 19.0 -14.4
133.7 4.0 19.0 -18.0
133.7 4.0 19.0 -18.0
133.7 4.0 19.0 -18.0
134.0 4.0 19.0 -16.8
134.0 4.0 19.0 -18.0
134.1 4.0 19.0 -18.0
134.2 5.0 20.0 -20.4
134.3 4.0 19.0 -16.8
134.4 4.0 19.0 -16.8
134.7 5.0 22.0 -19.2
134.7 4.0 19.0 -19.2
134.7 4.0 19.0 -19.2
134.7 4.0 19.0 -19.2
134.7 4.0 19.0 -19.2
134.7 4.0 19.0 -19.2
134.7 4.0 19.0 -19.2
135.0 5.0 20.0 -19.2
135.0 4.0 19.0 -16.8
135.5 4.0 19.0 -18.0
135.6 4.0 19.0 -16.8
135.7 4.0 19.0 -19.2
135.7 4.0 19.0 -19.2
135.7 4.0 19.0 -19.2
135.7 4.0 19.0 -19.2
136.0 4.0 19.0 -18.0
136.1 4.0 19.0 -18.0
136.2 4.0 19.0 -18.0
136.2 4.0 19.0 -18.0
136.3 4.0 19.0 -16.8
136.3 4.0 19.0 -18.0
136.6 4.0 19.0 -18.0
136.8 4.0 19.0 -16.8
137.0 4.0 19.0 -18.0
137.0 4.0 19.0 -18.0
137.1 4.0 19.0 -19.2
137.1 4.0 19.0 -19.2
137.1 4.0 19.0 -19.2
137.1 4.0 19.0 -16.8
137.3 5.0 26.0 -21.6
137.3 5.0 26.0 -21.6
137.3 5.0 26.0 -21.6
137.4 6.0 23.0 -20.4
137.7 6.0 21.0 -16.8
138.0 5.0 20.0 -19.2
138.0 4.0 19.0 -19.2
138.0 4.0 19.0 -19.2
138.6 4.0 19.0 -19.2
138.8 5.0 20.0 -18.0
139.4 6.0 23.0 -20.4
139.5 4.0 19.0 -16.8
139.6 4.0 19.0 -19.2
139.6 4.0 19.0 -19.2
139.6 4.0 19.0 -19.2
139.8 6.0 23.0 -20.4
139.9 5.0 26.0 -20.4
140.3 5.0 28.0 -20.4
140.3 4.0 19.0 -16.8
140.3 4.0 19.0 -16.8
140.3 5.0 28.0 -20.4
140.4 4.0 19.0 -19.2
140.4 4.0 19.0 -19.2
140.9 4.0 19.0 -16.8
141.0 4.0 19.0 -19.2
141.2 6.0 21.0 -20.4
141.3 5.0 20.0 -19.2
141.4 4.0 19.0 -19.2
141.9 4.0 19.0 -19.2
142.0 4.0 19.0 -19.2
142.1 5.0 22.0 -20.4
142.3 4.0 19.0 -18.0
142.6 4.0 19.0 -18.0
142.7 5.0 20.0 -18.0
142.7 4.0 19.0 -19.2
142.8 4.0 19.0 -18.0
142.9 4.0 19.0 -18.0
142.9 4.0 19.0 -19.2
142.9 4.0 19.0 -19.2
143.0 4.0 19.0 -18.0
143.0 4.0 19.0 -16.8
143.2 4.0 19.0 -18.0
143.4 5.0 20.0 -20.4
143.7 5.0 25.0 -20.4
143.7 4.0 19.0 -19.2
143.9 4.0 19.0 -19.2
144.0 4.0 19.0 -19.2
144.0 4.0 19.0 -19.2
144.3 4.0 19.0 -19.2
144.5 4.0 19.0 -19.2
144.6 5.0 25.0 -21.6
144.7 5.0 20.0 -19.2
145.3 4.0 19.0 -20.4
145.3 4.0 19.0 -20.4
145.3 4.0 19.0 -20.4
145.3 4.0 19.0 -20.4
145.3 4.0 19.0 -20.4
145.3 4.0 19.0 -20.4
145.3 4.0 19.0 -20.4
145.3 4.0 19.0 -20.4
145.3 4.0 19.0 -20.4
145.3 4.0 19.0 -20.4
145.3 4.0 19.0 -20.4
145.3 4.0 19.0 -20.4
145.3 4.0 19.0 -20.4
145.3 4.0 19.0 -20.4
145.3 4.0 19.0 -20.4
145.3 4.0 19.0 -20.4
145.3 4.0 19.0 -20.4
145.3 4.0 19.0 -20.4
145.3 4.0 19.0 -20.4
145.3 4.0 19.0 -20.4
145.3 4.0 19.0 -20.4
145.3 4.0 19.0 -20.4
145.3 4.0 19.0 -20.4
145.3 4.0 19.0 -20.4
145.3 4.0 19.0 -20.4
145.3 4.0 19.0 -20.4
145.3 4.0 19.0 -20.4
145.3 4.0 19.0 -20.4
145.3 4.0 19.0 -20.4
145.3 4.0 19.0 -20.4
145.3 4.0 19.0 -20.4
145.3 4.0 19.0 -20.4
145.3 4.0 19.0 -20.4
145.3 4.0 19.0 -20.4
145.3 4.0 19.0 -20.4
145.3 4.0 19.0 -20.4
145.3 4.0 19.0 -20.4
145.3 4.0 19.0 -20.4
145.3 4.0 19.0 -20.4
145.3 4.0 19.0 -20.4
145.3 4.0 19.0 -20.4
145.3 4.0 19.0 -20.4
145.3 4.0 19.0 -20.4
145.3 4.0 19.0 -20.4
145.3 4.0 19.0 -20.4
145.3 4.0 19.0 -20.4
145.3 4.0 19.0 -20.4
145.3 4.0 19.0 -20.4
145.3 4.0 19.0 -20.4
145.3 4.0 19.0 -20.4
145.3 4.0 19.0 -20.4
145.3 4.0 19.0 -20.4
145.3 4.0 19.0 -20.4
145.3 4.0 19.0 -20.4
145.3 4.0 19.0 -20.4
145.3 4.0 19.0 -20.4
145.3 4.0 19.0 -20.4
145.3 4.0 19.0 -20.4
145.3 4.0 19.0 -20.4
145.3 4.0 19.0 -20.4
145.3 4.0 19.0 -20.4
145.3 4.0 19.0 -20.4
145.3 4.0 19.0 -20.4
145.3 4.0 19.0 -20.4
145.3 4.0 19.0 -20.4
145.3 4.0 19.0 -20.4
145.3 4.0 19.0 -20.4
145.3 4.0 19.0 -20.4
145.3 4.0 19.0 -20.4
145.3 4.0 19.0 -20.4
145.3 4.0 19.0 -20.4
145.3 4.0 19.0 -20.4
145.3 4.0 19.0 -20.4
145.3 4.0 19.0 -20.4
145.3 4.0 19.0 -20.4
145.3 4.0 19.0 -20.4
145.3 4.0 19.0 -20.4
145.3 4.0 19.0 -20.4
145.3 4.0 19.0 -20.4
145.3 4.0 19.0 -20.4
145.3 4.0 19.0 -20.4
145.3 4.0 19.0 -20.4
145.3 4.0 19.0 -20.4
145.3 4.0 19.0 -20.4
145.3 4.0 19.0 -20.4
145.3 4.0 19.0 -20.4
145.3 4.0 19.0 -20.4
145.3 4.0 19.0 -20.4
145.3 4.0 19.0 -20.4
145.3 4.0 19.0 -20.4
145.3 4.0 19.0 -20.4
145.3 4.0 19.0 -20.4
145.3 4.0 19.0 -20.4
145.3 4.0 19.0 -20.4
145.3 4.0 19.0 -20.4
145.3 4.0 19.0 -20.4
145.3 4.0 19.0 -20.4
145.3 4.0 19.0 -20.4
145.3 4.0 19.0 -20.4
145.3 4.0 19.0 -20.4
145.3 4.0 19.0 -20.4
145.3 4.0 19.0 -20.4
145.3 4.0 19.0 -20.4
145.3 4.0 19.0 -20.4
145.3 4.0 19.0 -20.4
145.3 4.0 19.0 -20.4
145.3 4.0 19.0 -20.4
145.3 4.0 19.0 -20.4
145.3 4.0 19.0 -20.4
145.3 4.0 19.0 -20.4
145.3 4.0 19.0 -20.4
145.3 4.0 19.0 -20.4
145.3 4.0 19.0 -20.4
145.3 4.0 19.0 -20.4
145.3 4.0 19.0 -20.4
145.3 4.0 19.0 -20.4
145.3 4.0 19.0 -20.4
145.3 4.0 19.0 -20.4
145.3 4.0 19.0 -20.4
145.3 4.0 19.0 -20.4
145.3 4.0 19.0 -20.4
145.3 4.0 19.0 -20.4
145.3 4.0 19.0 -20.4
145.3 4.0 19.0 -20.4
145.3 4.0 19.0 -20.4
145.3 4.0 19.0 -20.4
145.3 4.0 19.0 -20.4
145.3 4.0 19.0 -20.4
145.3 4.0 19.0 -20.4
145.3 4.0 19.0 -20.4
145.3 4.0 19.0 -20.4
145.3 4.0 19.0 -20.4
145.3 4.0 19.0 -20.4
145.3 4.0 19.0 -20.4
145.3 4.0 19.0 -20.4
145.3 4.0 19.0 -20.4
145.3 4.0 19.0 -20.4
145.3 4.0 19.0 -20.4
145.3 4.0 19.0 -20.4
145.3 4.0 19.0 -20.4
145.3 4.0 19.0 -20.4
145.3 4.0 19.0 -20.4
145.3 4.0 19.0 -20.4
145.3 4.0 19.0 -20.4
145.3 4.0 19.0 -20.4
145.3 4.0 19.0 -20.4
145.3 4.0 19.0 -20.4
145.3 4.0 19.0 -20.4
145.3 4.0 19.0 -20.4
145.3 4.0 19.0 -20.4
145.3 4.0 19.0 -20.4
145.3 4.0 19.0 -20.4
145.3 4.0 19.0 -20.4
145.3 4.0 19.0 -20.4
145.3 4.0 19.0 -20.4
145.3 4.0 19.0 -20.4
145.3 4.0 19.0 -20.4
145.3 4.0 19.0 -20.4
145.3 4.0 19.0 -20.4
145.3 4.0 19.0 -20.4
145.3 4.0 19.0 -20.4
145.3 4.0 19.0 -20.4
145.3 4.0 19.0 -20.4
145.3 4.0 19.0 -20.4
145.3 4.0 19.0 -20.4
145.3 4.0 19.0 -20.4
145.3 4.0 19.0 -20.4
145.3 4.0 19.0 -20.4
145.3 4.0 19.0 -20.4
145.3 4.0 19.0 -20.4
145.3 4.0 19.0 -20.4
145.3 4.0 19.0 -20.4
145.3 4.0 19.0 -20.4
145.3 4.0 19.0 -20.4
145.3 4.0 19.0 -20.4
145.3 4.0 19.0 -20.4
145.3 4.0 19.0 -20.4
145.3 4.0 19.0 -20.4
145.3 4.0 19.0 -20.4
145.3 4.0 19.0 -20.4
145.3 4.0 19.0 -20.4
145.3 4.0 19.0 -20.4
145.3 4.0 19.0 -20.4
145.3 4.0 19.0 -20.4
145.3 4.0 19.0 -20.4
145.3 4.0 19.0 -20.4
145.3 4.0 19.0 -20.4
145.3 4.0 19.0 -20.4
145.3 4.0 19.0 -20.4
145.3 4.0 19.0 -20.4
145.3 4.0 19.0 -20.4
145.3 4.0 19.0 -20.4
145.3 4.0 19.0 -20.4
145.3 4.0 19.0 -20.4
145.3 4.0 19.0 -20.4
145.3 4.0 19.0 -20.4
145.3 4.0 19.0 -20.4
145.3 4.0 19.0 -20.4
145.3 4.0 19.0 -20.4
145.3 4.0 19.0 -20.4
145.3 4.0 19.0 -20.4
145.3 4.0 19.0 -20.4
145.3 4.0 19.0 -20.4
145.3 4.0 19.0 -20.4
145.3 4.0 19.0 -20.4
145.3 4.0 19.0 -20.4
145.3 4.0 19.0 -20.4
145.3 4.0 19.0 -20.4
145.3 4.0 19.0 -20.4
145.3 4.0 19.0 -20.4
145.3 4.0 19.0 -20.4
145.3 4.0 19.0 -20.4
145.3 4.0 19.0 -20.4
145.3 4.0 19.0 -20.4
145.3 4.0 19.0 -20.4
145.3 4.0 19.0 -20.4
145.3 4.0 19.0 -20.4
145.3 4.0 19.0 -20.4
145.3 4.0 19.0 -20.4
145.3 4.0 19.0 -20.4
145.3 4.0 19.0 -20.4
145.3 4.0 19.0 -20.4
145.3 4.0 19.0 -20.4
145.3 4.0 19.0 -20.4
145.3 4.0 19.0 -20.4
145.3 4.0 19.0 -20.4
145.3 4.0 19.0 -20.4
145.3 4.0 19.0 -20.4
145.3 4.0 19.0 -20.4
145.3 4.0 19.0 -20.4
145.3 4.0 19.0 -20.4
145.3 4.0 19.0 -20.4
145.3 4.0 19.0 -20.4
145.3 4.0 19.0 -20.4
145.3 4.0 19.0 -20.4
145.3 4.0 19.0 -20.4
145.3 4.0 19.0 -20.4
145.3 4.0 19.0 -20.4
145.3 4.0 19.0 -20.4
145.3 4.0 19.0 -20.4
145.3 4.0 19.0 -20.4
145.3 4.0 19.0 -20.4
145.3 4.0 19.0 -20.4
145.3 4.0 19.0 -20.4
145.3 4.0 19.0 -20.4
145.3 4.0 19.0 -20.4
145.3 4.0 19.0 -20.4
145.3 4.0 19.0 -20.4
145.3 4.0 19.0 -20.4
145.3 4.0 19.0 -20.4
145.3 4.0 19.0 -20.4
145.3 4.0 19.0 -20.4
145.3 4.0 19.0 -20.4
145.3 4.0 19.0 -20.4
145.3 4.0 19.0 -20.4
145.3 4.0 19.0 -20.4
145.3 4.0 19.0 -20.4
145.3 4.0 19.0 -20.4
145.3 4.0 19.0 -20.4
145.3 4.0 19.0 -20.4
145.3 4.0 19.0 -20.4
145.3 4.0 19.0 -20.4
145.3 4.0 19.0 -20.4
145.3 4.0 19.0 -20.4
145.3 4.0 19.0 -20.4
145.3 4.0 19.0 -20.4
145.3 4.0 19.0 -20.4
145.3 4.0 19.0 -20.4
145.3 4.0 19.0 -20.4
145.3 4.0 19.0 -20.4
145.3 4.0 19.0 -20.4
145.3 4.0 19.0 -20.4
145.3 4.0 19.0 -20.4
145.3 4.0 19.0 -20.4
145.3 4.0 19.0 -20.4
145.3 4.0 19.0 -20.4
145.3 4.0 19.0 -20.4
145.3 4.0 19.0 -20.4
145.3 4.0 19.0 -20.4
145.3 4.0 19.0 -20.4
145.3 4.0 19.0 -20.4
145.3 4.0 19.0 -20.4
145.3 4.0 19.0 -20.4
145.3 4.0 19.0 -20.4
145.5 4.0 19.0 -18.0
145.5 5.0 26.0 -20.4
145.6 4.0 19.0 -19.2
145.8 4.0 19.0 -18.0
146.0 4.0 19.0 -18.0
146.0 5.0 20.0 -19.2
146.1 4.0 19.0 -19.2
146.2 4.0 19.0 -20.4
146.2 4.0 19.0 -20.4
146.2 4.0 19.0 -20.4
146.2 4.0 19.0 -20.4
146.2 4.0 19.0 -20.4
146.2 4.0 19.0 -20.4
146.6 4.0 19.0 -18.0
146.6 4.0 19.0 -19.2
146.6 4.0 19.0 -19.2
146.8 5.0 22.0 -21.6
146.8 4.0 19.0 -18.0
146.9 4.0 19.0 -19.2
146.9 4.0 19.0 -19.2
147.1 5.0 22.0 -20.4
147.2 4.0 19.0 -19.2
147.3 6.0 29.0 -20.4
147.8 5.0 20.0 -19.2
148.2 4.0 19.0 -19.2
148.3 4.0 19.0 -18.0
148.5 4.0 19.0 -19.2
148.5 4.0 19.0 -18.0
148.7 5.0 20.0 -19.2
148.8 5.0 26.0 -20.4
148.8 4.0 19.0 -20.4
149.0 5.0 20.0 -21.6
149.0 5.0 20.0 -18.0
149.3 6.0 27.0 -22.8
149.5 6.0 28.0 -22.8
149.6 4.0 19.0 -20.4
149.6 4.0 19.0 -20.4
149.9 4.0 19.0 -19.2
150.0 4.0 19.0 -18.0
150.1 6.0 31.0 -19.2
150.1 4.0 19.0 -19.2
150.1 4.0 19.0 -19.2
150.1 4.0 19.0 -19.2
150.1 4.0 19.0 -19.2
150.3 5.0 20.0 -19.2
150.6 5.0 20.0 -19.2
150.8 4.0 19.0 -19.2
150.8 4.0 19.0 -18.0
150.9 4.0 19.0 -20.4
150.9 4.0 19.0 -20.4
151.0 5.0 22.0 -20.4
151.0 5.0 22.0 -19.2
151.1 4.0 19.0 -18.0
151.1 4.0 19.0 -20.4
151.1 4.0 19.0 -20.4
151.1 4.0 19.0 -20.4
151.2 5.0 26.0 -22.8
151.2 5.0 26.0 -22.8
151.2 5.0 26.0 -22.8
151.2 5.0 26.0 -22.8
151.2 5.0 26.0 -22.8
151.2 5.0 26.0 -22.8
151.2 5.0 26.0 -22.8
151.2 5.0 26.0 -22.8
151.2 5.0 26.0 -22.8
151.2 5.0 26.0 -22.8
151.2 5.0 26.0 -22.8
151.2 5.0 26.0 -22.8
151.2 5.0 26.0 -22.8
151.2 5.0 26.0 -22.8
151.2 5.0 26.0 -22.8
151.2 5.0 26.0 -22.8
151.2 5.0 26.0 -22.8
151.2 5.0 26.0 -22.8
151.2 5.0 26.0 -22.8
151.2 5.0 26.0 -22.8
151.2 4.0 19.0 -19.2
151.4 4.0 19.0 -19.2
151.4 4.0 19.0 -19.2
151.5 4.0 19.0 -19.2
151.9 4.0 19.0 -20.4
151.9 4.0 19.0 -20.4
152.2 4.0 19.0 -20.4
152.2 4.0 19.0 -20.4
152.2 4.0 19.0 -20.4
152.6 6.0 25.0 -20.4
152.8 4.0 19.0 -19.2
153.0 6.0 21.0 -19.2
153.1 6.0 23.0 -22.8
153.1 4.0 19.0 -20.4
153.2 5.0 20.0 -20.4
153.2 5.0 20.0 -20.4
153.2 5.0 25.0 -20.4
153.5 6.0 34.0 -21.6
153.7 4.0 19.0 -19.2
153.7 4.0 19.0 -19.2
154.0 4.0 19.0 -19.2
154.2 4.0 19.0 -19.2
154.2 4.0 19.0 -18.0
154.3 6.0 23.0 -19.2
154.3 4.0 19.0 -20.4
154.5 4.0 19.0 -20.4
154.5 4.0 19.0 -20.4
154.6 6.0 34.0 -22.8
154.7 5.0 28.0 -19.2
154.8 4.0 19.0 -19.2
155.2 4.0 19.0 -20.4
155.3 4.0 19.0 -19.2
155.4 4.0 19.0 -20.4
155.4 4.0 19.0 -18.0
155.4 4.0 19.0 -20.4
155.8 4.0 19.0 -19.2
156.0 4.0 19.0 -20.4
156.0 4.0 19.0 -20.4
156.2 4.0 19.0 -19.2
156.6 4.0 19.0 -20.4
156.7 4.0 19.0 -18.0
156.8 5.0 26.0 -22.8
156.8 5.0 26.0 -22.8
157.3 5.0 20.0 -21.6
157.3 5.0 20.0 -21.6
157.4 4.0 19.0 -20.4
157.7 4.0 19.0 -20.4
158.0 4.0 19.0 -20.4
158.1 4.0 19.0 -19.2
158.1 5.0 20.0 -20.4
158.3 5.0 22.0 -21.6
158.3 6.0 29.0 -24.0
158.3 4.0 19.0 -20.4
158.5 4.0 19.0 -20.4
158.5 5.0 25.0 -22.8
158.5 5.0 25.0 -22.8
158.5 5.0 25.0 -22.8
158.5 5.0 25.0 -22.8
158.5 5.0 25.0 -22.8
158.5 5.0 25.0 -22.8
158.5 5.0 25.0 -22.8
158.5 5.0 25.0 -22.8
158.5 5.0 25.0 -22.8
158.5 5.0 25.0 -22.8
158.5 5.0 25.0 -22.8
158.5 5.0 25.0 -22.8
158.5 5.0 25.0 -22.8
159.1 4.0 19.0 -20.4
159.1 4.0 19.0 -20.4
159.1 4.0 19.0 -20.4
159.2 5.0 20.0 -20.4
159.4 4.0 19.0 -19.2
159.4 6.0 23.0 -19.2
160.0 4.0 19.0 -20.4
160.1 4.0 19.0 -21.6
160.1 4.0 19.0 -20.4
160.1 4.0 19.0 -21.6
160.1 4.0 19.0 -21.6
160.1 4.0 19.0 -20.4
160.4 5.0 26.0 -22.8
160.8 5.0 20.0 -19.2
160.8 4.0 19.0 -19.2
160.8 5.0 20.0 -21.6
161.0 4.0 19.0 -20.4
161.3 5.0 26.0 -22.8
161.7 4.0 19.0 -20.4
161.9 5.0 26.0 -20.4
162.0 4.0 19.0 -20.4
162.1 4.0 19.0 -19.2
162.2 6.0 27.0 -21.6
162.4 4.0 19.0 -20.4
162.4 4.0 19.0 -20.4
162.4 4.0 19.0 -20.4
162.7 4.0 19.0 -21.6
162.7 4.0 19.0 -21.6
162.7 4.0 19.0 -21.6
162.7 4.0 19.0 -21.6
162.8 5.0 26.0 -22.8
163.1 5.0 25.0 -21.6
163.5 4.0 19.0 -19.2
163.5 4.0 19.0 -20.4
163.5 5.0 22.0 -21.6
163.6 4.0 19.0 -21.6
163.6 4.0 19.0 -19.2
163.6 4.0 19.0 -21.6
163.6 4.0 19.0 -21.6
164.1 4.0 19.0 -20.4
164.1 4.0 19.0 -20.4
164.2 5.0 22.0 -22.8
164.2 5.0 22.0 -22.8
164.8 4.0 19.0 -19.2
164.8 4.0 19.0 -21.6
164.9 5.0 20.0 -19.2
165.1 5.0 20.0 -20.4
165.3 5.0 20.0 -21.6
165.7 5.0 28.0 -22.8
165.7 5.0 28.0 -22.8
165.7 5.0 28.0 -22.8
165.7 5.0 28.0 -22.8
165.7 5.0 28.0 -22.8
165.7 4.0 19.0 -21.6
165.7 4.0 19.0 -21.6
165.9 4.0 19.0 -21.6
165.9 4.0 19.0 -21.6
165.9 4.0 19.0 -21.6
165.9 4.0 19.0 -21.6
165.9 4.0 19.0 -20.4
166.0 5.0 26.0 -24.0
166.0 5.0 26.0 -24.0
166.3 5.0 20.0 -21.6
166.4 4.0 19.0 -19.2
166.4 4.0 19.0 -20.4
166.6 4.0 19.0 -20.4
166.7 5.0 25.0 -21.6
166.8 5.0 20.0 -20.4
166.9 6.0 28.0 -24.0
167.0 4.0 19.0 -21.6
167.0 4.0 19.0 -21.6
167.0 4.0 19.0 -21.6
167.1 6.0 25.0 -20.4
167.6 5.0 20.0 -22.8
167.7 6.0 26.0 -20.4
168.0 4.0 19.0 -20.4
168.3 4.0 19.0 -20.4
168.3 4.0 19.0 -21.6
168.4 5.0 20.0 -20.4
168.5 4.0 19.0 -21.6
168.5 4.0 19.0 -21.6
168.7 5.0 20.0 -22.8
169.1 5.0 22.0 -20.4
169.2 4.0 19.0 -20.4
169.3 4.0 19.0 -21.6
169.4 6.0 27.0 -24.0
169.6 4.0 19.0 -20.4
170.2 5.0 20.0 -21.6
170.9 6.0 30.0 -22.8
171.6 4.0 19.0 -21.6
171.9 4.0 19.0 -21.6
172.0 4.0 19.0 -21.6
172.1 5.0 20.0 -22.8
172.2 4.0 19.0 -21.6
172.2 4.0 19.0 -21.6
172.7 4.0 19.0 -20.4
172.8 5.0 26.0 -22.8
173.2 4.0 19.0 -21.6
173.2 5.0 26.0 -22.8
173.3 5.0 20.0 -20.4
173.4 5.0 20.0 -22.8
173.5 4.0 19.0 -21.6
173.7 6.0 21.0 -21.6
173.8 6.0 21.0 -21.6
173.8 4.0 19.0 -20.4
174.0 4.0 19.0 -21.6
174.0 4.0 19.0 -21.6
174.0 4.0 19.0 -21.6
174.6 4.0 19.0 -21.6
174.9 4.0 19.0 -21.6
175.0 5.0 26.0 -24.0
175.5 4.0 19.0 -21.6
175.7 6.0 27.0 -25.2
175.9 6.0 30.0 -20.4
176.7 5.0 22.0 -21.6
176.8 7.0 37.0 -25.2
177.0 5.0 20.0 -22.8
177.1 5.0 22.0 -21.6
177.3 6.0 26.0 -24.0
177.5 4.0 19.0 -22.8
177.5 4.0 19.0 -22.8
177.5 4.0 19.0 -22.8
177.5 4.0 19.0 -22.8
177.5 4.0 19.0 -22.8
177.5 4.0 19.0 -22.8
177.5 4.0 19.0 -22.8
177.7 5.0 25.0 -22.8
178.0 4.0 19.0 -21.6
178.0 4.0 19.0 -21.6
178.2 5.0 20.0 -21.6
178.2 5.0 22.0 -21.6
178.3 4.0 19.0 -21.6
178.4 4.0 19.0 -20.4
179.0 5.0 22.0 -24.0
179.6 4.0 19.0 -22.8
179.6 4.0 19.0 -22.8
179.6 4.0 19.0 -22.8
179.6 4.0 19.0 -22.8
179.6 4.0 19.0 -22.8
179.8 4.0 19.0 -22.8
179.8 4.0 19.0 -22.8
179.8 4.0 19.0 -21.6
180.4 5.0 22.0 -20.4
181.1 4.0 19.0 -19.2
181.6 4.0 19.0 -20.4
181.7 4.0 19.0 -21.6
182.2 4.0 19.0 -22.8
182.2 4.0 19.0 -22.8
182.4 4.0 19.0 -22.8
182.4 4.0 19.0 -22.8
182.4 4.0 19.0 -22.8
182.4 4.0 19.0 -22.8
182.7 4.0 19.0 -20.4
183.0 6.0 26.0 -25.2
183.1 4.0 19.0 -20.4
183.1 4.0 19.0 -22.8
183.1 4.0 19.0 -22.8
183.1 4.0 19.0 -22.8
183.3 4.0 19.0 -22.8
183.3 4.0 19.0 -22.8
183.3 4.0 19.0 -22.8
183.3 4.0 19.0 -22.8
183.4 5.0 20.0 -22.8
183.6 7.0 27.0 -25.2
184.5 4.0 19.0 -22.8
184.5 4.0 19.0 -22.8
184.5 4.0 19.0 -22.8
184.9 5.0 25.0 -24.0
185.0 5.0 20.0 -24.0
185.4 4.0 19.0 -22.8
185.4 4.0 19.0 -22.8
185.5 5.0 26.0 -25.2
185.6 6.0 27.0 -24.0
186.4 4.0 19.0 -21.6
186.5 4.0 19.0 -22.8
186.7 4.0 19.0 -22.8
188.0 4.0 19.0 -22.8
188.3 5.0 20.0 -21.6
188.9 5.0 26.0 -24.0
189.4 4.0 19.0 -22.8
189.5 4.0 19.0 -21.6
189.5 5.0 20.0 -24.0
189.6 4.0 19.0 -22.8
190.0 4.0 19.0 -21.6
190.2 7.0 37.0 -25.2
190.3 5.0 28.0 -24.0
190.7 5.0 25.0 -25.2
190.9 6.0 29.0 -21.6
191.1 5.0 22.0 -24.0
191.6 5.0 20.0 -24.0
191.7 4.0 19.0 -22.8
191.7 5.0 20.0 -22.8
192.6 5.0 28.0 -24.0
192.8 5.0 25.0 -25.2
193.0 5.0 25.0 -25.2
193.9 5.0 20.0 -22.8
194.2 5.0 20.0 -24.0
194.5 6.0 28.0 -26.4
194.5 5.0 20.0 -24.0
194.9 5.0 26.0 -25.2
196.1 6.0 21.0 -24.0
196.3 5.0 25.0 -25.2
197.0 4.0 19.0 -24.0
197.0 4.0 19.0 -24.0
197.0 4.0 19.0 -24.0
197.0 4.0 19.0 -24.0
197.0 4.0 19.0 -24.0
197.0 4.0 19.0 -24.0
197.0 4.0 19.0 -24.0
197.0 4.0 19.0 -24.0
197.0 4.0 19.0 -24.0
197.0 4.0 19.0 -24.0
197.0 4.0 19.0 -24.0
197.0 4.0 19.0 -24.0
197.2 4.0 19.0 -24.0
197.2 4.0 19.0 -24.0
197.2 4.0 19.0 -24.0
197.2 4.0 19.0 -24.0
197.2 4.0 19.0 -24.0
197.2 4.0 19.0 -24.0
197.2 4.0 19.0 -24.0
197.2 4.0 19.0 -24.0
197.2 4.0 19.0 -24.0
197.2 4.0 19.0 -24.0
197.2 4.0 19.0 -24.0
197.2 4.0 19.0 -24.0
197.2 4.0 19.0 -24.0
197.7 5.0 25.0 -25.2
198.0 5.0 20.0 -24.0
198.1 6.0 27.0 -26.4
198.8 5.0 20.0 -22.8
199.3 4.0 19.0 -24.0
199.3 4.0 19.0 -24.0
199.3 4.0 19.0 -24.0
199.3 4.0 19.0 -24.0
199.3 4.0 19.0 -24.0
199.3 4.0 19.0 -24.0
199.3 4.0 19.0 -24.0
199.3 4.0 19.0 -24.0
199.3 4.0 19.0 -24.0
199.4 6.0 21.0 -25.2
199.8 5.0 20.0 -25.2
200.2 4.0 19.0 -21.6
201.2 4.0 19.0 -22.8
201.2 5.0 26.0 -25.2
201.2 6.0 28.0 -26.4
201.5 7.0 33.0 -28.8
201.5 5.0 26.0 -25.2
201.9 4.0 19.0 -22.8
201.9 4.0 19.0 -24.0
202.8 4.0 19.0 -24.0
202.9 5.0 26.0 -26.4
203.1 5.0 26.0 -26.4
203.1 5.0 26.0 -26.4
203.1 5.0 26.0 -26.4
203.4 5.0 22.0 -25.2
205.9 6.0 29.0 -21.6
206.2 4.0 19.0 -24.0
206.2 6.0 23.0 -26.4
206.9 5.0 25.0 -25.2
207.1 6.0 23.0 -26.4
207.7 7.0 27.0 -27.6
207.8 5.0 26.0 -26.4
208.7 5.0 26.0 -26.4
209.1 4.0 19.0 -24.0
209.1 4.0 19.0 -24.0
209.1 4.0 19.0 -24.0
210.2 7.0 24.0 -26.4
211.8 6.0 28.0 -26.4
212.1 5.0 26.0 -26.4
212.7 4.0 19.0 -24.0
213.0 6.0 26.0 -27.6
213.2 5.0 22.0 -25.2
213.9 5.0 22.0 -25.2
214.6 6.0 26.0 -26.4
214.7 6.0 27.0 -26.4
215.0 5.0 26.0 -26.4
215.2 6.0 29.0 -27.6
215.3 6.0 26.0 -27.6
216.6 6.0 28.0 -27.6
216.7 4.0 19.0 -25.2
216.7 4.0 19.0 -25.2
216.7 4.0 19.0 -25.2
216.7 4.0 19.0 -25.2
216.7 4.0 19.0 -25.2
216.7 4.0 19.0 -25.2
216.7 4.0 19.0 -25.2
216.7 4.0 19.0 -25.2
216.7 4.0 19.0 -25.2
216.7 4.0 19.0 -25.2
216.7 4.0 19.0 -25.2
216.7 4.0 19.0 -25.2
216.7 4.0 19.0 -25.2
216.7 4.0 19.0 -25.2
216.7 4.0 19.0 -25.2
216.7 4.0 19.0 -25.2
216.7 4.0 19.0 -25.2
216.7 4.0 19.0 -25.2
216.7 4.0 19.0 -25.2
216.7 4.0 19.0 -25.2
216.7 4.0 19.0 -25.2
216.7 4.0 19.0 -25.2
216.7 4.0 19.0 -25.2
216.7 4.0 19.0 -25.2
216.7 4.0 19.0 -25.2
216.7 4.0 19.0 -25.2
216.7 4.0 19.0 -25.2
216.7 4.0 19.0 -25.2
216.7 4.0 19.0 -25.2
216.7 4.0 19.0 -25.2
216.7 4.0 19.0 -25.2
216.7 4.0 19.0 -25.2
216.7 4.0 19.0 -25.2
216.7 4.0 19.0 -25.2
216.7 4.0 19.0 -25.2
216.7 4.0 19.0 -25.2
216.7 4.0 19.0 -25.2
216.7 4.0 19.0 -25.2
216.7 4.0 19.0 -25.2
216.7 4.0 19.0 -25.2
216.7 4.0 19.0 -25.2
216.7 4.0 19.0 -25.2
216.7 4.0 19.0 -25.2
216.7 4.0 19.0 -25.2
216.7 4.0 19.0 -25.2
216.7 4.0 19.0 -25.2
216.7 4.0 19.0 -25.2
216.7 4.0 19.0 -25.2
216.7 4.0 19.0 -25.2
216.7 4.0 19.0 -25.2
216.7 4.0 19.0 -25.2
216.7 4.0 19.0 -25.2
216.7 4.0 19.0 -25.2
216.7 4.0 19.0 -25.2
216.7 4.0 19.0 -25.2
216.7 4.0 19.0 -25.2
216.7 4.0 19.0 -25.2
216.7 4.0 19.0 -25.2
216.7 4.0 19.0 -25.2
216.7 4.0 19.0 -25.2
216.7 4.0 19.0 -25.2
216.7 4.0 19.0 -25.2
216.7 4.0 19.0 -25.2
216.7 4.0 19.0 -25.2
216.7 4.0 19.0 -25.2
216.7 4.0 19.0 -25.2
216.7 4.0 19.0 -25.2
216.7 4.0 19.0 -25.2
216.7 4.0 19.0 -25.2
216.7 4.0 19.0 -25.2
216.7 4.0 19.0 -25.2
216.7 4.0 19.0 -25.2
216.7 4.0 19.0 -25.2
216.7 4.0 19.0 -25.2
216.7 4.0 19.0 -25.2
216.7 4.0 19.0 -25.2
216.7 4.0 19.0 -25.2
216.7 4.0 19.0 -25.2
216.7 4.0 19.0 -25.2
216.7 4.0 19.0 -25.2
216.7 4.0 19.0 -25.2
216.7 4.0 19.0 -25.2
216.7 4.0 19.0 -25.2
216.7 4.0 19.0 -25.2
216.7 4.0 19.0 -25.2
216.7 4.0 19.0 -25.2
216.7 4.0 19.0 -25.2
216.7 4.0 19.0 -25.2
216.7 4.0 19.0 -25.2
216.7 4.0 19.0 -25.2
216.7 4.0 19.0 -25.2
216.7 4.0 19.0 -25.2
216.7 4.0 19.0 -25.2
216.7 4.0 19.0 -25.2
216.7 4.0 19.0 -25.2
216.7 4.0 19.0 -25.2
216.7 4.0 19.0 -25.2
216.7 4.0 19.0 -25.2
216.7 4.0 19.0 -25.2
216.7 4.0 19.0 -25.2
216.7 4.0 19.0 -25.2
216.7 4.0 19.0 -25.2
216.7 4.0 19.0 -25.2
216.7 4.0 19.0 -25.2
216.7 4.0 19.0 -25.2
216.7 4.0 19.0 -25.2
216.7 4.0 19.0 -25.2
216.7 4.0 19.0 -25.2
216.7 4.0 19.0 -25.2
216.7 4.0 19.0 -25.2
216.7 4.0 19.0 -25.2
216.7 4.0 19.0 -25.2
216.7 4.0 19.0 -25.2
216.7 4.0 19.0 -25.2
216.7 4.0 19.0 -25.2
216.7 4.0 19.0 -25.2
216.7 4.0 19.0 -25.2
216.7 4.0 19.0 -25.2
216.7 4.0 19.0 -25.2
216.7 4.0 19.0 -25.2
216.7 4.0 19.0 -25.2
216.7 4.0 19.0 -25.2
216.7 4.0 19.0 -25.2
216.7 4.0 19.0 -25.2
216.7 4.0 19.0 -25.2
216.7 4.0 19.0 -25.2
216.7 4.0 19.0 -25.2
216.7 4.0 19.0 -25.2
216.7 4.0 19.0 -25.2
216.7 4.0 19.0 -25.2
216.7 4.0 19.0 -25.2
216.7 4.0 19.0 -25.2
216.7 4.0 19.0 -25.2
216.7 4.0 19.0 -25.2
216.7 4.0 19.0 -25.2
216.7 4.0 19.0 -25.2
216.7 4.0 19.0 -25.2
216.7 4.0 19.0 -25.2
216.7 4.0 19.0 -25.2
216.7 4.0 19.0 -25.2
216.7 4.0 19.0 -25.2
216.7 4.0 19.0 -25.2
216.7 4.0 19.0 -25.2
216.7 4.0 19.0 -25.2
216.7 4.0 19.0 -25.2
216.7 4.0 19.0 -25.2
216.7 4.0 19.0 -25.2
216.7 4.0 19.0 -25.2
216.7 4.0 19.0 -25.2
216.7 4.0 19.0 -25.2
216.7 4.0 19.0 -25.2
216.7 4.0 19.0 -25.2
216.7 4.0 19.0 -25.2
216.7 4.0 19.0 -25.2
216.7 4.0 19.0 -25.2
216.7 4.0 19.0 -25.2
216.7 4.0 19.0 -25.2
216.7 4.0 19.0 -25.2
216.7 4.0 19.0 -25.2
216.7 4.0 19.0 -25.2
216.7 4.0 19.0 -25.2
216.7 4.0 19.0 -25.2
216.7 4.0 19.0 -25.2
216.7 4.0 19.0 -25.2
216.7 4.0 19.0 -25.2
216.7 4.0 19.0 -25.2
216.7 4.0 19.0 -25.2
216.7 4.0 19.0 -25.2
216.7 4.0 19.0 -25.2
216.7 4.0 19.0 -25.2
216.7 4.0 19.0 -25.2
216.7 4.0 19.0 -25.2
216.7 4.0 19.0 -25.2
216.8 5.0 26.0 -26.4
217.8 7.0 35.0 -30.0
218.1 5.0 22.0 -25.2
218.2 5.0 22.0 -26.4
218.6 5.0 26.0 -26.4
219.1 7.0 33.0 -30.0
219.5 5.0 20.0 -26.4
219.5 5.0 20.0 -26.4
219.5 5.0 20.0 -26.4
219.5 5.0 20.0 -26.4
219.5 5.0 20.0 -26.4
219.5 5.0 20.0 -26.4
219.5 5.0 20.0 -26.4
219.5 5.0 20.0 -26.4
219.5 5.0 20.0 -26.4
219.5 5.0 20.0 -26.4
219.5 5.0 20.0 -26.4
219.5 5.0 20.0 -26.4
219.5 5.0 20.0 -26.4
219.5 5.0 20.0 -26.4
219.5 5.0 20.0 -26.4
219.5 5.0 20.0 -26.4
219.5 5.0 20.0 -26.4
219.5 5.0 20.0 -26.4
219.5 5.0 20.0 -26.4
219.5 5.0 20.0 -26.4
219.5 5.0 20.0 -26.4
219.5 5.0 20.0 -26.4
219.5 5.0 20.0 -26.4
219.5 5.0 20.0 -26.4
219.5 5.0 20.0 -26.4
219.5 5.0 20.0 -26.4
219.5 5.0 20.0 -26.4
219.5 5.0 20.0 -26.4
219.5 5.0 20.0 -26.4
219.5 5.0 20.0 -26.4
219.5 5.0 20.0 -26.4
219.5 5.0 20.0 -26.4
219.5 5.0 20.0 -26.4
219.5 5.0 20.0 -26.4
219.5 5.0 20.0 -26.4
219.5 5.0 20.0 -26.4
219.5 5.0 20.0 -26.4
219.5 5.0 20.0 -26.4
219.5 5.0 20.0 -26.4
219.5 5.0 20.0 -26.4
219.5 5.0 20.0 -26.4
219.5 5.0 20.0 -26.4
219.5 5.0 20.0 -26.4
219.5 5.0 20.0 -26.4
219.5 5.0 20.0 -26.4
219.5 5.0 20.0 -26.4
219.9 7.0 28.0 -28.8
221.0 6.0 23.0 -27.6
221.0 6.0 32.0 -28.8
221.7 5.0 25.0 -26.4
221.9 6.0 32.0 -28.8
222.1 6.0 25.0 -27.6
222.5 6.0 26.0 -27.6
222.6 5.0 26.0 -27.6
222.6 5.0 26.0 -27.6
222.6 5.0 26.0 -27.6
222.6 5.0 26.0 -27.6
222.6 5.0 26.0 -27.6
222.6 5.0 26.0 -27.6
222.6 5.0 26.0 -27.6
222.6 5.0 26.0 -27.6
222.6 5.0 26.0 -27.6
222.6 5.0 26.0 -27.6
222.6 5.0 26.0 -27.6
222.6 5.0 26.0 -27.6
222.6 5.0 26.0 -27.6
222.6 5.0 26.0 -27.6
222.6 5.0 26.0 -27.6
222.6 5.0 26.0 -27.6
222.6 5.0 26.0 -27.6
222.6 5.0 26.0 -27.6
222.6 5.0 26.0 -27.6
222.6 5.0 26.0 -27.6
222.6 5.0 26.0 -27.6
222.6 5.0 26.0 -27.6
222.6 5.0 26.0 -27.6
222.6 5.0 26.0 -27.6
222.6 5.0 26.0 -27.6
222.6 5.0 26.0 -27.6
222.6 5.0 26.0 -27.6
222.6 5.0 26.0 -27.6
222.6 5.0 26.0 -27.6
222.6 5.0 26.0 -27.6
222.6 5.0 26.0 -27.6
222.6 5.0 26.0 -27.6
222.6 5.0 26.0 -27.6
222.6 5.0 26.0 -27.6
222.6 5.0 26.0 -27.6
222.6 5.0 26.0 -27.6
222.6 5.0 26.0 -27.6
222.6 5.0 26.0 -27.6
222.6 5.0 26.0 -27.6
222.6 5.0 26.0 -27.6
225.4 6.0 27.0 -28.8
225.4 6.0 27.0 -28.8
225.4 6.0 27.0 -28.8
225.4 6.0 27.0 -28.8
225.4 6.0 27.0 -28.8
225.4 6.0 27.0 -28.8
225.4 6.0 27.0 -28.8
225.4 6.0 27.0 -28.8
225.4 6.0 27.0 -28.8
225.4 6.0 27.0 -28.8
225.4 6.0 27.0 -28.8
225.4 6.0 27.0 -28.8
225.4 6.0 27.0 -28.8
225.4 6.0 27.0 -28.8
225.4 6.0 27.0 -28.8
225.4 6.0 27.0 -28.8
225.4 6.0 27.0 -28.8
225.4 6.0 27.0 -28.8
225.4 6.0 27.0 -28.8
225.4 6.0 27.0 -28.8
225.4 6.0 27.0 -28.8
225.4 6.0 27.0 -28.8
225.4 6.0 27.0 -28.8
225.4 6.0 27.0 -28.8
225.4 6.0 27.0 -28.8
225.4 6.0 27.0 -28.8
225.4 6.0 27.0 -28.8
225.4 6.0 27.0 -28.8
225.4 6.0 27.0 -28.8
225.4 6.0 27.0 -28.8
225.4 6.0 27.0 -28.8
225.4 6.0 27.0 -28.8
225.5 8.0 33.0 -30.0
226.1 6.0 21.0 -26.4
228.0 7.0 32.0 -30.0
228.7 7.0 35.0 -28.8
228.7 6.0 26.0 -27.6
228.8 8.0 37.0 -30.0
228.9 8.0 30.0 -30.0
229.5 7.0 27.0 -28.8
229.9 5.0 25.0 -27.6
229.9 5.0 25.0 -27.6
229.9 5.0 25.0 -27.6
229.9 5.0 25.0 -27.6
229.9 5.0 25.0 -27.6
229.9 5.0 25.0 -27.6
229.9 5.0 25.0 -27.6
229.9 5.0 25.0 -27.6
229.9 5.0 25.0 -27.6
229.9 5.0 25.0 -27.6
229.9 5.0 25.0 -27.6
229.9 5.0 25.0 -27.6
230.3 7.0 33.0 -30.0
230.8 8.0 31.0 -28.8
230.9 5.0 20.0 -26.4
230.9 5.0 20.0 -26.4
230.9 5.0 20.0 -26.4
231.1 9.0 36.0 -30.0
231.4 6.0 28.0 -28.8
231.4 6.0 28.0 -28.8
232.7 6.0 26.0 -28.8
232.7 6.0 26.0 -28.8
232.7 6.0 26.0 -28.8
232.7 6.0 26.0 -28.8
232.7 6.0 26.0 -28.8
232.7 6.0 26.0 -28.8
232.7 6.0 26.0 -28.8
232.7 6.0 26.0 -28.8
232.7 6.0 26.0 -28.8
232.7 6.0 26.0 -28.8
232.7 6.0 26.0 -28.8
232.7 6.0 26.0 -28.8
232.7 6.0 26.0 -28.8
232.7 6.0 26.0 -28.8
232.7 6.0 26.0 -28.8
232.7 6.0 26.0 -28.8
232.7 6.0 26.0 -28.8
232.7 6.0 26.0 -28.8
232.7 6.0 26.0 -28.8
232.7 6.0 26.0 -28.8
232.7 6.0 26.0 -28.8
232.7 6.0 26.0 -28.8
232.7 6.0 26.0 -28.8
232.7 6.0 26.0 -28.8
232.7 6.0 26.0 -28.8
232.7 6.0 26.0 -28.8
232.7 6.0 26.0 -28.8
232.7 6.0 26.0 -28.8
232.7 6.0 26.0 -28.8
232.7 6.0 26.0 -28.8
232.7 6.0 26.0 -28.8
232.7 6.0 26.0 -28.8
232.7 6.0 26.0 -28.8
232.7 6.0 26.0 -28.8
232.7 6.0 26.0 -28.8
232.7 6.0 26.0 -28.8
232.7 6.0 26.0 -28.8
232.7 6.0 26.0 -28.8
232.7 6.0 26.0 -28.8
232.7 6.0 26.0 -28.8
232.7 6.0 26.0 -28.8
232.7 6.0 26.0 -28.8
232.7 6.0 26.0 -28.8
232.7 6.0 26.0 -28.8
232.7 6.0 26.0 -28.8
232.7 6.0 26.0 -28.8
232.7 6.0 26.0 -28.8
232.7 6.0 26.0 -28.8
232.7 6.0 26.0 -28.8
232.7 6.0 26.0 -28.8
232.7 6.0 26.0 -28.8
232.7 6.0 26.0 -28.8
232.7 6.0 26.0 -28.8
232.7 6.0 26.0 -28.8
232.7 6.0 26.0 -28.8
232.7 6.0 26.0 -28.8
232.7 6.0 26.0 -28.8
232.7 6.0 26.0 -28.8
232.7 6.0 26.0 -28.8
232.7 6.0 26.0 -28.8
232.7 6.0 26.0 -28.8
232.7 6.0 26.0 -28.8
232.7 6.0 26.0 -28.8
232.7 6.0 26.0 -28.8
232.7 6.0 26.0 -28.8
233.7 6.0 21.0 -27.6
233.7 6.0 21.0 -27.6
233.7 6.0 21.0 -27.6
233.7 7.0 27.0 -26.4
233.7 6.0 21.0 -27.6
233.9 6.0 29.0 -27.6
234.1 7.0 32.0 -30.0
234.2 7.0 29.0 -30.0
234.2 7.0 29.0 -30.0
234.2 7.0 29.0 -30.0
234.2 7.0 29.0 -30.0
235.2 7.0 33.0 -30.0
235.2 7.0 24.0 -28.8
235.4 7.0 30.0 -30.0
235.4 7.0 30.0 -30.0
235.8 6.0 32.0 -30.0
235.8 6.0 32.0 -30.0
235.8 6.0 32.0 -30.0
236.3 7.0 26.0 -28.8
236.8 8.0 34.0 -31.2
236.8 6.0 27.0 -28.8
236.9 8.0 33.0 -31.2
237.0 7.0 33.0 -30.0
237.1 5.0 28.0 -27.6
237.2 7.0 26.0 -28.8
238.0 8.0 34.0 -31.2
238.3 7.0 35.0 -30.0
238.6 7.0 33.0 -31.2
238.6 7.0 33.0 -31.2
238.6 7.0 33.0 -31.2
238.6 7.0 33.0 -31.2
238.6 7.0 33.0 -31.2
238.6 7.0 33.0 -31.2
238.6 7.0 33.0 -31.2
238.6 7.0 33.0 -31.2
238.6 7.0 33.0 -31.2
238.6 7.0 33.0 -31.2
238.6 7.0 33.0 -31.2
238.6 7.0 33.0 -31.2
238.6 7.0 33.0 -31.2
238.6 7.0 33.0 -31.2
238.6 7.0 33.0 -31.2
238.6 7.0 33.0 -31.2
238.6 7.0 33.0 -31.2
238.6 7.0 33.0 -31.2
238.6 7.0 33.0 -31.2
238.6 7.0 33.0 -31.2
238.6 7.0 33.0 -31.2
238.6 7.0 33.0 -31.2
238.6 7.0 33.0 -31.2
238.6 7.0 33.0 -31.2
238.6 7.0 33.0 -31.2
238.6 7.0 33.0 -31.2
238.6 7.0 33.0 -31.2
238.6 7.0 33.0 -31.2
238.6 7.0 33.0 -31.2
238.6 7.0 33.0 -31.2
238.6 7.0 33.0 -31.2
238.6 7.0 33.0 -31.2
238.6 7.0 33.0 -31.2
238.6 7.0 33.0 -31.2
238.6 7.0 33.0 -31.2
238.6 7.0 33.0 -31.2
238.6 7.0 33.0 -31.2
238.6 7.0 33.0 -31.2
238.6 7.0 33.0 -31.2
238.6 7.0 33.0 -31.2
238.6 7.0 33.0 -31.2
238.6 7.0 33.0 -31.2
238.6 7.0 33.0 -31.2
238.8 6.0 29.0 -28.8
238.9 8.0 34.0 -31.2
239.3 7.0 27.0 -28.8
239.6 7.0 28.0 -30.0
239.6 7.0 28.0 -30.0
239.7 7.0 29.0 -27.6
239.8 8.0 36.0 -31.2
239.9 6.0 29.0 -28.8
239.9 6.0 29.0 -28.8
239.9 6.0 29.0 -28.8
239.9 6.0 29.0 -28.8
239.9 6.0 29.0 -28.8
239.9 6.0 29.0 -28.8
240.1 6.0 30.0 -28.8
240.1 8.0 36.0 -32.4
241.1 6.0 25.0 -27.6
241.1 8.0 31.0 -31.2
241.2 8.0 38.0 -32.4
241.4 7.0 30.0 -30.0
242.8 9.0 40.0 -33.6
243.0 10.0 41.0 -32.4
244.1 8.0 30.0 -30.0
244.2 8.0 35.0 -31.2
245.5 8.0 33.0 -30.0
245.8 7.0 36.0 -31.2
245.8 7.0 36.0 -31.2
246.0 7.0 33.0 -30.0
246.9 7.0 27.0 -30.0
246.9 7.0 27.0 -30.0
248.4 8.0 30.0 -31.2
248.4 8.0 30.0 -31.2
248.9 7.0 29.0 -30.0
249.8 8.0 33.0 -31.2
250.0 9.0 45.0 -32.4
250.3 6.0 34.0 -30.0
251.0 9.0 35.0 -32.4
251.3 6.0 29.0 -28.8
251.3 8.0 31.0 -30.0
251.5 8.0 34.0 -31.2
251.5 8.0 36.0 -32.4
251.8 7.0 35.0 -31.2
252.6 8.0 41.0 -32.4
252.7 8.0 44.0 -32.4
252.8 8.0 34.0 -32.4
252.8 8.0 34.0 -32.4
252.8 8.0 34.0 -32.4
253.1 7.0 35.0 -31.2
253.1 7.0 35.0 -31.2
253.1 7.0 35.0 -31.2
253.1 7.0 35.0 -31.2
253.1 7.0 35.0 -31.2
253.1 7.0 35.0 -31.2
253.1 7.0 35.0 -31.2
253.1 7.0 35.0 -31.2
253.1 7.0 35.0 -31.2
253.1 7.0 35.0 -31.2
253.7 8.0 45.0 -31.2
253.7 10.0 39.0 -33.6
253.7 9.0 43.0 -33.6
254.1 7.0 30.0 -30.0
254.2 7.0 35.0 -31.2
254.2 7.0 35.0 -31.2
254.2 7.0 35.0 -31.2
254.2 7.0 35.0 -31.2
254.3 9.0 37.0 -33.6
254.3 9.0 37.0 -33.6
254.3 9.0 37.0 -33.6
254.5 8.0 36.0 -31.2
254.6 8.0 38.0 -32.4
254.8 8.0 36.0 -32.4
254.9 10.0 41.0 -31.2
255.0 8.0 42.0 -32.4
255.9 7.0 31.0 -30.0
259.0 8.0 42.0 -33.6
259.0 8.0 42.0 -33.6
259.0 8.0 42.0 -33.6
259.0 8.0 42.0 -33.6
259.0 8.0 42.0 -33.6
263.3 8.0 40.0 -32.4
263.6 9.0 36.0 -31.2
264.5 7.0 35.0 -31.2
264.5 10.0 42.0 -34.8
265.9 8.0 38.0 -31.2
267.2 10.0 38.0 -33.6
267.4 8.0 41.0 -33.6
267.4 8.0 41.0 -33.6
267.4 8.0 41.0 -33.6
267.4 8.0 41.0 -33.6
267.4 8.0 41.0 -33.6
268.4 8.0 36.0 -32.4
268.8 9.0 37.0 -33.6
269.1 8.0 37.0 -32.4
269.1 8.0 37.0 -32.4
270.4 8.0 38.0 -32.4
271.7 10.0 41.0 -34.8
271.7 10.0 41.0 -34.8
273.0 11.0 44.0 -36.0
273.3 9.0 48.0 -36.0
280.9 8.0 41.0 -33.6
287.5 10.0 49.0 -37.2
288.2 10.0 42.0 -34.8
289.5 9.0 46.0 -34.8
289.5 9.0 46.0 -34.8
