1000100010100111101100111000010000000110001
1000100010100111101100111000010000000110001
1000100010100111101100111000010000000110001
1000100010100111110100111000010000000110001
1000100010100111101100111100010000000110001
1000100010100111101100111100010000000110001
1000100010100111101100111100010000000110001
1000100010100111110100111100010000000110001
1000100010100111110100111100010000000110001
1000100010100111110100111000010000000110101
1000100010100111110100111000010000000110101
1000100010100111111100111100010000000110001
1000100010100111111100111100010000000110001
1000100010100111111100111100010000000110001
1000100010100111101100111100010000000110101
1000100010100111101100111100010000000110101
1000100010100111101100111100010000000110101
1000100010100111110100111100010000000110101
1000100010100111110100111100010000000110101
1000100010100111101100111000011000000110001
1000100010100111101100111000011000000110001
1000100010100111111100111100010000000110101
1000100010100111111100111100010000000110101
1000100010100111111100111100010000000110101
1000100010100111110100111000011000000110001
1000100010100111110100111000011000000110001
1000100010100111110100111000110010000010001
1000100010100111110100111000110010000010001
1000100010100111111100111000110010000010001
1000100010100111111100111000110010000010001
1000100010100111111100111000110010000010001
1000100010100111110100111100011000000110001
1000100010100111110100111100011000000110001
1000100010100111110100111000011000000110101
1000100010100111110100111000011000000110101
1000100010100111111100111100011000000110001
1000100010100111111100111100011000000110001
1000100010100111110100111000110010000010101
1000100010100111110100111000110010000010101
1000100010100111111100111000110010000010101
1000100010100111111100111100010000001110101
1000100010100111111100111100010000001110101
1000100010100111111100111100010000001110101
1011100010100111110100111000010000000110101
1011100010100111110100111000010000000110101
1011100010100111111100111100010000000110001
1011100010100111111100111100010000000110001
1000100010100111110100111100110010000110001
1000100010100111111100111100011000000110101
1000100010100111111100111100011000000110101
1000100010100111111100111100110010000010101
1000100010100111001100111001110010001110001
1011100010100111110100111100010000000110101
1011100010100111110100111100010000000110101
1011100010100111111100111100010000000110101
1011100010100111111100111100010000000110101
1011100010100111111100111100010000000110101
1000100010100111110100111100110010000110101
1000100010100111111100111100110010000110101
1000100010100111111100111100110010000110101
1000100010100111001100111001110010001110101
1000100010100111001100111001110010001110101
1000100010100111001100111001110010001110101
1000100010100111101100111100110010001110101
1000100010100111101100111100110010001110101
1000100010100111001100111101110010001110101
1000100010100111001100111101110010001110101
1011100010100111111100111100010000001110101
1011100010100111111100111100010000001110101
1011100010100111111100111100010000001110101
1000100010100111111100111100110010001110101
1000100010100111111100111100110010001110101
1000100110100111000100111001110110001110001
1000100110100111000100111001110110001110001
1000100110100111001100111001110110001110001
1000100110100111001100111001110110001110001
1000100010100111111100111100111010000110101
1000100010100111111100111100111010000110101
1000100110100111111100111000110110001110001
1000111010111111111100111100010000000110101
1000100110100111000100111001110110001110101
1000100110100111000100111001110110001110101
1000100110100111001100111101110110001110001
1000100110100111001100111101110110001110001
1011100010100111111100111100110010000110101
1011100010100111111100111100110010000110101
1000100110100111001100111001110110001110101
1000100110100111001100111001110110001110101
1000100110100111000100111101110110001110101
1000100110100111001100111101110110001110101
1000100110100111001100111101110110001110101
1000100110100111000100111001111110001110001
1000100110100111000100111001111110001110001
1000100110100111111100111100110110001110101
1000100111100111000100101001110110001110001
1000100110100111000100111101111110001110001
1000100110100111000100111101111110001110001
1000100110100111000100111101111110001110001
1000100110100111000100111001111110001110101
1000100110100111000100111001111110001110101
1000100111100111000100111001110110001110001
1000100111100111000100111001110110001110001
1011100110100111001100111001110110001110001
1011100110100111001100111001110110001110001
1000100111100111000100111001110110001110001
1011101010111111111100111100010000001110101
1011101010111111111100111100010000001110101
1011101010111111111100111100010000001110101
1000100110100111001100111001111110001110101
1000100110100111001100111001111110001110101
1000100111100111001100111001110110001110001
1000101110101111000100111001110110001110001
1000100110100111111100111100111110001110001
1000101110101111001100111001110110001110001
1000101110101111001100111001110110001110001
1000101110111111001100111001110110001110001
1000101110111111001100111001110110001110001
1000100110100111000100111101111110001110101
1000100110100111001100111101111110001110101
1000101110101111000100111101110110001110001
1000101110101111000100111101110110001110001
1000100110100111111100111100111110001110101
1000101110101111000100111001110110001110101
1000101110101111001100111101110110001110001
1000101110101111001100111101110110001110001
1000101110101111001100111001110110001110101
1000101110101111001100111001110110001110101
1000101110111111001100111101110110001110001
1000101110111111001100111101110110001110001
1000101110111111001100111001110110001110101
1000101110111111001100111001110110001110101
1000101110111111111100111100110110001110001
1000101110111111111100111100110110001110001
1000101110111111111100111100110110001110001
1000101110111111111100111000110110001110101
1000101110111111111100111000110110001110101
1000101110101111000100111101110110001110101
1000101110101111000100111101110110001110101
1000100111100111000100111001111110001110001
1000100111100111000100111001111110001110001
1000100111100111000100111001111110001110001
1000101110101111001100111101110110001110101
1000101110101111001100111101110110001110101
1000101110111111001100111101110110001110101
1000101110111111001100111101110110001110101
1000101110101111000100111001111110001110001
1000101110101111000100111001111110001110001
1000101111101111000100101001110110001110001
1000101111101111000100101001110110001110001
1000101111101111000100101001110110001110001
1000101110111111111100111100110110001110101
1000101110111111111100111100110110001110101
1000101110111111111100111100110110001110101
1000101111101111001100101001110110001110001
1000101111101111001100101001110110001110001
1000101110101111000100111101111110001110001
1000101110101111000100111101111110001110001
1000101110101111000100111001111110001110101
1000101110101111000100111001111110001110101
1000101110101111001100111101111110001110001
1000101110101111001100111101111110001110001
1000101111101111000100111001110110001110001
1000101111101111000100111001110110001110001
1000101111101111000100111001110110001110001
1000101110101111001100111001111110001110101
1000101110101111001100111001111110001110101
1000101110111111001100111101111110001110001
1000101111101111001100111001110110001110001
1000101110111111001100111101111110001110001
1000101111101111001100111001110110001110001
1000101110111111001100111001111110001110101
1000101110111111001100111001111110001110101
1000101111111111001100111001110110001110001
1000101111111111001100111001110110001110001
1000101110111111111100111100111110001110001
1000101110111111111100111100111110001110001
1000101110111111111100111000111110001110101
1000101110111111111100111000111110001110101
1011101110101111000100111101110110001110001
1011101110101111000100111101110110001110001
1000101110101111000100111101111110001110101
1000101110101111000100111101111110001110101
1000101111101111000100111101110110001110001
1011101110101111001100111101110110001110001
1011101110111111101100111100110110001110001
1011101110111111101100111100110110001110001
1000101110101111001100111101111110001110101
1000101110101111001100111101111110001110101
1000101111101111000100111001110110001110101
1000101111101111000100111001110110001110101
1000101111101111001100111101110110001110001
1000101111101111001100111101110110001110001
1011101110111111001100111101110110001110001
1011101110111111001100111101110110001110001
1000101111101111001100111001110110001110101
1000101110111111001100111101111110001110101
1000101110111111001100111101111110001110101
1000101111101111001100111001110110001110101
1000101111111111001100111101110110001110001
1000101111111111001100111101110110001110001
1000101111111111001100111001110110001110101
1000101111111111001100111001110110001110101
1011101110111111111100111100110110001110001
1011101110111111111100111100110110001110001
1011101110111111111100111100110110001110001
1000101110111111111100111100111110001110101
1000101110111111111100111100111110001110101
1011101110101111000100111101110110001110101
1011101110101111000100111101110110001110101
1011101110101111001100111101110110001110101
1000101111101111000100111101110110001110101
1011101110111111101100111100110110001110101
1011101110111111101100111100110110001110101
1000101111101111001100111101110110001110101
1000101111101111001100111101110110001110101
1011101110111111001100111101110110001110101
1011101110111111001100111101110110001110101
1000101111111111001100111101110110001110101
1000101111111111001100111101110110001110101
1000101111101111000100111001111110001110001
1000101111101111000100111001111110001110001
1000101111101111000100111001111110001110001
1011101110111111111100111100110110001110101
1011101110111111111100111100110110001110101
1011101110111111111100111100110110001110101
1011101110101111000100111101111110001110001
1011101110101111000100111101111110001110001
1011101110101111000100111001111110001110101
1011101110101111000100111001111110001110101
1000101111101111000100111101111110001110001
1000101111101111000100111101111110001110001
1000101111101111000100111001111110001110101
1000101111101111000100111001111110001110101
1000101111101111001100111101111110001110001
1000101111101111001100111101111110001110001
1011101110111111001100111101111110001110001
1011101110111111001100111101111110001110001
1000101111101111001100111001111110001110101
1000101111101111001100111001111110001110101
1011101110111111001100111001111110001110101
1011101110111111001100111001111110001110101
1000101111111111001100111101111110001110001
1000101111111111001100111101111110001110001
1000101111111111001100111001111110001110101
1000101111111111001100111001111110001110101
1011101110111111111100111100111110001110001
1011101110111111111100111100111110001110001
1011101110111111111100111000111110001110101
1011101110111111111100111000111110001110101
1011101110101111000100111101111110001110101
1011101110101111000100111101111110001110101
1011101111101111000100111101110110001110001
1011101111101111000100111101110110001110001
1011101110101111001100111101111110001110101
1011101110101111001100111101111110001110101
1011101110111111101100111100111110001110101
1011101110111111101100111100111110001110101
1011101111101111001100111101110110001110001
1011101111101111001100111101110110001110001
1000101111101111001100111101111110001110101
1000101111101111001100111101111110001110101
1011101110111111001100111101111110001110101
1011101110111111001100111101111110001110101
1011101111111111001100111101110110001110001
1011101111111111001100111101110110001110001
1000101111111111001100111101111110001110101
1000101111111111001100111101111110001110101
1011101110111111111100111100111110001110101
1011101110111111111100111100111110001110101
1011101110111111111100111100111110001110101
1011101111101111000100111101110110001110101
1011101111101111000100111101110110001110101
1000101111101111000101101001110110001111001
1000101111101111000101101001110110001111001
1011101111101111001100111101110110001110101
1011101111101111001100111101110110001110101
1011101111111111001100111101110110001110101
1011101111111111001100111101110110001110101
1000101111111111001101101001110110001111001
1000101111111111001101101001110110001111001
1011101111101111000100111001111110001110001
1011101111101111000100111001111110001110001
1100101110101111001101111101110110001111001
1100101110101111001101111101110110001111001
1000101111101111000101101001110110001111101
1000101111101111000101101001110110001111101
1011101111101111000100111101111110001110001
1011101111101111000100111101111110001110001
1011101111101111000100111001111110001110101
1011101111101111000100111001111110001110101
1011101111101111001100111101111110001110001
1011101111101111001100111101111110001110001
1100101110101111001101111101110110001111101
1100101110101111001101111101110110001111101
1011111110111111101100111100111110001110101
1011111110111111101100111100111110001110101
1011101111111111001100111101111110001110001
1011101111111111001100111101111110001110001
1100101110111111001101111101110110001111101
1100101110111111001101111101110110001111101
1011111110111111001100111101111110001110101
1011111110111111001100111101111110001110101
1000101111101111000101111001110110001111101
1100101110101111001101111001111110001111001
1011111110111111111100111100111110001110101
1011111110111111111100111100111110001110101
1011111110111111111100111100111110001110101
1011101110111111001100111101111110101110101
1011101110111111001100111101111110101110101
1011101111101111000100111101111110001110101
1011101111101111000100111101111110001110101
1000101111101111000101101001111110001111001
1000101111101111000101101001111110001111001
1000101111101111000101101001111110001111001
1011101111101111001100111101111110001110101
1011101111101111001100111101111110001110101
1011101111111111001100111101111110001110101
1011101111111111001100111101111110001110101
1011101110111111111100111100111110101110101
1011101110111111111100111100111110101110101
1111101110101111000101111001110110001111001
1100101110101111001101111001111110001111101
1100101110101111001101111001111110001111101
1111101110111111001101111001110110001111001
1111101110111111001101111001110110001111001
1000101111101111000101111001111110001111001
1000101111101111000101111001111110001111001
1000101111101111000101111001111110001111001
1011101110111111111101111100110110001111101
1011101110111111111101111100110110001111101
1111101110101111000101111101110110001111001
1111101110101111000101111101110110001111001
1111101110101111001101111101110110001111001
1111101110101111001101111001110110001111101
1111101110101111001101111001110110001111101
1111101110111111001101111101110110001111001
1111101110111111001101111101110110001111001
1111101110111111001101111001110110001111101
1111101110111111001101111001110110001111101
1000101111101111000101111001111110001111101
1000101111101111000101111001111110001111101
1111101110111111111101111100110110001111001
1000101111101111000101111001111110001111101
1111101110111111111101111000110110001111101
1111101110111111111101111000110110001111101
1111101110101111000101111101110110001111101
1111101110101111000101111101110110001111101
1011111110111111001100111101111110101110101
1011111110111111001100111101111110101110101
1111101110111111001101111101110110001111101
1111101110111111001101111101110110001111101
1011111110111111111100111100111110001110111
1101101110101111001101111101110110101111101
1011111110111111111100111100111110101110101
1011111110111111111100111100111110101110101
1111101110101111000101111001111110001111001
1111101110101111000101111001111110001111001
1111101110111111111101111100110110001111101
1111101110111111111101111100110110001111101
1111101110111111001101111001111110001111001
1111101110111111001101111001111110001111001
1111101110101111000101111101111110001111001
1111101110101111000101111101111110001111001
1111101110101111000101111001111110001111101
1111101110101111000101111001111110001111101
1111101111101111000101111001110110001111001
1111101110101111001101111001111110001111101
1111101111101111001101111001110110001111001
1111101111101111001101111001110110001111001
1111101110111111001101111001111110001111101
1111101110111111001101111001111110001111101
1111101111111111001101111001110110001111001
1111101111111111001101111001110110001111001
1111101110111111111101111100111110001111001
1111101110111111111101111100111110001111001
1111101110111111111101111000111110001111101
1111101110111111111101111000111110001111101
1111101110101111000101111101111110001111101
1111101110101111000101111101111110001111101
1100101111101111000101111101111110001111101
1100101111101111000101111101111110001111101
1111101110111111101101111100111110001111101
1111101110111111101101111100111110001111101
1111101111101111001101111101110110001111001
1111101111101111001101111101110110001111001
1111101111101111001101111001110110001111101
1111101111101111001101111001110110001111101
1111101111111111001101111101110110001111001
1111101111111111001101111101110110001111001
1111101111111111001101111001110110001111101
1111101111111111001101111001110110001111101
1111101110111111111101111100111110001111101
1111101110111111111101111100111110001111101
1111101111101111000101111101110110001111101
1111101111101111000101111101110110001111101
1111101111101111000101111101110110001111101
1111101111111111000101111101110110001111101
1111101111111111001101111101110110001111101
1111101111111111001101111101110110001111101
1111101111101111000101111001111110001111001
1111101111101111000101111001111110001111001
1111101111101111000101111001111110001111001
1111101111111111111101111100110110001111101
1111101111111111111101111100110110001111101
1111101110111111011101111100111110011111101
1111101110111111011101111100111110011111101
1111101110111111011101111100111110011111101
1111101111101111000101111101111110001111001
1111101111101111000101111101111110001111001
1111101111101111000101111001111110001111101
1111101111101111000101111001111110001111101
1111101111101111000101111001111110001111101
1111101111101111001101111101111110001111001
1111101111101111001101111101111110001111001
1111101111101111001101111001111110001111101
1111101111101111001101111001111110001111101
1111101111111111001101111101111110001111001
1111101111111111001101111101111110001111001
1111111110111111001101111101111110001111101
1111101111111111001101111001111110001111101
1111101111111111001101111001111110001111101
1111111110111111111101111100111110001111101
1111101111111111011101111100110110011111101
1111111110111111111101111100111110001111101
1111101111111111011101111100110110011111101
1111111110111111111101111100111110001111101
1111101110111111001101111101111110101111101
1111101110111111001101111101111110101111101
1111101111101111000101111101111110001111101
1111101111101111000101111101111110001111101
1111101111101111001101111101111110001111101
1111101111101111001101111101111110001111101
1111101111111111001101111101111110001111101
1111101111111111001101111101111110001111101
1111101110111111111101111100111110101111101
1111101110111111111101111100111110101111101
1111101111111111111101111100111110001111101
1111101111111111111101111100111110001111101
1111101111111111111101111100111110001111101
1111101111101111000101111001111110101111101
1111101111101111000101111001111110101111101
1111101111101111000101111001111110101111101
1111111111111111011101111100110110011111101
1111111111111111011101111100110110011111101
1111101111101111001101111001111110101111101
1111101111101111001101111001111110101111101
1111111110111111001101111101111110101111101
1111101111111111001101111001111110101111101
1111101111111111001101111001111110101111101
1111111111101111000101111101111110001111101
1111111111101111001101111101111110001111101
1111111110111111111101111110111110001111101
1111111110111111111101111100111110001111111
1111111111111111001101111101111110001111101
1111111111111111001101111101111110001111101
1111111110111111111101111100111110101111101
1111111110111111111101111100111110101111101
1111101111101111000101111101111110101111101
1111101111101111000101111101111110101111101
1111101111101111000101111101111110101111101
1111111111111111111101111100111110001111101
1111111111111111111101111100111110001111101
1111101111101111001101111101111110101111101
1111101111101111001101111101111110101111101
1111101111101111001101111101111110101111101
1111101111111111001101111101111110101111101
1111101111111111001101111101111110101111101
1111101111111111111101111100111110101111101
1111101111111111111101111100111110101111101
1111101111111111111101111100111110101111101
1111101111111111010101111100111110111111101
1111101111111111010101111100111110111111101
1111101111111111010101111100111110111111101
1111101111111111011101111100111110111111101
1111101111111111011101111100111110111111101
1111111111101111001101111101111110101111101
1111111111101111001101111101111110101111101
1111111111101111001101111101111110101111101
1111111110111111111101111110111110101111101
1111111110111111111101111110111110101111101
1111111110111111111101111110111110101111101
1111111111111111001101111101111110101111101
1111111111111111001101111101111110101111101
1111111111111111001101111101111110101111101
1111111111111111111101111100111110001111111
1111111111111111111101111100111110001111111
1111111111111111111101111100111110101111101
1111111111111111111101111100111110101111101
1111111111111111011101111100111110111111101
1111111111111111011101111100111110111111101
1111111111111111011101111100111110111111101
1111111110111111111101111110111110101111111
1111111110111111111101111110111110101111111
1111111110111111111101111110111110101111111
1111111111111111111101111100111110101111111
1111111111111111111101111100111110101111111
1111111111111111111101111100111110101111111
1111111111111111111101111110111110101111111
1111111111111111111101111110111110101111111
1111111111111111111101111110111110101111111
