160.8 11.0 58.0 -22.8
160.8 11.0 58.0 -22.8
160.8 11.0 58.0 -22.8
166.0 12.0 63.0 -24.0
166.6 12.0 62.0 -24.0
166.6 12.0 62.0 -24.0
167.9 12.0 77.0 -25.2
167.9 12.0 77.0 -25.2
167.9 12.0 77.0 -25.2
173.0 12.0 77.0 -26.4
173.0 12.0 77.0 -26.4
173.0 12.0 77.0 -26.4
177.5 13.0 68.0 -25.2
177.5 13.0 68.0 -25.2
178.0 11.0 58.0 -25.2
183.2 12.0 63.0 -26.4
183.8 12.0 62.0 -26.4
183.8 12.0 62.0 -26.4
183.9 13.0 83.0 -27.6
183.9 13.0 83.0 -27.6
183.9 13.0 83.0 -27.6
189.0 14.0 74.0 -27.6
189.0 14.0 74.0 -27.6
189.1 11.0 58.0 -26.4
189.1 11.0 58.0 -26.4
190.7 11.0 56.0 -25.2
190.7 11.0 56.0 -25.2
190.7 11.0 56.0 -25.2
191.8 14.0 84.0 -28.8
191.8 14.0 84.0 -28.8
191.8 14.0 84.0 -28.8
192.2 13.0 74.0 -27.6
192.2 13.0 74.0 -27.6
192.4 10.0 57.0 -25.2
192.4 10.0 57.0 -25.2
192.4 10.0 57.0 -25.2
194.2 15.0 79.0 -28.8
194.2 15.0 79.0 -28.8
194.3 13.0 70.0 -27.6
194.3 13.0 70.0 -27.6
194.9 12.0 62.0 -27.6
194.9 12.0 62.0 -27.6
197.4 14.0 79.0 -28.8
197.4 14.0 79.0 -28.8
198.0 14.0 78.0 -28.8
198.0 14.0 78.0 -28.8
198.0 14.0 78.0 -28.8
200.1 14.0 74.0 -28.8
200.1 14.0 74.0 -28.8
200.3 17.0 99.0 -30.0
200.4 13.0 70.0 -28.8
200.4 13.0 70.0 -28.8
202.4 16.0 94.0 -30.0
202.4 16.0 94.0 -30.0
202.7 15.0 90.0 -30.0
202.7 15.0 90.0 -30.0
203.2 15.0 83.0 -30.0
203.2 15.0 83.0 -30.0
203.5 10.0 57.0 -26.4
203.5 10.0 57.0 -26.4
203.5 10.0 57.0 -26.4
205.4 17.0 99.0 -31.2
205.4 17.0 99.0 -31.2
205.4 17.0 99.0 -31.2
206.2 14.0 74.0 -30.0
206.3 12.0 58.0 -27.6
206.3 12.0 58.0 -27.6
206.3 12.0 58.0 -27.6
207.5 17.0 95.0 -31.2
207.5 17.0 95.0 -31.2
207.9 13.0 65.0 -28.8
207.9 13.0 65.0 -28.8
207.9 13.0 65.0 -28.8
209.3 11.0 61.0 -27.6
209.3 11.0 61.0 -27.6
209.3 11.0 61.0 -27.6
211.3 16.0 94.0 -31.2
211.5 13.0 63.0 -28.8
211.5 13.0 70.0 -30.0
211.5 13.0 63.0 -28.8
211.5 13.0 70.0 -30.0
212.1 13.0 62.0 -28.8
212.1 13.0 62.0 -28.8
213.0 17.0 86.0 -31.2
213.0 17.0 86.0 -31.2
213.7 14.0 69.0 -30.0
213.7 14.0 69.0 -30.0
214.1 16.0 89.0 -31.2
214.1 16.0 89.0 -31.2
214.6 15.0 86.0 -31.2
214.6 15.0 86.0 -31.2
214.9 16.0 83.0 -31.2
214.9 16.0 83.0 -31.2
215.2 19.0 102.0 -32.4
215.2 19.0 102.0 -32.4
215.2 19.0 102.0 -32.4
215.5 16.0 82.0 -31.2
215.5 16.0 82.0 -31.2
216.5 13.0 66.0 -30.0
216.5 17.0 99.0 -32.4
216.5 13.0 66.0 -30.0
217.0 11.0 59.0 -27.6
217.3 14.0 74.0 -31.2
217.3 14.0 74.0 -31.2
219.8 16.0 91.0 -32.4
219.8 13.0 60.0 -28.8
219.8 13.0 60.0 -28.8
219.8 16.0 91.0 -32.4
220.4 16.0 90.0 -32.4
220.4 16.0 90.0 -32.4
220.7 17.0 87.0 -32.4
220.7 17.0 87.0 -32.4
222.0 18.0 107.0 -33.6
222.0 18.0 107.0 -33.6
222.0 18.0 107.0 -33.6
222.6 18.0 106.0 -33.6
222.6 13.0 63.0 -30.0
222.6 18.0 106.0 -33.6
222.6 13.0 63.0 -30.0
223.4 12.0 60.0 -28.8
223.4 12.0 60.0 -28.8
224.1 17.0 86.0 -32.4
224.1 17.0 86.0 -32.4
225.0 14.0 72.0 -31.2
225.0 14.0 72.0 -31.2
225.0 14.0 72.0 -31.2
225.6 17.0 95.0 -33.6
225.6 17.0 95.0 -33.6
225.7 15.0 86.0 -32.4
225.7 15.0 86.0 -32.4
226.0 16.0 83.0 -32.4
226.0 16.0 83.0 -32.4
227.8 19.0 111.0 -34.8
227.8 19.0 111.0 -34.8
227.8 19.0 111.0 -34.8
227.9 13.0 62.0 -30.0
227.9 13.0 62.0 -30.0
228.4 14.0 67.0 -31.2
228.4 14.0 67.0 -31.2
229.4 15.0 78.0 -32.4
229.4 15.0 78.0 -32.4
230.8 15.0 76.0 -32.4
230.8 15.0 76.0 -32.4
230.9 13.0 60.0 -30.0
230.9 13.0 60.0 -30.0
230.9 16.0 91.0 -33.6
230.9 16.0 91.0 -33.6
231.5 16.0 90.0 -33.6
231.5 16.0 90.0 -33.6
231.8 17.0 87.0 -33.6
231.8 17.0 87.0 -33.6
233.1 18.0 107.0 -34.8
233.1 18.0 107.0 -34.8
233.7 18.0 106.0 -34.8
233.7 14.0 66.0 -31.2
233.7 14.0 66.0 -31.2
233.7 18.0 106.0 -34.8
233.8 15.0 75.0 -32.4
233.8 15.0 75.0 -32.4
234.6 16.0 83.0 -33.6
234.6 16.0 83.0 -33.6
235.9 18.0 102.0 -34.8
235.9 18.0 102.0 -34.8
236.0 13.0 66.0 -31.2
236.0 13.0 66.0 -31.2
236.1 14.0 65.0 -31.2
236.5 18.0 101.0 -34.8
236.5 18.0 101.0 -34.8
236.7 14.0 64.0 -31.2
236.7 17.0 95.0 -34.8
236.7 17.0 95.0 -34.8
237.8 11.0 59.0 -28.8
237.8 11.0 59.0 -28.8
238.7 20.0 117.0 -36.0
238.7 20.0 117.0 -36.0
238.9 15.0 71.0 -32.4
238.9 19.0 111.0 -36.0
238.9 19.0 111.0 -36.0
238.9 15.0 71.0 -32.4
239.0 13.0 62.0 -31.2
239.0 13.0 62.0 -31.2
239.5 19.0 94.0 -34.8
239.5 19.0 94.0 -34.8
239.6 16.0 79.0 -33.6
239.6 16.0 79.0 -33.6
239.7 14.0 70.0 -32.4
239.7 14.0 70.0 -32.4
240.4 17.0 87.0 -34.8
240.4 17.0 87.0 -34.8
240.5 15.0 78.0 -33.6
240.5 15.0 78.0 -33.6
241.9 15.0 69.0 -32.4
241.9 15.0 69.0 -32.4
241.9 15.0 69.0 -32.4
243.6 12.0 63.0 -30.0
243.6 12.0 63.0 -30.0
243.6 12.0 63.0 -30.0
244.2 14.0 67.0 -32.4
244.2 14.0 67.0 -32.4
244.4 19.0 102.0 -36.0
244.4 19.0 102.0 -36.0
244.8 14.0 66.0 -32.4
244.8 14.0 66.0 -32.4
244.9 15.0 75.0 -33.6
244.9 15.0 75.0 -33.6
245.5 15.0 74.0 -33.6
245.5 15.0 74.0 -33.6
245.7 16.0 83.0 -34.8
245.7 16.0 83.0 -34.8
246.3 16.0 82.0 -34.8
246.3 16.0 82.0 -34.8
246.6 21.0 118.0 -37.2
246.6 21.0 118.0 -37.2
246.6 21.0 118.0 -37.2
247.0 18.0 102.0 -36.0
247.0 18.0 102.0 -36.0
247.6 18.0 101.0 -36.0
247.6 18.0 101.0 -36.0
249.7 18.0 98.0 -36.0
249.7 18.0 98.0 -36.0
250.0 15.0 71.0 -33.6
250.0 15.0 71.0 -33.6
250.3 18.0 97.0 -36.0
250.3 18.0 97.0 -36.0
250.6 19.0 94.0 -36.0
250.6 19.0 94.0 -36.0
250.7 16.0 79.0 -34.8
250.7 16.0 79.0 -34.8
251.5 17.0 87.0 -36.0
251.5 17.0 87.0 -36.0
251.9 20.0 114.0 -37.2
251.9 20.0 114.0 -37.2
251.9 20.0 114.0 -37.2
252.4 20.0 113.0 -37.2
252.5 14.0 64.0 -32.4
252.5 14.0 64.0 -32.4
254.7 20.0 109.0 -37.2
254.7 20.0 109.0 -37.2
255.3 20.0 108.0 -37.2
255.3 20.0 108.0 -37.2
255.5 19.0 102.0 -37.2
255.5 19.0 102.0 -37.2
257.5 22.0 124.0 -38.4
257.5 22.0 124.0 -38.4
257.5 22.0 124.0 -38.4
257.7 15.0 69.0 -33.6
257.7 21.0 118.0 -38.4
258.3 15.0 68.0 -33.6
258.3 15.0 68.0 -33.6
258.4 16.0 77.0 -34.8
258.4 16.0 77.0 -34.8
258.5 13.0 62.0 -32.4
258.5 13.0 62.0 -32.4
258.5 13.0 62.0 -32.4
259.0 16.0 76.0 -34.8
259.0 16.0 76.0 -34.8
259.2 14.0 70.0 -33.6
259.2 17.0 85.0 -36.0
259.2 14.0 70.0 -33.6
259.2 17.0 85.0 -36.0
259.8 17.0 84.0 -36.0
259.8 17.0 84.0 -36.0
260.0 15.0 78.0 -34.8
260.0 15.0 78.0 -34.8
261.4 19.0 101.0 -37.2
261.8 18.0 94.0 -37.2
261.8 18.0 94.0 -37.2
263.0 16.0 74.0 -34.8
263.0 16.0 74.0 -34.8
263.5 16.0 73.0 -34.8
263.5 16.0 73.0 -34.8
263.7 14.0 67.0 -33.6
263.7 17.0 82.0 -36.0
263.7 14.0 67.0 -33.6
264.2 17.0 81.0 -36.0
264.2 17.0 81.0 -36.0
264.3 14.0 66.0 -33.6
264.3 14.0 66.0 -33.6
264.4 15.0 75.0 -34.8
264.4 15.0 75.0 -34.8
264.5 18.0 90.0 -37.2
264.5 18.0 90.0 -37.2
265.0 18.0 89.0 -37.2
265.0 15.0 74.0 -34.8
265.0 15.0 74.0 -34.8
265.0 18.0 89.0 -37.2
265.2 16.0 83.0 -36.0
265.2 16.0 83.0 -36.0
265.6 21.0 115.0 -38.4
265.6 21.0 115.0 -38.4
265.6 21.0 115.0 -38.4
265.8 20.0 109.0 -38.4
265.8 16.0 82.0 -36.0
265.8 20.0 109.0 -38.4
265.8 16.0 82.0 -36.0
266.4 20.0 108.0 -38.4
266.4 20.0 108.0 -38.4
266.7 20.0 106.0 -38.4
267.2 20.0 105.0 -38.4
268.8 17.0 78.0 -36.0
268.8 17.0 78.0 -36.0
269.5 20.0 101.0 -38.4
269.5 15.0 71.0 -34.8
269.6 18.0 86.0 -37.2
269.6 18.0 86.0 -37.2
270.2 16.0 79.0 -36.0
270.2 16.0 79.0 -36.0
270.3 19.0 94.0 -38.4
270.3 19.0 94.0 -38.4
271.0 17.0 87.0 -37.2
271.0 17.0 87.0 -37.2
271.2 22.0 120.0 -39.6
271.2 22.0 120.0 -39.6
271.2 22.0 120.0 -39.6
272.0 14.0 64.0 -33.6
272.0 14.0 64.0 -33.6
272.0 14.0 64.0 -33.6
272.5 21.0 110.0 -39.6
276.5 17.0 76.0 -36.0
276.5 17.0 76.0 -36.0
277.1 17.0 75.0 -36.0
277.1 17.0 75.0 -36.0
277.2 15.0 69.0 -34.8
277.2 15.0 69.0 -34.8
277.8 15.0 68.0 -34.8
277.8 15.0 68.0 -34.8
277.8 15.0 68.0 -34.8
277.9 16.0 77.0 -36.0
277.9 16.0 77.0 -36.0
278.0 19.0 92.0 -38.4
278.0 19.0 92.0 -38.4
278.5 16.0 76.0 -36.0
278.5 16.0 76.0 -36.0
278.6 19.0 91.0 -38.4
278.6 19.0 91.0 -38.4
278.7 17.0 85.0 -37.2
278.7 17.0 85.0 -37.2
279.3 17.0 84.0 -37.2
280.2 21.0 108.0 -39.6
280.2 21.0 108.0 -39.6
280.2 21.0 108.0 -39.6
280.6 20.0 101.0 -39.6
280.6 20.0 101.0 -39.6
281.3 18.0 94.0 -38.4
281.3 18.0 94.0 -38.4
282.1 23.0 126.0 -40.8
282.3 18.0 80.0 -37.2
282.3 18.0 80.0 -37.2
282.5 16.0 74.0 -36.0
282.5 16.0 74.0 -36.0
283.0 16.0 73.0 -36.0
283.0 19.0 88.0 -38.4
283.0 16.0 73.0 -36.0
283.2 17.0 82.0 -37.2
283.2 17.0 82.0 -37.2
283.7 17.0 81.0 -37.2
283.7 17.0 81.0 -37.2
283.8 20.0 96.0 -39.6
283.8 20.0 96.0 -39.6
284.0 18.0 90.0 -38.4
284.0 18.0 90.0 -38.4
284.5 18.0 89.0 -38.4
284.5 18.0 89.0 -38.4
286.0 22.0 112.0 -40.8
286.0 22.0 112.0 -40.8
286.0 22.0 112.0 -40.8
288.3 17.0 78.0 -37.2
288.3 17.0 78.0 -37.2
288.3 17.0 78.0 -37.2
289.0 18.0 86.0 -38.4
289.0 18.0 86.0 -38.4
289.8 19.0 94.0 -39.6
289.8 19.0 94.0 -39.6
290.8 16.0 71.0 -36.0
290.8 16.0 71.0 -36.0
290.8 16.0 71.0 -36.0
292.0 21.0 110.0 -40.8
292.0 21.0 110.0 -40.8
294.1 21.0 103.0 -40.8
294.1 21.0 103.0 -40.8
294.1 21.0 103.0 -40.8
296.0 17.0 76.0 -37.2
296.0 17.0 76.0 -37.2
296.0 17.0 76.0 -37.2
296.6 17.0 75.0 -37.2
296.6 17.0 75.0 -37.2
296.6 17.0 75.0 -37.2
296.7 18.0 84.0 -38.4
296.7 18.0 84.0 -38.4
297.3 18.0 83.0 -38.4
297.3 18.0 83.0 -38.4
297.5 19.0 92.0 -39.6
297.5 19.0 92.0 -39.6
297.9 21.0 102.0 -40.8
297.9 21.0 102.0 -40.8
298.1 19.0 91.0 -39.6
298.1 19.0 91.0 -39.6
300.1 20.0 101.0 -40.8
300.1 20.0 101.0 -40.8
300.1 20.0 101.0 -40.8
301.3 21.0 100.0 -40.8
301.3 21.0 100.0 -40.8
301.6 23.0 120.0 -42.0
301.8 18.0 80.0 -38.4
301.8 18.0 80.0 -38.4
302.5 19.0 88.0 -39.6
302.5 19.0 88.0 -39.6
302.5 19.0 88.0 -39.6
303.3 20.0 96.0 -40.8
303.3 20.0 96.0 -40.8
303.5 23.0 116.0 -42.0
303.5 23.0 116.0 -42.0
303.5 23.0 116.0 -42.0
305.5 22.0 112.0 -42.0
305.5 22.0 112.0 -42.0
305.5 22.0 112.0 -42.0
308.2 22.0 109.0 -42.0
308.2 22.0 109.0 -42.0
308.2 22.0 109.0 -42.0
311.6 22.0 107.0 -42.0
311.6 22.0 107.0 -42.0
312.1 19.0 87.0 -39.6
312.1 19.0 87.0 -39.6
312.8 20.0 95.0 -40.8
312.8 20.0 95.0 -40.8
313.6 21.0 103.0 -42.0
313.6 21.0 103.0 -42.0
314.1 18.0 79.0 -38.4
314.1 18.0 79.0 -38.4
314.1 18.0 79.0 -38.4
315.9 19.0 86.0 -39.6
315.9 19.0 86.0 -39.6
315.9 19.0 86.0 -39.6
316.6 20.0 94.0 -40.8
316.6 20.0 94.0 -40.8
317.4 21.0 102.0 -42.0
317.4 21.0 102.0 -42.0
317.6 24.0 122.0 -43.2
317.6 24.0 122.0 -43.2
317.6 24.0 122.0 -43.2
319.3 19.0 84.0 -39.6
319.3 19.0 84.0 -39.6
319.3 19.0 84.0 -39.6
319.6 23.0 118.0 -43.2
319.6 23.0 118.0 -43.2
320.0 20.0 92.0 -40.8
320.0 20.0 92.0 -40.8
320.8 21.0 100.0 -42.0
323.0 23.0 116.0 -43.2
323.0 23.0 116.0 -43.2
323.0 23.0 116.0 -43.2
325.7 23.0 113.0 -43.2
325.7 23.0 113.0 -43.2
325.7 23.0 113.0 -43.2
327.7 22.0 109.0 -43.2
327.7 22.0 109.0 -43.2
327.7 22.0 109.0 -43.2
329.6 20.0 91.0 -40.8
329.6 20.0 91.0 -40.8
329.6 20.0 91.0 -40.8
330.3 21.0 99.0 -42.0
330.3 21.0 99.0 -42.0
331.1 22.0 107.0 -43.2
331.1 22.0 107.0 -43.2
333.4 20.0 90.0 -40.8
333.4 20.0 90.0 -40.8
333.4 20.0 90.0 -40.8
337.1 24.0 122.0 -44.4
337.1 24.0 122.0 -44.4
337.1 24.0 122.0 -44.4
341.5 21.0 98.0 -42.0
341.5 21.0 98.0 -42.0
341.5 21.0 98.0 -42.0
342.3 22.0 106.0 -43.2
342.3 22.0 106.0 -43.2
342.7 24.0 121.0 -44.4
342.7 24.0 121.0 -44.4
343.7 21.0 97.0 -42.0
343.7 21.0 97.0 -42.0
343.7 21.0 97.0 -42.0
344.4 22.0 105.0 -43.2
344.4 22.0 105.0 -43.2
344.4 22.0 105.0 -43.2
344.7 23.0 117.0 -44.4
344.7 23.0 117.0 -44.4
345.2 23.0 113.0 -44.4
345.2 23.0 113.0 -44.4
345.2 23.0 113.0 -44.4
355.4 26.0 145.0 -45.6
355.4 26.0 145.0 -45.6
355.4 26.0 145.0 -45.6
357.9 25.0 137.0 -45.6
357.9 25.0 137.0 -45.6
357.9 25.0 137.0 -45.6
362.2 24.0 121.0 -45.6
362.2 24.0 121.0 -45.6
362.2 24.0 121.0 -45.6
374.9 26.0 145.0 -46.8
374.9 26.0 145.0 -46.8
374.9 26.0 145.0 -46.8
