0000000010100010100000011000100010000010001
0000000010100010100000011000100010000010001
0000000010100010100000011000100010000010101
0000000010100010100000011000100010000010101
0000000010100010100000011000100010000010101
0000000010100010000000011001100010000010101
0000000010100010101000111000100010000010001
0000000010100010101000111000100010000010001
0000000010100010101000111000100010000010001
0000100010100110000000011000000000010110001
0000100010100110000000011000000000010110001
0000100010100110000000011000000000010110001
0000000010100010111000111000100010000010001
0011000010100010100000011000100010000010001
0011000010100010100000011000100010000010001
0011000010100010000000011001100010000010001
0011000010100010000000011001100010000010001
0000000010100010101000111000100010000010101
0000000010100010101000111000100010000010101
0000000010100010101000111000100010000010101
0000000010100010110000111000100010000010101
0000000010100010110000111000100010000010101
0000000010100010111000111000100010000010101
0000000010100010111000111000100010000010101
0000000010100010111000111000100010000010101
0011000010100010100000011000100010000010101
0011000010100010100000011000100010000010101
0011000010100010100000011000100010000010101
0011000010100010000000011001100010000010101
0011000010100010000000011001100010000010101
0011000010100010000000011001100010000010101
0011100010100110000000011001000000000110001
0011100010100110000000011001000000000110001
0000100010100110100000011000100010000110001
0000100010100110100000011000100010000110001
0000100010100110100000011000100010000110001
0000100011100110000000011001000000000110001
0000100010100110000000011001100010000110001
0000100010100110000000011001100010000110001
0000000010100010111010111000100101000010001
0000000010100010111010111000100101000010001
0000000010100010111010111000100101000010001
0000000010100110111000111000100010000010001
0000000010100110111000111000100010000010001
0000000010100010101010111000100101000010101
0000000010100010101010111000100101000010101
0000000010100010101010111000100101000010101
0011000010100010101000111000100010000010001
0011000010100010101000111000100010000010001
0000100010100110100000011000100010000110101
0000100010100110100000011000100010000110101
0000100010100110000000011001100010000110101
0000000010100010110010111000100101000010101
0000100010100110000000011001100010000110101
0000000010100010110010111000100101000010101
0000000010100010111010111000100101000010101
0000000010100010111010111000100101000010101
0000000010100010111010111000100101000010101
0011000010100010111000111000100010000010001
0011000010100010111000111000100010000010001
0011000010100010111000111000100010000010001
0011000010100010101000111000100010000010101
0011000010100010101000111000100010000010101
0011000010100010101000111000100010000010101
0000100010100110111000111000100010000010001
0000100010100110111000111000100010000010001
0000100010100110101000111000100010000110001
0000100010100110101000111000100010000110001
0011000010100010111000111000100010000010101
0011000010100010111000111000100010000010101
0011000010100010111000111000100010000010101
0000100010100110001000111001100010000010101
0000100010100110001000111001100010000010101
0000100010100110001000111001100010000010101
0000101010111110000000011000000000010110101
0000101010111110000000011000000000010110101
0000100010100110111000111000100010000110001
0000100010100110111000111000100010000110001
0000000010100010111010111000100101001010101
0000000010100010111010111000100101001010101
0000000010100010111010111000100101001010101
0011100010100110000000011001100010000110001
0011100010100110000000011001100010000110001
0011100010100110000000011001100010000110001
0000100010100110101000111000100010000110101
0011000010100010111010111000100101000010001
0011000010100010111010111000100101000010001
0000100010100110001000111001100010000110101
0000100010100110001000111001100010000110101
0011101010111110000000011001000000000110001
0000101010101110000000011001100010000110001
0000101010101110000000011001100010000110001
0000100010100110111000111000100010000110101
0000100010100110111000111000100010000110101
0000101010111110000000011001100010000110001
0000101010111110000000011001100010000110001
0000101010111110000000011001100010000110001
0011000010100010111010111000100101000010101
0011000010100010111010111000100101000010101
0011000010100010111010111000100101000010101
0000101010101110000000011001100010000110101
0000101010101110000000011001100010000110101
0000101010111110100000011000100010000110101
0000101010111110100000011000100010000110101
0000100010100110111010111000100101000110001
0000100010100110111010111000100101000110001
0000101010111110000000011001100010000110101
0000101010111110000000011001100010000110101
0000100010100110101010111000100101000110101
0000100010100110101010111000100101000110101
0000100010100110101010111000100101000110101
0000100010100110111000111000100010001110101
0000100010100110111000111000100010001110101
0000100010100110111000111000100010001110101
0000100010100110111010111000100101000110101
0000100010100110111010111000100101000110101
0000100010100110111010111000100101000110101
0011100010100110111000111000100010000110001
0011100010100110111000111000100010000110001
0000101010111110101000111000100010000110001
0000101010111110101000111000100010000110001
0000101010111110001000111001100010000110001
0000101010111110001000111001100010000110001
0000101010111110001000111001100010000110001
0011100010100110001000111001100010000110101
0000101010111110111000111000100010000110001
0000101010111110111000111000100010000110001
0011100010100110001000111001100010000110101
0000101010111110100010011000100101000110101
0000101010111110100010011000100101000110101
0011101010101110000000011001100010000110001
0011101010101110000000011001100010000110001
0000101011101110000000011001100010000110001
0011101010111110000000011001100010000110001
0011101010111110000000011001100010000110001
0000101011111110000000011001100010000110001
0000101011111110000000011001100010000110001
0000101010111110001000111001100010000110101
0000101010111110001000111001100010000110101
0000001010111110111010111000100101000010101
0000001010111110111010111000100101000010101
0000001010111110111010111000100101000010101
0000101010111110111000111000100010000110101
0000101010111110111000111000100010000110101
0000101010111110111000111000100010000110101
0011101010101110000000011001100010000110101
0011101010101110000000011001100010000110101
0000101011101110000000011001100010000110101
0000101011101110000000011001100010000110101
0000101011101110000000011001100010000110101
0011101010111110000000011001100010000110101
0011101010111110000000011001100010000110101
0000101011111110000000011001100010000110101
0000101011111110000000011001100010000110101
0000101010111110111010111000100101000110001
0000101010111110111010111000100101000110001
0000101010111110111010111000100101000110001
0000101010111110101000111000100010001110101
0000101010111110101000111000100010001110101
0011100010100110111010111000100101000110101
0011100010100110111010111000100101000110101
0000101010111110001000111001100010001110101
0000101010111110001000111001100010001110101
0000101010111110101010111000100101000110101
0000101010111110101010111000100101000110101
0000101010111110101010111000100101000110101
0011101010111110001000111001100010000110001
0011101010111110001000111001100010000110001
0000101010111110111000111000100010001110101
0000101010111110111000111000100010001110101
0000101011111110001000111001100010000110001
0000101011111110001000111001100010000110001
0000101010111110111010111000100101000110101
0000101010111110111010111000100101000110101
0011101010111110111000111000100010000110001
0011101010111110111000111000100010000110001
0011101010111110111000111000100010000110001
0011101011101110000000011001100010000110001
0011101011101110000000011001100010000110001
0011101011101110000000011001100010000110001
0011111010101110000000011001100010000110101
0011111010101110000000011001100010000110101
0011101010101110001000111001100010000110101
0011101010101110001000111001100010000110101
0011101010111110101000111000100010000110101
0011101010111110101000111000100010000110101
0011101011111110000000011001100010000110001
0011101011111110000000011001100010000110001
0011111010111110000000011001100010000110101
0011111010111110000000011001100010000110101
0011101010111110001000111001100010000110101
0011101010111110001000111001100010000110101
0000101011111110001000111001100010000110101
0000101011111110001000111001100010000110101
0011101010111110111000111000100010000110101
0011101010111110111000111000100010000110101
0011101010111110111000111000100010000110101
0011101010111110000000011001100010100110101
0011101010111110000000011001100010100110101
0011101010111110000000011001100010100110101
0011101011101110000000011001100010000110101
0011101011101110000000011001100010000110101
0011101011101110000000011001100010000110101
0011101011111110000000011001100010000110101
0011101011111110000000011001100010000110101
0011101011111110000000011001100010000110101
0000101010111110111010111000100101001110101
0000101010111110111010111000100101001110101
0000101010111110111010111000100101001110101
0011101010111110111010111000100101000110001
0011101010111110111010111000100101000110001
0000101011111110111010111000100101000110001
0000101011111110111010111000100101000110001
0011101010101110011000111000100010010110101
0011101010101110011000111000100010010110101
0011101010101110001000111001100010001110101
0011101010101110001000111001100010001110101
0011101010111110101000111000100010001110101
0011101010111110101000111000100010001110101
0011101010111110011000111000100010010110101
0011101010111110011000111000100010010110101
0011101010111110001000111001100010001110101
0011101010111110001000111001100010001110101
0011101010111110101010111000100101000110101
0011101010111110101010111000100101000110101
0011101010111110111000111000100010001110101
0011101010111110111000111000100010001110101
0011101011111110001000111001100010000110001
0011101011111110001000111001100010000110001
0011101010111110111010111000100101000110101
0011101010111110111010111000100101000110101
0011101010111110111010111000100101000110101
0000101011111110111010111000100101000110101
0000101011111110111010111000100101000110101
1000101010101111001100111001110010000110001
1000101010101111001100111001110010000110001
0011101010111110001000111001100010100110101
0011101010111110001000111001100010100110101
1000101010111111001100111001110010000110001
1000101010111111001100111001110010000110001
0011111011101110000000011001100010000110101
0011111011101110000000011001100010000110101
0011111011101110000000011001100010000110101
0011101011101110001000111001100010000110101
0011101011101110001000111001100010000110101
0011111011111110000000011001100010000110101
0011111011111110000000011001100010000110101
0011101011111110001000111001100010000110101
0011101011111110001000111001100010000110101
0011101010111110111000111000100010100110101
0011101010111110111000111000100010100110101
1000101010111111111100111000110010000110001
1000101010111111111100111000110010000110001
0011101010111110011000111000100010011110101
0011101010111110011000111000100010011110101
0011101010111110101010111000100101001110101
0011101010111110101010111000100101001110101
0011101011101110000000011001100010100110101
0011101011101110000000011001100010100110101
1000101010101111001100111101110010000110001
1000101010101111001100111101110010000110001
1000101010101111001100111001110010000110101
1000101010101111001100111001110010000110101
1000101010111111001100111101110010000110001
1000101010111111001100111101110010000110001
1000101010111111001100111001110010000110101
1000101010111111001100111001110010000110101
0011101010101110111010111000100101001110101
0011101010101110111010111000100101001110101
0011101010101110111010111000100101001110101
0011101010111110111010111000100101001110101
0011101010111110111010111000100101001110101
0011101010111110111010111000100101001110101
1000101010111111111100111100110010000110001
1000101010111111111100111100110010000110001
1000101010101111001100111101110010000110101
1000101010101111001100111101110010000110101
1000101010101111001100111101110010000110101
1000101010111111001100111101110010000110101
1000101010111111001100111101110010000110101
1000101010111111001100111101110010000110101
1000101010101111001100111001111010000110001
1000101010101111001100111001111010000110001
1000101010111111111100111100110010000110101
1000101010111111111100111100110010000110101
1000101010111111111100111100110010000110101
1000101010101111001100111101111010000110001
1000101010101111001100111101111010000110001
0011111011101110000000011001100010100110101
0011111011101110000000011001100010100110101
1000101010101111001100111001111010000110101
1000101010101111001100111001111010000110101
1000101011101111001100111001110010000110001
1000101011101111001100111001110010000110001
1000101011101111001100111001110010000110001
1000101010111111001100111001111010000110101
1000101010111111001100111001111010000110101
1000101011111111001100111001110010000110001
1000101011111111001100111001110010000110001
1000101010111111011100111100110010010110101
1000101010111111011100111100110010010110101
1000101010111111001100111101110010001110101
1000101010111111001100111101110010001110101
1011101010101111001100111101110010000110001
1011101010101111001100111101110010000110001
1000101010101111001100111101111010000110101
1000101010101111001100111101111010000110101
1000101011101111001100111101110010000110001
1000101011101111001100111101110010000110001
1011101010111111001100111101110010000110001
1011101010111111001100111101110010000110001
0011101010111110111010111000100101001110111
0011101010111110111010111000100101001110111
0011101010111110111010111000100101001110111
1000101011101111001100111001110010000110101
1000101011101111001100111001110010000110101
1011101010111111001100111001110010000110101
1011101010111111001100111001110010000110101
1000101011111111001100111101110010000110001
1000101011111111001100111101110010000110001
0011111011101110000001001001100010000111001
0011111011101110000001001001100010000111001
1000101011111111001100111001110010000110101
1000101011111111001100111001110010000110101
0011101011111110111010111000100101001110101
0011101011111110111010111000100101001110101
0011101011111110111010111000100101001110101
1000101010111111111100111100111010000110101
1000101010111111111100111100111010000110101
1011101010101111001100111101110010000110101
1011101010101111001100111101110010000110101
1000101011101111001100111101110010000110101
1000101011101111001100111101110010000110101
1011101010111111001100111101110010000110101
1011101010111111001100111101110010000110101
1000101011111111001100111101110010000110101
1000101011111111001100111101110010000110101
0011111011101110000001001001100010000111101
0011111011101110000001001001100010000111101
0011111011101110000001001001100010000111101
1011101010111111111100111100110010000110101
1011101010111111111100111100110010000110101
1000101011101111001100111001111010000110001
1000101011101111001100111001111010000110001
1000101011101111001100111001111010000110001
1011101010101111001100111101111010000110001
1011101010101111001100111101111010000110001
1011101010101111001100111001111010000110101
1011101010101111001100111001111010000110101
1000101011101111001100111101111010000110001
1000101011101111001100111101111010000110001
1011101010111111001100111101111010000110001
1011101010111111001100111101111010000110001
1000101011101111001100111001111010000110101
1000101011101111001100111001111010000110101
1011101010111111001100111001111010000110101
1011101010111111001100111001111010000110101
1000101011111111001100111101111010000110001
1000101011111111001100111101111010000110001
1000101011111111001100111001111010000110101
1000101011111111001100111001111010000110101
1011101010111111011100111100110010010110101
1011101010111111011100111100110010010110101
1011101010111111001100111101110010001110101
1011101010111111001100111101110010001110101
1000101011111111001100111101110010001110101
1000101011111111001100111101110010001110101
1011101010101111001100111101111010000110101
1011101010101111001100111101111010000110101
1011101011101111001100111101110010000110001
1011101011101111001100111101110010000110001
1000101011101111001100111101111010000110101
1000101011101111001100111101111010000110101
1011101010111111001100111101111010000110101
1011101010111111001100111101111010000110101
1011101011111111001100111101110010000110001
1011101011111111001100111101110010000110001
1000101011111111001100111101111010000110101
1000101011111111001100111101111010000110101
1011101011101111001100111101110010000110101
1011101011101111001100111101110010000110101
1011101011101111001100111101110010000110101
1011101011111111001100111101110010000110101
1011101011111111001100111101110010000110101
1011101011111111001100111101110010000110101
1011101011101111001100111001111010000110001
1011101011101111001100111001111010000110001
1011101011101111001100111001111010000110001
1011101011111111111100111100110010000110101
1011101010111111001100111101111010001110101
1011101010111111001100111101111010001110101
1011101010111111001100111101111010001110101
1011101011101111001100111101111010000110001
1000101011101111001101101000110010010111001
1011101011101111001100111101111010000110001
1000101011101111001101101000110010010111001
1011101011101111001100111001111010000110101
1011101011101111001100111001111010000110101
1011101011111111001100111101111010000110001
1011101011111111001100111101111010000110001
1011101011111111001100111001111010000110101
1011101011111111001100111001111010000110101
1011101011111111011100111100110010010110101
1011101011111111011100111100110010010110101
1011101011111111011100111100110010010110101
1011101011111111001100111101110010001110101
1011101011111111001100111101110010001110101
1011101011101111001100111101111010000110101
1000101011101111001101101000110010010111101
1011101011101111001100111101111010000110101
1000101011101111001101101000110010010111101
1000101011111111001101101100110010010111001
1011101011111111001100111101111010000110101
1011101011111111001100111101111010000110101
1011101011111111001100111101111010000110101
1000101011101111001101101100110010010111101
1000101011101111001101101100110010010111101
1100101011101111001101101000110010010111001
1100101011101111001101101000110010010111001
1100101011101111001101101000110010010111001
1011111010111111001100111101111010001110101
1011111010111111001100111101111010001110101
1011111010111111001100111101111010001110101
1000101011111111011101101000110010011111001
1011101011101111010100111100111010010110101
1011101011101111010100111100111010010110101
1011101010111111001100111101111010101110101
1011101010111111001100111101111010101110101
1011101011101111000100111101111010001110101
1011101011101111000100111101111010001110101
1011101011101111011100111100111010010110101
1011101011101111011100111100111010010110101
1011101011101111001100111101111010001110101
1011101011101111001100111101111010001110101
1100101011101111001101101000110010010111101
1100101011101111001101101000110010010111101
1011101011111111011100111100111010010110101
1011101011111111011100111100111010010110101
1100101011101111001101101000110010010111101
1011101011111111001100111101111010001110101
1011101011111111001100111101111010001110101
1100101011111111001101101000110010010111101
1100101011111111001101101000110010010111101
1100101011101111001101111000110010010111101
1100101011101111001101111000110010010111101
1100101011111111001101101100110010010111101
1100101011111111001101101100110010010111101
1011101011101111001100111101111010100110101
1011101011101111001100111101111010100110101
1011101011111111001100111101111010100110101
1011101011111111001100111101111010100110101
1011101011111111001100111101111010100110101
1011101011111111011100111100111010011110101
1011101011111111011100111100111010011110101
1011101011111111011100111100111010011110101
1011101011101111001101111000110010010111101
1011101011101111001101111000110010010111101
1011101011101111010100111100111010110110101
1011101011111111011101101000110010011111001
1011101011111111011101101000110010011111001
1011101011101111000100111101111010101110101
1011101011101111000100111101111010101110101
1011101011101111011100111100111010110110101
1011101011101111011100111100111010110110101
1011101011101111001100111101111010101110101
1011101011101111001100111101111010101110101
1011101011111111011100111100111010110110101
1011101011111111011100111100111010110110101
1011101011111111001100111101111010101110101
1011101011111111001100111101111010101110101
1011101011111111001101101000111010010111101
1011101011111111001101101000111010010111101
1011101010101111001101111101111010100111101
1011101010101111001101111101111010100111101
1011101010111111001101111101111010100111101
1011101010111111001101111101111010100111101
1011101011101111001101111000111010010111101
1011101011101111001101111000111010010111101
1011101011101111001101111000111010010111101
1011101011111111011100111100111010111110101
1011101011111111011100111100111010111110101
1011101011111111011100111100111010111110101
1011101011101111011101111000111010010111101
1011111011111111001100111101111010101110101
1011111010101111001101111101111010100111101
1011101011101111001101111000111010011111101
1011101011101111001101111000111010011111101
1011101011101111001101111000111010011111101
1011101011101111001101111101111010100111101
1011101011101111001101111101111010100111101
1011101011101111001101111101111010100111101
1011111011101111011100111100111010111110101
1011111011101111011100111100111010111110101
1011111011101111011100111100111010111110101
1011111011111111011100111100111010111110101
1011111011111111011100111100111010111110101
1011111011111111011100111100111010111110101
1011111011101111001101111101111010100111101
1011111011101111001101111101111010100111101
1011111011101111001101111101111010100111101
