1000100010100111000100011100110010010110001
1000100010100111000100011100110010010110001
1000100010100111000100011100110010010110001
0011100010100110001001111001100010000111001
0011100010100110001001111001100010000111001
0011100010100110001001111001100010000111001
0011100010100110001001111001100010000111101
0011100010100110001001111001100010000111101
0011100010100110001001111001100010000111101
1000100010100111000101011100010000010111101
1000100010100111000101011100010000010111101
1000100010100111000101011100010000010111101
1000100010100111000101001001110010000111101
1000100010100111000101001001110010000111101
1000100010100111000101001001110010000111101
0111100010100110001001111001100010000111001
0111100010100110001001111001100010000111001
1000100010100111000101011000110010010011001
1000100010100111000101011000110010010011001
1100100010100111000101011101010000000111101
1100100010100111000101011101010000000111101
1000100010100111000101011001110010000111101
1000100010100111000101011001110010000111101
1000100010100111000101011001110010000111101
0011100010100110001001111001100010001111101
0011100010100110001001111001100010001111101
1000100010100111000101011000110010010111001
0011100010100110001001111001100010001111101
0111100010100110001001111001100010000111101
0111100010100110001001111001100010000111101
1000100010100111000101011101110010000111101
1000100010100111000101011101110010000111101
1000100010100111100111011100110101000111001
1000100010100111100111011100110101000111001
0111100011100110001001101001100010000111001
0111100011100110001001101001100010000111001
1000100010100111100111011100110101000111001
1100100010100111000101011101110010000111001
1100100010100111000101011101110010000111001
1000100010100111100111011000110101000111101
1000100010100111100111011000110101000111101
1100100010100111000101011001110010000111101
1000100010100111000111011101110101000111001
1000100010100111000111011101110101000111001
1100100010100111000101011000110010010111001
1100100010100111000101011000110010010111001
1100100010100111000101011000110010010111001
1100100010100111100101011100110010000111101
1000100010100111111101111100110010000111001
1000100010100111111101111100110010000111001
1000100010100111111101111100110010000111001
1000100010100111100111011100110101000111101
1000100010100111100111011100110101000111101
1100100010100111000101011101110010000111101
1100100010100111000101011101110010000111101
1000100010100111000111011101110101000111101
1000100010100111000111011101110101000111101
1000100010100111000111011101110101000111101
1000100010100111111101111100110010000111101
1000101010111111000101011101110010000111001
1100100010100111000101011101111010000111001
1100100010100111000101011101111010000111001
1100100010100111000101011101111010000111001
1100100010100111000101011001111010000111101
1100100010100111000101011001111010000111101
1100100010100111000101011000111010010111001
1100100010100111000101011000111010010111001
1100100010100111000101011000111010010111001
1011101010111111000101011101010000000111101
1011101010111111000101011101010000000111101
1000101010101111000101011101110010000111101
1000101010101111000101011101110010000111101
1100101010101111000101011001110010000111001
1100101010101111000101011001110010000111001
1100100010100111111101111100110010000111001
1100100010100111111101111100110010000111001
1100100010100111100111011100110101000111101
1100100010100111100111011100110101000111101
1000100010100111111111111100110101000111001
1000100010100111111111111100110101000111001
1000100010100111111111111100110101000111001
1000101010111111000101011101110010000111101
1000101010111111000101011101110010000111101
1100100010100111000101011101111010000111101
1100100010100111000101011101111010000111101
1000100010100111101111111100110101000111101
1000100010100111101111111100110101000111101
1000100010100111101111111100110101000111101
1100100010100111111101111100110010000111101
1100101010101111000101011001110010000111101
1100101010101111000101011001110010000111101
1100101010111111000101011101110010000111001
1100101010111111000101011101110010000111001
1000100010100111111111111100110101000111101
1000100010100111111111111100110101000111101
1000100010100111111111111100110101000111101
1000101010111111000111011101110101000111001
1100101010111111000101011001110010000111101
1000101010111111000111011101110101000111001
1011100010100111000111011101110101000111101
1011100010100111000111011101110101000111101
1011100010100111000111011101110101000111101
1100101010101111000101011101110010000111101
1100101010101111000101011101110010000111101
1000101010111111111101111100110010000111001
1000101010111111111101111100110010000111001
1000101010101111000111011101110101000111101
1000101010101111000111011101110101000111101
1100101010111111000101011101110010000111101
1100101010111111000101011101110010000111101
1000101010111111000111011101110101000111101
1000101010111111000111011101110101000111101
1000101010111111111101111100110010000111101
1000101010111111111101111100110010000111101
1000101010111111111101111100110010000111101
1100101010111111000111011101110101000111001
1100101010111111000111011101110101000111001
1100101010111111000111011001110101000111101
1100101010111111000111011001110101000111101
1100101010101111000101011101111010000111001
1100101010101111000101011101111010000111001
1100101010101111000101011001111010000111101
1100101010101111000101011001111010000111101
1100101010111111000101011101111010000111001
1011101010111111000101011101110010000111101
1011101010111111000101011101110010000111101
1100101010111111000101011001111010000111101
1100101010111111000101011001111010000111101
1000101010111111001111111101110101000111001
1000101010111111001111111101110101000111001
1100101010101111000101011000111010010111001
1100101010101111000101011000111010010111001
1100101011111111000101001001110010000111101
1100101011111111000101001001110010000111101
1000101010111111001111111001110101000111101
1100101010111111100111011100110101000111101
1000101010111111111111111100110101000111001
1000101010111111111111111100110101000111001
1000101010111111111111111100110101000111001
1100101010111111000111011101110101000111101
1100101010111111000111011101110101000111101
1000101010111111111111111000110101000111101
1000101010111111111111111000110101000111101
1111101010101111000101011101110010000111001
1111101010101111000101011101110010000111001
1100101010101111000101011101111010000111101
1100101010101111000101011101111010000111101
1100101011101111000101011101110010000111001
1100101011101111000101011101110010000111001
1111101010111111000101011101110010000111001
1111101010111111000101011101110010000111001
1100101010111111000101011101111010000111101
1100101010111111000101011101111010000111101
1100101011111111000101011101110010000111001
1000101010111111101111111100110101000111101
1000101010111111101111111100110101000111101
1100101011111111000101011001110010000111101
1100101011111111000101011001110010000111101
1000101010111111001111111101110101000111101
1000101010111111001111111101110101000111101
1100101011101111000101011000110010010111001
1100101011101111000101011000110010010111001
1000101010111111111111111100110101000111101
1000101010111111111111111100110101000111101
1000101010111111111111111100110101000111101
1111101010101111000101011101110010000111101
1111101010101111000101011101110010000111101
1100101011101111000101011101110010000111101
1100101011101111000101011101110010000111101
1111101010111111000101011101110010000111101
1111101010111111000101011101110010000111101
1100101011111111000101011101110010000111101
1100101011111111000101011101110010000111101
1100101010111111001111111101110101000111001
1100101010111111001111111101110101000111001
1100101010111111001111111001110101000111101
1100101010111111001111111001110101000111101
1100101011101111000101011000110010010111101
1100101011101111000101011000110010010111101
1100101010111111111111111100110101000111001
1100101010111111111111111100110101000111001
1100101010111111111111111100110101000111001
1100101010111111111111111000110101000111101
1100101010111111111111111000110101000111101
1011101010111111111101111100110010000111101
1011101010111111111101111100110010000111101
1111101010111111000111011101110101000111001
1111101010111111000111011101110101000111001
1100101010111111000111011101111101000111101
1100101010111111101111111100110101000111101
1100101010111111000111011101111101000111101
1100101010111111101111111100110101000111101
1100101011111111000111011101110101000111001
1000101010111111001111111101110101001111101
1100101010111111001111111101110101000111101
1100101010111111001111111101110101000111101
1111101010101111000101011001111010000111101
1111101010101111000101011001111010000111101
1111101010111111000101011101111010000111001
1111101010111111000101011101111010000111001
1100101011101111000101011001111010000111101
1111101010111111000101011001111010000111101
1111101010111111000101011001111010000111101
1100101011111111000101011101111010000111001
1100101011111111000101011101111010000111001
1100101011111111000101011001111010000111101
1100101011111111000101011001111010000111101
1000101010111111111111111100110101001111101
1000101010111111111111111100110101001111101
1000101010111111111111111100110101001111101
1100101010111111111111111100110101000111101
1100101010111111111111111100110101000111101
1100101011101111000101011000111010010111001
1100101011101111000101011000111010010111001
1100101011101111000101011000111010010111001
1111101010101111000111011101110101000111101
1111101010101111000111011101110101000111101
1111101010101111000111011101110101000111101
1111101010111111000111011101110101000111101
1111101010111111000111011101110101000111101
1100101011111111000111011101110101000111101
1100101011111111000111011101110101000111101
1111101010101111000101011101111010000111101
1111101010101111000101011101111010000111101
1100101011101111000101011101111010000111101
1100101011101111000101011101111010000111101
1111101010111111000101011101111010000111101
1111101010111111000101011101111010000111101
1111101011111111000101011101110010000111001
1111101011111111000101011101110010000111001
1100101011111111000101011101111010000111101
1100101011111111000101011101111010000111101
1011101010111111001111111101110101000111101
1011101010111111001111111101110101000111101
1011101010111111111111111100110101000111101
1011101010111111111111111100110101000111101
1011101010111111111111111100110101000111101
1100101010111111001111111101110101001111101
1100101010111111001111111101110101001111101
1111101011101111000101011101110010000111101
1111101011101111000101011101110010000111101
1111101010111111000111011101111101000111001
1111101010111111000111011101111101000111001
1111101011111111000101011101110010000111101
1111101011111111000101011101110010000111101
1111101010111111000111011001111101000111101
1111101010111111000111011001111101000111101
1111101010111111001111111101110101000111001
1111101010111111001111111101110101000111001
1100101010111111111111111100110101001111101
1100101010111111111111111100110101001111101
1100101010111111001111111101111101000111101
1100101010111111001111111101111101000111101
1100101011111111001111111101110101000111001
1100101011111111001111111101110101000111001
1100101011111111001111111001110101000111101
1100101011111111001111111001110101000111101
1111101010111111111111111100110101000111001
1111101010111111111111111100110101000111001
1100101010111111111111111100111101000111101
1100101010111111111111111100111101000111101
1100101010111111111111111100111101000111101
1111101010101111000111011101111101000111101
1111101010101111000111011101111101000111101
1111101010111111001101111101110010001111101
1111101010111111001101111101110010001111101
1111101010111111101111111100110101000111101
1111101010111111000111011101111101000111101
1111101010111111101111111100110101000111101
1111101010111111000111011101111101000111101
1100101011111111001101111101110010001111101
1100101011111111001101111101110010001111101
1100101011111111001101111101110010001111101
1100101011111111000111011101111101000111101
1111101010111111001111111101110101000111101
1100101011111111000111011101111101000111101
1111101010111111001111111101110101000111101
1111101011101111000101011101111010000111001
1111101011101111000101011101111010000111001
1100101011111111001111111101110101000111101
1100101011111111001111111101110101000111101
1111101011101111000101011001111010000111101
1111101011101111000101011001111010000111101
1111101011101111000101011001111010000111101
1111101011111111000101011101111010000111001
1111101011111111000101011101111010000111001
1111101011111111000101011001111010000111101
1111101011111111000101011001111010000111101
1011101010111111111111111100110101001111101
1011101010111111111111111100110101001111101
1011101010111111111111111100110101001111101
1111101010111111111111111100110101000111101
1111101010111111111111111100110101000111101
1111101011101111000101011000111010010111001
1111101011101111000101011000111010010111001
1111101011101111000101011000111010010111001
1111101011101111000111011101110101000111101
1111101011101111000111011101110101000111101
1111101011101111000111011101110101000111101
1111101011111111000111011101110101000111101
1111101011111111000111011101110101000111101
1111101011111111000111011101110101000111101
1111101011101111000101011101111010000111101
1111101011101111000101011101111010000111101
1111101011101111000101011101111010000111101
1111101011111111000101011101111010000111101
1111101011111111000101011101111010000111101
1111101011111111000101011101111010000111101
1111101010111111001111111101111101000111001
1111101010111111001111111101111101000111001
1111101010111111001111111001111101000111101
1111101010111111001111111001111101000111101
1111101010111111111111111100111101000111001
1111101010111111111111111100111101000111001
1111101010111111111111111000111101000111101
1111101010111111111111111000111101000111101
1111101010111111111111111000111101000111101
1111101010111111001111111101110101001111101
1111101010111111001111111101110101001111101
1100101011111111001111111101110101001111101
1100101011111111001111111101110101001111101
1111101010111111011101111100111010010111101
1111101010111111011101111100111010010111101
1111101010111111001101111101111010001111101
1111101010111111001101111101111010001111101
1111101011111111000111011101111101000111001
1111101010111111111111111100110101001111101
1111101010111111111111111100110101001111101
1111101010111111001111111101111101000111101
1111101010111111001111111101111101000111101
1111101011111111000111011001111101000111101
1111101011111111000111011001111101000111101
1111101011111111001111111101110101000111001
1111101011111111001111111101110101000111001
1100101011111111001111111101111101000111101
1100101011111111001111111101111101000111101
1111101010111111111111111100111101000111101
1111101010111111111111111100111101000111101
1111101010111111111111111100111101000111101
1111101010111111000111011101111101100111101
1111101010111111000111011101111101100111101
1111101010111111000111011101111101100111101
1111101011101111000111011101111101000111101
1111101011101111000111011101111101000111101
1111101011101111000111011101111101000111101
1111101011111111001101111101110010001111101
1111101011111111001101111101110010001111101
1111101011111111000111011101111101000111101
1111101011111111000111011101111101000111101
1111101011111111001111111101110101000111101
1111101011111111001111111101110101000111101
1111111011111111000101011101111010000111101
1111111011111111000101011101111010000111101
1111111011111111000101011101111010000111101
1111101011111111111111111100110101000111101
1111101011111111111111111100110101000111101
1111101010111111001111111101111101001111101
1111101010111111001111111101111101001111101
1111101010111111001111111101111101001111101
1111101011101111000101011000111010110111101
1111101011101111000101011000111010110111101
1111101011101111000101011000111010110111101
1111111010111111011101111100111010010111101
1111111010111111011101111100111010010111101
1111101010111111111111111100111101001111101
1111101010111111111111111100111101001111101
1111101010111111111111111100111101001111101
1111101011111111000101011000111010110111101
1111101011111111000101011000111010110111101
1111101011111111001111111101111101000111001
1111101011111111001111111101111101000111001
1111101011111111001111111001111101000111101
1111111011101111000101011100111010010111101
1111101011111111001111111001111101000111101
1111111011101111000101011100111010010111101
1111101011111111001111111101110101001111101
1111101011111111001111111101110101001111101
1111101011101111011101111100111010010111101
1111101011101111011101111100111010010111101
1111101011101111000101011100111010110111101
1111101011101111000101011100111010110111101
1111101011101111000101011100111010110111101
1111101011111111000101011100111010110111101
1111101011111111000101011100111010110111101
1111101011111111001101111101111010001111101
1111101011111111111111111100110101001111101
1111101011111111111111111100110101001111101
1111101011111111001111111101111101000111101
1111101011111111001111111101111101000111101
1111101011111111111111111100111101000111101
1111101011111111111111111100111101000111101
1111101011111111111111111100111101000111101
1111111010111111001111111101111101001111101
1111111010111111001111111101111101001111101
1111111011111111000101011101111010100111101
1111111010111111111111111100111101001111101
1111111010111111111111111100111101001111101
1111111010111111111111111100111101001111101
1111101010111111001111111101111101101111101
1111101010111111001111111101111101101111101
1111101010111111001111111101111101101111101
1111101011101111001111111101111101001111101
1111101011101111001111111101111101001111101
1111101011101111001111111101111101001111101
1111101011111111001111111101111101001111101
1111101011111111001111111101111101001111101
1111101010111111111111111100111101101111101
1111101010111111111111111100111101101111101
1111101010111111111111111100111101101111101
1111111011101111000101011100111010110111101
1111111011101111000101011100111010110111101
1111111011101111000101011100111010110111101
1111101011111111001101111100111010110111101
1111111011111111111111111100110101001111101
1111101011101111011101111100111010110111101
1111101011101111011101111100111010110111101
1111101011101111011101111100111010110111101
1111101011111111011101111100111010110111101
1111111011111111000111011101111101100111101
1111111011111111000111011101111101100111101
1111111011111111000111011101111101100111101
1111101011111111001111111101111101100111101
1111101011111111001111111101111101100111101
1111101011111111111111111100111101100111101
1111101011111111111111111100111101100111101
1111101011111111111111111100111101100111101
1111111010111111001111111101111101101111101
1111111010111111001111111101111101101111101
1111101011101111001101111100111010111111101
1111101011101111001101111100111010111111101
1111111010111111111111111110111101001111101
1111111010111111111111111110111101001111101
1111111010111111111111111110111101001111101
1111111010111111111111111100111101001111111
1111111010111111111111111100111101001111111
1111111010111111111111111100111101001111111
1111111011111111001111111101111101001111101
1111111011111111001111111101111101001111101
1111111010111111111111111100111101101111101
1111111010111111111111111100111101101111101
1111111010111111111111111100111101101111101
1111111011111111111111111100111101001111101
1111111011111111111111111100111101001111101
1111111011111111111111111100111101001111101
1111101011101111001111111101111101101111101
1111101011101111001111111101111101101111101
1111101011111111001111111101111101101111101
1111101011111111001111111101111101101111101
1111101011111111111111111100111101101111101
1111101011111111111111111100111101101111101
1111101011111111111111111100111101101111101
1111101111101111001101111111111101001111101
1111101111101111001101111111111101001111101
1111101111101111001101111111111101001111101
1111101111111111001101111111111101001111101
1111101111111111001101111111111101001111101
1111101111111111001101111111111101001111101
1111111011101111000111111101111101101111101
1111111011101111000111111101111101101111101
1111111011101111000111111101111101101111101
1111111010111111111111111110111101001111111
1111111010111111111111111110111101001111111
1111111010111111111111111110111101001111111
1111111011111111001111111111111101001111101
1111111011111111001111111111111101001111101
1111111011101111001111111101111101101111101
1111111011101111001111111101111101101111101
1111111011101111001111111101111101101111101
1111111010111111111111111110111101101111101
1111111010111111111111111110111101101111101
1111111010111111111111111100111101101111111
1111111010111111111111111100111101101111111
1111111011111111001111111101111101101111101
1111111011111111001111111101111101101111101
1111111011111111111111111110111101001111101
1111111011111111111111111110111101001111101
1111111011111111111111111110111101001111101
1111111011111111111111111100111101101111101
1111111011111111111111111100111101101111101
1111111011111111111111111100111101101111101
1111111111111111001101111111111101001111101
1111111111111111001101111111111101001111101
1111111111111111001101111111111101001111101
1111111011111111001111111111111101101111101
1111111011111111001111111111111101101111101
1111111011111111001111111111111101101111101
1111111011111111111111111110111101001111111
1111111011111111111111111110111101001111111
1111111011111111111111111110111101001111111
1111111011111111111111111110111101101111101
1111111011111111111111111110111101101111101
1111111011111111111111111100111101101111111
1111111011111111111111111100111101101111111
1111111011111111111111111100111101101111111
1111111111111111001101111111111101101111101
1111111111111111001101111111111101101111101
1111111111111111001101111111111101101111101
1111111011111111111111111110111101101111111
1111111011111111111111111110111101101111111
1111111011111111111111111110111101101111111
