116.6 9.0 43.0 -19.2
116.6 9.0 43.0 -19.2
116.6 9.0 43.0 -19.2
117.2 9.0 42.0 -19.2
122.4 10.0 47.0 -20.4
122.4 10.0 47.0 -20.4
122.4 10.0 47.0 -20.4
124.9 9.0 40.0 -19.2
124.9 9.0 40.0 -19.2
126.0 8.0 38.0 -19.2
130.1 10.0 45.0 -20.4
130.1 10.0 45.0 -20.4
130.8 11.0 59.0 -21.6
130.8 11.0 59.0 -21.6
130.8 11.0 59.0 -21.6
131.1 8.0 38.0 -20.4
131.1 8.0 38.0 -20.4
131.1 8.0 38.0 -20.4
131.4 11.0 58.0 -21.6
131.4 11.0 58.0 -21.6
133.8 10.0 50.0 -21.6
133.8 10.0 50.0 -21.6
135.9 11.0 49.0 -21.6
135.9 11.0 49.0 -21.6
136.3 9.0 43.0 -21.6
136.3 9.0 43.0 -21.6
136.6 12.0 63.0 -22.8
136.6 12.0 63.0 -22.8
136.6 12.0 63.0 -22.8
136.9 9.0 42.0 -21.6
136.9 9.0 42.0 -21.6
139.0 11.0 55.0 -22.8
139.0 11.0 55.0 -22.8
139.6 11.0 54.0 -22.8
139.6 11.0 54.0 -22.8
142.1 10.0 47.0 -22.8
142.1 10.0 47.0 -22.8
144.6 9.0 40.0 -21.6
144.6 9.0 40.0 -21.6
144.8 12.0 59.0 -24.0
144.8 12.0 59.0 -24.0
149.9 10.0 45.0 -22.8
150.4 10.0 44.0 -22.8
150.4 10.0 44.0 -22.8
150.5 11.0 59.0 -24.0
150.5 11.0 59.0 -24.0
151.1 11.0 58.0 -24.0
151.1 11.0 58.0 -24.0
152.5 12.0 57.0 -24.0
152.5 12.0 57.0 -24.0
152.7 9.0 42.0 -22.8
152.7 9.0 42.0 -22.8
153.1 12.0 56.0 -24.0
153.1 12.0 56.0 -24.0
153.2 13.0 71.0 -25.2
153.2 13.0 71.0 -25.2
153.2 13.0 71.0 -25.2
153.5 10.0 50.0 -24.0
153.8 13.0 70.0 -25.2
153.8 13.0 70.0 -25.2
155.6 11.0 49.0 -24.0
155.6 11.0 49.0 -24.0
156.3 12.0 63.0 -25.2
156.3 12.0 63.0 -25.2
157.8 13.0 62.0 -25.2
157.8 13.0 62.0 -25.2
157.9 10.0 47.0 -24.0
157.9 10.0 47.0 -24.0
158.3 13.0 61.0 -25.2
158.3 13.0 61.0 -25.2
158.5 10.0 46.0 -24.0
158.5 10.0 46.0 -24.0
158.7 11.0 55.0 -25.2
158.7 11.0 55.0 -25.2
159.0 14.0 75.0 -26.4
159.0 14.0 75.0 -26.4
159.0 14.0 75.0 -26.4
159.3 11.0 54.0 -25.2
159.3 11.0 54.0 -25.2
163.6 14.0 66.0 -26.4
163.6 14.0 66.0 -26.4
163.7 11.0 51.0 -25.2
163.7 11.0 51.0 -25.2
164.5 12.0 59.0 -26.4
164.5 12.0 59.0 -26.4
166.2 10.0 44.0 -24.0
166.2 10.0 44.0 -24.0
167.9 9.0 49.0 -24.0
167.9 9.0 49.0 -24.0
169.9 15.0 81.0 -27.6
169.9 15.0 81.0 -27.6
169.9 15.0 81.0 -27.6
171.4 11.0 49.0 -25.2
171.4 11.0 49.0 -25.2
172.0 15.0 78.0 -27.6
172.0 11.0 48.0 -25.2
172.0 11.0 48.0 -25.2
172.2 9.0 42.0 -24.0
172.2 9.0 42.0 -24.0
172.2 12.0 57.0 -26.4
172.2 12.0 57.0 -26.4
172.5 15.0 77.0 -27.6
172.5 15.0 77.0 -27.6
172.8 12.0 56.0 -26.4
172.8 12.0 56.0 -26.4
172.9 13.0 71.0 -27.6
172.9 13.0 71.0 -27.6
173.5 13.0 70.0 -27.6
173.5 13.0 70.0 -27.6
173.7 10.0 53.0 -25.2
176.7 12.0 54.0 -26.4
176.7 12.0 54.0 -26.4
177.1 15.0 68.0 -27.6
177.1 15.0 68.0 -27.6
177.2 12.0 53.0 -26.4
177.2 12.0 53.0 -26.4
177.4 10.0 47.0 -25.2
177.4 10.0 47.0 -25.2
177.5 13.0 62.0 -27.6
177.5 13.0 62.0 -27.6
177.8 16.0 82.0 -28.8
177.8 16.0 82.0 -28.8
178.0 13.0 61.0 -27.6
178.0 10.0 46.0 -25.2
178.0 10.0 46.0 -25.2
178.0 13.0 61.0 -27.6
178.2 11.0 55.0 -26.4
178.2 11.0 55.0 -26.4
178.7 14.0 75.0 -28.8
178.7 14.0 75.0 -28.8
178.8 11.0 54.0 -26.4
178.8 11.0 54.0 -26.4
182.5 13.0 58.0 -27.6
182.5 13.0 58.0 -27.6
183.2 11.0 51.0 -26.4
183.2 11.0 51.0 -26.4
183.3 14.0 66.0 -28.8
183.3 14.0 66.0 -28.8
184.0 12.0 59.0 -27.6
184.0 12.0 59.0 -27.6
185.7 10.0 44.0 -25.2
185.7 10.0 44.0 -25.2
188.7 17.0 88.0 -30.0
188.7 17.0 88.0 -30.0
189.0 15.0 82.0 -30.0
189.0 15.0 82.0 -30.0
189.6 15.0 81.0 -30.0
189.6 15.0 81.0 -30.0
190.2 13.0 56.0 -27.6
190.2 13.0 56.0 -27.6
190.8 13.0 55.0 -27.6
190.8 13.0 55.0 -27.6
190.9 11.0 49.0 -26.4
190.9 11.0 49.0 -26.4
191.0 14.0 64.0 -28.8
191.0 14.0 64.0 -28.8
191.5 11.0 48.0 -26.4
191.5 11.0 48.0 -26.4
191.6 14.0 63.0 -28.8
191.6 14.0 63.0 -28.8
191.7 12.0 57.0 -27.6
191.7 15.0 78.0 -30.0
192.2 15.0 77.0 -30.0
192.2 15.0 77.0 -30.0
192.3 12.0 56.0 -27.6
192.4 13.0 71.0 -28.8
192.4 13.0 71.0 -28.8
193.0 13.0 70.0 -28.8
193.0 13.0 70.0 -28.8
196.0 14.0 60.0 -28.8
196.0 14.0 60.0 -28.8
196.2 12.0 54.0 -27.6
196.2 12.0 54.0 -27.6
196.7 12.0 53.0 -27.6
196.7 12.0 53.0 -27.6
196.8 15.0 68.0 -30.0
196.8 15.0 68.0 -30.0
197.0 13.0 62.0 -28.8
197.0 13.0 62.0 -28.8
197.5 16.0 82.0 -31.2
197.5 16.0 82.0 -31.2
198.2 14.0 75.0 -30.0
198.2 14.0 75.0 -30.0
199.7 10.0 49.0 -26.4
199.7 10.0 49.0 -26.4
199.8 11.0 54.0 -27.6
199.8 11.0 54.0 -27.6
202.0 13.0 58.0 -28.8
202.0 13.0 58.0 -28.8
202.3 9.0 45.0 -25.2
202.3 9.0 45.0 -25.2
202.8 14.0 66.0 -30.0
202.8 14.0 66.0 -30.0
204.2 11.0 51.0 -27.6
204.2 11.0 51.0 -27.6
204.8 11.0 50.0 -27.6
204.8 11.0 50.0 -27.6
205.0 12.0 59.0 -28.8
205.0 12.0 59.0 -28.8
205.2 16.0 80.0 -31.2
205.2 16.0 80.0 -31.2
205.6 12.0 58.0 -28.8
205.6 12.0 58.0 -28.8
205.8 16.0 79.0 -31.2
205.8 16.0 79.0 -31.2
207.4 10.0 46.0 -26.4
207.4 10.0 46.0 -26.4
207.8 17.0 89.0 -32.4
207.8 17.0 89.0 -32.4
208.4 17.0 88.0 -32.4
208.4 17.0 88.0 -32.4
208.5 15.0 82.0 -31.2
208.5 15.0 82.0 -31.2
209.1 15.0 81.0 -31.2
209.1 15.0 81.0 -31.2
209.7 13.0 56.0 -28.8
209.7 13.0 56.0 -28.8
210.2 16.0 76.0 -31.2
210.2 16.0 76.0 -31.2
210.5 14.0 64.0 -30.0
210.5 14.0 64.0 -30.0
210.8 13.0 63.0 -30.0
210.8 13.0 63.0 -30.0
211.0 17.0 84.0 -32.4
211.0 17.0 84.0 -32.4
211.2 15.0 78.0 -31.2
211.2 15.0 78.0 -31.2
211.7 15.0 77.0 -31.2
211.7 15.0 77.0 -31.2
213.3 12.0 56.0 -28.8
213.3 12.0 56.0 -28.8
213.4 9.0 45.0 -26.4
213.4 9.0 45.0 -26.4
214.2 10.0 53.0 -27.6
214.2 10.0 53.0 -27.6
215.5 14.0 60.0 -30.0
215.5 14.0 60.0 -30.0
216.2 15.0 74.0 -31.2
216.2 15.0 74.0 -31.2
216.3 15.0 68.0 -31.2
216.3 15.0 68.0 -31.2
217.0 16.0 82.0 -32.4
217.0 16.0 82.0 -32.4
217.7 12.0 53.0 -28.8
217.7 12.0 53.0 -28.8
217.8 19.0 92.0 -33.6
217.8 19.0 92.0 -33.6
218.3 12.0 52.0 -28.8
218.3 12.0 52.0 -28.8
218.5 10.0 46.0 -27.6
218.5 10.0 46.0 -27.6
218.5 13.0 61.0 -30.0
218.5 13.0 61.0 -30.0
219.1 13.0 60.0 -30.0
219.1 13.0 60.0 -30.0
219.2 14.0 75.0 -31.2
219.2 14.0 75.0 -31.2
219.3 11.0 54.0 -28.8
219.3 11.0 54.0 -28.8
219.8 14.0 74.0 -31.2
219.8 14.0 74.0 -31.2
221.3 18.0 91.0 -33.6
221.3 18.0 91.0 -33.6
221.9 18.0 90.0 -33.6
223.0 13.0 58.0 -30.0
223.0 13.0 58.0 -30.0
223.5 13.0 57.0 -30.0
223.5 13.0 57.0 -30.0
223.7 11.0 51.0 -28.8
223.7 11.0 51.0 -28.8
223.8 14.0 66.0 -31.2
223.8 14.0 66.0 -31.2
224.3 14.0 65.0 -31.2
224.3 11.0 50.0 -28.8
224.3 11.0 50.0 -28.8
224.3 14.0 65.0 -31.2
224.5 12.0 59.0 -30.0
224.5 12.0 59.0 -30.0
224.7 16.0 80.0 -32.4
224.7 16.0 80.0 -32.4
225.0 15.0 79.0 -32.4
225.0 15.0 79.0 -32.4
225.1 12.0 58.0 -30.0
225.1 12.0 58.0 -30.0
227.2 17.0 95.0 -33.6
227.2 17.0 95.0 -33.6
227.3 17.0 89.0 -33.6
227.3 17.0 89.0 -33.6
227.9 17.0 88.0 -33.6
227.9 17.0 88.0 -33.6
228.8 14.0 62.0 -31.2
228.8 14.0 62.0 -31.2
229.5 12.0 55.0 -30.0
229.5 12.0 55.0 -30.0
229.6 15.0 70.0 -32.4
229.6 15.0 70.0 -32.4
230.3 13.0 63.0 -31.2
230.3 13.0 63.0 -31.2
230.5 17.0 84.0 -33.6
230.5 17.0 84.0 -33.6
232.0 11.0 48.0 -28.8
232.0 11.0 48.0 -28.8
232.0 11.0 48.0 -28.8
232.2 19.0 97.0 -34.8
232.2 19.0 97.0 -34.8
235.3 20.0 96.0 -34.8
235.3 20.0 96.0 -34.8
235.9 16.0 85.0 -33.6
235.9 16.0 85.0 -33.6
236.5 14.0 60.0 -31.2
236.5 14.0 60.0 -31.2
237.1 14.0 59.0 -31.2
237.1 14.0 59.0 -31.2
237.2 12.0 53.0 -30.0
237.2 12.0 53.0 -30.0
237.3 15.0 68.0 -32.4
237.3 15.0 68.0 -32.4
237.8 12.0 52.0 -30.0
237.8 12.0 52.0 -30.0
237.8 12.0 52.0 -30.0
237.9 15.0 67.0 -32.4
237.9 15.0 67.0 -32.4
238.0 13.0 61.0 -31.2
238.0 13.0 61.0 -31.2
238.0 16.0 82.0 -33.6
238.1 18.0 101.0 -34.8
238.1 18.0 101.0 -34.8
238.5 16.0 81.0 -33.6
238.5 16.0 81.0 -33.6
238.6 13.0 60.0 -31.2
238.6 13.0 60.0 -31.2
238.7 14.0 75.0 -32.4
238.7 14.0 75.0 -32.4
238.8 19.0 95.0 -34.8
238.8 19.0 95.0 -34.8
239.3 14.0 74.0 -32.4
239.3 14.0 74.0 -32.4
239.4 19.0 94.0 -34.8
239.4 19.0 94.0 -34.8
240.8 18.0 91.0 -34.8
240.8 18.0 91.0 -34.8
241.4 18.0 90.0 -34.8
241.4 18.0 90.0 -34.8
242.3 15.0 64.0 -32.4
242.3 15.0 64.0 -32.4
242.5 13.0 58.0 -31.2
242.5 13.0 58.0 -31.2
243.0 13.0 57.0 -31.2
243.0 13.0 57.0 -31.2
243.1 16.0 72.0 -33.6
243.1 16.0 72.0 -33.6
243.3 14.0 66.0 -32.4
243.3 14.0 66.0 -32.4
243.8 14.0 65.0 -32.4
243.8 17.0 86.0 -34.8
243.8 14.0 65.0 -32.4
244.5 15.0 79.0 -33.6
244.5 15.0 79.0 -33.6
245.8 20.0 108.0 -36.0
245.8 20.0 108.0 -36.0
246.3 20.0 103.0 -36.0
246.3 20.0 103.0 -36.0
248.1 17.0 85.0 -34.8
248.3 14.0 62.0 -32.4
248.3 14.0 62.0 -32.4
249.1 15.0 70.0 -33.6
249.1 15.0 70.0 -33.6
249.4 21.0 102.0 -36.0
249.4 21.0 102.0 -36.0
249.7 20.0 101.0 -36.0
250.8 13.0 55.0 -31.2
250.8 13.0 55.0 -31.2
250.8 13.0 55.0 -31.2
251.1 19.0 104.0 -36.0
251.1 19.0 104.0 -36.0
251.5 17.0 84.0 -34.8
251.5 17.0 84.0 -34.8
251.7 19.0 97.0 -36.0
251.7 19.0 97.0 -36.0
252.1 17.0 83.0 -34.8
252.1 17.0 83.0 -34.8
254.7 18.0 92.0 -36.0
254.7 18.0 92.0 -36.0
255.4 16.0 85.0 -34.8
255.4 16.0 85.0 -34.8
256.0 14.0 60.0 -32.4
256.0 14.0 60.0 -32.4
256.5 17.0 80.0 -34.8
256.5 17.0 80.0 -34.8
256.6 14.0 59.0 -32.4
256.6 14.0 59.0 -32.4
256.9 20.0 108.0 -37.2
256.9 20.0 108.0 -37.2
257.2 17.0 78.0 -34.8
257.2 17.0 78.0 -34.8
257.3 18.0 88.0 -36.0
257.3 18.0 88.0 -36.0
257.4 15.0 67.0 -33.6
257.4 15.0 67.0 -33.6
257.5 16.0 82.0 -34.8
257.5 16.0 82.0 -34.8
258.0 16.0 81.0 -34.8
258.0 16.0 81.0 -34.8
259.5 20.0 104.0 -37.2
260.6 17.0 76.0 -34.8
260.6 17.0 76.0 -34.8
261.8 15.0 64.0 -33.6
261.8 15.0 64.0 -33.6
262.5 16.0 78.0 -34.8
262.5 16.0 78.0 -34.8
262.6 16.0 72.0 -34.8
262.6 16.0 72.0 -34.8
263.3 17.0 86.0 -36.0
263.3 17.0 86.0 -36.0
265.8 20.0 103.0 -37.2
265.8 20.0 103.0 -37.2
267.6 17.0 85.0 -36.0
267.6 17.0 85.0 -36.0
268.2 19.0 94.0 -37.2
268.2 19.0 94.0 -37.2
271.0 17.0 84.0 -36.0
271.0 17.0 84.0 -36.0
271.6 17.0 83.0 -36.0
271.6 17.0 83.0 -36.0
273.6 21.0 110.0 -38.4
273.6 21.0 110.0 -38.4
274.1 15.0 63.0 -33.6
274.1 15.0 63.0 -33.6
274.1 15.0 63.0 -33.6
274.2 18.0 92.0 -37.2
274.2 18.0 92.0 -37.2
274.9 16.0 71.0 -34.8
274.9 16.0 71.0 -34.8
275.9 16.0 70.0 -34.8
275.9 16.0 70.0 -34.8
276.0 17.0 80.0 -36.0
276.0 17.0 80.0 -36.0
276.4 20.0 108.0 -38.4
276.4 20.0 108.0 -38.4
276.8 18.0 88.0 -37.2
276.8 18.0 88.0 -37.2
277.9 16.0 77.0 -36.0
277.9 16.0 77.0 -36.0
278.0 19.0 92.0 -38.4
278.5 16.0 76.0 -36.0
278.5 16.0 76.0 -36.0
278.7 17.0 85.0 -37.2
278.7 17.0 85.0 -37.2
284.0 18.0 90.0 -38.4
284.0 18.0 90.0 -38.4
284.5 18.0 89.0 -38.4
284.5 18.0 89.0 -38.4
285.7 18.0 84.0 -37.2
285.7 18.0 84.0 -37.2
286.3 18.0 83.0 -37.2
286.3 18.0 83.0 -37.2
286.7 16.0 68.0 -34.8
286.7 16.0 68.0 -34.8
286.7 16.0 68.0 -34.8
287.0 22.0 120.0 -39.6
287.0 22.0 120.0 -39.6
287.4 22.0 118.0 -39.6
287.9 22.0 114.0 -39.6
287.9 22.0 114.0 -39.6
289.9 21.0 110.0 -39.6
289.9 21.0 110.0 -39.6
291.5 19.0 88.0 -38.4
291.5 19.0 88.0 -38.4
292.2 20.0 96.0 -39.6
292.2 20.0 96.0 -39.6
297.5 19.0 92.0 -39.6
297.5 19.0 92.0 -39.6
300.8 17.0 74.0 -36.0
300.8 17.0 74.0 -36.0
300.8 17.0 74.0 -36.0
301.1 23.0 126.0 -40.8
301.1 23.0 126.0 -40.8
301.1 23.0 126.0 -40.8
302.6 19.0 88.0 -39.6
302.6 19.0 88.0 -39.6
302.6 19.0 88.0 -39.6
303.3 20.0 96.0 -40.8
303.3 20.0 96.0 -40.8
303.7 18.0 82.0 -37.2
303.7 18.0 82.0 -37.2
303.7 18.0 82.0 -37.2
318.6 24.0 130.0 -42.0
318.6 24.0 130.0 -42.0
318.6 24.0 130.0 -42.0
319.9 21.0 106.0 -42.0
319.9 21.0 106.0 -42.0
319.9 21.0 106.0 -42.0
320.1 20.0 92.0 -40.8
320.1 20.0 92.0 -40.8
335.6 25.0 138.0 -43.2
335.6 25.0 138.0 -43.2
335.6 25.0 138.0 -43.2
338.1 24.0 130.0 -43.2
338.1 24.0 130.0 -43.2
338.1 24.0 130.0 -43.2
