1000100010100111000100011101010000000110001
1000100010100111000100011101010000000110001
1000100010100111000100011101010000000110001
1000100010100111000100011001010000000110101
1000100010100111000100011101010000000110101
1000100010100111000100011101010000000110101
1000100010100111000100011101010000000110101
1000100010100111000100011001011000000110001
1000100010100111000100011001011000000110001
1000100010100111000100011001110010000010001
1000100010100111000100011101011000000110001
1000100010100111000100011101011000000110001
1000100010100111001100111101010000000110001
1000100010100111001100111101010000000110001
1000100010100111001100111101010000000110001
1000100010100111000100011001110010000110001
1000100010100111000100011001110010000110001
1000100010100111000100011001110010000110001
1000100010100111001100111001010000000110101
1000100010100111001100111001010000000110101
1000101010111111000100011001010000000110001
1000101010111111000100011001010000000110001
1000100010100111000100011101011000000110101
1000100010100111000100011101011000000110101
1000100010100111000100011101110010000110001
1000100010100111000100011101110010000110001
1000100010100111001100111101010000000110101
1000100010100111001100111101010000000110101
1000100010100111001100111101010000000110101
1000100010100111000100011001110010000110101
1000100010100111000100011001110010000110101
1000101010111111000100011101010000000110001
1000101010111111000100011101010000000110001
1000101010111111000100011001010000000110101
1000101010111111000100011001010000000110101
1000100010100111000100011101110010000110101
1000100010100111000100011101110010000110101
1000100010100111000100011001111010000110001
1000100010100111000100011001111010000110001
1000101010111111000100011101010000000110101
1000101010111111000100011101010000000110101
1011100010100111000100011001110010000110001
1000100010100111000100011001111010000110101
1000100010100111000100011001111010000110101
1000100010100111001100111101110010000110001
1000100010100111001100111101110010000110001
1000100010100111001100111001110010000110101
1000100010100111001100111001110010000110101
1000101010111111000100011101011000000110001
1000101010111111000100011101011000000110001
1000101010101111000100011001110010000110001
1000101010101111000100011001110010000110001
1000101010111111000100011001011000000110101
1000101010111111000100011001011000000110101
1000101010111111001100111101010000000110001
1000101010111111001100111101010000000110001
1000101010111111001100111101010000000110001
1000101010111111000100011001110010000110001
1000101010111111001100111001010000000110101
1000101010111111001100111001010000000110101
1000100010100111000100011101111010000110101
1000100010100111000100011101111010000110101
1000100010100111001100111101110010000110101
1000100010100111001100111101110010000110101
1011101010111111000100011101010000000110001
1011101010111111000100011101010000000110001
1000101010101111000100011101110010000110001
1000101010101111000100011101110010000110001
1000101010111111000100011101011000000110101
1000101010111111000100011101011000000110101
1000101010101111000100011001110010000110101
1000101010101111000100011001110010000110101
1000101010111111000100011101110010000110001
1000101010111111000100011101110010000110001
1000101010111111001100111101010000000110101
1000101010111111001100111101010000000110101
1000101010111111001100111101010000000110101
1000101010111111000100011001110010000110101
1000101010111111000100011001110010000110101
1011101010111111000100011101010000000110101
1011101010111111000100011101010000000110101
1000101010101111000100011101110010000110101
1000101010101111000100011101110010000110101
1000101010111111000100011101110010000110101
1000101010111111000100011101110010000110101
1000101010101111000100011001111010000110001
1000101010101111000100011001111010000110001
1000101011111111000100001001110010000110001
1000101011111111000100001001110010000110001
1000101010111111001100111101010000001110101
1000101010111111001100111101010000001110101
1000101010111111001100111101010000001110101
1000101010101111000100011101111010000110001
1000101010101111000100011101111010000110001
1011101010111111001100111101010000000110001
1000101010101111000100011001111010000110101
1000101010101111000100011001111010000110101
1000101011101111000100011001110010000110001
1000101011101111000100011001110010000110001
1000101010111111000100011101111010000110001
1000101010111111000100011101111010000110001
1000101010111111001100111101011000000110101
1000101010111111001100111101011000000110101
1000101010111111000100011001111010000110101
1000101010111111000100011001111010000110101
1000101010111111001100111101110010000110001
1000101010111111001100111101110010000110001
1000101010111111001100111001110010000110101
1000101010111111001100111001110010000110101
1000101011111111000100001001110010000110101
1011101010101111000100011101110010000110001
1011101010101111000100011101110010000110001
1011101010111111000100011101011000000110101
1011101010111111000100011101011000000110101
1000101010101111000100011101111010000110101
1000101010101111000100011101111010000110101
1000101011101111000100011101110010000110001
1000101011101111000100011101110010000110001
1011101010111111000100011101110010000110001
1011101010111111000100011101110010000110001
1011101010111111001100111101010000000110101
1011101010111111001100111101010000000110101
1000101010111111000100011101111010000110101
1000101011101111000100011001110010000110101
1000101011101111000100011001110010000110101
1000101010111111000100011101111010000110101
1000101011111111000100011101110010000110001
1000101011111111000100011101110010000110001
1000101010111111001100111101110010000110101
1000101010111111001100111101110010000110101
1000101011111111000100011001110010000110101
1000101011111111000100011001110010000110101
1011101010101111000100011101110010000110101
1011101010101111000100011101110010000110101
1000101011101111000100011101110010000110101
1000101011101111000100011101110010000110101
1011101010111111000100011101110010000110101
1011101010111111000100011101110010000110101
1000101011111111000100011101110010000110101
1000101011111111000100011101110010000110101
1000101011101111000100011001111010000110001
1000101011101111000100011001111010000110001
1011101010111111001100111101010000001110101
1011101010111111001100111101010000001110101
1000101010111111011100111100110010010110101
1000101010111111011100111100110010010110101
1000101010111111001100111101110010001110101
1000101010111111001100111101110010001110101
1011101010101111000100011101111010000110001
1011101010101111000100011101111010000110001
1011101010101111000100011001111010000110101
1011101010101111000100011001111010000110101
1000101011101111000100011101111010000110001
1000101011101111000100011101111010000110001
1011101010111111000100011101111010000110001
1011101010111111000100011101111010000110001
1000101011101111000100011001111010000110101
1000101011101111000100011001111010000110101
1011101010111111000100011001111010000110101
1011101010111111000100011001111010000110101
1000101011111111000100011101111010000110001
1011101010111111001100111101110010000110001
1000101010111111001100111101111010000110101
1000101010111111001100111101111010000110101
1000101011111111000100011001111010000110101
1000101011111111001100111101110010000110001
1000101011111111001100111101110010000110001
1000101011111111001100111001110010000110101
1000101011111111001100111001110010000110101
1011101010101111000100011101111010000110101
1011101010101111000100011101111010000110101
1011101011101111000100011101110010000110001
1011101011101111000100011101110010000110001
1000101011101111000100011101111010000110101
1000101011101111000100011101111010000110101
1011101010111111000100011101111010000110101
1011101010111111000100011101111010000110101
1011101011111111000100011101110010000110001
1011101011111111000100011101110010000110001
1011101010111111001100111101110010000110101
1011101010111111001100111101110010000110101
1000101011111111001100111101110010000110101
1000101011111111001100111101110010000110101
1100101010101111000101001001110010000111101
1100101010101111000101001001110010000111101
1100101010111111000101011001110010000111001
1100101010111111000101011001110010000111001
1011101011101111000100011101110010000110101
1011101011101111000100011101110010000110101
1000101011101111000101001001110010000111001
1000101011101111000101001001110010000111001
1011101011111111000100011101110010000110101
1011101011111111000100011101110010000110101
1100101010101111000101011101110010000111001
1100101010101111000101011101110010000111001
1100101010101111000101011001110010000111101
1100101010101111000101011001110010000111101
1100101010111111000101011101110010000111001
1100101010111111000101011101110010000111001
1011101010111111001100111101111010000110001
1011101010111111001100111101111010000110001
1100101010111111000101011001110010000111101
1100101010111111000101011001110010000111101
1011101010111111001100111001111010000110101
1011101010111111001100111001111010000110101
1000101011101111000101011001110010000111001
1000101011101111000101011001110010000111001
1011101010111111011100111100110010010110101
1011101010111111011100111100110010010110101
1011101010111111001100111101110010001110101
1011101010111111001100111101110010001110101
1000101011111111011100111100110010010110101
1000101011111111011100111100110010010110101
1000101011111111001100111101110010001110101
1000101011111111001100111101110010001110101
1011101011101111000100011101111010000110001
1011101011101111000100011101111010000110001
1011101010101111001100111101111010000110101
1011101010101111001100111101111010000110101
1011101011111111000100011101111010000110001
1011101011111111000100011101111010000110001
1100101010111111000101011101110010000111101
1100101010111111000101011101110010000111101
1011101010111111001100111101111010000110101
1011101010111111001100111101111010000110101
1011101011111111001100111101110010000110001
1011101011111111001100111101110010000110001
1000101011111111001100111101111010000110101
1000101011111111001100111101111010000110101
1100101010111111000101011001111010000111001
1100101010111111000101011001111010000111001
1100101011101111000101001001110010000111001
1100101011101111000101001001110010000111001
1100101011111111000101001001110010000111001
1100101011111111000101001001110010000111001
1011101011101111000100011101111010000110101
1011101011101111000100011101111010000110101
1011101011101111001100111101110010000110101
1011101011101111001100111101110010000110101
1011101011111111000100011101111010000110101
1011101011111111000100011101111010000110101
1011101011111111001100111101110010000110101
1011101011111111001100111101110010000110101
1100101010101111000101011101111010000111001
1100101010101111000101011101111010000111001
1011101110111111001100111101011100001110101
1011101110111111001100111101011100001110101
1100101010101111000101011001111010000111101
1100101010101111000101011001111010000111101
1100101011101111000101011001110010000111001
1100101011101111000101011001110010000111001
1100101010111111000101011101111010000111001
1100101010111111000101011101111010000111001
1100101010111111000101011001111010000111101
1100101010111111000101011001111010000111101
1100101010111111001101111101110010000111001
1100101010111111001101111101110010000111001
1100101011111111000101011001110010000111001
1100101011111111000101011001110010000111001
1100101010111111001101111001110010000111101
1100101010111111001101111001110010000111101
1011101010111111011100111100111010010110101
1011101010111111011100111100111010010110101
1011101010111111001100111101111010001110101
1111101010101111000101011101110010000111001
1111101010101111000101011101110010000111001
1100101010101111000101011101111010000111101
1100101010101111000101011101111010000111101
1100101011101111000101011101110010000111001
1100101011101111000101011101110010000111001
1111101010111111000101011101110010000111001
1111101010111111000101011101110010000111001
1100101010111111000101011101111010000111101
1100101011101111000101011001110010000111101
1100101011101111000101011001110010000111101
1100101010111111000101011101111010000111101
1100101011111111000101011101110010000111001
1100101011111111000101011101110010000111001
1011101011111111001100111101111010000110001
1011101011111111001100111101111010000110001
1100101010111111001101111101110010000111101
1100101010111111001101111101110010000111101
1100101011111111000101011001110010000111101
1100101011111111000101011001110010000111101
1100101010111111111101111100110010000111101
1100101010111111111101111100110010000111101
1011101011111111011100111100110010010110101
1011101011111111011100111100110010010110101
1011101011111111001100111101110010001110101
1011101011111111001100111101110010001110101
1111101010101111000101011101110010000111101
1111101010101111000101011101110010000111101
1100101011101111000101011101110010000111101
1100101011101111000101011101110010000111101
1111101010111111000101011101110010000111101
1111101010111111000101011101110010000111101
1100101011111111000101011101110010000111101
1100101011111111000101011101110010000111101
1011101011111111001100111101111010000110101
1011101011111111001100111101111010000110101
1100101011101111000101011001111010000111001
1100101011101111000101011001111010000111001
1100101011101111000101011001111010000111001
1011101010111111011100111100111010011110101
1011101010111111011100111100111010011110101
1011101110111111001100111101011100101110101
1011101110111111001100111101011100101110101
1100101010111111001101111101110010001111101
1100101010111111001101111101110010001111101
1111101010101111000101011101111010000111001
1111101010101111000101011101111010000111001
1111101010101111000101011001111010000111101
1111101010101111000101011001111010000111101
1100101011101111000101011101111010000111001
1100101011101111000101011101111010000111001
1111101010111111000101011101111010000111001
1111101010111111000101011101111010000111001
1100101011101111000101011001111010000111101
1100101011101111000101011001111010000111101
1100101011101111000101011001111010000111101
1111101010111111000101011001111010000111101
1111101010111111000101011001111010000111101
1100101011111111000101011101111010000111001
1100101011111111000101011101111010000111001
1111101010111111001101111101110010000111001
1100101010111111111101111100110010001111101
1100101010111111111101111100110010001111101
1100101010111111001101111101111010000111101
1100101010111111001101111101111010000111101
1100101011111111000101011001111010000111101
1100101011111111000101011001111010000111101
1100101011111111001101111101110010000111001
1100101011111111001101111101110010000111001
1011101010111111011100111100111010110110101
1011101010111111011100111100111010110110101
1100101011111111001101111001110010000111101
1100101011111111001101111001110010000111101
1011101010111111001100111101111010101110101
1011101010111111001100111101111010101110101
1011101011111111011100111100111010010110101
1011101011111111011100111100111010010110101
1011101011111111001100111101111010001110101
1011101011111111001100111101111010001110101
1111101010101111000101011101111010000111101
1111101010101111000101011101111010000111101
1111101011101111000101011101110010000111001
1111101011101111000101011101110010000111001
1100101011101111000101011101111010000111101
1100101011101111000101011101111010000111101
1111101010111111000101011101111010000111101
1111101010111111000101011101111010000111101
1111101011111111000101011101110010000111001
1111101011111111000101011101110010000111001
1100101011111111000101011101111010000111101
1111101010111111001101111101110010000111101
1100101011111111000101011101111010000111101
1100101011111111001101111101110010000111101
1100101011111111001101111101110010000111101
1011101010111111111101111100110010001111101
1011101010111111111101111100110010001111101
1011111010111111011100111100111010011110101
1011111010111111011100111100111010011110101
1000101110111111001101111101111110001111001
1111101011101111000101011101110010000111101
1111101011101111000101011101110010000111101
1111101011111111000101011101110010000111101
1111101011111111000101011101110010000111101
1011111110111111001100111101011100101110101
1011111110111111001100111101011100101110101
1011101010111111011100111100111010111110101
1111101011101111000101011001111010000111001
1111101011101111000101011001111010000111001
1111101011101111000101011001111010000111001
1111101010111111111101111100110010001111001
1111101010111111111101111100110010001111001
1111101010111111001101111101111010000111001
1111101010111111001101111101111010000111001
1011101011111111011100111100111010011110101
1011101011111111011100111100111010011110101
1111101010111111001101111001111010000111101
1111101010111111001101111001111010000111101
1111101010111111001101111101110010001111101
1111101010111111001101111101110010001111101
1100101011111111001101111101110010001111101
1100101011111111001101111101110010001111101
1111101011101111000101011101111010000111001
1111101011101111000101011101111010000111001
1111101010101111001101111101111010000111101
1111101010101111001101111101111010000111101
1111101011101111000101011001111010000111101
1111101011101111000101011001111010000111101
1111101010111111111101111100110010001111101
1111101010111111111101111100110010001111101
1111111010111111000101011101111010000111101
1111111010111111000101011101111010000111101
1111101010111111001101111101111010000111101
1111101010111111001101111101111010000111101
1111101011111111000101011001111010000111101
1111101011111111000101011001111010000111101
1111101011111111001101111101110010000111001
1111101011111111001101111101110010000111001
1100101011111111001101111101111010000111101
1100101011111111001101111101111010000111101
1111101010111111111101111100111010000111101
1111101010111111000101011101111010100111101
1111101010111111000101011101111010100111101
1111101011101111000101011101111010000111101
1111101011101111000101011101111010000111101
1111101011101111001101111101110010000111101
1111101011101111001101111101110010000111101
1111101011111111000101011101111010000111101
1111101011111111000101011101111010000111101
1111101011111111001101111101110010000111101
1111101011111111001101111101110010000111101
1011111011111111011100111100111010011110101
1011111011111111011100111100111010011110101
1000101111111111001101111101111110001111001
1000101111111111001101111101111110001111001
1111101010111111001101111101111010001111101
1111101010111111001101111101111010001111101
1111101011111111001101111101111010000111001
1111101011111111001101111101111010000111001
1111101011111111001101111001111010000111101
1111101011111111001101111001111010000111101
1111111010111111111101111100111010000111101
1111111010111111111101111100111010000111101
1111101011101111000101011001111010100111101
1111101011101111000101011001111010100111101
1111101011101111000101011001111010100111101
1111101011111111001101111101110010001111101
1111101011111111001101111101110010001111101
1111101011111111000101011001111010100111101
1111101011111111000101011001111010100111101
1111111011101111000101011101111010000111101
1111111011101111000101011101111010000111101
1111101011101111001101111101111010000111101
1111101011101111001101111101111010000111101
1111101011111111111101111100110010001111101
1111101011111111111101111100110010001111101
1111101011111111001101111101111010000111101
1111101011111111001101111101111010000111101
1100101111101111001101111101111110001111001
1100101111101111001101111101111110001111001
1111101110111111001101111101111110001111001
1100101111101111001101111001111110001111101
1100101111101111001101111001111110001111101
1100101111111111001101111101111110001111001
1100101111111111001101111101111110001111001
1111101111111111001101111101110110001111001
1111101111111111001101111101110110001111001
1100101111111111001101111101111110001111101
1100101111111111001101111101111110001111101
1011101111111111000101111101111110001111001
1011101111111111000101111101111110001111001
1011101111111111000101111001111110001111101
1011101111111111000101111001111110001111101
1111101011101111000101011100111010110111101
1111101011101111000101011100111010110111101
1111101011101111000101011100111010110111101
1111101010111111111101111110111010001111101
1111101010111111111101111110111010001111101
1111101010111111111101111100111010001111111
1111101010111111111101111100111010101111101
1111101010111111111101111100111010101111101
1111101011111111111101111100111010001111101
1111101011111111111101111100111010001111101
1011101111111111000101111101111110001111101
1011101111111111000101111101111110001111101
1011101111111111001101111101111110001111101
1011101111111111001101111101111110001111101
1111101111111111001101111101111110001111001
1111101111111111001101111101111110001111001
1111111011101111000101011100111010110111101
1111111011101111000101011100111010110111101
1111111011101111000101011100111010110111101
1111111010111111111101111110111010001111101
1111111010111111111101111110111010001111101
1111111010111111111101111110111010001111101
1111101111111111000101111101111110001111101
1111101111111111000101111101111110001111101
1111101111111111000101111101111110001111101
1111101111111111001101111101111110001111101
1111101111111111001101111101111110001111101
1111101011101111000101111101111010101111101
1111101011101111000101111101111010101111101
1111101011101111000101111101111010101111101
1111111010111111111101111110111010101111101
1111111010111111111101111110111010101111101
1111111010111111111101111110111010101111101
1111101111111111001101111111111110001111101
1111101111111111001101111111111110001111101
1111101111111111001101111111111110001111101
1111101111111111000101111101111110101111101
1111101111111111000101111101111110101111101
1111111010111111111101111110111010101111111
1111111010111111111101111110111010101111111
1111111010111111111101111110111010101111111
1111111011111111111101111110111010101111101
1111111011111111111101111110111010101111101
1111111011111111111101111110111010101111101
