122.7 12.0 70.0 -20.4
122.7 12.0 70.0 -20.4
122.7 12.0 70.0 -20.4
127.1 11.0 62.0 -20.4
127.1 11.0 62.0 -20.4
127.1 11.0 62.0 -20.4
127.8 12.0 70.0 -21.6
127.8 12.0 70.0 -21.6
127.8 12.0 70.0 -21.6
132.9 12.0 66.0 -21.6
132.9 12.0 66.0 -21.6
133.0 13.0 75.0 -22.8
133.0 13.0 75.0 -22.8
133.0 13.0 75.0 -22.8
133.6 13.0 74.0 -22.8
133.6 13.0 74.0 -22.8
133.6 13.0 74.0 -22.8
138.2 11.0 59.0 -21.6
138.2 11.0 59.0 -21.6
138.8 14.0 79.0 -24.0
138.8 14.0 79.0 -24.0
138.8 14.0 79.0 -24.0
141.3 13.0 72.0 -22.8
141.3 13.0 72.0 -22.8
141.3 13.0 72.0 -22.8
143.6 13.0 70.0 -22.8
146.4 13.0 68.0 -22.8
146.5 14.0 77.0 -24.0
146.5 12.0 67.0 -22.8
147.3 13.0 75.0 -24.0
147.3 13.0 75.0 -24.0
147.5 12.0 70.0 -24.0
147.5 12.0 70.0 -24.0
148.7 12.0 66.0 -22.8
148.7 12.0 66.0 -22.8
148.7 12.0 66.0 -22.8
150.2 14.0 82.0 -25.2
150.2 14.0 82.0 -25.2
150.2 14.0 82.0 -25.2
151.4 11.0 54.0 -22.8
152.4 15.0 81.0 -25.2
152.5 14.0 80.0 -25.2
152.5 14.0 80.0 -25.2
153.1 14.0 79.0 -25.2
153.1 14.0 79.0 -25.2
155.2 14.0 78.0 -25.2
155.2 14.0 78.0 -25.2
155.4 15.0 87.0 -26.4
155.4 15.0 87.0 -26.4
155.4 15.0 87.0 -26.4
156.0 15.0 86.0 -26.4
156.0 15.0 86.0 -26.4
156.0 15.0 86.0 -26.4
157.2 12.0 58.0 -24.0
157.5 14.0 76.0 -25.2
157.5 14.0 76.0 -25.2
157.5 14.0 76.0 -25.2
158.3 15.0 84.0 -26.4
158.3 15.0 84.0 -26.4
158.3 15.0 84.0 -26.4
159.7 14.0 75.0 -25.2
159.7 14.0 75.0 -25.2
159.7 14.0 75.0 -25.2
160.4 15.0 83.0 -26.4
160.4 15.0 83.0 -26.4
160.6 13.0 71.0 -25.2
160.6 13.0 71.0 -25.2
161.2 16.0 91.0 -27.6
161.2 16.0 91.0 -27.6
161.2 16.0 91.0 -27.6
164.2 14.0 80.0 -26.4
164.2 14.0 80.0 -26.4
164.2 14.0 80.0 -26.4
166.2 12.0 67.0 -25.2
166.2 12.0 67.0 -25.2
166.3 14.0 77.0 -26.4
166.3 14.0 77.0 -26.4
166.4 14.0 75.0 -26.4
166.4 14.0 75.0 -26.4
167.0 13.0 75.0 -26.4
167.0 13.0 75.0 -26.4
168.4 12.0 66.0 -25.2
168.4 12.0 66.0 -25.2
168.9 16.0 89.0 -27.6
168.9 16.0 89.0 -27.6
169.1 13.0 74.0 -26.4
169.1 13.0 74.0 -26.4
169.3 15.0 82.0 -27.6
169.3 15.0 82.0 -27.6
169.9 14.0 82.0 -27.6
169.9 14.0 82.0 -27.6
172.0 13.0 71.0 -26.4
172.0 13.0 71.0 -26.4
172.1 15.0 81.0 -27.6
172.1 15.0 81.0 -27.6
172.8 14.0 79.0 -27.6
172.8 14.0 79.0 -27.6
173.4 13.0 65.0 -25.2
173.4 13.0 65.0 -25.2
173.4 13.0 65.0 -25.2
173.7 12.0 61.0 -25.2
174.2 17.0 94.0 -28.8
174.2 17.0 94.0 -28.8
174.2 13.0 70.0 -26.4
174.2 13.0 70.0 -26.4
174.2 17.0 94.0 -28.8
174.8 17.0 93.0 -28.8
174.8 17.0 93.0 -28.8
174.9 14.0 78.0 -27.6
174.9 14.0 78.0 -27.6
175.7 15.0 86.0 -28.8
175.7 15.0 86.0 -28.8
175.7 15.0 86.0 -28.8
177.2 14.0 76.0 -27.6
177.2 14.0 76.0 -27.6
177.2 14.0 76.0 -27.6
178.8 13.0 62.0 -26.4
178.8 13.0 62.0 -26.4
178.8 13.0 62.0 -26.4
179.6 14.0 70.0 -27.6
179.6 14.0 70.0 -27.6
179.7 15.0 79.0 -28.8
179.7 15.0 79.0 -28.8
180.0 18.0 98.0 -30.0
180.0 18.0 98.0 -30.0
180.0 18.0 98.0 -30.0
180.9 16.0 91.0 -30.0
185.5 16.0 83.0 -30.0
185.5 16.0 83.0 -30.0
185.7 12.0 67.0 -26.4
185.7 12.0 67.0 -26.4
187.7 18.0 99.0 -31.2
187.7 18.0 99.0 -31.2
187.7 18.0 99.0 -31.2
188.4 13.0 66.0 -27.6
189.1 14.0 74.0 -28.8
189.1 14.0 74.0 -28.8
189.1 14.0 74.0 -28.8
193.5 13.0 65.0 -27.6
193.5 13.0 65.0 -27.6
193.5 13.0 65.0 -27.6
194.3 14.0 73.0 -28.8
194.3 14.0 73.0 -28.8
194.5 17.0 93.0 -31.2
194.5 17.0 93.0 -31.2
194.9 15.0 78.0 -30.0
196.4 16.0 90.0 -31.2
197.6 15.0 69.0 -28.8
197.6 15.0 69.0 -28.8
198.3 13.0 62.0 -27.6
198.4 16.0 77.0 -30.0
198.4 16.0 77.0 -30.0
198.5 13.0 62.0 -28.8
198.5 17.0 86.0 -31.2
199.7 18.0 98.0 -32.4
199.7 18.0 98.0 -32.4
200.2 16.0 86.0 -31.2
200.2 16.0 86.0 -31.2
200.8 16.0 85.0 -31.2
200.8 16.0 85.0 -31.2
200.8 16.0 85.0 -31.2
201.6 17.0 95.0 -32.4
201.6 17.0 95.0 -32.4
202.2 17.0 94.0 -32.4
204.3 18.0 90.0 -32.4
204.3 18.0 90.0 -32.4
204.3 18.0 90.0 -32.4
206.0 17.0 90.0 -32.4
206.0 17.0 90.0 -32.4
206.5 20.0 106.0 -33.6
206.5 20.0 106.0 -33.6
206.5 20.0 106.0 -33.6
207.4 18.0 99.0 -33.6
207.4 18.0 99.0 -33.6
207.6 14.0 72.0 -30.0
207.9 16.0 81.0 -31.2
207.9 16.0 81.0 -31.2
212.2 12.0 58.0 -28.8
212.2 12.0 58.0 -28.8
212.2 15.0 73.0 -31.2
212.2 12.0 58.0 -28.8
213.8 17.0 88.0 -32.4
213.8 17.0 88.0 -32.4
213.8 17.0 88.0 -32.4
217.1 15.0 69.0 -30.0
217.1 15.0 69.0 -30.0
217.3 15.0 69.0 -31.2
217.3 15.0 69.0 -31.2
218.0 16.0 77.0 -32.4
218.0 16.0 77.0 -32.4
218.0 16.0 77.0 -32.4
219.0 18.0 93.0 -33.6
219.0 18.0 93.0 -33.6
219.0 18.0 93.0 -33.6
219.6 18.0 92.0 -33.6
219.6 18.0 92.0 -33.6
219.6 18.0 92.0 -33.6
220.3 17.0 87.0 -33.6
220.3 17.0 87.0 -33.6
220.6 21.0 112.0 -34.8
220.6 21.0 112.0 -34.8
220.6 21.0 112.0 -34.8
221.9 19.0 104.0 -34.8
221.9 19.0 104.0 -34.8
221.9 19.0 104.0 -34.8
224.8 19.0 97.0 -34.8
224.8 19.0 97.0 -34.8
224.8 19.0 97.0 -34.8
227.4 13.0 66.0 -30.0
227.4 13.0 66.0 -30.0
227.9 13.0 62.0 -30.0
227.9 13.0 62.0 -30.0
228.6 14.0 70.0 -31.2
228.6 14.0 70.0 -31.2
228.6 14.0 70.0 -31.2
229.4 15.0 78.0 -32.4
229.4 15.0 78.0 -32.4
229.4 15.0 78.0 -32.4
232.3 18.0 87.0 -34.8
232.5 14.0 67.0 -31.2
232.5 14.0 67.0 -31.2
233.2 15.0 75.0 -32.4
233.2 15.0 75.0 -32.4
233.7 14.0 66.0 -31.2
233.7 14.0 66.0 -31.2
234.4 15.0 74.0 -32.4
234.4 15.0 74.0 -32.4
234.6 16.0 83.0 -33.6
234.6 16.0 83.0 -33.6
234.8 16.0 73.0 -32.4
234.8 16.0 73.0 -32.4
235.2 16.0 82.0 -33.6
235.2 16.0 82.0 -33.6
235.4 20.0 106.0 -36.0
235.5 17.0 81.0 -33.6
235.5 17.0 81.0 -33.6
238.3 15.0 71.0 -32.4
238.3 15.0 71.0 -32.4
238.9 20.0 103.0 -36.0
238.9 20.0 103.0 -36.0
239.0 13.0 62.0 -31.2
239.0 13.0 62.0 -31.2
239.1 16.0 79.0 -33.6
239.1 16.0 79.0 -33.6
239.7 14.0 70.0 -32.4
240.4 17.0 87.0 -34.8
240.4 17.0 87.0 -34.8
240.5 15.0 78.0 -33.6
240.5 15.0 78.0 -33.6
241.5 19.0 94.0 -36.0
242.3 12.0 61.0 -30.0
242.3 12.0 61.0 -30.0
242.3 12.0 61.0 -30.0
243.5 16.0 76.0 -33.6
243.5 16.0 76.0 -33.6
243.7 21.0 110.0 -37.2
244.2 14.0 67.0 -32.4
244.2 14.0 67.0 -32.4
244.8 14.0 66.0 -32.4
244.8 14.0 66.0 -32.4
244.9 15.0 75.0 -33.6
244.9 15.0 75.0 -33.6
245.5 15.0 74.0 -33.6
245.5 15.0 74.0 -33.6
245.7 16.0 83.0 -34.8
245.7 16.0 83.0 -34.8
246.3 16.0 82.0 -34.8
246.3 16.0 82.0 -34.8
250.0 15.0 71.0 -33.6
250.0 15.0 71.0 -33.6
250.0 15.0 71.0 -33.6
250.8 16.0 79.0 -34.8
250.8 16.0 79.0 -34.8
251.5 17.0 87.0 -36.0
251.5 17.0 87.0 -36.0
251.5 17.0 87.0 -36.0
252.5 14.0 64.0 -32.4
253.4 12.0 61.0 -31.2
253.4 12.0 61.0 -31.2
255.6 20.0 106.0 -37.2
255.6 20.0 106.0 -37.2
256.1 20.0 105.0 -37.2
256.1 20.0 105.0 -37.2
256.1 20.0 105.0 -37.2
257.7 17.0 78.0 -34.8
257.7 15.0 69.0 -33.6
258.4 18.0 86.0 -36.0
258.4 16.0 77.0 -34.8
258.5 13.0 62.0 -32.4
258.5 13.0 62.0 -32.4
258.5 13.0 62.0 -32.4
259.0 16.0 76.0 -34.8
259.0 16.0 76.0 -34.8
259.2 14.0 70.0 -33.6
259.2 14.0 70.0 -33.6
259.2 19.0 94.0 -37.2
259.3 17.0 85.0 -36.0
259.3 17.0 85.0 -36.0
259.8 17.0 84.0 -36.0
259.8 17.0 84.0 -36.0
260.0 15.0 78.0 -34.8
260.0 15.0 78.0 -34.8
261.4 21.0 110.0 -38.4
261.4 21.0 110.0 -38.4
261.4 21.0 110.0 -38.4
263.0 16.0 74.0 -34.8
263.0 16.0 74.0 -34.8
263.5 16.0 73.0 -34.8
263.5 16.0 73.0 -34.8
263.7 14.0 67.0 -33.6
263.7 14.0 67.0 -33.6
264.2 17.0 81.0 -36.0
264.2 17.0 81.0 -36.0
264.3 14.0 66.0 -33.6
264.3 14.0 66.0 -33.6
264.4 15.0 75.0 -34.8
264.5 18.0 90.0 -37.2
264.5 18.0 90.0 -37.2
265.0 15.0 74.0 -34.8
265.0 15.0 74.0 -34.8
265.1 18.0 89.0 -37.2
265.1 18.0 89.0 -37.2
265.2 16.0 83.0 -36.0
265.2 16.0 83.0 -36.0
265.8 16.0 82.0 -36.0
265.8 16.0 82.0 -36.0
266.7 20.0 106.0 -38.4
266.7 20.0 106.0 -38.4
266.7 20.0 106.0 -38.4
268.8 17.0 78.0 -36.0
268.8 17.0 78.0 -36.0
269.5 18.0 86.0 -37.2
269.5 18.0 86.0 -37.2
269.6 20.0 103.0 -38.4
270.2 16.0 79.0 -36.0
270.2 16.0 79.0 -36.0
270.3 19.0 94.0 -38.4
270.3 19.0 94.0 -38.4
271.0 17.0 87.0 -37.2
272.0 14.0 64.0 -33.6
272.0 14.0 64.0 -33.6
272.0 14.0 64.0 -33.6
272.5 21.0 110.0 -39.6
272.5 21.0 110.0 -39.6
276.5 17.0 76.0 -36.0
276.5 17.0 76.0 -36.0
277.1 17.0 75.0 -36.0
277.1 17.0 75.0 -36.0
277.2 15.0 69.0 -34.8
277.2 15.0 69.0 -34.8
277.3 18.0 84.0 -37.2
277.3 18.0 84.0 -37.2
277.8 15.0 68.0 -34.8
277.8 15.0 68.0 -34.8
277.8 15.0 68.0 -34.8
277.9 16.0 77.0 -36.0
278.5 16.0 76.0 -36.0
278.5 16.0 76.0 -36.0
278.6 19.0 91.0 -38.4
278.6 19.0 91.0 -38.4
278.7 17.0 85.0 -37.2
280.2 21.0 108.0 -39.6
280.2 21.0 108.0 -39.6
280.2 21.0 108.0 -39.6
282.3 18.0 80.0 -37.2
282.3 18.0 80.0 -37.2
282.5 16.0 74.0 -36.0
282.5 16.0 74.0 -36.0
283.0 16.0 73.0 -36.0
283.0 16.0 73.0 -36.0
283.1 19.0 88.0 -38.4
283.1 19.0 88.0 -38.4
283.2 17.0 82.0 -37.2
283.2 17.0 82.0 -37.2
283.7 17.0 81.0 -37.2
283.7 17.0 81.0 -37.2
283.8 20.0 96.0 -39.6
283.8 20.0 96.0 -39.6
284.0 18.0 90.0 -38.4
284.0 18.0 90.0 -38.4
284.5 18.0 89.0 -38.4
286.0 22.0 112.0 -40.8
286.0 22.0 112.0 -40.8
286.0 22.0 112.0 -40.8
288.3 17.0 78.0 -37.2
288.3 17.0 78.0 -37.2
288.3 17.0 78.0 -37.2
289.0 18.0 86.0 -38.4
289.0 18.0 86.0 -38.4
289.0 18.0 86.0 -38.4
289.8 19.0 94.0 -39.6
289.8 19.0 94.0 -39.6
289.8 19.0 94.0 -39.6
290.8 16.0 71.0 -36.0
290.8 16.0 71.0 -36.0
290.8 16.0 71.0 -36.0
292.0 21.0 110.0 -40.8
292.0 21.0 110.0 -40.8
292.0 21.0 110.0 -40.8
296.0 17.0 76.0 -37.2
296.0 17.0 76.0 -37.2
296.0 17.0 76.0 -37.2
296.6 17.0 75.0 -37.2
296.6 17.0 75.0 -37.2
296.6 17.0 75.0 -37.2
296.7 18.0 84.0 -38.4
296.7 18.0 84.0 -38.4
297.3 18.0 83.0 -38.4
297.3 18.0 83.0 -38.4
297.5 19.0 92.0 -39.6
297.5 19.0 92.0 -39.6
297.9 21.0 102.0 -40.8
297.9 21.0 102.0 -40.8
298.1 19.0 91.0 -39.6
298.1 19.0 91.0 -39.6
300.1 23.0 118.0 -42.0
300.1 23.0 118.0 -42.0
300.1 23.0 118.0 -42.0
301.3 21.0 100.0 -40.8
301.3 21.0 100.0 -40.8
301.8 18.0 80.0 -38.4
301.8 18.0 80.0 -38.4
302.5 19.0 88.0 -39.6
302.5 19.0 88.0 -39.6
302.5 19.0 88.0 -39.6
303.3 20.0 96.0 -40.8
303.3 20.0 96.0 -40.8
303.3 20.0 96.0 -40.8
303.5 23.0 116.0 -42.0
303.5 23.0 116.0 -42.0
303.5 23.0 116.0 -42.0
305.5 22.0 112.0 -42.0
305.5 22.0 112.0 -42.0
305.5 22.0 112.0 -42.0
314.1 18.0 79.0 -38.4
314.1 18.0 79.0 -38.4
314.1 18.0 79.0 -38.4
314.8 19.0 87.0 -39.6
314.8 19.0 87.0 -39.6
315.4 22.0 106.0 -42.0
315.4 22.0 106.0 -42.0
315.6 20.0 95.0 -40.8
315.6 20.0 95.0 -40.8
315.9 19.0 86.0 -39.6
315.9 19.0 86.0 -39.6
316.6 20.0 94.0 -40.8
316.6 20.0 94.0 -40.8
316.7 24.0 128.0 -43.2
316.7 24.0 128.0 -43.2
316.7 24.0 128.0 -43.2
317.4 21.0 102.0 -42.0
317.4 21.0 102.0 -42.0
317.4 21.0 102.0 -42.0
317.6 24.0 122.0 -43.2
317.6 24.0 122.0 -43.2
317.6 24.0 122.0 -43.2
319.3 19.0 84.0 -39.6
319.3 19.0 84.0 -39.6
319.3 19.0 84.0 -39.6
319.6 23.0 118.0 -43.2
319.6 23.0 118.0 -43.2
320.0 20.0 92.0 -40.8
320.0 20.0 92.0 -40.8
320.8 21.0 100.0 -42.0
320.8 21.0 100.0 -42.0
320.8 21.0 100.0 -42.0
323.0 23.0 116.0 -43.2
323.0 23.0 116.0 -43.2
323.0 23.0 116.0 -43.2
332.3 25.0 142.0 -44.4
332.3 25.0 142.0 -44.4
332.3 25.0 142.0 -44.4
333.4 20.0 90.0 -40.8
333.4 20.0 90.0 -40.8
333.4 20.0 90.0 -40.8
334.0 22.0 112.0 -43.2
334.0 22.0 112.0 -43.2
334.1 21.0 98.0 -42.0
334.9 22.0 106.0 -43.2
334.9 22.0 106.0 -43.2
334.9 22.0 106.0 -43.2
335.0 26.0 139.0 -44.4
335.0 26.0 139.0 -44.4
335.0 26.0 139.0 -44.4
336.2 24.0 128.0 -44.4
336.2 24.0 128.0 -44.4
336.2 24.0 128.0 -44.4
337.1 24.0 122.0 -44.4
337.1 24.0 122.0 -44.4
337.1 24.0 122.0 -44.4
351.5 23.0 116.0 -44.4
352.0 27.0 147.0 -45.6
352.0 27.0 147.0 -45.6
352.0 27.0 147.0 -45.6
353.7 25.0 132.0 -45.6
353.7 25.0 132.0 -45.6
353.7 25.0 132.0 -45.6
371.5 27.0 147.0 -46.8
371.5 27.0 147.0 -46.8
371.5 27.0 147.0 -46.8
