1001100011100111000100001000010000110110001
1001100011100111000100001000010000110110001
1001100011100111000100001000010000110110001
1000100010100111001110111101110101000010001
1000100010100111001110111101110101000010001
1000101010111111000100111001010000001110001
1000101010111111000100111001010000001110001
1000101010111111000100111001010000001110001
1000100010100111001110111101110101000110001
1000100010100111001110111101110101000110001
1000100010100111001110111101110101000110001
1000100011100111100110011100110101000110001
1000101010111111100110011100110101000110001
1000101010111111100110011100110101000110001
1000101010111111100110011100110101000110001
1000101010111111100110011000110101000110101
1000101010111111100110011000110101000110101
1000101010111111000100111001110010001010001
1000101010111111000100111001110010001010001
1000101010111111100110011100110101000110101
1000101010111111100110011100110101000110101
1000101010111111100110011100110101000110101
1001100010100111000100111001110010101110001
1001100010100111000100111001110010101110001
1011101010111111000100111001010000001110001
1011101010111111000100111001010000001110001
1000101010111111100110011000111101000110001
1000101010111111100110011000111101000110001
1000101010111111000100111001110010001010101
1000101010111111000100111001110010001010101
1000101010111111001110111001110101000110001
1000101010111111001110111001110101000110001
1001100010100111000100111001110010101110101
1001100010100111000100111001110010101110101
1000100011100111001110111101110101000110001
1000100011100111001110111101110101000110001
1000101010101111100110011100111101000110001
1000101010101111100110011100111101000110001
1001100011100111000101001000010000110011001
1001100011100111000101001000010000110011001
1001100011100111000101001000010000110011001
1000101010111111000100111001110010001110101
1000101010111111000100111001110010001110101
1000101010111111100110011000111101000110101
1000101010111111100110011000111101000110101
1000101010111111001110111101110101000110001
1000101010111111001110111101110101000110001
1000101010111111001110111001110101000110101
1000101010111111001110111001110101000110101
1000101010111111111110111100110101000110001
1000101010111111111110111100110101000110001
1000101010111111111110111100110101000110001
1011100011100111000101011000010000010011001
1011100011100111000101011000010000010011001
1000100011100111001110111101110101000110101
1000100011100111001110111101110101000110101
1001100011100111000101001000010000110111001
1001100011100111000101001000010000110111001
1000101010111111101110111100110101000110101
1000101010111111101110111100110101000110101
1000101010111111001110111101110101000110101
1000101010111111001110111101110101000110101
1001100111100111000100111001010100101110001
1001100111100111000100111001010100101110001
1000101010111111000100111001111010001110001
1000101010111111000100111001111010001110001
1011100011100111000101011000010000010111001
1000101011111111000100101001110010001110001
1000101011111111000100101001110010001110001
1000101010111111111110111100110101000110101
1000101010111111111110111100110101000110101
1000101010111111111110111100110101000110101
1000101010111111001100101001111010001110101
1000101010111111001100101001111010001110101
1000101110101111000100111001110110001010101
1000101011101111100110011100110101000110101
1000101010101111001110111101110101001110001
1000101010101111001110111101110101001110001
1000101011111111100110011100110101000110101
1000101011111111100110011100110101000110101
1001100011100111000100111001110010101110001
1001100011100111000100111001110010101110001
1000101010111111000100111001111010001110101
1000101010111111000100111001111010001110101
1000101011111111000110011100110101010110001
1000101011111111000110011100110101010110001
1000101010111111001100111001111010001110101
1000101010111111001100111001111010001110101
1011100011100111000101011000010000010111101
1011101010111111001110111001110101000110001
1011101010111111001110111001110101000110001
1000101110101111000100111001110110001110101
1000101110111111000100111101110110001110001
1000101110111111000100111001110110001110101
1000101110111111000100111001110110001110101
1000101110111111001100111101110110001110001
1000101110111111001100111101110110001110001
1001100010100111000101011000110010110111101
1101100011100111000101001000010000110111001
1001100010100111000101011000110010110111101
1101100011100111000101001000010000110111001
1000101110111111001100111001110110001110101
1000101110111111001100111001110110001110101
1000101010111111111110111100111101000110001
1000101010111111111110111100111101000110001
1000101010111111011110111100110101010110101
1000101010111111011110111100110101010110101
1000101010101111000101011000110010010111101
1000101010101111000101011000110010010111101
1000101010111111001110111101110101001110101
1000101010111111001110111101110101001110101
1000101010111111000101011000110010010111101
1111100011100111000101011000010000010111001
1011101010111111001110111101110101000110001
1011101010111111001110111101110101000110001
1000101010111111111110111100110101001110101
1000101010111111111110111100110101001110101
1000101010111111111110111100110101001110101
1011101010111111001110111001110101000110101
1011101010111111001110111001110101000110101
1000101110111111000100111101110110001110101
1000101110111111000100111101110110001110101
1000101110111111001100111101110110001110101
1000101110111111001100111101110110001110101
1011101010111111111110111100110101000110001
1011101010111111111110111100110101000110001
1000101010111111111110111100111101000110101
1000101010111111111110111100111101000110101
1000101110101111000100111001111110001110001
1001100011100111000101001000110010110111001
1001100011100111000101001000110010110111001
1011101010111111101110111100110101000110101
1011101010111111101110111100110101000110101
1000101010101111000101011000111010010111001
1000101010101111000101011000111010010111001
1011101010111111001110111101110101000110101
1011101010111111001110111101110101000110101
1000101010111111000101011000111010010111001
1000101010111111000101011000111010010111001
1011101010111111111110111100110101000110101
1011101010111111111110111100110101000110101
1011101010111111111110111100110101000110101
1100101010101111000101011000110010010111101
1000101110111111000100111001111110001110101
1000101110111111000100111001111110001110101
1000101110111111001100111101111110001110001
1001101110101111000100111001110110101110001
1001101110101111000100111001110110101110001
1011101110101111000100111001110110001110101
1011101110101111000100111001110110001110101
1000101111101111000100111101110110001110001
1100100110100111000101111001110110001111001
1000101111101111000100111101110110001110001
1100100110100111000101111001110110001111001
1000101110111111000100111101111110001110101
1000101111101111000100111001110110001110101
1000101110111111000100111101111110001110101
1000101110111111001100111101111110001110101
1000101110111111001100111101111110001110101
1000101111111111000100111001110110001110101
1000101111111111000100111001110110001110101
1011101010111111111110111100111101000110001
1011101010111111111110111100111101000110001
1011101010111111011110111100110101010110101
1011101010111111011110111100110101010110101
1011101010111111001110111101110101001110101
1011101010111111001110111101110101001110101
1011101010111111111110111100110101001110101
1011101010111111111110111100110101001110101
1011101010111111111110111100110101001110101
1000101111101111000100111101110110001110101
1000101111101111000100111101110110001110101
1011101110111111001100111101110110001110101
1011101110111111001100111101110110001110101
1000101111111111000100111101110110001110101
1011101010111111111110111100111101000110101
1011101010111111111110111100111101000110101
1101101010101111000101011000110010110111001
1101101010101111000101011000110010110111001
1011101010111111011110111100110101011110101
1011101010111111011110111100110101011110101
1111101010101111000101011000110010010111101
1111101010101111000101011000110010010111101
1100100111100111000101101001110110001111001
1011101010111111011110111100111101010110101
1011101010111111011110111100111101010110101
1000101110101111000101111001110110001111101
1000101110101111000101111001110110001111101
1000101110111111000101111001110110001111101
1000101110111111000101111001110110001111101
1000101110111111001101111101110110001111001
1000101110111111001101111101110110001111001
1011101110101111000100111001110110101110101
1011101110101111000100111001110110101110101
1000101110111111001101111001110110001111101
1000101110111111001101111001110110001111101
1011101010111111111110111100111101001110101
1011101010111111111110111100111101001110101
1011101010111111111110111100111101001110101
1011101111101111000100111101110110001110001
1111100110100111000101111001110110001111001
1111100110100111000101111001110110001111001
1011101110111111001100111001110110101110101
1011101110111111001100111001110110101110101
1100100110100111000101111001111110001111101
1100100110100111000101111001111110001111101
1011101110111111000100111101111110001110101
1011101110111111000100111101111110001110101
1011101111111111000100111101110110001110001
1011101111111111000100111101110110001110001
1000101111101111001100111101111110001110101
1011101110111111001100111101111110001110101
1011101110111111001100111101111110001110101
1101100011100111000101011000111010110111001
1000101111111111001100111101111110001110101
1000101111111111001100111101111110001110101
1111101010101111000101011000111010010111001
1111101010101111000101011000111010010111001
1100101110101111000101111001110110001111001
1100101110101111000101111001110110001111001
1100101110111111000101111001110110001111001
1100101110111111000101111001110110001111001
1100101110111111001101111001110110001111001
1100101110111111001101111001110110001111001
1011101011111111111110111100110101001110101
1011101011111111111110111100110101001110101
1111100110100111000101111001110110001111101
1111100110100111000101111001110110001111101
1000101111101111000101101001110110001111001
1000101111101111000101101001110110001111001
1011101111111111000100111101110110001110101
1011101111111111000100111101110110001110101
1011101010111111011110111100111101011110101
1011101010111111011110111100111101011110101
1100101110101111000101111101110110001111001
1100101110101111000101111101110110001111001
1111101010101111000101011000111010010111101
1111101010101111000101011000111010010111101
1100101110101111000101111001110110001111101
1100101110101111000101111001110110001111101
1100101110101111001101111101110110001111001
1100101110101111001101111101110110001111001
1100101110101111001101111001110110001111101
1100101110111111001101111101110110001111001
1100101110111111001101111101110110001111001
1100101110111111001101111001110110001111101
1100101110111111001101111001110110001111101
1101101011101111000101001000110010110111101
1011111010111111111110111100111101001110101
1011111010111111111110111100111101001110101
1011111010111111111110111100111101001110101
1100101110101111000101111101110110001111101
1100101110101111000101111101110110001111101
1011101010111111011110111100111101110110101
1011101010111111011110111100111101110110101
1100101110101111001101111101110110001111101
1100101110101111001101111101110110001111101
1011111110111111000100111101111110001110101
1011111110111111000100111101111110001110101
1100101110111111001101111101110110001111101
1100101110111111001101111101110110001111101
1100101110101111000101111001111110001111001
1011101011111111011110111100111101010110101
1011101011111111011110111100111101010110101
1100101110101111000101111001111110001111001
1011101010111111111110111100111101101110101
1011101010111111111110111100111101101110101
1011101010111111111110111100111101101110101
1100101111101111000101101001110110001111001
1100101111101111000101101001110110001111001
1011101011111111111110111100111101001110101
1011101011111111111110111100111101001110101
1011101110111111111101111100110110001111001
1011101111101111001100111101111110001110101
1011101111101111001100111101111110001110101
1011101111111111001100111101111110001110101
1011101111111111001100111101111110001110101
1111101010111111111111111100110101000111101
1100101110101111000101111101111110001111001
1111101011101111000101011000111010010111001
1111101011101111000101011000111010010111001
1100101110101111000101111001111110001111101
1100101110101111000101111001111110001111101
1100101111101111000101111001110110001111001
1100101111101111000101111001110110001111001
1111101110111111000101111001110110001111001
1111101110111111000101111001110110001111001
1100101110111111000101111001111110001111101
1100101111101111001101111001110110001111001
1100101110111111001101111101111110001111001
1100101111101111001101111001110110001111001
1100101110111111001101111101111110001111001
1100101111111111001101111001110110001111001
1100101111111111001101111001110110001111001
1011101010111111011110111100111101111110101
1011101010111111011110111100111101111110101
1111101110101111000101111101110110001111001
1111101110101111000101111101110110001111001
1011101011111111011110111100111101011110101
1011101011111111011110111100111101011110101
1100101110101111000101111101111110001111101
1100101110101111000101111101111110001111101
1100101111101111000101111101110110001111001
1100101111101111000101111101110110001111001
1100101111101111000101111001110110001111101
1100101111101111000101111001110110001111101
1100101111101111001101111101110110001111001
1100101111101111001101111101110110001111001
1111101110111111001101111101110110001111001
1111101110111111001101111101110110001111001
1100101111101111001101111001110110001111101
1100101110111111001101111101111110001111101
1100101110111111001101111101111110001111101
1101101011101111000101011000111010110111101
1101101011101111000101011000111010110111101
1100101111111111001101111001110110001111101
1100101111111111001101111001110110001111101
1111101010111111001111111101110101001111101
1111101010111111001111111101110101001111101
1111101110111111111101111100110110001111001
1111101110111111111101111100110110001111001
1011111010111111111110111100111101101110101
1011111010111111111110111100111101101110101
1011111010111111111110111100111101101110101
1111101010111111111111111100110101001111101
1111101010111111111111111100110101001111101
1111101110101111000101111101110110001111101
1111101110101111000101111101110110001111101
1111101110101111001101111101110110001111101
1111101110101111001101111101110110001111101
1100101111101111001101111101110110001111101
1100101111101111001101111101110110001111101
1111101110111111001101111101110110001111101
1111101110111111001101111101110110001111101
1100101111111111001101111101110110001111101
1100101111111111001101111101110110001111101
1111101110101111000101111001111110001111001
1100101111101111000101111001111110001111001
1100101111101111000101111001111110001111001
1111101010111111111111111100110101100111101
1111101010111111111111111100110101100111101
1111101011101111000101011000111010110111001
1111101011101111000101011000111010110111001
1111101011101111000101011000111010110111001
1111101110101111000101111101111110001111001
1111101110101111000101111101111110001111001
1111101110101111000101111001111110001111101
1111101110101111000101111001111110001111101
1100101111101111000101111101111110001111001
1100101111101111000101111101111110001111001
1011111011111111011110111100111101011110101
1011111011111111011110111100111101011110101
1100101111101111000101111001111110001111101
1100101111101111000101111001111110001111101
1100101111101111001101111101111110001111001
1100101111101111001101111101111110001111001
1111101110111111001101111101111110001111001
1101101010111111011111111100110101111111101
1100101111101111001101111001111110001111101
1100101111101111001101111001111110001111101
1111101110111111001101111001111110001111101
1111101110111111001101111001111110001111101
1100101111111111001101111101111110001111001
1100101111111111001101111101111110001111001
1111111110111111111101111100110110001111001
1111111110111111111101111100110110001111001
1111101011101111000101011000111010110111101
1111101011101111000101011000111010110111101
1111101011101111000101011000111010110111101
1111101110101111000101111101111110001111101
1111101110101111000101111101111110001111101
1111101111101111000101111101110110001111001
1111101111101111000101111101110110001111001
1100101111101111000101111101111110001111101
1100101111101111000101111101111110001111101
1111101111101111001101111101110110001111001
1111101111101111001101111101110110001111001
1100101111101111001101111101111110001111101
1100101111101111001101111101111110001111101
1111101110111111001101111101111110001111101
1111101110111111001101111101111110001111101
1111101111111111001101111101110110001111001
1111101111111111001101111101110110001111001
1101111010111111111111111100110101101111101
1101111010111111111111111100110101101111101
1100101111111111001101111101111110001111101
1100101111111111001101111101111110001111101
1111101010111111111111111100110101101111101
1111101010111111111111111100110101101111101
1111101011111111111111111100110101001111101
1111101011111111111111111100110101001111101
1111101111101111000101111101110110001111101
1111101111101111000101111101110110001111101
1111101111101111001101111101110110001111101
1111101111101111001101111101110110001111101
1111101110111111111101111100110110001111111
1111101110111111111101111100110110001111111
1111101111111111001101111101110110001111101
1111101111111111001101111101110110001111101
1111101111101111000101111001111110001111001
1111101111101111000101111001111110001111001
1111101111101111000101111001111110001111001
1111101111111111111101111100110101001111101
1111101111111111111101111100110101001111101
1111101110111111011101111100111101011111101
1111101110111111011101111100111101011111101
1111101111101111000101111101111110001111001
1111101111101111000101111101111110001111001
1111101111101111000101111001111110001111101
1111101111101111000101111001111110001111101
1111101111101111000101111001111110001111101
1111101111101111001101111101111110001111001
1111101111101111001101111101111110001111001
1111101111101111001101111001111110001111101
1111101111101111001101111001111110001111101
1111101111111111001101111101111110001111001
1111101111111111001101111101111110001111001
1101101011111111011111111100110101111111101
1101101011111111011111111100110101111111101
1111111110111111001101111101111110001111101
1111111110111111001101111101111110001111101
1111101111111111001101111001111110001111101
1111101111111111001101111001111110001111101
1111111010111111111111111100110101101111101
1111111010111111111111111100110101101111101
1111111010111111111111111100110101101111101
1111101110111111001101111101111110101111101
1111101110111111001101111101111110101111101
1111101111101111000101111101111110001111101
1111101111101111000101111101111110001111101
1111111011111111111111111100110101001111101
1111111011111111111111111100110101001111101
1111101111101111001101111101111110001111101
1111101111101111001101111101111110001111101
1111101111111111001101111101111110001111101
1111101111111111001101111101111110001111101
1111111110111111111101111100110110101111101
1111111110111111111101111100110110101111101
1111111110111111011101111100111101011111101
1111111110111111011101111100111101011111101
1101101011111111011111111100111101111111101
1101101011111111011111111100111101111111101
1111101110111111011101111100111110111111101
1111101110111111011101111100111110111111101
1111101111101111000101111001111110101111101
1111101111101111000101111001111110101111101
1111101111101111000101111001111110101111101
1111101111101111001101111001111110101111101
1111101111101111001101111001111110101111101
1111111110111111001101111101111110101111101
1111111110111111001101111101111110101111101
1111101111111111001101111001111110101111101
1111101111111111001101111001111110101111101
1111101010111111111111111100111101101111111
1111101010111111111111111100111101101111111
1111101010111111111111111100111101101111111
1111111111111111001101111101111110001111101
1111111111111111001101111101111110001111101
1111101011111111111111111110111101001111101
1111101011111111111111111110111101001111101
1111101111101111000101111101111110101111101
1111101111101111000101111101111110101111101
1111101111101111000101111101111110101111101
1111111011111111111111111100110101101111101
1111111011111111111111111100110101101111101
1111101111101111001101111101111110101111101
1111101111101111001101111101111110101111101
1111101111101111001101111101111110101111101
1111101010111111011111111110111101111111101
1111101010111111011111111110111101111111101
1111111110111111011101111110111110011111101
1111111110111111011101111110111110011111101
1111111110111111011101111100111110111111101
1111111110111111011101111100111110111111101
1111111111111111001101111001111110101111101
1111111111111111001101111001111110101111101
1111111111111111001101111001111110101111101
1111111010111111111111111100111101101111111
1111101111111111011101111100111110111111101
1111111011111111111111111110111101001111101
1111111011111111111111111110111101001111101
1111111011111111111111111110111101001111101
1111111011111111111111111100111101101111101
1111111011111111111111111100111101101111101
1111111111111111000101111101111110101111101
1111111111111111000101111101111110101111101
1111111111111111000101111101111110101111101
1111111111111111001101111101111110101111101
1111111111111111001101111101111110101111101
1111111111111111001101111101111110101111101
1111111110111111011101111110111110111111101
1111111110111111011101111110111110111111101
1111111110111111011101111110111110111111101
1111101111111111011101111110111110111111101
1111101111111111011101111110111110111111101
1111111011111111111111111110111101101111101
1111111011111111111111111100111101101111111
1111111011111111111111111100111101101111111
1111111111101111011101111110111110111111101
1111111111111111011101111110111110111111101
