1110100000010000000000000000000000000000000100001010110000100110000100000101000
1110100000010000000001010000000000000000000000000010110000100110000100000101000
1111000000010000000000000000000000000000000100100011000000000010000100000101000
1110100000010000000001000010000000000000000000000011000000000010000000001110000
1110100000011000010000000000000000000000000000000010110000110010000100000101000
1100001100010000000000000000000001000001000000000011000000000010000100000110000
1100001100010000000000000000000000000000000101000010110000110010000100000101000
1111000000010000000000000000000000000000000100010011000000000010000100000110000
1111000000011001000000000000000000000000000000000011000000000010000100000110000
1110100000010000000001001000000000000000000000000010111100000010000100000101000
1100001100010000000001000100000000000000000000000010110000101010000100000101000
1100001011010000000001000010000000000000000000000010111010000010000100000101000
1100001011010000000000000000000000000000000101000011000000000010000010010110000
1111000000010000000001000000010000000000000000000010111100000010000100000101000
1111000000010000000000000000000000000000000100001010111100000011100000000110000
1100001011010000000000000000000000000000000110000010110000110011010000000110110
