130.4 9.0 47.0 -20.4
130.4 9.0 47.0 -20.4
135.6 10.0 52.0 -21.6
135.6 10.0 52.0 -21.6
136.2 10.0 51.0 -21.6
141.4 11.0 56.0 -22.8
141.4 11.0 56.0 -22.8
143.9 10.0 49.0 -21.6
143.9 10.0 49.0 -21.6
145.3 9.0 43.0 -21.6
149.1 11.0 54.0 -22.8
149.1 11.0 54.0 -22.8
149.7 11.0 53.0 -22.8
149.7 11.0 53.0 -22.8
150.5 10.0 48.0 -22.8
150.5 10.0 48.0 -22.8
151.4 10.0 47.0 -22.8
151.4 10.0 47.0 -22.8
152.7 9.0 42.0 -22.8
152.8 11.0 59.0 -24.0
154.9 12.0 58.0 -24.0
154.9 12.0 58.0 -24.0
155.6 11.0 49.0 -24.0
155.6 11.0 49.0 -24.0
158.5 10.0 46.0 -24.0
158.6 12.0 63.0 -25.2
158.6 12.0 63.0 -25.2
158.7 11.0 55.0 -25.2
158.7 11.0 55.0 -25.2
166.2 10.0 44.0 -24.0
166.2 10.0 44.0 -24.0
167.0 11.0 52.0 -25.2
169.2 12.0 51.0 -25.2
169.2 12.0 51.0 -25.2
171.5 13.0 66.0 -26.4
171.5 13.0 66.0 -26.4
172.1 13.0 65.0 -26.4
172.1 13.0 65.0 -26.4
172.3 12.0 57.0 -26.4
172.3 12.0 57.0 -26.4
174.4 13.0 56.0 -26.4
174.4 13.0 56.0 -26.4
176.8 14.0 71.0 -27.6
176.8 14.0 71.0 -27.6
177.2 12.0 53.0 -26.4
177.3 14.0 70.0 -27.6
177.4 9.0 42.0 -24.0
177.5 13.0 62.0 -27.6
177.5 13.0 62.0 -27.6
178.0 13.0 61.0 -27.6
178.0 13.0 61.0 -27.6
178.2 11.0 55.0 -26.4
182.5 13.0 58.0 -27.6
182.6 15.0 75.0 -28.8
182.6 15.0 75.0 -28.8
182.6 10.0 47.0 -25.2
183.2 10.0 46.0 -25.2
183.3 14.0 66.0 -28.8
188.4 11.0 51.0 -26.4
188.4 11.0 51.0 -26.4
190.9 10.0 44.0 -25.2
191.0 14.0 64.0 -28.8
191.8 8.0 41.0 -24.0
191.8 8.0 41.0 -24.0
193.7 11.0 50.0 -26.4
193.7 11.0 50.0 -26.4
194.5 12.0 58.0 -27.6
194.5 12.0 58.0 -27.6
196.0 14.0 60.0 -28.8
196.1 16.0 77.0 -30.0
196.1 16.0 77.0 -30.0
196.1 11.0 49.0 -26.4
196.7 11.0 48.0 -26.4
196.7 11.0 48.0 -26.4
196.8 15.0 68.0 -30.0
196.9 9.0 42.0 -25.2
196.9 9.0 42.0 -25.2
198.9 12.0 55.0 -27.6
198.9 12.0 55.0 -27.6
199.0 10.0 46.0 -26.4
199.0 10.0 46.0 -26.4
199.7 13.0 63.0 -28.8
199.7 13.0 63.0 -28.8
199.8 11.0 54.0 -27.6
201.9 12.0 53.0 -27.6
201.9 12.0 53.0 -27.6
204.2 11.0 51.0 -27.6
204.2 11.0 51.0 -27.6
204.8 11.0 50.0 -27.6
204.8 11.0 50.0 -27.6
205.0 12.0 59.0 -28.8
205.0 12.0 59.0 -28.8
205.4 17.0 99.0 -31.2
205.4 17.0 99.0 -31.2
205.6 14.0 75.0 -30.0
205.6 14.0 75.0 -30.0
205.6 12.0 58.0 -28.8
206.2 14.0 74.0 -30.0
206.2 14.0 74.0 -30.0
209.1 15.0 67.0 -30.0
209.1 15.0 67.0 -30.0
210.0 12.0 55.0 -28.8
210.1 15.0 66.0 -30.0
210.1 15.0 66.0 -30.0
210.2 17.0 83.0 -31.2
210.4 10.0 44.0 -26.4
210.4 10.0 44.0 -26.4
210.6 14.0 71.0 -30.0
210.6 14.0 71.0 -30.0
210.8 13.0 63.0 -30.0
210.8 13.0 63.0 -30.0
211.4 15.0 79.0 -31.2
211.4 15.0 79.0 -31.2
212.5 11.0 48.0 -27.6
212.5 11.0 48.0 -27.6
213.4 9.0 45.0 -26.4
213.4 9.0 45.0 -26.4
214.2 10.0 53.0 -27.6
214.3 16.0 72.0 -31.2
214.3 16.0 72.0 -31.2
216.3 18.0 105.0 -32.4
216.3 18.0 105.0 -32.4
216.7 14.0 75.0 -31.2
216.8 17.0 102.0 -32.4
216.8 17.0 102.0 -32.4
217.3 14.0 74.0 -31.2
217.3 14.0 74.0 -31.2
217.7 14.0 62.0 -30.0
217.7 12.0 53.0 -28.8
218.3 12.0 52.0 -28.8
218.3 12.0 52.0 -28.8
218.5 10.0 46.0 -27.6
218.5 10.0 46.0 -27.6
218.5 13.0 61.0 -30.0
218.9 18.0 101.0 -32.4
218.9 18.0 101.0 -32.4
219.1 13.0 60.0 -30.0
219.1 17.0 100.0 -32.4
219.1 17.0 100.0 -32.4
219.3 11.0 54.0 -28.8
219.3 11.0 54.0 -28.8
219.7 17.0 99.0 -32.4
219.8 16.0 91.0 -32.4
219.8 16.0 91.0 -32.4
220.3 15.0 70.0 -31.2
220.4 16.0 90.0 -32.4
220.4 16.0 90.0 -32.4
221.7 14.0 71.0 -31.2
221.7 14.0 71.0 -31.2
222.0 18.0 107.0 -33.6
222.0 18.0 107.0 -33.6
222.5 15.0 79.0 -32.4
222.6 18.0 106.0 -33.6
222.6 18.0 106.0 -33.6
223.0 13.0 58.0 -30.0
223.0 13.0 58.0 -30.0
223.5 13.0 57.0 -30.0
223.5 13.0 57.0 -30.0
223.7 11.0 51.0 -28.8
223.8 14.0 66.0 -31.2
224.3 11.0 50.0 -28.8
224.3 14.0 65.0 -31.2
224.3 11.0 50.0 -28.8
224.3 14.0 65.0 -31.2
224.5 12.0 59.0 -30.0
224.5 12.0 59.0 -30.0
224.9 18.0 104.0 -33.6
224.9 18.0 104.0 -33.6
225.1 12.0 58.0 -30.0
225.1 12.0 58.0 -30.0
225.6 17.0 95.0 -33.6
225.6 17.0 95.0 -33.6
227.8 19.0 111.0 -34.8
227.8 19.0 111.0 -34.8
228.4 17.0 78.0 -32.4
228.4 17.0 78.0 -32.4
228.8 14.0 62.0 -31.2
228.8 14.0 62.0 -31.2
229.4 16.0 78.0 -32.4
229.4 16.0 78.0 -32.4
229.6 15.0 70.0 -32.4
229.6 15.0 70.0 -32.4
230.2 17.0 86.0 -33.6
230.3 13.0 63.0 -31.2
230.3 13.0 63.0 -31.2
230.9 16.0 91.0 -33.6
230.9 16.0 91.0 -33.6
231.3 13.0 55.0 -30.0
231.3 13.0 55.0 -30.0
231.5 16.0 90.0 -33.6
231.5 16.0 90.0 -33.6
232.0 11.0 48.0 -28.8
232.0 11.0 48.0 -28.8
232.8 12.0 56.0 -30.0
232.8 12.0 56.0 -30.0
233.1 18.0 107.0 -34.8
233.1 18.0 107.0 -34.8
233.7 18.0 106.0 -34.8
233.7 18.0 106.0 -34.8
234.6 16.0 83.0 -33.6
234.6 16.0 83.0 -33.6
235.5 16.0 82.0 -33.6
235.5 16.0 82.0 -33.6
236.0 16.0 81.0 -33.6
236.0 18.0 104.0 -34.8
236.0 16.0 81.0 -33.6
236.2 14.0 75.0 -32.4
236.2 14.0 75.0 -32.4
236.5 18.0 101.0 -34.8
236.5 14.0 60.0 -31.2
236.7 17.0 95.0 -34.8
236.8 14.0 74.0 -32.4
236.8 14.0 74.0 -32.4
237.1 14.0 59.0 -31.2
237.2 12.0 53.0 -30.0
237.2 12.0 53.0 -30.0
237.3 15.0 68.0 -32.4
237.3 15.0 68.0 -32.4
237.8 12.0 52.0 -30.0
237.8 12.0 52.0 -30.0
238.0 13.0 61.0 -31.2
238.0 13.0 61.0 -31.2
238.6 13.0 60.0 -31.2
238.6 13.0 60.0 -31.2
238.7 20.0 117.0 -36.0
238.7 20.0 117.0 -36.0
238.9 19.0 111.0 -36.0
238.9 19.0 111.0 -36.0
239.6 16.0 79.0 -33.6
239.7 14.0 70.0 -32.4
240.4 17.0 87.0 -34.8
240.5 15.0 78.0 -33.6
240.5 15.0 78.0 -33.6
241.3 17.0 86.0 -34.8
241.3 17.0 86.0 -34.8
242.3 15.0 64.0 -32.4
242.3 15.0 64.0 -32.4
242.5 13.0 58.0 -31.2
242.5 13.0 58.0 -31.2
243.0 13.0 57.0 -31.2
243.0 13.0 57.0 -31.2
243.1 16.0 72.0 -33.6
243.3 14.0 66.0 -32.4
243.3 14.0 66.0 -32.4
243.8 14.0 65.0 -32.4
243.8 14.0 65.0 -32.4
244.4 19.0 102.0 -36.0
244.4 19.0 102.0 -36.0
244.9 15.0 75.0 -33.6
244.9 15.0 75.0 -33.6
245.5 15.0 74.0 -33.6
245.5 15.0 74.0 -33.6
245.7 16.0 83.0 -34.8
245.7 16.0 83.0 -34.8
246.3 16.0 82.0 -34.8
246.3 16.0 82.0 -34.8
246.6 21.0 118.0 -37.2
246.6 21.0 118.0 -37.2
247.6 18.0 101.0 -36.0
247.6 18.0 101.0 -36.0
248.3 14.0 62.0 -32.4
248.3 14.0 62.0 -32.4
249.1 15.0 70.0 -33.6
249.1 15.0 70.0 -33.6
249.7 18.0 98.0 -36.0
249.7 18.0 98.0 -36.0
249.8 20.0 117.0 -37.2
249.8 20.0 117.0 -37.2
250.2 18.0 97.0 -36.0
250.2 18.0 97.0 -36.0
250.7 16.0 79.0 -34.8
250.7 16.0 79.0 -34.8
250.8 13.0 55.0 -31.2
250.8 13.0 55.0 -31.2
251.5 17.0 87.0 -36.0
251.5 17.0 87.0 -36.0
251.9 20.0 114.0 -37.2
251.9 20.0 114.0 -37.2
252.4 20.0 113.0 -37.2
252.4 20.0 113.0 -37.2
254.8 20.0 111.0 -37.2
254.8 20.0 111.0 -37.2
254.9 14.0 77.0 -33.6
254.9 14.0 77.0 -33.6
255.3 20.0 108.0 -37.2
255.3 20.0 108.0 -37.2
255.5 19.0 102.0 -37.2
255.5 19.0 102.0 -37.2
256.0 14.0 60.0 -32.4
256.0 14.0 60.0 -32.4
256.6 14.0 59.0 -32.4
256.6 14.0 59.0 -32.4
256.8 15.0 68.0 -33.6
256.8 15.0 68.0 -33.6
257.2 17.0 78.0 -34.8
257.2 17.0 78.0 -34.8
257.4 15.0 67.0 -33.6
257.4 15.0 67.0 -33.6
257.5 22.0 124.0 -38.4
257.5 22.0 124.0 -38.4
257.7 21.0 118.0 -38.4
257.7 21.0 118.0 -38.4
258.4 16.0 77.0 -34.8
258.5 13.0 62.0 -32.4
258.5 13.0 62.0 -32.4
259.0 16.0 76.0 -34.8
259.0 16.0 76.0 -34.8
259.2 19.0 94.0 -37.2
259.2 17.0 85.0 -36.0
259.8 17.0 84.0 -36.0
259.8 17.0 84.0 -36.0
260.0 15.0 78.0 -34.8
260.0 15.0 78.0 -34.8
261.8 15.0 64.0 -33.6
261.8 15.0 64.0 -33.6
262.6 16.0 72.0 -34.8
262.6 16.0 72.0 -34.8
263.7 14.0 67.0 -33.6
264.2 17.0 81.0 -36.0
264.2 17.0 81.0 -36.0
264.3 14.0 66.0 -33.6
264.4 15.0 75.0 -34.8
264.5 18.0 90.0 -37.2
265.0 18.0 89.0 -37.2
265.0 15.0 74.0 -34.8
265.2 16.0 83.0 -36.0
265.2 16.0 83.0 -36.0
265.4 21.0 116.0 -38.4
265.4 21.0 116.0 -38.4
265.8 16.0 82.0 -36.0
265.8 16.0 82.0 -36.0
266.0 21.0 115.0 -38.4
266.0 21.0 115.0 -38.4
266.4 20.0 108.0 -38.4
266.4 20.0 108.0 -38.4
268.6 22.0 124.0 -39.6
268.6 22.0 124.0 -39.6
268.8 17.0 78.0 -36.0
268.8 17.0 78.0 -36.0
269.0 20.0 104.0 -38.4
269.0 20.0 104.0 -38.4
269.5 18.0 86.0 -37.2
269.5 18.0 86.0 -37.2
270.2 16.0 79.0 -36.0
270.3 19.0 94.0 -38.4
271.0 17.0 87.0 -37.2
271.0 17.0 87.0 -37.2
271.2 22.0 120.0 -39.6
271.2 22.0 120.0 -39.6
272.0 14.0 64.0 -33.6
272.0 14.0 64.0 -33.6
274.1 15.0 63.0 -33.6
274.1 15.0 63.0 -33.6
275.9 16.0 70.0 -34.8
275.9 16.0 70.0 -34.8
276.5 17.0 76.0 -36.0
276.5 17.0 76.0 -36.0
277.2 15.0 69.0 -34.8
277.2 15.0 69.0 -34.8
277.2 21.0 118.0 -39.6
277.8 15.0 68.0 -34.8
277.8 15.0 68.0 -34.8
277.8 18.0 83.0 -37.2
277.9 16.0 77.0 -36.0
277.9 16.0 77.0 -36.0
278.0 19.0 92.0 -38.4
278.0 19.0 92.0 -38.4
278.5 16.0 76.0 -36.0
278.6 19.0 91.0 -38.4
278.7 17.0 85.0 -37.2
279.1 22.0 117.0 -39.6
279.1 22.0 117.0 -39.6
279.3 21.0 111.0 -39.6
279.3 21.0 111.0 -39.6
279.9 21.0 110.0 -39.6
279.9 21.0 110.0 -39.6
282.1 23.0 126.0 -40.8
282.1 23.0 126.0 -40.8
282.3 18.0 80.0 -37.2
282.3 18.0 80.0 -37.2
282.5 16.0 74.0 -36.0
282.5 16.0 74.0 -36.0
283.0 16.0 73.0 -36.0
283.0 19.0 88.0 -38.4
283.0 16.0 73.0 -36.0
283.0 19.0 88.0 -38.4
283.1 21.0 105.0 -39.6
283.1 21.0 105.0 -39.6
283.2 17.0 82.0 -37.2
283.7 17.0 81.0 -37.2
283.7 17.0 81.0 -37.2
283.8 20.0 96.0 -39.6
283.8 20.0 96.0 -39.6
284.0 18.0 90.0 -38.4
284.0 18.0 90.0 -38.4
284.5 18.0 89.0 -38.4
284.5 18.0 89.0 -38.4
288.1 22.0 124.0 -40.8
288.1 22.0 124.0 -40.8
288.3 17.0 78.0 -37.2
288.3 17.0 78.0 -37.2
289.0 18.0 86.0 -38.4
289.0 18.0 86.0 -38.4
289.8 19.0 94.0 -39.6
289.8 19.0 94.0 -39.6
290.2 22.0 117.0 -40.8
290.2 22.0 117.0 -40.8
290.8 16.0 71.0 -36.0
290.8 16.0 71.0 -36.0
294.0 22.0 116.0 -40.8
294.0 22.0 116.0 -40.8
296.0 17.0 76.0 -37.2
296.0 17.0 76.0 -37.2
296.2 24.0 132.0 -42.0
296.2 24.0 132.0 -42.0
296.2 21.0 115.0 -40.8
296.2 21.0 115.0 -40.8
296.6 17.0 75.0 -37.2
296.6 17.0 75.0 -37.2
296.7 18.0 84.0 -38.4
297.3 18.0 83.0 -38.4
297.3 18.0 83.0 -38.4
297.4 22.0 114.0 -40.8
297.4 22.0 114.0 -40.8
297.5 19.0 92.0 -39.6
297.9 21.0 102.0 -40.8
297.9 21.0 102.0 -40.8
298.1 19.0 91.0 -39.6
298.1 19.0 91.0 -39.6
299.6 24.0 130.0 -42.0
299.6 24.0 130.0 -42.0
301.3 21.0 100.0 -40.8
301.3 21.0 100.0 -40.8
301.6 23.0 126.0 -42.0
301.6 23.0 126.0 -42.0
301.8 18.0 80.0 -38.4
301.8 18.0 80.0 -38.4
302.5 19.0 88.0 -39.6
302.5 19.0 88.0 -39.6
303.3 20.0 96.0 -40.8
303.3 20.0 96.0 -40.8
304.3 23.0 123.0 -42.0
304.3 23.0 123.0 -42.0
306.3 23.0 119.0 -42.0
309.7 22.0 117.0 -42.0
309.7 22.0 117.0 -42.0
311.6 22.0 107.0 -42.0
313.2 25.0 140.0 -43.2
313.2 25.0 140.0 -43.2
314.1 18.0 79.0 -38.4
314.1 18.0 79.0 -38.4
314.8 19.0 87.0 -39.6
314.8 19.0 87.0 -39.6
315.4 22.0 106.0 -42.0
315.4 22.0 106.0 -42.0
315.6 20.0 95.0 -40.8
315.6 20.0 95.0 -40.8
315.7 24.0 132.0 -43.2
315.9 19.0 86.0 -39.6
315.9 19.0 86.0 -39.6
316.6 20.0 94.0 -40.8
316.6 20.0 94.0 -40.8
317.4 21.0 102.0 -42.0
317.4 21.0 102.0 -42.0
319.1 24.0 130.0 -43.2
319.1 24.0 130.0 -43.2
319.3 19.0 84.0 -39.6
319.3 19.0 84.0 -39.6
319.6 23.0 118.0 -43.2
320.0 20.0 92.0 -40.8
320.0 20.0 92.0 -40.8
320.8 21.0 100.0 -42.0
320.8 21.0 100.0 -42.0
330.3 21.0 99.0 -42.0
330.3 21.0 99.0 -42.0
331.1 22.0 107.0 -43.2
331.1 22.0 107.0 -43.2
332.7 25.0 140.0 -44.4
332.7 25.0 140.0 -44.4
333.2 25.0 136.0 -44.4
333.2 25.0 136.0 -44.4
333.4 20.0 90.0 -40.8
333.4 20.0 90.0 -40.8
334.1 21.0 98.0 -42.0
334.1 21.0 98.0 -42.0
334.9 22.0 106.0 -43.2
334.9 22.0 106.0 -43.2
337.9 25.0 129.0 -44.4
337.9 25.0 129.0 -44.4
340.4 24.0 133.0 -44.4
340.4 24.0 133.0 -44.4
340.8 24.0 131.0 -44.4
340.8 24.0 131.0 -44.4
341.3 24.0 127.0 -44.4
341.3 24.0 127.0 -44.4
345.2 23.0 113.0 -44.4
345.2 23.0 113.0 -44.4
349.8 26.0 146.0 -45.6
353.7 25.0 132.0 -45.6
370.7 26.0 140.0 -46.8
