176.0 13.0 67.0 -24.0
176.0 13.0 67.0 -24.0
181.1 13.0 67.0 -25.2
181.1 13.0 67.0 -25.2
186.3 14.0 72.0 -26.4
186.3 14.0 72.0 -26.4
186.9 14.0 71.0 -26.4
191.3 15.0 84.0 -28.8
191.3 15.0 84.0 -28.8
192.1 15.0 76.0 -27.6
192.2 13.0 67.0 -26.4
192.2 13.0 67.0 -26.4
197.4 14.0 72.0 -27.6
197.4 14.0 72.0 -27.6
203.0 16.0 82.0 -28.8
203.2 16.0 96.0 -30.0
203.2 16.0 96.0 -30.0
206.8 15.0 79.0 -28.8
207.4 15.0 78.0 -28.8
208.2 14.0 69.0 -27.6
209.6 17.0 94.0 -30.0
209.6 17.0 94.0 -30.0
211.7 13.0 67.0 -27.6
212.6 16.0 83.0 -30.0
212.7 14.0 74.0 -28.8
213.4 18.0 96.0 -31.2
214.6 15.0 79.0 -30.0
218.5 15.0 78.0 -30.0
218.7 15.0 73.0 -28.8
220.7 17.0 100.0 -31.2
220.7 17.0 100.0 -31.2
222.0 18.0 96.0 -32.4
222.2 14.0 71.0 -28.8
222.4 18.0 103.0 -33.6
222.6 17.0 89.0 -31.2
223.8 18.0 95.0 -32.4
225.2 16.0 93.0 -32.4
227.1 19.0 97.0 -33.6
228.9 18.0 95.0 -33.6
229.6 19.0 103.0 -34.8
229.6 16.0 88.0 -32.4
229.6 16.0 88.0 -32.4
231.0 17.0 97.0 -33.6
231.4 16.0 81.0 -31.2
232.0 16.0 80.0 -31.2
232.2 14.0 74.0 -30.0
233.3 14.0 71.0 -30.0
233.3 14.0 71.0 -30.0
234.1 15.0 79.0 -31.2
238.5 15.0 76.0 -31.2
238.5 15.0 76.0 -31.2
240.9 17.0 90.0 -33.6
241.9 17.0 85.0 -32.4
243.4 18.0 99.0 -34.8
243.4 18.0 99.0 -34.8
243.5 16.0 86.0 -32.4
244.1 20.0 109.0 -36.0
244.1 20.0 109.0 -36.0
244.3 16.0 80.0 -32.4
247.5 21.0 108.0 -36.0
247.5 21.0 108.0 -36.0
253.8 15.0 78.0 -32.4
253.8 15.0 78.0 -32.4
254.6 16.0 86.0 -33.6
257.8 19.0 105.0 -36.0
257.8 19.0 105.0 -36.0
258.1 16.0 80.0 -33.6
260.2 19.0 101.0 -36.0
260.2 19.0 101.0 -36.0
260.4 17.0 90.0 -34.8
261.1 21.0 117.0 -37.2
261.1 21.0 117.0 -37.2
261.6 22.0 114.0 -37.2
261.6 22.0 114.0 -37.2
263.3 17.0 85.0 -34.8
263.6 20.0 109.0 -37.2
268.7 21.0 110.0 -38.4
268.7 21.0 110.0 -38.4
270.5 20.0 100.0 -36.0
271.3 21.0 108.0 -37.2
273.1 17.0 84.0 -34.8
273.7 20.0 103.0 -37.2
276.4 18.0 92.0 -36.0
276.4 18.0 92.0 -36.0
280.8 18.0 89.0 -36.0
281.6 19.0 97.0 -37.2
288.5 18.0 87.0 -36.0
288.5 18.0 87.0 -36.0
289.9 19.0 94.0 -37.2
292.1 24.0 124.0 -39.6
292.1 24.0 124.0 -39.6
297.7 20.0 106.0 -38.4
297.7 20.0 106.0 -38.4
302.6 19.0 93.0 -37.2
302.6 19.0 93.0 -37.2
306.0 21.0 110.0 -39.6
306.0 21.0 110.0 -39.6
308.4 20.0 97.0 -38.4
308.4 20.0 97.0 -38.4
322.6 22.0 120.0 -40.8
