149.9 10.0 62.0 -22.8
149.9 10.0 62.0 -22.8
155.7 11.0 66.0 -24.0
155.7 11.0 66.0 -24.0
161.0 10.0 62.0 -24.0
161.0 10.0 62.0 -24.0
164.3 9.0 61.0 -22.8
165.5 11.0 61.0 -24.0
166.6 12.0 72.0 -25.2
166.6 12.0 72.0 -25.2
166.8 11.0 66.0 -25.2
172.3 12.0 74.0 -26.4
172.3 12.0 74.0 -26.4
174.5 13.0 73.0 -26.4
175.0 11.0 62.0 -26.4
175.4 9.0 61.0 -24.0
175.9 10.0 53.0 -24.0
175.9 10.0 53.0 -24.0
178.1 13.0 78.0 -27.6
178.1 13.0 78.0 -27.6
180.5 10.0 62.0 -25.2
180.5 10.0 62.0 -25.2
181.6 11.0 58.0 -26.4
181.7 11.0 57.0 -25.2
181.7 11.0 57.0 -25.2
183.4 12.0 74.0 -27.6
183.4 12.0 74.0 -27.6
185.6 13.0 73.0 -27.6
185.6 13.0 73.0 -27.6
186.2 10.0 56.0 -25.2
186.2 10.0 56.0 -25.2
188.0 12.0 65.0 -27.6
188.0 12.0 65.0 -27.6
189.0 14.0 84.0 -28.8
189.0 14.0 84.0 -28.8
189.3 10.0 50.0 -25.2
189.3 10.0 50.0 -25.2
193.8 13.0 69.0 -28.8
193.9 11.0 53.0 -26.4
195.3 10.0 54.0 -26.4
196.9 15.0 85.0 -30.0
196.9 15.0 85.0 -30.0
199.7 12.0 57.0 -27.6
200.4 10.0 50.0 -26.4
200.4 10.0 50.0 -26.4
200.4 13.0 65.0 -28.8
201.1 11.0 58.0 -27.6
201.1 11.0 58.0 -27.6
202.2 14.0 81.0 -30.0
202.2 14.0 81.0 -30.0
202.9 12.0 74.0 -28.8
202.9 12.0 74.0 -28.8
207.2 14.0 77.0 -30.0
207.2 14.0 77.0 -30.0
207.8 16.0 91.0 -31.2
207.8 16.0 91.0 -31.2
207.9 12.0 70.0 -28.8
208.7 13.0 78.0 -30.0
208.7 13.0 78.0 -30.0
214.1 11.0 56.0 -27.6
214.1 12.0 61.0 -28.8
214.1 12.0 61.0 -28.8
217.9 14.0 69.0 -30.0
218.1 15.0 83.0 -31.2
218.1 15.0 83.0 -31.2
218.9 16.0 91.0 -32.4
218.9 16.0 91.0 -32.4
219.2 12.0 57.0 -28.8
219.2 12.0 57.0 -28.8
219.6 14.0 84.0 -31.2
219.9 13.0 65.0 -30.0
221.7 14.0 81.0 -31.2
221.7 14.0 81.0 -31.2
225.5 16.0 89.0 -32.4
225.5 16.0 89.0 -32.4
227.5 15.0 85.0 -32.4
227.5 15.0 85.0 -32.4
233.0 17.0 97.0 -33.6
233.0 17.0 97.0 -33.6
233.3 13.0 63.0 -30.0
233.3 13.0 63.0 -30.0
234.0 14.0 71.0 -31.2
234.0 14.0 71.0 -31.2
236.4 17.0 95.0 -33.6
236.4 17.0 95.0 -33.6
237.6 15.0 83.0 -32.4
238.4 16.0 91.0 -33.6
238.4 16.0 91.0 -33.6
250.5 18.0 101.0 -34.8
250.5 18.0 101.0 -34.8
251.5 15.0 75.0 -32.4
251.5 15.0 75.0 -32.4
251.7 16.0 89.0 -33.6
252.5 17.0 97.0 -34.8
255.1 16.0 87.0 -33.6
255.9 17.0 95.0 -34.8
255.9 17.0 95.0 -34.8
269.3 17.0 93.0 -34.8
270.0 18.0 101.0 -36.0
270.0 18.0 101.0 -36.0
