000000011000100000000001000000011000000000100000
000000011000100100000001000000011000000000100000
000010010000100100000001000000011010000000000000
000000011000100100000001000000011010000000000000
000000011000100100000001000000011010000000000000
000000011000100100000001000000011010000000000000
000000011000100100000001000000011010000000000000
000000011000100100000001000000011010000000000000
000000011000100100000001000000011010000000000000
000000011000100100000001000000011010000000000000
000000011000100100000001000000011010000000000000
000100011000100000000001000000011010010000000000
000010011000100100000001000000011010000000000000
000000011000100100001001000000011010000000000000
000000011000100100000001000000011010000000100000
000000011000100100000001000000011010000000100000
000000011000100100000001000000011010000000100000
000000011000100100000001000000011010000000100000
000000011000100100000001000000011010000000100000
000000011000100100000001000000011010000000100000
000000011000100100100001000000011010000000000000
000000011000100100100001000000011010000000000000
000000011000100100100001000000011010000000000000
000010011000100100100001000000011010000000000000
000000011000100100101001000000011010000000000000
000010011000100100001001000000011010000000100000
000000011000100110000001000000011010000000000000
000010011100100100000001000000011010010000000000
000000011000100110000001000010011010000000000000
000000011100100100001001000000011010010000000000
