51.8 3.0 17.0 -7.0
54.3 3.0 18.0 -7.0
58.6 3.0 18.0 -8.0
69.0 4.0 19.0 -8.0
69.0 4.0 19.0 -8.0
69.0 4.0 19.0 -8.0
69.0 4.0 19.0 -8.0
69.0 4.0 19.0 -8.0
69.0 4.0 19.0 -8.0
69.0 4.0 19.0 -8.0
69.0 4.0 19.0 -8.0
69.0 4.0 19.0 -8.0
69.5 4.0 11.0 -8.0
70.5 5.0 22.0 -9.0
70.5 5.0 22.0 -9.0
70.5 5.0 22.0 -9.0
70.5 5.0 22.0 -9.0
71.8 5.0 20.0 -9.0
71.8 5.0 20.0 -9.0
73.0 4.0 19.0 -9.0
73.0 4.0 19.0 -9.0
73.0 4.0 19.0 -9.0
75.8 5.0 20.0 -10.0
76.6 4.0 19.0 -9.0
77.9 6.0 29.0 -10.0
78.8 5.0 22.0 -11.0
79.6 4.0 19.0 -10.0
79.6 4.0 19.0 -10.0
80.9 4.0 19.0 -10.0
92.8 4.0 19.0 -10.0
