000000011000100100000001000000001000000000100000
000000011000100000101001000000011000000000100000
000000011000100100000001000000001010000000000000
000000011000100100000001000000001010000000100000
000000011000100100000001000000011000000000100000
000000011000100100001001000000001010010000000000
000000011000100010100001000000011010000000000000
000000011000100100000001000000011010000000000000
000000011000100100000001000000011010000000000000
000000011000100100000001000000011010000000000000
000000011000100100000001000000011010000000000000
000000011000100100000001000000011010000000000000
000000011000100100000001000000011010000000000000
000000011000100100000001000000011010000000000000
000010011000100100000001000000011010000000000000
000000011000100100001001000000011010000000000000
000000011000100100001001000000011010000000000000
000000011000100100001001000000011010000000000000
000000011000100100000001000000011010000000100000
000000011000100100000001000000011010000000100000
000000011000100100000001000000011010000000100000
000000011000100100100001000000011010000000000000
000010011000100100000001000000011010000000100000
000010011000100100000001000000011010000000100000
000000011000100100000001000000011010010000000000
000000011000100100001001000000011010010000000000
000100011000100100000001000000011010000000000000
000000011000100110001001000010011010000000000000
000000011000100110100001000000011010000000100000
000000011001100100000001000000011010000000100000
