51.8 3.0 17.0 -7.0
51.8 3.0 17.0 -7.0
57.7 3.0 12.0 -7.0
58.6 3.0 18.0 -8.0
66.7 3.0 10.0 -7.0
69.0 4.0 19.0 -8.0
69.0 4.0 19.0 -8.0
69.0 4.0 19.0 -8.0
69.0 4.0 19.0 -8.0
69.0 4.0 19.0 -8.0
69.0 4.0 19.0 -8.0
69.0 4.0 19.0 -8.0
69.0 4.0 19.0 -8.0
70.5 5.0 22.0 -9.0
70.5 5.0 22.0 -9.0
70.5 5.0 22.0 -9.0
71.8 5.0 20.0 -9.0
73.0 4.0 19.0 -9.0
73.0 4.0 19.0 -9.0
73.0 4.0 19.0 -9.0
73.3 4.0 19.0 -9.0
73.3 4.0 19.0 -9.0
73.3 4.0 19.0 -9.0
76.6 4.0 19.0 -9.0
77.3 4.0 19.0 -10.0
78.0 4.0 19.0 -9.0
79.2 5.0 24.0 -9.0
82.9 4.0 27.0 -10.0
84.9 4.0 19.0 -11.0
97.7 4.0 19.0 -10.0
