000000011000100000000001000000011010000000000000
000000011000100000000001000000011010000000000000
000000011000100100000001000000011000000000000000
000000011000100100100001000000001010000000000000
000000010000100100000001000000011010000000000000
000000011000100100000001000000011010000000000000
000000011000100100000001000000011010000000000000
000000011000100100000001000000011010000000000000
000000011000100100000001000000011010000000000000
000000011000100100000001000000011010000000000000
000000011000100100000001000000011010000000000000
000000011000100100000001000000011010000000000000
000000011000100100000001000000011010000000000000
000010011000100100000001000000011010000000000000
000010011000100100000001000000011010000000000000
000010011000100100000001000000011010000000000000
000000011000100100001001000000011010000000000000
000000011000100100000001000000011010000000100000
000000011000100100000001000000011010000000100000
000000011000100100000001000000011010000000100000
000000011000100100100001000000011010000000000000
000000011000100100100001000000011010000000000000
000000011000100100100001000000011010000000000000
000000011000100100000001000000011010010000000000
000000011000100100100001000000011010000000100000
000000011000100110000001000000011010000000000000
000000011000100100000001000000011010001000000000
000000011000100000100001000001001010000010010000
000000011000100100100001000000011010010000100000
000000011000100110000011000000011010000000000000
