40.5 2.0 10.0 -6.0
43.0 2.0 11.0 -6.0
44.5 2.0 10.0 -7.0
51.8 3.0 17.0 -7.0
53.3 4.0 20.0 -8.0
57.7 3.0 12.0 -7.0
57.7 3.0 12.0 -7.0
58.6 3.0 18.0 -8.0
59.4 3.0 17.0 -8.0
69.0 4.0 19.0 -8.0
69.0 4.0 19.0 -8.0
69.0 4.0 19.0 -8.0
69.0 4.0 19.0 -8.0
69.0 4.0 19.0 -8.0
69.0 4.0 19.0 -8.0
69.0 4.0 19.0 -8.0
69.3 3.0 12.0 -9.0
73.0 4.0 19.0 -9.0
73.0 4.0 19.0 -9.0
73.0 4.0 19.0 -9.0
73.0 4.0 19.0 -9.0
73.0 4.0 19.0 -9.0
73.3 4.0 19.0 -9.0
73.3 4.0 19.0 -9.0
73.3 4.0 19.0 -9.0
73.3 4.0 19.0 -9.0
73.3 4.0 19.0 -9.0
75.8 3.0 18.0 -9.0
77.3 4.0 19.0 -10.0
83.8 5.0 22.0 -11.0
