000000011000100000000001000000001010000000000000
000000010000100000000001000000011000000000100000
000000011000100010000001000000001010000000000000
000000011000100000000001000000011010000000000000
000000011000100000000001000000011010000000000000
000000011000100100000001000000001010000000000000
000000010000100100000001000000011000000000000000
000000011000100000000001000000011010000000100000
000000011000100100000001000000011000000000000000
000000011000100100000001000000011000000000000000
000000011000100100000001000000011000000000000000
000000011000100010000001000000011010000000000000
000000011000100110000001000010001010000000000000
000000011000100100000001000000011010000000000000
000000011000100100000001000000011010000000000000
000000011000100100000001000000011010000000000000
000000011000100100000001000000011010000000000000
000000011000100100000001000000011010000000000000
000000011000100100000001000000011010000000000000
000000011000100100000001000000011010000000000000
000000011000100100000001000000011010000000000000
000000011000100100000001000000011010000000000000
000000011000100100000001000000011010000000000000
000010011000100100000001000000011010000000000000
000000011000100100000001000000011010000000100000
000000011000100100000001000000011010000000100000
000000010000100100100001000000011010000000100000
000000011000100100001001000000011010000000100000
000010011000100110000001000000011010000000000000
000000011000100110000001000010011010000000000000
