51.8 3.0 17.0 -7.0
51.8 3.0 17.0 -7.0
54.3 3.0 18.0 -7.0
54.6 4.0 18.0 -8.0
57.7 3.0 12.0 -7.0
69.0 4.0 19.0 -8.0
69.0 4.0 19.0 -8.0
69.0 4.0 19.0 -8.0
69.0 4.0 19.0 -8.0
69.0 4.0 19.0 -8.0
69.0 4.0 19.0 -8.0
69.0 4.0 19.0 -8.0
70.5 5.0 22.0 -9.0
71.8 5.0 20.0 -9.0
71.8 5.0 20.0 -9.0
73.0 4.0 19.0 -9.0
73.3 4.0 19.0 -9.0
73.3 4.0 19.0 -9.0
76.1 5.0 20.0 -10.0
76.6 4.0 19.0 -9.0
76.6 4.0 19.0 -9.0
77.2 3.0 10.0 -8.0
77.3 4.0 19.0 -10.0
79.5 5.0 22.0 -10.0
80.8 5.0 20.0 -10.0
82.0 4.0 19.0 -10.0
83.8 5.0 22.0 -11.0
85.7 5.0 20.0 -10.0
86.2 4.0 19.0 -9.0
88.1 6.0 23.0 -12.0
