000000011000100000000001000000011010000000000000
000000011000100000000001000000011010000000000000
000000011000100100000001000000001010000000000000
000000011000100000001001000000011010000000000000
000000011000100100000001000000011000000000000000
000000011000100100000001000000011010000000000000
000000011000100100000001000000011010000000000000
000000011000100100000001000000011010000000000000
000000011000100100000001000000011010000000000000
000000011000100100000001000000011010000000000000
000000011000100100000001000000011010000000000000
000000011000100100000001000000011010000000000000
000010011000100100000001000000011010000000000000
000000011000100100001001000000011010000000000000
000000011000100100001001000000011010000000000000
000000011000100100000001000000011010000000100000
000000011000100100100001000000011010000000000000
000000011000100100100001000000011010000000000000
000000011000100100101001000000011010000000000000
000000011000100100000001000000011010010000000000
000000011000100100000001000000011010010000000000
000100010000100100000001000000011010000000000000
000000011000100100100001000000011010000000100000
000010011000100110000001000000011010000000000000
000000011000100110001001000000011010000000000000
000000011000100110000001000000011010000000100000
000010011000100110100001000000011010000000000000
000000011000100100001101000000011010000000000000
001000011000100100000001000000011010000000000000
000110011000100100101001000000011010000000000000
