51.8 3.0 17.0 -7.0
55.8 3.0 17.0 -8.0
57.7 3.0 12.0 -7.0
57.7 3.0 12.0 -7.0
57.7 3.0 12.0 -7.0
60.2 4.0 19.0 -7.0
60.5 4.0 13.0 -8.0
66.7 3.0 10.0 -7.0
69.0 4.0 19.0 -8.0
69.0 4.0 19.0 -8.0
69.0 4.0 19.0 -8.0
69.0 4.0 19.0 -8.0
70.5 5.0 22.0 -9.0
70.5 5.0 22.0 -9.0
70.5 5.0 22.0 -9.0
71.8 5.0 20.0 -9.0
71.8 5.0 20.0 -9.0
71.8 5.0 20.0 -9.0
73.0 4.0 19.0 -9.0
73.3 4.0 19.0 -9.0
73.3 4.0 19.0 -9.0
73.3 4.0 19.0 -9.0
73.8 4.0 13.0 -10.0
76.1 5.0 20.0 -10.0
78.0 4.0 19.0 -9.0
83.2 5.0 20.0 -9.0
85.1 5.0 20.0 -11.0
88.5 4.0 19.0 -10.0
89.6 4.0 19.0 -11.0
111.6 6.0 23.0 -14.0
