000000011000100000000001000000011010000000000000
000000011000100000000001000000011010000000100000
000000011000100100000001000000011000000000000000
000000011000100100000001000000011000000000000000
000000011000100100000001000000011000000000000000
000000001000100100000001000000011010000000000000
000000011000100100001001000000011000000000000000
000000010000100100000001000000011010000000000000
000000011000100100000001000000011010000000000000
000000011000100100000001000000011010000000000000
000000011000100100000001000000011010000000000000
000000011000100100000001000000011010000000000000
000010011000100100000001000000011010000000000000
000010011000100100000001000000011010000000000000
000010011000100100000001000000011010000000000000
000000011000100100001001000000011010000000000000
000000011000100100001001000000011010000000000000
000000011000100100001001000000011010000000000000
000000011000100100000001000000011010000000100000
000000011000100100100001000000011010000000000000
000000011000100100100001000000011010000000000000
000000011000100100100001000000011010000000000000
000000011000100110101001000000011000000000000000
000000011000100100101001000000011010000000000000
000000011000100110000001000000011010000000000000
000000011000100100000001000000011010000000001000
000000011000100110101001000000011010000000000000
000100011000100110000001000000011010000000000000
000000011000100110000001000000011010010000100000
001110011000100110001001000010011010000000000000
