44.8 2.0 10.0 -7.0
51.8 3.0 17.0 -7.0
54.6 4.0 18.0 -8.0
55.4 2.0 3.0 -6.0
55.8 3.0 17.0 -8.0
56.1 3.0 17.0 -8.0
57.3 4.0 20.0 -9.0
57.7 3.0 12.0 -7.0
59.2 4.0 15.0 -8.0
69.0 4.0 19.0 -8.0
69.0 4.0 19.0 -8.0
69.0 4.0 19.0 -8.0
69.0 4.0 19.0 -8.0
69.0 4.0 19.0 -8.0
69.0 4.0 19.0 -8.0
69.0 4.0 19.0 -8.0
69.0 4.0 19.0 -8.0
69.0 4.0 19.0 -8.0
69.0 4.0 19.0 -8.0
71.8 5.0 20.0 -9.0
71.8 5.0 20.0 -9.0
73.0 4.0 19.0 -9.0
73.0 4.0 19.0 -9.0
73.3 4.0 19.0 -9.0
73.3 4.0 19.0 -9.0
73.3 4.0 19.0 -9.0
73.3 4.0 19.0 -9.0
76.1 5.0 20.0 -10.0
78.0 4.0 19.0 -9.0
86.2 4.0 19.0 -9.0
