000000011000100000001001000000011000000000000000
000000011000100000000001000000011010000000000000
000000011000100000000001000000011010000000000000
000000011000100000000001000000011010000000100000
000000011000100100000001000000011000000000000000
000000011000100100000001000000011000000000000000
000000011000100100000001000000011000000000000000
000000011000100100000001000000011000000000000000
000000011000100100100001000000001010000000000000
000000011000100010000001000010011010000000000000
000000011000100100000001000000011010000000000000
000000011000100100000001000000011010000000000000
000000011000100100000001000000011010000000000000
000000011000100100000001000000011010000000000000
000000011000100100000001000000011010000000000000
000000011000100100000001000000011010000000000000
000000011000100100000001000000011010000000000000
000000011000100100000001000000011010000000000000
000000011000100100000001000000011010000000000000
000000011000100100000001000000011010000000000000
000000011000100100000001000000011010000000000000
000000011000100100000001000000011010000000000000
000000011000100100000001000000011010000000000000
000000011100100100000001000000011010000000000000
000000011100100100000001000000011010000000000000
000000011000100100001001000000011010000000000000
000000011000100100000001000000011010010000000000
000000011000100110000001000010011010000000000000
000100011000100100001001000000011010000000000000
000000011000100100001101000000011010000000000000
