56.1 3.0 17.0 -8.0
57.7 3.0 12.0 -7.0
59.2 4.0 15.0 -8.0
69.0 4.0 19.0 -8.0
69.0 4.0 19.0 -8.0
69.0 4.0 19.0 -8.0
69.0 4.0 19.0 -8.0
69.0 4.0 19.0 -8.0
69.0 4.0 19.0 -8.0
69.0 4.0 19.0 -8.0
69.0 4.0 19.0 -8.0
69.0 4.0 19.0 -8.0
69.8 5.0 28.0 -9.0
70.5 5.0 22.0 -9.0
71.8 5.0 20.0 -9.0
71.8 5.0 20.0 -9.0
71.8 5.0 20.0 -9.0
73.0 4.0 19.0 -9.0
73.0 4.0 19.0 -9.0
73.0 4.0 19.0 -9.0
73.3 4.0 19.0 -9.0
73.3 4.0 19.0 -9.0
73.3 4.0 19.0 -9.0
73.3 4.0 19.0 -9.0
73.3 4.0 19.0 -9.0
74.8 5.0 22.0 -10.0
75.8 5.0 20.0 -10.0
76.1 5.0 20.0 -10.0
76.1 5.0 20.0 -10.0
76.6 4.0 19.0 -9.0
