41.4 2.0 16.0 -7.0
41.4 2.0 16.0 -7.0
51.8 3.0 17.0 -7.0
53.3 4.0 20.0 -8.0
56.1 5.0 21.0 -9.0
57.7 3.0 12.0 -7.0
61.9 3.0 18.0 -8.0
69.0 4.0 19.0 -8.0
69.0 4.0 19.0 -8.0
69.0 4.0 19.0 -8.0
69.0 4.0 19.0 -8.0
69.0 4.0 19.0 -8.0
69.0 4.0 19.0 -8.0
69.0 4.0 19.0 -8.0
69.0 4.0 19.0 -8.0
69.0 4.0 19.0 -8.0
71.8 5.0 20.0 -9.0
71.8 5.0 20.0 -9.0
71.8 5.0 20.0 -9.0
71.8 5.0 20.0 -9.0
73.0 4.0 19.0 -9.0
73.0 4.0 19.0 -9.0
73.0 4.0 19.0 -9.0
73.3 4.0 19.0 -9.0
73.3 4.0 19.0 -9.0
73.3 4.0 19.0 -9.0
79.6 4.0 19.0 -10.0
83.2 5.0 20.0 -9.0
92.8 5.0 22.0 -10.0
93.9 5.0 28.0 -10.0
