111010111010111011001001011010101010
111010110110111010101001011010011010
111011011010111010101100010110011010
111011010110111011001001011011001100
111010111010111011001000111010011010
110110110110110111001001010110011010
110110110110110111001001010110011010
110111010110110111001010011010101100
110111010110110111001010011010101100
110111011010110111001100010110011001
111011011010111010101001010110101010
110111011010111011001100010110011100
111011010110111011001001010110011100
111011011011011010101001011010011100
111010111010111011001010010110011001
110110110110111010101010011010011100
110110110110111010101010011010011100
111010111010110111001000110110011010
111011011010110111001000111010101100
111011010110111011001010010110101001
111010111010111010101000111011001010
110111011010111011001000110110101010
111011010110111011001000110110101010
110110111010111010011001010110011100
111010111010110110011000111010011001
110110111010111010101001010110011100
110110110111011010011010011010101001
110110110111011010011010011010101001
111011010110110110101000111010011100
111011010110110110101000111010011100
111011010110111010011000110110101010
110111010110111010101010010110101100
110111010110111010101010010110101100
110110111010111010011000110110101010
111011010110111010101000110110101010
111010111010111011001000110110011100
111010111010111011001000110110011100
111010111010111010101000111011001100
111010111010111010101000111011001100
111010110110111010101000110110101010
110110111010110111001000110110101001
111011011010111010101000110110011100
110111010111010110011000111010101100
111010111010111010101000110110011001
111010111010111010011000110111001001
110110110110110110011000110110101001
110110110110110110011000110110101001
