111011011010110110101010011010011010
110111010111010111001100011011001010
110110110111010111001100011011001010
110110110110111011001001010110011010
110111010111010110011001011011001010
111011011010111011001100010110011001
110111011011010111001100011010101100
110111011011010111001100011010101100
110110110110110111001100011011001100
111011011010111011001010010110011100
110111010111010111001001011010011100
110111010110110110011100011011001100
110111010111010111001100011011001100
110111010111010111001100011011001100
110111010111011011001100011011001100
110111010111010111001001011011001100
110111010111010111001010011011001100
110111010111010111001010011011001100
110111010111010111001010011011001100
110110111011010111001001011011001100
111011010110110110101000111010011010
110111011010111011001000110110011010
110111011010111011001000111010011001
111010110111010111001001011010101100
110110110111010111001010011011001100
111011011010111010101001010110011001
110111010111010110011001011011001100
110111010111010110011001011011001100
110111010111010110011010011011001100
110111010111011010011010011011001100
110111010111010110101001011011001100
111011010110110110011000110110011010
110111010111010110101010011011001100
110111010111010110101010011011001100
110110110111010110011100011011001100
110110110111010110011100011011001100
110111010111010110101010011011001100
110111010111010110101010011011001100
110110110111010110011100011011001100
110111011010111010101000110110011010
110110110111010110101010011010011100
110110110111010110101010011010011100
110110110111010110101100011011001100
110110110111010110101001011011001100
110110110111010110101010011011001100
110110110111010110101010011011001100
110110110111010110101010011011001100
110111010110110110101010010111001001
111010110111010111001100010111001100
110111010110110110101010010110101100
110111010110110110101010010110101100
111011011010110110101000110110011001
111010110110111010101000111011001001
110111010111010110011000111010101100
