2808.02 137.0 1420.0 -291.0
2329.95 114.0 1154.0 -239.0
2329.95 114.0 1154.0 -239.0
2808.02 137.0 1420.0 -291.0
2790.14 135.0 1403.0 -289.0
2355.32 116.0 1176.0 -243.0
2756.64 136.0 1406.0 -287.0
2744.31 129.0 1365.0 -283.0
2430.87 121.0 1215.0 -253.0
2778.7 133.0 1388.0 -287.0
2572.28 131.0 1304.0 -269.0
2552.57 130.0 1254.0 -265.0
2762.91 131.0 1376.0 -285.0
2617.41 133.0 1309.0 -273.0
2762.64 137.0 1393.0 -287.0
2768.43 134.0 1390.0 -287.0
2448.58 122.0 1222.0 -255.0
2708.06 126.0 1340.0 -279.0
2482.44 123.0 1211.0 -257.0
2656.69 135.0 1335.0 -277.0
2381.71 117.0 1201.0 -247.0
2343.79 115.0 1164.0 -241.0
2345.86 114.0 1156.0 -241.0
2560.91 117.0 1262.0 -263.0
2727.98 128.0 1350.0 -281.0
2746.58 130.0 1361.0 -283.0
2724.39 127.0 1355.0 -281.0
2606.65 120.0 1284.0 -269.0
2622.98 121.0 1299.0 -271.0
2700.43 129.0 1380.0 -281.0
2778.7 133.0 1388.0 -287.0
2634.24 128.0 1347.0 -275.0
2489.6 126.0 1236.0 -259.0
2467.17 124.0 1233.0 -257.0
2601.08 132.0 1294.0 -271.0
2383.36 118.0 1191.0 -247.0
2786.32 136.0 1407.0 -289.0
2782.69 136.0 1419.0 -289.0
2369.16 117.0 1186.0 -245.0
2623.38 128.0 1281.0 -271.0
2734.04 130.0 1346.0 -281.0
2757.0 132.0 1375.0 -285.0
2499.97 114.0 1247.0 -257.0
2590.84 119.0 1274.0 -267.0
2431.87 120.0 1231.0 -253.0
2514.17 115.0 1252.0 -259.0
2555.41 129.0 1287.0 -267.0
2594.83 126.0 1327.0 -271.0
2670.01 123.0 1327.0 -275.0
2657.4 129.0 1354.0 -277.0
2415.06 120.0 1205.0 -251.0
2575.1 118.0 1267.0 -265.0
2369.22 115.0 1162.0 -243.0
2704.05 125.0 1349.0 -279.0
2646.38 122.0 1311.0 -273.0
2682.34 124.0 1336.0 -277.0
2439.46 119.0 1179.0 -251.0
2650.6 134.0 1346.0 -277.0
2412.23 119.0 1221.0 -251.0
2506.9 127.0 1247.0 -261.0
2486.97 125.0 1237.0 -259.0
2541.13 128.0 1239.0 -263.0
2541.11 116.0 1258.0 -261.0
2419.12 117.0 1173.0 -249.0
2457.17 120.0 1186.0 -253.0
2581.79 124.0 1320.0 -269.0
2463.17 122.0 1257.0 -257.0
2532.88 123.0 1226.0 -261.0
2623.34 124.0 1339.0 -273.0
2588.35 126.0 1257.0 -267.0
2762.35 134.0 1413.0 -287.0
2746.82 133.0 1359.0 -283.0
2534.97 126.0 1294.0 -265.0
2557.29 125.0 1308.0 -267.0
2766.16 133.0 1373.0 -285.0
2356.33 115.0 1179.0 -243.0
2499.14 124.0 1282.0 -261.0
2525.59 122.0 1284.0 -263.0
2367.87 116.0 1191.0 -245.0
2342.49 114.0 1169.0 -241.0
2547.87 124.0 1236.0 -263.0
2567.8 126.0 1246.0 -265.0
2478.57 120.0 1195.0 -255.0
2678.73 128.0 1367.0 -279.0
2646.78 129.0 1293.0 -273.0
2682.74 131.0 1318.0 -277.0
2604.14 128.0 1269.0 -269.0
2659.35 130.0 1306.0 -275.0
2512.34 123.0 1215.0 -259.0
2790.14 135.0 1403.0 -289.0
2479.43 114.0 1236.0 -255.0
2723.83 130.0 1392.0 -283.0
2412.23 119.0 1221.0 -251.0
2743.75 132.0 1402.0 -285.0
2704.45 132.0 1331.0 -279.0
2402.25 117.0 1212.0 -249.0
2385.38 116.0 1162.0 -245.0
2492.41 121.0 1205.0 -257.0
2405.18 117.0 1166.0 -247.0
2511.41 116.0 1262.0 -259.0
2345.86 114.0 1156.0 -241.0
2342.49 114.0 1169.0 -241.0
2782.69 136.0 1419.0 -289.0
2787.68 135.0 1414.0 -289.0
2343.89 114.0 1161.0 -241.0
2359.8 114.0 1163.0 -243.0
2436.83 118.0 1180.0 -251.0
2788.09 135.0 1410.0 -289.0
2762.35 134.0 1413.0 -287.0
2453.3 120.0 1189.0 -253.0
2379.04 114.0 1175.0 -245.0
2387.83 116.0 1178.0 -247.0
2373.99 115.0 1168.0 -245.0
2420.67 118.0 1202.0 -251.0
2366.19 116.0 1162.0 -243.0
2402.6 117.0 1207.0 -249.0
2721.07 131.0 1384.0 -283.0
2407.63 117.0 1182.0 -249.0
2509.12 120.0 1259.0 -261.0
2484.96 117.0 1246.0 -257.0
2593.21 130.0 1275.0 -269.0
2639.73 132.0 1323.0 -275.0
2480.73 114.0 1235.0 -255.0
2511.41 116.0 1262.0 -259.0
2563.64 125.0 1297.0 -267.0
2752.66 133.0 1375.0 -285.0
2736.87 135.0 1382.0 -285.0
2423.9 116.0 1181.0 -249.0
2358.08 115.0 1166.0 -243.0
2599.41 129.0 1274.0 -269.0
2391.68 114.0 1192.0 -247.0
2468.74 120.0 1235.0 -257.0
2456.02 119.0 1220.0 -255.0
2465.49 117.0 1217.0 -255.0
2616.17 123.0 1312.0 -271.0
2765.98 134.0 1401.0 -287.0
2444.59 117.0 1205.0 -253.0
2784.62 136.0 1408.0 -289.0
2518.89 117.0 1233.0 -259.0
2647.36 130.0 1311.0 -275.0
2770.8 135.0 1389.0 -287.0
2673.98 126.0 1334.0 -277.0
2521.23 123.0 1269.0 -263.0
2367.87 116.0 1191.0 -245.0
2461.78 116.0 1207.0 -253.0
2399.27 118.0 1193.0 -249.0
2413.11 116.0 1184.0 -249.0
2663.4 130.0 1326.0 -277.0
2578.43 126.0 1295.0 -269.0
2588.63 122.0 1278.0 -267.0
2543.09 122.0 1265.0 -263.0
2627.43 128.0 1301.0 -273.0
2692.85 135.0 1370.0 -281.0
2418.51 117.0 1209.0 -251.0
2650.39 123.0 1302.0 -273.0
2672.24 131.0 1358.0 -279.0
2524.64 125.0 1231.0 -261.0
2697.72 133.0 1362.0 -281.0
2501.47 124.0 1227.0 -259.0
2719.03 131.0 1391.0 -283.0
2769.8 133.0 1397.0 -287.0
2643.02 132.0 1314.0 -275.0
2749.87 131.0 1387.0 -285.0
2746.82 133.0 1359.0 -283.0
2613.15 121.0 1280.0 -269.0
2491.5 126.0 1233.0 -259.0
2705.95 128.0 1375.0 -281.0
2692.09 126.0 1352.0 -279.0
2588.31 122.0 1315.0 -269.0
2569.83 120.0 1271.0 -265.0
2763.38 135.0 1396.0 -287.0
2546.06 123.0 1242.0 -263.0
2449.37 119.0 1197.0 -253.0
2452.21 117.0 1199.0 -253.0
2565.73 128.0 1270.0 -267.0
2473.43 120.0 1204.0 -255.0
2661.89 128.0 1343.0 -277.0
2638.81 133.0 1318.0 -275.0
2651.22 132.0 1347.0 -277.0
2581.79 124.0 1320.0 -269.0
2715.48 127.0 1364.0 -281.0
2678.73 128.0 1367.0 -279.0
2474.27 120.0 1232.0 -257.0
2771.54 133.0 1392.0 -287.0
2451.53 121.0 1222.0 -255.0
2562.53 128.0 1248.0 -265.0
2632.33 127.0 1301.0 -273.0
2740.12 133.0 1360.0 -283.0
2704.05 125.0 1349.0 -279.0
2492.17 116.0 1250.0 -257.0
2370.27 115.0 1186.0 -245.0
2476.92 119.0 1232.0 -257.0
2550.27 122.0 1270.0 -265.0
2538.48 125.0 1245.0 -263.0
2399.32 116.0 1169.0 -247.0
2412.04 118.0 1181.0 -249.0
2680.65 124.0 1337.0 -277.0
2675.68 131.0 1321.0 -277.0
2586.48 125.0 1286.0 -269.0
2700.04 127.0 1344.0 -279.0
2405.01 116.0 1202.0 -249.0
2493.29 117.0 1229.0 -257.0
2774.34 133.0 1391.0 -287.0
2458.61 115.0 1214.0 -253.0
2487.56 120.0 1256.0 -259.0
2641.24 127.0 1342.0 -275.0
2769.5 133.0 1399.0 -287.0
2621.62 132.0 1305.0 -273.0
2605.27 120.0 1292.0 -269.0
2657.19 133.0 1332.0 -277.0
2617.99 132.0 1317.0 -273.0
2452.15 119.0 1223.0 -255.0
2689.73 126.0 1331.0 -277.0
2459.73 122.0 1212.0 -255.0
2433.19 114.0 1211.0 -251.0
2732.35 130.0 1368.0 -283.0
2729.91 130.0 1369.0 -283.0
2472.98 115.0 1210.0 -253.0
2665.26 129.0 1307.0 -275.0
2592.4 126.0 1277.0 -269.0
2528.38 123.0 1230.0 -261.0
2525.99 124.0 1265.0 -263.0
2428.48 115.0 1203.0 -251.0
2686.38 128.0 1345.0 -279.0
2644.3 126.0 1297.0 -273.0
2744.17 132.0 1398.0 -285.0
2503.85 123.0 1220.0 -259.0
2545.39 123.0 1288.0 -265.0
2580.0 127.0 1263.0 -267.0
2766.74 134.0 1391.0 -287.0
2471.01 121.0 1196.0 -255.0
2442.32 116.0 1213.0 -253.0
2735.41 129.0 1374.0 -283.0
2684.07 130.0 1339.0 -279.0
2615.37 122.0 1313.0 -271.0
2589.89 121.0 1273.0 -267.0
2602.16 126.0 1307.0 -271.0
2442.32 116.0 1213.0 -253.0
2440.16 116.0 1216.0 -253.0
2402.25 117.0 1212.0 -249.0
2400.1 114.0 1185.0 -247.0
2358.4 114.0 1171.0 -243.0
2395.39 115.0 1177.0 -247.0
2708.06 126.0 1340.0 -279.0
2655.01 125.0 1317.0 -275.0
2607.59 130.0 1298.0 -271.0
2536.07 127.0 1246.0 -263.0
2646.38 122.0 1311.0 -273.0
2760.27 136.0 1394.0 -287.0
2717.25 132.0 1388.0 -283.0
2395.9 118.0 1206.0 -249.0
2566.58 128.0 1268.0 -267.0
2637.99 129.0 1326.0 -275.0
2385.13 115.0 1164.0 -245.0
2720.36 131.0 1390.0 -283.0
2392.89 114.0 1189.0 -247.0
2487.72 120.0 1250.0 -259.0
2677.71 127.0 1328.0 -277.0
2517.61 120.0 1254.0 -261.0
2569.72 125.0 1294.0 -267.0
2584.46 128.0 1291.0 -269.0
2559.31 126.0 1251.0 -265.0
2486.94 122.0 1255.0 -259.0
2570.92 123.0 1282.0 -267.0
2723.05 134.0 1363.0 -283.0
2603.24 125.0 1318.0 -271.0
2434.86 121.0 1209.0 -253.0
2471.01 121.0 1196.0 -255.0
2343.89 114.0 1161.0 -241.0
2507.31 127.0 1243.0 -261.0
2679.73 131.0 1341.0 -279.0
2416.44 118.0 1217.0 -251.0
2406.33 116.0 1187.0 -249.0
2690.72 127.0 1345.0 -279.0
2557.29 125.0 1308.0 -267.0
2555.41 129.0 1287.0 -267.0
2554.53 120.0 1275.0 -265.0
2687.94 130.0 1324.0 -277.0
2587.06 127.0 1260.0 -267.0
2575.1 118.0 1267.0 -265.0
2514.17 115.0 1252.0 -259.0
2512.34 123.0 1215.0 -259.0
2580.74 130.0 1288.0 -269.0
2610.62 126.0 1302.0 -271.0
2738.44 129.0 1372.0 -283.0
2383.36 118.0 1191.0 -247.0
2716.95 133.0 1372.0 -283.0
2426.32 115.0 1206.0 -251.0
2630.6 131.0 1300.0 -273.0
2424.6 119.0 1194.0 -251.0
2549.06 118.0 1254.0 -263.0
2612.32 128.0 1287.0 -271.0
2786.32 136.0 1407.0 -289.0
2682.34 124.0 1336.0 -277.0
2764.28 134.0 1402.0 -287.0
2742.39 133.0 1395.0 -285.0
2740.7 134.0 1378.0 -285.0
2466.89 114.0 1221.0 -253.0
2732.35 130.0 1368.0 -283.0
2695.03 131.0 1371.0 -281.0
2373.99 115.0 1168.0 -245.0
2386.18 115.0 1188.0 -247.0
2393.79 116.0 1172.0 -247.0
2560.16 127.0 1286.0 -267.0
2502.37 125.0 1221.0 -259.0
2668.45 125.0 1350.0 -277.0
2668.98 131.0 1324.0 -277.0
2419.12 117.0 1173.0 -249.0
2508.84 121.0 1237.0 -259.0
2445.98 115.0 1197.0 -251.0
2642.25 127.0 1341.0 -275.0
2705.03 133.0 1349.0 -281.0
2506.79 123.0 1248.0 -261.0
2729.91 130.0 1369.0 -283.0
2728.42 134.0 1361.0 -283.0
2724.49 133.0 1367.0 -283.0
2624.88 124.0 1325.0 -273.0
2623.4 131.0 1308.0 -273.0
2417.03 117.0 1176.0 -249.0
2711.54 134.0 1381.0 -283.0
2710.07 128.0 1337.0 -279.0
2781.97 137.0 1407.0 -289.0
2739.77 129.0 1371.0 -283.0
2688.26 127.0 1356.0 -279.0
2537.06 121.0 1273.0 -263.0
2670.78 132.0 1321.0 -277.0
2751.2 131.0 1386.0 -285.0
2693.59 131.0 1334.0 -279.0
2537.53 127.0 1244.0 -263.0
2636.58 127.0 1285.0 -271.0
2660.49 131.0 1329.0 -277.0
2359.8 114.0 1163.0 -243.0
2358.4 114.0 1171.0 -243.0
2457.63 118.0 1225.0 -255.0
2529.52 127.0 1253.0 -263.0
2505.4 125.0 1219.0 -259.0
2463.17 122.0 1257.0 -257.0
2725.87 130.0 1385.0 -283.0
2734.06 131.0 1364.0 -283.0
2630.6 131.0 1300.0 -273.0
2787.68 135.0 1414.0 -289.0
2742.39 134.0 1377.0 -285.0
2714.12 128.0 1357.0 -281.0
2743.75 132.0 1402.0 -285.0
2381.2 114.0 1172.0 -245.0
2622.98 121.0 1299.0 -271.0
2654.58 130.0 1353.0 -277.0
2575.74 131.0 1293.0 -269.0
2583.27 120.0 1305.0 -267.0
2578.43 126.0 1295.0 -269.0
2577.1 130.0 1264.0 -267.0
2597.23 123.0 1292.0 -269.0
2489.6 126.0 1236.0 -259.0
2788.68 137.0 1406.0 -289.0
2751.2 131.0 1386.0 -285.0
2749.87 131.0 1387.0 -285.0
2683.33 132.0 1336.0 -279.0
2758.36 131.0 1382.0 -285.0
2447.28 119.0 1200.0 -253.0
2426.33 116.0 1177.0 -249.0
2644.02 129.0 1313.0 -275.0
2496.53 116.0 1241.0 -257.0
2427.59 115.0 1183.0 -249.0
2587.13 128.0 1279.0 -269.0
2497.69 118.0 1244.0 -259.0
2534.04 122.0 1240.0 -261.0
2522.41 117.0 1263.0 -261.0
2414.29 114.0 1198.0 -249.0
2391.7 116.0 1175.0 -247.0
2446.12 116.0 1210.0 -253.0
2658.56 129.0 1310.0 -275.0
2497.14 115.0 1243.0 -257.0
2533.79 124.0 1255.0 -263.0
2405.18 117.0 1166.0 -247.0
2620.47 129.0 1284.0 -271.0
2546.72 126.0 1266.0 -265.0
2660.49 131.0 1329.0 -277.0
2659.35 130.0 1306.0 -275.0
2604.14 128.0 1269.0 -269.0
2675.1 129.0 1361.0 -279.0
2738.65 134.0 1385.0 -285.0
2459.33 114.0 1226.0 -253.0
2563.5 119.0 1284.0 -265.0
2530.61 117.0 1253.0 -261.0
2477.48 120.0 1224.0 -257.0
2601.08 132.0 1294.0 -271.0
2769.08 133.0 1403.0 -287.0
2457.06 121.0 1219.0 -255.0
2501.01 117.0 1225.0 -257.0
2667.42 130.0 1325.0 -277.0
2670.01 123.0 1327.0 -275.0
2573.27 129.0 1307.0 -269.0
2677.71 127.0 1328.0 -277.0
2553.52 124.0 1258.0 -265.0
2356.33 115.0 1179.0 -243.0
2774.34 133.0 1391.0 -287.0
2666.8 126.0 1338.0 -277.0
2665.8 126.0 1316.0 -275.0
2700.99 126.0 1343.0 -279.0
2699.07 131.0 1355.0 -281.0
2702.13 129.0 1379.0 -281.0
2458.57 120.0 1218.0 -255.0
2653.65 127.0 1322.0 -275.0
2652.67 124.0 1332.0 -275.0
2699.66 133.0 1351.0 -281.0
2712.43 128.0 1358.0 -281.0
2591.8 123.0 1303.0 -269.0
2582.32 129.0 1282.0 -269.0
2590.84 119.0 1274.0 -267.0
2541.11 116.0 1258.0 -261.0
2698.45 133.0 1354.0 -281.0
2653.65 127.0 1322.0 -275.0
2703.13 132.0 1353.0 -281.0
2571.84 118.0 1290.0 -265.0
2542.05 119.0 1268.0 -263.0
2541.13 128.0 1239.0 -263.0
2713.32 133.0 1384.0 -283.0
2633.34 130.0 1330.0 -275.0
2760.27 136.0 1394.0 -287.0
2759.36 133.0 1374.0 -285.0
2532.88 123.0 1226.0 -261.0
2515.07 116.0 1245.0 -259.0
2697.06 130.0 1336.0 -279.0
2736.3 134.0 1400.0 -285.0
2428.48 115.0 1203.0 -251.0
2427.59 115.0 1183.0 -249.0
2493.29 117.0 1229.0 -257.0
2492.41 121.0 1205.0 -257.0
2712.36 130.0 1351.0 -281.0
2549.66 121.0 1293.0 -265.0
2393.74 114.0 1187.0 -247.0
2380.34 114.0 1174.0 -245.0
2479.43 114.0 1236.0 -255.0
2478.57 120.0 1195.0 -255.0
2559.31 126.0 1251.0 -265.0
2499.97 114.0 1247.0 -257.0
2609.82 123.0 1283.0 -269.0
2608.98 127.0 1289.0 -271.0
2540.18 123.0 1268.0 -263.0
2638.63 127.0 1300.0 -273.0
2685.56 129.0 1350.0 -279.0
2562.45 124.0 1306.0 -267.0
2711.54 134.0 1381.0 -283.0
2592.4 126.0 1277.0 -269.0
2561.72 127.0 1279.0 -267.0
2610.53 127.0 1272.0 -269.0
2386.18 115.0 1188.0 -247.0
2385.38 116.0 1162.0 -245.0
2584.46 128.0 1291.0 -269.0
2583.66 123.0 1267.0 -267.0
2658.56 129.0 1310.0 -275.0
2495.86 121.0 1241.0 -259.0
2714.12 128.0 1357.0 -281.0
2400.1 114.0 1185.0 -247.0
2723.83 130.0 1392.0 -283.0
2723.05 134.0 1363.0 -283.0
2642.76 126.0 1342.0 -275.0
2414.39 115.0 1192.0 -249.0
2511.57 124.0 1238.0 -261.0
2627.28 128.0 1313.0 -273.0
2515.07 116.0 1245.0 -259.0
2407.08 115.0 1194.0 -249.0
2380.34 114.0 1174.0 -245.0
2379.59 115.0 1167.0 -245.0
2789.42 135.0 1409.0 -289.0
2482.67 123.0 1254.0 -259.0
2789.42 135.0 1409.0 -289.0
2764.09 134.0 1408.0 -287.0
2781.97 137.0 1407.0 -289.0
2609.82 123.0 1283.0 -269.0
2440.16 116.0 1216.0 -253.0
2439.46 119.0 1179.0 -251.0
2702.13 129.0 1379.0 -281.0
2503.06 121.0 1272.0 -261.0
2474.12 118.0 1239.0 -257.0
2636.58 127.0 1285.0 -271.0
2635.89 131.0 1298.0 -273.0
2620.47 129.0 1284.0 -271.0
2552.84 120.0 1252.0 -263.0
2480.07 124.0 1218.0 -257.0
2495.87 125.0 1228.0 -259.0
2498.35 115.0 1240.0 -257.0
2698.66 130.0 1377.0 -281.0
2650.6 134.0 1346.0 -277.0
2666.8 126.0 1338.0 -277.0
2549.92 127.0 1260.0 -265.0
2624.88 124.0 1325.0 -273.0
2596.28 127.0 1317.0 -271.0
2591.8 123.0 1303.0 -269.0
2486.97 125.0 1237.0 -259.0
2416.98 119.0 1200.0 -251.0
2617.98 128.0 1330.0 -273.0
2528.38 123.0 1230.0 -261.0
2740.7 134.0 1378.0 -285.0
2704.45 132.0 1331.0 -279.0
2766.16 133.0 1373.0 -285.0
2736.3 134.0 1400.0 -285.0
2490.93 123.0 1206.0 -257.0
2477.48 120.0 1224.0 -257.0
2379.59 115.0 1167.0 -245.0
