000000010000100000000001000000011010000000000000
000000011000100000100001000000011010000000000000
000000011000100100000001000000011000000000000000
000000011000100100000001000000011000000000000000
000000011000100100100001000000001010000000000000
000000011000100100001001000000011000000000000000
000000011000100100001001000000011000000000000000
000000011000100100000001000000011000000000100000
000000011000100100100001000000011000000000000000
000000011000100100100001000000011000000000000000
000010011000100100000001000000011000000000100000
000000011000100000000001000000011010010000100000
000100011000100010000001000000011000000000100000
000000011000100100000001000000011000010000000000
000000011000100100100001000000011000000000100000
000000011000100100100001000000011000000000100000
000000010000100100000001000000011010000000000000
000000010000100100000001000000011010000000000000
000000010000100100000001000000011010000000000000
000000011000100110000001000000011000000000000000
000000011000100100101001000000011000000000100000
000000011000100100000001000000011010000000000000
000000011000100100000001000000011010000000000000
000000011000100100000001000000011010000000000000
000000011000100100000001000000011010000000000000
000000011000100100000001000000011010000000000000
000000011000100100000001000000011010000000000000
000000011000100100000001000000011010000000000000
000000011000100100000001000000011010000000000000
000000011000100100000001000000011010000000000000
000000011000100100000001000000011010000000000000
000000011000100100000001000000011010000000000000
000000011000100100000001000000011010000000000000
000000011000100100000001000000011010000000000000
000000011000100100000001000000011010000000000000
000000011000100100000001000000011010000000000000
000000011000100100000001000000011010000000000000
000000011000100100000001000000011010000000000000
000000011000100100000001000000011010000000000000
000000011000100100000001000000011010000000000000
000000011000100100000001000000011010000000000000
000000011000100100100001000000011000010000000000
000000011000100100100001000000011000010000000000
000010011000100100000001000000011010000000000000
000000010000100100000001000000011010000000100000
000000010000100100100001000000011010000000000000
000000010000100100100001000000011010000000000000
000000011000100100000001000000011010000000100000
000000011000100100000001000000011010000000100000
000000011000100100000001000000011010000000100000
000000011000100100000001000000011010000000100000
000000011000100100000001000000011010000000100000
000000011000100100000001000000011010000000100000
000000011000100100000001000000011010000000100000
000000011000100100000001000000011010000000100000
000000011000100100000001000000011010000000100000
000000011000100100000001000000011010000000100000
000000011000100100000001000000011010000000100000
000000011000100100000001000000011010000000100000
000000011000100100000001000000011010000000100000
000000011000100100000001000000011010000000100000
000000011000100100000001000000011010000000100000
000000011000100100100001000000011010000000000000
000000011000100100100001000000011010000000000000
000000011000100100100001000000011010000000000000
000000011000100100100001000000011010000000000000
000000011000100100100001000000011010000000000000
000000011000100100100001000000011010000000000000
000000011000100100100001000000011010000000000000
000000011000100100100001000000011010000000000000
000000011000100100100001000000011010000000000000
000000011000100100100001000000011010000000000000
000000011000100100100001000000011010000000000000
000000011000100100100001000000011010000000000000
000000011000100100100001000000011010000000000000
000000011000100100100001000000011000010000100000
000010011000100100000001000000011010000000100000
000010011000100100000001000000011010000000100000
000010011000100100100001000000011010000000000000
000010011000100100100001000000011010000000000000
000000010000100100100001000000011010000000100000
000000011000100100001001000000011010000000100000
000000011000100100101001000000011010000000000000
000000011000100010000101000010011010000000000000
000000011000100100000001000000011000000010100000
000000011000100100000001000000011010010000000000
000100010000100100000001000000011010000000000000
000000011000100100100001000000011010000000100000
000000011000100100100001000000011010000000100000
000000011000100100100001000000011010000000100000
000000011000100100100001000000011010000000100000
000000011000100100100001000000011010000000100000
000000011000100100100001000000011010000000100000
000000011000100100100001000000011010000000100000
000000011000100100100001000000011010000000100000
000000011000100100100001000000011010000000100000
000000011000100100100001000000011010000000100000
000000011000100100100001000000011010000000100000
000000011000100100100001000000011010000000100000
000000011000100100100001000000011010000000100000
000000011000100110000001000000011010000000000000
000000011000100110000001000000011010000000000000
000000011000100110000001000000011010000000000000
000000011000100110000001000000011010000000000000
000000011000100110000001000000011010000000000000
000000010000100100000001000000011010010000100000
000100011000100100000001000000011010000000000000
000100011000100100000001000000011010000000000000
000000011000100110000001000010011010000000000000
000000011000100110000001000010011010000000000000
000000011000100110000001000010011010000000000000
000000011000100110000001000010011010000000000000
000000011000100110000001000010011010000000000000
000000011000100110000001000010011000010000100000
000100010000100100001001000000011010000000000000
000100011000100110100001000010001000010000100000
000000011000100100101001000000011010000000100000
000000011000100100000001000000011010010000100000
000000011000100100000001000000011010010000100000
000000011000100100000001000000011010010000100000
000000011000100100000001000000011010010000100000
000000011000100100000001000000011010010000100000
000000011000100100000001000000011010010000100000
000000011000100100100001000000011010010000000000
000000011000100100100001000000011010010000000000
000000011000100100100001000000011010010000000000
000000011000100100100001010000011000000000000000
000010011000100100101001000000011010000000100000
000000011000100110000001000000011010000000100000
000000011000100110000001000000011010000000100000
000000011000100110000001000000011010000000100000
000010011000100100000001000000011010010000100000
000000011000100110100001000000011010000000000000
000000011000100110100001000000011010000000000000
000000011000100100000101000000011010000000000000
001000111000100100000001000000011000000000000000
000000011000100110000001000010011000000010000000
000100011000100100000001000000011010000000100000
000000011000100110000001000010011010000000100000
000100011000100100100001000000011010000000000000
000100011000100100100001000000011010000000000000
000000011000100110100001000010011010000000000000
000000011000100110100001000010011010000000000000
000100011000100100100001000000011000010000100000
000000011000100110100001000010011000010000100000
000000011000100110100001000010011000010000100000
000000011000100110100001000010011000010000100000
000000011000100110001001000000011010000000100000
000000010000100100100101000000011010000000000000
000000011000100100100001000000011010010000100000
000000011000100100100001000000011010010000100000
000000011000100100100001000000011010010000100000
000000011000100010100001000010011010000010100000
000000010000100110100001000010011010000000100000
000000010000100110100001000010011010000000100000
000000010000100100100001000000011010000010000000
001000011000100100000001000000011010000000000000
001000011000100100000001000000011010000000000000
000000011000100110100001000000011010000000100000
000100011000100100001001000000011010000000100000
000010011000100100100001000000011010010000100000
000000011000100110101001000010011010000000000000
000000011000100100000101000000011010000000100000
000000011000100100100101000000011010000000000000
000000011000100100100101000000011000010000100000
000100011000100100100001000000011010000000100000
000100011000100100100001000000011010000000100000
000000011000100110100001000010011010000000100000
000000011000100110100001000010011010000000100000
000000011000100110100001000010011010000000100000
000000011000100110100001000010011010000000100000
000000011000100100100001000000011010000010000000
000000011000100100000001010000011010000000000000
000000011000100110000001000000011010010000100000
000000011000100110100001000000011010010000000000
000000011000100110100001000000011010010000000000
000100011000100110000001000010011010000000000000
000100011000100110000001000010011010000000000000
000100011000100110000001000010011010000000000000
001000011000100100000001000000011010000000100000
001000011000100100000001000000011010000000100000
000100010000100110000001000000011010000000100000
000000011100100110000001000000011010010000100000
001000011000100100100001000000011010000000000000
000000011000100100000101000000011010010000000000
000000011000100110101001000010011010000000100000
000000011000100100101001000000011010000010000000
001100011000100000000001000000011010010000100000
000100010000100100000101000000011010000000000000
001000111000100100100001000000011000000000100000
000000011000100110100001000010011010010000000000
000000011000100100001011000000011010000000000000
000000011100100100100001000000111010000000000000
000000011000100110101101000000011000000000100000
001000111000100010000001000010011010000000100000
000100010000100110000001000010011010000000100000
000000011000100110000101000000011010000000000000
000000011000100110000101000000011010000000000000
000000011000100100100001000000011010000010100000
000000011000100100000001010000011010000000100000
000000011000100100100001010000011010000000000000
000100010000100110001001000000011010000000100000
000000011001100100000001000000011110000000100000
000000011000100110000101000010011010000000000000
000000011000100110100001000000011010010000100000
000110011000100110100001000000011010000000000000
001000111000100100000001000000011010000000000000
001100010000100100000001000000011010000000000000
001000111000100100000001000000011010000000000000
001000010000100110000001000010011010000000000000
000000001000100010101111000010011000010000100000
000000011000100100100101000000011000000010100000
000010011000100110000101000010011010000000000000
000100011000100100100001000000011010010000100000
000000011000100110100001000010011010010000100000
000000011000100110100001000010011010010000100000
000000011000100110100001000010011010010000100000
000110011000100110100001000010011010000000000000
000100011000100100100001010000011000000000100000
001000011000100110000101000010001000010000100000
000010011000100100001001010000011010000000100000
000000011000100110000101000010011010000000100000
001000011000100100000001000000011010010000100000
000000011000100110000001000010011010000000101000
000000010000100100000011000000011010010000100000
000000011000100110000001000010011010000010100000
000000011000100110000001000010011010000010100000
001100011000100010100001000010011010000000100000
000000011000100110100001000010011010000010000000
001000111000100100100001000000011010000000000000
000100011000100100000001010000011010000000000000
000110011000100110000001000010011010010000000000
001010011000100100000001000000011010010000100000
000000011000100110000011000010011010000000000000
001010011000100100100001000000011010010000000000
000110011000100100000001000000011010000010100000
000110011000100110100001000010011010000000100000
000100011000100110000001000000011010010000100000
000010011000100110100001000010011010000010000000
101100010000100100000001100000011010000000000000
000100010000100100100001000000011010000010100000
001000011000100100000101000000011000010000100000
000000010000100110000001010010011010000000100000
001000011000100110000001000010011010000000100000
000000011000100110100001000000011010000010100000
000010011000100110100101000000011010000000100000
000000011000100110000101000000011010000000100001
001000111000100100000001000000011010010000000000
001000111000100110100001000010001010010000000000
000000010000100100000101000000011010010000001000
000000011000100100101001000000011010010010100000
000000011000100110100001000010011010000010100000
000000010000100110100101000010011010010000000000
000000011000100110000001010010011010000000100000
000000011000100110000011000010011010000000100000
000000011000100110000011000010011010000000100000
000000011000100110100001010010011010000000000000
000100011000100100100011000000011010000000000000
001000010000100100000011000000011010000000000000
000000010000100110000001000010011010010010100000
001000011000100110100101000010011000000000000000
001000011000100100000101000000011010000000100000
000100010100100100000001000000011010010010100000
000000010000100110100001010010011010000000100000
001000011000100110001001000010011110000000000000
000100011000100110100001000010011010010000100000
000100011000100110100001000010011010010000100000
000100010000100110100101000010011010000000000000
000000011000100110000101000000011010000000001000
000100011000100100100001000000011010010010000000
000100011000100110000101000000011010000000100000
000010011000100100000101000000011010010010000000
001100011000100110000001000010011010000000000000
101000011000100110100101000010011000000000100000
000000011000100110101101000010011010010000000000
000000011000100100000111000100011010000000000000
000100011000100010100001010010001010010010100000
001100010000100010100001010010001010010000100000
000100010000100110100001010010001010010000100000
001100011000100100100001000000011010010000000000
001100010000100010100001000000011001010010100000
001100111000100100000001000000011010000000100000
001000111000100110100001000010011010000000000000
000100011000100100100101000000011010010000100000
000100011000100110100001000010011000010010100000
000010011000100110000101000010011010000010000000
000100010000100110100101000010011010000000100000
000000011000100100100101010000011010000000100000
000000011000100110100011000010011010010000000000
000100011000100110000101000010011010010000000000
000000011000100010100101010010001010010010100000
001000011000100100100101000000011010010000000000
000100011000100110100001010000011010000000000000
001000011000100110100001000010011010010000100000
001010011000100110100001000010011010010000100000
000000011000100110000101000000011010010010000000
000000011000100110100001010010011000010010000000
000100011000100100001101000000011010000010100000
000000011000100110100001010010011010010000100000
000000011000100110100001010010001010010010100000
001000111000100110100001000000011010010000000000
000100010000100100000011000000011010000010100000
000100011000100110100101000010011000000010100000
000000011000100110100101000010011010000010100000
000000011000100110100101000010011010000010100000
001000011000100100101011000000011010000000100000
000010010000100110000001010010011010000010100000
000100011000100010100101000010011010010010100000
000100010000100110100101000010011010010000100000
000100010000100110100101000010011010010000100000
001100011000100110001001000010011010010000000000
000000011000100110100011000010011000010010100000
001000111000100110100001000000011000010010000000
000100011000100110100101000010011010010000100000
000100011000100110100101000010011010010000100000
000100011000100110100011000000011000000010100000
001100111000100110100001000010011000010000100000
001100111000100110100001000010011000010000100000
001000011000100110100001000000111010000000100000
001000111000100110100001000010011010010000100000
001000111000100110100001000010011010010000100000
000000011000100110100101010010011010000000100000
000100010000101100001101010000011010000000000000
000000011000100110100001010010011010000010100000
001000011000100110000101000010011010010000100000
000100000000100110000101010000011010010000100000
000000011000100110100011000010011010000010100000
001100011000100100000001000000011010010000101000
000000011000100110100101000000011010010010100000
000000011000100100000111000000011010000000110000
001000111000100110000101000010011010000000100000
001100011000100110100001000010011010010000100000
101000111000100010100101100010011010010000100000
101000111000100110000001000010011010000010100000
000000011000100110100101000010011010010010100000
000000011000100110100101000010011010010010100000
001000010000100110000011000010111000000000100000
000000011000100110001011000010011010010010000000
001000011000100100101011000000011010010000100000
001000111000100110000101000000011000000010100000
001000011000100110100101000000011010010000100000
000010011000100110100101000010011010010000101000
001000111000100100100001000000011010010010100000
000000011000100100100101010000011010000010100000
000000011000100110000011000010011010010010100000
000100011000100110100011000010001010010010100000
000000010000100110100001010000011010010010100000
001100111000100110100101000010011000000000100000
000000010000100110100101010010001010010010100000
001000111000100110100101000010011010000000100000
001000111000100110100101000010011010000000100000
001000011000100110100101010010011000000000100000
001000110000100010100011000010111000010000100000
001100010000100010000011010010011000010000100000
001100111000100110100001000010011010010000000000
001100011000100100000101000000111010000000000000
001100111000100010100101000010011010010000100000
000100011000100110100001010010011000010010100000
101100011000100100100001100000011010010010000000
101100111000100110100001100010011010000000100000
001100111000100110100001000010111000000000100000
001000011000100010100011000010011010010010100000
000000011000100110000101010000011010000010100000
000100011000100110000101000010011010010010100000
001000110000100110100001010010011010000000100000
000100011000100110000011010000011000000000001000
001100111000100110000001000010011000010010100000
001100111000100110100101000010001010010000100000
000000011000100110100011010010011010010000000000
001000111000100110100101000010011010010000000000
001100011000100110100001010010011000010000100000
001100111000100110100001000010011010010000100000
001000111000100100100101000000011010000010100000
001100111000100110100001000010011010010000100000
000100011000100100100011000010011010010010100000
001000111000100110100001000010011010010010000000
000100011000100110100101010010011010000000100000
000100011000100110100111000010011010000000100000
001000011000100110100001010010011010010000100000
000100010000100110100101000010011010010010100000
001100111000100110100001000000101010010000100000
001000011000100110000001000010111010000010100000
011100111000100110100001000010011001010000100000
101100111000100010100001100010111010010000000000
000100011000100110000101010000011010010000100000
000000011000100100000111010000011010010000100000
001000011000100010000101010000011010010010000000
001000111000100110100001000000011010010010100000
001000111000100110000011000000011000010010000000
001000111000100110100101000010001010010000101000
000100011000100110100101000010011010010010100000
000100011000100110100101000010011010010010100000
000100011000100110100101000010011010010010100000
001000111000100100000101000000011010010010100000
000100011000100110100101000010011010010010100000
001100010000100110100101000010011010010000100000
000100011000100110100101010010011010010000000000
000000011000100110000111000010011010010010000000
001000011000100110000001010000011010010010000000
001100111000100110100101000010011000000010000000
001100111000100110100001000010111010000000000000
001000111000100010100111000010011010010000100000
001100110000100110000101010000011000000000100000
000100011000100110100101010000011010010000100000
001100111000100100100001000000111010010000100000
001000111000100110101001000010011010010010100000
001100111000100110100001000010011010000010100000
001100111000100110100001000010011010000010100000
001100111000100110100001000010011010000010100000
001000010000100100100101010000111000010000100000
000100011000100110100101010010011010010000100000
000100011000100110100111000010011010010000100000
000100011000100110100111000010011010010000100000
001100110000100110000001000010011010010010100000
001000011000100110101101010000011010000000100000
001100110000100110100001000010011010010010000000
001100011000100110101101000010011010010000100000
001100011000100110100101000010011010000010000000
001100111000100110000101000010011000010010000000
001000111000100110100011000010011010010000100000
001100011000100110100011000000011000010010000000
001000111000100110100101000010111000010000100000
001000111000100110100101000010111000010000100000
101100111000100100000101110000001010010000100000
000100011000100110100011010010011000000010100000
001100111000100110100101000010011010010000000000
001000010000100110000111000010101010010000100000
001100010000100100100001000000111010010010100000
101100011000100110100101100010011010010000100000
001100110000100110100101000010011010010000100000
001100110000100110100101000010011010010000100000
001100011000100110100101000010111000010000100000
000000011000100110100101010010011010010010100000
001100011000100110100001000010111010000010000000
101100011000100110100001100010011010010010100000
001100110000100110100001000010011010010010100000
001100110000100110100001000010011010010010100000
001100111000100110000001000010111000010010000000
001100111000100010100011010000011010000000100000
001100011000100110100101000010011010000010100000
001100011000100110001011000010011010000010000000
001100111000100110100001000000011010010010100000
001100111000100110100001000000011010010010100000
001000111000100100100101000000111010000010000000
001000010000100110100011000010011010010010100000
001100011000100110000111000010011010000000100000
001100111000100110100001010000011000000010100000
001100111000100110100101000010011010010000100000
001100111000100110100101000010011010010000100000
001100111000100110100101000010011010010000100000
001100111000100110100101000010011010010000100000
001100111000100110100101000010011010010000100000
001000111000100110000101000010011010010010100000
001100111000100110100101000010011010010000100000
001000111000100110100111000000011010000000100000
001100111000100110100101000010011010010000100000
001100111000100110100101000010001010010010100000
001100111000100110100101000010001010010010100000
001100111000100110100001000010011010010010100000
001100111000100110100001000010011010010010100000
001100111000100110100001000010011010010010100000
001100111000100110100001000010011010010010100000
001100111000100110100001000010011010010010100000
001100111000100110100001000010011010010010100000
001100111000100110100001000010011010010010100000
001000110000100110100001010000111010000000100000
001100111000100110101011000010011010000000100000
001100011000100010100101010010011010000010100000
001100111000100110000001010010011010010000100000
001000111000100110100011000010111000010000100000
001000111000100100100011000000111000010010000000
101100111000100110100001100010111010000000100000
001000110000100110000101010010011000010010000000
001100011000100110100101010000011010000000100000
001000010000100110100111000010011000010010100000
001000110000100110100011000000011010010010000000
001100111000100110100001000010011010010000110000
001100111000100110000001000010111010000010000000
001000110000100110000101010010011010010000100000
001000111000100110000101000010111010010000100000
101100111000100010100011000010011010010010100000
001100111000100110100101000010011000010010100000
001100111000100110100001000010111010010000100000
001100111000100110100101000010011000010010100000
001100110000100110100011000010011010010000100000
101100111000100110100101000010011000010010100000
001000111000100110100001000010111010010010000000
001000111000100110100101000010011010010010100000
001100110000100110100101010000011000010000100000
001000111000100110100101000010011010010010100000
001000011000100110100011000010111010010000100000
001000111000100110100011000010111000000010000000
001100011000100110100001010010011010000010100000
101000011000100110100101100010111010010000100000
001000111000100110000101010010011010010000100000
001100111000100110100101000000011010000010100000
001100010000100110000001010010011010010010100000
001100111000100110100001010010011010010000100000
001100111000100110100001010010011010010000100000
001100111000100110100011000010011010010000100000
101100111000100110100101100010011010010000100000
001100111000100110100101000010101000010010100000
001100111000100110000001000010111010000010100000
001100011000100110100101000010011010010010100000
001100111000100010100011010000001010010010100000
000100010000100110100101010010011010010010100000
001100011000100110100101000010011010010010100000
001000110000100110100101010010011010010000100000
000100010000100110100111000010011010010010100000
101100111000100110100001100010011010010010100000
001000110000100100100011000000111010000010100000
001100111000100110100001000010111000010010100000
001100111000100110100101000010011010000010100000
001000111000100110100101000010011011010010100000
001100111000100010100101000010111010000010100000
001000111000100100100011010000011000010010100000
001000111000100100100011010000011000010010100000
001100011000100110100011000010011011000010100000
000100011000100110000111010000011010010000100000
001100110000100110000101000010011010010010100000
001000111000100110100001010000011010010010100000
001100011000100110000101000010111000010010100000
000100010000100110100011010010011010010010000000
001000111000100110100101000000111000010010100000
000100011000100110100101010010011010010010100000
001100111000100100100111000000011010010000100000
001000111000100110100111000010011010010000100000
001100011000100110100101000010111010010000100000
101100111000100110100101100010011000010010100000
001000111000100010100011010000011010010010100000
001000111000100110100111000000011010000010000000
101100111000100110100001000010111010000010100000
001100111000100100100101010000011011010000100000
001000111000100110000101010010011010000010100000
001100111000100100100001010000111000010010000000
001100111000100110100101010010011010000000100000
001100110000100010100011010010101000010010100000
001100111000100110100111000010011010000000100000
000000011000100110000111010000011010010010100000
001100011000100010100001010010111010010010100000
001100111000100100100101010000011000010010100000
001000111000100110100011000010111010010000100000
001110011000100110100011010000011010010000000000
101100111000100110100101100010011010000010100000
001000111000100100100111000000011010010010100000
001000010000100010100111000010111010010010100000
000100011000100100000111010000011010010010100000
000100011000100110100111010010011010010000100000
011100111000100110100001000010011011010010100000
011100111000100110100001000010011011010010100000
001000110000100110100111000010011010000010100000
001000011000100110100101010010111010010000000000
001100111000100110000101000010011000010110100000
001000110000100100100011000000111010010010100000
000100011000100110100011010010011010010010100000
001100111000100110100101000010011010010010100000
001000010000100110000011010010011010010010100000
001100111000100110100101000010011010010010100000
001100111000100110100101000010011010010010100000
001100011000100110100011000010111010010000100000
001100110000100110100101000010111010010000100000
001100111000100110100101010010011000000010100000
001100111000100110100011000010111010000000100000
001000011000100110100111000010011010010010100000
001000111000100110100011000010111000010010100000
011100111000100110100101000010011001010010100000
001000110000100110000101010010011010010010100000
001100110000100110100101010010011010010000100000
001100111000100110100101000010111010010000100000
001100111000100110100101000010011011010010100000
001000111000100110000101010000011010010010100000
001100111000100110100111000000011010010000100000
001100111000100110100001000010111010010010100000
001100111000100110100001000010111010010010100000
001100111000100110100001000010111010010010100000
001100111000100110100001000010111010010010100000
001000010000100110000111010000111000010000100000
001000011000100110100111000010111010010000100000
101100110000100110100101100010011010010010100000
001100111000100110100011000010111000000010100000
001100111000100110100011000010111000000010100000
001000011000100110100011000010111010010010100000
001000111000100110100111000010011011000010100000
001100111000100110100101010010011010010000100000
001100111000100110100111000010011010010000100000
001000111000100110000111000010011010010010100000
001000111000100110100101010010011010010010000000
001100111000100110101101000010101010010010100000
001100111000100110100011010010101010000000100000
001000111000100110000111010010011010010000000000
001100111000100110100001010000111010010000100000
001000010000100110100111010010011000010010100000
001100111000100100100011010000011010000010100000
001100010000100110100011010010011010000010100000
001100111000100110000001010010111000010010100000
001000111000100110000111010000011000010010000000
001100111000100110101111000010011010010000100000
001100111000100110000111000010011010000010100000
001100011000100110100011010010111010000000000000
001100111000100110100111000010011000010010100000
001100111000100110100011000010111010010000100000
001000111000100110100001010010111010010010000000
001100011000100110100111010010011010000000100000
001000111000100110100011000010111010010010000000
111000111000100010100101100010111011010010100000
001000111000100110100101010010011010010010100000
001000111000100110100101010010011010010010100000
001000111000100110100111000010011010010010100000
001000111000100110100111000010011010010010100000
001000111000100110100111000010011010010010100000
001000111000100010100111000010111010010010100000
001000111000100110101101000010111010010010100000
001100111000100010000011010010111000010010100000
001100111000100110100011010010011000010010000000
001100010000100110000011010010011010010010100000
001100111000100110100011010010011010010000100000
001100111000100110100101010010111000010000100000
001100111000100110000101010010011010010010000000
001100011000100110100101010010011010010010100000
001100011000100110100101010010011010010010100000
001000110000100110100111000000111000010010100000
001100111000100110000111000010011010010010000000
001100111000100110000101000000111010010010100000
001100111000100110000101000000111010010010100000
001100111000100110100011000010111000010010100000
001100111000100110100101010010011010000010100000
001100111000100110100111000010011010000010100000
001100110000100110000011010000111010000000100000
001100111000100110100101010000111000000010000000
001000110000100110100011010010011010010010100000
001000111000100110100011000010111010010010100000
001100110000100110100111010000011010000000100000
001100111000100110100111010010011000010000100000
001100111000100010100111010010111000010000100000
001100111000100010100111010010111000010000100000
001100111000100110100101000010111010010010000000
001100111000100110100101000010111010010010000000
001100111000100110100001010000111010000010100000
001000111000100110100111010010011010010000100000
001000011000100110000111000010111010010010100000
001100110000100110100011010010101000010010100000
001100110000100110100111010010011010000000100000
001100111000100110100111000010111010000000100000
001100111000100110000001010010111010010010000000
001000111000100110100111000010111000010010100000
001100111000100110100101010010011010010010000000
001100110000100110000101010010111010010000100000
001100110000100110000111000010111010010000100000
001100111000100110100101000000111010010010100000
001100111000100110000111010010011000000010100000
001100111000100110100111010010011000000010000000
001000111000100110000011010010111000010010100000
011100111000100110100001000010111011010010100000
001100010000100110100111010010011000010010100000
001100111000100110100101000010111010010010100000
001100111000100110100101000010111010010010100000
001100111000100110100101000010111010010010100000
001000111000100010100111010010111000010010100000
001100111000100110100111000000011010010010100000
001100111000100110100111000000011010010010100000
001100011000100110100111010000011000010010100000
001000111000100110100111010000111000010000100000
001000111000100110100101010010111010000010100000
001100111000100110100101010010011010010010100000
001100111000100110100101010010011010010010100000
001100111000100110100101010010011010010010100000
001100111000100110100101010010011010010010100000
001100111000100110100101010010011010010010100000
001100111000100010100101010010111010010010100000
001100111000100010100101010010111010010010100000
001100111000100110100111000010011010010010100000
001100111000100110100111000010011010010010100000
001100111000100110100111000010011010010010100000
001100111000100110100111000010011010010010100000
001100111000100110100111000010011010010010100000
001100110000100110100101010010101010010010100000
001000111000100110100111010010111000010000100000
001100011000100110000111010000111010000000100000
001000111000100110101111010010011000010010100000
001000111000100110000101010000111010010010100000
001100011000100110000111000010111010010010000000
001100011000100110100011010000111000010010100000
001100110000100110100111010010011010010000100000
001100111000100110100111010010111000000000100000
001100111000100110100001010010111010010010100000
001100111000100110100001010010111010010010100000
001100111000100110100011000010111010010010100000
001100111000100110100011000010111010010010100000
001100111000100110100011000010111010010010100000
001100110000100110100101010010111000010010100000
011000111000100110000111000010111011000010000000
001100110000100110100111010000011000010010100000
001100111000100110100101010000111000010010100000
001100111000100110100111010010011010010000100000
001000111000100110000111010010011010010010100000
001100111000100110100111010010001010010010100000
001100010000100110100111010010011010010010000000
001100110000100110100111010010101010010000100000
001000111000100110100101010000111010010010100000
001000111000100110100111010100011010000010100000
001100111000100010100011010010111010010010100000
001100111000100110100101010010111000010010100000
001000111000100110100101010010111010010010100000
001000111000100110100111010010111000000010100000
001100111000100110101111010010011010010000100000
001100111000100010100111010010111000010010100000
001100111000100010100111010010111000010010100000
001000111000100110100111010010011010010010100000
001100111000100110100111010000111000010000100000
101100111000100110100011100010111010010010100000
001000011001100110100111010010111000000010000000
001100111000100110100111000010111010000010100000
001000111000100110100111010010111000010010000000
001100111000100110000111010010011010010010000000
001100011000100110100111010010011010010010100000
001000111000100110100111010010111010010000100000
001100111000100110100111010010011010000010100000
001100111000100110000111000010111010010010100000
001100111000100110100101010010111010010010000000
101100111000100110100011110010111010010000100000
101100111000100110100111110010011000010010100000
001000111000100110100111010010111010000010000000
001100010000100110100111010010111000010010100000
001100110000100110100111000010111010010010100000
001100111000100110100101010000111010010010100000
001000110000100110000111010010111010010010000000
001000110000100110000111010010111010010010000000
001100111000100110100101010010111010010010100000
001100111000100110100101010010111010010010100000
001100110000100110100111010010011010010010100000
001100111000100110100101010010111010010010100000
001100111000100110100101010010111010010010100000
001100111000100110100101010010111010010010100000
001100111000100110100111000010111010010010100000
001100111000100110100111000010111010010010100000
001100110000100110101101010010111010010010100000
001100111000100110100111010010111000000010100000
001100110000100110000111010010111010000010000000
001100111000100110100111010010011010010010100000
001100111000100110100111010010011010010010100000
001100111000100010100111010010111010010010100000
001100110000100110100011010010111010010010100000
111100111000100110100111100010111011010000100000
011100111000100110101101010010111001010010100000
001100111000100110100111010010111010010000100000
001100111000100110100111010010111010010000100000
001100111000100110100111010010111010010000100000
001100111000100110100111010010111010010000100000
001100111000100110100111010010101010010010100000
001100111000100110100011010010111010010010100000
001100111000100110100011010010111010010010100000
101100111000100110100101110010111010010010100000
001100110000100110100111010010111000010010100000
011000111000100110100111010010111001010010000000
011100111000100110100011010010111001010010100000
001100111000100110100111010010111000010010100000
001100111000100110100111010010111000010010100000
001100111000100110100111010010111000010010100000
001100111000100110100111010010111000010010100000
001100111000100110100111010010111000010010100000
001100111000100110100111010010111000010010100000
001100111000100110100111010010111000010010100000
001100111000100110100111010010111000010010100000
001100111000100110100111010010111000010010100000
001100111000100110100111010010111000010010100000
001100111000100110100111010010111000010010100000
001100111000100110100111010010111000010010100000
001100111000100110100111010010111000010010100000
011100111000100110101101010010111011000010100000
101100111000100110101101110010111010010010100000
001000111000100110100111010010111010010010100000
001000111000100110100111010010111010010010100000
001000111000100110100111010010111010010010100000
001100010000100110100111010010111010010010100000
001000111000100110100111010010111010010010100000
001100110000100110100111010010111010000010100000
001100011000100110100111010010111010010010100000
001100011000100110100111010010111010010010100000
101100111000100110100011110010111010010010100000
101100111000100110100011110010111010010010100000
001100111000100110100111010010111010000010100000
001100110000100110100111010010111010010010000000
101100111000100110100111110010111000010010100000
001100111000100110000111010010111010010010100000
001100111000100110000111010010111010010010100000
001100111000100110100111010010111010010010000000
001100111000100110100111010010111010010010000000
101100111000100110101111110010111000010010100000
001100110000100110100111010010111010010010100000
001100110000100110100111010010111010010010100000
111100111000100110100101110010111011010010100000
111100111000100110100111100010111011010010100000
101110110000100110100111100010111010010010101000
101100111000100110101111110010111110010000100000
001100111000100110100111010010111010010010100000
001100111000100110100111010010111010010010100000
001100111000100110100111010010111010010010100000
001100111000100110100111010010111010010010100000
001100111000100110100111010010111010010010100000
001100111000100110100111010010111010010010100000
001100111000100110100111010010111010010010100000
001100111000100110100111010010111010010010100000
001100111000100110100111010010111010010010100000
001100111000100110100111010010111010010010100000
001100111000100110100111010010111010010010100000
001100111000100110100111010010111010010010100000
001100111000100110100111010010111010010010100000
001100111000100110100111010010111010010010100000
001100111000100110100111010010111010010010100000
001100111000100110100111010010111010010010100000
001100111000100110100111010010111010010010100000
001100111000100110100111010010111010010010100000
001100111000100110100111010010111010010010100000
001100111000100110100111010010111010010010100000
001100111000100110100111010010111010010010100000
001100111000100110100111010010111010010010100000
011110111000100110101111010010011011010010100000
001110111000100110100111010010111010010010100000
111100111000100110100111110010011011010010100000
011100111000100110101011010010111011010010100000
001100111000100110101111010010111010010010100000
001100111000100110101111010010111010010010100000
001100111000100110101111010010111010010010100000
001110111000100110101111010010111010010000101000
001110111000100110101111010010111010010010100000
001110111000100110101111010010111010010010100000
011100111000100110101111010010111001010010100000
101100111000100110100111110010111010010010100000
101100111000100110100111110010111010010010100000
101100111000100110100111110010111010010010100000
101100111000100110100111110010111010010010100000
101100110000100110101111110010111010010010100000
111100111000100110100111110010111001010010100000
111100111000100110101011110010111011010010100000
001100111000100110101111110010111010010010100000
101100111000100110101111110010111010010010100000
101100111000100110101111110010111010010010100000
101100111000100110101111110010111010010010100000
101100111000100110101111110010111010010010100000
101100111000100110101111110010111010010010100000
101100111000100110100111110010111011010010100000
001100111001100110100111010010111100010010100000
101110111000100110101111110010111010010010100000
111110111000100110101111110010111001010010100000
101100110001100110100111110010111100010010100000
011100111000100110100111010010111011010010100000
011100111000100110100111010010111011010010100000
011100111000100110100111010010111011010010100000
011110111000100110100111010010111011010010100000
011100111000100110101111010010111011010010100000
011100111000100110101111010010111011010010100000
011100111000100110101111010010111011010010100000
101100111000100110100111110010111010011010100000
001100111000100110100111010010111011010010101000
011110111000100110101111010010111011010010100000
011100111000100110101111010010111011010011100000
011100111010100110101111010010111011010010100000
111100111000100110100111110010111011010010100000
111100111000100110100111110010111011010010100000
111100111000100110100111110010111011010010100000
111100111000100110100111110010111011010010100000
111100111000100110100111110010111011010010100000
111100111000100110100111110010111011010010100000
111100111000100110100111110010111011010010100000
111100111000100110100111110010111011010010100000
111100111000100110100111110010111011010010100000
111100111000100110100111110010111011010010100000
111100111000100110100111110010111011010010100000
011100110000100110101111010010111111010010100000
111100111000100110101111110000111011010010100000
001100111001100110100111010010111110010010100000
011100111000100110101111110010111011010010100000
111100111000100110101111110010111011010010100000
111100111000100110101111110010111011010010100000
111100111000100110101111110010111011010010100000
111100111000100110101111110010111011010010100000
111100111000100110101111110010111011010010100000
111100111000100110101111110010111011010010100000
111100111000100110101111110010111011010010100000
111100111000100110101111110010111011010010100000
111100111000100110101111110010111011010000110000
111100111000100110100111110010111111010010100000
011100111000100110101111010010111011010011101000
111100111000100110100111110010111011010010101000
111100111000100110100111110010111011010010101000
111110111000100110100111110010111011010010101000
011101111001100110101111010010111111010000100010
111100111010100110100111110010111011010010101000
111100111000100110101111110010111011010010101000
111100111000100110101111110010111011010010101000
111100111000100110101111110010111011010010101000
101111111001100110100111110010111110010010100010
101111111001100110100111110010111110010010100010
111100111001100110101111110010111111010010100000
101101111001100110101111110010111110010010100010
101101111001100110101111110010111110010010100010
011101111001100110101111010010111111010010100010
011101111001100110101111010010111111010010100010
111101111001100110101111110010111111010010100010
101101111001100110110111110010111110010010100010
111111111111101110111111110110111111011011100010
111111111111100110101111110111011111011011110111
111111111111100110101111110111111111010011110110
111111111111100110101111110011111111010011110111
111111111011100110101111110111111111010011110111
111111111011100110101111110111111111010011110111
111111111111100110101111110111111111010011110111
111111111111100110101111110111111111010011110111
111111111111100110101111110111111111010011110111
111111111111100110101111110111111111010011110111
111111111111100110101111110111111111010011110111
111111111111101110101111110111111111010011110110
111111111111100110101111110111111111011011110110
111111111111110110101111110011011111110111110111
111111111111101110101111110111111111010011110111
111101111111100110101111110111111111011011110111
111111111111100111101111110111011111011011110111
111111111111101110101111110111111111011011110011
111111111111100110101111110111111111011011110111
111111111111100110101111110111111111011011110111
111111111111100110101111110111111111011011110111
111111111111111110101111110110111111111111100011
111111111111101110101111110011111111011011110111
111111111111101110101111110011111111011011110111
111110111111101110101111110111111111011011110111
111111111111100110101111110111111111010011111111
111111111111100110101111110111111111010011111111
111111111011101110101111110111111111011010110111
111111111111101110101111110111111111011010110111
111111111111100110111111110111111111010011110111
111111111111101110101111110111111111010011111110
111111111111101111101111110111011111011011110111
111101111111110110101111110111111111010111110110
111111111111101110110111110111111111010010110111
111111111111100111101111110111111111011011110110
111101111111101110111111110111111111010011110111
111111111111100110101111110111111111011011111111
111111111111101110101111110011111111011011111111
111101111111111110101111111110111111010111110011
111111111111111110101111110111111111010111110110
111111111111110110101111110111111111110111110111
111111111111110110101111110111111111110111110111
111111111111101110111111110111111111011011110110
111111111111110110101111110111111111110111110111
111111111111110110101111110111111111110111110111
111111111111101110111111110011111111011011110111
111111111111110110101111110011111111111110110111
111111111111111110101111110111111111110111110110
111111111111110110101111110011111111110111111110
111101111111110110101111110011111111111111110111
111111111111101110101111110111111111011011111111
111111111111101110101111110111111111011011111111
111111111111110110101111110111111111111111110110
111111111101110110101111110111111111111110110111
111111111111110110101111111111111111010111110110
111111111111101110111111110111111111011011110111
111111111111110110101111110111111111111110110111
111111111111111110101111110111111111110111110111
111111111011110110101111110111111111111111110111
111111111111101111101111110111111111010011111111
111111111101111110101111110011111111111111110111
111111111111101110111111110111111111010011111111
111111111111110110101111110111111111111111110111
111111111111111110101111110111111111111111110110
111111111111111110101111110011111111111111110111
111111111111111110101111110111111111010111111110
111111111111110110101111110111111111110111111111
111101111101111110101111110111111111111111110111
111111111111110110101111111111111111110111110111
111111111111111110101111110111111111011111110111
111111111111110111101111110111111111110111110111
111111111111111110101111110111111111110111111110
111111111001101111101111110111111111011011111111
111101111111111110101111110111111111111111110111
111111111011111110101111110111111111111111110111
111111111011111110101111110111111111111111110111
111111111111110110101111110111111111111111111110
111111111111111110101111110111111111111111110111
111111111111111110101111110111111111111111110111
111111111111111110101111110111111111111111110111
111111111111111110101111110111111111111111110111
111111111111111110101111110111111111010111111111
111111111111111110101111111111111111010111110111
111111111111111110101111111111111111110111110111
111111111111110111101111110111111111111110110111
111111111111111111101111110111111111110111110111
111111111111110110101111110111111111111111111111
111111111111110110101111111111111111111111110111
111111111111110110101111111111111111111111110111
111111111111110111101111111111111111011111110011
111111111111111111101111110011111111111111110111
111111111111111110101111111111111111111110110111
111111111111111110101111110111111111111111111111
111111111111110111101111110011111111111111111111
111111111111111110111111110111111111111111110111
111111111101111110111111111111111111110111110111
111101111111111110111111111011111111111111110111
111111111111111111101111111011111111011111111111
111111111011111110111111111111111111111111111111
111111111111111110111111111111111111111111111111
