0.0 0.0 0.0 0.0
0.0 0.0 0.0 0.0
0.0 0.0 0.0 0.0
0.0 0.0 0.0 0.0
0.0 0.0 0.0 0.0
0.0 0.0 0.0 0.0
0.0 0.0 0.0 0.0
0.0 0.0 0.0 0.0
0.0 0.0 0.0 0.0
0.0 0.0 0.0 0.0
0.0 0.0 0.0 0.0
0.0 0.0 0.0 0.0
0.0 0.0 0.0 0.0
0.0 0.0 0.0 0.0
0.0 0.0 0.0 0.0
0.0 0.0 0.0 0.0
0.0 0.0 0.0 0.0
0.0 0.0 0.0 0.0
0.0 0.0 0.0 0.0
0.0 0.0 0.0 0.0
0.0 0.0 0.0 0.0
1.1 1.0 0.0 -1.0
1.1 1.0 0.0 -1.0
1.1 1.0 0.0 -1.0
1.1 1.0 0.0 -1.0
2.2 0.0 8.0 -1.0
2.2 0.0 8.0 -1.0
2.2 0.0 8.0 -1.0
2.2 0.0 8.0 -1.0
2.2 0.0 8.0 -1.0
2.2 0.0 8.0 -1.0
2.2 0.0 8.0 -1.0
2.2 0.0 8.0 -1.0
2.2 0.0 8.0 -1.0
2.2 0.0 8.0 -1.0
2.2 0.0 8.0 -1.0
2.2 0.0 8.0 -1.0
2.3 1.0 0.0 -1.0
2.3 1.0 0.0 -1.0
3.0 0.0 4.0 -1.0
3.0 0.0 4.0 -1.0
3.0 0.0 4.0 -1.0
3.0 0.0 4.0 -1.0
3.0 0.0 4.0 -1.0
3.0 0.0 4.0 -1.0
3.0 0.0 4.0 -1.0
3.0 0.0 4.0 -1.0
3.2 1.0 0.0 -1.0
3.2 0.0 8.0 -1.0
3.2 1.0 0.0 -1.0
3.2 1.0 0.0 -1.0
3.2 1.0 0.0 -1.0
3.2 1.0 0.0 -1.0
3.2 0.0 8.0 -1.0
3.2 0.0 8.0 -1.0
3.2 0.0 8.0 -1.0
3.2 0.0 8.0 -1.0
3.2 1.0 0.0 -1.0
3.2 0.0 8.0 -1.0
3.2 1.0 0.0 -1.0
3.3 0.0 5.0 -1.0
3.3 1.0 8.0 -2.0
3.3 1.0 8.0 -2.0
3.3 0.0 5.0 -1.0
3.3 0.0 5.0 -1.0
3.3 0.0 5.0 -1.0
4.3 1.0 8.0 -2.0
4.4 1.0 5.0 -2.0
4.4 0.0 2.0 -1.0
4.4 1.0 5.0 -2.0
4.4 1.0 5.0 -2.0
4.5 1.0 8.0 -2.0
4.6 1.0 10.0 -2.0
5.3 0.0 14.0 -2.0
5.3 1.0 4.0 -2.0
5.3 1.0 4.0 -2.0
5.4 0.0 16.0 -2.0
5.4 1.0 8.0 -2.0
5.5 1.0 10.0 -2.0
5.5 1.0 8.0 -2.0
5.5 0.0 13.0 -2.0
5.5 1.0 8.0 -2.0
5.5 2.0 0.0 -2.0
5.5 1.0 8.0 -2.0
5.5 0.0 13.0 -2.0
5.5 1.0 10.0 -2.0
5.6 0.0 15.0 -2.0
5.6 0.0 15.0 -2.0
5.8 1.0 0.0 -1.0
5.8 1.0 0.0 -1.0
6.2 1.0 4.0 -2.0
6.2 1.0 4.0 -2.0
6.3 0.0 9.0 -2.0
6.3 0.0 9.0 -2.0
6.3 0.0 9.0 -2.0
6.4 2.0 4.0 -3.0
6.5 1.0 5.0 -2.0
6.5 0.0 13.0 -2.0
6.6 2.0 10.0 -3.0
6.7 1.0 2.0 -2.0
6.7 1.0 2.0 -2.0
6.7 1.0 2.0 -2.0
6.7 1.0 2.0 -2.0
7.7 1.0 18.0 -3.0
7.7 0.0 7.0 -2.0
7.7 0.0 26.0 -3.0
7.7 0.0 26.0 -3.0
7.8 1.0 18.0 -3.0
8.0 1.0 8.0 -2.0
8.2 1.0 0.0 -1.0
8.2 1.0 0.0 -1.0
8.5 1.0 0.0 -1.0
8.5 1.0 0.0 -1.0
8.5 1.0 0.0 -1.0
8.5 1.0 0.0 -1.0
8.7 1.0 18.0 -3.0
8.8 1.0 15.0 -3.0
9.0 1.0 8.0 -2.0
9.1 1.0 5.0 -2.0
9.1 1.0 5.0 -2.0
9.4 2.0 4.0 -3.0
9.8 0.0 4.0 -1.0
9.8 0.0 4.0 -1.0
9.8 0.0 4.0 -1.0
9.8 0.0 4.0 -1.0
9.8 0.0 4.0 -1.0
9.8 0.0 4.0 -1.0
9.9 1.0 10.0 -3.0
9.9 0.0 15.0 -3.0
9.9 0.0 15.0 -3.0
10.0 0.0 17.0 -3.0
10.0 2.0 10.0 -4.0
10.1 1.0 0.0 -1.0
10.1 1.0 0.0 -1.0
10.6 1.0 0.0 -1.0
10.7 1.0 8.0 -2.0
10.8 2.0 0.0 -2.0
10.8 1.0 10.0 -2.0
10.8 1.0 10.0 -2.0
10.9 1.0 4.0 -2.0
11.1 2.0 4.0 -3.0
11.4 1.0 8.0 -2.0
11.4 1.0 0.0 -1.0
11.4 1.0 0.0 -1.0
11.4 1.0 0.0 -1.0
11.4 1.0 0.0 -1.0
11.5 1.0 0.0 -1.0
11.5 1.0 0.0 -1.0
11.5 1.0 0.0 -1.0
11.5 1.0 0.0 -1.0
11.5 1.0 0.0 -1.0
11.5 1.0 0.0 -1.0
11.6 0.0 1.0 -1.0
11.6 0.0 1.0 -1.0
11.6 0.0 1.0 -1.0
11.6 0.0 1.0 -1.0
11.6 0.0 1.0 -1.0
11.6 0.0 1.0 -1.0
11.7 1.0 8.0 -2.0
11.7 2.0 0.0 -2.0
11.8 1.0 5.0 -2.0
11.8 1.0 5.0 -2.0
12.0 0.0 12.0 -2.0
12.1 0.0 14.0 -2.0
12.1 1.0 4.0 -2.0
12.3 1.0 8.0 -2.0
12.6 0.0 5.0 -1.0
12.6 0.0 5.0 -1.0
12.7 1.0 1.0 -2.0
12.7 1.0 1.0 -2.0
12.8 0.0 8.0 -2.0
12.8 0.0 8.0 -2.0
12.8 0.0 8.0 -2.0
13.0 0.0 12.0 -2.0
13.1 0.0 2.0 -1.0
13.1 0.0 2.0 -1.0
13.1 1.0 0.0 -1.0
13.1 0.0 2.0 -1.0
13.1 0.0 2.0 -1.0
13.1 0.0 2.0 -1.0
13.1 1.0 0.0 -1.0
13.1 1.0 0.0 -1.0
13.1 0.0 2.0 -1.0
13.2 0.0 4.0 -1.0
13.2 0.0 4.0 -1.0
13.2 0.0 4.0 -1.0
13.3 1.0 0.0 -1.0
13.3 1.0 0.0 -1.0
13.6 1.0 8.0 -2.0
13.6 1.0 8.0 -2.0
13.7 2.0 10.0 -3.0
13.7 1.0 5.0 -2.0
13.7 2.0 0.0 -2.0
13.9 0.0 11.0 -2.0
13.9 0.0 5.0 -1.0
13.9 0.0 5.0 -1.0
13.9 1.0 1.0 -2.0
13.9 1.0 1.0 -2.0
13.9 0.0 5.0 -1.0
13.9 0.0 5.0 -1.0
14.2 1.0 9.0 -3.0
14.3 2.0 0.0 -2.0
14.4 1.0 0.0 -1.0
14.4 1.0 0.0 -1.0
14.4 1.0 0.0 -1.0
14.5 1.0 4.0 -2.0
14.5 1.0 4.0 -2.0
14.5 1.0 4.0 -2.0
14.6 0.0 5.0 -2.0
14.6 1.0 8.0 -2.0
14.6 2.0 0.0 -2.0
14.6 0.0 5.0 -2.0
14.6 2.0 0.0 -2.0
14.8 0.0 9.0 -2.0
14.8 1.0 5.0 -2.0
14.9 0.0 6.0 -2.0
14.9 0.0 15.0 -2.0
15.3 0.0 17.0 -3.0
15.3 0.0 10.0 -2.0
15.4 1.0 25.0 -5.0
15.4 1.0 14.0 -3.0
15.5 2.0 0.0 -2.0
15.6 1.0 0.0 -1.0
15.6 1.0 0.0 -1.0
15.6 1.0 4.0 -2.0
15.6 1.0 0.0 -1.0
15.7 1.0 5.0 -3.0
15.8 2.0 8.0 -3.0
15.8 3.0 0.0 -3.0
15.9 1.0 7.0 -3.0
15.9 2.0 18.0 -4.0
16.1 0.0 6.0 -2.0
16.1 0.0 13.0 -2.0
16.1 0.0 6.0 -2.0
16.1 0.0 13.0 -2.0
16.2 0.0 8.0 -2.0
16.3 0.0 17.0 -3.0
16.3 2.0 4.0 -3.0
16.4 1.0 10.0 -3.0
16.6 3.0 0.0 -3.0
16.9 0.0 9.0 -2.0
16.9 0.0 15.0 -3.0
17.0 0.0 7.0 -2.0
17.0 1.0 13.0 -3.0
17.1 0.0 13.0 -2.0
17.1 1.0 5.0 -2.0
17.3 0.0 9.0 -1.0
17.4 1.0 4.0 -2.0
17.4 1.0 1.0 -2.0
17.5 0.0 11.0 -3.0
17.7 2.0 4.0 -3.0
17.9 1.0 10.0 -2.0
17.9 0.0 10.0 -3.0
17.9 3.0 0.0 -3.0
18.0 2.0 5.0 -3.0
18.1 0.0 14.0 -3.0
18.2 2.0 2.0 -3.0
18.3 1.0 4.0 -2.0
18.3 1.0 4.0 -2.0
18.4 1.0 9.0 -2.0
18.4 1.0 13.0 -3.0
18.6 1.0 12.0 -3.0
19.0 2.0 10.0 -3.0
19.1 1.0 10.0 -3.0
19.2 1.0 7.0 -3.0
19.2 0.0 3.0 -1.0
19.2 1.0 11.0 -4.0
19.3 1.0 7.0 -3.0
19.4 0.0 4.0 -1.0
19.4 1.0 13.0 -3.0
19.4 1.0 15.0 -3.0
19.6 1.0 9.0 -2.0
19.6 1.0 12.0 -3.0
19.6 0.0 15.0 -3.0
19.8 1.0 4.0 -3.0
19.9 2.0 0.0 -2.0
19.9 2.0 0.0 -2.0
19.9 3.0 14.0 -5.0
20.2 1.0 12.0 -3.0
20.3 2.0 9.0 -4.0
20.3 0.0 13.0 -2.0
20.5 3.0 0.0 -3.0
20.5 0.0 15.0 -4.0
20.5 0.0 8.0 -3.0
20.6 0.0 14.0 -2.0
20.7 0.0 19.0 -4.0
20.7 1.0 11.0 -4.0
20.8 1.0 5.0 -2.0
21.0 2.0 9.0 -4.0
21.2 2.0 6.0 -4.0
21.2 2.0 6.0 -4.0
21.3 1.0 15.0 -4.0
21.7 1.0 1.0 -2.0
21.8 3.0 0.0 -3.0
21.8 3.0 0.0 -3.0
21.9 1.0 9.0 -4.0
21.9 2.0 15.0 -4.0
22.0 3.0 18.0 -5.0
22.0 1.0 9.0 -3.0
22.0 0.0 11.0 -2.0
22.1 1.0 7.0 -3.0
22.2 0.0 15.0 -2.0
22.2 3.0 10.0 -4.0
22.3 1.0 11.0 -4.0
22.4 1.0 5.0 -2.0
22.5 1.0 15.0 -4.0
22.7 2.0 9.0 -4.0
23.1 1.0 1.0 -2.0
23.2 1.0 9.0 -3.0
23.3 2.0 4.0 -3.0
23.3 1.0 7.0 -3.0
23.5 2.0 14.0 -4.0
23.6 1.0 17.0 -5.0
23.7 0.0 9.0 -2.0
23.7 2.0 0.0 -2.0
23.7 2.0 0.0 -2.0
23.8 2.0 0.0 -2.0
23.8 2.0 0.0 -2.0
24.0 1.0 5.0 -2.0
24.2 1.0 8.0 -3.0
24.2 1.0 4.0 -2.0
24.2 1.0 27.0 -5.0
24.4 1.0 12.0 -3.0
24.4 2.0 5.0 -3.0
24.5 0.0 25.0 -3.0
24.5 2.0 0.0 -2.0
24.6 1.0 2.0 -2.0
24.7 1.0 8.0 -3.0
24.7 0.0 3.0 -2.0
24.7 0.0 10.0 -3.0
24.8 0.0 5.0 -2.0
24.8 1.0 1.0 -2.0
24.9 1.0 9.0 -3.0
24.9 3.0 0.0 -3.0
25.0 2.0 19.0 -5.0
25.1 2.0 6.0 -4.0
25.1 1.0 9.0 -3.0
25.2 2.0 8.0 -4.0
25.2 3.0 0.0 -3.0
25.3 2.0 8.0 -3.0
25.3 1.0 19.0 -4.0
25.4 1.0 5.0 -2.0
25.4 1.0 15.0 -4.0
25.5 0.0 20.0 -3.0
25.5 0.0 6.0 -2.0
25.7 2.0 2.0 -3.0
25.7 1.0 10.0 -3.0
25.8 2.0 4.0 -3.0
25.9 2.0 0.0 -2.0
25.9 0.0 17.0 -3.0
25.9 2.0 4.0 -3.0
25.9 2.0 11.0 -4.0
26.0 1.0 1.0 -2.0
26.1 1.0 8.0 -3.0
26.1 0.0 32.0 -4.0
26.1 3.0 0.0 -3.0
26.2 1.0 2.0 -2.0
26.3 1.0 2.0 -2.0
26.3 0.0 6.0 -2.0
26.4 3.0 8.0 -4.0
26.4 0.0 14.0 -3.0
26.5 1.0 4.0 -2.0
26.7 2.0 15.0 -4.0
26.9 0.0 17.0 -3.0
27.0 0.0 7.0 -2.0
27.0 2.0 9.0 -4.0
27.0 3.0 0.0 -3.0
27.1 1.0 19.0 -5.0
27.1 2.0 0.0 -2.0
27.2 1.0 1.0 -2.0
27.5 2.0 1.0 -3.0
27.6 1.0 4.0 -2.0
27.6 1.0 15.0 -4.0
27.6 1.0 9.0 -4.0
27.7 3.0 4.0 -4.0
27.7 2.0 4.0 -3.0
27.8 1.0 6.0 -3.0
27.9 2.0 4.0 -3.0
27.9 3.0 0.0 -3.0
27.9 1.0 17.0 -4.0
28.0 2.0 1.0 -3.0
28.1 2.0 0.0 -2.0
28.2 1.0 5.0 -2.0
28.5 0.0 10.0 -3.0
28.5 3.0 1.0 -4.0
28.6 3.0 6.0 -5.0
28.6 1.0 12.0 -3.0
28.7 2.0 15.0 -4.0
28.7 0.0 11.0 -3.0
28.7 1.0 2.0 -2.0
28.7 2.0 0.0 -2.0
28.8 0.0 13.0 -3.0
28.8 1.0 13.0 -3.0
28.9 0.0 10.0 -2.0
28.9 1.0 19.0 -4.0
29.2 2.0 1.0 -3.0
29.3 2.0 5.0 -4.0
29.5 2.0 4.0 -3.0
29.6 3.0 15.0 -6.0
29.9 0.0 14.0 -2.0
30.0 2.0 13.0 -4.0
30.0 2.0 10.0 -4.0
30.1 1.0 12.0 -3.0
30.1 1.0 9.0 -4.0
30.2 2.0 11.0 -4.0
30.2 0.0 15.0 -3.0
30.3 3.0 0.0 -3.0
30.8 1.0 10.0 -3.0
30.8 1.0 8.0 -3.0
31.0 0.0 5.0 -2.0
31.0 0.0 12.0 -4.0
31.0 0.0 5.0 -2.0
31.0 0.0 5.0 -2.0
31.0 0.0 5.0 -2.0
31.0 3.0 0.0 -3.0
31.2 2.0 13.0 -4.0
31.2 2.0 16.0 -5.0
31.2 0.0 14.0 -2.0
31.4 1.0 14.0 -4.0
31.4 2.0 4.0 -3.0
31.8 0.0 15.0 -3.0
31.9 3.0 0.0 -3.0
31.9 1.0 18.0 -4.0
31.9 3.0 10.0 -5.0
31.9 2.0 6.0 -4.0
32.1 3.0 0.0 -3.0
32.3 2.0 25.0 -6.0
32.4 4.0 12.0 -6.0
32.5 3.0 4.0 -4.0
32.5 1.0 4.0 -2.0
32.6 2.0 18.0 -4.0
32.6 2.0 12.0 -5.0
32.7 2.0 14.0 -5.0
32.7 3.0 4.0 -4.0
32.7 2.0 12.0 -4.0
32.7 4.0 0.0 -4.0
32.7 3.0 15.0 -5.0
32.8 1.0 13.0 -3.0
32.9 1.0 9.0 -3.0
33.0 2.0 4.0 -4.0
33.0 2.0 1.0 -3.0
33.1 0.0 8.0 -2.0
33.1 3.0 14.0 -6.0
33.2 2.0 1.0 -3.0
33.2 0.0 13.0 -3.0
33.4 3.0 4.0 -4.0
33.6 1.0 3.0 -2.0
33.6 1.0 9.0 -3.0
33.6 4.0 8.0 -5.0
33.7 0.0 16.0 -3.0
33.8 0.0 16.0 -3.0
33.8 2.0 3.0 -3.0
33.8 2.0 2.0 -3.0
33.8 2.0 9.0 -4.0
33.9 2.0 15.0 -4.0
34.1 2.0 8.0 -4.0
34.2 1.0 13.0 -5.0
34.3 1.0 15.0 -3.0
34.6 1.0 21.0 -4.0
34.8 2.0 2.0 -3.0
35.1 3.0 0.0 -3.0
35.1 1.0 9.0 -3.0
35.1 1.0 9.0 -4.0
35.3 3.0 10.0 -4.0
35.3 1.0 15.0 -3.0
35.3 1.0 22.0 -4.0
35.4 0.0 7.0 -3.0
35.4 3.0 4.0 -4.0
35.5 4.0 0.0 -4.0
35.5 1.0 10.0 -3.0
35.6 1.0 13.0 -4.0
35.9 3.0 4.0 -4.0
35.9 2.0 12.0 -4.0
35.9 3.0 13.0 -5.0
36.0 1.0 23.0 -4.0
36.4 3.0 1.0 -4.0
36.4 0.0 26.0 -4.0
36.5 2.0 8.0 -4.0
36.5 2.0 5.0 -3.0
36.8 1.0 19.0 -4.0
37.0 3.0 4.0 -4.0
37.0 1.0 17.0 -4.0
37.1 0.0 25.0 -4.0
37.2 2.0 3.0 -4.0
37.2 3.0 5.0 -4.0
37.3 3.0 4.0 -4.0
37.3 2.0 8.0 -4.0
37.4 2.0 7.0 -4.0
37.5 2.0 9.0 -4.0
37.5 2.0 5.0 -4.0
37.5 2.0 6.0 -4.0
37.6 2.0 5.0 -3.0
37.7 5.0 4.0 -6.0
37.7 2.0 2.0 -3.0
37.7 3.0 15.0 -6.0
37.8 3.0 5.0 -4.0
37.8 0.0 24.0 -4.0
37.9 1.0 3.0 -3.0
37.9 0.0 7.0 -3.0
37.9 2.0 12.0 -5.0
38.0 3.0 0.0 -3.0
38.3 1.0 11.0 -4.0
38.5 1.0 19.0 -4.0
38.6 3.0 11.0 -6.0
38.6 0.0 26.0 -4.0
38.6 0.0 15.0 -4.0
38.7 4.0 6.0 -6.0
39.0 3.0 7.0 -5.0
39.2 1.0 11.0 -4.0
39.3 2.0 7.0 -4.0
39.4 1.0 5.0 -3.0
39.4 2.0 10.0 -4.0
39.4 2.0 13.0 -4.0
39.4 1.0 13.0 -4.0
39.5 2.0 12.0 -5.0
39.7 2.0 1.0 -3.0
40.1 1.0 20.0 -5.0
40.2 2.0 13.0 -6.0
40.3 2.0 5.0 -4.0
40.3 1.0 10.0 -4.0
40.3 4.0 0.0 -4.0
40.4 2.0 5.0 -3.0
40.4 3.0 4.0 -4.0
40.4 5.0 0.0 -5.0
40.4 3.0 11.0 -5.0
40.4 1.0 20.0 -4.0
40.4 3.0 14.0 -5.0
40.6 1.0 20.0 -5.0
40.6 1.0 30.0 -5.0
40.8 0.0 9.0 -3.0
40.8 0.0 9.0 -3.0
40.9 0.0 18.0 -4.0
40.9 3.0 5.0 -4.0
40.9 0.0 32.0 -5.0
41.0 2.0 5.0 -4.0
41.0 2.0 9.0 -3.0
41.1 5.0 0.0 -5.0
41.1 2.0 12.0 -4.0
41.1 3.0 8.0 -6.0
41.3 2.0 12.0 -5.0
41.4 1.0 24.0 -4.0
41.6 1.0 10.0 -4.0
41.7 1.0 16.0 -5.0
41.8 3.0 5.0 -4.0
41.9 4.0 14.0 -6.0
42.2 0.0 16.0 -4.0
42.6 3.0 12.0 -6.0
42.7 5.0 0.0 -5.0
42.8 2.0 15.0 -4.0
43.1 6.0 4.0 -7.0
43.2 2.0 12.0 -5.0
43.2 3.0 3.0 -4.0
43.5 2.0 13.0 -5.0
43.6 2.0 11.0 -4.0
43.6 1.0 13.0 -4.0
43.7 2.0 3.0 -3.0
43.7 1.0 11.0 -4.0
43.8 2.0 13.0 -4.0
44.1 4.0 6.0 -6.0
44.1 2.0 15.0 -4.0
44.1 1.0 5.0 -3.0
44.2 1.0 12.0 -5.0
44.4 3.0 19.0 -5.0
44.6 2.0 6.0 -4.0
44.7 0.0 9.0 -3.0
44.7 0.0 9.0 -3.0
44.8 4.0 3.0 -6.0
44.9 0.0 10.0 -3.0
45.0 0.0 16.0 -4.0
45.1 2.0 3.0 -3.0
45.5 1.0 23.0 -5.0
45.8 3.0 4.0 -4.0
45.8 1.0 9.0 -4.0
46.0 4.0 0.0 -4.0
46.0 1.0 10.0 -4.0
46.2 4.0 4.0 -5.0
46.2 2.0 6.0 -4.0
46.2 2.0 4.0 -4.0
46.4 1.0 15.0 -4.0
46.4 2.0 20.0 -5.0
46.6 1.0 9.0 -4.0
46.7 1.0 20.0 -6.0
46.8 5.0 0.0 -5.0
47.0 3.0 19.0 -6.0
47.0 3.0 17.0 -7.0
47.0 0.0 27.0 -4.0
47.1 3.0 4.0 -4.0
47.1 3.0 17.0 -5.0
47.1 2.0 18.0 -5.0
47.3 1.0 39.0 -7.0
47.4 3.0 1.0 -4.0
47.7 4.0 0.0 -4.0
47.7 1.0 20.0 -6.0
48.0 0.0 14.0 -4.0
48.4 1.0 14.0 -4.0
48.5 3.0 4.0 -4.0
48.6 3.0 6.0 -5.0
48.6 1.0 12.0 -4.0
48.8 3.0 17.0 -6.0
48.9 1.0 23.0 -5.0
49.1 2.0 14.0 -4.0
49.1 2.0 16.0 -5.0
49.4 4.0 0.0 -4.0
49.5 2.0 26.0 -7.0
49.8 2.0 13.0 -5.0
49.9 4.0 4.0 -5.0
49.9 4.0 1.0 -5.0
50.0 3.0 2.0 -4.0
50.0 1.0 19.0 -4.0
50.4 0.0 17.0 -3.0
50.5 1.0 25.0 -6.0
50.6 4.0 3.0 -5.0
50.7 1.0 23.0 -6.0
51.0 1.0 18.0 -4.0
51.0 2.0 16.0 -5.0
51.1 3.0 15.0 -6.0
51.1 4.0 9.0 -6.0
51.5 3.0 7.0 -5.0
51.5 3.0 10.0 -6.0
51.6 3.0 14.0 -5.0
51.8 5.0 0.0 -5.0
51.9 2.0 29.0 -6.0
52.4 2.0 8.0 -5.0
52.6 3.0 13.0 -5.0
52.7 2.0 27.0 -7.0
52.9 2.0 21.0 -7.0
53.7 3.0 9.0 -5.0
54.0 4.0 17.0 -6.0
54.0 2.0 9.0 -6.0
54.1 2.0 8.0 -5.0
54.2 2.0 34.0 -7.0
54.5 2.0 24.0 -7.0
54.6 2.0 17.0 -5.0
54.7 2.0 23.0 -6.0
54.9 2.0 18.0 -6.0
55.2 2.0 16.0 -5.0
55.4 5.0 9.0 -7.0
55.7 2.0 13.0 -5.0
55.9 3.0 5.0 -4.0
56.0 2.0 18.0 -5.0
56.1 4.0 6.0 -6.0
56.4 5.0 6.0 -7.0
56.5 3.0 9.0 -6.0
56.6 3.0 9.0 -5.0
56.6 3.0 6.0 -5.0
56.7 2.0 4.0 -4.0
56.9 2.0 16.0 -5.0
57.0 2.0 15.0 -5.0
57.0 1.0 26.0 -6.0
57.1 3.0 11.0 -7.0
57.3 3.0 15.0 -7.0
57.4 4.0 9.0 -6.0
57.5 4.0 4.0 -5.0
57.5 2.0 6.0 -4.0
57.5 3.0 5.0 -5.0
57.8 2.0 10.0 -4.0
57.9 5.0 4.0 -6.0
58.1 2.0 5.0 -4.0
58.2 2.0 25.0 -6.0
58.4 4.0 2.0 -5.0
58.4 1.0 14.0 -4.0
58.4 2.0 9.0 -5.0
58.5 1.0 29.0 -5.0
58.6 2.0 22.0 -7.0
58.6 1.0 27.0 -6.0
58.7 2.0 6.0 -4.0
58.7 3.0 11.0 -6.0
59.2 2.0 12.0 -5.0
59.5 3.0 24.0 -8.0
59.6 2.0 13.0 -5.0
59.9 5.0 9.0 -6.0
59.9 2.0 7.0 -4.0
60.1 3.0 3.0 -4.0
60.9 3.0 8.0 -5.0
61.1 3.0 27.0 -7.0
61.3 3.0 15.0 -7.0
61.3 4.0 9.0 -5.0
61.7 4.0 2.0 -5.0
61.8 1.0 12.0 -4.0
61.9 3.0 10.0 -6.0
62.2 0.0 19.0 -4.0
62.3 0.0 31.0 -6.0
62.6 4.0 2.0 -5.0
62.7 2.0 14.0 -5.0
62.9 1.0 29.0 -6.0
63.1 3.0 5.0 -5.0
63.2 2.0 13.0 -6.0
63.3 1.0 26.0 -6.0
63.4 3.0 11.0 -6.0
63.9 2.0 20.0 -6.0
64.1 3.0 6.0 -5.0
64.6 3.0 23.0 -7.0
64.8 1.0 44.0 -8.0
64.9 3.0 10.0 -6.0
65.5 3.0 6.0 -5.0
65.6 3.0 5.0 -5.0
66.4 1.0 23.0 -6.0
66.6 3.0 10.0 -5.0
66.7 6.0 5.0 -8.0
67.1 2.0 14.0 -6.0
67.6 5.0 17.0 -8.0
67.7 3.0 13.0 -5.0
67.7 3.0 21.0 -8.0
67.8 3.0 26.0 -8.0
68.1 4.0 14.0 -7.0
68.1 2.0 22.0 -7.0
68.2 1.0 17.0 -6.0
69.1 1.0 33.0 -8.0
69.3 1.0 32.0 -7.0
69.7 5.0 12.0 -7.0
70.9 1.0 11.0 -5.0
71.5 3.0 13.0 -6.0
74.1 2.0 15.0 -5.0
74.4 0.0 24.0 -6.0
75.3 2.0 20.0 -8.0
75.5 3.0 9.0 -6.0
75.5 2.0 28.0 -8.0
76.1 6.0 5.0 -8.0
76.3 3.0 22.0 -8.0
76.3 3.0 16.0 -8.0
77.0 4.0 14.0 -7.0
77.0 4.0 19.0 -7.0
77.0 5.0 10.0 -8.0
77.2 5.0 17.0 -10.0
77.3 3.0 23.0 -7.0
77.7 3.0 16.0 -7.0
77.7 2.0 22.0 -7.0
79.3 5.0 13.0 -8.0
80.3 7.0 7.0 -9.0
80.4 5.0 17.0 -8.0
80.9 6.0 4.0 -7.0
81.0 1.0 27.0 -6.0
81.0 2.0 30.0 -7.0
81.7 4.0 5.0 -6.0
83.5 2.0 30.0 -8.0
83.6 2.0 12.0 -6.0
83.9 2.0 14.0 -6.0
89.5 4.0 13.0 -6.0
89.9 4.0 13.0 -8.0
90.4 2.0 43.0 -10.0
90.7 6.0 20.0 -11.0
91.9 6.0 16.0 -11.0
93.3 5.0 18.0 -7.0
96.7 3.0 11.0 -7.0
98.7 4.0 30.0 -9.0
99.9 8.0 19.0 -12.0
100.8 6.0 11.0 -9.0
101.1 6.0 23.0 -10.0
102.5 2.0 42.0 -11.0
105.7 7.0 9.0 -10.0
111.1 8.0 13.0 -10.0
112.1 8.0 13.0 -12.0
114.0 5.0 40.0 -12.0
115.2 6.0 17.0 -9.0
116.4 3.0 26.0 -10.0
119.3 8.0 13.0 -13.0
120.1 4.0 42.0 -12.0
122.4 7.0 21.0 -13.0
122.8 6.0 40.0 -13.0
123.5 2.0 42.0 -11.0
126.4 7.0 17.0 -10.0
128.9 7.0 20.0 -12.0
132.3 5.0 22.0 -10.0
133.0 7.0 34.0 -14.0
133.2 7.0 32.0 -14.0
133.3 5.0 35.0 -13.0
135.6 5.0 37.0 -13.0
135.8 7.0 23.0 -13.0
136.1 8.0 21.0 -13.0
140.8 7.0 52.0 -16.0
141.7 7.0 16.0 -12.0
141.9 9.0 18.0 -13.0
142.8 7.0 32.0 -13.0
144.0 7.0 45.0 -15.0
144.8 6.0 20.0 -12.0
145.4 9.0 28.0 -14.0
146.3 6.0 25.0 -13.0
147.2 6.0 45.0 -14.0
148.0 8.0 16.0 -13.0
149.0 6.0 22.0 -12.0
149.0 9.0 13.0 -14.0
149.7 5.0 45.0 -15.0
153.5 7.0 36.0 -14.0
154.0 7.0 37.0 -16.0
155.1 9.0 32.0 -16.0
158.8 5.0 44.0 -14.0
158.8 7.0 39.0 -15.0
159.1 10.0 24.0 -14.0
160.3 7.0 47.0 -16.0
160.3 5.0 34.0 -13.0
161.0 8.0 25.0 -14.0
162.3 5.0 30.0 -13.0
163.0 9.0 24.0 -15.0
163.8 8.0 29.0 -15.0
164.2 9.0 29.0 -16.0
164.7 8.0 27.0 -15.0
164.7 9.0 17.0 -13.0
165.3 7.0 27.0 -14.0
165.4 9.0 49.0 -17.0
166.0 7.0 43.0 -16.0
166.4 7.0 48.0 -16.0
166.7 8.0 38.0 -16.0
166.9 6.0 31.0 -13.0
167.2 9.0 34.0 -16.0
167.6 8.0 26.0 -15.0
168.6 7.0 34.0 -15.0
169.1 7.0 37.0 -15.0
170.6 7.0 43.0 -15.0
171.1 10.0 36.0 -17.0
172.0 6.0 55.0 -17.0
172.2 11.0 36.0 -17.0
172.8 10.0 31.0 -17.0
175.9 9.0 35.0 -17.0
176.1 9.0 33.0 -16.0
176.5 10.0 25.0 -16.0
177.3 8.0 33.0 -16.0
178.0 7.0 35.0 -15.0
179.3 10.0 43.0 -17.0
179.9 5.0 44.0 -15.0
180.1 8.0 36.0 -15.0
180.2 7.0 37.0 -15.0
181.1 7.0 32.0 -15.0
181.6 9.0 36.0 -17.0
181.8 8.0 36.0 -15.0
183.2 11.0 24.0 -17.0
184.1 7.0 39.0 -15.0
185.0 8.0 50.0 -17.0
186.0 9.0 38.0 -17.0
186.0 12.0 32.0 -18.0
186.0 7.0 61.0 -17.0
186.8 9.0 33.0 -16.0
187.0 7.0 51.0 -17.0
187.4 6.0 42.0 -16.0
187.5 9.0 41.0 -17.0
188.0 7.0 48.0 -17.0
188.5 9.0 40.0 -17.0
189.0 9.0 33.0 -16.0
189.5 9.0 27.0 -15.0
190.2 9.0 39.0 -16.0
190.2 11.0 33.0 -19.0
190.7 7.0 45.0 -16.0
191.1 12.0 27.0 -18.0
191.2 10.0 29.0 -17.0
191.8 7.0 61.0 -18.0
193.4 10.0 28.0 -17.0
193.4 11.0 22.0 -17.0
193.4 8.0 49.0 -18.0
194.5 8.0 47.0 -16.0
194.9 9.0 48.0 -18.0
195.3 10.0 40.0 -18.0
195.3 8.0 42.0 -16.0
196.5 8.0 35.0 -16.0
196.8 9.0 29.0 -17.0
197.3 8.0 40.0 -17.0
197.3 12.0 21.0 -18.0
197.8 9.0 45.0 -18.0
197.8 9.0 43.0 -18.0
197.8 8.0 39.0 -17.0
198.1 11.0 22.0 -18.0
198.1 9.0 47.0 -18.0
198.8 6.0 64.0 -18.0
199.4 9.0 48.0 -19.0
200.3 10.0 34.0 -17.0
200.4 8.0 34.0 -17.0
200.6 7.0 45.0 -17.0
200.8 8.0 39.0 -17.0
201.4 9.0 42.0 -18.0
201.6 8.0 36.0 -16.0
202.1 10.0 47.0 -19.0
202.3 9.0 28.0 -16.0
202.9 11.0 27.0 -18.0
202.9 13.0 20.0 -19.0
203.1 7.0 46.0 -17.0
203.2 9.0 26.0 -16.0
203.3 13.0 26.0 -19.0
203.5 6.0 48.0 -16.0
203.9 11.0 29.0 -18.0
204.2 7.0 56.0 -18.0
204.3 10.0 29.0 -18.0
204.9 8.0 44.0 -19.0
205.6 11.0 30.0 -18.0
206.1 8.0 38.0 -16.0
206.6 9.0 33.0 -18.0
207.0 8.0 48.0 -18.0
207.3 13.0 17.0 -18.0
207.8 6.0 46.0 -16.0
207.9 10.0 44.0 -19.0
208.8 9.0 45.0 -19.0
208.8 8.0 57.0 -19.0
209.4 11.0 41.0 -19.0
209.5 10.0 43.0 -18.0
210.0 10.0 54.0 -20.0
210.9 9.0 29.0 -18.0
211.0 12.0 32.0 -19.0
211.2 11.0 28.0 -18.0
213.7 5.0 67.0 -18.0
213.9 11.0 33.0 -19.0
214.8 10.0 43.0 -20.0
214.9 13.0 43.0 -21.0
215.2 12.0 35.0 -20.0
215.3 10.0 45.0 -20.0
215.3 8.0 54.0 -19.0
215.6 10.0 42.0 -19.0
215.7 11.0 36.0 -20.0
215.7 11.0 32.0 -19.0
215.7 11.0 43.0 -20.0
216.0 9.0 52.0 -19.0
216.3 11.0 33.0 -19.0
216.8 10.0 42.0 -19.0
216.8 10.0 38.0 -19.0
217.3 11.0 37.0 -20.0
217.8 11.0 48.0 -21.0
218.0 11.0 42.0 -20.0
218.3 7.0 54.0 -19.0
218.5 12.0 37.0 -19.0
219.0 7.0 69.0 -20.0
219.2 9.0 52.0 -19.0
219.7 11.0 37.0 -20.0
220.3 11.0 35.0 -19.0
220.5 12.0 29.0 -18.0
220.7 11.0 41.0 -19.0
221.5 10.0 37.0 -20.0
222.7 10.0 29.0 -18.0
223.1 13.0 31.0 -21.0
223.2 9.0 44.0 -19.0
223.6 13.0 24.0 -19.0
223.8 12.0 33.0 -20.0
224.5 12.0 24.0 -18.0
224.6 11.0 29.0 -19.0
225.2 11.0 46.0 -20.0
225.3 13.0 27.0 -21.0
225.5 11.0 36.0 -20.0
226.6 13.0 25.0 -19.0
226.9 7.0 60.0 -20.0
227.2 9.0 40.0 -19.0
227.8 11.0 41.0 -21.0
228.1 12.0 36.0 -21.0
228.4 13.0 35.0 -20.0
228.8 11.0 38.0 -20.0
229.0 9.0 53.0 -19.0
229.2 10.0 57.0 -21.0
229.9 13.0 27.0 -20.0
229.9 11.0 31.0 -19.0
230.6 11.0 39.0 -20.0
231.5 8.0 52.0 -19.0
231.5 8.0 64.0 -20.0
232.5 13.0 27.0 -20.0
232.8 12.0 41.0 -20.0
233.2 12.0 32.0 -20.0
233.5 9.0 59.0 -21.0
233.7 13.0 33.0 -21.0
234.2 9.0 54.0 -20.0
234.4 10.0 51.0 -20.0
234.6 11.0 45.0 -21.0
234.7 9.0 44.0 -19.0
235.0 14.0 37.0 -21.0
235.2 13.0 29.0 -19.0
235.6 9.0 39.0 -18.0
235.6 11.0 54.0 -21.0
236.4 11.0 41.0 -21.0
236.4 11.0 41.0 -21.0
236.8 12.0 34.0 -20.0
238.0 12.0 38.0 -21.0
238.3 12.0 54.0 -22.0
239.0 10.0 39.0 -19.0
240.7 13.0 31.0 -21.0
241.6 11.0 41.0 -20.0
241.9 12.0 25.0 -19.0
242.1 8.0 58.0 -20.0
242.3 12.0 33.0 -21.0
242.9 13.0 45.0 -22.0
243.2 13.0 46.0 -22.0
244.4 13.0 32.0 -21.0
244.5 13.0 29.0 -21.0
244.6 9.0 57.0 -21.0
244.9 11.0 59.0 -22.0
245.0 12.0 29.0 -20.0
245.4 11.0 48.0 -22.0
246.8 12.0 38.0 -21.0
246.8 13.0 42.0 -22.0
249.1 10.0 45.0 -21.0
250.0 11.0 43.0 -21.0
252.0 11.0 55.0 -21.0
252.4 14.0 38.0 -23.0
253.6 11.0 44.0 -21.0
253.7 11.0 40.0 -21.0
256.5 13.0 41.0 -22.0
256.6 13.0 52.0 -23.0
256.7 12.0 57.0 -23.0
256.8 7.0 64.0 -21.0
256.9 9.0 54.0 -22.0
257.3 11.0 39.0 -20.0
258.3 16.0 26.0 -22.0
259.3 13.0 39.0 -22.0
260.9 13.0 48.0 -23.0
261.1 12.0 51.0 -23.0
262.8 12.0 47.0 -22.0
263.8 11.0 49.0 -23.0
265.4 14.0 47.0 -24.0
275.2 10.0 61.0 -22.0
