0.0 0.0
13.0 -51.0
13.0 -42.0
15.0 -52.0
19.0 -96.0
19.0 -58.0
20.0 -145.0
22.0 -136.0
22.0 -135.0
22.0 -107.0
23.0 -121.0
23.0 -118.0
23.0 -105.0
24.0 -131.0
25.0 -134.0
26.0 -122.0
27.0 -114.0
28.0 -124.0
28.0 -86.0
28.0 -74.0
29.0 -114.0
29.0 -113.0
30.0 -171.0
30.0 -147.0
30.0 -139.0
30.0 -130.0
30.0 -127.0
30.0 -116.0
30.0 -111.0
30.0 -99.0
31.0 -112.0
32.0 -143.0
32.0 -142.0
32.0 -135.0
32.0 -111.0
33.0 -178.0
33.0 -148.0
33.0 -106.0
34.0 -183.0
34.0 -165.0
34.0 -162.0
34.0 -115.0
34.0 -109.0
34.0 -104.0
34.0 -104.0
34.0 -100.0
35.0 -219.0
36.0 -161.0
36.0 -152.0
36.0 -148.0
37.0 -157.0
37.0 -147.0
37.0 -140.0
38.0 -229.0
38.0 -173.0
38.0 -168.0
38.0 -160.0
38.0 -136.0
39.0 -196.0
39.0 -157.0
39.0 -123.0
40.0 -196.0
40.0 -195.0
40.0 -175.0
40.0 -150.0
40.0 -127.0
40.0 -107.0
41.0 -230.0
41.0 -199.0
41.0 -186.0
41.0 -166.0
41.0 -163.0
41.0 -149.0
41.0 -147.0
42.0 -220.0
42.0 -170.0
42.0 -144.0
43.0 -203.0
43.0 -183.0
44.0 -202.0
44.0 -200.0
44.0 -199.0
44.0 -184.0
44.0 -175.0
44.0 -174.0
44.0 -167.0
44.0 -150.0
45.0 -242.0
45.0 -234.0
45.0 -217.0
45.0 -213.0
45.0 -211.0
45.0 -197.0
45.0 -191.0
45.0 -171.0
45.0 -166.0
45.0 -160.0
45.0 -132.0
46.0 -245.0
46.0 -234.0
46.0 -218.0
46.0 -214.0
46.0 -198.0
46.0 -176.0
46.0 -173.0
46.0 -139.0
47.0 -261.0
47.0 -245.0
47.0 -234.0
47.0 -217.0
47.0 -204.0
47.0 -204.0
47.0 -189.0
47.0 -178.0
47.0 -170.0
48.0 -244.0
48.0 -238.0
48.0 -183.0
48.0 -172.0
48.0 -171.0
48.0 -165.0
48.0 -157.0
49.0 -222.0
49.0 -219.0
49.0 -204.0
49.0 -201.0
49.0 -182.0
49.0 -158.0
50.0 -247.0
50.0 -236.0
50.0 -236.0
50.0 -233.0
50.0 -219.0
50.0 -196.0
50.0 -195.0
50.0 -165.0
51.0 -247.0
51.0 -222.0
51.0 -219.0
51.0 -218.0
51.0 -208.0
51.0 -204.0
51.0 -204.0
51.0 -155.0
52.0 -252.0
52.0 -250.0
52.0 -193.0
52.0 -170.0
53.0 -256.0
53.0 -229.0
53.0 -228.0
53.0 -200.0
54.0 -346.0
54.0 -319.0
54.0 -289.0
54.0 -285.0
54.0 -273.0
54.0 -240.0
54.0 -240.0
54.0 -234.0
54.0 -232.0
54.0 -229.0
54.0 -228.0
54.0 -207.0
54.0 -199.0
55.0 -319.0
55.0 -273.0
55.0 -247.0
55.0 -230.0
55.0 -224.0
55.0 -217.0
55.0 -197.0
56.0 -286.0
56.0 -284.0
56.0 -253.0
56.0 -242.0
56.0 -234.0
56.0 -230.0
56.0 -226.0
56.0 -220.0
56.0 -208.0
56.0 -178.0
57.0 -343.0
57.0 -283.0
57.0 -253.0
57.0 -252.0
57.0 -248.0
57.0 -214.0
57.0 -198.0
57.0 -197.0
57.0 -184.0
58.0 -268.0
58.0 -268.0
58.0 -259.0
58.0 -246.0
58.0 -239.0
58.0 -208.0
58.0 -206.0
58.0 -201.0
58.0 -156.0
59.0 -299.0
59.0 -275.0
59.0 -243.0
59.0 -237.0
59.0 -230.0
59.0 -230.0
59.0 -226.0
59.0 -219.0
59.0 -209.0
59.0 -208.0
60.0 -331.0
60.0 -326.0
60.0 -324.0
60.0 -320.0
60.0 -319.0
60.0 -280.0
60.0 -277.0
60.0 -262.0
60.0 -240.0
60.0 -229.0
60.0 -221.0
60.0 -219.0
61.0 -297.0
61.0 -297.0
61.0 -285.0
61.0 -275.0
61.0 -244.0
61.0 -231.0
61.0 -228.0
61.0 -223.0
61.0 -223.0
61.0 -212.0
62.0 -378.0
62.0 -365.0
62.0 -326.0
62.0 -289.0
62.0 -284.0
62.0 -279.0
62.0 -265.0
62.0 -259.0
62.0 -237.0
62.0 -224.0
62.0 -216.0
62.0 -202.0
63.0 -403.0
63.0 -276.0
63.0 -270.0
63.0 -261.0
63.0 -245.0
63.0 -245.0
63.0 -231.0
63.0 -222.0
63.0 -221.0
64.0 -360.0
64.0 -322.0
64.0 -308.0
64.0 -301.0
64.0 -284.0
64.0 -278.0
64.0 -272.0
64.0 -271.0
64.0 -259.0
64.0 -240.0
64.0 -234.0
64.0 -232.0
64.0 -212.0
64.0 -201.0
64.0 -196.0
64.0 -191.0
64.0 -189.0
65.0 -374.0
65.0 -348.0
65.0 -334.0
65.0 -293.0
65.0 -287.0
65.0 -283.0
65.0 -270.0
65.0 -258.0
65.0 -254.0
65.0 -251.0
65.0 -232.0
65.0 -201.0
65.0 -200.0
65.0 -196.0
65.0 -177.0
66.0 -364.0
66.0 -327.0
66.0 -324.0
66.0 -319.0
66.0 -294.0
66.0 -275.0
66.0 -273.0
66.0 -273.0
66.0 -269.0
66.0 -263.0
66.0 -257.0
66.0 -252.0
66.0 -242.0
66.0 -237.0
66.0 -208.0
67.0 -360.0
67.0 -358.0
67.0 -336.0
67.0 -319.0
67.0 -311.0
67.0 -300.0
67.0 -288.0
67.0 -286.0
67.0 -267.0
67.0 -265.0
67.0 -256.0
67.0 -241.0
67.0 -237.0
67.0 -218.0
67.0 -216.0
67.0 -175.0
68.0 -390.0
68.0 -300.0
68.0 -289.0
68.0 -276.0
68.0 -274.0
68.0 -274.0
68.0 -254.0
68.0 -249.0
68.0 -247.0
68.0 -244.0
68.0 -237.0
68.0 -230.0
69.0 -321.0
69.0 -317.0
69.0 -302.0
69.0 -280.0
69.0 -277.0
69.0 -269.0
69.0 -267.0
69.0 -237.0
69.0 -234.0
69.0 -232.0
69.0 -224.0
69.0 -195.0
70.0 -388.0
70.0 -352.0
70.0 -346.0
70.0 -344.0
70.0 -339.0
70.0 -321.0
70.0 -316.0
70.0 -302.0
70.0 -287.0
70.0 -280.0
70.0 -275.0
70.0 -273.0
70.0 -265.0
70.0 -258.0
70.0 -249.0
70.0 -246.0
70.0 -215.0
71.0 -369.0
71.0 -368.0
71.0 -306.0
71.0 -305.0
71.0 -277.0
71.0 -277.0
71.0 -275.0
71.0 -269.0
71.0 -250.0
71.0 -247.0
71.0 -244.0
71.0 -222.0
72.0 -377.0
72.0 -367.0
72.0 -345.0
72.0 -328.0
72.0 -313.0
72.0 -297.0
72.0 -287.0
72.0 -256.0
72.0 -254.0
72.0 -208.0
73.0 -404.0
73.0 -398.0
73.0 -391.0
73.0 -384.0
73.0 -326.0
73.0 -326.0
73.0 -325.0
73.0 -278.0
73.0 -266.0
73.0 -262.0
73.0 -260.0
73.0 -259.0
73.0 -239.0
73.0 -212.0
74.0 -398.0
74.0 -376.0
74.0 -341.0
74.0 -339.0
74.0 -331.0
74.0 -329.0
74.0 -327.0
74.0 -296.0
74.0 -292.0
74.0 -288.0
74.0 -288.0
74.0 -286.0
74.0 -278.0
74.0 -259.0
75.0 -430.0
75.0 -428.0
75.0 -410.0
75.0 -397.0
75.0 -383.0
75.0 -380.0
75.0 -363.0
75.0 -299.0
75.0 -298.0
75.0 -275.0
75.0 -256.0
75.0 -251.0
75.0 -235.0
76.0 -434.0
76.0 -416.0
76.0 -409.0
76.0 -384.0
76.0 -373.0
76.0 -365.0
76.0 -347.0
76.0 -336.0
76.0 -314.0
76.0 -285.0
76.0 -268.0
76.0 -262.0
77.0 -442.0
77.0 -411.0
77.0 -397.0
77.0 -394.0
77.0 -380.0
77.0 -370.0
77.0 -368.0
77.0 -310.0
77.0 -300.0
77.0 -300.0
77.0 -299.0
77.0 -268.0
78.0 -429.0
78.0 -417.0
78.0 -409.0
78.0 -397.0
78.0 -376.0
78.0 -369.0
78.0 -366.0
78.0 -358.0
78.0 -333.0
78.0 -314.0
78.0 -309.0
78.0 -300.0
78.0 -259.0
78.0 -256.0
78.0 -240.0
78.0 -190.0
79.0 -430.0
79.0 -425.0
79.0 -416.0
79.0 -404.0
79.0 -399.0
79.0 -392.0
79.0 -385.0
79.0 -370.0
79.0 -369.0
79.0 -368.0
79.0 -362.0
79.0 -340.0
79.0 -309.0
79.0 -272.0
79.0 -262.0
79.0 -249.0
80.0 -453.0
80.0 -447.0
80.0 -420.0
80.0 -396.0
80.0 -396.0
80.0 -393.0
80.0 -373.0
80.0 -366.0
80.0 -365.0
80.0 -349.0
80.0 -343.0
80.0 -334.0
80.0 -321.0
80.0 -311.0
81.0 -444.0
81.0 -434.0
81.0 -408.0
81.0 -389.0
81.0 -384.0
81.0 -374.0
81.0 -363.0
81.0 -324.0
81.0 -324.0
81.0 -321.0
81.0 -304.0
81.0 -300.0
81.0 -285.0
81.0 -277.0
81.0 -273.0
81.0 -262.0
81.0 -252.0
81.0 -245.0
82.0 -434.0
82.0 -408.0
82.0 -381.0
82.0 -372.0
82.0 -352.0
82.0 -340.0
82.0 -331.0
82.0 -238.0
83.0 -462.0
83.0 -458.0
83.0 -446.0
83.0 -424.0
83.0 -419.0
83.0 -418.0
83.0 -413.0
83.0 -406.0
83.0 -387.0
83.0 -362.0
83.0 -327.0
83.0 -324.0
83.0 -317.0
83.0 -315.0
83.0 -314.0
83.0 -306.0
84.0 -416.0
84.0 -407.0
84.0 -403.0
84.0 -380.0
84.0 -335.0
84.0 -324.0
84.0 -267.0
84.0 -225.0
85.0 -444.0
85.0 -425.0
85.0 -415.0
85.0 -412.0
85.0 -395.0
85.0 -369.0
85.0 -363.0
85.0 -360.0
85.0 -328.0
85.0 -297.0
85.0 -268.0
85.0 -264.0
85.0 -259.0
86.0 -453.0
86.0 -443.0
86.0 -440.0
86.0 -422.0
86.0 -419.0
86.0 -416.0
86.0 -415.0
86.0 -414.0
86.0 -411.0
86.0 -404.0
86.0 -404.0
86.0 -403.0
86.0 -402.0
86.0 -399.0
86.0 -391.0
86.0 -277.0
87.0 -492.0
87.0 -454.0
87.0 -434.0
87.0 -405.0
87.0 -355.0
87.0 -350.0
87.0 -329.0
87.0 -327.0
87.0 -325.0
87.0 -325.0
87.0 -316.0
87.0 -300.0
88.0 -492.0
88.0 -469.0
88.0 -456.0
88.0 -429.0
88.0 -418.0
88.0 -410.0
88.0 -408.0
88.0 -395.0
88.0 -390.0
88.0 -372.0
88.0 -370.0
88.0 -366.0
88.0 -356.0
88.0 -347.0
88.0 -330.0
88.0 -298.0
89.0 -453.0
89.0 -443.0
89.0 -442.0
89.0 -434.0
89.0 -427.0
89.0 -424.0
89.0 -421.0
89.0 -418.0
89.0 -412.0
89.0 -401.0
89.0 -385.0
89.0 -382.0
89.0 -365.0
89.0 -356.0
89.0 -348.0
89.0 -341.0
89.0 -298.0
89.0 -274.0
90.0 -479.0
90.0 -458.0
90.0 -444.0
90.0 -438.0
90.0 -434.0
90.0 -433.0
90.0 -420.0
90.0 -410.0
90.0 -406.0
90.0 -375.0
90.0 -375.0
90.0 -369.0
90.0 -331.0
90.0 -314.0
91.0 -498.0
91.0 -484.0
91.0 -476.0
91.0 -471.0
91.0 -460.0
91.0 -455.0
91.0 -449.0
91.0 -446.0
91.0 -445.0
91.0 -438.0
91.0 -434.0
91.0 -428.0
91.0 -422.0
91.0 -415.0
91.0 -382.0
91.0 -381.0
91.0 -379.0
91.0 -368.0
91.0 -338.0
92.0 -533.0
92.0 -510.0
92.0 -481.0
92.0 -479.0
92.0 -461.0
92.0 -459.0
92.0 -453.0
92.0 -446.0
92.0 -412.0
92.0 -385.0
92.0 -347.0
92.0 -344.0
93.0 -494.0
93.0 -485.0
93.0 -458.0
93.0 -438.0
93.0 -427.0
93.0 -417.0
93.0 -392.0
93.0 -380.0
94.0 -518.0
94.0 -498.0
94.0 -497.0
94.0 -495.0
94.0 -485.0
94.0 -473.0
94.0 -452.0
94.0 -440.0
94.0 -429.0
94.0 -426.0
94.0 -421.0
94.0 -417.0
94.0 -395.0
94.0 -385.0
94.0 -368.0
94.0 -351.0
94.0 -316.0
95.0 -503.0
95.0 -493.0
95.0 -489.0
95.0 -476.0
95.0 -471.0
95.0 -466.0
95.0 -462.0
95.0 -455.0
95.0 -452.0
95.0 -452.0
95.0 -445.0
95.0 -444.0
95.0 -438.0
95.0 -391.0
95.0 -387.0
95.0 -386.0
95.0 -330.0
95.0 -310.0
95.0 -297.0
96.0 -470.0
96.0 -450.0
96.0 -450.0
96.0 -437.0
96.0 -426.0
96.0 -422.0
96.0 -394.0
96.0 -377.0
96.0 -345.0
96.0 -331.0
97.0 -502.0
97.0 -496.0
97.0 -489.0
97.0 -484.0
97.0 -460.0
97.0 -454.0
97.0 -450.0
97.0 -448.0
97.0 -444.0
97.0 -401.0
97.0 -396.0
97.0 -390.0
97.0 -355.0
98.0 -536.0
98.0 -523.0
98.0 -520.0
98.0 -502.0
98.0 -492.0
98.0 -474.0
98.0 -469.0
98.0 -469.0
98.0 -462.0
98.0 -451.0
98.0 -449.0
98.0 -445.0
98.0 -438.0
98.0 -421.0
98.0 -410.0
98.0 -356.0
98.0 -348.0
98.0 -334.0
98.0 -289.0
99.0 -513.0
99.0 -507.0
99.0 -469.0
99.0 -458.0
99.0 -450.0
99.0 -446.0
99.0 -424.0
99.0 -414.0
99.0 -409.0
99.0 -367.0
99.0 -367.0
100.0 -522.0
100.0 -521.0
100.0 -511.0
100.0 -510.0
100.0 -503.0
100.0 -475.0
100.0 -446.0
100.0 -410.0
100.0 -349.0
101.0 -543.0
101.0 -529.0
101.0 -524.0
101.0 -519.0
101.0 -514.0
101.0 -511.0
101.0 -496.0
101.0 -470.0
101.0 -450.0
101.0 -441.0
101.0 -437.0
101.0 -429.0
101.0 -331.0
102.0 -533.0
102.0 -529.0
102.0 -526.0
102.0 -506.0
102.0 -504.0
102.0 -503.0
102.0 -499.0
102.0 -485.0
102.0 -477.0
102.0 -473.0
102.0 -472.0
102.0 -458.0
102.0 -451.0
102.0 -439.0
102.0 -438.0
102.0 -438.0
102.0 -424.0
102.0 -424.0
102.0 -409.0
102.0 -401.0
102.0 -392.0
102.0 -388.0
103.0 -539.0
103.0 -534.0
103.0 -528.0
103.0 -508.0
103.0 -507.0
103.0 -503.0
103.0 -495.0
103.0 -493.0
103.0 -476.0
103.0 -473.0
103.0 -462.0
103.0 -459.0
103.0 -458.0
103.0 -456.0
103.0 -456.0
103.0 -453.0
103.0 -449.0
103.0 -442.0
103.0 -440.0
103.0 -431.0
103.0 -417.0
103.0 -407.0
103.0 -341.0
103.0 -306.0
103.0 -274.0
104.0 -541.0
104.0 -534.0
104.0 -533.0
104.0 -528.0
104.0 -522.0
104.0 -499.0
104.0 -496.0
104.0 -495.0
104.0 -487.0
104.0 -483.0
104.0 -479.0
104.0 -470.0
104.0 -467.0
104.0 -416.0
105.0 -569.0
105.0 -526.0
105.0 -521.0
105.0 -514.0
105.0 -511.0
105.0 -508.0
105.0 -492.0
105.0 -489.0
105.0 -464.0
105.0 -460.0
105.0 -447.0
105.0 -432.0
105.0 -419.0
105.0 -357.0
105.0 -300.0
106.0 -552.0
106.0 -549.0
106.0 -548.0
106.0 -541.0
106.0 -527.0
106.0 -523.0
106.0 -506.0
106.0 -505.0
106.0 -504.0
106.0 -504.0
106.0 -497.0
106.0 -496.0
106.0 -460.0
106.0 -453.0
106.0 -451.0
106.0 -447.0
106.0 -445.0
106.0 -436.0
106.0 -435.0
106.0 -425.0
106.0 -410.0
106.0 -334.0
106.0 -308.0
107.0 -583.0
107.0 -538.0
107.0 -532.0
107.0 -517.0
107.0 -515.0
107.0 -513.0
107.0 -512.0
107.0 -501.0
107.0 -498.0
107.0 -493.0
107.0 -488.0
107.0 -478.0
107.0 -461.0
107.0 -457.0
107.0 -455.0
107.0 -446.0
107.0 -444.0
107.0 -438.0
107.0 -356.0
108.0 -558.0
108.0 -547.0
108.0 -538.0
108.0 -534.0
108.0 -529.0
108.0 -526.0
108.0 -526.0
108.0 -523.0
108.0 -521.0
108.0 -517.0
108.0 -511.0
108.0 -504.0
108.0 -498.0
108.0 -496.0
108.0 -493.0
108.0 -489.0
108.0 -487.0
108.0 -487.0
108.0 -486.0
108.0 -485.0
108.0 -466.0
108.0 -410.0
108.0 -394.0
109.0 -555.0
109.0 -544.0
109.0 -540.0
109.0 -530.0
109.0 -528.0
109.0 -528.0
109.0 -522.0
109.0 -519.0
109.0 -512.0
109.0 -504.0
109.0 -494.0
109.0 -492.0
109.0 -488.0
109.0 -484.0
109.0 -484.0
109.0 -429.0
109.0 -368.0
110.0 -563.0
110.0 -559.0
110.0 -546.0
110.0 -543.0
110.0 -537.0
110.0 -534.0
110.0 -534.0
110.0 -528.0
110.0 -515.0
110.0 -513.0
110.0 -508.0
110.0 -501.0
110.0 -498.0
110.0 -497.0
110.0 -495.0
110.0 -467.0
110.0 -460.0
110.0 -453.0
110.0 -422.0
110.0 -422.0
111.0 -601.0
111.0 -575.0
111.0 -570.0
111.0 -567.0
111.0 -538.0
111.0 -535.0
111.0 -534.0
111.0 -531.0
111.0 -522.0
111.0 -516.0
111.0 -507.0
111.0 -507.0
111.0 -504.0
111.0 -503.0
111.0 -491.0
111.0 -491.0
111.0 -487.0
111.0 -485.0
111.0 -435.0
111.0 -429.0
111.0 -421.0
111.0 -371.0
111.0 -351.0
112.0 -580.0
112.0 -553.0
112.0 -540.0
112.0 -529.0
112.0 -524.0
112.0 -518.0
112.0 -511.0
112.0 -501.0
112.0 -492.0
112.0 -482.0
112.0 -480.0
112.0 -477.0
112.0 -449.0
112.0 -405.0
113.0 -588.0
113.0 -568.0
113.0 -560.0
113.0 -555.0
113.0 -543.0
113.0 -542.0
113.0 -536.0
113.0 -530.0
113.0 -525.0
113.0 -495.0
113.0 -494.0
113.0 -494.0
113.0 -484.0
113.0 -447.0
113.0 -426.0
113.0 -402.0
113.0 -395.0
113.0 -388.0
114.0 -602.0
114.0 -577.0
114.0 -569.0
114.0 -567.0
114.0 -567.0
114.0 -557.0
114.0 -557.0
114.0 -552.0
114.0 -506.0
114.0 -496.0
114.0 -493.0
114.0 -488.0
114.0 -478.0
115.0 -559.0
115.0 -547.0
115.0 -537.0
115.0 -531.0
115.0 -531.0
115.0 -524.0
115.0 -521.0
115.0 -521.0
115.0 -516.0
115.0 -514.0
115.0 -513.0
115.0 -502.0
115.0 -499.0
115.0 -491.0
115.0 -483.0
115.0 -481.0
115.0 -478.0
115.0 -470.0
115.0 -455.0
115.0 -452.0
115.0 -439.0
115.0 -415.0
116.0 -599.0
116.0 -594.0
116.0 -582.0
116.0 -575.0
116.0 -569.0
116.0 -564.0
116.0 -556.0
116.0 -551.0
116.0 -548.0
116.0 -546.0
116.0 -535.0
116.0 -531.0
116.0 -525.0
116.0 -523.0
116.0 -516.0
116.0 -513.0
116.0 -507.0
116.0 -469.0
117.0 -602.0
117.0 -600.0
117.0 -586.0
117.0 -582.0
117.0 -576.0
117.0 -576.0
117.0 -571.0
117.0 -569.0
117.0 -561.0
117.0 -560.0
117.0 -559.0
117.0 -543.0
117.0 -543.0
117.0 -541.0
117.0 -534.0
117.0 -516.0
117.0 -514.0
117.0 -513.0
117.0 -512.0
117.0 -512.0
117.0 -465.0
118.0 -600.0
118.0 -593.0
118.0 -587.0
118.0 -571.0
118.0 -568.0
118.0 -567.0
118.0 -566.0
118.0 -564.0
118.0 -564.0
118.0 -564.0
118.0 -557.0
118.0 -551.0
118.0 -545.0
118.0 -535.0
118.0 -528.0
118.0 -507.0
118.0 -488.0
118.0 -470.0
118.0 -465.0
119.0 -581.0
119.0 -575.0
119.0 -574.0
119.0 -564.0
119.0 -561.0
119.0 -559.0
119.0 -554.0
119.0 -551.0
119.0 -540.0
119.0 -538.0
119.0 -537.0
119.0 -527.0
119.0 -523.0
119.0 -519.0
119.0 -518.0
119.0 -517.0
119.0 -507.0
119.0 -478.0
119.0 -476.0
119.0 -466.0
119.0 -455.0
119.0 -435.0
119.0 -429.0
119.0 -419.0
119.0 -409.0
120.0 -606.0
120.0 -598.0
120.0 -597.0
120.0 -596.0
120.0 -589.0
120.0 -575.0
120.0 -573.0
120.0 -558.0
120.0 -555.0
120.0 -550.0
120.0 -546.0
120.0 -544.0
120.0 -543.0
120.0 -534.0
120.0 -530.0
120.0 -510.0
120.0 -503.0
120.0 -501.0
120.0 -485.0
121.0 -624.0
121.0 -601.0
121.0 -599.0
121.0 -594.0
121.0 -575.0
121.0 -566.0
121.0 -564.0
121.0 -564.0
121.0 -563.0
121.0 -557.0
121.0 -555.0
121.0 -551.0
121.0 -542.0
121.0 -538.0
121.0 -535.0
121.0 -531.0
121.0 -528.0
121.0 -510.0
121.0 -508.0
121.0 -503.0
121.0 -499.0
121.0 -496.0
121.0 -488.0
121.0 -466.0
121.0 -396.0
122.0 -616.0
122.0 -609.0
122.0 -606.0
122.0 -599.0
122.0 -597.0
122.0 -590.0
122.0 -589.0
122.0 -560.0
122.0 -558.0
122.0 -513.0
122.0 -500.0
123.0 -613.0
123.0 -607.0
123.0 -603.0
123.0 -597.0
123.0 -591.0
123.0 -591.0
123.0 -583.0
123.0 -574.0
123.0 -569.0
123.0 -566.0
123.0 -545.0
123.0 -540.0
123.0 -528.0
123.0 -519.0
123.0 -513.0
123.0 -504.0
123.0 -502.0
123.0 -499.0
123.0 -494.0
123.0 -493.0
123.0 -477.0
123.0 -469.0
123.0 -462.0
123.0 -458.0
124.0 -650.0
124.0 -616.0
124.0 -609.0
124.0 -602.0
124.0 -596.0
124.0 -593.0
124.0 -580.0
124.0 -577.0
124.0 -577.0
124.0 -574.0
124.0 -562.0
124.0 -561.0
124.0 -559.0
124.0 -557.0
124.0 -554.0
124.0 -553.0
124.0 -552.0
124.0 -550.0
124.0 -546.0
124.0 -541.0
124.0 -538.0
124.0 -526.0
124.0 -520.0
124.0 -505.0
124.0 -498.0
124.0 -489.0
124.0 -481.0
124.0 -448.0
125.0 -626.0
125.0 -614.0
125.0 -600.0
125.0 -597.0
125.0 -594.0
125.0 -584.0
125.0 -580.0
125.0 -563.0
125.0 -561.0
125.0 -560.0
125.0 -547.0
125.0 -546.0
125.0 -545.0
125.0 -534.0
125.0 -522.0
125.0 -510.0
125.0 -498.0
126.0 -640.0
126.0 -629.0
126.0 -615.0
126.0 -599.0
126.0 -585.0
126.0 -581.0
126.0 -575.0
126.0 -575.0
126.0 -570.0
126.0 -562.0
126.0 -559.0
126.0 -557.0
126.0 -548.0
126.0 -536.0
126.0 -495.0
126.0 -488.0
126.0 -467.0
127.0 -678.0
127.0 -627.0
127.0 -625.0
127.0 -621.0
127.0 -617.0
127.0 -601.0
127.0 -595.0
127.0 -591.0
127.0 -582.0
127.0 -576.0
127.0 -567.0
127.0 -563.0
127.0 -559.0
127.0 -554.0
128.0 -647.0
128.0 -626.0
128.0 -622.0
128.0 -621.0
128.0 -603.0
128.0 -598.0
128.0 -596.0
128.0 -594.0
128.0 -591.0
128.0 -584.0
128.0 -577.0
128.0 -573.0
128.0 -567.0
128.0 -562.0
128.0 -559.0
128.0 -556.0
128.0 -556.0
128.0 -553.0
128.0 -548.0
128.0 -520.0
128.0 -511.0
128.0 -507.0
128.0 -502.0
128.0 -480.0
129.0 -638.0
129.0 -635.0
129.0 -634.0
129.0 -623.0
129.0 -611.0
129.0 -611.0
129.0 -610.0
129.0 -607.0
129.0 -605.0
129.0 -595.0
129.0 -593.0
129.0 -592.0
129.0 -588.0
129.0 -582.0
129.0 -581.0
129.0 -564.0
129.0 -563.0
129.0 -562.0
129.0 -554.0
129.0 -543.0
129.0 -529.0
129.0 -528.0
129.0 -520.0
129.0 -513.0
129.0 -513.0
129.0 -513.0
129.0 -503.0
129.0 -499.0
129.0 -441.0
129.0 -389.0
130.0 -610.0
130.0 -608.0
130.0 -604.0
130.0 -597.0
130.0 -593.0
130.0 -573.0
130.0 -560.0
130.0 -552.0
130.0 -551.0
130.0 -544.0
130.0 -527.0
130.0 -423.0
131.0 -689.0
131.0 -658.0
131.0 -627.0
131.0 -624.0
131.0 -620.0
131.0 -614.0
131.0 -610.0
131.0 -609.0
131.0 -606.0
131.0 -603.0
131.0 -596.0
131.0 -592.0
131.0 -592.0
131.0 -580.0
131.0 -578.0
131.0 -571.0
131.0 -567.0
131.0 -552.0
131.0 -541.0
131.0 -540.0
131.0 -526.0
131.0 -500.0
131.0 -499.0
131.0 -474.0
132.0 -638.0
132.0 -623.0
132.0 -621.0
132.0 -621.0
132.0 -615.0
132.0 -611.0
132.0 -609.0
132.0 -604.0
132.0 -586.0
132.0 -572.0
132.0 -569.0
132.0 -567.0
132.0 -564.0
132.0 -562.0
132.0 -557.0
132.0 -549.0
132.0 -544.0
132.0 -543.0
132.0 -542.0
132.0 -534.0
132.0 -509.0
132.0 -483.0
133.0 -647.0
133.0 -646.0
133.0 -641.0
133.0 -635.0
133.0 -631.0
133.0 -618.0
133.0 -618.0
133.0 -616.0
133.0 -592.0
133.0 -587.0
133.0 -585.0
133.0 -583.0
133.0 -579.0
133.0 -574.0
133.0 -552.0
133.0 -548.0
133.0 -541.0
134.0 -664.0
134.0 -648.0
134.0 -633.0
134.0 -631.0
134.0 -629.0
134.0 -628.0
134.0 -621.0
134.0 -612.0
134.0 -611.0
134.0 -606.0
134.0 -604.0
134.0 -602.0
134.0 -598.0
134.0 -595.0
134.0 -591.0
134.0 -588.0
134.0 -585.0
134.0 -570.0
134.0 -563.0
134.0 -558.0
134.0 -558.0
134.0 -554.0
134.0 -537.0
134.0 -525.0
134.0 -502.0
134.0 -446.0
135.0 -650.0
135.0 -639.0
135.0 -637.0
135.0 -635.0
135.0 -618.0
135.0 -617.0
135.0 -615.0
135.0 -589.0
135.0 -588.0
135.0 -588.0
135.0 -578.0
135.0 -573.0
135.0 -561.0
136.0 -669.0
136.0 -658.0
136.0 -647.0
136.0 -643.0
136.0 -643.0
136.0 -638.0
136.0 -625.0
136.0 -622.0
136.0 -613.0
136.0 -607.0
136.0 -605.0
136.0 -597.0
136.0 -580.0
136.0 -578.0
136.0 -575.0
136.0 -568.0
136.0 -543.0
137.0 -653.0
137.0 -641.0
137.0 -637.0
137.0 -627.0
137.0 -625.0
137.0 -621.0
137.0 -620.0
137.0 -614.0
137.0 -612.0
137.0 -610.0
137.0 -610.0
137.0 -605.0
137.0 -592.0
137.0 -582.0
137.0 -582.0
137.0 -578.0
137.0 -571.0
137.0 -562.0
137.0 -561.0
137.0 -534.0
137.0 -500.0
137.0 -495.0
137.0 -472.0
138.0 -676.0
138.0 -671.0
138.0 -667.0
138.0 -660.0
138.0 -644.0
138.0 -637.0
138.0 -628.0
138.0 -627.0
138.0 -626.0
138.0 -625.0
138.0 -624.0
138.0 -619.0
138.0 -611.0
138.0 -600.0
138.0 -598.0
138.0 -586.0
138.0 -585.0
138.0 -578.0
138.0 -553.0
138.0 -553.0
138.0 -539.0
138.0 -494.0
138.0 -490.0
139.0 -685.0
139.0 -681.0
139.0 -656.0
139.0 -649.0
139.0 -646.0
139.0 -640.0
139.0 -636.0
139.0 -634.0
139.0 -629.0
139.0 -628.0
139.0 -626.0
139.0 -622.0
139.0 -616.0
139.0 -597.0
139.0 -592.0
139.0 -581.0
139.0 -569.0
139.0 -542.0
139.0 -539.0
139.0 -431.0
140.0 -673.0
140.0 -669.0
140.0 -646.0
140.0 -645.0
140.0 -636.0
140.0 -635.0
140.0 -630.0
140.0 -628.0
140.0 -627.0
140.0 -626.0
140.0 -615.0
140.0 -614.0
140.0 -611.0
140.0 -610.0
140.0 -598.0
140.0 -592.0
140.0 -583.0
140.0 -573.0
140.0 -552.0
141.0 -714.0
141.0 -685.0
141.0 -679.0
141.0 -674.0
141.0 -663.0
141.0 -661.0
141.0 -657.0
141.0 -649.0
141.0 -646.0
141.0 -637.0
141.0 -636.0
141.0 -634.0
141.0 -628.0
141.0 -619.0
141.0 -608.0
141.0 -608.0
141.0 -601.0
141.0 -599.0
141.0 -592.0
141.0 -565.0
141.0 -560.0
141.0 -556.0
141.0 -554.0
141.0 -548.0
141.0 -548.0
141.0 -536.0
141.0 -527.0
142.0 -693.0
142.0 -686.0
142.0 -685.0
142.0 -678.0
142.0 -673.0
142.0 -672.0
142.0 -658.0
142.0 -657.0
142.0 -642.0
142.0 -631.0
142.0 -631.0
142.0 -627.0
142.0 -615.0
142.0 -614.0
142.0 -607.0
142.0 -606.0
142.0 -597.0
142.0 -591.0
142.0 -578.0
142.0 -545.0
142.0 -538.0
142.0 -506.0
142.0 -504.0
143.0 -705.0
143.0 -679.0
143.0 -665.0
143.0 -663.0
143.0 -650.0
143.0 -637.0
143.0 -636.0
143.0 -634.0
143.0 -614.0
143.0 -598.0
143.0 -595.0
143.0 -595.0
143.0 -590.0
143.0 -559.0
144.0 -715.0
144.0 -688.0
144.0 -686.0
144.0 -685.0
144.0 -669.0
144.0 -657.0
144.0 -632.0
144.0 -632.0
144.0 -627.0
144.0 -619.0
144.0 -614.0
144.0 -586.0
144.0 -581.0
145.0 -695.0
145.0 -673.0
145.0 -651.0
145.0 -651.0
145.0 -645.0
145.0 -644.0
145.0 -643.0
145.0 -642.0
145.0 -641.0
145.0 -634.0
145.0 -633.0
145.0 -632.0
145.0 -626.0
145.0 -623.0
145.0 -610.0
145.0 -602.0
145.0 -588.0
146.0 -695.0
146.0 -688.0
146.0 -681.0
146.0 -679.0
146.0 -676.0
146.0 -668.0
146.0 -658.0
146.0 -635.0
146.0 -623.0
146.0 -620.0
146.0 -588.0
146.0 -578.0
146.0 -541.0
146.0 -517.0
147.0 -713.0
147.0 -707.0
147.0 -706.0
147.0 -700.0
147.0 -695.0
147.0 -690.0
147.0 -666.0
147.0 -665.0
147.0 -660.0
147.0 -659.0
147.0 -649.0
147.0 -635.0
147.0 -622.0
147.0 -614.0
147.0 -609.0
147.0 -605.0
147.0 -585.0
147.0 -584.0
147.0 -583.0
148.0 -708.0
148.0 -706.0
148.0 -699.0
148.0 -688.0
148.0 -687.0
148.0 -686.0
148.0 -684.0
148.0 -680.0
148.0 -678.0
148.0 -661.0
148.0 -655.0
148.0 -653.0
148.0 -643.0
148.0 -637.0
148.0 -631.0
148.0 -628.0
148.0 -626.0
148.0 -605.0
148.0 -602.0
148.0 -599.0
148.0 -594.0
148.0 -587.0
148.0 -580.0
148.0 -560.0
149.0 -700.0
149.0 -696.0
149.0 -674.0
149.0 -671.0
149.0 -661.0
149.0 -652.0
149.0 -652.0
149.0 -652.0
149.0 -649.0
149.0 -645.0
149.0 -626.0
149.0 -623.0
149.0 -618.0
149.0 -617.0
149.0 -614.0
149.0 -606.0
149.0 -514.0
150.0 -708.0
150.0 -688.0
150.0 -684.0
150.0 -680.0
150.0 -674.0
150.0 -671.0
150.0 -656.0
150.0 -651.0
150.0 -649.0
150.0 -639.0
150.0 -638.0
150.0 -613.0
150.0 -611.0
150.0 -611.0
150.0 -610.0
150.0 -609.0
150.0 -605.0
150.0 -600.0
150.0 -591.0
150.0 -586.0
151.0 -706.0
151.0 -703.0
151.0 -691.0
151.0 -676.0
151.0 -675.0
151.0 -662.0
151.0 -642.0
151.0 -641.0
151.0 -639.0
151.0 -638.0
151.0 -630.0
151.0 -625.0
151.0 -596.0
151.0 -594.0
151.0 -593.0
151.0 -589.0
151.0 -565.0
151.0 -541.0
151.0 -537.0
152.0 -715.0
152.0 -713.0
152.0 -699.0
152.0 -677.0
152.0 -677.0
152.0 -672.0
152.0 -668.0
152.0 -665.0
152.0 -658.0
152.0 -652.0
152.0 -638.0
152.0 -636.0
152.0 -636.0
152.0 -633.0
152.0 -619.0
152.0 -559.0
153.0 -736.0
153.0 -711.0
153.0 -697.0
153.0 -689.0
153.0 -677.0
153.0 -675.0
153.0 -673.0
153.0 -670.0
153.0 -664.0
153.0 -648.0
153.0 -644.0
153.0 -644.0
153.0 -628.0
153.0 -624.0
153.0 -599.0
153.0 -570.0
154.0 -760.0
154.0 -743.0
154.0 -737.0
154.0 -731.0
154.0 -701.0
154.0 -700.0
154.0 -698.0
154.0 -697.0
154.0 -695.0
154.0 -690.0
154.0 -689.0
154.0 -689.0
154.0 -686.0
154.0 -679.0
154.0 -675.0
154.0 -669.0
154.0 -661.0
154.0 -654.0
154.0 -640.0
154.0 -620.0
154.0 -617.0
154.0 -617.0
154.0 -617.0
154.0 -614.0
154.0 -612.0
154.0 -605.0
155.0 -735.0
155.0 -735.0
155.0 -714.0
155.0 -705.0
155.0 -699.0
155.0 -695.0
155.0 -694.0
155.0 -694.0
155.0 -684.0
155.0 -684.0
155.0 -680.0
155.0 -678.0
155.0 -676.0
155.0 -669.0
155.0 -669.0
155.0 -663.0
155.0 -662.0
155.0 -648.0
155.0 -640.0
155.0 -634.0
155.0 -633.0
155.0 -627.0
155.0 -618.0
155.0 -593.0
155.0 -581.0
155.0 -577.0
156.0 -733.0
156.0 -730.0
156.0 -725.0
156.0 -720.0
156.0 -675.0
156.0 -671.0
156.0 -658.0
156.0 -646.0
156.0 -615.0
157.0 -740.0
157.0 -734.0
157.0 -718.0
157.0 -717.0
157.0 -707.0
157.0 -704.0
157.0 -700.0
157.0 -698.0
157.0 -693.0
157.0 -680.0
157.0 -671.0
157.0 -661.0
157.0 -652.0
157.0 -651.0
157.0 -650.0
157.0 -605.0
157.0 -589.0
158.0 -730.0
158.0 -718.0
158.0 -705.0
158.0 -693.0
158.0 -681.0
158.0 -679.0
158.0 -670.0
158.0 -669.0
158.0 -643.0
158.0 -618.0
158.0 -601.0
158.0 -590.0
159.0 -732.0
159.0 -732.0
159.0 -720.0
159.0 -719.0
159.0 -717.0
159.0 -714.0
159.0 -709.0
159.0 -709.0
159.0 -703.0
159.0 -698.0
159.0 -691.0
159.0 -690.0
159.0 -687.0
159.0 -681.0
159.0 -681.0
159.0 -674.0
159.0 -670.0
159.0 -638.0
159.0 -636.0
159.0 -591.0
159.0 -588.0
160.0 -750.0
160.0 -742.0
160.0 -732.0
160.0 -726.0
160.0 -723.0
160.0 -713.0
160.0 -706.0
160.0 -699.0
160.0 -678.0
160.0 -676.0
160.0 -670.0
160.0 -669.0
160.0 -665.0
160.0 -655.0
160.0 -639.0
160.0 -624.0
160.0 -607.0
160.0 -603.0
160.0 -595.0
161.0 -710.0
161.0 -692.0
161.0 -685.0
161.0 -676.0
161.0 -668.0
161.0 -667.0
161.0 -660.0
161.0 -618.0
161.0 -613.0
162.0 -731.0
162.0 -726.0
162.0 -723.0
162.0 -720.0
162.0 -710.0
162.0 -709.0
162.0 -704.0
162.0 -700.0
162.0 -694.0
162.0 -692.0
162.0 -683.0
162.0 -676.0
162.0 -674.0
162.0 -665.0
162.0 -650.0
162.0 -646.0
162.0 -645.0
162.0 -642.0
162.0 -636.0
162.0 -635.0
162.0 -621.0
163.0 -759.0
163.0 -758.0
163.0 -758.0
163.0 -749.0
163.0 -736.0
163.0 -724.0
163.0 -717.0
163.0 -716.0
163.0 -707.0
163.0 -703.0
163.0 -695.0
163.0 -694.0
163.0 -687.0
163.0 -684.0
163.0 -675.0
163.0 -673.0
163.0 -672.0
163.0 -667.0
163.0 -665.0
163.0 -664.0
163.0 -663.0
163.0 -645.0
163.0 -645.0
163.0 -644.0
163.0 -642.0
163.0 -642.0
163.0 -638.0
163.0 -600.0
164.0 -760.0
164.0 -757.0
164.0 -739.0
164.0 -703.0
164.0 -702.0
164.0 -696.0
164.0 -692.0
164.0 -690.0
164.0 -690.0
164.0 -670.0
164.0 -629.0
164.0 -615.0
164.0 -615.0
164.0 -581.0
165.0 -766.0
165.0 -754.0
165.0 -742.0
165.0 -737.0
165.0 -728.0
165.0 -725.0
165.0 -722.0
165.0 -719.0
165.0 -714.0
165.0 -704.0
165.0 -697.0
165.0 -693.0
165.0 -690.0
165.0 -686.0
165.0 -685.0
165.0 -682.0
165.0 -680.0
165.0 -677.0
165.0 -677.0
165.0 -673.0
165.0 -672.0
165.0 -671.0
165.0 -666.0
165.0 -634.0
165.0 -633.0
166.0 -773.0
166.0 -773.0
166.0 -771.0
166.0 -766.0
166.0 -757.0
166.0 -753.0
166.0 -750.0
166.0 -746.0
166.0 -732.0
166.0 -731.0
166.0 -720.0
166.0 -715.0
166.0 -713.0
166.0 -711.0
166.0 -707.0
166.0 -698.0
166.0 -696.0
166.0 -694.0
166.0 -669.0
166.0 -669.0
166.0 -657.0
166.0 -651.0
166.0 -631.0
167.0 -753.0
167.0 -753.0
167.0 -735.0
167.0 -734.0
167.0 -731.0
167.0 -726.0
167.0 -725.0
167.0 -724.0
167.0 -721.0
167.0 -717.0
167.0 -712.0
167.0 -710.0
167.0 -690.0
167.0 -681.0
167.0 -680.0
167.0 -675.0
167.0 -674.0
167.0 -671.0
167.0 -662.0
167.0 -660.0
167.0 -658.0
167.0 -635.0
167.0 -629.0
168.0 -761.0
168.0 -759.0
168.0 -752.0
168.0 -751.0
168.0 -750.0
168.0 -745.0
168.0 -728.0
168.0 -717.0
168.0 -707.0
168.0 -707.0
168.0 -699.0
168.0 -694.0
168.0 -692.0
168.0 -680.0
168.0 -676.0
168.0 -667.0
168.0 -654.0
168.0 -626.0
169.0 -773.0
169.0 -769.0
169.0 -768.0
169.0 -764.0
169.0 -763.0
169.0 -759.0
169.0 -754.0
169.0 -751.0
169.0 -745.0
169.0 -737.0
169.0 -736.0
169.0 -721.0
169.0 -710.0
169.0 -698.0
169.0 -682.0
169.0 -679.0
169.0 -671.0
169.0 -670.0
169.0 -652.0
169.0 -632.0
170.0 -756.0
170.0 -737.0
170.0 -735.0
170.0 -734.0
170.0 -727.0
170.0 -720.0
170.0 -716.0
170.0 -714.0
170.0 -708.0
170.0 -704.0
170.0 -701.0
170.0 -695.0
170.0 -694.0
170.0 -690.0
170.0 -688.0
170.0 -678.0
170.0 -671.0
170.0 -670.0
170.0 -634.0
170.0 -627.0
170.0 -621.0
171.0 -776.0
171.0 -756.0
171.0 -752.0
171.0 -748.0
171.0 -737.0
171.0 -735.0
171.0 -735.0
171.0 -735.0
171.0 -732.0
171.0 -731.0
171.0 -723.0
171.0 -709.0
171.0 -703.0
171.0 -702.0
171.0 -695.0
171.0 -691.0
171.0 -688.0
171.0 -676.0
171.0 -676.0
171.0 -666.0
171.0 -647.0
171.0 -642.0
172.0 -774.0
172.0 -763.0
172.0 -760.0
172.0 -755.0
172.0 -740.0
172.0 -731.0
172.0 -730.0
172.0 -728.0
172.0 -718.0
172.0 -709.0
172.0 -709.0
172.0 -700.0
172.0 -675.0
172.0 -620.0
173.0 -771.0
173.0 -768.0
173.0 -756.0
173.0 -754.0
173.0 -750.0
173.0 -738.0
173.0 -735.0
173.0 -731.0
173.0 -731.0
173.0 -731.0
173.0 -728.0
173.0 -728.0
173.0 -720.0
173.0 -712.0
173.0 -710.0
173.0 -707.0
173.0 -697.0
173.0 -683.0
173.0 -671.0
173.0 -667.0
173.0 -633.0
174.0 -795.0
174.0 -765.0
174.0 -764.0
174.0 -758.0
174.0 -748.0
174.0 -745.0
174.0 -744.0
174.0 -743.0
174.0 -731.0
174.0 -731.0
174.0 -728.0
174.0 -726.0
174.0 -726.0
174.0 -726.0
174.0 -715.0
174.0 -715.0
174.0 -708.0
174.0 -703.0
174.0 -696.0
174.0 -693.0
174.0 -693.0
174.0 -689.0
174.0 -689.0
174.0 -673.0
174.0 -645.0
174.0 -622.0
175.0 -803.0
175.0 -755.0
175.0 -751.0
175.0 -747.0
175.0 -743.0
175.0 -739.0
175.0 -735.0
175.0 -714.0
175.0 -709.0
175.0 -700.0
175.0 -684.0
176.0 -751.0
176.0 -748.0
176.0 -745.0
176.0 -744.0
176.0 -741.0
176.0 -735.0
176.0 -734.0
176.0 -728.0
176.0 -724.0
176.0 -717.0
176.0 -717.0
176.0 -712.0
176.0 -695.0
176.0 -689.0
176.0 -682.0
176.0 -669.0
176.0 -634.0
177.0 -834.0
177.0 -786.0
177.0 -785.0
177.0 -774.0
177.0 -770.0
177.0 -766.0
177.0 -765.0
177.0 -762.0
177.0 -746.0
177.0 -741.0
177.0 -735.0
177.0 -733.0
177.0 -718.0
177.0 -712.0
177.0 -707.0
177.0 -705.0
177.0 -701.0
177.0 -692.0
177.0 -685.0
177.0 -654.0
177.0 -643.0
177.0 -618.0
178.0 -817.0
178.0 -787.0
178.0 -786.0
178.0 -782.0
178.0 -753.0
178.0 -743.0
178.0 -741.0
178.0 -740.0
178.0 -731.0
178.0 -731.0
178.0 -726.0
178.0 -718.0
178.0 -717.0
178.0 -716.0
178.0 -714.0
178.0 -712.0
178.0 -708.0
178.0 -691.0
178.0 -688.0
178.0 -671.0
178.0 -661.0
179.0 -813.0
179.0 -787.0
179.0 -784.0
179.0 -772.0
179.0 -759.0
179.0 -756.0
179.0 -752.0
179.0 -749.0
179.0 -747.0
179.0 -742.0
179.0 -739.0
179.0 -726.0
179.0 -716.0
179.0 -700.0
179.0 -689.0
179.0 -672.0
180.0 -779.0
180.0 -771.0
180.0 -757.0
180.0 -749.0
180.0 -747.0
180.0 -741.0
180.0 -734.0
180.0 -694.0
180.0 -692.0
180.0 -686.0
180.0 -684.0
180.0 -674.0
180.0 -667.0
181.0 -831.0
181.0 -822.0
181.0 -820.0
181.0 -801.0
181.0 -779.0
181.0 -777.0
181.0 -768.0
181.0 -760.0
181.0 -756.0
181.0 -755.0
181.0 -755.0
181.0 -742.0
181.0 -737.0
181.0 -734.0
181.0 -726.0
181.0 -724.0
181.0 -720.0
181.0 -706.0
181.0 -698.0
181.0 -689.0
181.0 -685.0
182.0 -825.0
182.0 -808.0
182.0 -797.0
182.0 -776.0
182.0 -773.0
182.0 -766.0
182.0 -741.0
182.0 -734.0
182.0 -727.0
182.0 -706.0
182.0 -694.0
182.0 -690.0
182.0 -681.0
182.0 -617.0
183.0 -794.0
183.0 -791.0
183.0 -781.0
183.0 -779.0
183.0 -774.0
183.0 -773.0
183.0 -773.0
183.0 -765.0
183.0 -759.0
183.0 -719.0
183.0 -715.0
183.0 -712.0
183.0 -703.0
184.0 -800.0
184.0 -789.0
184.0 -779.0
184.0 -772.0
184.0 -753.0
184.0 -749.0
184.0 -738.0
184.0 -735.0
184.0 -734.0
184.0 -728.0
184.0 -726.0
184.0 -712.0
184.0 -709.0
184.0 -652.0
184.0 -629.0
185.0 -801.0
185.0 -797.0
185.0 -786.0
185.0 -782.0
185.0 -779.0
185.0 -776.0
185.0 -770.0
185.0 -768.0
185.0 -764.0
185.0 -752.0
185.0 -752.0
185.0 -725.0
185.0 -717.0
185.0 -675.0
186.0 -810.0
186.0 -808.0
186.0 -802.0
186.0 -791.0
186.0 -781.0
186.0 -764.0
186.0 -762.0
186.0 -760.0
186.0 -753.0
186.0 -749.0
186.0 -745.0
186.0 -737.0
186.0 -735.0
186.0 -727.0
186.0 -716.0
186.0 -714.0
186.0 -696.0
186.0 -693.0
187.0 -815.0
187.0 -802.0
187.0 -777.0
187.0 -760.0
187.0 -758.0
187.0 -745.0
187.0 -741.0
187.0 -712.0
188.0 -822.0
188.0 -817.0
188.0 -816.0
188.0 -807.0
188.0 -795.0
188.0 -794.0
188.0 -790.0
188.0 -768.0
188.0 -768.0
188.0 -768.0
188.0 -765.0
188.0 -761.0
188.0 -749.0
188.0 -740.0
188.0 -727.0
188.0 -726.0
188.0 -723.0
188.0 -720.0
188.0 -698.0
189.0 -835.0
189.0 -830.0
189.0 -827.0
189.0 -796.0
189.0 -789.0
189.0 -788.0
189.0 -787.0
189.0 -780.0
189.0 -774.0
189.0 -772.0
189.0 -765.0
189.0 -758.0
189.0 -755.0
189.0 -752.0
189.0 -750.0
189.0 -725.0
189.0 -702.0
189.0 -690.0
189.0 -643.0
190.0 -843.0
190.0 -825.0
190.0 -809.0
190.0 -805.0
190.0 -803.0
190.0 -802.0
190.0 -796.0
190.0 -782.0
190.0 -758.0
190.0 -755.0
190.0 -754.0
190.0 -751.0
190.0 -740.0
190.0 -731.0
190.0 -725.0
190.0 -717.0
190.0 -714.0
190.0 -680.0
190.0 -660.0
191.0 -816.0
191.0 -796.0
191.0 -796.0
191.0 -791.0
191.0 -790.0
191.0 -783.0
191.0 -764.0
191.0 -737.0
191.0 -722.0
191.0 -722.0
191.0 -711.0
191.0 -675.0
191.0 -667.0
192.0 -871.0
192.0 -825.0
192.0 -819.0
192.0 -819.0
192.0 -815.0
192.0 -792.0
192.0 -786.0
192.0 -780.0
192.0 -775.0
192.0 -760.0
192.0 -753.0
192.0 -719.0
192.0 -714.0
192.0 -697.0
193.0 -827.0
193.0 -819.0
193.0 -818.0
193.0 -793.0
193.0 -788.0
193.0 -775.0
193.0 -770.0
193.0 -740.0
193.0 -726.0
193.0 -716.0
194.0 -883.0
194.0 -824.0
194.0 -824.0
194.0 -795.0
194.0 -794.0
194.0 -765.0
194.0 -756.0
194.0 -743.0
194.0 -741.0
194.0 -726.0
194.0 -718.0
194.0 -692.0
194.0 -684.0
195.0 -830.0
195.0 -813.0
195.0 -801.0
195.0 -781.0
195.0 -777.0
195.0 -776.0
195.0 -770.0
195.0 -768.0
195.0 -768.0
195.0 -767.0
195.0 -756.0
195.0 -751.0
195.0 -747.0
196.0 -827.0
196.0 -816.0
196.0 -813.0
196.0 -787.0
196.0 -784.0
196.0 -776.0
196.0 -764.0
196.0 -760.0
196.0 -753.0
196.0 -746.0
196.0 -715.0
197.0 -875.0
197.0 -859.0
197.0 -832.0
197.0 -827.0
197.0 -818.0
197.0 -788.0
197.0 -786.0
197.0 -784.0
197.0 -775.0
197.0 -768.0
197.0 -766.0
197.0 -763.0
197.0 -752.0
197.0 -740.0
197.0 -711.0
197.0 -675.0
198.0 -837.0
198.0 -817.0
198.0 -803.0
198.0 -802.0
198.0 -787.0
198.0 -780.0
198.0 -772.0
198.0 -738.0
199.0 -882.0
199.0 -839.0
199.0 -835.0
199.0 -827.0
199.0 -821.0
199.0 -817.0
199.0 -816.0
199.0 -793.0
199.0 -791.0
199.0 -786.0
199.0 -782.0
199.0 -780.0
199.0 -772.0
199.0 -772.0
199.0 -769.0
199.0 -756.0
199.0 -752.0
199.0 -726.0
199.0 -724.0
200.0 -839.0
200.0 -830.0
200.0 -826.0
200.0 -822.0
200.0 -762.0
200.0 -761.0
200.0 -754.0
200.0 -677.0
200.0 -657.0
201.0 -821.0
201.0 -817.0
201.0 -817.0
201.0 -814.0
201.0 -809.0
201.0 -806.0
201.0 -797.0
201.0 -795.0
201.0 -778.0
201.0 -773.0
201.0 -764.0
201.0 -762.0
202.0 -885.0
202.0 -855.0
202.0 -835.0
202.0 -818.0
202.0 -802.0
202.0 -791.0
202.0 -790.0
202.0 -771.0
202.0 -764.0
202.0 -756.0
202.0 -748.0
203.0 -869.0
203.0 -864.0
203.0 -852.0
203.0 -838.0
203.0 -832.0
203.0 -822.0
203.0 -819.0
203.0 -809.0
203.0 -806.0
203.0 -802.0
203.0 -801.0
203.0 -793.0
203.0 -789.0
203.0 -786.0
203.0 -772.0
203.0 -768.0
203.0 -756.0
203.0 -747.0
203.0 -733.0
203.0 -733.0
203.0 -674.0
204.0 -843.0
204.0 -812.0
204.0 -805.0
204.0 -793.0
204.0 -790.0
204.0 -789.0
204.0 -756.0
204.0 -731.0
205.0 -900.0
205.0 -861.0
205.0 -850.0
205.0 -845.0
205.0 -845.0
205.0 -844.0
205.0 -842.0
205.0 -839.0
205.0 -834.0
205.0 -824.0
205.0 -813.0
205.0 -809.0
205.0 -803.0
205.0 -802.0
205.0 -800.0
205.0 -766.0
205.0 -753.0
205.0 -752.0
205.0 -748.0
205.0 -745.0
205.0 -733.0
206.0 -853.0
206.0 -835.0
206.0 -827.0
206.0 -813.0
206.0 -809.0
206.0 -806.0
206.0 -789.0
206.0 -779.0
206.0 -778.0
206.0 -774.0
206.0 -765.0
206.0 -760.0
206.0 -752.0
206.0 -735.0
206.0 -727.0
206.0 -727.0
207.0 -872.0
207.0 -855.0
207.0 -855.0
207.0 -851.0
207.0 -849.0
207.0 -837.0
207.0 -817.0
207.0 -811.0
207.0 -810.0
207.0 -806.0
207.0 -795.0
207.0 -781.0
207.0 -776.0
207.0 -775.0
207.0 -768.0
207.0 -768.0
207.0 -764.0
207.0 -743.0
208.0 -903.0
208.0 -866.0
208.0 -863.0
208.0 -851.0
208.0 -811.0
208.0 -797.0
208.0 -796.0
208.0 -793.0
208.0 -774.0
208.0 -772.0
208.0 -769.0
208.0 -750.0
209.0 -876.0
209.0 -870.0
209.0 -866.0
209.0 -861.0
209.0 -828.0
209.0 -817.0
209.0 -817.0
209.0 -776.0
209.0 -763.0
209.0 -759.0
209.0 -701.0
209.0 -696.0
209.0 -694.0
210.0 -890.0
210.0 -860.0
210.0 -846.0
210.0 -827.0
210.0 -796.0
210.0 -792.0
210.0 -787.0
210.0 -786.0
210.0 -765.0
210.0 -747.0
211.0 -889.0
211.0 -867.0
211.0 -748.0
212.0 -895.0
212.0 -893.0
212.0 -887.0
212.0 -849.0
212.0 -844.0
212.0 -841.0
212.0 -828.0
212.0 -822.0
212.0 -793.0
213.0 -908.0
213.0 -907.0
213.0 -869.0
213.0 -849.0
213.0 -841.0
213.0 -831.0
213.0 -784.0
213.0 -776.0
213.0 -754.0
214.0 -923.0
214.0 -889.0
214.0 -884.0
214.0 -856.0
214.0 -835.0
214.0 -829.0
214.0 -819.0
214.0 -783.0
214.0 -781.0
214.0 -766.0
214.0 -764.0
215.0 -894.0
215.0 -845.0
215.0 -834.0
215.0 -825.0
215.0 -678.0
216.0 -938.0
216.0 -898.0
216.0 -896.0
216.0 -869.0
216.0 -852.0
216.0 -848.0
216.0 -837.0
216.0 -836.0
216.0 -805.0
216.0 -786.0
216.0 -783.0
216.0 -775.0
216.0 -773.0
216.0 -725.0
217.0 -903.0
217.0 -877.0
217.0 -877.0
217.0 -875.0
217.0 -861.0
217.0 -854.0
217.0 -853.0
217.0 -831.0
217.0 -815.0
217.0 -807.0
217.0 -806.0
218.0 -913.0
218.0 -892.0
218.0 -890.0
218.0 -883.0
218.0 -862.0
218.0 -860.0
218.0 -859.0
218.0 -836.0
218.0 -836.0
218.0 -815.0
218.0 -794.0
218.0 -782.0
218.0 -767.0
219.0 -912.0
219.0 -904.0
219.0 -884.0
219.0 -881.0
219.0 -880.0
219.0 -874.0
219.0 -870.0
219.0 -857.0
219.0 -855.0
219.0 -847.0
219.0 -842.0
219.0 -838.0
219.0 -830.0
219.0 -822.0
219.0 -818.0
219.0 -808.0
219.0 -782.0
219.0 -767.0
220.0 -916.0
220.0 -914.0
220.0 -886.0
220.0 -860.0
220.0 -794.0
220.0 -778.0
220.0 -701.0
221.0 -933.0
221.0 -908.0
221.0 -884.0
221.0 -858.0
221.0 -856.0
221.0 -845.0
221.0 -838.0
221.0 -838.0
221.0 -804.0
221.0 -755.0
221.0 -747.0
222.0 -925.0
222.0 -897.0
222.0 -889.0
222.0 -872.0
222.0 -865.0
222.0 -853.0
222.0 -845.0
222.0 -836.0
222.0 -828.0
222.0 -815.0
223.0 -909.0
223.0 -894.0
223.0 -883.0
223.0 -881.0
223.0 -769.0
223.0 -741.0
224.0 -918.0
224.0 -906.0
224.0 -901.0
224.0 -893.0
224.0 -869.0
224.0 -868.0
224.0 -860.0
224.0 -857.0
224.0 -857.0
224.0 -840.0
224.0 -807.0
224.0 -780.0
224.0 -779.0
224.0 -708.0
225.0 -952.0
225.0 -921.0
225.0 -889.0
225.0 -881.0
225.0 -869.0
225.0 -848.0
225.0 -840.0
225.0 -828.0
225.0 -819.0
225.0 -779.0
226.0 -904.0
226.0 -893.0
226.0 -890.0
226.0 -866.0
226.0 -864.0
226.0 -862.0
226.0 -854.0
226.0 -820.0
226.0 -817.0
226.0 -815.0
226.0 -784.0
227.0 -945.0
227.0 -940.0
227.0 -915.0
227.0 -912.0
227.0 -908.0
227.0 -904.0
227.0 -904.0
227.0 -899.0
227.0 -880.0
227.0 -875.0
227.0 -872.0
227.0 -859.0
227.0 -850.0
227.0 -842.0
227.0 -837.0
227.0 -827.0
227.0 -810.0
227.0 -795.0
227.0 -786.0
228.0 -963.0
228.0 -911.0
228.0 -906.0
228.0 -899.0
228.0 -897.0
228.0 -891.0
228.0 -850.0
228.0 -848.0
228.0 -834.0
228.0 -828.0
228.0 -824.0
228.0 -799.0
229.0 -959.0
229.0 -912.0
229.0 -850.0
229.0 -827.0
229.0 -804.0
229.0 -781.0
230.0 -929.0
230.0 -921.0
230.0 -912.0
230.0 -909.0
230.0 -908.0
230.0 -892.0
230.0 -887.0
230.0 -863.0
230.0 -849.0
230.0 -843.0
230.0 -841.0
230.0 -811.0
230.0 -757.0
231.0 -924.0
231.0 -922.0
231.0 -911.0
231.0 -911.0
231.0 -894.0
231.0 -856.0
231.0 -822.0
232.0 -962.0
232.0 -955.0
232.0 -928.0
232.0 -919.0
232.0 -915.0
232.0 -905.0
232.0 -891.0
232.0 -869.0
232.0 -867.0
232.0 -865.0
232.0 -865.0
232.0 -851.0
232.0 -834.0
232.0 -822.0
232.0 -815.0
232.0 -763.0
233.0 -951.0
233.0 -915.0
233.0 -907.0
233.0 -890.0
233.0 -867.0
233.0 -843.0
233.0 -836.0
234.0 -950.0
234.0 -949.0
234.0 -932.0
234.0 -930.0
234.0 -922.0
234.0 -871.0
234.0 -810.0
234.0 -800.0
235.0 -922.0
235.0 -910.0
235.0 -887.0
235.0 -878.0
235.0 -874.0
236.0 -940.0
236.0 -937.0
236.0 -925.0
236.0 -923.0
236.0 -920.0
236.0 -902.0
236.0 -897.0
236.0 -887.0
237.0 -951.0
237.0 -940.0
237.0 -931.0
237.0 -911.0
237.0 -883.0
237.0 -835.0
237.0 -825.0
237.0 -822.0
237.0 -822.0
238.0 -966.0
238.0 -951.0
238.0 -919.0
238.0 -913.0
238.0 -904.0
238.0 -904.0
238.0 -896.0
238.0 -879.0
238.0 -877.0
238.0 -868.0
238.0 -860.0
238.0 -827.0
238.0 -771.0
239.0 -965.0
239.0 -940.0
239.0 -933.0
239.0 -900.0
239.0 -884.0
239.0 -861.0
239.0 -808.0
239.0 -787.0
240.0 -931.0
240.0 -911.0
240.0 -886.0
240.0 -881.0
240.0 -879.0
240.0 -845.0
240.0 -807.0
241.0 -975.0
241.0 -974.0
241.0 -968.0
241.0 -966.0
241.0 -945.0
241.0 -936.0
241.0 -935.0
241.0 -917.0
241.0 -858.0
242.0 -1006.0
242.0 -978.0
242.0 -955.0
242.0 -900.0
242.0 -884.0
242.0 -861.0
242.0 -847.0
242.0 -834.0
242.0 -816.0
243.0 -992.0
243.0 -987.0
243.0 -943.0
243.0 -923.0
243.0 -920.0
243.0 -909.0
243.0 -903.0
244.0 -984.0
244.0 -960.0
244.0 -935.0
244.0 -932.0
244.0 -931.0
244.0 -885.0
244.0 -853.0
244.0 -798.0
245.0 -987.0
245.0 -958.0
245.0 -930.0
245.0 -836.0
246.0 -991.0
246.0 -986.0
246.0 -980.0
246.0 -979.0
246.0 -941.0
246.0 -939.0
246.0 -921.0
246.0 -907.0
246.0 -906.0
246.0 -880.0
246.0 -855.0
247.0 -986.0
247.0 -978.0
247.0 -977.0
247.0 -956.0
247.0 -885.0
247.0 -874.0
247.0 -873.0
248.0 -994.0
248.0 -977.0
248.0 -966.0
248.0 -956.0
248.0 -947.0
248.0 -943.0
248.0 -899.0
249.0 -984.0
249.0 -960.0
249.0 -931.0
249.0 -928.0
249.0 -922.0
249.0 -912.0
249.0 -877.0
249.0 -874.0
249.0 -859.0
249.0 -847.0
250.0 -1056.0
250.0 -1002.0
250.0 -985.0
250.0 -984.0
250.0 -983.0
250.0 -938.0
250.0 -897.0
250.0 -896.0
250.0 -885.0
251.0 -962.0
251.0 -953.0
251.0 -934.0
252.0 -950.0
252.0 -933.0
252.0 -889.0
253.0 -993.0
253.0 -973.0
253.0 -969.0
253.0 -968.0
253.0 -962.0
253.0 -948.0
253.0 -915.0
253.0 -863.0
253.0 -775.0
254.0 -994.0
254.0 -984.0
254.0 -984.0
254.0 -983.0
254.0 -975.0
254.0 -971.0
254.0 -961.0
254.0 -925.0
254.0 -865.0
254.0 -848.0
254.0 -839.0
254.0 -831.0
255.0 -1015.0
255.0 -1007.0
255.0 -937.0
255.0 -902.0
255.0 -867.0
255.0 -858.0
256.0 -1008.0
256.0 -1005.0
256.0 -977.0
256.0 -968.0
256.0 -957.0
256.0 -947.0
256.0 -945.0
256.0 -897.0
256.0 -892.0
257.0 -1012.0
257.0 -1005.0
257.0 -995.0
257.0 -994.0
257.0 -979.0
257.0 -970.0
257.0 -900.0
257.0 -888.0
257.0 -871.0
258.0 -1016.0
258.0 -972.0
258.0 -933.0
258.0 -929.0
258.0 -929.0
258.0 -862.0
258.0 -832.0
258.0 -828.0
259.0 -1073.0
259.0 -1014.0
259.0 -1001.0
260.0 -1073.0
260.0 -1031.0
260.0 -1008.0
260.0 -1000.0
260.0 -992.0
260.0 -991.0
260.0 -990.0
260.0 -989.0
260.0 -982.0
260.0 -960.0
261.0 -1023.0
261.0 -997.0
261.0 -967.0
262.0 -1027.0
262.0 -997.0
262.0 -957.0
262.0 -956.0
262.0 -928.0
262.0 -923.0
263.0 -1094.0
263.0 -1052.0
263.0 -1007.0
263.0 -993.0
263.0 -965.0
263.0 -957.0
264.0 -1090.0
264.0 -1061.0
264.0 -1018.0
264.0 -1017.0
264.0 -978.0
264.0 -972.0
264.0 -958.0
264.0 -954.0
265.0 -1038.0
265.0 -1034.0
265.0 -1010.0
265.0 -999.0
265.0 -993.0
265.0 -981.0
265.0 -885.0
266.0 -1094.0
266.0 -1038.0
266.0 -1032.0
266.0 -1021.0
266.0 -1004.0
266.0 -974.0
266.0 -965.0
266.0 -960.0
266.0 -881.0
266.0 -837.0
267.0 -1072.0
267.0 -1053.0
267.0 -1052.0
267.0 -1033.0
267.0 -1015.0
267.0 -1012.0
267.0 -971.0
267.0 -891.0
267.0 -869.0
268.0 -1076.0
268.0 -1008.0
268.0 -1007.0
268.0 -1004.0
268.0 -986.0
268.0 -956.0
268.0 -887.0
269.0 -1094.0
269.0 -1043.0
269.0 -1038.0
269.0 -1032.0
269.0 -1030.0
269.0 -1012.0
269.0 -1009.0
269.0 -991.0
269.0 -971.0
269.0 -942.0
270.0 -1061.0
270.0 -1026.0
270.0 -1017.0
270.0 -1013.0
270.0 -1000.0
270.0 -996.0
270.0 -973.0
270.0 -937.0
270.0 -911.0
271.0 -1051.0
271.0 -1027.0
271.0 -1004.0
271.0 -977.0
271.0 -915.0
272.0 -1086.0
272.0 -1079.0
272.0 -1059.0
272.0 -1037.0
272.0 -997.0
272.0 -989.0
272.0 -973.0
273.0 -1111.0
273.0 -1107.0
273.0 -1054.0
273.0 -1049.0
273.0 -1033.0
273.0 -1013.0
273.0 -1012.0
274.0 -1062.0
274.0 -1034.0
274.0 -1023.0
274.0 -994.0
274.0 -949.0
274.0 -941.0
275.0 -1091.0
275.0 -1048.0
275.0 -1022.0
275.0 -1012.0
275.0 -1007.0
275.0 -962.0
276.0 -1013.0
276.0 -1010.0
276.0 -993.0
276.0 -969.0
276.0 -968.0
276.0 -922.0
277.0 -1066.0
277.0 -1039.0
277.0 -1016.0
277.0 -1006.0
277.0 -994.0
277.0 -925.0
278.0 -1101.0
278.0 -1091.0
278.0 -1064.0
278.0 -1054.0
278.0 -1035.0
278.0 -1015.0
278.0 -932.0
279.0 -1131.0
279.0 -1076.0
279.0 -1056.0
279.0 -1055.0
279.0 -1050.0
279.0 -1017.0
279.0 -1011.0
280.0 -1089.0
280.0 -1073.0
280.0 -1063.0
280.0 -1058.0
280.0 -1048.0
280.0 -1047.0
280.0 -1037.0
280.0 -1037.0
280.0 -1035.0
280.0 -1029.0
280.0 -1016.0
280.0 -962.0
280.0 -956.0
281.0 -1057.0
281.0 -1048.0
281.0 -1038.0
281.0 -1037.0
281.0 -959.0
282.0 -1173.0
282.0 -1090.0
282.0 -1050.0
282.0 -1032.0
282.0 -1024.0
282.0 -1024.0
282.0 -1020.0
282.0 -983.0
283.0 -1120.0
283.0 -1116.0
283.0 -1048.0
283.0 -1022.0
283.0 -1014.0
284.0 -1078.0
284.0 -1053.0
285.0 -1099.0
285.0 -1082.0
285.0 -1036.0
285.0 -1004.0
286.0 -1183.0
286.0 -1120.0
286.0 -1087.0
286.0 -1082.0
286.0 -1071.0
286.0 -1051.0
286.0 -1032.0
286.0 -1011.0
287.0 -1110.0
287.0 -1086.0
287.0 -1076.0
287.0 -1005.0
287.0 -998.0
288.0 -1103.0
288.0 -1102.0
288.0 -1070.0
288.0 -1052.0
288.0 -1043.0
288.0 -1041.0
288.0 -1027.0
289.0 -1137.0
289.0 -1131.0
289.0 -1106.0
289.0 -1098.0
289.0 -1088.0
289.0 -1054.0
289.0 -1026.0
289.0 -1009.0
290.0 -1125.0
290.0 -1081.0
290.0 -1075.0
290.0 -1063.0
290.0 -994.0
291.0 -1120.0
291.0 -1102.0
291.0 -1088.0
291.0 -1072.0
291.0 -1071.0
291.0 -1063.0
292.0 -1163.0
292.0 -1162.0
292.0 -1104.0
292.0 -1078.0
292.0 -1074.0
292.0 -1071.0
292.0 -1067.0
292.0 -1056.0
293.0 -1109.0
293.0 -1091.0
293.0 -1078.0
293.0 -1077.0
293.0 -1063.0
293.0 -1058.0
293.0 -1025.0
293.0 -1014.0
293.0 -998.0
294.0 -1171.0
294.0 -1106.0
294.0 -1102.0
294.0 -1089.0
294.0 -1089.0
294.0 -1070.0
295.0 -1155.0
295.0 -1101.0
295.0 -1078.0
295.0 -1069.0
295.0 -1029.0
295.0 -1019.0
295.0 -986.0
296.0 -1135.0
296.0 -1094.0
296.0 -1082.0
296.0 -1049.0
296.0 -1016.0
297.0 -1140.0
297.0 -1113.0
297.0 -1099.0
297.0 -1065.0
298.0 -1158.0
298.0 -1147.0
298.0 -1121.0
298.0 -1095.0
298.0 -1092.0
298.0 -1083.0
298.0 -1028.0
298.0 -979.0
298.0 -958.0
299.0 -1182.0
299.0 -1083.0
299.0 -1073.0
299.0 -1071.0
299.0 -1054.0
300.0 -1159.0
300.0 -1121.0
300.0 -1114.0
300.0 -1073.0
300.0 -1067.0
300.0 -1031.0
300.0 -1015.0
301.0 -1156.0
301.0 -1148.0
301.0 -1112.0
301.0 -1088.0
301.0 -1084.0
301.0 -1084.0
301.0 -1076.0
301.0 -1054.0
301.0 -1029.0
302.0 -1151.0
302.0 -1118.0
302.0 -1115.0
302.0 -1084.0
302.0 -1073.0
303.0 -1197.0
303.0 -1183.0
303.0 -1155.0
303.0 -1138.0
303.0 -1105.0
303.0 -1061.0
303.0 -1042.0
304.0 -1174.0
304.0 -1143.0
304.0 -1121.0
304.0 -1063.0
305.0 -1195.0
305.0 -1155.0
305.0 -1136.0
305.0 -1133.0
305.0 -1121.0
305.0 -1092.0
306.0 -1192.0
306.0 -1182.0
306.0 -1146.0
306.0 -1141.0
306.0 -1121.0
306.0 -1102.0
306.0 -1094.0
306.0 -1090.0
306.0 -1084.0
306.0 -1066.0
307.0 -1233.0
307.0 -1233.0
307.0 -1214.0
307.0 -1190.0
307.0 -1166.0
307.0 -1163.0
307.0 -1065.0
308.0 -1185.0
308.0 -1172.0
308.0 -1170.0
308.0 -1141.0
308.0 -1101.0
308.0 -1087.0
309.0 -1204.0
309.0 -1194.0
309.0 -1184.0
309.0 -1180.0
309.0 -1161.0
309.0 -1146.0
309.0 -1078.0
310.0 -1235.0
310.0 -1190.0
310.0 -1132.0
310.0 -1107.0
311.0 -1206.0
311.0 -1193.0
311.0 -1170.0
311.0 -1150.0
311.0 -1113.0
311.0 -1088.0
311.0 -1085.0
312.0 -1219.0
312.0 -1186.0
312.0 -1164.0
312.0 -1157.0
312.0 -1140.0
312.0 -1127.0
312.0 -1114.0
312.0 -1109.0
313.0 -1181.0
313.0 -1117.0
314.0 -1241.0
314.0 -1223.0
314.0 -1201.0
314.0 -1175.0
314.0 -1173.0
314.0 -1171.0
314.0 -1157.0
314.0 -1146.0
314.0 -1139.0
314.0 -1133.0
314.0 -1133.0
314.0 -1105.0
315.0 -1199.0
315.0 -1193.0
315.0 -1185.0
315.0 -1174.0
315.0 -1170.0
315.0 -1157.0
315.0 -1147.0
315.0 -1139.0
315.0 -1131.0
315.0 -1115.0
315.0 -1109.0
316.0 -1221.0
316.0 -1208.0
317.0 -1258.0
317.0 -1222.0
317.0 -1211.0
317.0 -1210.0
317.0 -1172.0
318.0 -1259.0
318.0 -1226.0
318.0 -1202.0
318.0 -1174.0
318.0 -1105.0
319.0 -1227.0
319.0 -1199.0
319.0 -1197.0
319.0 -1125.0
319.0 -1118.0
319.0 -1115.0
320.0 -1215.0
320.0 -1203.0
320.0 -1193.0
320.0 -1187.0
320.0 -1182.0
320.0 -1171.0
320.0 -1161.0
320.0 -1117.0
321.0 -1260.0
321.0 -1232.0
321.0 -1179.0
321.0 -1149.0
322.0 -1219.0
322.0 -1208.0
322.0 -1205.0
322.0 -1179.0
322.0 -1169.0
322.0 -1169.0
322.0 -1148.0
322.0 -1126.0
322.0 -1106.0
322.0 -1100.0
322.0 -1086.0
323.0 -1229.0
323.0 -1193.0
323.0 -1178.0
323.0 -1167.0
324.0 -1215.0
324.0 -1198.0
324.0 -1189.0
324.0 -1181.0
324.0 -1132.0
324.0 -1126.0
325.0 -1223.0
325.0 -1219.0
325.0 -1192.0
325.0 -1187.0
325.0 -1181.0
325.0 -1170.0
325.0 -1128.0
326.0 -1246.0
326.0 -1234.0
326.0 -1223.0
326.0 -1140.0
327.0 -1244.0
327.0 -1240.0
327.0 -1229.0
327.0 -1224.0
327.0 -1219.0
327.0 -1210.0
327.0 -1188.0
327.0 -1140.0
327.0 -1134.0
328.0 -1278.0
328.0 -1256.0
328.0 -1238.0
328.0 -1232.0
328.0 -1221.0
328.0 -1205.0
329.0 -1278.0
329.0 -1255.0
329.0 -1237.0
329.0 -1234.0
329.0 -1197.0
329.0 -1185.0
329.0 -1176.0
329.0 -1167.0
329.0 -1159.0
330.0 -1239.0
330.0 -1214.0
330.0 -1205.0
330.0 -1198.0
330.0 -1098.0
331.0 -1259.0
331.0 -1252.0
331.0 -1235.0
331.0 -1234.0
331.0 -1206.0
331.0 -1202.0
332.0 -1263.0
332.0 -1256.0
332.0 -1181.0
332.0 -1180.0
333.0 -1204.0
333.0 -1157.0
334.0 -1265.0
334.0 -1253.0
334.0 -1250.0
334.0 -1170.0
335.0 -1262.0
335.0 -1257.0
335.0 -1247.0
335.0 -1244.0
335.0 -1242.0
335.0 -1238.0
335.0 -1235.0
335.0 -1233.0
335.0 -1233.0
335.0 -1221.0
336.0 -1259.0
336.0 -1250.0
336.0 -1243.0
336.0 -1238.0
336.0 -1236.0
336.0 -1228.0
336.0 -1223.0
336.0 -1216.0
336.0 -1201.0
337.0 -1239.0
337.0 -1227.0
337.0 -1218.0
337.0 -1171.0
338.0 -1281.0
338.0 -1274.0
338.0 -1273.0
338.0 -1265.0
338.0 -1216.0
338.0 -1125.0
339.0 -1261.0
339.0 -1244.0
339.0 -1240.0
339.0 -1236.0
339.0 -1233.0
339.0 -1215.0
339.0 -1179.0
340.0 -1272.0
340.0 -1267.0
340.0 -1257.0
340.0 -1239.0
340.0 -1209.0
341.0 -1274.0
341.0 -1253.0
341.0 -1253.0
341.0 -1235.0
341.0 -1205.0
341.0 -1159.0
341.0 -1152.0
342.0 -1252.0
342.0 -1246.0
342.0 -1238.0
342.0 -1229.0
342.0 -1198.0
343.0 -1246.0
343.0 -1243.0
343.0 -1240.0
343.0 -1220.0
343.0 -1202.0
343.0 -1199.0
344.0 -1282.0
344.0 -1255.0
344.0 -1245.0
344.0 -1244.0
344.0 -1243.0
344.0 -1239.0
344.0 -1196.0
345.0 -1325.0
345.0 -1275.0
345.0 -1260.0
345.0 -1256.0
345.0 -1248.0
345.0 -1221.0
345.0 -1175.0
346.0 -1309.0
346.0 -1302.0
346.0 -1280.0
346.0 -1279.0
346.0 -1260.0
346.0 -1256.0
346.0 -1241.0
346.0 -1227.0
347.0 -1286.0
347.0 -1276.0
347.0 -1263.0
347.0 -1261.0
347.0 -1245.0
347.0 -1227.0
348.0 -1325.0
349.0 -1312.0
349.0 -1296.0
349.0 -1285.0
349.0 -1284.0
349.0 -1234.0
349.0 -1156.0
350.0 -1305.0
350.0 -1300.0
350.0 -1274.0
350.0 -1269.0
350.0 -1252.0
350.0 -1226.0
351.0 -1316.0
351.0 -1291.0
351.0 -1289.0
351.0 -1259.0
351.0 -1254.0
351.0 -1237.0
351.0 -1226.0
351.0 -1214.0
352.0 -1317.0
352.0 -1257.0
352.0 -1256.0
352.0 -1244.0
352.0 -1207.0
353.0 -1302.0
353.0 -1263.0
353.0 -1249.0
353.0 -1238.0
353.0 -1233.0
353.0 -1228.0
354.0 -1292.0
354.0 -1276.0
354.0 -1247.0
354.0 -1242.0
354.0 -1150.0
355.0 -1312.0
355.0 -1294.0
355.0 -1292.0
355.0 -1280.0
355.0 -1257.0
355.0 -1246.0
355.0 -1239.0
356.0 -1300.0
356.0 -1283.0
356.0 -1251.0
356.0 -1133.0
357.0 -1299.0
357.0 -1265.0
357.0 -1230.0
357.0 -1225.0
357.0 -1221.0
359.0 -1325.0
359.0 -1305.0
359.0 -1302.0
359.0 -1284.0
359.0 -1280.0
359.0 -1278.0
359.0 -1270.0
359.0 -1237.0
360.0 -1330.0
360.0 -1283.0
360.0 -1276.0
360.0 -1259.0
360.0 -1245.0
361.0 -1283.0
361.0 -1250.0
362.0 -1311.0
362.0 -1307.0
362.0 -1295.0
362.0 -1290.0
362.0 -1270.0
362.0 -1263.0
363.0 -1362.0
363.0 -1304.0
363.0 -1288.0
363.0 -1285.0
363.0 -1276.0
364.0 -1355.0
364.0 -1324.0
364.0 -1299.0
364.0 -1288.0
364.0 -1281.0
364.0 -1235.0
364.0 -1225.0
365.0 -1319.0
365.0 -1312.0
365.0 -1290.0
365.0 -1278.0
365.0 -1258.0
365.0 -1246.0
366.0 -1316.0
367.0 -1331.0
367.0 -1307.0
367.0 -1288.0
367.0 -1275.0
367.0 -1220.0
368.0 -1347.0
368.0 -1342.0
368.0 -1287.0
368.0 -1241.0
369.0 -1333.0
369.0 -1331.0
369.0 -1325.0
369.0 -1317.0
369.0 -1315.0
369.0 -1313.0
369.0 -1283.0
369.0 -1275.0
369.0 -1266.0
370.0 -1327.0
370.0 -1320.0
370.0 -1317.0
370.0 -1307.0
370.0 -1306.0
370.0 -1262.0
371.0 -1340.0
371.0 -1335.0
371.0 -1325.0
371.0 -1310.0
371.0 -1309.0
371.0 -1302.0
371.0 -1231.0
372.0 -1308.0
372.0 -1291.0
372.0 -1267.0
373.0 -1341.0
373.0 -1331.0
373.0 -1317.0
373.0 -1288.0
373.0 -1287.0
373.0 -1263.0
374.0 -1334.0
374.0 -1327.0
374.0 -1309.0
374.0 -1308.0
374.0 -1287.0
375.0 -1317.0
375.0 -1312.0
375.0 -1306.0
375.0 -1303.0
375.0 -1262.0
376.0 -1350.0
376.0 -1344.0
376.0 -1331.0
376.0 -1320.0
376.0 -1286.0
377.0 -1347.0
377.0 -1336.0
377.0 -1328.0
377.0 -1311.0
377.0 -1295.0
378.0 -1365.0
378.0 -1349.0
378.0 -1335.0
378.0 -1329.0
378.0 -1302.0
379.0 -1326.0
381.0 -1361.0
381.0 -1332.0
381.0 -1317.0
381.0 -1286.0
382.0 -1322.0
382.0 -1321.0
382.0 -1308.0
383.0 -1387.0
383.0 -1353.0
383.0 -1335.0
383.0 -1308.0
383.0 -1305.0
384.0 -1370.0
384.0 -1343.0
384.0 -1324.0
384.0 -1324.0
384.0 -1296.0
384.0 -1291.0
385.0 -1386.0
385.0 -1322.0
386.0 -1390.0
386.0 -1356.0
388.0 -1386.0
388.0 -1295.0
388.0 -1257.0
389.0 -1435.0
389.0 -1366.0
390.0 -1409.0
390.0 -1390.0
390.0 -1379.0
390.0 -1347.0
390.0 -1309.0
390.0 -1305.0
391.0 -1415.0
391.0 -1311.0
392.0 -1363.0
392.0 -1358.0
393.0 -1422.0
393.0 -1346.0
393.0 -1299.0
394.0 -1392.0
394.0 -1381.0
394.0 -1369.0
394.0 -1356.0
394.0 -1327.0
395.0 -1449.0
395.0 -1408.0
395.0 -1391.0
395.0 -1368.0
395.0 -1367.0
395.0 -1354.0
395.0 -1317.0
396.0 -1367.0
396.0 -1327.0
397.0 -1367.0
397.0 -1335.0
398.0 -1399.0
399.0 -1399.0
399.0 -1331.0
400.0 -1384.0
400.0 -1371.0
401.0 -1378.0
402.0 -1381.0
402.0 -1353.0
402.0 -1331.0
403.0 -1386.0
404.0 -1350.0
404.0 -1331.0
404.0 -1325.0
404.0 -1312.0
406.0 -1462.0
406.0 -1413.0
407.0 -1410.0
407.0 -1386.0
407.0 -1341.0
408.0 -1465.0
408.0 -1370.0
408.0 -1350.0
408.0 -1343.0
409.0 -1419.0
410.0 -1470.0
410.0 -1379.0
410.0 -1356.0
411.0 -1436.0
412.0 -1471.0
412.0 -1459.0
412.0 -1419.0
412.0 -1416.0
414.0 -1372.0
415.0 -1392.0
416.0 -1407.0
417.0 -1435.0
417.0 -1414.0
418.0 -1492.0
418.0 -1429.0
418.0 -1425.0
419.0 -1480.0
419.0 -1425.0
420.0 -1460.0
420.0 -1437.0
421.0 -1417.0
422.0 -1481.0
423.0 -1508.0
424.0 -1503.0
424.0 -1496.0
424.0 -1476.0
424.0 -1470.0
425.0 -1520.0
425.0 -1497.0
425.0 -1491.0
425.0 -1447.0
425.0 -1418.0
425.0 -1404.0
427.0 -1450.0
428.0 -1446.0
429.0 -1497.0
430.0 -1483.0
430.0 -1386.0
431.0 -1492.0
432.0 -1500.0
432.0 -1461.0
433.0 -1493.0
433.0 -1469.0
434.0 -1545.0
434.0 -1455.0
435.0 -1525.0
435.0 -1497.0
435.0 -1488.0
437.0 -1508.0
437.0 -1490.0
437.0 -1488.0
437.0 -1481.0
437.0 -1469.0
438.0 -1479.0
438.0 -1456.0
439.0 -1553.0
440.0 -1545.0
440.0 -1508.0
440.0 -1470.0
442.0 -1545.0
442.0 -1536.0
442.0 -1500.0
442.0 -1499.0
442.0 -1414.0
443.0 -1548.0
443.0 -1465.0
443.0 -1457.0
444.0 -1523.0
444.0 -1520.0
444.0 -1503.0
444.0 -1497.0
445.0 -1555.0
445.0 -1509.0
445.0 -1508.0
445.0 -1501.0
446.0 -1501.0
446.0 -1453.0
447.0 -1531.0
447.0 -1498.0
447.0 -1498.0
448.0 -1532.0
448.0 -1515.0
448.0 -1506.0
448.0 -1489.0
448.0 -1428.0
449.0 -1563.0
449.0 -1539.0
449.0 -1427.0
450.0 -1575.0
450.0 -1527.0
451.0 -1510.0
451.0 -1447.0
452.0 -1560.0
452.0 -1526.0
453.0 -1541.0
453.0 -1540.0
453.0 -1518.0
453.0 -1512.0
454.0 -1578.0
454.0 -1538.0
454.0 -1538.0
455.0 -1562.0
455.0 -1559.0
455.0 -1428.0
456.0 -1559.0
456.0 -1535.0
456.0 -1529.0
456.0 -1527.0
456.0 -1510.0
456.0 -1507.0
456.0 -1478.0
457.0 -1587.0
457.0 -1551.0
457.0 -1519.0
457.0 -1517.0
457.0 -1493.0
458.0 -1580.0
458.0 -1564.0
458.0 -1556.0
458.0 -1498.0
458.0 -1479.0
459.0 -1557.0
459.0 -1552.0
459.0 -1538.0
459.0 -1532.0
459.0 -1530.0
460.0 -1466.0
461.0 -1570.0
461.0 -1546.0
461.0 -1535.0
461.0 -1494.0
462.0 -1573.0
462.0 -1573.0
462.0 -1569.0
462.0 -1536.0
462.0 -1516.0
462.0 -1510.0
462.0 -1450.0
462.0 -1394.0
463.0 -1610.0
463.0 -1574.0
463.0 -1574.0
463.0 -1572.0
463.0 -1554.0
463.0 -1524.0
463.0 -1496.0
464.0 -1515.0
464.0 -1510.0
464.0 -1509.0
464.0 -1508.0
465.0 -1575.0
465.0 -1570.0
465.0 -1549.0
465.0 -1538.0
465.0 -1538.0
466.0 -1566.0
466.0 -1561.0
466.0 -1543.0
466.0 -1537.0
466.0 -1516.0
466.0 -1465.0
467.0 -1611.0
467.0 -1533.0
467.0 -1514.0
468.0 -1590.0
468.0 -1583.0
468.0 -1565.0
468.0 -1555.0
468.0 -1553.0
468.0 -1508.0
469.0 -1592.0
469.0 -1548.0
469.0 -1540.0
469.0 -1527.0
469.0 -1488.0
470.0 -1590.0
470.0 -1588.0
470.0 -1583.0
470.0 -1546.0
470.0 -1544.0
470.0 -1502.0
471.0 -1594.0
471.0 -1533.0
471.0 -1515.0
472.0 -1609.0
472.0 -1551.0
473.0 -1595.0
473.0 -1583.0
473.0 -1571.0
473.0 -1568.0
473.0 -1563.0
473.0 -1562.0
473.0 -1546.0
473.0 -1532.0
473.0 -1510.0
473.0 -1489.0
474.0 -1596.0
474.0 -1584.0
474.0 -1558.0
474.0 -1535.0
475.0 -1616.0
475.0 -1590.0
475.0 -1459.0
476.0 -1620.0
476.0 -1594.0
476.0 -1583.0
476.0 -1580.0
476.0 -1551.0
476.0 -1492.0
477.0 -1573.0
477.0 -1558.0
477.0 -1547.0
477.0 -1540.0
478.0 -1595.0
478.0 -1593.0
478.0 -1582.0
478.0 -1563.0
478.0 -1553.0
478.0 -1526.0
479.0 -1608.0
479.0 -1607.0
479.0 -1593.0
479.0 -1568.0
479.0 -1541.0
480.0 -1606.0
480.0 -1583.0
480.0 -1579.0
480.0 -1539.0
480.0 -1528.0
481.0 -1613.0
481.0 -1583.0
481.0 -1570.0
481.0 -1569.0
483.0 -1599.0
483.0 -1583.0
483.0 -1554.0
483.0 -1503.0
483.0 -1478.0
484.0 -1603.0
484.0 -1587.0
484.0 -1583.0
484.0 -1561.0
484.0 -1559.0
484.0 -1533.0
484.0 -1506.0
485.0 -1606.0
485.0 -1586.0
485.0 -1584.0
485.0 -1549.0
485.0 -1525.0
486.0 -1581.0
486.0 -1578.0
486.0 -1535.0
486.0 -1534.0
487.0 -1606.0
487.0 -1602.0
488.0 -1661.0
488.0 -1638.0
488.0 -1628.0
488.0 -1561.0
489.0 -1613.0
489.0 -1585.0
490.0 -1664.0
490.0 -1633.0
490.0 -1614.0
490.0 -1612.0
490.0 -1587.0
490.0 -1552.0
491.0 -1633.0
491.0 -1610.0
491.0 -1600.0
491.0 -1531.0
492.0 -1616.0
492.0 -1597.0
492.0 -1591.0
492.0 -1579.0
492.0 -1562.0
492.0 -1546.0
492.0 -1526.0
493.0 -1604.0
493.0 -1604.0
493.0 -1595.0
493.0 -1586.0
493.0 -1580.0
493.0 -1562.0
494.0 -1614.0
494.0 -1578.0
494.0 -1572.0
494.0 -1541.0
495.0 -1629.0
495.0 -1607.0
495.0 -1605.0
495.0 -1574.0
496.0 -1649.0
496.0 -1593.0
496.0 -1583.0
496.0 -1570.0
496.0 -1542.0
497.0 -1664.0
497.0 -1640.0
497.0 -1621.0
497.0 -1620.0
497.0 -1597.0
498.0 -1652.0
498.0 -1640.0
498.0 -1633.0
498.0 -1633.0
498.0 -1584.0
498.0 -1551.0
499.0 -1691.0
499.0 -1658.0
499.0 -1643.0
499.0 -1634.0
499.0 -1618.0
499.0 -1596.0
499.0 -1595.0
499.0 -1567.0
500.0 -1653.0
500.0 -1634.0
500.0 -1633.0
500.0 -1590.0
500.0 -1582.0
500.0 -1555.0
501.0 -1649.0
501.0 -1628.0
501.0 -1614.0
501.0 -1605.0
501.0 -1597.0
501.0 -1584.0
502.0 -1617.0
502.0 -1610.0
502.0 -1606.0
502.0 -1603.0
502.0 -1601.0
502.0 -1512.0
503.0 -1649.0
503.0 -1631.0
503.0 -1625.0
503.0 -1594.0
503.0 -1562.0
504.0 -1654.0
504.0 -1650.0
504.0 -1646.0
504.0 -1640.0
504.0 -1601.0
505.0 -1687.0
505.0 -1637.0
505.0 -1635.0
505.0 -1624.0
505.0 -1614.0
505.0 -1599.0
505.0 -1593.0
505.0 -1560.0
506.0 -1649.0
506.0 -1635.0
506.0 -1613.0
506.0 -1606.0
506.0 -1593.0
506.0 -1571.0
507.0 -1604.0
508.0 -1687.0
508.0 -1669.0
508.0 -1665.0
508.0 -1656.0
508.0 -1649.0
508.0 -1637.0
508.0 -1634.0
508.0 -1618.0
508.0 -1582.0
509.0 -1653.0
509.0 -1635.0
509.0 -1614.0
509.0 -1591.0
509.0 -1588.0
510.0 -1693.0
510.0 -1663.0
510.0 -1649.0
510.0 -1616.0
510.0 -1613.0
510.0 -1595.0
511.0 -1663.0
511.0 -1658.0
511.0 -1636.0
511.0 -1633.0
511.0 -1632.0
511.0 -1625.0
511.0 -1618.0
511.0 -1473.0
512.0 -1686.0
512.0 -1670.0
512.0 -1652.0
512.0 -1646.0
512.0 -1637.0
512.0 -1607.0
512.0 -1590.0
512.0 -1570.0
513.0 -1686.0
513.0 -1685.0
513.0 -1649.0
513.0 -1639.0
513.0 -1635.0
513.0 -1620.0
513.0 -1568.0
513.0 -1537.0
514.0 -1660.0
514.0 -1655.0
514.0 -1654.0
514.0 -1641.0
514.0 -1625.0
514.0 -1617.0
515.0 -1667.0
515.0 -1651.0
515.0 -1638.0
515.0 -1629.0
515.0 -1623.0
515.0 -1615.0
515.0 -1573.0
515.0 -1558.0
516.0 -1686.0
516.0 -1665.0
516.0 -1632.0
516.0 -1599.0
516.0 -1594.0
517.0 -1653.0
517.0 -1643.0
517.0 -1618.0
517.0 -1608.0
517.0 -1590.0
518.0 -1687.0
518.0 -1671.0
518.0 -1642.0
518.0 -1626.0
518.0 -1554.0
519.0 -1696.0
519.0 -1668.0
519.0 -1658.0
519.0 -1642.0
519.0 -1639.0
519.0 -1632.0
520.0 -1659.0
520.0 -1656.0
520.0 -1594.0
520.0 -1560.0
521.0 -1629.0
521.0 -1609.0
522.0 -1676.0
522.0 -1667.0
522.0 -1657.0
522.0 -1638.0
522.0 -1632.0
522.0 -1608.0
523.0 -1687.0
523.0 -1633.0
524.0 -1709.0
524.0 -1683.0
524.0 -1674.0
524.0 -1624.0
525.0 -1704.0
525.0 -1652.0
525.0 -1649.0
525.0 -1633.0
525.0 -1629.0
525.0 -1627.0
526.0 -1670.0
526.0 -1655.0
526.0 -1651.0
526.0 -1647.0
526.0 -1609.0
527.0 -1732.0
527.0 -1664.0
527.0 -1647.0
527.0 -1645.0
527.0 -1644.0
527.0 -1613.0
527.0 -1613.0
528.0 -1692.0
528.0 -1684.0
528.0 -1660.0
528.0 -1643.0
528.0 -1629.0
529.0 -1706.0
529.0 -1688.0
529.0 -1649.0
530.0 -1722.0
530.0 -1711.0
530.0 -1703.0
530.0 -1679.0
530.0 -1666.0
530.0 -1662.0
530.0 -1651.0
530.0 -1636.0
530.0 -1571.0
531.0 -1712.0
531.0 -1707.0
531.0 -1706.0
531.0 -1685.0
531.0 -1685.0
531.0 -1681.0
531.0 -1656.0
531.0 -1624.0
532.0 -1664.0
532.0 -1663.0
532.0 -1652.0
532.0 -1645.0
532.0 -1601.0
533.0 -1730.0
533.0 -1714.0
533.0 -1684.0
533.0 -1660.0
533.0 -1653.0
533.0 -1642.0
533.0 -1614.0
534.0 -1708.0
534.0 -1696.0
534.0 -1626.0
534.0 -1581.0
535.0 -1730.0
535.0 -1716.0
535.0 -1711.0
535.0 -1689.0
535.0 -1669.0
535.0 -1622.0
536.0 -1745.0
536.0 -1734.0
536.0 -1679.0
536.0 -1676.0
536.0 -1672.0
536.0 -1645.0
537.0 -1682.0
537.0 -1670.0
537.0 -1654.0
537.0 -1647.0
537.0 -1615.0
538.0 -1682.0
538.0 -1652.0
538.0 -1642.0
538.0 -1635.0
539.0 -1735.0
539.0 -1678.0
539.0 -1671.0
539.0 -1654.0
540.0 -1744.0
540.0 -1696.0
540.0 -1669.0
540.0 -1622.0
541.0 -1776.0
541.0 -1751.0
541.0 -1719.0
541.0 -1702.0
541.0 -1695.0
542.0 -1731.0
542.0 -1700.0
542.0 -1691.0
542.0 -1682.0
542.0 -1663.0
542.0 -1655.0
542.0 -1638.0
542.0 -1624.0
543.0 -1721.0
543.0 -1677.0
543.0 -1677.0
543.0 -1648.0
544.0 -1709.0
544.0 -1695.0
544.0 -1680.0
544.0 -1673.0
544.0 -1672.0
544.0 -1670.0
544.0 -1668.0
544.0 -1651.0
545.0 -1770.0
545.0 -1760.0
545.0 -1698.0
545.0 -1692.0
545.0 -1685.0
545.0 -1665.0
545.0 -1607.0
546.0 -1724.0
546.0 -1696.0
546.0 -1693.0
546.0 -1676.0
547.0 -1724.0
547.0 -1717.0
547.0 -1707.0
547.0 -1697.0
547.0 -1678.0
547.0 -1629.0
548.0 -1720.0
548.0 -1694.0
548.0 -1642.0
549.0 -1737.0
549.0 -1714.0
549.0 -1646.0
550.0 -1726.0
550.0 -1660.0
550.0 -1640.0
551.0 -1762.0
551.0 -1737.0
551.0 -1727.0
551.0 -1718.0
551.0 -1711.0
551.0 -1658.0
551.0 -1652.0
552.0 -1759.0
552.0 -1736.0
553.0 -1747.0
553.0 -1693.0
553.0 -1690.0
553.0 -1673.0
553.0 -1655.0
553.0 -1654.0
553.0 -1651.0
553.0 -1625.0
554.0 -1744.0
554.0 -1705.0
554.0 -1685.0
554.0 -1683.0
554.0 -1674.0
555.0 -1738.0
555.0 -1701.0
555.0 -1674.0
555.0 -1672.0
556.0 -1769.0
556.0 -1765.0
556.0 -1752.0
556.0 -1737.0
556.0 -1735.0
556.0 -1722.0
556.0 -1707.0
556.0 -1692.0
557.0 -1728.0
557.0 -1716.0
557.0 -1712.0
558.0 -1722.0
558.0 -1713.0
558.0 -1711.0
558.0 -1691.0
559.0 -1734.0
559.0 -1712.0
559.0 -1708.0
559.0 -1647.0
560.0 -1772.0
560.0 -1737.0
560.0 -1731.0
560.0 -1696.0
560.0 -1616.0
561.0 -1786.0
561.0 -1749.0
561.0 -1744.0
561.0 -1722.0
561.0 -1672.0
562.0 -1734.0
562.0 -1720.0
563.0 -1750.0
563.0 -1713.0
564.0 -1789.0
564.0 -1761.0
564.0 -1743.0
564.0 -1718.0
564.0 -1703.0
564.0 -1624.0
565.0 -1805.0
565.0 -1771.0
565.0 -1766.0
565.0 -1762.0
565.0 -1700.0
565.0 -1689.0
565.0 -1650.0
566.0 -1733.0
567.0 -1726.0
568.0 -1767.0
568.0 -1757.0
568.0 -1746.0
568.0 -1744.0
568.0 -1739.0
568.0 -1734.0
568.0 -1728.0
568.0 -1723.0
568.0 -1720.0
568.0 -1702.0
569.0 -1819.0
569.0 -1785.0
569.0 -1733.0
569.0 -1730.0
569.0 -1708.0
569.0 -1694.0
570.0 -1790.0
570.0 -1775.0
570.0 -1768.0
570.0 -1764.0
570.0 -1754.0
570.0 -1752.0
570.0 -1747.0
570.0 -1746.0
570.0 -1739.0
570.0 -1736.0
570.0 -1728.0
570.0 -1710.0
570.0 -1671.0
571.0 -1776.0
571.0 -1735.0
571.0 -1664.0
572.0 -1768.0
572.0 -1743.0
572.0 -1734.0
572.0 -1683.0
573.0 -1793.0
573.0 -1766.0
573.0 -1739.0
573.0 -1735.0
573.0 -1704.0
574.0 -1775.0
574.0 -1740.0
574.0 -1736.0
574.0 -1730.0
574.0 -1666.0
575.0 -1797.0
575.0 -1777.0
575.0 -1767.0
575.0 -1750.0
575.0 -1749.0
575.0 -1730.0
575.0 -1719.0
575.0 -1699.0
576.0 -1816.0
576.0 -1781.0
576.0 -1734.0
576.0 -1731.0
576.0 -1718.0
576.0 -1701.0
576.0 -1697.0
576.0 -1656.0
577.0 -1795.0
577.0 -1784.0
577.0 -1768.0
577.0 -1741.0
577.0 -1736.0
577.0 -1729.0
578.0 -1807.0
578.0 -1801.0
578.0 -1779.0
578.0 -1771.0
578.0 -1770.0
578.0 -1739.0
579.0 -1776.0
579.0 -1664.0
580.0 -1799.0
580.0 -1792.0
580.0 -1759.0
580.0 -1748.0
580.0 -1747.0
580.0 -1730.0
580.0 -1684.0
581.0 -1800.0
581.0 -1785.0
581.0 -1765.0
581.0 -1752.0
581.0 -1742.0
581.0 -1727.0
581.0 -1703.0
582.0 -1809.0
582.0 -1777.0
582.0 -1776.0
582.0 -1734.0
583.0 -1798.0
583.0 -1779.0
583.0 -1726.0
583.0 -1676.0
584.0 -1801.0
584.0 -1779.0
584.0 -1664.0
585.0 -1800.0
585.0 -1775.0
585.0 -1743.0
585.0 -1688.0
586.0 -1755.0
586.0 -1708.0
587.0 -1827.0
587.0 -1793.0
587.0 -1783.0
588.0 -1826.0
588.0 -1817.0
588.0 -1776.0
588.0 -1718.0
590.0 -1825.0
590.0 -1812.0
590.0 -1786.0
590.0 -1778.0
590.0 -1767.0
590.0 -1742.0
590.0 -1739.0
591.0 -1827.0
591.0 -1810.0
591.0 -1747.0
592.0 -1819.0
592.0 -1800.0
592.0 -1785.0
592.0 -1783.0
593.0 -1812.0
593.0 -1809.0
593.0 -1805.0
593.0 -1798.0
593.0 -1748.0
593.0 -1728.0
594.0 -1787.0
594.0 -1754.0
595.0 -1828.0
595.0 -1814.0
595.0 -1781.0
595.0 -1770.0
595.0 -1723.0
596.0 -1835.0
596.0 -1803.0
596.0 -1790.0
596.0 -1786.0
596.0 -1747.0
597.0 -1833.0
597.0 -1806.0
597.0 -1794.0
597.0 -1794.0
597.0 -1788.0
597.0 -1785.0
597.0 -1760.0
598.0 -1843.0
598.0 -1824.0
598.0 -1820.0
598.0 -1817.0
599.0 -1843.0
599.0 -1831.0
599.0 -1818.0
599.0 -1806.0
599.0 -1727.0
599.0 -1718.0
600.0 -1836.0
600.0 -1820.0
600.0 -1800.0
601.0 -1864.0
601.0 -1858.0
601.0 -1777.0
601.0 -1773.0
601.0 -1745.0
601.0 -1719.0
602.0 -1859.0
602.0 -1831.0
602.0 -1811.0
602.0 -1782.0
602.0 -1742.0
603.0 -1886.0
603.0 -1868.0
603.0 -1820.0
603.0 -1815.0
603.0 -1812.0
603.0 -1804.0
603.0 -1749.0
604.0 -1841.0
604.0 -1824.0
604.0 -1814.0
604.0 -1811.0
604.0 -1802.0
604.0 -1716.0
606.0 -1772.0
606.0 -1770.0
607.0 -1855.0
607.0 -1791.0
607.0 -1787.0
608.0 -1844.0
608.0 -1826.0
608.0 -1812.0
608.0 -1810.0
609.0 -1838.0
609.0 -1831.0
609.0 -1795.0
609.0 -1795.0
609.0 -1777.0
610.0 -1829.0
610.0 -1807.0
610.0 -1772.0
611.0 -1869.0
611.0 -1805.0
612.0 -1871.0
612.0 -1814.0
612.0 -1808.0
612.0 -1800.0
612.0 -1762.0
613.0 -1828.0
613.0 -1812.0
613.0 -1796.0
614.0 -1834.0
614.0 -1826.0
614.0 -1813.0
614.0 -1802.0
615.0 -1838.0
615.0 -1821.0
615.0 -1774.0
616.0 -1850.0
616.0 -1848.0
616.0 -1843.0
616.0 -1822.0
617.0 -1855.0
617.0 -1853.0
617.0 -1835.0
617.0 -1832.0
617.0 -1776.0
618.0 -1878.0
618.0 -1778.0
619.0 -1854.0
619.0 -1840.0
619.0 -1827.0
620.0 -1803.0
621.0 -1848.0
621.0 -1812.0
623.0 -1788.0
624.0 -1832.0
625.0 -1861.0
625.0 -1853.0
625.0 -1826.0
625.0 -1825.0
625.0 -1797.0
625.0 -1781.0
626.0 -1867.0
626.0 -1866.0
626.0 -1793.0
626.0 -1785.0
627.0 -1914.0
627.0 -1833.0
627.0 -1831.0
627.0 -1827.0
627.0 -1799.0
628.0 -1878.0
628.0 -1826.0
629.0 -1877.0
629.0 -1865.0
629.0 -1816.0
630.0 -1870.0
630.0 -1868.0
630.0 -1822.0
631.0 -1869.0
632.0 -1900.0
633.0 -1890.0
634.0 -1861.0
635.0 -1924.0
635.0 -1878.0
635.0 -1875.0
636.0 -1859.0
636.0 -1815.0
637.0 -1878.0
638.0 -1884.0
638.0 -1874.0
638.0 -1820.0
640.0 -1887.0
642.0 -1814.0
642.0 -1808.0
643.0 -1873.0
644.0 -1895.0
644.0 -1850.0
644.0 -1845.0
644.0 -1832.0
645.0 -1863.0
647.0 -1904.0
647.0 -1902.0
647.0 -1848.0
649.0 -1894.0
649.0 -1888.0
649.0 -1861.0
649.0 -1813.0
650.0 -1881.0
650.0 -1874.0
650.0 -1857.0
650.0 -1841.0
651.0 -1920.0
651.0 -1895.0
651.0 -1881.0
651.0 -1824.0
652.0 -1923.0
653.0 -1920.0
653.0 -1865.0
654.0 -1850.0
655.0 -1904.0
656.0 -1884.0
656.0 -1861.0
656.0 -1842.0
656.0 -1820.0
657.0 -1927.0
657.0 -1919.0
657.0 -1845.0
662.0 -1890.0
662.0 -1885.0
663.0 -1908.0
663.0 -1893.0
665.0 -1826.0
666.0 -1873.0
668.0 -1854.0
669.0 -1939.0
672.0 -1953.0
673.0 -1944.0
679.0 -1861.0
680.0 -1954.0
683.0 -1900.0
684.0 -1862.0
701.0 -1975.0
706.0 -1971.0
714.0 -1911.0
718.0 -2015.0
723.0 -2033.0
2345.0 -5414.0
2350.0 -5416.0
2350.0 -5416.0
2350.0 -5416.0
2350.0 -5416.0
2353.0 -5435.0
2353.0 -5435.0
2353.0 -5435.0
2353.0 -5435.0
2353.0 -5435.0
2353.0 -5435.0
2353.0 -5435.0
2353.0 -5435.0
2353.0 -5435.0
2353.0 -5435.0
2353.0 -5435.0
2353.0 -5435.0
2353.0 -5435.0
2353.0 -5435.0
2353.0 -5435.0
2353.0 -5435.0
2353.0 -5435.0
2353.0 -5435.0
2353.0 -5435.0
2353.0 -5435.0
2353.0 -5435.0
2361.0 -5491.0
2361.0 -5491.0
2361.0 -5491.0
2361.0 -5491.0
2361.0 -5491.0
2361.0 -5491.0
2361.0 -5491.0
2361.0 -5491.0
2361.0 -5491.0
2361.0 -5491.0
2361.0 -5491.0
2361.0 -5491.0
2361.0 -5491.0
2361.0 -5491.0
2361.0 -5491.0
2361.0 -5491.0
2361.0 -5491.0
2361.0 -5491.0
2361.0 -5491.0
2361.0 -5491.0
2361.0 -5491.0
2361.0 -5491.0
2361.0 -5491.0
2361.0 -5491.0
2361.0 -5491.0
2361.0 -5491.0
2361.0 -5491.0
2361.0 -5491.0
2361.0 -5491.0
2361.0 -5491.0
2361.0 -5491.0
2361.0 -5491.0
2361.0 -5491.0
2361.0 -5491.0
2361.0 -5491.0
2361.0 -5491.0
2361.0 -5491.0
2361.0 -5491.0
2361.0 -5491.0
2361.0 -5491.0
2361.0 -5491.0
2361.0 -5491.0
2361.0 -5491.0
2361.0 -5491.0
2361.0 -5491.0
2361.0 -5491.0
2361.0 -5491.0
2361.0 -5491.0
2361.0 -5491.0
2361.0 -5491.0
2361.0 -5491.0
2361.0 -5491.0
2361.0 -5491.0
2361.0 -5491.0
2361.0 -5491.0
2361.0 -5491.0
2361.0 -5491.0
2361.0 -5491.0
2361.0 -5491.0
2361.0 -5491.0
2361.0 -5491.0
2361.0 -5491.0
2361.0 -5491.0
2361.0 -5491.0
2361.0 -5491.0
2361.0 -5491.0
2361.0 -5491.0
2361.0 -5491.0
2361.0 -5491.0
2361.0 -5491.0
2361.0 -5491.0
2361.0 -5491.0
2361.0 -5491.0
2361.0 -5491.0
2361.0 -5491.0
2402.0 -5579.0
2473.0 -5726.0
2473.0 -5726.0
2473.0 -5726.0
2473.0 -5726.0
2473.0 -5726.0
2473.0 -5726.0
2473.0 -5726.0
2473.0 -5726.0
2473.0 -5726.0
2473.0 -5726.0
2474.0 -5828.0
2474.0 -5828.0
2474.0 -5828.0
2474.0 -5828.0
2474.0 -5828.0
2474.0 -5828.0
2474.0 -5828.0
2474.0 -5828.0
2474.0 -5828.0
2474.0 -5828.0
2474.0 -5828.0
2474.0 -5828.0
2474.0 -5828.0
2474.0 -5828.0
2474.0 -5828.0
2474.0 -5828.0
2474.0 -5828.0
2474.0 -5828.0
2474.0 -5828.0
2474.0 -5828.0
2474.0 -5828.0
2474.0 -5828.0
2474.0 -5828.0
2474.0 -5828.0
2474.0 -5828.0
2474.0 -5828.0
2474.0 -5828.0
2474.0 -5828.0
2474.0 -5828.0
2474.0 -5828.0
2474.0 -5828.0
2474.0 -5828.0
2474.0 -5828.0
2474.0 -5828.0
2474.0 -5828.0
2474.0 -5828.0
2474.0 -5828.0
2474.0 -5828.0
2474.0 -5828.0
2474.0 -5828.0
2474.0 -5828.0
2474.0 -5828.0
2474.0 -5828.0
2474.0 -5828.0
2474.0 -5828.0
2474.0 -5828.0
2474.0 -5828.0
2474.0 -5828.0
2474.0 -5828.0
2474.0 -5828.0
2474.0 -5828.0
2474.0 -5828.0
2474.0 -5828.0
2474.0 -5828.0
2474.0 -5828.0
2474.0 -5828.0
2474.0 -5828.0
2474.0 -5828.0
2474.0 -5828.0
2474.0 -5828.0
2474.0 -5828.0
2474.0 -5828.0
2474.0 -5828.0
2474.0 -5828.0
2474.0 -5828.0
2474.0 -5828.0
2474.0 -5828.0
2474.0 -5828.0
2474.0 -5828.0
2474.0 -5828.0
2474.0 -5828.0
2474.0 -5828.0
2474.0 -5828.0
2474.0 -5828.0
2474.0 -5828.0
2474.0 -5828.0
2474.0 -5828.0
2474.0 -5828.0
2480.0 -5857.0
2480.0 -5857.0
2480.0 -5857.0
2480.0 -5857.0
2480.0 -5857.0
2480.0 -5857.0
2480.0 -5857.0
2480.0 -5857.0
2480.0 -5857.0
2480.0 -5857.0
2480.0 -5857.0
2480.0 -5857.0
2480.0 -5857.0
2480.0 -5857.0
2480.0 -5857.0
2480.0 -5857.0
2480.0 -5857.0
2480.0 -5857.0
2480.0 -5857.0
2480.0 -5857.0
2480.0 -5857.0
2480.0 -5857.0
2480.0 -5857.0
2480.0 -5857.0
2480.0 -5857.0
2480.0 -5857.0
2480.0 -5857.0
2480.0 -5857.0
2480.0 -5857.0
2480.0 -5857.0
2480.0 -5857.0
2480.0 -5857.0
2480.0 -5857.0
2480.0 -5857.0
2480.0 -5857.0
2480.0 -5857.0
2480.0 -5857.0
2480.0 -5857.0
2480.0 -5857.0
2480.0 -5857.0
2480.0 -5857.0
2480.0 -5857.0
2480.0 -5857.0
2480.0 -5857.0
2480.0 -5857.0
2480.0 -5857.0
2480.0 -5857.0
2480.0 -5857.0
2480.0 -5857.0
2480.0 -5857.0
2480.0 -5857.0
2480.0 -5857.0
2480.0 -5857.0
2480.0 -5857.0
2480.0 -5857.0
2480.0 -5857.0
2480.0 -5857.0
2480.0 -5857.0
2480.0 -5857.0
2480.0 -5857.0
2480.0 -5857.0
2480.0 -5857.0
2480.0 -5857.0
2480.0 -5857.0
2480.0 -5857.0
2480.0 -5857.0
2480.0 -5857.0
2480.0 -5857.0
2480.0 -5857.0
2480.0 -5857.0
2480.0 -5857.0
2480.0 -5857.0
2480.0 -5857.0
2480.0 -5857.0
2480.0 -5857.0
2480.0 -5857.0
2480.0 -5857.0
2495.0 -5879.0
2495.0 -5879.0
2495.0 -5879.0
2495.0 -5879.0
2495.0 -5879.0
2495.0 -5879.0
2495.0 -5879.0
2495.0 -5879.0
2495.0 -5879.0
2495.0 -5879.0
2495.0 -5879.0
2495.0 -5879.0
2495.0 -5879.0
2495.0 -5879.0
2495.0 -5879.0
2495.0 -5879.0
2495.0 -5879.0
2495.0 -5879.0
2495.0 -5879.0
2495.0 -5879.0
2495.0 -5879.0
2495.0 -5879.0
2495.0 -5879.0
2495.0 -5879.0
2495.0 -5879.0
2495.0 -5879.0
2495.0 -5879.0
2495.0 -5879.0
2495.0 -5879.0
2495.0 -5879.0
2495.0 -5879.0
2495.0 -5879.0
2495.0 -5879.0
2495.0 -5879.0
2495.0 -5879.0
2495.0 -5879.0
2495.0 -5879.0
2495.0 -5879.0
2495.0 -5879.0
2495.0 -5879.0
2495.0 -5879.0
2495.0 -5879.0
2495.0 -5879.0
2495.0 -5879.0
2495.0 -5879.0
2495.0 -5879.0
2495.0 -5879.0
2495.0 -5879.0
2495.0 -5879.0
2495.0 -5879.0
2495.0 -5879.0
2495.0 -5879.0
2495.0 -5879.0
2495.0 -5879.0
2495.0 -5879.0
2495.0 -5879.0
2495.0 -5879.0
2495.0 -5879.0
2495.0 -5879.0
2495.0 -5879.0
2495.0 -5879.0
2495.0 -5879.0
2495.0 -5879.0
2495.0 -5879.0
2495.0 -5879.0
2495.0 -5879.0
2495.0 -5879.0
2495.0 -5879.0
2495.0 -5879.0
2495.0 -5879.0
2495.0 -5879.0
2495.0 -5879.0
2495.0 -5879.0
2495.0 -5879.0
2495.0 -5879.0
2495.0 -5879.0
2495.0 -5879.0
2495.0 -5879.0
2499.0 -5904.0
2499.0 -5904.0
2499.0 -5904.0
2499.0 -5904.0
2499.0 -5904.0
2499.0 -5904.0
2499.0 -5904.0
2499.0 -5904.0
2499.0 -5904.0
2499.0 -5904.0
2499.0 -5904.0
2499.0 -5904.0
2499.0 -5904.0
2499.0 -5904.0
2499.0 -5904.0
2499.0 -5904.0
2499.0 -5904.0
2499.0 -5904.0
2499.0 -5904.0
2499.0 -5904.0
2499.0 -5904.0
2499.0 -5904.0
2499.0 -5904.0
2499.0 -5904.0
2499.0 -5904.0
2499.0 -5904.0
2499.0 -5904.0
2499.0 -5904.0
2499.0 -5904.0
2499.0 -5904.0
2499.0 -5904.0
2499.0 -5904.0
2499.0 -5904.0
2499.0 -5904.0
2499.0 -5904.0
2499.0 -5904.0
2499.0 -5904.0
2499.0 -5904.0
2499.0 -5904.0
2499.0 -5904.0
2499.0 -5904.0
2499.0 -5904.0
2499.0 -5904.0
2499.0 -5904.0
2499.0 -5904.0
2499.0 -5904.0
2499.0 -5904.0
2499.0 -5904.0
2499.0 -5904.0
2499.0 -5904.0
2499.0 -5904.0
2499.0 -5904.0
2499.0 -5904.0
2499.0 -5904.0
2499.0 -5904.0
2499.0 -5904.0
2499.0 -5904.0
2499.0 -5904.0
2499.0 -5904.0
2499.0 -5904.0
2499.0 -5904.0
2499.0 -5904.0
2499.0 -5904.0
2499.0 -5904.0
2499.0 -5904.0
2499.0 -5904.0
2499.0 -5904.0
2499.0 -5904.0
2499.0 -5904.0
2499.0 -5904.0
2499.0 -5904.0
2499.0 -5904.0
2499.0 -5904.0
2499.0 -5904.0
2499.0 -5904.0
2499.0 -5904.0
2499.0 -5904.0
2499.0 -5904.0
2537.0 -5961.0
2537.0 -5961.0
2537.0 -5961.0
2537.0 -5961.0
2537.0 -5961.0
2537.0 -5961.0
2537.0 -5961.0
2537.0 -5961.0
2537.0 -5961.0
2537.0 -5961.0
2537.0 -5961.0
2537.0 -5961.0
2537.0 -5961.0
2537.0 -5961.0
2537.0 -5961.0
2537.0 -5961.0
2537.0 -5961.0
2537.0 -5961.0
2537.0 -5961.0
2537.0 -5961.0
2537.0 -5961.0
2537.0 -5961.0
2537.0 -5961.0
2537.0 -5961.0
2537.0 -5961.0
2537.0 -5961.0
2537.0 -5961.0
2537.0 -5961.0
2537.0 -5961.0
2537.0 -5961.0
2537.0 -5961.0
2537.0 -5961.0
2537.0 -5961.0
2537.0 -5961.0
2537.0 -5961.0
2537.0 -5961.0
2537.0 -5961.0
2537.0 -5961.0
2537.0 -5961.0
2537.0 -5961.0
2537.0 -5961.0
2537.0 -5961.0
2537.0 -5961.0
2537.0 -5961.0
2537.0 -5961.0
2537.0 -5961.0
2537.0 -5961.0
2537.0 -5961.0
2537.0 -5961.0
2537.0 -5961.0
2537.0 -5961.0
2537.0 -5961.0
2537.0 -5961.0
2537.0 -5961.0
2537.0 -5961.0
2537.0 -5961.0
2537.0 -5961.0
2537.0 -5961.0
2537.0 -5961.0
2537.0 -5961.0
2537.0 -5961.0
2537.0 -5961.0
2537.0 -5961.0
2537.0 -5961.0
2537.0 -5961.0
2537.0 -5961.0
2537.0 -5961.0
2537.0 -5961.0
2537.0 -5961.0
2537.0 -5961.0
2537.0 -5961.0
2537.0 -5961.0
2537.0 -5961.0
2537.0 -5961.0
2537.0 -5961.0
2537.0 -5961.0
2537.0 -5961.0
