92.8 8.0 38.0 -13.2
92.8 8.0 38.0 -13.2
97.7 8.0 38.0 -15.6
97.7 8.0 38.0 -15.6
103.5 9.0 42.0 -16.8
103.5 9.0 42.0 -16.8
106.3 8.0 38.0 -16.8
106.3 8.0 38.0 -16.8
111.4 8.0 38.0 -18.0
111.4 8.0 38.0 -18.0
116.6 9.0 43.0 -19.2
116.6 9.0 43.0 -19.2
117.2 9.0 42.0 -19.2
117.2 9.0 42.0 -19.2
122.0 11.0 70.0 -21.6
122.0 11.0 70.0 -21.6
122.4 10.0 47.0 -20.4
122.4 10.0 47.0 -20.4
122.7 12.0 78.0 -22.8
124.9 9.0 40.0 -19.2
124.9 9.0 40.0 -19.2
130.0 11.0 69.0 -21.6
130.0 11.0 69.0 -21.6
130.1 10.0 45.0 -20.4
130.1 10.0 45.0 -20.4
130.7 12.0 77.0 -22.8
130.7 10.0 44.0 -20.4
130.7 10.0 44.0 -20.4
132.9 12.0 76.0 -22.8
132.9 12.0 76.0 -22.8
133.0 9.0 42.0 -20.4
133.0 9.0 42.0 -20.4
133.6 13.0 84.0 -24.0
133.6 13.0 84.0 -24.0
133.8 10.0 50.0 -21.6
133.8 10.0 50.0 -21.6
135.9 11.0 49.0 -21.6
135.9 11.0 49.0 -21.6
138.2 10.0 47.0 -21.6
138.2 10.0 47.0 -21.6
138.8 10.0 46.0 -21.6
138.8 10.0 46.0 -21.6
139.0 11.0 55.0 -22.8
139.0 11.0 55.0 -22.8
139.6 11.0 54.0 -22.8
139.6 11.0 54.0 -22.8
140.9 13.0 81.0 -24.0
140.9 13.0 81.0 -24.0
144.0 11.0 51.0 -22.8
144.0 11.0 51.0 -22.8
144.8 12.0 59.0 -24.0
144.8 12.0 59.0 -24.0
146.5 10.0 44.0 -21.6
146.5 10.0 44.0 -21.6
147.4 8.0 41.0 -20.4
147.4 12.0 77.0 -25.2
150.2 14.0 92.0 -26.4
150.2 14.0 92.0 -26.4
151.8 11.0 49.0 -22.8
151.8 11.0 49.0 -22.8
152.5 12.0 57.0 -24.0
152.5 9.0 42.0 -21.6
153.1 12.0 56.0 -24.0
153.1 12.0 56.0 -24.0
153.3 10.0 50.0 -22.8
153.3 10.0 50.0 -22.8
157.5 12.0 53.0 -24.0
157.5 12.0 53.0 -24.0
157.7 10.0 47.0 -22.8
157.8 13.0 62.0 -25.2
158.3 13.0 61.0 -25.2
158.3 10.0 46.0 -22.8
158.5 11.0 55.0 -24.0
158.5 11.0 55.0 -24.0
159.1 11.0 54.0 -24.0
159.1 11.0 54.0 -24.0
159.7 15.0 88.0 -26.4
159.7 15.0 88.0 -26.4
162.4 14.0 81.0 -26.4
162.4 14.0 81.0 -26.4
162.8 13.0 58.0 -25.2
162.8 13.0 58.0 -25.2
163.3 13.0 79.0 -26.4
163.3 13.0 79.0 -26.4
163.5 11.0 51.0 -24.0
163.6 14.0 66.0 -26.4
164.1 14.0 87.0 -27.6
164.1 14.0 87.0 -27.6
164.3 12.0 59.0 -25.2
164.3 12.0 59.0 -25.2
166.2 14.0 84.0 -27.6
166.2 14.0 84.0 -27.6
166.3 9.0 42.0 -22.8
166.3 9.0 42.0 -22.8
170.8 10.0 56.0 -24.0
171.3 14.0 64.0 -26.4
171.3 14.0 64.0 -26.4
171.5 10.0 47.0 -24.0
171.5 10.0 47.0 -24.0
171.9 14.0 63.0 -26.4
172.0 15.0 88.0 -28.8
172.1 8.0 41.0 -21.6
172.1 10.0 46.0 -24.0
172.3 12.0 74.0 -26.4
172.6 12.0 56.0 -25.2
172.6 12.0 56.0 -25.2
176.3 14.0 60.0 -26.4
176.3 14.0 60.0 -26.4
177.0 12.0 53.0 -25.2
177.1 15.0 68.0 -27.6
177.1 15.0 68.0 -27.6
177.3 13.0 62.0 -26.4
177.3 13.0 62.0 -26.4
177.4 9.0 42.0 -24.0
177.4 9.0 42.0 -24.0
177.8 13.0 61.0 -26.4
177.8 13.0 61.0 -26.4
178.1 13.0 78.0 -27.6
178.1 13.0 78.0 -27.6
180.7 8.0 41.0 -22.8
180.7 8.0 41.0 -22.8
181.9 12.0 73.0 -26.4
182.0 12.0 66.0 -26.4
182.0 12.0 66.0 -26.4
182.1 15.0 86.0 -28.8
182.1 15.0 86.0 -28.8
182.6 10.0 47.0 -25.2
182.6 10.0 47.0 -25.2
182.9 16.0 94.0 -30.0
182.9 16.0 94.0 -30.0
183.1 14.0 66.0 -27.6
183.2 10.0 46.0 -25.2
183.2 10.0 46.0 -25.2
185.3 12.0 59.0 -26.4
185.3 12.0 59.0 -26.4
185.6 14.0 90.0 -28.8
185.7 14.0 84.0 -28.8
185.9 12.0 58.0 -26.4
185.9 12.0 58.0 -26.4
186.3 11.0 58.0 -26.4
187.1 12.0 66.0 -27.6
187.1 12.0 66.0 -27.6
188.4 11.0 51.0 -26.4
190.8 14.0 64.0 -27.6
190.9 10.0 44.0 -25.2
191.1 13.0 63.0 -27.6
191.2 16.0 74.0 -28.8
191.2 16.0 74.0 -28.8
191.4 15.0 94.0 -30.0
191.4 15.0 94.0 -30.0
191.6 14.0 63.0 -28.8
191.6 14.0 63.0 -28.8
191.8 8.0 41.0 -24.0
191.8 8.0 41.0 -24.0
192.1 12.0 62.0 -27.6
192.1 12.0 62.0 -27.6
192.9 13.0 70.0 -28.8
192.9 13.0 70.0 -28.8
193.7 11.0 50.0 -26.4
193.7 11.0 50.0 -26.4
193.9 12.0 59.0 -27.6
193.9 12.0 59.0 -27.6
194.5 12.0 58.0 -27.6
194.5 12.0 58.0 -27.6
196.1 11.0 49.0 -26.4
196.1 11.0 49.0 -26.4
196.7 11.0 48.0 -26.4
196.7 11.0 48.0 -26.4
196.9 9.0 42.0 -25.2
196.9 9.0 42.0 -25.2
197.0 17.0 100.0 -31.2
197.0 17.0 100.0 -31.2
197.4 10.0 53.0 -26.4
197.4 10.0 53.0 -26.4
197.4 11.0 58.0 -27.6
198.2 12.0 66.0 -28.8
198.2 12.0 66.0 -28.8
198.3 16.0 93.0 -30.0
198.3 16.0 93.0 -30.0
198.9 12.0 55.0 -27.6
199.0 10.0 46.0 -26.4
199.0 10.0 46.0 -26.4
199.3 15.0 91.0 -30.0
199.3 15.0 91.0 -30.0
199.5 14.0 85.0 -30.0
199.5 14.0 85.0 -30.0
199.7 13.0 63.0 -28.8
199.8 11.0 54.0 -27.6
201.9 12.0 53.0 -27.6
201.9 12.0 53.0 -27.6
202.3 16.0 100.0 -31.2
202.3 16.0 100.0 -31.2
203.2 12.0 62.0 -28.8
203.2 12.0 62.0 -28.8
204.0 13.0 70.0 -30.0
204.0 13.0 70.0 -30.0
204.2 11.0 51.0 -27.6
204.2 11.0 51.0 -27.6
204.4 16.0 97.0 -31.2
204.4 16.0 97.0 -31.2
204.8 11.0 50.0 -27.6
204.8 11.0 50.0 -27.6
205.0 12.0 59.0 -28.8
205.0 12.0 59.0 -28.8
205.6 12.0 58.0 -28.8
205.6 12.0 58.0 -28.8
207.2 16.0 92.0 -31.2
207.2 16.0 92.0 -31.2
210.0 18.0 107.0 -32.4
210.0 18.0 107.0 -32.4
210.0 12.0 55.0 -28.8
210.2 17.0 101.0 -32.4
210.2 17.0 101.0 -32.4
210.4 10.0 44.0 -26.4
210.4 10.0 44.0 -26.4
210.4 15.0 91.0 -31.2
210.8 13.0 63.0 -30.0
210.8 13.0 63.0 -30.0
211.4 15.0 79.0 -31.2
211.4 15.0 79.0 -31.2
211.7 15.0 77.0 -31.2
211.7 15.0 77.0 -31.2
212.5 11.0 48.0 -27.6
216.2 10.0 50.0 -27.6
216.2 10.0 50.0 -27.6
216.5 17.0 100.0 -32.4
216.5 17.0 100.0 -32.4
216.7 14.0 75.0 -31.2
216.7 14.0 75.0 -31.2
216.9 11.0 58.0 -28.8
217.0 14.0 73.0 -31.2
217.0 14.0 73.0 -31.2
217.7 12.0 66.0 -30.0
217.8 12.0 53.0 -28.8
218.1 17.0 98.0 -32.4
218.1 17.0 98.0 -32.4
218.3 12.0 52.0 -28.8
218.3 12.0 52.0 -28.8
218.5 10.0 46.0 -27.6
218.5 10.0 46.0 -27.6
218.5 13.0 61.0 -30.0
219.1 13.0 60.0 -30.0
219.1 13.0 60.0 -30.0
219.3 11.0 54.0 -28.8
219.3 11.0 54.0 -28.8
220.7 17.0 87.0 -32.4
220.7 17.0 87.0 -32.4
221.1 18.0 107.0 -33.6
221.1 18.0 107.0 -33.6
221.7 14.0 71.0 -31.2
221.7 14.0 71.0 -31.2
222.0 14.0 69.0 -31.2
222.0 14.0 69.0 -31.2
222.5 15.0 79.0 -32.4
222.5 15.0 79.0 -32.4
222.7 12.0 62.0 -30.0
222.8 15.0 77.0 -32.4
222.8 15.0 77.0 -32.4
223.0 13.0 58.0 -30.0
223.0 13.0 58.0 -30.0
223.5 13.0 70.0 -31.2
223.5 13.0 57.0 -30.0
223.7 11.0 51.0 -28.8
223.7 11.0 51.0 -28.8
223.8 14.0 66.0 -31.2
223.8 14.0 66.0 -31.2
224.3 14.0 65.0 -31.2
224.3 11.0 50.0 -28.8
224.5 12.0 59.0 -30.0
224.5 12.0 59.0 -30.0
225.1 12.0 58.0 -30.0
225.1 12.0 58.0 -30.0
227.7 18.0 105.0 -33.6
227.7 18.0 105.0 -33.6
228.8 14.0 62.0 -31.2
228.8 14.0 62.0 -31.2
229.2 17.0 98.0 -33.6
229.2 17.0 98.0 -33.6
229.5 12.0 55.0 -30.0
229.5 12.0 55.0 -30.0
229.6 15.0 70.0 -32.4
230.3 13.0 63.0 -31.2
230.3 13.0 63.0 -31.2
231.8 17.0 87.0 -33.6
231.8 17.0 87.0 -33.6
232.0 11.0 48.0 -28.8
232.0 11.0 48.0 -28.8
234.6 16.0 83.0 -33.6
234.6 16.0 83.0 -33.6
235.2 16.0 82.0 -33.6
235.2 16.0 82.0 -33.6
236.5 14.0 73.0 -32.4
236.5 14.0 60.0 -31.2
237.1 14.0 59.0 -31.2
237.2 12.0 53.0 -30.0
237.3 15.0 68.0 -32.4
237.8 12.0 52.0 -30.0
237.8 12.0 52.0 -30.0
237.9 15.0 67.0 -32.4
237.9 15.0 67.0 -32.4
238.0 13.0 61.0 -31.2
238.5 16.0 81.0 -33.6
238.5 16.0 81.0 -33.6
238.6 19.0 111.0 -34.8
238.6 19.0 111.0 -34.8
239.5 19.0 94.0 -34.8
239.5 19.0 94.0 -34.8
239.7 14.0 70.0 -32.4
239.7 14.0 70.0 -32.4
240.4 17.0 87.0 -34.8
240.5 15.0 78.0 -33.6
241.5 14.0 69.0 -32.4
241.5 14.0 69.0 -32.4
242.3 15.0 77.0 -33.6
242.3 15.0 64.0 -32.4
242.5 13.0 58.0 -31.2
242.5 13.0 58.0 -31.2
243.0 13.0 57.0 -31.2
243.0 13.0 57.0 -31.2
243.1 16.0 72.0 -33.6
243.1 16.0 72.0 -33.6
243.3 14.0 66.0 -32.4
243.3 14.0 66.0 -32.4
243.8 14.0 65.0 -32.4
243.8 14.0 65.0 -32.4
244.9 15.0 75.0 -33.6
244.9 15.0 75.0 -33.6
245.5 15.0 74.0 -33.6
245.5 15.0 74.0 -33.6
245.7 16.0 83.0 -34.8
245.7 16.0 83.0 -34.8
246.3 16.0 82.0 -34.8
246.3 16.0 82.0 -34.8
248.3 14.0 62.0 -32.4
248.3 14.0 62.0 -32.4
249.1 15.0 70.0 -33.6
249.1 15.0 70.0 -33.6
250.6 19.0 94.0 -36.0
250.6 19.0 94.0 -36.0
250.7 16.0 79.0 -34.8
250.8 13.0 55.0 -31.2
250.8 13.0 55.0 -31.2
251.5 17.0 87.0 -36.0
251.5 17.0 87.0 -36.0
254.1 13.0 69.0 -32.4
254.1 13.0 69.0 -32.4
254.9 14.0 77.0 -33.6
254.9 14.0 77.0 -33.6
256.0 14.0 60.0 -32.4
256.0 14.0 60.0 -32.4
256.6 14.0 59.0 -32.4
256.6 14.0 59.0 -32.4
256.8 15.0 68.0 -33.6
256.8 15.0 68.0 -33.6
257.4 15.0 67.0 -33.6
257.4 15.0 67.0 -33.6
258.4 16.0 77.0 -34.8
258.4 16.0 77.0 -34.8
258.5 13.0 62.0 -32.4
258.5 18.0 86.0 -36.0
258.5 13.0 62.0 -32.4
259.0 16.0 76.0 -34.8
259.0 16.0 76.0 -34.8
259.2 19.0 94.0 -37.2
259.2 14.0 70.0 -33.6
259.2 17.0 85.0 -36.0
259.8 17.0 84.0 -36.0
259.8 17.0 84.0 -36.0
260.0 15.0 78.0 -34.8
261.8 15.0 64.0 -33.6
261.8 15.0 64.0 -33.6
262.6 16.0 72.0 -34.8
262.6 16.0 72.0 -34.8
263.7 17.0 82.0 -36.0
263.7 17.0 82.0 -36.0
264.2 17.0 81.0 -36.0
264.2 17.0 81.0 -36.0
264.3 14.0 66.0 -33.6
264.3 14.0 66.0 -33.6
264.5 18.0 90.0 -37.2
264.5 18.0 90.0 -37.2
265.0 18.0 89.0 -37.2
265.0 15.0 74.0 -34.8
265.2 16.0 83.0 -36.0
265.2 16.0 83.0 -36.0
265.8 16.0 82.0 -36.0
265.8 16.0 82.0 -36.0
268.8 17.0 78.0 -36.0
268.8 17.0 78.0 -36.0
269.5 18.0 86.0 -37.2
269.5 18.0 86.0 -37.2
270.2 16.0 79.0 -36.0
270.2 16.0 79.0 -36.0
270.3 19.0 94.0 -38.4
270.3 19.0 94.0 -38.4
271.0 17.0 87.0 -37.2
271.0 17.0 87.0 -37.2
272.0 14.0 64.0 -33.6
272.0 14.0 64.0 -33.6
274.1 15.0 63.0 -33.6
274.1 15.0 63.0 -33.6
275.9 16.0 70.0 -34.8
275.9 16.0 70.0 -34.8
276.5 17.0 76.0 -36.0
276.5 17.0 76.0 -36.0
277.1 17.0 75.0 -36.0
277.2 15.0 69.0 -34.8
277.3 18.0 84.0 -37.2
277.8 15.0 68.0 -34.8
277.8 15.0 68.0 -34.8
277.9 16.0 77.0 -36.0
278.0 19.0 92.0 -38.4
278.0 19.0 92.0 -38.4
278.5 16.0 76.0 -36.0
278.5 16.0 76.0 -36.0
278.6 19.0 91.0 -38.4
278.7 17.0 85.0 -37.2
279.3 17.0 84.0 -37.2
279.3 17.0 84.0 -37.2
282.3 18.0 80.0 -37.2
282.3 18.0 80.0 -37.2
282.5 16.0 74.0 -36.0
282.5 16.0 74.0 -36.0
283.0 16.0 73.0 -36.0
283.0 16.0 73.0 -36.0
283.1 19.0 88.0 -38.4
283.2 17.0 82.0 -37.2
283.2 17.0 82.0 -37.2
283.7 17.0 81.0 -37.2
283.7 17.0 81.0 -37.2
283.8 20.0 96.0 -39.6
283.8 20.0 96.0 -39.6
284.0 18.0 90.0 -38.4
284.0 18.0 90.0 -38.4
284.5 18.0 89.0 -38.4
284.5 18.0 89.0 -38.4
288.3 17.0 78.0 -37.2
288.3 17.0 78.0 -37.2
289.0 18.0 86.0 -38.4
289.0 18.0 86.0 -38.4
289.8 19.0 94.0 -39.6
289.8 19.0 94.0 -39.6
290.8 16.0 71.0 -36.0
290.8 16.0 71.0 -36.0
296.0 17.0 76.0 -37.2
296.0 17.0 76.0 -37.2
296.6 17.0 75.0 -37.2
296.6 17.0 75.0 -37.2
296.7 18.0 84.0 -38.4
297.3 18.0 83.0 -38.4
297.3 18.0 83.0 -38.4
297.5 19.0 92.0 -39.6
297.5 19.0 92.0 -39.6
297.9 21.0 102.0 -40.8
297.9 21.0 102.0 -40.8
298.1 19.0 91.0 -39.6
298.1 19.0 91.0 -39.6
301.3 21.0 100.0 -40.8
301.3 21.0 100.0 -40.8
301.8 18.0 80.0 -38.4
301.8 18.0 80.0 -38.4
302.5 19.0 88.0 -39.6
302.5 19.0 88.0 -39.6
303.3 20.0 96.0 -40.8
303.3 20.0 96.0 -40.8
310.6 23.0 126.0 -42.0
310.6 23.0 126.0 -42.0
314.9 19.0 87.0 -39.6
314.9 19.0 87.0 -39.6
315.3 23.0 119.0 -42.0
315.3 23.0 119.0 -42.0
315.4 22.0 106.0 -42.0
315.4 22.0 106.0 -42.0
315.6 20.0 95.0 -40.8
315.6 20.0 95.0 -40.8
315.9 19.0 86.0 -39.6
315.9 19.0 86.0 -39.6
316.6 20.0 94.0 -40.8
316.6 20.0 94.0 -40.8
317.4 21.0 102.0 -42.0
317.4 21.0 102.0 -42.0
319.3 19.0 84.0 -39.6
319.3 19.0 84.0 -39.6
320.0 20.0 92.0 -40.8
320.8 21.0 100.0 -42.0
320.8 21.0 100.0 -42.0
330.1 23.0 126.0 -43.2
330.1 23.0 126.0 -43.2
331.0 23.0 120.0 -43.2
333.4 20.0 90.0 -40.8
333.4 20.0 90.0 -40.8
334.0 22.0 112.0 -43.2
334.0 22.0 112.0 -43.2
334.2 21.0 98.0 -42.0
334.2 21.0 98.0 -42.0
334.9 22.0 106.0 -43.2
334.9 22.0 106.0 -43.2
347.6 24.0 130.0 -44.4
351.5 23.0 116.0 -44.4
351.5 23.0 116.0 -44.4
