141.9 11.0 61.0 -21.6
141.9 11.0 61.0 -21.6
147.7 12.0 65.0 -22.8
147.7 12.0 65.0 -22.8
150.5 11.0 61.0 -22.8
150.5 11.0 61.0 -22.8
151.4 13.0 71.0 -24.0
151.4 13.0 71.0 -24.0
151.9 12.0 70.0 -24.0
152.1 12.0 62.0 -24.0
152.1 12.0 62.0 -24.0
154.3 14.0 78.0 -25.2
154.3 14.0 78.0 -25.2
154.7 11.0 55.0 -21.6
154.7 11.0 55.0 -21.6
155.6 11.0 61.0 -24.0
155.6 11.0 61.0 -24.0
156.3 13.0 79.0 -25.2
156.3 13.0 79.0 -25.2
157.0 12.0 70.0 -25.2
157.2 12.0 58.0 -24.0
157.4 11.0 54.0 -22.8
157.4 11.0 54.0 -22.8
157.9 13.0 66.0 -25.2
157.9 13.0 66.0 -25.2
159.2 14.0 86.0 -26.4
159.2 14.0 86.0 -26.4
161.4 12.0 65.0 -25.2
161.5 14.0 84.0 -26.4
161.5 14.0 84.0 -26.4
162.1 14.0 83.0 -26.4
162.2 13.0 75.0 -26.4
162.2 13.0 75.0 -26.4
162.8 13.0 74.0 -26.4
162.8 13.0 74.0 -26.4
164.4 15.0 91.0 -27.6
164.4 15.0 91.0 -27.6
164.9 12.0 56.0 -24.0
165.0 15.0 90.0 -27.6
165.0 15.0 90.0 -27.6
165.6 13.0 64.0 -25.2
165.6 13.0 64.0 -25.2
166.0 11.0 54.0 -24.0
166.0 11.0 54.0 -24.0
166.7 12.0 62.0 -25.2
166.7 12.0 62.0 -25.2
167.3 15.0 88.0 -27.6
167.3 15.0 88.0 -27.6
168.0 14.0 79.0 -27.6
168.0 14.0 79.0 -27.6
170.1 13.0 61.0 -25.2
170.2 16.0 95.0 -28.8
170.2 16.0 95.0 -28.8
170.7 13.0 60.0 -25.2
170.7 13.0 60.0 -25.2
171.1 13.0 71.0 -26.4
171.1 11.0 54.0 -25.2
171.4 14.0 68.0 -26.4
171.4 14.0 68.0 -26.4
171.8 12.0 62.0 -26.4
171.8 12.0 62.0 -26.4
174.0 14.0 78.0 -27.6
174.0 14.0 78.0 -27.6
175.7 14.0 77.0 -27.6
175.7 14.0 77.0 -27.6
176.3 14.0 76.0 -27.6
176.3 12.0 59.0 -26.4
176.3 12.0 59.0 -26.4
176.6 15.0 73.0 -27.6
176.6 15.0 73.0 -27.6
176.9 12.0 58.0 -26.4
177.0 13.0 67.0 -27.6
177.0 13.0 67.0 -27.6
177.6 13.0 66.0 -27.6
177.6 13.0 66.0 -27.6
177.9 16.0 93.0 -28.8
177.9 16.0 93.0 -28.8
178.3 15.0 86.0 -28.8
178.3 15.0 86.0 -28.8
178.9 15.0 85.0 -28.8
178.9 15.0 85.0 -28.8
179.2 15.0 83.0 -28.8
179.4 14.0 82.0 -28.8
179.4 14.0 82.0 -28.8
180.4 10.0 53.0 -24.0
180.4 10.0 53.0 -24.0
181.1 17.0 101.0 -30.0
181.1 17.0 101.0 -30.0
181.5 15.0 81.0 -28.8
181.6 16.0 98.0 -30.0
181.6 16.0 98.0 -30.0
182.1 15.0 80.0 -28.8
182.1 13.0 63.0 -27.6
182.1 13.0 63.0 -27.6
182.8 14.0 71.0 -28.8
182.8 14.0 71.0 -28.8
183.7 17.0 97.0 -30.0
183.9 16.0 96.0 -30.0
183.9 16.0 96.0 -30.0
184.5 16.0 95.0 -30.0
184.6 15.0 87.0 -30.0
184.6 12.0 56.0 -26.4
185.2 15.0 86.0 -30.0
185.2 15.0 86.0 -30.0
185.5 10.0 53.0 -25.2
185.5 10.0 53.0 -25.2
186.2 11.0 61.0 -26.4
186.2 11.0 61.0 -26.4
186.8 17.0 103.0 -31.2
186.8 17.0 103.0 -31.2
187.4 17.0 102.0 -31.2
187.4 17.0 102.0 -31.2
189.7 17.0 100.0 -31.2
189.8 13.0 61.0 -27.6
190.4 16.0 91.0 -31.2
190.6 11.0 54.0 -26.4
190.6 11.0 54.0 -26.4
191.1 14.0 68.0 -28.8
191.3 12.0 62.0 -27.6
192.6 18.0 107.0 -32.4
192.6 18.0 107.0 -32.4
192.9 15.0 84.0 -30.0
192.9 15.0 84.0 -30.0
193.2 16.0 81.0 -30.0
193.4 13.0 66.0 -28.8
194.2 14.0 74.0 -30.0
194.2 14.0 74.0 -30.0
195.6 14.0 65.0 -28.8
195.8 12.0 59.0 -27.6
196.3 15.0 73.0 -30.0
196.4 12.0 58.0 -27.6
197.9 13.0 63.0 -28.8
198.1 16.0 89.0 -31.2
198.1 16.0 89.0 -31.2
198.5 13.0 62.0 -28.8
198.7 16.0 88.0 -31.2
199.0 17.0 85.0 -31.2
199.2 14.0 70.0 -30.0
199.4 15.0 79.0 -31.2
200.0 15.0 78.0 -31.2
200.0 15.0 78.0 -31.2
200.3 18.0 105.0 -32.4
200.3 18.0 105.0 -32.4
200.7 17.0 98.0 -32.4
200.7 17.0 98.0 -32.4
201.3 17.0 97.0 -32.4
201.3 17.0 97.0 -32.4
201.6 17.0 95.0 -32.4
201.6 17.0 95.0 -32.4
202.2 17.0 94.0 -32.4
202.2 17.0 94.0 -32.4
203.5 19.0 113.0 -33.6
203.5 19.0 113.0 -33.6
203.7 14.0 67.0 -30.0
203.9 17.0 93.0 -32.4
204.1 12.0 56.0 -27.6
204.1 12.0 56.0 -27.6
204.4 15.0 75.0 -31.2
204.5 17.0 92.0 -32.4
204.5 17.0 92.0 -32.4
205.2 16.0 83.0 -32.4
205.2 16.0 83.0 -32.4
205.6 19.0 110.0 -33.6
205.6 19.0 110.0 -33.6
206.1 19.0 109.0 -33.6
206.2 13.0 60.0 -28.8
207.1 11.0 57.0 -27.6
207.1 11.0 57.0 -27.6
207.4 18.0 99.0 -33.6
207.4 18.0 99.0 -33.6
207.8 12.0 65.0 -28.8
207.8 12.0 65.0 -28.8
208.6 13.0 73.0 -30.0
208.6 13.0 73.0 -30.0
209.2 18.0 98.0 -33.6
209.2 18.0 98.0 -33.6
211.4 20.0 114.0 -34.8
211.4 20.0 114.0 -34.8
211.4 14.0 65.0 -30.0
212.0 14.0 64.0 -30.0
212.2 12.0 58.0 -28.8
212.2 15.0 73.0 -31.2
212.7 15.0 72.0 -31.2
212.9 16.0 81.0 -32.4
213.0 13.0 66.0 -30.0
213.5 16.0 80.0 -32.4
213.7 14.0 74.0 -31.2
215.1 18.0 97.0 -33.6
215.1 18.0 97.0 -33.6
216.7 15.0 70.0 -31.2
216.9 18.0 96.0 -33.6
217.2 15.0 69.0 -31.2
217.4 13.0 63.0 -30.0
217.5 18.0 95.0 -33.6
217.8 19.0 92.0 -33.6
218.1 14.0 71.0 -31.2
218.2 17.0 86.0 -33.6
218.7 14.0 70.0 -31.2
218.9 15.0 79.0 -32.4
219.1 20.0 112.0 -34.8
219.1 20.0 112.0 -34.8
219.5 19.0 105.0 -34.8
219.5 15.0 78.0 -32.4
220.1 19.0 104.0 -34.8
220.1 19.0 104.0 -34.8
220.4 19.0 102.0 -34.8
220.4 19.0 102.0 -34.8
220.9 19.0 101.0 -34.8
220.9 19.0 101.0 -34.8
222.3 21.0 120.0 -36.0
222.3 21.0 120.0 -36.0
222.5 16.0 74.0 -32.4
222.7 19.0 100.0 -34.8
223.2 17.0 82.0 -33.6
223.3 19.0 99.0 -34.8
223.9 15.0 75.0 -32.4
224.0 18.0 90.0 -34.8
224.7 16.0 83.0 -33.6
224.9 21.0 116.0 -36.0
225.0 15.0 67.0 -31.2
225.7 13.0 60.0 -30.0
225.7 13.0 60.0 -30.0
226.2 20.0 106.0 -36.0
226.2 20.0 106.0 -36.0
230.2 16.0 72.0 -32.4
230.2 16.0 72.0 -32.4
230.8 16.0 71.0 -32.4
230.9 14.0 65.0 -31.2
230.9 17.0 80.0 -33.6
231.5 17.0 79.0 -33.6
231.5 17.0 79.0 -33.6
231.7 18.0 88.0 -34.8
232.2 15.0 72.0 -32.4
232.4 16.0 81.0 -33.6
233.0 16.0 80.0 -33.6
233.0 16.0 80.0 -33.6
233.9 20.0 104.0 -36.0
233.9 20.0 104.0 -36.0
235.8 22.0 122.0 -37.2
235.8 22.0 122.0 -37.2
236.0 17.0 76.0 -33.6
236.2 15.0 70.0 -32.4
236.7 17.0 95.0 -34.8
236.9 12.0 58.0 -30.0
236.9 12.0 58.0 -30.0
236.9 16.0 78.0 -33.6
237.4 16.0 77.0 -33.6
237.4 16.0 77.0 -33.6
237.7 17.0 86.0 -34.8
237.7 17.0 86.0 -34.8
238.2 17.0 85.0 -34.8
238.2 17.0 85.0 -34.8
239.0 13.0 62.0 -31.2
239.0 13.0 62.0 -31.2
239.7 21.0 108.0 -37.2
239.9 19.0 102.0 -36.0
240.4 19.0 101.0 -36.0
240.5 15.0 78.0 -33.6
242.0 16.0 74.0 -33.6
242.0 16.0 74.0 -33.6
242.7 17.0 82.0 -34.8
242.8 19.0 99.0 -36.0
243.5 18.0 90.0 -36.0
243.5 18.0 90.0 -36.0
244.5 15.0 67.0 -32.4
244.5 15.0 67.0 -32.4
244.8 14.0 66.0 -32.4
244.9 15.0 75.0 -33.6
245.5 15.0 74.0 -33.6
245.7 20.0 106.0 -37.2
246.3 16.0 82.0 -34.8
246.3 16.0 82.0 -34.8
247.8 20.0 99.0 -37.2
247.8 20.0 99.0 -37.2
249.7 16.0 72.0 -33.6
249.7 16.0 72.0 -33.6
249.9 23.0 128.0 -38.4
249.9 23.0 128.0 -38.4
250.0 15.0 71.0 -33.6
250.4 13.0 60.0 -31.2
250.4 13.0 60.0 -31.2
250.4 17.0 80.0 -34.8
250.7 16.0 79.0 -34.8
250.7 16.0 79.0 -34.8
251.2 18.0 88.0 -36.0
251.5 17.0 87.0 -36.0
251.6 20.0 98.0 -37.2
252.5 14.0 64.0 -32.4
252.5 14.0 64.0 -32.4
253.3 23.0 126.0 -38.4
253.3 23.0 126.0 -38.4
253.8 22.0 114.0 -38.4
253.8 22.0 114.0 -38.4
255.0 20.0 96.0 -37.2
255.0 20.0 96.0 -37.2
255.5 17.0 76.0 -34.8
255.5 19.0 102.0 -37.2
256.2 18.0 84.0 -36.0
257.0 19.0 92.0 -37.2
257.2 22.0 112.0 -38.4
257.7 21.0 118.0 -38.4
257.7 21.0 118.0 -38.4
258.3 15.0 68.0 -33.6
258.5 13.0 62.0 -32.4
259.0 16.0 76.0 -34.8
259.2 21.0 108.0 -38.4
259.3 14.0 70.0 -33.6
259.8 17.0 84.0 -36.0
260.0 15.0 78.0 -34.8
261.8 18.0 94.0 -37.2
261.8 18.0 94.0 -37.2
263.0 16.0 74.0 -34.8
263.0 16.0 74.0 -34.8
263.5 16.0 73.0 -34.8
263.7 17.0 82.0 -36.0
264.2 17.0 81.0 -36.0
264.4 15.0 75.0 -34.8
264.8 21.0 107.0 -38.4
265.0 15.0 74.0 -34.8
265.3 21.0 103.0 -38.4
265.8 16.0 82.0 -36.0
265.8 16.0 82.0 -36.0
266.4 20.0 108.0 -38.4
266.4 20.0 108.0 -38.4
268.6 22.0 124.0 -39.6
268.6 22.0 124.0 -39.6
269.0 20.0 104.0 -38.4
269.5 18.0 86.0 -37.2
269.5 20.0 101.0 -38.4
270.2 16.0 79.0 -36.0
270.3 19.0 94.0 -38.4
270.8 23.0 122.0 -39.6
271.0 17.0 87.0 -37.2
271.2 22.0 120.0 -39.6
271.3 23.0 118.0 -39.6
271.7 14.0 66.0 -33.6
271.7 14.0 66.0 -33.6
272.0 14.0 64.0 -33.6
272.0 14.0 64.0 -33.6
272.8 15.0 72.0 -34.8
273.3 22.0 114.0 -39.6
273.3 22.0 114.0 -39.6
275.0 16.0 71.0 -34.8
275.0 16.0 71.0 -34.8
276.5 17.0 76.0 -36.0
276.7 22.0 112.0 -39.6
276.9 15.0 71.0 -34.8
277.2 15.0 69.0 -34.8
277.2 21.0 118.0 -39.6
277.2 15.0 69.0 -34.8
277.8 15.0 68.0 -34.8
277.8 15.0 68.0 -34.8
278.0 16.0 77.0 -36.0
278.5 16.0 76.0 -36.0
278.6 19.0 91.0 -38.4
278.8 17.0 85.0 -37.2
279.3 17.0 84.0 -37.2
279.3 17.0 84.0 -37.2
279.9 21.0 110.0 -39.6
279.9 21.0 110.0 -39.6
280.6 20.0 101.0 -39.6
280.6 20.0 101.0 -39.6
281.3 18.0 94.0 -38.4
281.3 18.0 94.0 -38.4
282.1 23.0 126.0 -40.8
282.1 23.0 126.0 -40.8
282.3 18.0 80.0 -37.2
282.5 16.0 74.0 -36.0
283.0 16.0 73.0 -36.0
283.0 16.0 73.0 -36.0
283.2 17.0 82.0 -37.2
283.8 17.0 81.0 -37.2
283.8 17.0 81.0 -37.2
284.0 18.0 90.0 -38.4
284.6 18.0 89.0 -38.4
284.6 18.0 89.0 -38.4
288.1 22.0 124.0 -40.8
288.1 22.0 124.0 -40.8
288.3 17.0 78.0 -37.2
288.9 20.0 98.0 -39.6
289.0 18.0 86.0 -38.4
289.8 19.0 94.0 -39.6
289.8 19.0 94.0 -39.6
290.3 23.0 122.0 -40.8
290.3 23.0 122.0 -40.8
290.8 16.0 71.0 -36.0
290.8 16.0 71.0 -36.0
290.8 23.0 118.0 -40.8
294.0 22.0 116.0 -40.8
294.0 22.0 116.0 -40.8
294.1 21.0 103.0 -40.8
296.0 17.0 76.0 -37.2
296.0 17.0 76.0 -37.2
296.2 24.0 132.0 -42.0
296.2 24.0 132.0 -42.0
296.6 17.0 75.0 -37.2
296.6 17.0 75.0 -37.2
296.7 18.0 84.0 -38.4
297.3 18.0 83.0 -38.4
297.3 18.0 83.0 -38.4
297.5 19.0 92.0 -39.6
298.1 19.0 91.0 -39.6
298.1 19.0 91.0 -39.6
299.6 24.0 130.0 -42.0
299.6 24.0 130.0 -42.0
300.1 20.0 101.0 -40.8
300.1 20.0 101.0 -40.8
301.6 23.0 126.0 -42.0
301.6 23.0 126.0 -42.0
301.8 18.0 80.0 -38.4
301.8 18.0 80.0 -38.4
302.5 19.0 88.0 -39.6
302.5 19.0 88.0 -39.6
303.9 20.0 100.0 -40.8
303.9 20.0 100.0 -40.8
307.8 20.0 99.0 -40.8
307.8 20.0 99.0 -40.8
308.2 22.0 109.0 -42.0
308.4 20.0 98.0 -40.8
310.7 20.0 96.0 -40.8
310.7 20.0 96.0 -40.8
311.6 22.0 107.0 -42.0
311.6 22.0 107.0 -42.0
312.1 19.0 87.0 -39.6
312.1 19.0 87.0 -39.6
312.8 25.0 142.0 -43.2
312.8 25.0 142.0 -43.2
312.8 20.0 95.0 -40.8
313.2 25.0 140.0 -43.2
313.2 25.0 140.0 -43.2
313.6 21.0 103.0 -42.0
313.6 21.0 103.0 -42.0
313.7 25.0 136.0 -43.2
313.7 25.0 136.0 -43.2
315.7 24.0 132.0 -43.2
315.7 24.0 132.0 -43.2
319.1 24.0 130.0 -43.2
319.1 24.0 130.0 -43.2
323.3 19.0 86.0 -39.6
323.3 19.0 86.0 -39.6
324.0 20.0 94.0 -40.8
324.0 20.0 94.0 -40.8
324.8 21.0 102.0 -42.0
324.8 21.0 102.0 -42.0
326.2 20.0 93.0 -40.8
326.2 20.0 93.0 -40.8
326.7 19.0 84.0 -39.6
326.7 19.0 84.0 -39.6
326.9 21.0 101.0 -42.0
327.4 20.0 92.0 -40.8
327.4 20.0 92.0 -40.8
327.7 22.0 109.0 -43.2
327.7 22.0 109.0 -43.2
328.2 21.0 100.0 -42.0
328.2 21.0 100.0 -42.0
329.6 20.0 91.0 -40.8
329.6 20.0 91.0 -40.8
329.8 26.0 150.0 -44.4
329.8 26.0 150.0 -44.4
330.3 26.0 146.0 -44.4
330.3 21.0 99.0 -42.0
330.3 26.0 146.0 -44.4
330.7 26.0 144.0 -44.4
330.7 26.0 144.0 -44.4
331.1 22.0 107.0 -43.2
331.1 22.0 107.0 -43.2
332.3 25.0 142.0 -44.4
332.3 25.0 142.0 -44.4
332.7 25.0 140.0 -44.4
332.7 25.0 140.0 -44.4
333.2 25.0 136.0 -44.4
333.2 25.0 136.0 -44.4
340.8 20.0 90.0 -40.8
340.8 20.0 90.0 -40.8
341.5 21.0 98.0 -42.0
341.5 21.0 98.0 -42.0
342.3 22.0 106.0 -43.2
342.3 22.0 106.0 -43.2
343.7 21.0 97.0 -42.0
343.7 21.0 97.0 -42.0
344.3 23.0 119.0 -44.4
344.4 22.0 105.0 -43.2
344.4 22.0 105.0 -43.2
344.7 23.0 117.0 -44.4
344.7 23.0 117.0 -44.4
345.2 23.0 113.0 -44.4
345.2 23.0 113.0 -44.4
347.3 27.0 154.0 -45.6
347.3 27.0 154.0 -45.6
349.3 26.0 150.0 -45.6
349.3 26.0 150.0 -45.6
349.8 26.0 146.0 -45.6
349.8 26.0 146.0 -45.6
350.2 26.0 144.0 -45.6
350.2 26.0 144.0 -45.6
362.2 24.0 121.0 -45.6
362.2 24.0 121.0 -45.6
366.8 27.0 154.0 -46.8
366.8 27.0 154.0 -46.8
378.8 25.0 131.0 -46.8
