1000100010100111100100011000110010000110001
1000100010100111100100011000110010000110001
1000100010100111100100011100110010000110001
1000100010100111100100011100110010000110001
1000100010100111100100011000110010000110101
1000100010100111100100011000110010000110101
1000100010100111100100011100110010000110101
1000100010100111100100011100110010000110101
1000100010100111111100111000110010000110001
1000100010100111111100111000110010000110001
1011100010100111100100011000110010000110001
1011100010100111100100011000110010000110001
1000100010100111101100111100110010000110001
1000100011100111100100011000110010000110001
1000100011100111100100011000110010000110001
1000100010100111101100111000110010000110101
1000100010100111101100111000110010000110101
1000100010100111001100111001110010000110101
1000100010100111001100111001110010000110101
1000101010101111100100011000110010000110001
1000101010101111100100011000110010000110001
1000100010100111111100111100110010000110001
1000100010100111111100111100110010000110001
1000100010100111111100111000110010000110101
1000100010100111111100111000110010000110101
1000100010100111101100111100110010000110101
1000100010100111101100111100110010000110101
1000101010101111100100011100110010000110001
1000101010101111100100011100110010000110001
1000100010100111110100111100110010000110101
1000101010111111100100011100110010000110001
1000101010111111100100011100110010000110001
1000100010100111111100111100110010000110101
1000100010100111111100111100110010000110101
1000101010111111100100011000110010000110101
1000101010111111100100011000110010000110101
1000101010101111100100011100110010000110101
1000101010101111100100011100110010000110101
1000101010111111100100011100110010000110101
1000101010111111100100011100110010000110101
1000100010100111111110111100110101000110001
1000100010100111111110111100110101000110001
1000100010100111111110111000110101000110101
1000100010100111111110111000110101000110101
1000101010101111001100111001110010000110001
1000101010101111001100111001110010000110001
1000100010100111101110111100110101000110101
1000100010100111101110111100110101000110101
1000101010111111001100111001110010000110001
1000101010111111001100111001110010000110001
1011100011100111100100011000110010000110001
1011100011100111100100011000110010000110001
1000100010100111111100111100110010001110101
1000100010100111111100111100110010001110101
1000101010111111111100111000110010000110001
1000101010111111111100111000110010000110001
1000100010100111111110111100110101000110101
1000100010100111111110111100110101000110101
1000101010101111100100011000111010000110101
1000101011101111100100011000110010000110001
1000100010100111111100111100111010000110101
1000101010111111101100111100110010000110001
1000101010111111101100111100110010000110001
1000101010101111001100111001110010000110101
1000101010111111001100111101110010000110001
1000101010111111001100111001110010000110101
1000100010100111000101011000110010010111001
1000100010100111000101011000110010010111001
1000101010111111111100111100110010000110001
1000101010111111111100111000110010000110101
1000101010111111111100111000110010000110101
1000101010101111010100111000110010010110001
1000101011101111100100011100110010000110001
1000101011101111100100011000110010000110101
1000101010111111101100111100110010000110101
1000101010111111101100111100110010000110101
1000100010100111000101011000110010010111101
1000100010100111000101011000110010010111101
1000101010101111111100111100110010000110101
1000101010101111111100111100110010000110101
1000101010111111111100111100110010000110101
1000101010111111111100111100110010000110101
1000101010111111001100111001111010000110001
1000101010111111001100111001111010000110001
1011101010101111100100011100110010000110101
1000101011111111001100101001110010000110001
1000101010101111010100111000110010010110101
1000101011101111100100011100110010000110101
1011101010111111100100011100110010000110101
1000101010111111011100111100110010010110001
1000101010111111011100111100110010010110001
1000101010111111011100111000110010010110101
1000101010111111011100111000110010010110101
1100100010100111000101011000110010010111001
1100100010100111000101011000110010010111001
1000101010101111001100111100110010010110101
1000101010101111001100111100110010010110101
1011101010101111001100111001110010000110001
1011101010101111001100111001110010000110001
1000101010111111001100111100110010010110101
1000101010111111001100111100110010010110101
1000101011101111001100111001110010000110001
1011101010111111001100111001110010000110001
1011101010111111001100111001110010000110001
1000101010111111111110111100110101000110001
1000101010111111001100111001111010000110101
1000101011111111001100111001110010000110001
1000101010111111111100111100111010000110001
1000101011101111001100101000110010010110001
1000101011101111001100101000110010010110001
1000101010111111011100111100110010010110101
1000101010111111011100111100110010010110101
1000101010111111101110111100110101000110101
1000101010111111101110111100110101000110101
1100100010100111000101011000110010010111101
1011101010101111001100111001110010000110101
1011101010111111001100111101110010000110001
1000101010111111111100111100110010001110101
1000101010111111111100111100110010001110101
1000101011101111001100111001110010000110101
1011101010111111001100111001110010000110101
1000101010111111111110111100110101000110101
1000101010111111111110111100110101000110101
1000101011111111001100111001110010000110101
1011101010111111111100111100110010000110001
1011101010111111111100111100110010000110001
1000101010111111111100111100111010000110101
1000101010111111111100111100111010000110101
1000101010111111000101011000110010010111001
1000101010111111000101011000110010010111001
1011101010111111101100111100110010000110101
1011101010111111101100111100110010000110101
1000101011111111001100111101110010000110101
1011100010100111000101011000110010010111101
1011100010100111000101011000110010010111101
1000101110111111101100111100110110001110001
1000101110111111101100111100110110001110001
1011101010111111111100111100110010000110101
1000101010101111000101011100110010010111001
1000101010101111000101011100110010010111001
1000101110111111110100111100110110001110001
1000101010101111000101011000110010010111101
1000101010111111000101011100110010010111001
1000101110111111111100111100110110001110001
1000101010111111000101011000110010010111101
1000101011101111011100111000110010010110101
1000101011101111011100111000110010010110101
1000101011101111001100111001110010001110101
1000101010111111111110111100110101001110101
1000101010111111111110111100110101001110101
1111100010100111000101011000110010010111001
1011101010101111001100111100110010010110101
1000101110111111101100111100110110001110101
1000101110111111101100111100110110001110101
1000101011101111001100111100110010010110101
1011101010111111001100111100110010010110101
1011101011101111001100111001110010000110001
1011101011101111001100111001110010000110001
1011101010111111111110111100110101000110001
1000101011101111001100111001111010000110101
1011101011111111001100111001110010000110001
1000101010111111111110111100111101000110101
1000101010101111000101011100110010010111101
1000101011111111001100111001111010000110101
1000100011100111000101011000111010010111001
1000101110111111110100111100110110001110101
1000101010111111000101011100110010010111101
1100101010111111000101011000110010010111001
1000101110111111111100111100110110001110101
1000101110111111111100111100110110001110101
1011101010111111011100111100110010010110101
1011101010111111011100111100110010010110101
1000101011111111011100111100110010010110101
1000101011111111011100111100110010010110101
1111100010100111000101011000110010010111101
1000101011101111000101001000110010010111001
1000101011101111000101001000110010010111001
1011101011101111001100111001110010000110101
1011101011101111001100111001110010000110101
1011101010111111111110111100110101000110101
1011101010111111111110111100110101000110101
1011101011111111001100111001110010000110101
1011101011111111001100111001110010000110101
1000100110100111000101111001110110001111101
1100101010111111000101011100110010010111001
1011101010101111000101011001110010000111101
1000101010101111000101011000111010010111101
1000101010101111000101011000111010010111101
1000101110111111110100111000111110001110101
1000101110111111110100111000111110001110101
1011101011111111001100111101110010000110101
1011101011111111001100111101110010000110101
1000100110100111000101111101110110001111101
1100100110100111000101111001110110001111001
1011101110111111101100111100110110001110001
1100100011100111000101011000111010010111001
1100101010111111000101011100110010010111101
1011101010111111111110111100111101000110001
1100101011101111000101001001110010000111101
1100101011101111000101001001110010000111101
1100101010101111000101011000111010010111001
1100101010101111000101011000111010010111001
1000101110111111110100111100111110001110101
1000101110111111110100111100111110001110101
1100101010111111000101011000111010010111001
1100101011101111000101001000110010010111001
1000101110111111111100111100111110001110101
1000101110111111111100111100111110001110101
1011101010111111011100111100111010010110101
1011101010111111011100111100111010010110101
1011101010111111111110111100110101001110101
1011101010111111111110111100110101001110101
1100100110100111000101111001110110001111101
1011101110111111101100111100110110001110101
1100100110100111001101111001110110001111101
1100100110100111001101111001110110001111101
1100101011101111000101011001110010000111101
1100101011101111000101011001110010000111101
1011101110111111001100111101110101001110101
1011101010111111111110111100111101000110101
1011101010111111111110111100111101000110101
1011101011111111001100111001111010000110101
1011101011111111001100111001111010000110101
1100101011101111000101011000110010010111001
1100101011101111000101011000110010010111001
1100101010111111000101011100111010010111001
1011101110111111111100111100110110001110101
1011101110111111111100111100110110001110101
1100101010111111000101011000111010010111101
1100101010111111000101011000111010010111101
1000101111111111111100111100110110001110101
1100101010111111111101111100110010000111101
1011101011111111011100111100110010010110101
1100100110100111000101111101110110001111101
1100100110100111000101111101110110001111101
1100100110100111001101111101110110001111101
1100100110100111001101111101110110001111101
1111101010111111000101011100110010010111001
1111101010111111000101011100110010010111001
1100101010111111000101011100111010010111101
1000101110101111001101111001110110001111101
1000101110111111001101111101110110001111001
1000101110111111001101111001110110001111101
1000101110111111001101111001110110001111101
1011101010111111111110111100111101001110101
1011101010111111111110111100111101001110101
1100101011111111001101101000110010010111001
1100100110100111000101111001111110001111101
1100100110100111001101111101111110001111001
1111101010111111000101011100110010010111101
1111111010101111000101011001110010000111101
1100101011101111011101101000110010010111001
1011101011111111011100111100110010011110101
1011101011111111011100111100110010011110101
1011101110111111111100111000110110101110101
1100101011111111011101101000110010010111001
1100101110101111000101111001110110001111001
1100101110101111000101111001110110001111001
1100101011101111000101011000111010010111001
1100101011101111000101011000111010010111001
1000101110111111000101111101110110001111101
1100101011101111001101111000110010010111001
1011111110111111111100111100110110001110101
1100101110111111001101111001110110001111001
1100100110100111000101111101111110001111101
1001101111111111111100111000110110101110101
1000101111101111000101101001110110001111001
1100100110100111001101111101111110001111101
1011101110111111110100111100110110101110101
1011101110111111110100111100110110101110101
1011101110111111111100111100110110101110101
1011101110111111111100111100110110101110101
1100101110101111000101111101110110001111001
1100101110101111000101111101110110001111001
1111101010101111000101011000111010010111101
1111101011101111000101011000110010010111001
1111101011101111000101011000110010010111001
1100101110101111001101111101110110001111001
1111101010101111111101111100110010000111101
1100101110101111001101111001110110001111101
1100101110111111001101111101110110001111001
1111101010111111111101111100110010000111101
1100101011111111000101011000111010010111101
1100101110111111001101111001110110001111101
1001101111111111111100111100110110101110101
1001101111111111111100111100110110101110101
1100101110111111111101111100110110001111001
1100101110111111111101111100110110001111001
1100101110111111111101111000110110001111101
1011111010111111111110111100111101001110101
1011111010111111111110111100111101001110101
1100101110101111000101111101110110001111101
1111101011101111000101011000110010010111101
1111101011101111000101011000110010010111101
1100101110111111000101111101110110001111101
1100101110111111001101111101110110001111101
1100101110111111001101111101110110001111101
1100101110101111000101111001111110001111001
1100101110101111000101111001111110001111001
1011101010111111111110111100111101101110101
1100101111101111000101101001110110001111001
1100101110111111111101111100110110001111101
1100101110111111111101111100110110001111101
1100101111111111000101101001110110001111001
1100101111111111000101101001110110001111001
1011111110111111111100111100111101001110101
1100101111111111001101101001110110001111001
1100101111111111001101101001110110001111001
1011101011111111111110111100111101001110101
1011101011111111111110111100111101001110101
1111111011101111000101011001110010000111101
1011101110111111111100111100111110101110101
1011101110101111000101111101110110001111101
1100101110101111000101111101111110001111001
1111101011101111000101011000111010010111001
1111101011101111000101011000111010010111001
1100101111101111000101111001110110001111001
1100101110101111001101111001111110001111101
1100101111101111001101111001110110001111001
1100101110111111001101111001111110001111101
1100101111111111001101111001110110001111001
1001101111111111111100111100111110101110101
1001101111111111111100111100111110101110101
1111101110111111111101111000110110001111001
1100101110111111011101111100110110011111101
1100101110111111011101111100110110011111101
1111101110101111000101111101110110001111001
1111101110101111000101111101110110001111001
1100101110101111000101111101111110001111101
1100101111101111000101111101110110001111001
1111101011101111000101011000111010010111101
1111101011101111000101011000111010010111101
1100101111101111000101111001110110001111101
1100101111101111000101111001110110001111101
1111101110111111001101111101110110001111001
1100101110111111001101111101111110001111101
1100101111111111001101111101110110001111001
1100101111111111001101111001110110001111101
1100101111111111001101111001110110001111101
1111101110111111111101111100110110001111001
1011111010111111111110111100111101001110111
1011111010111111111110111100111101001110111
1100101110111111111101111100111110001111101
1011111010111111111110111100111101101110101
1011111010111111111110111100111101101110101
1111101110101111000101111101110110001111101
1111101110101111000101111101110110001111101
1011111011111111111110111100111101001110101
1111101110111111000101111101110110001111101
1100101111101111001101111101110110001111101
1111101110111111001101111101110110001111101
1100101111111111001101111101110110001111101
1100101111111111001101111101110110001111101
1100101111101111000101111001111110001111001
1100101111101111000101111001111110001111001
1111101110111111111101111100110110001111101
1111101110101111000101111101111110001111001
1111101110101111000101111101111110001111001
1100101111101111000101111101111110001111001
1100101111101111000101111101111110001111001
1100101111101111000101111001111110001111101
1100101111101111000101111001111110001111101
1100101111101111001101111101111110001111001
1111101110111111001101111101111110001111001
1100101111101111001101111001111110001111101
1100101111111111001101111101111110001111001
1100101111111111001101111001111110001111101
1100101111111111001101111001111110001111101
1111101110111111111101111100111110001111001
1111101110111111111101111100111110001111001
1111101110111111011101111100110110011111101
1111101110111111011101111100110110011111101
1100101111111111011101111100110110011111101
1100101111111111011101111100110110011111101
1111101110101111000101111101111110001111101
1111101111101111000101111101110110001111001
1100101111101111000101111101111110001111101
1100101111101111000101111101111110001111101
1111101111101111001101111101110110001111001
1100101111101111001101111101111110001111101
1100101111101111001101111101111110001111101
1111101110111111001101111101111110001111101
1111101111111111001101111101110110001111001
1011111010111111111110111100111101101110111
1011111010111111111110111100111101101110111
1100101111111111001101111101111110001111101
1111101110111111111101111100111110001111101
1111101110111111111101111100111110001111101
1111101111101111000101111101110110001111101
1111101111101111000101111101110110001111101
1111101111101111001101111101110110001111101
1111101111101111001101111101110110001111101
1111101111111111001101111101110110001111101
1111101111111111001101111101110110001111101
1111101111101111000101111001111110001111001
1111101111101111000101111001111110001111001
1111101111111111111101111100110110001111101
1111101111111111111101111100110110001111101
1111101110111111011101111100111110011111101
1111101110111111011101111100111110011111101
1111101111101111000101111101111110001111001
1111101111101111000101111101111110001111001
1111101111101111000101111001111110001111101
1111101111101111000101111001111110001111101
1111101111101111001101111101111110001111001
1111101111101111001101111001111110001111101
1111101111101111001101111001111110001111101
1101111010111111111111111100111101101111101
1101111010111111111111111100111101101111101
1111111110111111001101111101111110001111101
1111101111111111001101111001111110001111101
1111101111111111011101111100110110011111101
1111101111111111011101111100110110011111101
1111101110111111001101111101111110101111101
1111101110111111001101111101111110101111101
1111101111101111000101111101111110001111101
1111101111101111000101111101111110001111101
1111101111101111001101111101111110001111101
1111101111101111001101111101111110001111101
1111101110111111111101111100111110001111111
1111101111111111001101111101111110001111101
1111101110111111111101111100111110101111101
1111101111111111111101111100111110001111101
1111101111111111111101111100111110001111101
1111111110111111011101111100111110011111101
1111111110111111011101111100111110011111101
1111101110111111011101111100111110111111101
1111101110111111011101111100111110111111101
1111101111101111010101111100111110011111101
1111101111101111010101111100111110011111101
1111101111101111011101111100111110011111101
1111101111101111011101111100111110011111101
1111101111111111011101111100111110011111101
1111101111111111011101111100111110011111101
1111101111101111000101111001111110101111101
1111101111101111000101111001111110101111101
1101111010111111111111111100111101101111111
1111111111101111000101111101111110001111101
1111111111101111000101111101111110001111101
1111111111101111001101111101111110001111101
1111111111101111001101111101111110001111101
1111111110111111111101111100111110001111111
1111111110111111111101111100111110001111111
1111111111111111001101111101111110001111101
1111111111111111001101111101111110001111101
1111101111101111000101111101111110101111101
1111101111101111000101111101111110101111101
1111111111111111111101111100111110001111101
1111111111111111111101111100111110001111101
1111101111101111001101111101111110101111101
1111101111101111001101111101111110101111101
1111101111111111001101111101111110101111101
1111101111111111001101111101111110101111101
1111101111111111111101111100111110101111101
1111101111111111111101111100111110101111101
1111111110111111011101111100111110111111101
1111111110111111011101111100111110111111101
1111111111111111011101111100111110011111101
1111111111111111011101111100111110011111101
1111101111101111010101111100111110111111101
1111101111101111010101111100111110111111101
1111101111101111011101111100111110111111101
1111101111101111011101111100111110111111101
1111101111111111011101111100111110111111101
1111101111111111011101111100111110111111101
1111111111101111000101111101111110101111101
1111111111101111000101111101111110101111101
1111111111101111001101111101111110101111101
1111111111101111001101111101111110101111101
1111111111111111001101111101111110101111101
1111111111111111001101111101111110101111101
1111101011111111111111111100111101101111111
1111111111111111111101111110111110001111101
1111111111111111111101111100111110101111101
1111111111111111111101111100111110101111101
1111111110111111011101111100111110111111111
1111111110111111011101111100111110111111111
1111111111101111010101111100111110111111101
1111111111101111010101111100111110111111101
1111111111111111011101111110111110011111101
1111111111111111011101111110111110011111101
1111111111101111011101111100111110111111101
1111111111101111011101111100111110111111101
1111111111111111011101111100111110011111111
1111111111111111011101111100111110011111111
1111111111111111011101111100111110111111101
1111111111111111011101111100111110111111101
1111111011111111111111111100111101101111111
1111111011111111011111111110111101111111101
1111111011111111011111111110111101111111101
1111111011111111011111111100111101111111111
1111111011111111011111111100111101111111111
1111111111111111011101111110111110011111111
1111111111111111011101111110111110011111111
1111111111111111011101111110111110111111101
1111111111111111011101111110111110111111101
1111111111111111011101111100111110111111111
1111111111111111011101111100111110111111111
1111111111111111011101111110111110111111111
1111111111111111011101111110111110111111111
