1000100000100111011100111000010000000110101
1000100010100111111100111100010000000110101
1000100000100111011100111100110010000110001
0011100000100110010001111000100010000011001
0011100000100110010001111000100010000011001
0011100000100110011001111000100010000011001
0011100000100110011001111000100010000011001
1000100010100111001100111001110010000110101
1000100010100111001100111001110010000110101
1000100010100111001100111000110010010110001
1000100010100111001100111000110010010110001
1000101010101111000100001001110010000110101
1000101010101111000100001001110010000110101
1000101010111111000100001001110010000110101
1000101010111111000100001001110010000110101
1000101010101111111100111100010000000110001
1000101010101111111100111100010000000110001
1000101010101111000100011000110010010010001
1000101010111111111100111100010000000010101
1000100010100111001100111101110010000110101
1000100010100111001100111101110010000110101
1000101010101111000100011001110010000110101
1000101010101111000100011001110010000110101
1000101010111111000100011001110010000110101
1000101010111111000100011001110010000110101
1000101010101111000100011000110010010110001
1000101010101111000100011000110010010110001
1000101010101111111100111100010000000110101
1000101010101111111100111100010000000110101
1000101010111111111100111100010000000110101
1000101010111111111100111100010000000110101
1000101010101111000100011101110010000110101
1000101010101111000100011101110010000110101
1000001010111111001100111101110010000010101
1000001010111111001100111101110010000010101
1000100010100111011100111100110010010110101
1000100010100111011100111100110010010110101
1000100010100111001100111101111010000110101
1000101010101111000100011101111010000110001
1000101010101111001100111101110010000110001
1000101010111111101100111100110010000110001
1000101010111111101100111100110010000110001
1011101010111111000100001001110010000110101
1011101010111111000100001001110010000110101
1000101010111111001100111001110010000110101
1000101010101111000100011000111010010110001
1000101010101111000100011000111010010110001
1011101010111111111100111100010000000110001
1011101010111111111100111100010000000110001
1011101010111111111100111000010000000110101
1000101010111111111100111100110010000110001
1000101010111111111100111100110010000110001
1011101010101111000100011101110010000110001
1011101010101111000100011101110010000110001
1000101010101111000100011101111010000110101
1000101010101111000100011101111010000110101
1100100010100111000101011001110010000111001
1011101010111111000100011101110010000110001
1011101010111111000100011101110010000110001
1000101010111111101100111100110010000110101
1000101010111111000100011101111010000110101
1000101010111111101100111100110010000110101
1000101010111111001100111101110010000110101
1000101010111111001100111101110010000110101
1000101011111111000100011001110010000110101
1000101011111111000100011001110010000110101
1000101010101111000100011000111010010110101
1000101010101111000100011000111010010110101
1011101010111111111100111100010000000110101
1011101010111111111100111100010000000110101
1000101010111111111100111100110010000110101
1000101010111111111100111100110010000110101
1011101010101111000100011101110010000110101
1100100010100111000101011101110010000111001
1100100010100111000101011101110010000111001
1100100010100111000101011001110010000111101
1011101010111111000100011101110010000110101
1100100010100111000101011101110010000111101
1100100010100111000101011101110010000111101
1000101010111111011100111100110010010110101
1000101010111111011100111100110010010110101
1000101010111111001100111101110010001110101
1000101010111111001100111101110010001110101
1011101010101111000100011101111010000110001
1011101010101111000100011101111010000110001
1100100010100111000101011001111010000111001
1100100010100111000101011001111010000111001
1011101010111111000100011001111010000110101
1011101010111111000100011001111010000110101
1100100011100111000101001001110010000111001
1100100011100111000101001001110010000111001
1000101010111111111100111100110010001110101
1000101010111111111100111100110010001110101
1011101010111111001100111001110010000110101
1000101010101111000101011001110010000111101
1000101010101111000101011001110010000111101
1000101010111111000101011101110010000111001
1011101010111111111100111100110010000110001
1000101010111111111100111100111010000110101
1000101010111111111100111100111010000110101
1000101010111111000101011001110010000111101
1011101010101111000100011101111010000110101
1100100010100111000101011101111010000111001
1100100010100111000101011001111010000111101
1011101010111111101100111100110010000110101
1100100011100111000101011001110010000111001
1100100011100111000101011001110010000111001
1011101010111111001100111101110010000110101
1011101010111111001100111101110010000110101
1000101011111111001100111101110010000110101
1011101010101111000100011000111010010110101
1000101010101111000101011101110010000111101
1100101010101111000101011001110010000111001
1011101010111111111100111100110010000110101
1100101010111111000101011001110010000111001
1100100010100111000101011101111010000111101
1100100010100111000101011101111010000111101
1000101010111111001101111001110010000111001
1011101010101111001100111100110010010110101
1011101010111111000100011100111010010110101
1100101010101111000101011001110010000111101
1100101010101111000101011001110010000111101
1100101010111111000101011101110010000111001
1100101010111111000101011101110010000111001
1100101010111111000101011001110010000111101
1100101010111111000101011001110010000111101
1011101010101111011100111100110010010110101
1011101010101111011100111100110010010110101
1011101010111111111100111100111010000110001
1011101010111111111100111100111010000110001
1011101010101111001100111101110010001110101
1011101010101111001100111101110010001110101
1011101010111111011100111100110010010110101
1011101010111111011100111100110010010110101
1011101010111111001100111101110010001110101
1000101010111111001101111001110010000111101
1000101010111111001101111001110010000111101
1100101010101111000101011101110010000111101
1100101010101111000101011101110010000111101
1100100011100111000101011001111010000111001
1100100011100111000101011001111010000111001
1100101010111111000101011101110010000111101
1100101010111111000101011101110010000111101
1100101010101111000101011001111010000111001
1100101010101111000101011001111010000111001
1011101010111111111100111100111010000110101
1011101010111111111100111100111010000110101
1100101011101111000101001001110010000111001
1100101011101111000101001001110010000111001
1000101010111111001101111101110010000111101
1000101010111111001101111101110010000111101
1100101011111111000101001001110010000111001
1100101011111111000101001001110010000111001
1011101010101111011100111000111010010110101
1011101010101111011100111000111010010110101
1011101010111111011100111100111010010110001
1011101010111111011100111100111010010110001
1011101010111111011100111000111010010110101
1011101010111111011100111000111010010110101
1011101010101111001100111100111010010110101
1011101010101111000101011101110010000111101
1100101010101111000101011101111010000111001
1100101010101111000101011001111010000111101
1011101010111111001100111100111010010110101
1100101011101111000101011001110010000111001
1100101011101111000101011001110010000111001
1100101010111111000101011001111010000111101
1100101010111111001101111101110010000111001
1100101011111111000101011001110010000111001
1100101010111111001101111001110010000111101
1100101010111111001101111001110010000111101
1001101010111111011100111100110010111110101
1001101010111111011100111100110010111110101
1011101010101111011100111100111010010110101
1011101010101111011100111100111010010110101
1011101010111111011100111100111010010110101
1100101010111111111101111100110010000111001
1100101010111111111101111000110010000111101
1000101011111111011100111100111010010110101
1111101010101111000101011101110010000111001
1111101010101111000101011101110010000111001
1100101010101111000101011101111010000111101
1100101010101111000101011101111010000111101
1100101011101111000101011101110010000111001
1100101011101111000101011101110010000111001
1111101010111111000101011101110010000111001
1100101011101111000101011001110010000111101
1100101010111111000101011101111010000111101
1100101011111111000101011101110010000111001
1100101011111111000101011101110010000111001
1011111010111111111100111100110010001110101
1011111010111111111100111100110010001110101
1100101010111111001101111101110010000111101
1100101011111111000101011001110010000111101
1100101010111111111101111100110010000111101
1100101010111111111101111100110010000111101
1111101010101111000101011101110010000111101
1111101010101111000101011101110010000111101
1000101110111111001101111001110110001111001
1000101110111111001101111001110110001111001
1100101011101111000101011101110010000111101
1111101010111111000101011101110010000111101
1100101011111111000101011101110010000111101
1100101011111111000101011101110010000111101
1100101011101111000101011001111010000111001
1100101011101111000101011001111010000111001
1011111010111111001100111100111010010110101
1011111010111111001100111100111010010110101
1011101010111111001101111101110010000111101
1011101010111111001101111101110010000111101
1011111011111111111100111100110010000110101
1011111011111111111100111100110010000110101
1001101010111111011100111100111010111110101
1001101010111111011100111100111010111110101
1000101110111111001101111101110110001111001
1000101110111111001101111101110110001111001
1000101110111111001101111001110110001111101
1000101010111111011111111100110101010111101
1000101010111111011111111100110101010111101
1111101010101111000101011101111010000111001
1111101010101111000101011101111010000111001
1111101010101111000101011001111010000111101
1100101011101111000101011101111010000111001
1111101010111111000101011101111010000111001
1100101011101111000101011001111010000111101
1100101011101111000101011001111010000111101
1111101010111111000101011001111010000111101
1100101011111111000101011101111010000111001
1100101010111111111101111100110010001111101
1100101010111111111101111100110010001111101
1100101010111111001101111101111010000111101
1100101010111111001101111101111010000111101
1100101011111111001101111101110010000111001
1011101010111111011100111100111010110110101
1011101010111111011100111100111010110110101
1100101011111111001101111001110010000111101
1100101011111111001101111001110010000111101
1000101110101111001101111101110110001111101
1100101110101111001101111001110110001111001
1111101010111111111101111100110010000111001
1111101010111111111101111100110010000111001
1000101110111111001101111101110110001111101
1100101110111111001101111001110110001111001
1111101010101111000101011101111010000111101
1111101010101111000101011101111010000111101
1111101011101111000101011101110010000111001
1111101011101111000101011101110010000111001
1100101011101111000101011101111010000111101
1100101011101111000101011101111010000111101
1111101010111111000101011101111010000111101
1111101010111111000101011101111010000111101
1111101011111111000101011101110010000111001
1111101011111111000101011101110010000111001
1100101011111111000101011101111010000111101
1100101011111111000101011101111010000111101
1011111011111111111100111100110010001110101
1011111011111111111100111100110010001110101
1100101110101111001101111101110110001111001
1100101110101111001101111101110110001111001
1100101110101111001101111001110110001111101
1100101110111111001101111101110110001111001
1100101110111111001101111101110110001111001
1011101010111111111101111100110010001111101
1011101010111111111101111100110010001111101
1111101010111111111101111100110010000111101
1111101010111111111101111100110010000111101
1100101110111111001101111001110110001111101
1100101110111111001101111001110110001111101
1100101010111111011111111100110101010111101
1100101010111111011111111100110101010111101
1100101110111111111101111100110110001111001
1100101110111111111101111100110110001111001
1111101011101111000101011101110010000111101
1111101011101111000101011101110010000111101
1111101011111111000101011101110010000111101
1111101011111111000101011101110010000111101
1100101110101111001101111101110110001111101
1000101110111111011101111100110110011111101
1111101011101111000101011001111010000111001
1111101011101111000101011001111010000111001
1100101110111111001101111101110110001111101
1100101110111111001101111101110110001111101
1100101110111111111101111100110110001111101
1100101110111111111101111100110110001111101
1100101111111111001101101001110110001111001
1100101111111111001101101001110110001111001
1111101011101111000101011101111010000111001
1111101011101111000101011101111010000111001
1111101011101111000101011001111010000111101
1111101011101111000101011001111010000111101
1111101011111111000101011101111010000111001
1111101011111111000101011101111010000111001
1111111010111111000101011101111010000111101
1111111010111111000101011101111010000111101
1111101011111111000101011001111010000111101
1111101011111111000101011001111010000111101
1100101110111111000101111101111110001111001
1011101110111111000101111101110110001111101
1100101110101111001101111001111110001111101
1100101110111111001101111101111110001111001
1100101111101111001101111001110110001111001
1100101110111111001101111001111110001111101
1100101110111111001101111001111110001111101
1100101111111111001101111001110110001111001
1100101111111111001101111001110110001111001
1111101011101111000101011101111010000111101
1100101110111111011101111100110110011111101
1111101011111111000101011101111010000111101
1111101011111111000101011101111010000111101
1100101111101111010101101000110110011111001
1100101111101111000101111101110110001111001
1111101110111111000101111101110110001111001
1100101110101111001101111101111110001111101
1100101110101111001101111101111110001111101
1100101111101111000101111001110110001111101
1100101111101111000101111001110110001111101
1100101111101111001101111101110110001111001
1111101110111111001101111101110110001111001
1100101110111111001101111101111110001111101
1100101111101111001101111001110110001111101
1100101111111111001101111101110110001111001
1100101111111111001101111101110110001111001
1011101010111111011111111100110101011111101
1011101010111111011111111100110101011111101
1111101010111111011111111100110101010111101
1100101111111111001101111001110110001111101
1111101010111111011111111100110101010111101
1100101111101111000101111000110110011111001
1100101111101111000101111000110110011111001
1111101110111111111101111100110110001111001
1111101110111111111101111100110110001111001
1100101110111111111101111100111110001111101
1100101110111111111101111100111110001111101
1111101110101111000101111101110110001111101
1111101110101111000101111101110110001111101
1100101111101111000101111101110110001111101
1111101110111111000101111101110110001111101
1100101111101111001101111101110110001111101
1111101110111111001101111101110110001111101
1100101111111111001101111101110110001111101
1100101111111111001101111101110110001111101
1100101111101111000101111001111110001111001
1111101110111111111101111100110110001111101
1111101110111111111101111100110110001111101
1111101011101111000101011001111010100111101
1111101011101111000101011001111010100111101
1100101111101111000101111101111110001111001
1100101111101111000101111101111110001111001
1111101110111111000101111101111110001111001
1111101110111111000101111101111110001111001
1100101111101111001101111101111110001111001
1100101111101111001101111101111110001111001
1111101110111111000101111001111110001111101
1111101110111111001101111101111110001111001
1111101110111111001101111101111110001111001
1100101111101111001101111001111110001111101
1100101111101111001101111001111110001111101
1111101110111111001101111001111110001111101
1100101111111111001101111101111110001111001
1111101011101111000101011101111010100111101
1111101011101111000101011101111010100111101
1111101110111111011101111100110110011111101
1111101110111111011101111100110110011111101
1100101111111111011101111100110110011111101
1100101111111111011101111100110110011111101
1111101110101111000101111101111110001111101
1111101110101111000101111101111110001111101
1111101111101111000101111101110110001111001
1111101111101111000101111101110110001111001
1100101111101111000101111101111110001111101
1100101111101111000101111101111110001111101
1111101111101111001101111101110110001111001
1111101111101111001101111101110110001111001
1100101111101111001101111101111110001111101
1100101111101111001101111101111110001111101
1111101110111111001101111101111110001111101
1111101110111111001101111101111110001111101
1111101111111111001101111101110110001111001
1111101111111111001101111101110110001111001
1100101111111111001101111101111110001111101
1100101111111111001101111101111110001111101
1100101111101111000101111000111110011111101
1100101111101111000101111000111110011111101
1111101110111111111101111100111110001111101
1111101110111111111101111100111110001111101
1111101111101111000101111101110110001111101
1111101111101111000101111101110110001111101
1111101111101111001101111101110110001111101
1111101111101111001101111101110110001111101
1111101111111111001101111101110110001111101
1111101111111111001101111101110110001111101
1111101111101111000101111001111110001111001
1111101111101111000101111001111110001111001
1111101110111111011101111100111110011111101
1111101110111111011101111100111110011111101
1111101111101111000101111101111110001111001
1111101111101111000101111101111110001111001
1111101111101111001101111101111110001111001
1111101111101111001101111101111110001111001
1111101111101111001101111001111110001111101
1111101111101111001101111001111110001111101
1111101111111111001101111101111110001111001
1111101111111111001101111101111110001111001
1111111110111111001101111101111110001111101
1111111110111111001101111101111110001111101
1111101111111111001101111001111110001111101
1111101111111111001101111001111110001111101
1111111110111111111101111100111110001111101
1111111110111111111101111100111110001111101
1111101110111111001101111101111110101111101
1111101110111111001101111101111110101111101
1111101111101111000101111101111110001111101
1111101111101111000101111101111110001111101
1111101111101111001101111101111110001111101
1111101111101111001101111101111110001111101
1111101111111111001101111101111110001111101
1111101111111111001101111101111110001111101
1111101110111111111101111100111110101111101
1111101110111111111101111100111110101111101
1111101111101111000101111000111110011111101
1111101111101111000101111000111110011111101
1111101111111111111101111100111110001111101
1111101111111111111101111100111110001111101
1111111110111111011101111100111110011111101
1111111110111111011101111100111110011111101
1111101110111111011101111100111110111111101
1111101110111111011101111100111110111111101
1111101111101111010101111100111110011111101
1111101111101111010101111100111110011111101
1111101111101111011101111100111110011111101
1111101111101111011101111100111110011111101
1111101111111111011101111100111110011111101
1111101111111111011101111100111110011111101
1111111111101111000101111101111110001111101
1111111111101111000101111101111110001111101
1111111111101111001101111101111110001111101
1111111111101111001101111101111110001111101
1111111110111111111101111110111110001111101
1111111110111111111101111110111110001111101
1111111111111111001101111101111110001111101
1111111111111111001101111101111110001111101
1111111110111111111101111100111110101111101
1111111110111111111101111100111110101111101
1111101111101111000101111101111110101111101
1111101111101111000101111101111110101111101
1111111111111111111101111100111110001111101
1111111111111111111101111100111110001111101
1111101111101111001101111101111110101111101
1111101111101111001101111101111110101111101
1111101111111111001101111101111110101111101
1111101111111111001101111101111110101111101
1111101111101111000101111000111110111111101
1111101111101111000101111000111110111111101
1111101111111111111101111100111110101111101
1111111110111111011101111100111110111111101
1111111110111111011101111100111110111111101
1111111111111111011101111100111110011111101
1111111111111111011101111100111110011111101
1111101111101111010101111100111110111111101
1111101111101111010101111100111110111111101
1111101111101111011101111100111110111111101
1111101111101111011101111100111110111111101
1111101111111111011101111100111110111111101
1111101111111111011101111100111110111111101
1111111110111111111101111110111110001111111
1111111110111111111101111110111110001111111
1111111111111111000101111101111110101111101
1111111111111111000101111101111110101111101
1111111111111111001101111101111110101111101
1111111111111111001101111101111110101111101
1111111111111111111101111110111110001111101
1111111111111111111101111110111110001111101
1111111111101111000101111100111110111111101
1111111111101111000101111100111110111111101
1111111011111111011111111100111101111111101
1111111011111111011111111100111101111111101
1111111110111111011101111110111110111111101
1111111110111111011101111110111110111111101
1111111110111111011101111100111110111111111
1111111110111111011101111100111110111111111
1111111111101111010101111100111110111111101
1111111111101111010101111100111110111111101
1111111111111111011101111110111110011111101
1111111111111111011101111110111110011111101
1111111111101111011101111100111110111111101
1111111111101111011101111100111110111111101
1111111111111111011101111100111110111111101
1111111111111111011101111100111110111111101
1111111110111111111101111110111110101111111
1111111111111111111101111110111110001111111
1111111111111111111101111110111110001111111
1111111111111111111101111110111110101111101
1111111111111111111101111110111110101111101
1111111110111111011101111110111110111111111
1111111110111111011101111110111110111111111
1111111111111111011101111110111110111111101
1111111111111111011101111110111110111111101
1111111011111111011111111110111101111111111
1111111011111111011111111110111101111111111
1111111111111111011101111110111110111111111
