106.3 8.0 38.0 -16.8
106.3 8.0 38.0 -16.8
111.4 8.0 38.0 -18.0
111.4 8.0 38.0 -18.0
116.6 9.0 43.0 -19.2
116.6 9.0 43.0 -19.2
117.2 9.0 42.0 -19.2
117.2 9.0 42.0 -19.2
122.4 10.0 47.0 -20.4
122.4 10.0 47.0 -20.4
124.9 9.0 40.0 -19.2
124.9 9.0 40.0 -19.2
130.1 10.0 45.0 -20.4
130.1 10.0 45.0 -20.4
130.7 10.0 44.0 -20.4
130.9 8.0 38.0 -19.2
131.2 9.0 43.0 -20.4
133.0 9.0 42.0 -20.4
133.0 9.0 42.0 -20.4
133.8 10.0 50.0 -21.6
133.8 10.0 50.0 -21.6
135.9 11.0 49.0 -21.6
135.9 11.0 49.0 -21.6
136.3 9.0 43.0 -21.6
136.3 9.0 43.0 -21.6
138.5 8.0 38.0 -20.4
138.5 8.0 38.0 -20.4
139.0 11.0 55.0 -22.8
139.0 11.0 55.0 -22.8
139.6 11.0 54.0 -22.8
139.6 11.0 54.0 -22.8
142.1 10.0 47.0 -22.8
142.1 10.0 47.0 -22.8
144.3 9.0 42.0 -21.6
144.3 9.0 42.0 -21.6
144.8 12.0 59.0 -24.0
144.8 12.0 59.0 -24.0
149.8 10.0 45.0 -22.8
149.8 10.0 45.0 -22.8
150.4 10.0 44.0 -22.8
150.4 10.0 44.0 -22.8
152.5 12.0 57.0 -24.0
152.5 12.0 57.0 -24.0
153.1 13.0 72.0 -25.2
153.1 12.0 56.0 -24.0
155.4 11.0 59.0 -24.0
155.8 9.0 43.0 -22.8
157.8 13.0 62.0 -25.2
158.0 8.0 38.0 -21.6
158.0 8.0 38.0 -21.6
158.3 13.0 61.0 -25.2
159.2 14.0 86.0 -26.4
159.2 14.0 86.0 -26.4
160.1 9.0 42.0 -22.8
160.1 9.0 42.0 -22.8
160.8 12.0 66.0 -25.2
160.8 12.0 66.0 -25.2
161.2 12.0 63.0 -25.2
161.5 14.0 84.0 -26.4
161.6 10.0 47.0 -24.0
162.1 14.0 83.0 -26.4
162.1 14.0 83.0 -26.4
162.8 13.0 58.0 -25.2
162.8 13.0 58.0 -25.2
163.6 14.0 66.0 -26.4
163.6 14.0 66.0 -26.4
164.1 9.0 40.0 -22.8
164.1 9.0 40.0 -22.8
164.4 15.0 91.0 -27.6
164.4 15.0 91.0 -27.6
164.5 12.0 59.0 -26.4
165.0 15.0 90.0 -27.6
165.0 15.0 90.0 -27.6
165.9 10.0 46.0 -24.0
166.2 10.0 44.0 -24.0
167.0 11.0 52.0 -25.2
167.3 15.0 88.0 -27.6
167.3 15.0 88.0 -27.6
169.5 15.0 87.0 -27.6
169.5 15.0 87.0 -27.6
170.2 16.0 95.0 -28.8
170.2 16.0 95.0 -28.8
171.1 11.0 51.0 -25.2
171.4 11.0 49.0 -25.2
172.0 11.0 48.0 -25.2
172.5 14.0 82.0 -27.6
173.1 14.0 81.0 -27.6
173.1 14.0 81.0 -27.6
175.4 14.0 79.0 -27.6
175.4 14.0 79.0 -27.6
177.1 15.0 68.0 -27.6
177.4 10.0 47.0 -25.2
177.5 13.0 62.0 -27.6
177.9 16.0 93.0 -28.8
178.3 15.0 86.0 -28.8
179.6 9.0 42.0 -24.0
179.6 9.0 42.0 -24.0
181.1 17.0 101.0 -30.0
181.1 17.0 101.0 -30.0
181.6 16.0 98.0 -30.0
181.6 16.0 98.0 -30.0
183.2 14.0 78.0 -28.8
183.3 14.0 66.0 -28.8
183.7 17.0 97.0 -30.0
184.0 12.0 59.0 -27.6
185.4 10.0 46.0 -25.2
185.4 10.0 46.0 -25.2
186.0 16.0 95.0 -30.0
186.0 16.0 95.0 -30.0
186.6 16.0 94.0 -30.0
186.8 17.0 103.0 -31.2
186.8 17.0 103.0 -31.2
187.4 17.0 102.0 -31.2
187.4 17.0 102.0 -31.2
188.5 16.0 87.0 -30.0
189.0 15.0 82.0 -30.0
189.0 15.0 82.0 -30.0
189.9 13.0 58.0 -27.6
190.2 13.0 56.0 -27.6
190.9 11.0 49.0 -26.4
191.0 14.0 64.0 -28.8
191.8 17.0 99.0 -31.2
191.8 17.0 99.0 -31.2
192.6 18.0 107.0 -32.4
192.6 18.0 107.0 -32.4
193.1 10.0 44.0 -25.2
193.1 10.0 44.0 -25.2
194.3 17.0 91.0 -31.2
194.3 17.0 91.0 -31.2
194.9 16.0 94.0 -31.2
194.9 16.0 94.0 -31.2
195.5 16.0 93.0 -31.2
195.5 16.0 93.0 -31.2
196.0 14.0 60.0 -28.8
196.2 12.0 54.0 -27.6
196.6 15.0 78.0 -30.0
196.8 15.0 68.0 -30.0
197.3 13.0 71.0 -28.8
197.3 13.0 71.0 -28.8
197.8 16.0 91.0 -31.2
197.8 16.0 91.0 -31.2
198.9 11.0 48.0 -26.4
198.9 11.0 48.0 -26.4
199.9 16.0 90.0 -31.2
200.3 18.0 105.0 -32.4
200.4 13.0 70.0 -28.8
200.7 17.0 98.0 -32.4
202.0 16.0 85.0 -31.2
202.0 13.0 58.0 -28.8
202.4 16.0 82.0 -31.2
202.7 14.0 78.0 -30.0
203.1 14.0 75.0 -30.0
203.1 14.0 75.0 -30.0
203.5 19.0 113.0 -33.6
203.5 19.0 113.0 -33.6
204.5 12.0 51.0 -27.6
205.6 19.0 110.0 -33.6
205.6 19.0 110.0 -33.6
206.1 19.0 109.0 -33.6
206.2 14.0 74.0 -30.0
206.2 14.0 74.0 -30.0
207.0 16.0 81.0 -31.2
207.0 16.0 81.0 -31.2
207.8 17.0 89.0 -32.4
207.9 11.0 57.0 -27.6
207.9 11.0 57.0 -27.6
208.5 15.0 82.0 -31.2
208.5 15.0 82.0 -31.2
209.7 13.0 56.0 -28.8
210.1 16.0 80.0 -31.2
210.2 14.0 66.0 -30.0
210.5 10.0 53.0 -26.4
210.7 12.0 62.0 -28.8
210.9 16.0 74.0 -31.2
211.4 20.0 114.0 -34.8
211.4 20.0 114.0 -34.8
211.6 18.0 104.0 -33.6
211.6 18.0 104.0 -33.6
212.2 13.0 73.0 -30.0
213.7 18.0 101.0 -33.6
213.7 18.0 101.0 -33.6
214.2 18.0 100.0 -33.6
214.4 16.0 94.0 -32.4
214.8 10.0 46.0 -26.4
215.0 16.0 93.0 -32.4
215.5 17.0 87.0 -32.4
215.9 13.0 67.0 -30.0
216.1 15.0 78.0 -31.2
216.5 13.0 66.0 -30.0
216.7 14.0 75.0 -31.2
217.3 14.0 74.0 -31.2
217.3 16.0 91.0 -32.4
217.7 13.0 55.0 -28.8
217.7 13.0 55.0 -28.8
218.7 18.0 97.0 -33.6
218.7 18.0 95.0 -33.6
219.1 20.0 112.0 -34.8
219.1 20.0 112.0 -34.8
219.5 19.0 105.0 -34.8
219.9 11.0 48.0 -27.6
220.5 17.0 83.0 -32.4
220.8 9.0 45.0 -26.4
220.8 9.0 45.0 -26.4
221.3 18.0 91.0 -33.6
221.3 18.0 91.0 -33.6
221.5 16.0 85.0 -32.4
221.9 16.0 82.0 -32.4
221.9 16.0 82.0 -32.4
222.3 21.0 120.0 -36.0
222.3 21.0 120.0 -36.0
222.5 15.0 79.0 -32.4
224.2 13.0 64.0 -30.0
224.2 13.0 64.0 -30.0
224.9 21.0 116.0 -36.0
225.1 11.0 61.0 -28.8
225.1 11.0 61.0 -28.8
225.6 17.0 95.0 -33.6
225.9 10.0 46.0 -27.6
225.9 10.0 46.0 -27.6
225.9 12.0 69.0 -30.0
226.0 13.0 61.0 -30.0
226.7 11.0 54.0 -28.8
226.7 11.0 54.0 -28.8
227.2 19.0 103.0 -34.8
227.3 17.0 89.0 -33.6
227.8 19.0 102.0 -34.8
227.8 19.0 102.0 -34.8
229.4 16.0 78.0 -32.4
229.5 14.0 69.0 -31.2
230.0 14.0 68.0 -31.2
230.3 15.0 77.0 -32.4
230.4 20.0 111.0 -36.0
230.8 15.0 76.0 -32.4
230.9 12.0 65.0 -30.0
230.9 12.0 65.0 -30.0
231.5 16.0 90.0 -33.6
231.7 11.0 50.0 -28.8
232.2 19.0 99.0 -34.8
232.5 12.0 58.0 -30.0
232.5 12.0 58.0 -30.0
233.0 20.0 107.0 -36.0
233.0 20.0 107.0 -36.0
233.7 18.0 100.0 -34.8
233.8 16.0 72.0 -32.4
234.3 19.0 96.0 -34.8
234.7 15.0 74.0 -32.4
235.1 20.0 104.0 -36.0
235.2 15.0 73.0 -32.4
235.8 22.0 122.0 -37.2
235.8 22.0 122.0 -37.2
236.2 14.0 75.0 -32.4
236.7 17.0 95.0 -34.8
236.9 12.0 55.0 -30.0
239.0 19.0 105.0 -36.0
239.0 19.0 105.0 -36.0
239.4 11.0 48.0 -28.8
240.0 13.0 75.0 -31.2
240.0 13.0 75.0 -31.2
240.5 16.0 78.0 -33.6
240.5 16.0 78.0 -33.6
241.2 14.0 71.0 -32.4
241.3 17.0 86.0 -34.8
242.0 15.0 79.0 -33.6
242.0 15.0 79.0 -33.6
242.4 22.0 120.0 -37.2
242.4 22.0 120.0 -37.2
243.7 13.0 64.0 -31.2
243.7 13.0 64.0 -31.2
244.4 19.0 102.0 -36.0
244.7 12.0 53.0 -30.0
245.2 12.0 52.0 -30.0
245.2 12.0 52.0 -30.0
245.4 13.0 61.0 -31.2
246.0 13.0 60.0 -31.2
246.0 13.0 60.0 -31.2
246.6 21.0 118.0 -37.2
247.0 18.0 102.0 -36.0
247.6 18.0 101.0 -36.0
247.8 20.0 98.0 -36.0
248.2 16.0 76.0 -33.6
248.8 16.0 75.0 -33.6
248.9 14.0 69.0 -32.4
249.3 19.0 99.0 -36.0
249.5 14.0 68.0 -32.4
249.9 23.0 128.0 -38.4
249.9 23.0 128.0 -38.4
249.9 13.0 58.0 -31.2
250.4 13.0 57.0 -31.2
250.5 16.0 72.0 -33.6
251.0 16.0 90.0 -34.8
251.2 14.0 65.0 -32.4
251.9 20.0 114.0 -37.2
252.5 20.0 107.0 -37.2
252.5 20.0 107.0 -37.2
253.3 23.0 126.0 -38.4
253.3 23.0 126.0 -38.4
253.8 19.0 96.0 -36.0
254.2 15.0 74.0 -33.6
254.6 20.0 104.0 -37.2
254.7 15.0 73.0 -33.6
255.0 16.0 82.0 -34.8
255.3 22.0 122.0 -38.4
255.5 16.0 81.0 -34.8
256.2 17.0 95.0 -36.0
256.2 17.0 95.0 -36.0
257.7 21.0 118.0 -38.4
257.7 21.0 118.0 -38.4
258.2 13.0 55.0 -31.2
258.2 13.0 55.0 -31.2
259.0 14.0 63.0 -32.4
259.0 14.0 63.0 -32.4
260.0 16.0 78.0 -34.8
260.0 16.0 78.0 -34.8
260.8 17.0 86.0 -36.0
260.8 17.0 86.0 -36.0
261.4 22.0 117.0 -38.4
261.4 22.0 117.0 -38.4
262.5 15.0 71.0 -33.6
262.5 15.0 71.0 -33.6
263.2 19.0 100.0 -37.2
263.4 14.0 60.0 -32.4
263.8 19.0 99.0 -37.2
264.0 14.0 59.0 -32.4
264.0 14.0 59.0 -32.4
264.8 15.0 67.0 -33.6
264.8 15.0 67.0 -33.6
265.4 21.0 116.0 -38.4
265.6 21.0 115.0 -38.4
265.8 20.0 109.0 -38.4
266.4 20.0 108.0 -38.4
266.5 18.0 102.0 -37.2
266.9 24.0 136.0 -39.6
266.9 24.0 136.0 -39.6
267.1 18.0 101.0 -37.2
267.3 20.0 98.0 -37.2
267.7 16.0 76.0 -34.8
268.1 21.0 106.0 -38.4
268.3 16.0 75.0 -34.8
268.6 22.0 124.0 -39.6
269.1 17.0 83.0 -36.0
269.2 15.0 64.0 -33.6
269.7 18.0 97.0 -37.2
270.0 16.0 72.0 -34.8
271.2 22.0 120.0 -39.6
271.2 22.0 120.0 -39.6
272.3 19.0 92.0 -37.2
272.3 19.0 92.0 -37.2
273.5 17.0 80.0 -36.0
273.5 17.0 80.0 -36.0
274.2 18.0 94.0 -37.2
274.3 18.0 88.0 -37.2
274.7 20.0 105.0 -38.4
275.0 19.0 102.0 -38.4
276.7 21.0 115.0 -39.6
276.7 21.0 115.0 -39.6
279.3 21.0 111.0 -39.6
279.3 21.0 111.0 -39.6
279.9 21.0 110.0 -39.6
279.9 21.0 110.0 -39.6
281.5 15.0 63.0 -33.6
281.5 15.0 63.0 -33.6
282.1 23.0 126.0 -40.8
282.1 23.0 126.0 -40.8
282.3 16.0 71.0 -34.8
282.7 19.0 100.0 -38.4
283.3 16.0 70.0 -34.8
283.3 16.0 70.0 -34.8
284.1 17.0 78.0 -36.0
284.1 17.0 78.0 -36.0
285.3 20.0 109.0 -39.6
285.3 20.0 109.0 -39.6
285.9 20.0 108.0 -39.6
285.9 20.0 108.0 -39.6
286.4 20.0 98.0 -38.4
286.6 18.0 87.0 -37.2
286.7 16.0 68.0 -34.8
286.7 16.0 68.0 -34.8
287.5 17.0 76.0 -36.0
287.5 17.0 76.0 -36.0
287.7 19.0 96.0 -38.4
288.1 22.0 124.0 -40.8
288.1 22.0 124.0 -40.8
288.4 19.0 94.0 -38.4
288.5 20.0 104.0 -39.6
290.2 22.0 117.0 -40.8
290.2 22.0 117.0 -40.8
291.0 18.0 84.0 -37.2
291.0 18.0 84.0 -37.2
291.8 19.0 92.0 -38.4
291.8 19.0 92.0 -38.4
294.0 22.0 116.0 -40.8
294.1 21.0 102.0 -39.6
296.2 24.0 132.0 -42.0
296.2 24.0 132.0 -42.0
296.2 21.0 115.0 -40.8
296.2 21.0 115.0 -40.8
297.4 22.0 114.0 -40.8
297.4 22.0 114.0 -40.8
298.0 20.0 103.0 -39.6
298.0 20.0 103.0 -39.6
298.6 20.0 102.0 -39.6
298.8 21.0 111.0 -40.8
299.4 21.0 110.0 -40.8
299.6 24.0 130.0 -42.0
299.6 24.0 130.0 -42.0
300.8 17.0 74.0 -36.0
300.8 17.0 74.0 -36.0
301.6 18.0 82.0 -37.2
301.6 18.0 82.0 -37.2
301.6 23.0 126.0 -42.0
301.6 23.0 126.0 -42.0
303.9 20.0 99.0 -39.6
303.9 20.0 99.0 -39.6
304.3 23.0 123.0 -42.0
304.3 24.0 123.0 -42.0
304.3 23.0 123.0 -42.0
304.3 24.0 123.0 -42.0
305.1 19.0 90.0 -38.4
305.1 19.0 90.0 -38.4
305.9 20.0 98.0 -39.6
306.0 21.0 108.0 -40.8
307.7 23.0 121.0 -42.0
307.7 23.0 121.0 -42.0
308.6 21.0 106.0 -40.8
308.6 21.0 106.0 -40.8
309.7 22.0 117.0 -42.0
309.7 22.0 117.0 -42.0
312.4 23.0 114.0 -42.0
313.2 25.0 140.0 -43.2
313.2 25.0 140.0 -43.2
313.6 21.0 102.0 -40.8
313.6 21.0 102.0 -40.8
313.7 25.0 136.0 -43.2
314.4 22.0 110.0 -42.0
314.4 22.0 110.0 -42.0
315.7 24.0 132.0 -43.2
315.7 24.0 132.0 -43.2
319.1 24.0 130.0 -43.2
319.1 24.0 130.0 -43.2
320.4 24.0 125.0 -43.2
320.9 21.0 99.0 -40.8
322.1 21.0 97.0 -39.6
322.3 19.0 86.0 -38.4
323.8 23.0 123.0 -43.2
323.8 23.0 123.0 -43.2
325.6 20.0 95.0 -39.6
325.6 22.0 109.0 -42.0
325.6 20.0 95.0 -39.6
327.2 23.0 121.0 -43.2
327.2 23.0 121.0 -43.2
327.7 22.0 108.0 -42.0
327.7 22.0 108.0 -42.0
328.5 23.0 116.0 -43.2
328.5 23.0 116.0 -43.2
330.4 21.0 98.0 -40.8
330.7 26.0 144.0 -44.4
330.7 26.0 144.0 -44.4
331.1 22.0 106.0 -42.0
331.1 22.0 106.0 -42.0
332.7 25.0 140.0 -44.4
332.7 25.0 140.0 -44.4
333.2 25.0 136.0 -44.4
333.2 25.0 136.0 -44.4
335.0 22.0 105.0 -42.0
335.0 22.0 105.0 -42.0
335.8 20.0 93.0 -39.6
335.8 20.0 93.0 -39.6
336.4 20.0 92.0 -39.6
336.4 20.0 92.0 -39.6
337.9 25.0 129.0 -44.4
340.4 24.0 133.0 -44.4
340.4 24.0 133.0 -44.4
340.8 24.0 131.0 -44.4
340.8 24.0 131.0 -44.4
341.3 24.0 127.0 -44.4
341.3 24.0 127.0 -44.4
341.6 21.0 97.0 -40.8
341.6 21.0 97.0 -40.8
343.1 23.0 113.0 -43.2
343.1 23.0 113.0 -43.2
344.5 22.0 104.0 -42.0
344.5 22.0 104.0 -42.0
345.2 23.0 112.0 -43.2
345.2 23.0 112.0 -43.2
346.0 24.0 120.0 -44.4
346.0 24.0 120.0 -44.4
347.3 27.0 154.0 -45.6
347.3 27.0 154.0 -45.6
350.2 26.0 144.0 -45.6
350.2 26.0 144.0 -45.6
354.9 26.0 137.0 -45.6
354.9 26.0 137.0 -45.6
357.4 25.0 141.0 -45.6
357.4 25.0 141.0 -45.6
357.9 25.0 137.0 -45.6
357.9 25.0 137.0 -45.6
358.3 25.0 135.0 -45.6
358.3 25.0 135.0 -45.6
374.9 26.0 145.0 -46.8
374.9 26.0 145.0 -46.8
