75.6 7.0 51.0 -14.4
75.6 7.0 51.0 -14.4
75.6 6.0 39.0 -14.4
77.8 8.0 55.0 -15.6
77.8 8.0 55.0 -15.6
80.7 8.0 52.0 -15.6
80.7 8.0 52.0 -15.6
81.4 7.0 43.0 -15.6
81.4 7.0 43.0 -15.6
83.6 9.0 59.0 -16.8
83.6 9.0 59.0 -16.8
85.5 9.0 58.0 -16.8
91.3 10.0 62.0 -18.0
91.7 8.0 50.0 -16.8
96.7 7.0 42.0 -15.6
96.7 7.0 42.0 -15.6
97.4 5.0 38.0 -14.4
97.4 5.0 38.0 -14.4
97.9 7.0 42.0 -16.8
99.5 10.0 59.0 -18.0
99.5 10.0 59.0 -18.0
100.1 9.0 58.0 -18.0
100.1 9.0 58.0 -18.0
102.3 8.0 51.0 -18.0
102.4 11.0 66.0 -19.2
102.4 11.0 66.0 -19.2
102.5 6.0 39.0 -15.6
102.5 6.0 39.0 -15.6
103.0 7.0 42.0 -18.0
103.0 7.0 42.0 -18.0
104.3 10.0 63.0 -19.2
104.3 10.0 63.0 -19.2
105.2 9.0 58.0 -19.2
105.2 9.0 58.0 -19.2
108.1 9.0 55.0 -19.2
108.1 9.0 55.0 -19.2
108.8 8.0 46.0 -19.2
108.8 8.0 46.0 -19.2
110.1 11.0 67.0 -20.4
110.1 11.0 67.0 -20.4
111.0 10.0 62.0 -20.4
111.0 10.0 62.0 -20.4
111.5 10.0 58.0 -20.4
111.5 10.0 58.0 -20.4
112.6 7.0 41.0 -18.0
112.6 7.0 41.0 -18.0
117.6 12.0 78.0 -21.6
117.6 12.0 78.0 -21.6
118.4 8.0 45.0 -19.2
118.4 8.0 45.0 -19.2
119.0 8.0 44.0 -19.2
119.1 9.0 53.0 -20.4
119.7 9.0 52.0 -20.4
119.7 9.0 52.0 -20.4
121.9 11.0 68.0 -21.6
121.9 11.0 68.0 -21.6
122.4 11.0 64.0 -21.6
122.4 11.0 64.0 -21.6
124.6 8.0 46.0 -20.4
124.7 10.0 63.0 -21.6
125.4 9.0 54.0 -21.6
125.4 9.0 54.0 -21.6
127.6 11.0 70.0 -22.8
127.6 11.0 70.0 -22.8
127.6 10.0 53.0 -21.6
130.4 9.0 50.0 -21.6
130.5 11.0 67.0 -22.8
131.2 10.0 58.0 -22.8
131.2 10.0 58.0 -22.8
133.4 12.0 74.0 -24.0
133.4 12.0 74.0 -24.0
134.2 8.0 45.0 -20.4
134.2 8.0 45.0 -20.4
139.8 8.0 53.0 -21.6
140.0 9.0 49.0 -21.6
140.0 9.0 49.0 -21.6
140.7 10.0 57.0 -22.8
140.7 10.0 57.0 -22.8
141.3 10.0 56.0 -22.8
141.3 10.0 56.0 -22.8
141.4 12.0 73.0 -24.0
141.5 11.0 65.0 -24.0
142.1 11.0 64.0 -24.0
142.1 11.0 64.0 -24.0
143.4 10.0 53.0 -22.8
143.4 10.0 53.0 -22.8
144.1 8.0 46.0 -21.6
144.2 11.0 61.0 -24.0
144.3 13.0 80.0 -25.2
144.3 13.0 80.0 -25.2
144.9 9.0 54.0 -22.8
144.9 9.0 54.0 -22.8
146.4 13.0 77.0 -25.2
146.4 13.0 77.0 -25.2
147.6 9.0 42.0 -21.6
147.6 9.0 42.0 -21.6
148.4 10.0 50.0 -22.8
148.4 10.0 50.0 -22.8
149.2 11.0 57.0 -24.0
149.3 13.0 74.0 -25.2
149.9 9.0 50.0 -22.8
150.0 12.0 65.0 -25.2
150.7 10.0 58.0 -24.0
150.7 10.0 58.0 -24.0
152.2 14.0 81.0 -26.4
152.2 14.0 81.0 -26.4
152.7 9.0 42.0 -22.8
152.7 9.0 42.0 -22.8
153.5 10.0 50.0 -24.0
153.5 10.0 50.0 -24.0
153.7 8.0 45.0 -21.6
154.1 13.0 78.0 -26.4
156.6 7.0 43.0 -20.4
156.6 7.0 43.0 -20.4
157.0 13.0 75.0 -26.4
157.0 13.0 75.0 -26.4
157.9 10.0 47.0 -24.0
157.9 10.0 47.0 -24.0
158.5 10.0 46.0 -24.0
158.5 10.0 46.0 -24.0
158.7 11.0 55.0 -25.2
159.3 11.0 54.0 -25.2
159.3 11.0 54.0 -25.2
159.9 14.0 82.0 -27.6
160.3 13.0 72.0 -26.4
160.3 13.0 72.0 -26.4
160.9 13.0 71.0 -26.4
161.7 8.0 44.0 -21.6
161.7 8.0 44.0 -21.6
163.7 11.0 51.0 -25.2
163.7 11.0 51.0 -25.2
164.5 12.0 59.0 -26.4
169.7 14.0 80.0 -27.6
170.0 14.0 78.0 -27.6
171.5 11.0 49.0 -25.2
171.5 11.0 49.0 -25.2
172.3 12.0 57.0 -26.4
172.3 12.0 57.0 -26.4
172.9 15.0 85.0 -28.8
172.9 15.0 85.0 -28.8
173.3 7.0 44.0 -21.6
173.3 7.0 44.0 -21.6
173.5 13.0 70.0 -27.6
174.0 8.0 52.0 -22.8
174.0 8.0 52.0 -22.8
175.5 15.0 84.0 -28.8
175.8 15.0 82.0 -28.8
176.7 12.0 54.0 -26.4
176.7 12.0 54.0 -26.4
177.3 12.0 53.0 -26.4
177.4 10.0 47.0 -25.2
177.4 10.0 47.0 -25.2
177.5 13.0 62.0 -27.6
178.1 13.0 61.0 -27.6
178.1 13.0 61.0 -27.6
178.4 8.0 45.0 -22.8
178.7 16.0 89.0 -30.0
178.7 16.0 89.0 -30.0
179.8 9.0 56.0 -24.0
179.8 9.0 56.0 -24.0
180.5 9.0 49.0 -24.0
180.5 9.0 49.0 -24.0
182.1 11.0 65.0 -26.4
182.1 11.0 65.0 -26.4
182.5 13.0 58.0 -27.6
182.5 13.0 58.0 -27.6
183.3 14.0 66.0 -28.8
183.3 14.0 66.0 -28.8
186.8 17.0 103.0 -31.2
186.8 17.0 103.0 -31.2
187.0 11.0 61.0 -26.4
187.4 17.0 102.0 -31.2
187.4 17.0 102.0 -31.2
187.8 12.0 69.0 -27.6
187.8 12.0 69.0 -27.6
188.5 16.0 87.0 -30.0
188.5 16.0 87.0 -30.0
189.6 15.0 81.0 -30.0
189.7 17.0 100.0 -31.2
189.7 17.0 100.0 -31.2
191.0 11.0 49.0 -26.4
191.6 14.0 63.0 -28.8
191.6 14.0 63.0 -28.8
191.8 17.0 99.0 -31.2
191.8 17.0 99.0 -31.2
192.3 15.0 77.0 -30.0
192.6 18.0 107.0 -32.4
192.6 18.0 107.0 -32.4
192.8 17.0 95.0 -31.2
192.8 17.0 95.0 -31.2
193.4 13.0 66.0 -28.8
193.4 13.0 66.0 -28.8
194.2 14.0 74.0 -30.0
194.3 17.0 91.0 -31.2
194.3 17.0 91.0 -31.2
196.0 14.0 60.0 -28.8
196.2 12.0 54.0 -27.6
196.8 12.0 53.0 -27.6
197.9 13.0 63.0 -28.8
198.6 14.0 71.0 -30.0
198.6 14.0 71.0 -30.0
199.2 14.0 70.0 -30.0
199.4 15.0 79.0 -31.2
199.4 15.0 79.0 -31.2
200.0 15.0 78.0 -31.2
200.3 18.0 105.0 -32.4
200.3 18.0 105.0 -32.4
200.9 18.0 104.0 -32.4
200.9 18.0 104.0 -32.4
202.0 13.0 58.0 -28.8
202.0 13.0 58.0 -28.8
202.3 18.0 99.0 -32.4
202.8 14.0 66.0 -30.0
203.5 19.0 113.0 -33.6
203.5 19.0 113.0 -33.6
204.4 15.0 75.0 -31.2
204.5 12.0 51.0 -27.6
204.5 12.0 51.0 -27.6
205.2 16.0 83.0 -32.4
205.2 16.0 83.0 -32.4
205.6 19.0 110.0 -33.6
205.6 19.0 110.0 -33.6
205.8 10.0 53.0 -26.4
206.1 19.0 109.0 -33.6
206.1 19.0 109.0 -33.6
206.6 11.0 61.0 -27.6
206.6 11.0 61.0 -27.6
207.1 11.0 57.0 -27.6
207.4 18.0 99.0 -33.6
208.6 13.0 73.0 -30.0
208.6 13.0 73.0 -30.0
211.4 20.0 114.0 -34.8
211.4 20.0 114.0 -34.8
212.0 14.0 64.0 -30.0
212.2 12.0 58.0 -28.8
212.2 15.0 73.0 -31.2
212.7 15.0 72.0 -31.2
212.9 16.0 81.0 -32.4
213.5 16.0 80.0 -32.4
213.7 14.0 74.0 -31.2
215.5 17.0 90.0 -33.6
215.5 14.0 60.0 -30.0
216.7 15.0 70.0 -31.2
216.7 15.0 70.0 -31.2
217.2 15.0 69.0 -31.2
217.5 16.0 78.0 -32.4
218.0 16.0 77.0 -32.4
218.2 17.0 86.0 -33.6
218.2 17.0 86.0 -33.6
218.7 14.0 70.0 -31.2
219.1 20.0 112.0 -34.8
219.1 20.0 112.0 -34.8
219.5 15.0 78.0 -32.4
219.7 20.0 111.0 -34.8
219.7 20.0 111.0 -34.8
221.5 19.0 105.0 -34.8
221.5 19.0 105.0 -34.8
222.3 21.0 120.0 -36.0
222.3 21.0 120.0 -36.0
222.5 16.0 74.0 -32.4
223.2 14.0 67.0 -31.2
223.2 14.0 67.0 -31.2
223.9 15.0 75.0 -32.4
224.0 18.0 90.0 -34.8
224.7 16.0 83.0 -33.6
224.9 21.0 116.0 -36.0
224.9 21.0 116.0 -36.0
225.7 13.0 60.0 -30.0
225.7 13.0 60.0 -30.0
226.2 20.0 106.0 -36.0
226.2 20.0 106.0 -36.0
230.2 16.0 72.0 -32.4
230.2 16.0 72.0 -32.4
230.8 16.0 71.0 -32.4
230.9 14.0 65.0 -31.2
231.5 14.0 64.0 -31.2
231.7 18.0 88.0 -34.8
231.7 18.0 88.0 -34.8
232.2 15.0 72.0 -32.4
232.4 16.0 81.0 -33.6
233.0 16.0 80.0 -33.6
233.0 16.0 80.0 -33.6
234.3 19.0 97.0 -36.0
234.3 19.0 97.0 -36.0
235.0 17.0 90.0 -34.8
235.0 17.0 90.0 -34.8
235.8 22.0 122.0 -37.2
235.8 22.0 122.0 -37.2
236.2 15.0 70.0 -32.4
236.7 18.0 84.0 -34.8
236.9 16.0 78.0 -33.6
237.4 16.0 77.0 -33.6
237.4 16.0 77.0 -33.6
237.7 17.0 86.0 -34.8
238.2 17.0 85.0 -34.8
238.2 17.0 85.0 -34.8
239.7 14.0 70.0 -32.4
239.7 14.0 70.0 -32.4
240.3 21.0 112.0 -37.2
240.3 21.0 112.0 -37.2
242.0 16.0 74.0 -33.6
242.0 16.0 74.0 -33.6
242.7 17.0 82.0 -34.8
242.7 17.0 82.0 -34.8
243.5 18.0 90.0 -36.0
243.5 18.0 90.0 -36.0
244.5 15.0 67.0 -32.4
244.5 15.0 67.0 -32.4
245.5 15.0 74.0 -33.6
245.7 20.0 106.0 -37.2
246.4 13.0 62.0 -31.2
246.4 13.0 62.0 -31.2
247.8 20.0 99.0 -37.2
247.8 20.0 99.0 -37.2
249.3 14.0 69.0 -32.4
249.7 16.0 72.0 -33.6
249.7 12.0 61.0 -30.0
249.9 23.0 128.0 -38.4
249.9 23.0 128.0 -38.4
250.3 16.0 71.0 -33.6
250.3 16.0 71.0 -33.6
250.8 16.0 85.0 -34.8
251.2 18.0 88.0 -36.0
251.6 20.0 98.0 -37.2
251.6 20.0 98.0 -37.2
252.2 14.0 66.0 -32.4
252.5 14.0 64.0 -32.4
253.1 16.0 83.0 -34.8
253.3 23.0 126.0 -38.4
253.3 23.0 126.0 -38.4
253.8 19.0 97.0 -37.2
253.8 19.0 97.0 -37.2
254.6 23.0 121.0 -38.4
255.3 22.0 122.0 -38.4
255.3 22.0 122.0 -38.4
255.5 17.0 76.0 -34.8
256.2 18.0 84.0 -36.0
256.6 17.0 89.0 -36.0
256.6 17.0 89.0 -36.0
257.0 19.0 92.0 -37.2
257.4 15.0 71.0 -33.6
258.1 16.0 79.0 -34.8
258.1 16.0 79.0 -34.8
258.9 17.0 87.0 -36.0
259.0 16.0 76.0 -34.8
259.2 21.0 108.0 -38.4
259.8 17.0 84.0 -36.0
260.8 12.0 61.0 -31.2
260.8 12.0 61.0 -31.2
261.9 21.0 105.0 -38.4
261.9 21.0 105.0 -38.4
265.2 15.0 84.0 -34.8
265.2 15.0 69.0 -33.6
265.7 15.0 68.0 -33.6
265.9 13.0 62.0 -32.4
265.9 13.0 62.0 -32.4
266.5 19.0 91.0 -37.2
266.9 24.0 136.0 -39.6
266.9 24.0 136.0 -39.6
267.3 20.0 99.0 -38.4
267.4 24.0 132.0 -39.6
267.4 24.0 132.0 -39.6
267.8 17.0 75.0 -34.8
267.8 17.0 75.0 -34.8
269.3 17.0 83.0 -36.0
269.4 23.0 128.0 -39.6
269.6 18.0 92.0 -37.2
270.3 19.0 90.0 -37.2
270.4 16.0 74.0 -34.8
270.9 16.0 73.0 -34.8
271.2 22.0 120.0 -39.6
271.6 17.0 81.0 -36.0
271.7 14.0 66.0 -33.6
271.8 15.0 75.0 -34.8
272.4 18.0 89.0 -37.2
272.8 18.0 87.0 -37.2
273.2 16.0 82.0 -36.0
273.2 16.0 82.0 -36.0
273.8 17.0 80.0 -36.0
274.5 20.0 96.0 -38.4
274.6 15.0 73.0 -34.8
275.3 19.0 96.0 -38.4
275.5 17.0 90.0 -37.2
276.1 17.0 89.0 -37.2
276.2 17.0 78.0 -36.0
276.9 15.0 71.0 -34.8
277.3 15.0 69.0 -34.8
277.7 19.0 94.0 -38.4
277.8 18.0 83.0 -37.2
278.4 17.0 87.0 -37.2
278.5 16.0 76.0 -36.0
278.9 22.0 113.0 -39.6
279.3 17.0 84.0 -37.2
279.4 14.0 64.0 -33.6
279.8 19.0 93.0 -38.4
279.8 19.0 93.0 -38.4
280.6 20.0 101.0 -39.6
280.6 20.0 101.0 -39.6
281.3 18.0 94.0 -38.4
281.3 18.0 94.0 -38.4
282.1 23.0 126.0 -40.8
285.2 15.0 68.0 -34.8
285.2 15.0 68.0 -34.8
287.4 18.0 82.0 -37.2
287.6 19.0 91.0 -38.4
288.1 16.0 75.0 -36.0
288.1 19.0 90.0 -38.4
288.8 17.0 83.0 -37.2
289.1 18.0 92.0 -38.4
289.6 18.0 91.0 -38.4
289.9 16.0 74.0 -36.0
290.4 16.0 73.0 -36.0
290.4 16.0 73.0 -36.0
290.6 17.0 82.0 -37.2
291.1 17.0 81.0 -37.2
291.1 17.0 81.0 -37.2
291.4 18.0 90.0 -38.4
291.9 18.0 89.0 -38.4
291.9 18.0 89.0 -38.4
292.3 18.0 87.0 -38.4
292.3 18.0 87.0 -38.4
293.3 20.0 95.0 -39.6
293.4 17.0 80.0 -37.2
294.3 19.0 97.0 -39.6
294.4 23.0 125.0 -40.8
294.4 23.0 125.0 -40.8
294.8 19.0 96.0 -39.6
295.7 17.0 78.0 -37.2
295.7 17.0 78.0 -37.2
296.4 18.0 86.0 -38.4
296.6 17.0 75.0 -37.2
296.6 17.0 75.0 -37.2
297.2 19.0 94.0 -39.6
297.3 18.0 83.0 -38.4
297.6 21.0 109.0 -40.8
298.1 19.0 91.0 -39.6
298.2 16.0 71.0 -36.0
298.2 16.0 71.0 -36.0
298.7 24.0 136.0 -42.0
298.7 24.0 136.0 -42.0
300.1 20.0 101.0 -40.8
300.1 20.0 101.0 -40.8
302.8 24.0 130.0 -42.0
306.9 18.0 82.0 -38.4
306.9 18.0 82.0 -38.4
307.6 19.0 90.0 -39.6
308.4 20.0 98.0 -40.8
309.2 18.0 80.0 -38.4
309.2 18.0 80.0 -38.4
309.7 22.0 111.0 -42.0
309.7 22.0 111.0 -42.0
309.9 19.0 88.0 -39.6
310.7 20.0 96.0 -40.8
310.7 20.0 96.0 -40.8
311.6 22.0 107.0 -42.0
311.6 22.0 107.0 -42.0
312.1 19.0 87.0 -39.6
312.1 19.0 87.0 -39.6
312.8 25.0 142.0 -43.2
312.8 25.0 142.0 -43.2
312.8 20.0 95.0 -40.8
313.6 21.0 103.0 -42.0
313.6 21.0 103.0 -42.0
313.7 25.0 136.0 -43.2
314.1 18.0 79.0 -38.4
314.1 18.0 79.0 -38.4
320.8 21.0 100.0 -42.0
320.8 21.0 100.0 -42.0
323.3 19.0 86.0 -39.6
323.3 19.0 86.0 -39.6
324.0 20.0 94.0 -40.8
324.0 20.0 94.0 -40.8
324.8 23.0 119.0 -43.2
324.8 23.0 119.0 -43.2
325.7 23.0 113.0 -43.2
325.7 23.0 113.0 -43.2
326.2 20.0 93.0 -40.8
326.2 20.0 93.0 -40.8
326.7 19.0 84.0 -39.6
326.7 19.0 84.0 -39.6
327.4 20.0 92.0 -40.8
327.4 20.0 92.0 -40.8
327.7 22.0 109.0 -43.2
329.6 20.0 91.0 -40.8
329.6 20.0 91.0 -40.8
330.3 26.0 146.0 -44.4
330.3 21.0 99.0 -42.0
331.1 22.0 107.0 -43.2
331.1 22.0 107.0 -43.2
340.8 20.0 90.0 -40.8
340.8 20.0 90.0 -40.8
342.3 24.0 123.0 -44.4
342.3 24.0 123.0 -44.4
342.3 22.0 106.0 -43.2
342.7 24.0 121.0 -44.4
343.7 21.0 97.0 -42.0
343.7 21.0 97.0 -42.0
344.4 22.0 105.0 -43.2
344.4 22.0 105.0 -43.2
345.2 23.0 113.0 -44.4
