7.7 0.0 9.0 -2.0
26.7 1.0 8.0 -3.0
30.5 0.0 27.0 -4.0
30.5 1.0 27.0 -5.0
30.8 0.0 22.0 -4.0
32.4 2.0 8.0 -4.0
38.2 0.0 36.0 -6.0
39.6 2.0 4.0 -3.0
41.1 1.0 17.0 -4.0
42.2 1.0 22.0 -5.0
43.0 1.0 32.0 -6.0
43.1 2.0 16.0 -5.0
43.5 2.0 22.0 -6.0
47.3 1.0 21.0 -5.0
47.4 0.0 25.0 -5.0
53.6 2.0 12.0 -5.0
55.1 1.0 15.0 -4.0
56.7 2.0 17.0 -6.0
57.0 1.0 30.0 -6.0
60.6 1.0 20.0 -6.0
64.2 2.0 40.0 -8.0
64.5 1.0 19.0 -5.0
64.9 3.0 22.0 -7.0
66.6 3.0 32.0 -8.0
67.1 2.0 26.0 -7.0
67.2 4.0 15.0 -6.0
68.9 4.0 19.0 -7.0
75.7 3.0 16.0 -6.0
76.7 4.0 17.0 -7.0
77.1 2.0 39.0 -8.0
77.4 3.0 11.0 -6.0
79.8 4.0 22.0 -8.0
81.6 2.0 24.0 -7.0
82.3 1.0 47.0 -9.0
82.3 2.0 35.0 -8.0
83.1 3.0 24.0 -8.0
84.4 4.0 20.0 -8.0
84.9 4.0 7.0 -6.0
85.8 2.0 34.0 -8.0
88.1 3.0 35.0 -9.0
90.0 4.0 36.0 -10.0
91.3 2.0 43.0 -9.0
91.8 4.0 25.0 -9.0
98.0 4.0 35.0 -10.0
100.8 3.0 34.0 -9.0
101.0 3.0 37.0 -10.0
104.8 4.0 28.0 -10.0
107.8 5.0 15.0 -8.0
107.8 3.0 33.0 -9.0
117.7 4.0 42.0 -11.0
