0000011000000
0000001100100
1010000100001
1011001000001
0010011001000
0001001100100
1010011100001
0000100100010
1000001100010
0011010101000
1010011000101
0101001000101
1001011000101
0100010100101
1000010101001
0001010011001
0100000101100
0000011110101
0110111001000
0000011111001
1111111100000
0100001111000
1001111110000
1011110100101
0010111001011
0011010010110
0011111010010
0101010011100
0011101001110
1111010001101
0000100101111
1001111010011
0100110101011
1110111101001
1010111111000
0101110101101
0101101110101
0001000111110
1010001111101
1011011101110
1011111110101
1110111001011
1001111001111
0111111110011
0110110101111
1101111101011
0101111101111
0101100011111
0110001111111
1111101111101
