1211.5 62.0 322.0 -131.0
1248.8 62.0 335.0 -128.0
1256.1 64.0 305.0 -131.0
1303.6 57.0 377.0 -136.0
1306.9 68.0 316.0 -137.0
1340.9 57.0 305.0 -135.0
1347.8 63.0 371.0 -149.0
1353.3 68.0 325.0 -145.0
1380.1 59.0 308.0 -139.0
1383.3 63.0 348.0 -139.0
1389.7 64.0 320.0 -143.0
1397.9 67.0 303.0 -138.0
1411.8 70.0 335.0 -141.0
1418.3 67.0 368.0 -145.0
1426.3 65.0 348.0 -149.0
1437.0 65.0 390.0 -147.0
1437.8 72.0 401.0 -158.0
1449.2 71.0 373.0 -150.0
1451.8 59.0 355.0 -142.0
1457.4 71.0 341.0 -153.0
1463.5 67.0 356.0 -149.0
1470.1 69.0 316.0 -153.0
1476.2 77.0 364.0 -151.0
1490.0 69.0 380.0 -156.0
1493.4 70.0 347.0 -144.0
1501.3 68.0 332.0 -150.0
1522.1 74.0 346.0 -158.0
1539.3 63.0 352.0 -147.0
1545.3 65.0 336.0 -149.0
1596.4 73.0 384.0 -156.0
