11111101001000100001010100100010110100111110101100100110000000000010111001100010011001110110110100010001000011001100101110111001010011000101000001111100100101010001001001010010011111101011110011111010010110100010001100111100100110001010001111000011111000001000000010111100100000000111100011
00101000110010010001011101010010010000101001100001110101011101000111011011001000011011101101010000011101111001000110011110011010000110001101001011101010110101000111101010101110000110001111001000001100010110110001001101111110010000100010000001101011101000011100000010010101010000011111100100
00100011011101001000000000110001000010010011101101101010110010011011010001110111101100000010111111011001001001100010001010101000110101001101011110001100000100001000000010011100110010100001001111100001001111100100100100001001001001000101001100001110101100101101100000000011111100101110001111
11110010101110111010100001010110100011110000010011111100001111001110011111010011010101111011011000000110010010111100000101001001001010101101000011001000100011101100110100111110001001011110011001110100010100001001100010101001111000101101001100110010110111001110100010010011101000000100000000
01011110001111110010011011110010000111101110101110100001110111010001000010010111000011000110100000011011101110101110110001110001101001000010110001101101010010110011011001111000100010100011101010010010101000110000111111000100000001011110010101010100000111001111100001011111000110000010101011
01110010110000100110111110100101101101000101101000011011100001001111011101100011101100000000110100101100011100010101010010000000010010101100000100010010011010011110110010000001001111001111010100010011100100111000010110100001000110010011001100010000001010100011010110110010101110010100111111
00011111100100011100111111000000001101111000100110100001110101111111100110010010110000011110010010110000011001000010111001001000101010111000010111100001000101001010101010010101001000100100011100101100110001100110111011011110000001101001101100111101101000000100100100001000110101010001101010
00000000001000101010100100011101000111010111000001001001101011000110110101101100001111010101101100010001111111100110001000100110000010011000110100011111001010111010001000010111100000111000010101000110001100000111011000110011100011100110110101110100111101111111100101001000111011000101011010
10010101000100011011101101000000101100101010111001010100110011110101110101100001111010011000101100110011011110100101010101000110011001010101001111000011010001000101001000100010101110111011110000011000100001111100110011011101101110000110110110000000100111110010110110000001110000100011000111
10010000010001000000010011010010111110111111101000110110101000010000100011100100100010110001101111001011101110110101010100011100110100100010010100100010100101101000101111110101101010011000110001110010100001111110010111111011000111100101011000000100010010100111100110110001111010101001011100
00101111101101100000110100001101111111101010110110011000010000011001000110001001100011101001000111101101001100110011011101001000100101000011010001100010111110010000110110010011111011001000100001011011110010110010110001111010011111101000100101000110011010100100111000001011000110001110100110
11010110011101010000100101011001000100011011101011110101110010010011001101101001011011010011001101101001110111101000111111100010101001110001111000100011100011110110110011000010010000111100110011100100010011011101000011101010111011100100111001010000100111011100001100100100000010000010110001
11110001000000111001101010000000010001110001000100010000001100000000101001111011101101011100101101011011111011010100101001110101111100000111100001001001010110101111000000111001111001101010100110010010001101100000101001001001100100111011100100101110011110011001111001000101110011101001111000
11001011000001000100000111100100011000010000101110100001111100100001111000000111110010111100011010111001100110101101111001011001001111010110010111011100010101110100010110010000000011100001111101101101101101001001110101000001001100010011111011110110101011001110001010101110010000010000100110
10111111011010111100110110110000010001001100010100111001011010101110001111101001111111110000110000000100000111111001010010100000100001000100110000001010101111111010101100000100000000110011010100110110100010111000101110111010001100110011101010001001011001100110110110001010010101001011111000
00011110001011010001110101010001101110000101100111101011010111000100100100010101110001110111111111010100110001001111001010111010101000011101001100110101011001001100100010110010101001010001111010101100101011110011111111001101010111010100110100100100100000101101001011101000010111010000000101
00100011100110001111011010000101011000011000000000100010101010111101101111010011001110010111111111101011100110011110001101010101101011100100101110110100001011011001001111101111000100000011100110110000001110101111110010000001010101000100110100101011011101011001101001110100001100110101011011
00001011111010000011100100101000011101010010101011110110011001111111101100110010001010011110010000100111010010010110001010010111001011100010010011000000101111001100001000101001111010010101011100011011100110111100001001110001101100000111110110001101010000111010011010011100100111000010001001
01101110000011010100110001101010001101001101110101001000010101110111100010101000111101001101011110111111110001101101001111010110111010011100001101100101001100110110101100111111001110011010011010010001100111011010111101000100100010100110110111100101000110001100110010000000101001010010001001
01000110111100100011100010000100011011000111101001100010010001001001011001001100011111011110111111011100001011110000110100001110100010010101101010111100100100100111010111110111011011010100011011001111111010000011110111110000101010110001010100011011101101001100101010000001111001101001010011
01000001001001001011101101110010010000010010111001010100110100010011111110110110110010111100101110110100010101000010100011100010100101010000110111111110000010111011000101010001101010111101000101111111100010101100101000111101010101100001110001000011011100100101111000101000010011010110111101
00100011110100010111010010110001110100100000110100000010000101101100001001100011111011101001111000111000100011101010110111110101010101010100110000010110110001001011100010011010110010011101100100001100001110111000111011001100011100111011010110110000110011111101011110001100111011001001010011
01110001001101011110011111000100111101000001010101110000111101000000010100101101111100011110100110111100100101011010101100000100100101100011001110100011001110001101111111100111111100011110011101110110001110101000010000001100001001010001010000110011001011010110111101011001011110011010010000
10111111000111010111101101111100101100010001111011010011111101011101011001111101001011011001111111100011001100010101010110011000100001111000110111010000110010110100100010001011100100010010100101011110100110001010111011010100010011011110101101110011000100101000101010010010100011111110100010
11000101011110101110011110101011000110001010100001011100100010110100111001010001110100100011110000111100100101110111110100010101011011000101110111101010101111001000001111111010100010111101010001101100010010110010110001010001000110100001111110100000101011010111111001001111011101100110111010
01101011111011100010111111000010100111111100000101110101100011111101101101010011010100001111001000110100011000010000101111010010011111010011111000110110010011010101100000011110000001010111111011110111111100100100000011010101001000100110110100110000010000000011101000100111111011010011111010
10110101101111110010011001001010111101000011100101001111000101000001111101110011001000101010010011101111011101101011101111110011011010010110101010110001101000101111100110101111010000101100100001110111011100101010000011010001010111001110100001100001100011111011011001001010000001011110101101
00010011111100101010111110100001100011000011011111000011001011000100001001101100111110011001011011101010010110000101000101110001101111101010010001001100111111111101110110110111101100101110001110101110000101110100001101110111000010111101100100010011111101111010000101001111011001010110111100
00100111101110001101010100111011111000100100101101010001110110110110101110001100001000001010011110100110111101010100001010001011010011010111110111100001000101100011100001000110011111000111101101111010111100101111100001011101100001101011111101000110110010110011100110110011100111011000001101
10000010011000101100110010000101001000010100100110001111111111001011010001100111000011110010001101111011111011100110110101110100000010001110101101100011101000011000001110110111100010011000011110111101110000110101111110001000101110111011111111010011110111011110100111011100101100111111010001
