3.0 -32.4
3.0 -32.4
3.0 -32.4
4.0 -60.0
4.0 -60.0
4.0 -60.0
9.0 -75.6
9.0 -75.6
9.0 -75.6
10.0 -97.2
10.0 -97.2
10.0 -103.2
11.0 -74.4
11.0 -74.4
11.0 -72.0
12.0 -102.0
12.0 -102.0
12.0 -102.0
12.0 -102.0
12.0 -99.6
12.0 -99.6
12.0 -66.0
12.0 -102.0
13.0 -66.0
14.0 -120.0
14.0 -106.8
15.0 -97.2
15.0 -93.6
15.0 -108.0
15.0 -134.4
15.0 -93.6
15.0 -97.2
16.0 -140.4
16.0 -103.2
16.0 -140.4
17.0 -141.6
17.0 -115.2
17.0 -136.8
17.0 -136.8
17.0 -147.6
18.0 -139.2
18.0 -145.2
18.0 -139.2
18.0 -132.0
18.0 -138.0
18.0 -129.6
18.0 -145.2
18.0 -139.2
18.0 -152.4
18.0 -142.8
18.0 -132.0
18.0 -116.4
19.0 -133.2
19.0 -114.0
19.0 -135.6
19.0 -136.8
19.0 -133.2
20.0 -126.0
20.0 -144.0
20.0 -130.8
20.0 -163.2
20.0 -136.8
20.0 -130.8
21.0 -171.6
21.0 -134.4
21.0 -162.0
21.0 -151.2
21.0 -108.0
21.0 -138.0
21.0 -140.4
22.0 -168.0
22.0 -108.0
22.0 -178.8
22.0 -168.0
22.0 -148.8
22.0 -148.8
22.0 -162.0
22.0 -169.2
22.0 -162.0
23.0 -174.0
23.0 -183.6
23.0 -146.4
23.0 -140.4
23.0 -134.4
23.0 -174.0
24.0 -170.4
24.0 -92.4
24.0 -172.8
24.0 -140.4
24.0 -168.0
25.0 -163.2
25.0 -181.2
25.0 -163.2
25.0 -168.0
25.0 -172.8
25.0 -174.0
25.0 -157.2
25.0 -127.2
25.0 -187.2
26.0 -166.8
26.0 -186.0
26.0 -147.6
26.0 -169.2
27.0 -188.4
27.0 -195.6
27.0 -160.8
27.0 -176.4
27.0 -148.8
27.0 -175.2
27.0 -177.6
27.0 -186.0
27.0 -168.0
27.0 -146.4
27.0 -148.8
27.0 -175.2
27.0 -121.2
27.0 -164.4
27.0 -170.4
28.0 -153.6
28.0 -205.2
28.0 -176.4
28.0 -176.4
28.0 -187.2
28.0 -141.6
28.0 -178.8
28.0 -142.8
28.0 -206.4
29.0 -193.2
29.0 -193.2
29.0 -193.2
29.0 -212.4
29.0 -213.6
29.0 -213.6
29.0 -171.6
29.0 -196.8
29.0 -156.0
29.0 -213.6
29.0 -204.0
29.0 -171.6
29.0 -135.6
29.0 -220.8
30.0 -174.0
30.0 -174.0
30.0 -190.8
30.0 -217.2
30.0 -198.0
30.0 -207.6
30.0 -207.6
30.0 -218.4
31.0 -225.6
31.0 -205.2
31.0 -192.0
31.0 -231.6
31.0 -193.2
31.0 -214.8
31.0 -205.2
31.0 -178.8
31.0 -184.8
31.0 -231.6
31.0 -159.6
31.0 -106.8
31.0 -194.4
31.0 -126.0
31.0 -205.2
31.0 -222.0
31.0 -206.4
31.0 -168.0
32.0 -231.6
32.0 -231.6
32.0 -180.0
32.0 -134.4
32.0 -210.0
32.0 -207.6
32.0 -229.2
32.0 -222.0
32.0 -206.4
32.0 -178.8
32.0 -124.8
32.0 -150.0
32.0 -201.6
32.0 -190.8
32.0 -194.4
32.0 -175.2
32.0 -206.4
32.0 -199.2
32.0 -165.6
32.0 -190.8
32.0 -228.0
32.0 -190.8
33.0 -214.8
33.0 -176.4
33.0 -216.0
33.0 -244.8
33.0 -218.4
33.0 -216.0
33.0 -207.6
33.0 -195.6
33.0 -229.2
33.0 -253.2
33.0 -236.4
33.0 -273.6
34.0 -204.0
34.0 -220.8
34.0 -120.0
34.0 -240.0
34.0 -220.8
34.0 -217.2
34.0 -234.0
34.0 -184.8
34.0 -195.6
34.0 -229.2
34.0 -223.2
34.0 -142.8
34.0 -219.6
35.0 -217.2
35.0 -212.4
35.0 -219.6
35.0 -192.0
35.0 -231.6
35.0 -169.2
35.0 -231.6
35.0 -234.0
35.0 -243.6
35.0 -231.6
35.0 -231.6
35.0 -165.6
35.0 -236.4
35.0 -231.6
35.0 -248.4
35.0 -217.2
36.0 -211.2
36.0 -201.6
36.0 -247.2
36.0 -190.8
36.0 -235.2
36.0 -224.4
36.0 -211.2
36.0 -248.4
36.0 -258.0
36.0 -201.6
36.0 -211.2
36.0 -216.0
36.0 -196.8
37.0 -261.6
37.0 -188.4
37.0 -262.8
37.0 -252.0
37.0 -194.4
37.0 -246.0
37.0 -240.0
37.0 -186.0
38.0 -138.0
38.0 -243.6
38.0 -237.6
38.0 -270.0
38.0 -206.4
38.0 -199.2
38.0 -249.6
38.0 -254.4
38.0 -211.2
38.0 -217.2
38.0 -223.2
39.0 -202.8
39.0 -211.2
39.0 -272.4
39.0 -168.0
39.0 -211.2
39.0 -219.6
39.0 -202.8
39.0 -222.0
39.0 -153.6
39.0 -235.2
39.0 -229.2
39.0 -256.8
39.0 -264.0
40.0 -210.0
40.0 -246.0
40.0 -183.6
40.0 -248.4
40.0 -262.8
40.0 -222.0
40.0 -243.6
40.0 -271.2
40.0 -202.8
40.0 -134.4
40.0 -218.4
41.0 -268.8
41.0 -294.0
41.0 -244.8
41.0 -255.6
41.0 -259.2
41.0 -213.6
41.0 -196.8
41.0 -268.8
41.0 -288.0
41.0 -222.0
41.0 -241.2
42.0 -207.6
42.0 -255.6
42.0 -200.4
42.0 -265.2
42.0 -243.6
42.0 -265.2
42.0 -253.2
42.0 -253.2
42.0 -298.8
42.0 -246.0
42.0 -265.2
42.0 -271.2
42.0 -265.2
42.0 -250.8
42.0 -243.6
42.0 -276.0
42.0 -262.8
43.0 -259.2
43.0 -252.0
43.0 -280.8
43.0 -255.6
43.0 -271.2
43.0 -273.6
43.0 -249.6
43.0 -244.8
43.0 -271.2
43.0 -206.4
43.0 -273.6
43.0 -273.6
43.0 -216.0
43.0 -274.8
43.0 -284.4
44.0 -246.0
44.0 -238.8
44.0 -288.0
44.0 -169.2
44.0 -265.2
44.0 -241.2
44.0 -212.4
44.0 -285.6
44.0 -188.4
44.0 -252.0
44.0 -219.6
44.0 -284.4
45.0 -296.4
45.0 -248.4
45.0 -225.6
45.0 -225.6
45.0 -241.2
45.0 -286.8
45.0 -277.2
45.0 -244.8
45.0 -264.0
45.0 -259.2
45.0 -243.6
45.0 -219.6
45.0 -282.0
45.0 -249.6
45.0 -267.6
45.0 -270.0
45.0 -282.0
45.0 -291.6
45.0 -309.6
45.0 -243.6
45.0 -296.4
45.0 -291.6
45.0 -190.8
46.0 -290.4
46.0 -253.2
46.0 -271.2
46.0 -268.8
46.0 -291.6
46.0 -285.6
46.0 -210.0
46.0 -255.6
46.0 -255.6
46.0 -300.0
47.0 -75.6
47.0 -276.0
47.0 -189.6
47.0 -255.6
47.0 -260.4
47.0 -270.0
47.0 -274.8
47.0 -268.8
47.0 -313.2
47.0 -259.2
47.0 -274.8
47.0 -246.0
47.0 -276.0
48.0 -140.4
48.0 -102.0
48.0 -261.6
48.0 -297.6
48.0 -302.4
48.0 -280.8
48.0 -292.8
48.0 -302.4
48.0 -313.2
48.0 -211.2
48.0 -307.2
49.0 -66.0
49.0 -301.2
49.0 -303.6
49.0 -310.8
49.0 -298.8
49.0 -310.8
49.0 -196.8
49.0 -261.6
49.0 -255.6
49.0 -310.8
49.0 -343.2
49.0 -219.6
49.0 -231.6
49.0 -283.2
49.0 -310.8
49.0 -344.4
49.0 -277.2
49.0 -309.6
50.0 -274.8
50.0 -318.0
50.0 -318.0
50.0 -314.4
50.0 -355.2
50.0 -314.4
50.0 -271.2
50.0 -314.4
50.0 -218.4
50.0 -276.0
50.0 -307.2
50.0 -285.6
50.0 -289.2
50.0 -314.4
50.0 -315.6
50.0 -250.8
50.0 -283.2
50.0 -273.6
50.0 -289.2
50.0 -290.4
50.0 -277.2
51.0 -204.0
51.0 -309.6
51.0 -235.2
51.0 -313.2
51.0 -272.4
51.0 -344.4
51.0 -298.8
51.0 -298.8
51.0 -313.2
51.0 -225.6
51.0 -320.4
51.0 -282.0
51.0 -286.8
51.0 -296.4
51.0 -256.8
51.0 -313.2
51.0 -307.2
51.0 -319.2
51.0 -322.8
51.0 -286.8
52.0 -60.0
52.0 -304.8
52.0 -283.2
52.0 -325.2
52.0 -331.2
52.0 -273.6
52.0 -265.2
52.0 -289.2
52.0 -231.6
52.0 -267.6
52.0 -325.2
52.0 -214.8
52.0 -307.2
52.0 -295.2
53.0 -213.6
53.0 -340.8
53.0 -304.8
53.0 -253.2
53.0 -298.8
53.0 -267.6
53.0 -333.6
53.0 -330.0
53.0 -340.8
53.0 -351.6
53.0 -300.0
53.0 -270.0
53.0 -282.0
53.0 -297.6
53.0 -340.8
53.0 -285.6
54.0 -133.2
54.0 -247.2
54.0 -289.2
54.0 -282.0
54.0 -254.4
54.0 -307.2
54.0 -283.2
54.0 -271.2
54.0 -375.6
54.0 -325.2
54.0 -282.0
55.0 -186.0
55.0 -315.6
55.0 -338.4
55.0 -268.8
55.0 -330.0
55.0 -318.0
55.0 -342.0
55.0 -243.6
55.0 -295.2
55.0 -247.2
55.0 -170.4
56.0 -74.4
56.0 -140.4
56.0 -284.4
56.0 -344.4
56.0 -216.0
56.0 -289.2
56.0 -331.2
56.0 -342.0
56.0 -303.6
56.0 -279.6
56.0 -262.8
56.0 -340.8
56.0 -324.0
56.0 -344.4
56.0 -342.0
56.0 -338.4
56.0 -308.4
57.0 -32.4
57.0 -60.0
57.0 -97.2
57.0 -351.6
57.0 -339.6
57.0 -368.4
57.0 -336.0
57.0 -313.2
57.0 -271.2
57.0 -286.8
57.0 -368.4
57.0 -296.4
57.0 -312.0
57.0 -285.6
57.0 -285.6
57.0 -351.6
57.0 -349.2
57.0 -290.4
57.0 -314.4
58.0 -160.8
58.0 -32.4
58.0 -308.4
58.0 -331.2
58.0 -288.0
58.0 -316.8
58.0 -368.4
58.0 -376.8
58.0 -343.2
58.0 -367.2
58.0 -314.4
58.0 -343.2
58.0 -356.4
58.0 -357.6
58.0 -310.8
58.0 -337.2
58.0 -344.4
58.0 -308.4
58.0 -300.0
58.0 -357.6
58.0 -308.4
58.0 -340.8
58.0 -351.6
58.0 -354.0
58.0 -298.8
59.0 -102.0
59.0 -129.6
59.0 -319.2
59.0 -372.0
59.0 -354.0
59.0 -327.6
59.0 -295.2
59.0 -345.6
59.0 -337.2
59.0 -351.6
59.0 -325.2
59.0 -337.2
59.0 -320.4
59.0 -340.8
59.0 -342.0
59.0 -338.4
59.0 -369.6
59.0 -314.4
59.0 -339.6
59.0 -312.0
59.0 -358.8
59.0 -286.8
59.0 -301.2
60.0 -219.6
60.0 -238.8
60.0 -378.0
60.0 -348.0
60.0 -310.8
60.0 -343.2
60.0 -307.2
60.0 -358.8
60.0 -374.4
60.0 -372.0
60.0 -340.8
60.0 -354.0
60.0 -370.8
60.0 -356.4
60.0 -340.8
60.0 -342.0
60.0 -366.0
60.0 -374.4
61.0 -141.6
61.0 -139.2
61.0 -198.0
61.0 -102.0
61.0 -357.6
61.0 -373.2
61.0 -349.2
61.0 -306.0
61.0 -316.8
61.0 -346.8
61.0 -291.6
61.0 -282.0
61.0 -380.4
61.0 -378.0
61.0 -358.8
61.0 -367.2
61.0 -296.4
62.0 -146.4
62.0 -174.0
62.0 -318.0
62.0 -367.2
62.0 -378.0
62.0 -386.4
62.0 -332.4
62.0 -254.4
62.0 -316.8
62.0 -320.4
62.0 -346.8
62.0 -332.4
62.0 -354.0
62.0 -346.8
62.0 -288.0
62.0 -307.2
63.0 -108.0
63.0 -178.8
63.0 -162.0
63.0 -379.2
63.0 -360.0
63.0 -390.0
63.0 -338.4
63.0 -301.2
63.0 -387.6
63.0 -428.4
63.0 -354.0
64.0 -97.2
64.0 -212.4
64.0 -288.0
64.0 -316.8
64.0 -250.8
64.0 -402.0
64.0 -344.4
64.0 -385.2
64.0 -380.4
64.0 -352.8
64.0 -388.8
64.0 -384.0
64.0 -344.4
64.0 -306.0
64.0 -390.0
64.0 -378.0
64.0 -363.6
64.0 -352.8
64.0 -363.6
64.0 -384.0
64.0 -319.2
64.0 -351.6
64.0 -385.2
65.0 -32.4
65.0 -135.6
65.0 -102.0
65.0 -130.8
65.0 -187.2
65.0 -326.4
65.0 -325.2
65.0 -334.8
65.0 -358.8
65.0 -316.8
65.0 -379.2
65.0 -351.6
65.0 -350.4
65.0 -283.2
65.0 -387.6
65.0 -398.4
65.0 -410.4
65.0 -406.8
65.0 -304.8
66.0 -183.6
66.0 -120.0
66.0 -402.0
66.0 -403.2
66.0 -435.6
66.0 -368.4
66.0 -348.0
66.0 -332.4
66.0 -408.0
66.0 -340.8
66.0 -363.6
66.0 -396.0
66.0 -338.4
66.0 -392.4
66.0 -313.2
66.0 -417.6
66.0 -321.6
66.0 -404.4
66.0 -373.2
67.0 -162.0
67.0 -255.6
67.0 -102.0
67.0 -132.0
67.0 -178.8
67.0 -165.6
67.0 -403.2
67.0 -380.4
67.0 -370.8
67.0 -406.8
67.0 -424.8
67.0 -411.6
67.0 -369.6
67.0 -343.2
67.0 -412.8
67.0 -272.4
67.0 -404.4
67.0 -350.4
67.0 -385.2
67.0 -403.2
67.0 -404.4
67.0 -363.6
67.0 -363.6
67.0 -319.2
67.0 -348.0
67.0 -350.4
67.0 -344.4
67.0 -268.8
68.0 -193.2
68.0 -205.2
68.0 -285.6
68.0 -194.4
68.0 -258.0
68.0 -70.8
68.0 -417.6
68.0 -265.2
68.0 -367.2
68.0 -361.2
68.0 -345.6
68.0 -387.6
68.0 -375.6
68.0 -406.8
68.0 -333.6
68.0 -393.6
68.0 -364.8
68.0 -402.0
69.0 -217.2
69.0 -234.0
69.0 -414.0
69.0 -380.4
69.0 -409.2
69.0 -411.6
69.0 -399.6
69.0 -423.6
69.0 -399.6
69.0 -350.4
69.0 -259.2
69.0 -460.8
69.0 -385.2
69.0 -336.0
69.0 -345.6
69.0 -381.6
69.0 -350.4
69.0 -444.0
69.0 -393.6
69.0 -406.8
70.0 -170.4
70.0 -108.0
70.0 -339.6
70.0 -375.6
70.0 -438.0
70.0 -369.6
70.0 -333.6
70.0 -375.6
70.0 -338.4
70.0 -420.0
70.0 -396.0
70.0 -403.2
70.0 -360.0
70.0 -337.2
71.0 -138.0
71.0 -298.8
71.0 -393.6
71.0 -433.2
71.0 -457.2
71.0 -348.0
71.0 -375.6
71.0 -417.6
71.0 -352.8
71.0 -344.4
71.0 -379.2
71.0 -360.0
71.0 -417.6
71.0 -376.8
71.0 -368.4
72.0 -146.4
72.0 -171.6
72.0 -394.8
72.0 -441.6
72.0 -422.4
72.0 -386.4
72.0 -439.2
72.0 -367.2
72.0 -393.6
72.0 -384.0
72.0 -374.4
72.0 -382.8
72.0 -444.0
72.0 -384.0
72.0 -405.6
72.0 -432.0
72.0 -372.0
72.0 -390.0
72.0 -417.6
73.0 -240.0
73.0 -66.0
73.0 -115.2
73.0 -172.8
73.0 -375.6
73.0 -480.0
73.0 -398.4
73.0 -482.4
73.0 -469.2
73.0 -400.8
73.0 -376.8
73.0 -386.4
73.0 -405.6
73.0 -426.0
73.0 -405.6
73.0 -360.0
73.0 -426.0
73.0 -328.8
73.0 -374.4
74.0 -261.6
74.0 -134.4
74.0 -206.4
74.0 -163.2
74.0 -190.8
74.0 -386.4
74.0 -484.8
74.0 -386.4
74.0 -434.4
74.0 -487.2
74.0 -470.4
74.0 -394.8
74.0 -441.6
74.0 -452.4
74.0 -414.0
75.0 -248.4
75.0 -216.0
75.0 -181.2
75.0 -99.6
75.0 -136.8
75.0 -464.4
75.0 -439.2
75.0 -350.4
75.0 -384.0
75.0 -460.8
75.0 -414.0
75.0 -410.4
75.0 -478.8
75.0 -440.4
75.0 -364.8
75.0 -442.8
76.0 -171.6
76.0 -231.6
76.0 -99.6
76.0 -248.4
76.0 -207.6
76.0 -250.8
76.0 -408.0
76.0 -448.8
76.0 -436.8
76.0 -259.2
76.0 -357.6
76.0 -418.8
76.0 -385.2
77.0 -187.2
77.0 -442.8
77.0 -463.2
77.0 -456.0
77.0 -460.8
77.0 -391.2
77.0 -387.6
78.0 -207.6
78.0 -156.0
78.0 -74.4
78.0 -169.2
78.0 -142.8
78.0 -441.6
78.0 -440.4
78.0 -433.2
78.0 -465.6
78.0 -433.2
78.0 -404.4
78.0 -410.4
78.0 -397.2
78.0 -440.4
79.0 -175.2
79.0 -168.0
79.0 -403.2
79.0 -404.4
79.0 -496.8
79.0 -424.8
79.0 -426.0
79.0 -450.0
79.0 -474.0
79.0 -438.0
79.0 -486.0
79.0 -392.4
79.0 -422.4
79.0 -436.8
79.0 -402.0
80.0 -146.4
80.0 -210.0
80.0 -201.6
80.0 -205.2
80.0 -148.8
80.0 -169.2
80.0 -382.8
80.0 -426.0
80.0 -451.2
80.0 -457.2
80.0 -424.8
80.0 -423.6
80.0 -475.2
80.0 -483.6
80.0 -409.2
80.0 -402.0
80.0 -446.4
80.0 -457.2
80.0 -471.6
80.0 -405.6
81.0 -231.6
81.0 -168.0
81.0 -120.0
81.0 -196.8
81.0 -205.2
81.0 -222.0
81.0 -246.0
81.0 -243.6
81.0 -216.0
81.0 -220.8
81.0 -418.8
81.0 -447.6
81.0 -453.6
81.0 -390.0
81.0 -472.8
81.0 -360.0
81.0 -420.0
81.0 -414.0
81.0 -408.0
81.0 -358.8
82.0 -184.8
82.0 -231.6
82.0 -378.0
82.0 -142.8
82.0 -139.2
82.0 -165.6
82.0 -142.8
82.0 -432.0
82.0 -470.4
82.0 -511.2
82.0 -430.8
82.0 -459.6
82.0 -536.4
83.0 -145.2
83.0 -75.6
83.0 -211.2
83.0 -152.4
83.0 -355.2
83.0 -162.0
83.0 -211.2
83.0 -72.0
83.0 -495.6
83.0 -517.2
83.0 -486.0
83.0 -285.6
83.0 -404.4
83.0 -475.2
84.0 -178.8
84.0 -195.6
84.0 -296.4
84.0 -226.8
84.0 -340.8
84.0 -288.0
84.0 -132.0
84.0 -246.0
84.0 -217.2
84.0 -445.2
84.0 -434.4
84.0 -441.6
84.0 -408.0
84.0 -487.2
84.0 -417.6
84.0 -490.8
85.0 -216.0
85.0 -176.4
85.0 -237.6
85.0 -244.8
85.0 -159.6
85.0 -236.4
85.0 -210.0
85.0 -302.4
85.0 -141.6
85.0 -205.2
85.0 -223.2
85.0 -468.0
85.0 -415.2
85.0 -303.6
85.0 -483.6
85.0 -384.0
85.0 -463.2
85.0 -502.8
85.0 -390.0
85.0 -444.0
85.0 -399.6
85.0 -414.0
86.0 -195.6
86.0 -314.4
86.0 -351.6
86.0 -110.4
86.0 -136.8
86.0 -135.6
86.0 -206.4
86.0 -148.8
86.0 -519.6
86.0 -450.0
86.0 -460.8
86.0 -517.2
86.0 -462.0
86.0 -307.2
86.0 -399.6
86.0 -458.4
86.0 -456.0
87.0 -406.8
87.0 -214.8
87.0 -66.0
87.0 -268.8
87.0 -195.6
87.0 -211.2
87.0 -192.0
87.0 -265.2
87.0 -418.8
87.0 -432.0
87.0 -524.4
87.0 -433.2
87.0 -456.0
87.0 -432.0
87.0 -463.2
88.0 -181.2
88.0 -255.6
88.0 -313.2
88.0 -211.2
88.0 -258.0
88.0 -152.4
88.0 -248.4
88.0 -175.2
88.0 -192.0
88.0 -500.4
88.0 -470.4
88.0 -424.8
89.0 -237.6
89.0 -214.8
89.0 -178.8
89.0 -282.0
89.0 -103.2
89.0 -93.6
89.0 -516.0
89.0 -477.6
89.0 -420.0
89.0 -460.8
89.0 -446.4
90.0 -280.8
90.0 -284.4
90.0 -268.8
90.0 -174.0
90.0 -220.8
90.0 -492.0
90.0 -512.4
90.0 -486.0
90.0 -387.6
90.0 -438.0
91.0 -231.6
91.0 -309.6
91.0 -283.2
91.0 -255.6
91.0 -291.6
91.0 -320.4
91.0 -217.2
91.0 -237.6
91.0 -268.8
91.0 -121.2
91.0 -158.4
91.0 -453.6
91.0 -528.0
91.0 -475.2
91.0 -366.0
91.0 -446.4
91.0 -415.2
92.0 -319.2
92.0 -331.2
92.0 -312.0
92.0 -295.2
92.0 -318.0
92.0 -267.6
92.0 -222.0
92.0 -216.0
92.0 -259.2
92.0 -414.0
92.0 -536.4
92.0 -525.6
92.0 -385.2
92.0 -408.0
93.0 -188.4
93.0 -176.4
93.0 -148.8
93.0 -254.4
93.0 -176.4
93.0 -247.2
93.0 -340.8
93.0 -206.4
93.0 -291.6
93.0 -486.0
93.0 -531.6
93.0 -580.8
93.0 -540.0
93.0 -475.2
94.0 -327.6
94.0 -186.0
94.0 -314.4
94.0 -250.8
94.0 -188.4
94.0 -283.2
94.0 -164.4
94.0 -201.6
94.0 -206.4
94.0 -516.0
94.0 -511.2
94.0 -517.2
95.0 -121.2
95.0 -166.8
95.0 -240.0
95.0 -147.6
95.0 -284.4
95.0 -145.2
95.0 -195.6
95.0 -332.4
95.0 -141.6
95.0 -363.6
95.0 -403.2
95.0 -567.6
95.0 -505.2
95.0 -534.0
95.0 -493.2
96.0 -220.8
96.0 -261.6
96.0 -308.4
96.0 -344.4
96.0 -325.2
96.0 -298.8
96.0 -276.0
96.0 -202.8
96.0 -254.4
96.0 -307.2
96.0 -381.6
96.0 -207.6
96.0 -290.4
96.0 -308.4
96.0 -309.6
96.0 -190.8
96.0 -553.2
96.0 -494.4
96.0 -434.4
96.0 -520.8
97.0 -206.4
97.0 -386.4
97.0 -217.2
97.0 -320.4
97.0 -177.6
97.0 -222.0
97.0 -243.6
97.0 -168.0
97.0 -493.2
97.0 -463.2
97.0 -506.4
97.0 -505.2
98.0 -211.2
98.0 -241.2
98.0 -321.6
98.0 -283.2
98.0 -162.0
98.0 -218.4
98.0 -134.4
98.0 -258.0
98.0 -242.4
98.0 -526.8
98.0 -469.2
98.0 -542.4
99.0 -285.6
99.0 -139.2
99.0 -277.2
99.0 -325.2
99.0 -196.8
99.0 -338.4
99.0 -202.8
99.0 -308.4
99.0 -206.4
99.0 -522.0
100.0 -313.2
100.0 -134.4
100.0 -260.4
100.0 -400.8
100.0 -174.0
100.0 -231.6
100.0 -273.6
100.0 -190.8
100.0 -333.6
100.0 -249.6
100.0 -370.8
100.0 -243.6
100.0 -223.2
100.0 -228.0
100.0 -472.8
100.0 -519.6
100.0 -538.8
100.0 -550.8
100.0 -560.4
101.0 -231.6
101.0 -180.0
101.0 -202.8
101.0 -193.2
101.0 -240.0
101.0 -274.8
101.0 -340.8
101.0 -402.0
101.0 -218.4
101.0 -175.2
101.0 -366.0
101.0 -217.2
101.0 -486.0
101.0 -464.4
101.0 -546.0
101.0 -446.4
101.0 -439.2
102.0 -344.4
102.0 -322.8
102.0 -253.2
102.0 -297.6
102.0 -282.0
102.0 -283.2
102.0 -417.6
102.0 -284.4
102.0 -368.4
102.0 -543.6
102.0 -547.2
103.0 -214.8
103.0 -277.2
103.0 -206.4
103.0 -168.0
103.0 -325.2
103.0 -328.8
103.0 -250.8
103.0 -256.8
103.0 -567.6
103.0 -480.0
104.0 -207.6
104.0 -306.0
104.0 -271.2
104.0 -314.4
104.0 -199.2
104.0 -470.4
104.0 -229.2
104.0 -363.6
104.0 -268.8
104.0 -536.4
104.0 -471.6
105.0 -343.2
105.0 -424.8
105.0 -229.2
105.0 -360.0
105.0 -277.2
105.0 -156.0
105.0 -217.2
105.0 -219.6
105.0 -252.0
105.0 -357.6
105.0 -247.2
105.0 -127.2
105.0 -196.8
105.0 -538.8
105.0 -576.0
106.0 -166.8
106.0 -217.2
106.0 -244.8
106.0 -358.8
106.0 -297.6
106.0 -190.8
106.0 -344.4
106.0 -130.8
107.0 -249.6
107.0 -246.0
107.0 -232.8
107.0 -325.2
107.0 -261.6
107.0 -268.8
107.0 -271.2
107.0 -405.6
107.0 -148.8
107.0 -342.0
107.0 -351.6
107.0 -190.8
107.0 -532.8
108.0 -253.2
108.0 -291.6
108.0 -200.4
108.0 -181.2
108.0 -316.8
108.0 -303.6
108.0 -357.6
108.0 -309.6
108.0 -354.0
108.0 -298.8
108.0 -410.4
108.0 -555.6
108.0 -561.6
108.0 -526.8
108.0 -469.2
109.0 -403.2
109.0 -348.0
109.0 -272.4
109.0 -344.4
109.0 -350.4
109.0 -402.0
109.0 -360.0
109.0 -262.8
109.0 -231.6
109.0 -394.8
110.0 -210.0
110.0 -313.2
110.0 -268.8
110.0 -367.2
110.0 -463.2
110.0 -517.2
110.0 -487.2
110.0 -300.0
110.0 -310.8
110.0 -252.0
110.0 -566.4
111.0 -97.2
111.0 -231.6
111.0 -348.0
111.0 -315.6
111.0 -530.4
112.0 -246.0
112.0 -384.0
112.0 -357.6
112.0 -133.2
112.0 -380.4
112.0 -332.4
112.0 -310.8
112.0 -344.4
112.0 -202.8
112.0 -417.6
112.0 -219.6
113.0 -290.4
113.0 -398.4
113.0 -415.2
113.0 -256.8
113.0 -351.6
113.0 -358.8
113.0 -352.8
113.0 -313.2
113.0 -196.8
113.0 -270.0
113.0 -387.6
113.0 -564.0
114.0 -330.0
114.0 -384.0
114.0 -321.6
114.0 -313.2
114.0 -438.0
114.0 -352.8
114.0 -288.0
114.0 -386.4
114.0 -415.2
114.0 -452.4
114.0 -610.8
115.0 -235.2
115.0 -225.6
115.0 -352.8
115.0 -283.2
115.0 -310.8
115.0 -342.0
115.0 -327.6
115.0 -319.2
116.0 -370.8
116.0 -271.2
116.0 -286.8
116.0 -424.8
116.0 -387.6
116.0 -391.2
116.0 -550.8
117.0 -384.0
117.0 -344.4
117.0 -379.2
117.0 -444.0
117.0 -190.8
117.0 -376.8
118.0 -418.8
118.0 -386.4
118.0 -331.2
118.0 -265.2
118.0 -368.4
118.0 -484.8
118.0 -164.4
118.0 -213.6
118.0 -328.8
119.0 -375.6
119.0 -388.8
119.0 -331.2
119.0 -474.0
119.0 -348.0
119.0 -211.2
119.0 -410.4
119.0 -615.6
119.0 -621.6
120.0 -301.2
120.0 -345.6
120.0 -361.2
120.0 -363.6
120.0 -426.0
120.0 -432.0
120.0 -375.6
120.0 -290.4
120.0 -368.4
120.0 -277.2
121.0 -286.8
121.0 -272.4
121.0 -265.2
121.0 -259.2
121.0 -405.6
121.0 -384.0
121.0 -417.6
121.0 -442.8
122.0 -316.8
122.0 -406.8
122.0 -462.0
122.0 -285.6
122.0 -266.4
122.0 -394.8
122.0 -358.8
123.0 -261.6
123.0 -450.0
123.0 -320.4
123.0 -332.4
123.0 -325.2
123.0 -342.0
123.0 -321.6
123.0 -360.0
123.0 -340.8
124.0 -290.4
124.0 -415.2
124.0 -318.0
124.0 -398.4
124.0 -249.6
124.0 -375.6
124.0 -352.8
124.0 -404.4
124.0 -340.8
124.0 -405.6
125.0 -496.8
125.0 -447.6
125.0 -316.8
125.0 -220.8
125.0 -384.0
125.0 -297.6
125.0 -157.2
125.0 -313.2
125.0 -282.0
125.0 -541.2
126.0 -516.0
126.0 -270.0
126.0 -328.8
126.0 -375.6
126.0 -286.8
126.0 -264.0
126.0 -272.4
126.0 -651.6
127.0 -480.0
127.0 -357.6
127.0 -384.0
127.0 -262.8
127.0 -352.8
127.0 -360.0
127.0 -362.4
127.0 -267.6
127.0 -360.0
128.0 -463.2
128.0 -418.8
128.0 -375.6
128.0 -427.2
129.0 -374.4
129.0 -369.6
129.0 -200.4
129.0 -248.4
129.0 -410.4
129.0 -433.2
129.0 -300.0
129.0 -464.4
129.0 -274.8
130.0 -441.6
130.0 -295.2
130.0 -342.0
130.0 -538.8
130.0 -374.4
131.0 -337.2
131.0 -475.2
132.0 -436.8
132.0 -414.0
132.0 -446.4
132.0 -346.8
132.0 -369.6
133.0 -795.6
133.0 -422.4
134.0 -453.6
134.0 -316.8
134.0 -451.2
134.0 -507.6
134.0 -284.4
134.0 -429.6
134.0 -459.6
135.0 -255.6
135.0 -386.4
135.0 -315.6
135.0 -337.2
135.0 -297.6
135.0 -312.0
136.0 -255.6
136.0 -338.4
136.0 -420.0
136.0 -460.8
136.0 -444.0
136.0 -364.8
136.0 -475.2
137.0 -842.4
137.0 -380.4
137.0 -440.4
137.0 -424.8
137.0 -427.2
138.0 -375.6
138.0 -438.0
138.0 -658.8
139.0 -445.2
139.0 -404.4
139.0 -408.0
139.0 -432.0
139.0 -415.2
140.0 -724.8
140.0 -811.2
140.0 -434.4
140.0 -423.6
140.0 -453.6
140.0 -355.2
141.0 -285.6
141.0 -422.4
141.0 -408.0
141.0 -354.0
141.0 -414.0
142.0 -615.6
143.0 -304.8
143.0 -271.2
144.0 -385.2
144.0 -379.2
144.0 -457.2
144.0 -768.0
145.0 -421.2
145.0 -517.2
145.0 -332.4
145.0 -404.4
145.0 -378.0
146.0 -498.0
146.0 -506.4
146.0 -474.0
146.0 -357.6
147.0 -421.2
147.0 -463.2
147.0 -536.4
147.0 -429.6
149.0 -492.0
149.0 -494.4
149.0 -301.2
151.0 -363.6
151.0 -447.6
151.0 -410.4
153.0 -879.6
153.0 -862.8
153.0 -580.8
153.0 -512.4
154.0 -506.4
154.0 -552.0
154.0 -338.4
154.0 -349.2
154.0 -385.2
155.0 -412.8
155.0 -463.2
156.0 -826.8
156.0 -432.0
156.0 -390.0
157.0 -894.0
157.0 -422.4
157.0 -126.0
157.0 -414.0
157.0 -528.0
158.0 -913.2
158.0 -519.6
158.0 -397.2
158.0 -382.8
159.0 -960.0
159.0 -469.2
159.0 -526.8
160.0 -942.0
160.0 -460.8
160.0 -394.8
160.0 -414.0
161.0 -326.4
162.0 -495.6
163.0 -835.2
163.0 -944.4
163.0 -910.8
163.0 -385.2
166.0 -915.6
166.0 -367.2
166.0 -501.6
169.0 -873.6
169.0 -968.4
169.0 -452.4
170.0 -950.4
170.0 -954.0
170.0 -955.2
170.0 -402.0
171.0 -948.0
171.0 -390.0
172.0 -998.4
173.0 -564.0
174.0 -1021.2
175.0 -872.4
176.0 -1004.4
176.0 -615.6
177.0 -991.2
177.0 -963.6
178.0 -949.2
178.0 -903.6
178.0 -936.0
179.0 -756.0
179.0 -1026.0
179.0 -1038.0
180.0 -846.0
180.0 -1034.4
180.0 -986.4
180.0 -976.8
180.0 -909.6
181.0 -963.6
181.0 -938.4
182.0 -985.2
182.0 -984.0
183.0 -986.4
183.0 -1014.0
184.0 -882.0
184.0 -925.2
185.0 -1018.8
186.0 -930.0
186.0 -896.4
186.0 -1029.6
186.0 -1048.8
186.0 -546.0
187.0 -1016.4
187.0 -1021.2
187.0 -992.4
187.0 -1028.4
187.0 -972.0
188.0 -848.4
188.0 -986.4
188.0 -1041.6
188.0 -913.2
189.0 -1030.8
189.0 -1003.2
189.0 -1088.4
189.0 -448.8
190.0 -1035.6
190.0 -1070.4
191.0 -1062.0
191.0 -1032.0
191.0 -966.0
192.0 -992.4
192.0 -1047.6
193.0 -1056.0
193.0 -1048.8
193.0 -956.4
193.0 -1088.4
193.0 -1048.8
193.0 -978.0
194.0 -1044.0
194.0 -988.8
194.0 -1071.6
194.0 -1021.2
194.0 -1083.6
195.0 -1065.6
195.0 -1016.4
195.0 -993.6
195.0 -1014.0
196.0 -1058.4
196.0 -1033.2
196.0 -992.4
196.0 -1006.8
197.0 -892.8
197.0 -1045.2
197.0 -1050.0
197.0 -1070.4
197.0 -1009.2
197.0 -987.6
197.0 -1042.8
197.0 -740.4
198.0 -1084.8
198.0 -1000.8
198.0 -1046.4
198.0 -1030.8
199.0 -1086.0
199.0 -1028.4
199.0 -1050.0
199.0 -1012.8
200.0 -1090.8
200.0 -1045.2
200.0 -1087.2
201.0 -1076.4
201.0 -1069.2
201.0 -1126.8
201.0 -1087.2
201.0 -1030.8
202.0 -1002.0
203.0 -1014.0
204.0 -1068.0
204.0 -1153.2
204.0 -1068.0
205.0 -886.8
205.0 -964.8
205.0 -1022.4
205.0 -1100.4
205.0 -1069.2
205.0 -1060.8
205.0 -1084.8
205.0 -1010.4
206.0 -1128.0
206.0 -1172.4
206.0 -1050.0
206.0 -1045.2
207.0 -1035.6
207.0 -1153.2
208.0 -1131.6
209.0 -1112.4
209.0 -1135.2
209.0 -1093.2
209.0 -1156.8
210.0 -1146.0
210.0 -1071.6
210.0 -1108.8
210.0 -1004.4
211.0 -1138.8
211.0 -1119.6
211.0 -1168.8
211.0 -1173.6
211.0 -1069.2
211.0 -1110.0
211.0 -937.2
212.0 -1096.8
213.0 -1112.4
213.0 -1071.6
213.0 -1134.0
213.0 -1122.0
213.0 -1122.0
214.0 -1077.6
214.0 -1128.0
214.0 -1047.6
215.0 -1042.8
215.0 -1167.6
216.0 -1034.4
216.0 -1075.2
217.0 -1076.4
217.0 -1142.4
218.0 -1164.0
218.0 -1102.8
218.0 -1087.2
218.0 -1094.4
219.0 -1150.8
219.0 -1090.8
219.0 -1118.4
220.0 -1180.8
220.0 -1176.0
220.0 -1142.4
220.0 -1112.4
220.0 -1120.8
221.0 -1172.4
221.0 -1063.2
221.0 -1146.0
221.0 -1107.6
221.0 -1179.6
221.0 -1044.0
222.0 -1198.8
222.0 -1131.6
223.0 -985.2
223.0 -1129.2
223.0 -1114.8
223.0 -1162.8
223.0 -1081.2
224.0 -1113.6
224.0 -1167.6
224.0 -1110.0
224.0 -1051.2
224.0 -1171.2
224.0 -1126.8
224.0 -1208.4
225.0 -1138.8
225.0 -1188.0
225.0 -883.2
225.0 -1183.2
225.0 -1132.8
225.0 -1100.4
226.0 -936.0
226.0 -1122.0
226.0 -1150.8
226.0 -1147.2
226.0 -1104.0
226.0 -1165.2
227.0 -1129.2
227.0 -1106.4
227.0 -1174.8
227.0 -1173.6
227.0 -1082.4
227.0 -1215.6
227.0 -1072.8
227.0 -1183.2
227.0 -1062.0
227.0 -1222.8
228.0 -1114.8
229.0 -960.0
229.0 -1084.8
229.0 -1135.2
229.0 -1164.0
230.0 -1138.8
230.0 -1189.2
230.0 -1190.4
230.0 -1114.8
230.0 -1226.4
230.0 -1058.4
230.0 -1282.8
230.0 -1177.2
230.0 -1162.8
230.0 -1146.0
231.0 -848.4
231.0 -1208.4
231.0 -1110.0
231.0 -1144.8
231.0 -1190.4
231.0 -1105.2
231.0 -1198.8
231.0 -1147.2
232.0 -1138.8
232.0 -1226.4
232.0 -1142.4
232.0 -1206.0
232.0 -1185.6
232.0 -1197.6
232.0 -1213.2
232.0 -1128.0
233.0 -1134.0
233.0 -1210.8
233.0 -1174.8
233.0 -1208.4
233.0 -1053.6
233.0 -1161.6
233.0 -1179.6
233.0 -1236.0
233.0 -1177.2
234.0 -927.6
234.0 -1114.8
234.0 -1140.0
234.0 -1166.4
234.0 -1252.8
234.0 -1179.6
234.0 -1201.2
235.0 -1140.0
235.0 -1207.2
235.0 -1159.2
235.0 -1208.4
235.0 -1152.0
235.0 -1164.0
235.0 -1088.4
236.0 -1178.4
237.0 -1168.8
237.0 -1230.0
237.0 -1159.2
237.0 -1281.6
237.0 -1274.4
237.0 -1232.4
237.0 -1256.4
237.0 -1185.6
237.0 -1168.8
238.0 -1146.0
238.0 -1160.4
238.0 -1202.4
238.0 -1063.2
239.0 -1137.6
239.0 -1122.0
239.0 -1058.4
239.0 -1052.4
240.0 -1149.6
240.0 -1186.8
241.0 -1195.2
241.0 -1147.2
241.0 -1141.2
241.0 -1231.2
242.0 -1159.2
242.0 -1087.2
242.0 -1263.6
242.0 -1233.6
242.0 -1257.6
242.0 -1318.8
243.0 -984.0
243.0 -1227.6
243.0 -1243.2
243.0 -1174.8
243.0 -1245.6
243.0 -1208.4
243.0 -1202.4
243.0 -1123.2
243.0 -1159.2
243.0 -1104.0
243.0 -1208.4
243.0 -1263.6
243.0 -1298.4
244.0 -1221.6
244.0 -1206.0
244.0 -1230.0
244.0 -1130.4
244.0 -1112.4
245.0 -906.0
245.0 -1180.8
245.0 -1232.4
245.0 -1272.0
245.0 -1315.2
245.0 -1198.8
245.0 -1178.4
245.0 -1230.0
245.0 -1190.4
245.0 -1269.6
245.0 -1155.6
245.0 -1250.4
245.0 -1306.8
245.0 -1170.0
246.0 -1221.6
246.0 -1218.0
246.0 -1252.8
246.0 -1266.0
246.0 -1251.6
246.0 -1234.8
246.0 -1164.0
246.0 -1188.0
246.0 -1207.2
246.0 -1230.0
246.0 -1201.2
246.0 -1243.2
247.0 -993.6
247.0 -1256.4
247.0 -1226.4
247.0 -1218.0
247.0 -1170.0
247.0 -1243.2
247.0 -1195.2
247.0 -1131.6
248.0 -1033.2
248.0 -1128.0
248.0 -1245.6
248.0 -1167.6
249.0 -1130.4
249.0 -1299.6
249.0 -1176.0
249.0 -1244.4
249.0 -1177.2
249.0 -1238.4
249.0 -1209.6
249.0 -1255.2
249.0 -1155.6
249.0 -1174.8
249.0 -1304.4
249.0 -1168.8
250.0 -846.0
250.0 -1033.2
250.0 -1014.0
250.0 -1254.0
250.0 -1195.2
250.0 -1140.0
250.0 -1188.0
250.0 -1188.0
251.0 -1252.8
251.0 -1156.8
251.0 -1251.6
251.0 -1315.2
251.0 -1263.6
251.0 -1224.0
252.0 -1053.6
252.0 -1322.4
252.0 -1219.2
252.0 -1144.8
252.0 -1238.4
253.0 -1339.2
253.0 -1214.4
253.0 -1190.4
253.0 -1209.6
253.0 -1190.4
253.0 -1279.2
253.0 -1208.4
254.0 -840.0
254.0 -1107.6
254.0 -1316.4
254.0 -1214.4
254.0 -1152.0
254.0 -1266.0
254.0 -1237.2
254.0 -1284.0
255.0 -992.4
255.0 -1320.0
255.0 -1270.8
255.0 -1196.4
256.0 -1022.4
256.0 -1166.4
256.0 -1136.4
256.0 -1236.0
256.0 -1332.0
256.0 -1309.2
256.0 -1267.2
256.0 -1273.2
256.0 -1279.2
256.0 -1233.6
257.0 -966.0
257.0 -1180.8
257.0 -1230.0
257.0 -1336.8
257.0 -1117.2
257.0 -1196.4
257.0 -1272.0
258.0 -1086.0
258.0 -1094.4
258.0 -1042.8
258.0 -1303.2
258.0 -1329.6
258.0 -1214.4
258.0 -1186.8
258.0 -1207.2
259.0 -1279.2
259.0 -1368.0
259.0 -1257.6
259.0 -1213.2
259.0 -1213.2
259.0 -1288.8
260.0 -992.4
260.0 -1377.6
260.0 -1329.6
260.0 -1208.4
260.0 -1219.2
260.0 -1174.8
260.0 -1147.2
260.0 -1316.4
260.0 -1287.6
261.0 -1042.8
261.0 -1260.0
261.0 -1240.8
261.0 -1230.0
261.0 -1153.2
261.0 -1201.2
262.0 -1251.6
262.0 -1369.2
262.0 -1270.8
262.0 -1244.4
262.0 -1275.6
262.0 -1302.0
262.0 -1224.0
262.0 -1387.2
263.0 -1137.6
263.0 -1026.0
263.0 -1216.8
263.0 -1345.2
263.0 -1362.0
263.0 -1104.0
263.0 -1116.0
263.0 -1257.6
263.0 -1242.0
263.0 -1396.8
263.0 -1328.4
263.0 -1245.6
263.0 -1348.8
263.0 -1300.8
263.0 -1285.2
263.0 -1317.6
263.0 -1147.2
264.0 -1201.2
264.0 -1280.4
264.0 -1255.2
264.0 -1332.0
264.0 -1284.0
264.0 -1228.8
265.0 -1239.6
265.0 -1292.4
265.0 -1191.6
265.0 -1377.6
265.0 -1300.8
265.0 -1442.4
265.0 -1255.2
265.0 -1136.4
265.0 -1356.0
266.0 -1209.6
266.0 -1362.0
266.0 -1221.6
266.0 -1336.8
266.0 -1215.6
266.0 -1405.2
267.0 -1348.8
267.0 -1405.2
267.0 -1202.4
267.0 -1162.8
267.0 -1296.0
267.0 -1347.6
267.0 -1389.6
267.0 -1239.6
267.0 -1275.6
267.0 -1293.6
267.0 -1335.6
268.0 -1209.6
268.0 -1383.6
268.0 -1398.0
268.0 -1332.0
268.0 -1250.4
268.0 -1381.2
268.0 -1280.4
268.0 -1418.4
268.0 -1260.0
268.0 -1222.8
269.0 -1372.8
269.0 -1353.6
269.0 -1136.4
269.0 -1224.0
270.0 -1304.4
270.0 -1245.6
270.0 -1278.0
270.0 -1323.6
270.0 -1344.0
271.0 -1129.2
271.0 -1219.2
271.0 -1254.0
271.0 -1286.4
271.0 -1329.6
272.0 -1030.8
272.0 -1339.2
272.0 -1329.6
272.0 -1263.6
272.0 -1278.0
272.0 -1298.4
272.0 -1287.6
272.0 -1388.4
272.0 -1364.4
273.0 -1255.2
273.0 -1314.0
273.0 -1261.2
273.0 -1447.2
273.0 -1263.6
273.0 -1299.6
273.0 -1328.4
273.0 -1378.8
274.0 -1058.4
274.0 -1118.4
274.0 -1332.0
274.0 -1278.0
274.0 -1293.6
274.0 -1360.8
274.0 -1270.8
274.0 -1287.6
274.0 -1383.6
274.0 -1221.6
274.0 -1304.4
274.0 -1206.0
274.0 -1290.0
275.0 -1460.4
275.0 -1317.6
275.0 -1330.8
275.0 -1276.8
275.0 -1300.8
276.0 -1159.2
276.0 -1236.0
276.0 -1292.4
276.0 -1418.4
277.0 -1144.8
277.0 -1140.0
277.0 -1110.0
277.0 -1280.4
277.0 -1320.0
277.0 -1364.4
278.0 -1170.0
278.0 -1240.8
278.0 -1377.6
278.0 -1310.4
278.0 -1340.4
278.0 -1242.0
279.0 -1414.8
279.0 -1404.0
279.0 -1294.8
280.0 -1190.4
280.0 -1333.2
280.0 -1387.2
280.0 -1413.6
280.0 -1429.2
280.0 -1362.0
281.0 -1377.6
281.0 -1330.8
281.0 -1404.0
281.0 -1248.0
281.0 -1279.2
281.0 -1288.8
282.0 -967.2
282.0 -1215.6
282.0 -1461.6
282.0 -1287.6
282.0 -1249.2
282.0 -1405.2
282.0 -1243.2
282.0 -1419.6
282.0 -1266.0
282.0 -1378.8
282.0 -1456.8
283.0 -1340.4
283.0 -1334.4
283.0 -1339.2
283.0 -1412.4
283.0 -1322.4
283.0 -1383.6
283.0 -1303.2
283.0 -1332.0
284.0 -1339.2
284.0 -1435.2
284.0 -1316.4
284.0 -1327.2
284.0 -1339.2
284.0 -1294.8
285.0 -1351.2
285.0 -1394.4
285.0 -1444.8
285.0 -1483.2
285.0 -1309.2
285.0 -1261.2
286.0 -1164.0
286.0 -1273.2
286.0 -1347.6
286.0 -1456.8
286.0 -1293.6
286.0 -1456.8
286.0 -1480.8
286.0 -1351.2
287.0 -1316.4
287.0 -1449.6
288.0 -1177.2
288.0 -1180.8
288.0 -1404.0
288.0 -1353.6
288.0 -1305.6
288.0 -1446.0
289.0 -1170.0
289.0 -1495.2
289.0 -1435.2
289.0 -1281.6
289.0 -1429.2
289.0 -1268.4
289.0 -1257.6
290.0 -1089.6
290.0 -1143.6
290.0 -1342.8
290.0 -1422.0
290.0 -1512.0
290.0 -1354.8
290.0 -1462.8
290.0 -1340.4
290.0 -1488.0
291.0 -1254.0
291.0 -1347.6
291.0 -1340.4
291.0 -1309.2
291.0 -1308.0
291.0 -1473.6
291.0 -1408.8
292.0 -1282.8
292.0 -1449.6
292.0 -1345.2
292.0 -1345.2
292.0 -1512.0
292.0 -1388.4
292.0 -1434.0
292.0 -1314.0
292.0 -1478.4
292.0 -1338.0
293.0 -1114.8
293.0 -1221.6
293.0 -1332.0
293.0 -1380.0
293.0 -1356.0
293.0 -1284.0
293.0 -1364.4
293.0 -1366.8
294.0 -1108.8
294.0 -1384.8
294.0 -1273.2
294.0 -1290.0
294.0 -1298.4
294.0 -1506.0
295.0 -1088.4
295.0 -1342.8
295.0 -1438.8
295.0 -1435.2
295.0 -1309.2
295.0 -1420.8
295.0 -1476.0
296.0 -1148.4
296.0 -1276.8
296.0 -1382.4
296.0 -1326.0
296.0 -1526.4
296.0 -1430.4
296.0 -1432.8
296.0 -1365.6
297.0 -1150.8
297.0 -1213.2
297.0 -1056.0
297.0 -1414.8
297.0 -1372.8
297.0 -1440.0
297.0 -1381.2
297.0 -1522.8
297.0 -1465.2
297.0 -1440.0
297.0 -1335.6
298.0 -1191.6
298.0 -1322.4
298.0 -1362.0
298.0 -1305.6
298.0 -1500.0
298.0 -1530.0
298.0 -1374.0
298.0 -1357.2
298.0 -1468.8
298.0 -1527.6
299.0 -1138.8
299.0 -1260.0
299.0 -1442.4
299.0 -1471.2
299.0 -1311.6
299.0 -1326.0
299.0 -1316.4
299.0 -1464.0
299.0 -1436.4
299.0 -1508.4
300.0 -1426.8
300.0 -1389.6
300.0 -1398.0
301.0 -1528.8
301.0 -1306.8
301.0 -1270.8
302.0 -1047.6
302.0 -1320.0
302.0 -1344.0
302.0 -1368.0
302.0 -1496.4
302.0 -1534.8
302.0 -1452.0
302.0 -1408.8
302.0 -1438.8
302.0 -1405.2
302.0 -1428.0
303.0 -1238.4
303.0 -1387.2
303.0 -1195.2
303.0 -1442.4
303.0 -1414.8
303.0 -1374.0
303.0 -1348.8
303.0 -1285.2
303.0 -1534.8
303.0 -1321.2
303.0 -1586.4
303.0 -1396.8
303.0 -1455.6
304.0 -1255.2
304.0 -1380.0
305.0 -1272.0
305.0 -1408.8
305.0 -1380.0
305.0 -1519.2
305.0 -1394.4
305.0 -1491.6
306.0 -1160.4
306.0 -1596.0
306.0 -1425.6
306.0 -1496.4
306.0 -1473.6
306.0 -1465.2
307.0 -1165.2
307.0 -1179.6
307.0 -1336.8
307.0 -1573.2
308.0 -1124.4
308.0 -1452.0
308.0 -1392.0
308.0 -1488.0
309.0 -1466.4
309.0 -1386.0
309.0 -1442.4
309.0 -1324.8
309.0 -1496.4
309.0 -1360.8
309.0 -1371.6
310.0 -1209.6
310.0 -1245.6
310.0 -1426.8
310.0 -1405.2
310.0 -1417.2
310.0 -1470.0
311.0 -1443.6
311.0 -1527.6
311.0 -1374.0
312.0 -1257.6
312.0 -1290.0
312.0 -1501.2
312.0 -1261.2
312.0 -1366.8
312.0 -1434.0
312.0 -1442.4
312.0 -1446.0
312.0 -1326.0
313.0 -1389.6
313.0 -1249.2
313.0 -1490.4
313.0 -1497.6
313.0 -1330.8
314.0 -1359.6
314.0 -1405.2
315.0 -1402.8
315.0 -1442.4
315.0 -1332.0
315.0 -1442.4
316.0 -1450.8
316.0 -1524.0
316.0 -1569.6
316.0 -1635.6
317.0 -1124.4
317.0 -1408.8
317.0 -1549.2
317.0 -1480.8
317.0 -1486.8
317.0 -1473.6
317.0 -1556.4
318.0 -1252.8
318.0 -1292.4
318.0 -1290.0
318.0 -1404.0
318.0 -1548.0
318.0 -1456.8
318.0 -1471.2
318.0 -1476.0
320.0 -1236.0
320.0 -1232.4
320.0 -1378.8
320.0 -1584.0
320.0 -1438.8
320.0 -1377.6
321.0 -1300.8
321.0 -1371.6
321.0 -1516.8
321.0 -1411.2
321.0 -1536.0
322.0 -1429.2
322.0 -1492.8
322.0 -1579.2
322.0 -1512.0
323.0 -1315.2
323.0 -1484.4
323.0 -1477.2
323.0 -1414.8
323.0 -1556.4
324.0 -1473.6
324.0 -1579.2
324.0 -1501.2
324.0 -1488.0
324.0 -1460.4
325.0 -1626.0
325.0 -1520.4
325.0 -1605.6
325.0 -1662.0
325.0 -1432.8
326.0 -1593.6
326.0 -1582.8
326.0 -1473.6
327.0 -1614.0
327.0 -1605.6
327.0 -1525.2
327.0 -1448.4
327.0 -1479.6
327.0 -1584.0
327.0 -1528.8
328.0 -1264.8
328.0 -1474.8
328.0 -1569.6
328.0 -1444.8
329.0 -1252.8
329.0 -1693.2
329.0 -1533.6
329.0 -1510.8
329.0 -1563.6
329.0 -1588.8
330.0 -1320.0
330.0 -1550.4
330.0 -1438.8
330.0 -1705.2
330.0 -1423.2
330.0 -1420.8
331.0 -1598.4
331.0 -1382.4
331.0 -1468.8
332.0 -1232.4
333.0 -1276.8
333.0 -1300.8
333.0 -1264.8
334.0 -1414.8
334.0 -1622.4
334.0 -1620.0
334.0 -1515.6
334.0 -1611.6
334.0 -1614.0
334.0 -1732.8
335.0 -1585.2
336.0 -1402.8
336.0 -1455.6
336.0 -1489.2
336.0 -1572.0
337.0 -1617.6
337.0 -1717.2
337.0 -1494.0
337.0 -1514.4
337.0 -1491.6
337.0 -1530.0
338.0 -1514.4
338.0 -1587.6
338.0 -1447.2
338.0 -1561.2
339.0 -1294.8
339.0 -1431.6
339.0 -1520.4
339.0 -1502.4
340.0 -1480.8
340.0 -1593.6
341.0 -1370.4
341.0 -1449.6
341.0 -1658.4
341.0 -1507.2
341.0 -1473.6
341.0 -1524.0
342.0 -1642.8
342.0 -1519.2
342.0 -1557.6
344.0 -1401.6
344.0 -1556.4
344.0 -1496.4
344.0 -1666.8
345.0 -1538.4
345.0 -1598.4
345.0 -1539.6
345.0 -1335.6
346.0 -1422.0
346.0 -1600.8
346.0 -1582.8
346.0 -1689.6
346.0 -1490.4
346.0 -1546.8
347.0 -1196.4
347.0 -1699.2
347.0 -1654.8
347.0 -1567.2
348.0 -1686.0
348.0 -1585.2
348.0 -1546.8
348.0 -1507.2
348.0 -1507.2
348.0 -1561.2
348.0 -1641.6
349.0 -1669.2
349.0 -1446.0
350.0 -1717.2
351.0 -1537.2
352.0 -1509.6
352.0 -1636.8
353.0 -1431.6
353.0 -1684.8
353.0 -1755.6
354.0 -1569.6
354.0 -1621.2
354.0 -1626.0
355.0 -1550.4
355.0 -1729.2
355.0 -1602.0
355.0 -1629.6
355.0 -1639.2
356.0 -1333.2
356.0 -1437.6
356.0 -1652.4
356.0 -1609.2
356.0 -1718.4
357.0 -1356.0
357.0 -1664.4
357.0 -1743.6
358.0 -1437.6
358.0 -1339.2
358.0 -1628.4
358.0 -1666.8
358.0 -1762.8
358.0 -1604.4
358.0 -1538.4
358.0 -1693.2
359.0 -1743.6
360.0 -1557.6
360.0 -1614.0
360.0 -1692.0
360.0 -1602.0
361.0 -1363.2
361.0 -1704.0
361.0 -1674.0
361.0 -1602.0
361.0 -1663.2
361.0 -1686.0
362.0 -1580.4
362.0 -1507.2
362.0 -1758.0
362.0 -1765.2
362.0 -1650.0
363.0 -1726.8
363.0 -1734.0
364.0 -1629.6
364.0 -1612.8
365.0 -1726.8
366.0 -1804.8
366.0 -1605.6
366.0 -1712.4
367.0 -1748.4
367.0 -1746.0
368.0 -1635.6
369.0 -1321.2
369.0 -1736.4
369.0 -1692.0
369.0 -1677.6
370.0 -1536.0
370.0 -1462.8
370.0 -1828.8
370.0 -1586.4
370.0 -1785.6
370.0 -1729.2
371.0 -1724.4
372.0 -1639.2
373.0 -1468.8
374.0 -1764.0
375.0 -1626.0
375.0 -1689.6
375.0 -1776.0
376.0 -1762.8
376.0 -1744.8
377.0 -1423.2
377.0 -1705.2
377.0 -1604.4
377.0 -1666.8
378.0 -1456.8
379.0 -1676.4
379.0 -1648.8
380.0 -1648.8
381.0 -1591.2
383.0 -1400.4
383.0 -1729.2
384.0 -1804.8
385.0 -1525.2
385.0 -1800.0
385.0 -1856.4
386.0 -1423.2
386.0 -1546.8
386.0 -1758.0
386.0 -1634.4
386.0 -1891.2
387.0 -1426.8
387.0 -1657.2
387.0 -1821.6
387.0 -1756.8
387.0 -1792.8
387.0 -1728.0
389.0 -1927.2
390.0 -1846.8
390.0 -1809.6
391.0 -1689.6
392.0 -1636.8
392.0 -1759.2
395.0 -1522.8
395.0 -1837.2
395.0 -1809.6
397.0 -1657.2
398.0 -1496.4
400.0 -1742.4
401.0 -1998.0
402.0 -1938.0
403.0 -1722.0
404.0 -1687.2
406.0 -1581.6
407.0 -1957.2
407.0 -1748.4
408.0 -1551.6
410.0 -1515.6
411.0 -1839.6
412.0 -1923.6
413.0 -1814.4
413.0 -1933.2
414.0 -1890.0
414.0 -1873.2
415.0 -1950.0
415.0 -1864.8
417.0 -1861.2
418.0 -1998.0
418.0 -1657.2
419.0 -2018.4
424.0 -1929.6
426.0 -2011.2
427.0 -2000.4
427.0 -1993.2
430.0 -2004.0
432.0 -1942.8
433.0 -1760.4
433.0 -1970.4
434.0 -1978.8
436.0 -1898.4
437.0 -2037.6
437.0 -1884.0
439.0 -2004.0
440.0 -2118.0
443.0 -1896.0
447.0 -2064.0
450.0 -2071.2
454.0 -2060.4
456.0 -1864.8
458.0 -2204.4
464.0 -2132.4
464.0 -2227.2
472.0 -2187.6
483.0 -2158.8
487.0 -2319.6
488.0 -2326.8
495.0 -2286.0
501.0 -2324.4
507.0 -2350.8
510.0 -2467.2
513.0 -2344.8
514.0 -2425.2
516.0 -2500.8
517.0 -2462.4
518.0 -2516.4
518.0 -2493.6
518.0 -2529.6
519.0 -1995.6
520.0 -2403.6
522.0 -2553.6
522.0 -2448.0
522.0 -2319.6
523.0 -2451.6
524.0 -2569.2
524.0 -2383.2
524.0 -2436.0
525.0 -2336.4
526.0 -2518.8
526.0 -2420.4
526.0 -2581.2
526.0 -2556.0
527.0 -2426.4
527.0 -2589.6
527.0 -2510.4
527.0 -2451.6
527.0 -2547.6
527.0 -2509.2
527.0 -2349.6
527.0 -2487.6
527.0 -2499.6
528.0 -2563.2
528.0 -2580.0
528.0 -2456.4
528.0 -2401.2
528.0 -2553.6
530.0 -2530.8
530.0 -2458.8
531.0 -2517.6
531.0 -2461.2
532.0 -2535.6
532.0 -2488.8
533.0 -2438.4
533.0 -2470.8
534.0 -2601.6
534.0 -2596.8
535.0 -2492.4
535.0 -2628.0
536.0 -2487.6
536.0 -2557.2
536.0 -2502.0
536.0 -2430.0
536.0 -2505.6
536.0 -2622.0
537.0 -2606.4
537.0 -2570.4
538.0 -2432.4
539.0 -2604.0
539.0 -2576.4
540.0 -2610.0
540.0 -2557.2
540.0 -2565.6
540.0 -2598.0
540.0 -2593.2
541.0 -2506.8
541.0 -2610.0
541.0 -2592.0
541.0 -2556.0
541.0 -2487.6
541.0 -2494.8
542.0 -2539.2
542.0 -1923.6
542.0 -2548.8
542.0 -2665.2
542.0 -2520.0
543.0 -2616.0
543.0 -2607.6
544.0 -2528.4
544.0 -2505.6
544.0 -2582.4
544.0 -2475.6
545.0 -2667.6
545.0 -2619.6
545.0 -2569.2
545.0 -2588.4
545.0 -2654.4
545.0 -2534.4
546.0 -2599.2
546.0 -2506.8
546.0 -2539.2
546.0 -2505.6
546.0 -2574.0
547.0 -2625.6
547.0 -2138.4
547.0 -2595.6
547.0 -2673.6
547.0 -2372.4
548.0 -2553.6
548.0 -2512.8
549.0 -2482.8
549.0 -2606.4
550.0 -2534.4
550.0 -2617.2
550.0 -2566.8
550.0 -2673.6
550.0 -2689.2
550.0 -2689.2
550.0 -2599.2
551.0 -2511.6
551.0 -2226.0
551.0 -2713.2
551.0 -2497.2
551.0 -2604.0
551.0 -2676.0
552.0 -2616.0
552.0 -2545.2
552.0 -2569.2
552.0 -2611.2
552.0 -2624.4
552.0 -2544.0
552.0 -2534.4
553.0 -2661.6
553.0 -2649.6
553.0 -2648.4
554.0 -2556.0
554.0 -2522.4
554.0 -2648.4
554.0 -2653.2
554.0 -2648.4
554.0 -2529.6
554.0 -2642.4
555.0 -2541.6
555.0 -2636.4
555.0 -2575.2
555.0 -2599.2
555.0 -2688.0
555.0 -2646.0
555.0 -2739.6
555.0 -2672.4
555.0 -2708.4
555.0 -2618.4
555.0 -2499.6
555.0 -2554.8
555.0 -2721.6
556.0 -2584.8
556.0 -2466.0
556.0 -2671.2
556.0 -2602.8
556.0 -2613.6
556.0 -2577.6
556.0 -2718.0
556.0 -2688.0
556.0 -2716.8
557.0 -2437.2
557.0 -2611.2
557.0 -2562.0
557.0 -2598.0
557.0 -2544.0
557.0 -2577.6
557.0 -2648.4
557.0 -2673.6
557.0 -2734.8
558.0 -2589.6
558.0 -2232.0
558.0 -2617.2
558.0 -2727.6
558.0 -2679.6
558.0 -2708.4
558.0 -2757.6
558.0 -2666.4
559.0 -2571.6
559.0 -2643.6
559.0 -2558.4
559.0 -2620.8
559.0 -2738.4
560.0 -2521.2
560.0 -2604.0
560.0 -2677.2
560.0 -2562.0
560.0 -2696.4
560.0 -2623.2
560.0 -2622.0
560.0 -2647.2
560.0 -2658.0
560.0 -2716.8
560.0 -2712.0
561.0 -2607.6
561.0 -2682.0
561.0 -2605.2
561.0 -2595.6
561.0 -2652.0
561.0 -2611.2
561.0 -2742.0
561.0 -2679.6
562.0 -2739.6
562.0 -2676.0
562.0 -2684.4
562.0 -2767.2
563.0 -2584.8
563.0 -2773.2
563.0 -2570.4
563.0 -2625.6
563.0 -2612.4
564.0 -2646.0
564.0 -2708.4
564.0 -2445.6
564.0 -2624.4
564.0 -2708.4
564.0 -2646.0
564.0 -2540.4
564.0 -2659.2
564.0 -2644.8
564.0 -2682.0
564.0 -2685.6
564.0 -2662.8
564.0 -2624.4
565.0 -2690.4
565.0 -2688.0
565.0 -2653.2
565.0 -2678.4
565.0 -2718.0
565.0 -2120.4
565.0 -2698.8
565.0 -2666.4
566.0 -2445.6
566.0 -2728.8
566.0 -2607.6
566.0 -2695.2
566.0 -2685.6
566.0 -2721.6
566.0 -2656.8
566.0 -2671.2
566.0 -2599.2
566.0 -2628.0
567.0 -2676.0
567.0 -2552.4
567.0 -2784.0
567.0 -2761.2
567.0 -2655.6
567.0 -2752.8
567.0 -2674.8
567.0 -2719.2
567.0 -2650.8
567.0 -2536.8
567.0 -2611.2
568.0 -2659.2
568.0 -2684.4
568.0 -2338.8
568.0 -2732.4
568.0 -2798.4
568.0 -2710.8
568.0 -2692.8
568.0 -2624.4
568.0 -2688.0
568.0 -2704.8
568.0 -2758.8
569.0 -2696.4
569.0 -2764.8
569.0 -2419.2
569.0 -2677.2
569.0 -2702.4
569.0 -2752.8
569.0 -2658.0
569.0 -2691.6
569.0 -2709.6
570.0 -2702.4
570.0 -2570.4
570.0 -2600.4
570.0 -2220.0
570.0 -2734.8
570.0 -2810.4
570.0 -2665.2
570.0 -2691.6
570.0 -2773.2
570.0 -2702.4
570.0 -2632.8
570.0 -2762.4
571.0 -2607.6
571.0 -2685.6
571.0 -2602.8
571.0 -2624.4
571.0 -2726.4
571.0 -2800.8
571.0 -2656.8
571.0 -2702.4
571.0 -2743.2
571.0 -2826.0
571.0 -2784.0
571.0 -2704.8
572.0 -2696.4
572.0 -2584.8
572.0 -2625.6
572.0 -2769.6
572.0 -2697.6
572.0 -2092.8
572.0 -2636.4
572.0 -2750.4
572.0 -2739.6
572.0 -2706.0
572.0 -2803.2
572.0 -2787.6
572.0 -2620.8
572.0 -2708.4
572.0 -2548.8
572.0 -2637.6
572.0 -2736.0
572.0 -2650.8
572.0 -2534.4
573.0 -2599.2
573.0 -2370.0
573.0 -2396.4
573.0 -2562.0
573.0 -2758.8
573.0 -2824.8
573.0 -2694.0
573.0 -2649.6
573.0 -2716.8
574.0 -2738.4
574.0 -2720.4
574.0 -2763.6
574.0 -2755.2
574.0 -2713.2
574.0 -2727.6
574.0 -2731.2
574.0 -2493.6
574.0 -2707.2
574.0 -2766.0
574.0 -2780.4
574.0 -2757.6
574.0 -2730.0
574.0 -2515.2
574.0 -2677.2
575.0 -2622.0
575.0 -2575.2
575.0 -2768.4
575.0 -2830.8
575.0 -2665.2
575.0 -2680.8
575.0 -2679.6
575.0 -2727.6
575.0 -2722.8
575.0 -2743.2
575.0 -2611.2
575.0 -2732.4
576.0 -2642.4
576.0 -2671.2
576.0 -2763.6
576.0 -2751.6
576.0 -2804.4
576.0 -2679.6
576.0 -2776.8
576.0 -2775.6
576.0 -2662.8
576.0 -2668.8
576.0 -2734.8
577.0 -2791.2
577.0 -2847.6
577.0 -2628.0
577.0 -2732.4
577.0 -2661.6
577.0 -2654.4
577.0 -2722.8
577.0 -2796.0
577.0 -2708.4
577.0 -2709.6
577.0 -2752.8
577.0 -2658.0
578.0 -2695.2
578.0 -2678.4
578.0 -2779.2
578.0 -2287.2
578.0 -2697.6
578.0 -2749.2
578.0 -2863.2
578.0 -2760.0
578.0 -2809.2
578.0 -2690.4
578.0 -2751.6
578.0 -2754.0
579.0 -2630.4
579.0 -2707.2
579.0 -2403.6
579.0 -2624.4
579.0 -2628.0
579.0 -2708.4
579.0 -2670.0
579.0 -2674.8
579.0 -2788.8
580.0 -2748.0
580.0 -2742.0
580.0 -2250.0
580.0 -2289.6
580.0 -2893.2
580.0 -2710.8
580.0 -2745.6
580.0 -2826.0
580.0 -2737.2
580.0 -2643.6
580.0 -2655.6
580.0 -2863.2
581.0 -2662.8
581.0 -2746.8
581.0 -2749.2
581.0 -2553.6
581.0 -2738.4
581.0 -2814.0
581.0 -2839.2
581.0 -2546.4
581.0 -2730.0
581.0 -2685.6
581.0 -2629.2
581.0 -2739.6
581.0 -2690.4
581.0 -2769.6
581.0 -2598.0
582.0 -2834.4
582.0 -2421.6
582.0 -2715.6
582.0 -2778.0
582.0 -2619.6
582.0 -2796.0
582.0 -2734.8
582.0 -2762.4
582.0 -2725.2
582.0 -2817.6
582.0 -2832.0
582.0 -2648.4
582.0 -2695.2
582.0 -2755.2
583.0 -2794.8
583.0 -2684.4
583.0 -2703.6
583.0 -2773.2
583.0 -2626.8
583.0 -2667.6
583.0 -2646.0
583.0 -2818.8
583.0 -2625.6
583.0 -2679.6
583.0 -2746.8
583.0 -2623.2
583.0 -2743.2
583.0 -2743.2
584.0 -2739.6
584.0 -2882.4
584.0 -2816.4
584.0 -2491.2
584.0 -2239.2
584.0 -2722.8
584.0 -2791.2
584.0 -2708.4
584.0 -2766.0
584.0 -2736.0
584.0 -2751.6
585.0 -2703.6
585.0 -2734.8
585.0 -2690.4
585.0 -2758.8
585.0 -2740.8
585.0 -2852.4
585.0 -2204.4
585.0 -2641.2
585.0 -2634.0
585.0 -2814.0
585.0 -2748.0
585.0 -2792.4
585.0 -2737.2
585.0 -2770.8
585.0 -2752.8
585.0 -2692.8
585.0 -2725.2
586.0 -2796.0
586.0 -2776.8
586.0 -2758.8
586.0 -2866.8
586.0 -2846.4
586.0 -2629.2
586.0 -2817.6
586.0 -2746.8
586.0 -2761.2
586.0 -2858.4
586.0 -2762.4
586.0 -2588.4
587.0 -2763.6
587.0 -2858.4
587.0 -2491.2
587.0 -2364.0
587.0 -2686.8
587.0 -2781.6
587.0 -2754.0
587.0 -2823.6
587.0 -2817.6
587.0 -2791.2
587.0 -2604.0
587.0 -2738.4
588.0 -2853.6
588.0 -2800.8
588.0 -2745.6
588.0 -2859.6
588.0 -2832.0
588.0 -2457.6
588.0 -2241.6
588.0 -2678.4
588.0 -2907.6
588.0 -2878.8
588.0 -2844.0
588.0 -2792.4
588.0 -2718.0
588.0 -2852.4
589.0 -2761.2
589.0 -2758.8
589.0 -2816.4
589.0 -2672.4
589.0 -2716.8
589.0 -2534.4
589.0 -2322.0
589.0 -2163.6
589.0 -2677.2
589.0 -2800.8
589.0 -2834.4
589.0 -2780.4
589.0 -2850.0
589.0 -2725.2
589.0 -2818.8
589.0 -2787.6
590.0 -2640.0
590.0 -2714.4
590.0 -2766.0
590.0 -2790.0
590.0 -2732.4
590.0 -2792.4
590.0 -2300.4
590.0 -2317.2
590.0 -2126.4
590.0 -2853.6
590.0 -2890.8
590.0 -2604.0
590.0 -2727.6
590.0 -2858.4
590.0 -2688.0
590.0 -2862.0
590.0 -2695.2
590.0 -2812.8
590.0 -2792.4
590.0 -2767.2
590.0 -2658.0
590.0 -2809.2
590.0 -2626.8
590.0 -2815.2
590.0 -2770.8
591.0 -2769.6
591.0 -2776.8
591.0 -2742.0
591.0 -2812.8
591.0 -2761.2
591.0 -2858.4
591.0 -2276.4
591.0 -2560.8
591.0 -2733.6
591.0 -2742.0
591.0 -2848.8
591.0 -2892.0
591.0 -2895.6
591.0 -2763.6
591.0 -2793.6
591.0 -2768.4
591.0 -2870.4
591.0 -2730.0
591.0 -2749.2
592.0 -2787.6
592.0 -2782.8
592.0 -2836.8
592.0 -2894.4
592.0 -2758.8
592.0 -2688.0
592.0 -2613.6
592.0 -2656.8
592.0 -2835.6
592.0 -2745.6
592.0 -2815.2
592.0 -2836.8
592.0 -2852.4
592.0 -2770.8
592.0 -2832.0
592.0 -2845.2
592.0 -2797.2
592.0 -2821.2
592.0 -2892.0
592.0 -2791.2
592.0 -2742.0
592.0 -2679.6
593.0 -2776.8
593.0 -2775.6
593.0 -2799.6
593.0 -2803.2
593.0 -2704.8
593.0 -2827.2
593.0 -2787.6
593.0 -2768.4
593.0 -2860.8
593.0 -2840.4
593.0 -2773.2
593.0 -2773.2
593.0 -2838.0
593.0 -2703.6
593.0 -2799.6
593.0 -2767.2
593.0 -2926.8
593.0 -2884.8
593.0 -2704.8
593.0 -2928.0
594.0 -2796.0
594.0 -2769.6
594.0 -2691.6
594.0 -2661.6
594.0 -2686.8
594.0 -2917.2
594.0 -2230.8
594.0 -1984.8
594.0 -2959.2
594.0 -2586.0
594.0 -2778.0
594.0 -2826.0
594.0 -2890.8
594.0 -2875.2
594.0 -2859.6
594.0 -2722.8
595.0 -2811.6
595.0 -2840.4
595.0 -2798.4
595.0 -2814.0
595.0 -2762.4
595.0 -2800.8
595.0 -2790.0
595.0 -2226.0
595.0 -2490.0
595.0 -2443.2
595.0 -2338.8
595.0 -2438.4
595.0 -2745.6
595.0 -2815.2
595.0 -2888.4
595.0 -2906.4
595.0 -2908.8
595.0 -2818.8
595.0 -2797.2
595.0 -2769.6
595.0 -2798.4
595.0 -2760.0
595.0 -2860.8
595.0 -2830.8
596.0 -2778.0
596.0 -2862.0
596.0 -2764.8
596.0 -2922.0
596.0 -2749.2
596.0 -2864.4
596.0 -2298.0
596.0 -2314.8
596.0 -2752.8
596.0 -2787.6
596.0 -2755.2
596.0 -2898.0
596.0 -2802.0
596.0 -2931.6
596.0 -2691.6
596.0 -2758.8
596.0 -2775.6
596.0 -2799.6
596.0 -2919.6
596.0 -2851.2
596.0 -2854.8
596.0 -2691.6
596.0 -2890.8
596.0 -2895.6
597.0 -2870.4
597.0 -2862.0
597.0 -2762.4
597.0 -2748.0
597.0 -2931.6
597.0 -2803.2
597.0 -2841.6
597.0 -2760.0
597.0 -2658.0
597.0 -2830.8
597.0 -2847.6
597.0 -2277.6
597.0 -2870.4
597.0 -2781.6
597.0 -2798.4
597.0 -2806.8
597.0 -2857.2
597.0 -2670.0
597.0 -2800.8
597.0 -2688.0
597.0 -2786.4
597.0 -2824.8
597.0 -2882.4
597.0 -2810.4
597.0 -2772.0
597.0 -2895.6
598.0 -2714.4
598.0 -2828.4
598.0 -2920.8
598.0 -2854.8
598.0 -2707.2
598.0 -2830.8
598.0 -2394.0
598.0 -2426.4
598.0 -2401.2
598.0 -2373.6
598.0 -2742.0
598.0 -2806.8
598.0 -2665.2
598.0 -2828.4
598.0 -2822.4
598.0 -2960.4
598.0 -2839.2
598.0 -2624.4
598.0 -2972.4
598.0 -2871.6
598.0 -2781.6
599.0 -2835.6
599.0 -2838.0
599.0 -2839.2
599.0 -2830.8
599.0 -2590.8
599.0 -2758.8
599.0 -2532.0
599.0 -2394.0
599.0 -2335.2
599.0 -2926.8
599.0 -2890.8
599.0 -2832.0
599.0 -2857.2
599.0 -2805.6
599.0 -2821.2
599.0 -2821.2
599.0 -2804.4
599.0 -2749.2
599.0 -2811.6
599.0 -2923.2
599.0 -2785.2
599.0 -2791.2
599.0 -2784.0
599.0 -2809.2
599.0 -2835.6
599.0 -2803.2
599.0 -2740.8
599.0 -2811.6
599.0 -2728.8
600.0 -2734.8
600.0 -2672.4
600.0 -2792.4
600.0 -2833.2
600.0 -2721.6
600.0 -2821.2
600.0 -2620.8
600.0 -2896.8
600.0 -2496.0
600.0 -2616.0
600.0 -2374.8
600.0 -2433.6
600.0 -2918.4
600.0 -2600.4
600.0 -2852.4
600.0 -2660.4
600.0 -2841.6
600.0 -2920.8
600.0 -2787.6
600.0 -2914.8
601.0 -2353.2
601.0 -2796.0
601.0 -2904.0
601.0 -2907.6
601.0 -2680.8
601.0 -2677.2
601.0 -2846.4
601.0 -2380.8
601.0 -2211.6
601.0 -2787.6
601.0 -2862.0
601.0 -2940.0
601.0 -2878.8
601.0 -2821.2
601.0 -2860.8
601.0 -2828.4
601.0 -2726.4
601.0 -2820.0
601.0 -2827.2
601.0 -2796.0
601.0 -2907.6
601.0 -2848.8
601.0 -2710.8
601.0 -2732.4
602.0 -2872.8
602.0 -2878.8
602.0 -2758.8
602.0 -2868.0
602.0 -2870.4
602.0 -2371.2
602.0 -2346.0
602.0 -2306.4
602.0 -2780.4
602.0 -2847.6
602.0 -2821.2
602.0 -2842.8
602.0 -2893.2
602.0 -2830.8
602.0 -2749.2
602.0 -2830.8
602.0 -2698.8
602.0 -2857.2
602.0 -2860.8
602.0 -2716.8
602.0 -2829.6
602.0 -2802.0
602.0 -2836.8
602.0 -2770.8
602.0 -2554.8
603.0 -2863.2
603.0 -2674.8
603.0 -2889.6
603.0 -2890.8
603.0 -2910.0
603.0 -2714.4
603.0 -2852.4
603.0 -2702.4
603.0 -2797.2
603.0 -2902.8
603.0 -2853.6
603.0 -2812.8
603.0 -2886.0
603.0 -2865.6
603.0 -2862.0
603.0 -2816.4
603.0 -2839.2
603.0 -2806.8
603.0 -2954.4
603.0 -2901.6
603.0 -2947.2
603.0 -2805.6
603.0 -2934.0
603.0 -2804.4
603.0 -2906.4
603.0 -2865.6
603.0 -2828.4
603.0 -2888.4
603.0 -2923.2
603.0 -2796.0
604.0 -2732.4
604.0 -2787.6
604.0 -2958.0
604.0 -2888.4
604.0 -2846.4
604.0 -2768.4
604.0 -2930.4
604.0 -2833.2
604.0 -2805.6
604.0 -2902.8
604.0 -2754.0
604.0 -2913.6
604.0 -2731.2
604.0 -2833.2
604.0 -2845.2
605.0 -2768.4
605.0 -2932.8
605.0 -2805.6
605.0 -2822.4
605.0 -2791.2
605.0 -2889.6
605.0 -2854.8
605.0 -2754.0
605.0 -2856.0
605.0 -2793.6
605.0 -2896.8
605.0 -2451.6
605.0 -2174.4
605.0 -2419.2
605.0 -2804.4
605.0 -2774.4
605.0 -2850.0
605.0 -2871.6
605.0 -2851.2
605.0 -2890.8
605.0 -2925.6
605.0 -2926.8
605.0 -2857.2
605.0 -2642.4
605.0 -2804.4
605.0 -2839.2
606.0 -2947.2
606.0 -2850.0
606.0 -2929.2
606.0 -2863.2
606.0 -2818.8
606.0 -2864.4
606.0 -2872.8
606.0 -2772.0
606.0 -2727.6
606.0 -2818.8
606.0 -2499.6
606.0 -2488.8
606.0 -2800.8
606.0 -2814.0
606.0 -2884.8
606.0 -2840.4
606.0 -2745.6
606.0 -2763.6
606.0 -2877.6
606.0 -2817.6
606.0 -2892.0
606.0 -2854.8
606.0 -2462.4
606.0 -2847.6
607.0 -2410.8
607.0 -2782.8
607.0 -2792.4
607.0 -2715.6
607.0 -2874.0
607.0 -2869.2
607.0 -2898.0
607.0 -2780.4
607.0 -2877.6
607.0 -2908.8
607.0 -2847.6
607.0 -2431.2
607.0 -2132.4
607.0 -2336.4
607.0 -2334.0
607.0 -2374.8
607.0 -2398.8
607.0 -2386.8
607.0 -2752.8
607.0 -2708.4
607.0 -2856.0
607.0 -2798.4
607.0 -2860.8
607.0 -2739.6
607.0 -2809.2
607.0 -2791.2
607.0 -2851.2
607.0 -2886.0
607.0 -2776.8
607.0 -2761.2
608.0 -2240.4
608.0 -2752.8
608.0 -2910.0
608.0 -2775.6
608.0 -2869.2
608.0 -2349.6
608.0 -2864.4
608.0 -2911.2
608.0 -2930.4
608.0 -2794.8
608.0 -2692.8
608.0 -2910.0
608.0 -2890.8
608.0 -2810.4
608.0 -2779.2
608.0 -2895.6
608.0 -2842.8
609.0 -2823.6
609.0 -2946.0
609.0 -2955.6
609.0 -2792.4
609.0 -2898.0
609.0 -2401.2
609.0 -2529.6
609.0 -2961.6
609.0 -2709.6
609.0 -2962.8
609.0 -2731.2
609.0 -2818.8
609.0 -2662.8
609.0 -2778.0
609.0 -2822.4
609.0 -2829.6
609.0 -2875.2
609.0 -2916.0
609.0 -2856.0
609.0 -2895.6
609.0 -2742.0
609.0 -2998.8
609.0 -3002.4
609.0 -2630.4
609.0 -2857.2
610.0 -2894.4
610.0 -2824.8
610.0 -2725.2
610.0 -2812.8
610.0 -2871.6
610.0 -2882.4
610.0 -2827.2
610.0 -2872.8
610.0 -2395.2
610.0 -2317.2
610.0 -2437.2
610.0 -2161.2
610.0 -2392.8
610.0 -2937.6
610.0 -2816.4
610.0 -2894.4
610.0 -2692.8
610.0 -2881.2
610.0 -2845.2
610.0 -2931.6
610.0 -2860.8
610.0 -2904.0
610.0 -2764.8
610.0 -2808.0
610.0 -2929.2
610.0 -3009.6
610.0 -2881.2
611.0 -2901.6
611.0 -2962.8
611.0 -2911.2
611.0 -2896.8
611.0 -2806.8
611.0 -2851.2
611.0 -2940.0
611.0 -2804.4
611.0 -2785.2
611.0 -2847.6
611.0 -2368.8
611.0 -2944.8
611.0 -2859.6
611.0 -2908.8
611.0 -2853.6
611.0 -2846.4
611.0 -2877.6
611.0 -2914.8
611.0 -2970.0
611.0 -2830.8
611.0 -2925.6
611.0 -2923.2
611.0 -2938.8
611.0 -2925.6
611.0 -2749.2
611.0 -2870.4
612.0 -2895.6
612.0 -2941.2
612.0 -2911.2
612.0 -2847.6
612.0 -2740.8
612.0 -2847.6
612.0 -2910.0
612.0 -2804.4
612.0 -2689.2
612.0 -2956.8
612.0 -2856.0
612.0 -2977.2
612.0 -2578.8
612.0 -2896.8
612.0 -2406.0
612.0 -2515.2
612.0 -2487.6
612.0 -2348.4
612.0 -2752.8
612.0 -2928.0
612.0 -2930.4
612.0 -2916.0
612.0 -2966.4
612.0 -2818.8
612.0 -2864.4
612.0 -2947.2
612.0 -2392.8
612.0 -2870.4
612.0 -2868.0
612.0 -2886.0
612.0 -2914.8
612.0 -2907.6
612.0 -2923.2
613.0 -2820.0
613.0 -2894.4
613.0 -2826.0
613.0 -2618.4
613.0 -2894.4
613.0 -2840.4
613.0 -2451.6
613.0 -2290.8
613.0 -2566.8
613.0 -2338.8
613.0 -2434.8
613.0 -2515.2
613.0 -2280.0
613.0 -2947.2
613.0 -2839.2
613.0 -2976.0
613.0 -2890.8
613.0 -2786.4
613.0 -2792.4
613.0 -2727.6
613.0 -2936.4
613.0 -2961.6
613.0 -2836.8
613.0 -2817.6
613.0 -3014.4
613.0 -2439.6
613.0 -2835.6
613.0 -2895.6
613.0 -2888.4
613.0 -2802.0
614.0 -2995.2
614.0 -2818.8
614.0 -2913.6
614.0 -2942.4
614.0 -2799.6
614.0 -2985.6
614.0 -2794.8
614.0 -2912.4
614.0 -2778.0
614.0 -2800.8
614.0 -2970.0
614.0 -2948.4
614.0 -2743.2
614.0 -2256.0
614.0 -2409.6
614.0 -2341.2
614.0 -2961.6
614.0 -2881.2
614.0 -2980.8
614.0 -2914.8
614.0 -3000.0
614.0 -2937.6
614.0 -2805.6
614.0 -2922.0
614.0 -2761.2
614.0 -2882.4
615.0 -2311.2
615.0 -2960.4
615.0 -2785.2
615.0 -2959.2
615.0 -2846.4
615.0 -2829.6
615.0 -2943.6
615.0 -2946.0
615.0 -2533.2
615.0 -2983.2
615.0 -2901.6
615.0 -3002.4
615.0 -2856.0
615.0 -2864.4
615.0 -2958.0
615.0 -2943.6
615.0 -3016.8
615.0 -2925.6
615.0 -2768.4
615.0 -2739.6
615.0 -2840.4
615.0 -2868.0
615.0 -2890.8
615.0 -2986.8
615.0 -2797.2
616.0 -2217.6
616.0 -2913.6
616.0 -2876.4
616.0 -2686.8
616.0 -2850.0
616.0 -2844.0
616.0 -2874.0
616.0 -2922.0
616.0 -2889.6
616.0 -2866.8
616.0 -3055.2
616.0 -2883.6
616.0 -2353.2
616.0 -2530.8
616.0 -2796.0
616.0 -2893.2
616.0 -2806.8
616.0 -2965.2
616.0 -2974.8
616.0 -3002.4
616.0 -2742.0
616.0 -2900.4
616.0 -2854.8
616.0 -2794.8
616.0 -2818.8
616.0 -2870.4
616.0 -2895.6
616.0 -3000.0
617.0 -2726.4
617.0 -2833.2
617.0 -2844.0
617.0 -2886.0
617.0 -2910.0
617.0 -2856.0
617.0 -2880.0
617.0 -2794.8
617.0 -2469.6
617.0 -2577.6
617.0 -2707.2
617.0 -2209.2
617.0 -2949.6
617.0 -2881.2
617.0 -2756.4
617.0 -2870.4
617.0 -2940.0
617.0 -2880.0
617.0 -2875.2
617.0 -2781.6
617.0 -2834.4
617.0 -2928.0
617.0 -2906.4
617.0 -2964.0
617.0 -2936.4
617.0 -2880.0
617.0 -2840.4
617.0 -2811.6
617.0 -2876.4
617.0 -2923.2
618.0 -2410.8
618.0 -2814.0
618.0 -2912.4
618.0 -2902.8
618.0 -2990.4
618.0 -2832.0
618.0 -2709.6
618.0 -2874.0
618.0 -2473.2
618.0 -2542.8
618.0 -2448.0
618.0 -2334.0
618.0 -2476.8
618.0 -2557.2
618.0 -2760.0
618.0 -2992.8
618.0 -2772.0
618.0 -2940.0
618.0 -2991.6
618.0 -2794.8
618.0 -2955.6
618.0 -2972.4
618.0 -2446.8
618.0 -2971.2
618.0 -2787.6
618.0 -2860.8
618.0 -2870.4
618.0 -2967.6
619.0 -2830.8
619.0 -2961.6
619.0 -2947.2
619.0 -2953.2
619.0 -2808.0
619.0 -3013.2
619.0 -2913.6
619.0 -2803.2
619.0 -2380.8
619.0 -2299.2
619.0 -2467.2
619.0 -2452.8
619.0 -2438.4
619.0 -2920.8
619.0 -3013.2
619.0 -2971.2
619.0 -2800.8
619.0 -2992.8
619.0 -2937.6
619.0 -2920.8
619.0 -2991.6
619.0 -2966.4
619.0 -2910.0
619.0 -2932.8
619.0 -2976.0
619.0 -2226.0
619.0 -2979.6
619.0 -2912.4
619.0 -2874.0
619.0 -2996.4
620.0 -2941.2
620.0 -2955.6
620.0 -3000.0
620.0 -2930.4
620.0 -2876.4
620.0 -2836.8
620.0 -2820.0
620.0 -2499.6
620.0 -2466.0
620.0 -2472.0
620.0 -2953.2
620.0 -2856.0
620.0 -2994.0
620.0 -2902.8
620.0 -3004.8
620.0 -3000.0
620.0 -2953.2
620.0 -2812.8
620.0 -2899.2
620.0 -2912.4
620.0 -2920.8
620.0 -2875.2
620.0 -2782.8
620.0 -2756.4
620.0 -2824.8
620.0 -2851.2
620.0 -2958.0
621.0 -2853.6
621.0 -2797.2
621.0 -2911.2
621.0 -2941.2
621.0 -2836.8
621.0 -2860.8
621.0 -2827.2
621.0 -2850.0
621.0 -2972.4
621.0 -2884.8
621.0 -2925.6
621.0 -2899.2
621.0 -2904.0
621.0 -2476.8
621.0 -2566.8
621.0 -2575.2
621.0 -2452.8
621.0 -2535.6
621.0 -2300.4
621.0 -2934.0
621.0 -3034.8
621.0 -2935.2
621.0 -3009.6
621.0 -3001.2
621.0 -2882.4
621.0 -2950.8
621.0 -2865.6
621.0 -2834.4
621.0 -2853.6
621.0 -2886.0
621.0 -2960.4
621.0 -2888.4
621.0 -2923.2
621.0 -3001.2
621.0 -2845.2
621.0 -2941.2
621.0 -2786.4
621.0 -2902.8
621.0 -3010.8
621.0 -2934.0
621.0 -2958.0
621.0 -2926.8
621.0 -2904.0
621.0 -2996.4
621.0 -2890.8
621.0 -3009.6
622.0 -2487.6
622.0 -2338.8
622.0 -2326.8
622.0 -2899.2
622.0 -3034.8
622.0 -2910.0
622.0 -2937.6
622.0 -2866.8
622.0 -2896.8
622.0 -2954.4
622.0 -2938.8
622.0 -2928.0
622.0 -2962.8
622.0 -2944.8
622.0 -2382.0
622.0 -2497.2
622.0 -3034.8
622.0 -2919.6
622.0 -3004.8
622.0 -2937.6
622.0 -3028.8
622.0 -2958.0
622.0 -2965.2
622.0 -2848.8
622.0 -2960.4
622.0 -3008.4
622.0 -2953.2
622.0 -3025.2
622.0 -2930.4
622.0 -2868.0
623.0 -2482.8
623.0 -3043.2
623.0 -2816.4
623.0 -2988.0
623.0 -2946.0
623.0 -2848.8
623.0 -2994.0
623.0 -2954.4
623.0 -2895.6
623.0 -2902.8
623.0 -3019.2
623.0 -3045.6
623.0 -2397.6
623.0 -2380.8
623.0 -2565.6
623.0 -2378.4
623.0 -2572.8
623.0 -2317.2
623.0 -2902.8
623.0 -2941.2
623.0 -3013.2
623.0 -2914.8
623.0 -3028.8
623.0 -2956.8
623.0 -3000.0
623.0 -2738.4
623.0 -2822.4
623.0 -2868.0
623.0 -2968.8
623.0 -2833.2
623.0 -2956.8
623.0 -2869.2
623.0 -2854.8
623.0 -2980.8
623.0 -2822.4
623.0 -2830.8
623.0 -2917.2
624.0 -2649.6
624.0 -2865.6
624.0 -3060.0
624.0 -2836.8
624.0 -3050.4
624.0 -2869.2
624.0 -3027.6
624.0 -2442.0
624.0 -2914.8
624.0 -2970.0
624.0 -2967.6
624.0 -3054.0
624.0 -2889.6
624.0 -2948.4
624.0 -3052.8
624.0 -2786.4
624.0 -2926.8
624.0 -2803.2
624.0 -2832.0
624.0 -2874.0
624.0 -3067.2
624.0 -2898.0
624.0 -2894.4
624.0 -2830.8
624.0 -2788.8
625.0 -3043.2
625.0 -2866.8
625.0 -2913.6
625.0 -2859.6
625.0 -2964.0
625.0 -2773.2
625.0 -2875.2
625.0 -2872.8
625.0 -2888.4
625.0 -2899.2
625.0 -2953.2
625.0 -2929.2
625.0 -2510.4
625.0 -2605.2
625.0 -2420.4
625.0 -2467.2
625.0 -2409.6
625.0 -2901.6
625.0 -2926.8
625.0 -2949.6
625.0 -2955.6
625.0 -2878.8
625.0 -2935.2
625.0 -2944.8
625.0 -2560.8
625.0 -2853.6
625.0 -3074.4
625.0 -2940.0
625.0 -2918.4
625.0 -3030.0
625.0 -2908.8
626.0 -2917.2
626.0 -3040.8
626.0 -2985.6
626.0 -2817.6
626.0 -2862.0
626.0 -2828.4
626.0 -2805.6
626.0 -3031.2
626.0 -2931.6
626.0 -2934.0
626.0 -2456.4
626.0 -2558.4
626.0 -2558.4
626.0 -2559.6
626.0 -2401.2
626.0 -2442.0
626.0 -2468.4
626.0 -2877.6
626.0 -2946.0
626.0 -2840.4
626.0 -2962.8
626.0 -3014.4
626.0 -2994.0
626.0 -2859.6
626.0 -2294.4
626.0 -3058.8
626.0 -2839.2
626.0 -3042.0
626.0 -2890.8
626.0 -2914.8
626.0 -2833.2
626.0 -2882.4
626.0 -2892.0
626.0 -2842.8
627.0 -3007.2
627.0 -2922.0
627.0 -2916.0
627.0 -2782.8
627.0 -2961.6
627.0 -2863.2
627.0 -2955.6
627.0 -2959.2
627.0 -2808.0
627.0 -2790.0
627.0 -2983.2
627.0 -2890.8
627.0 -2512.8
627.0 -2506.8
627.0 -2962.8
627.0 -2985.6
627.0 -2942.4
627.0 -2914.8
627.0 -2978.4
627.0 -3043.2
627.0 -3066.0
627.0 -2944.8
627.0 -2834.4
627.0 -2931.6
627.0 -2980.8
627.0 -2965.2
627.0 -2985.6
627.0 -2904.0
627.0 -2900.4
627.0 -2941.2
627.0 -2979.6
627.0 -2942.4
627.0 -3049.2
628.0 -2955.6
628.0 -2904.0
628.0 -2730.0
628.0 -2841.6
628.0 -2883.6
628.0 -2880.0
628.0 -3085.2
628.0 -2443.2
628.0 -2300.4
628.0 -2430.0
628.0 -2953.2
628.0 -2890.8
628.0 -2926.8
628.0 -2845.2
628.0 -2968.8
628.0 -2364.0
628.0 -2503.2
628.0 -2287.2
628.0 -2896.8
628.0 -2949.6
629.0 -2336.4
629.0 -2439.6
629.0 -3018.0
629.0 -2986.8
629.0 -2827.2
629.0 -2869.2
629.0 -2990.4
629.0 -2893.2
629.0 -2794.8
629.0 -2860.8
629.0 -2832.0
629.0 -2882.4
629.0 -2824.8
629.0 -2923.2
629.0 -2838.0
629.0 -2410.8
629.0 -2568.0
629.0 -2452.8
629.0 -2528.4
629.0 -2583.6
629.0 -2763.6
629.0 -2857.2
629.0 -2865.6
629.0 -2918.4
629.0 -2895.6
629.0 -2970.0
629.0 -3079.2
629.0 -2914.8
629.0 -2905.2
629.0 -2941.2
629.0 -2887.2
629.0 -2888.4
629.0 -2965.2
629.0 -2892.0
629.0 -2967.6
630.0 -2673.6
630.0 -2474.4
630.0 -2414.4
630.0 -2926.8
630.0 -2919.6
630.0 -2895.6
630.0 -2916.0
630.0 -2977.2
630.0 -2847.6
630.0 -3014.4
630.0 -2971.2
630.0 -2442.0
630.0 -2500.8
630.0 -2449.2
630.0 -2955.6
630.0 -2641.2
630.0 -2967.6
630.0 -2865.6
630.0 -3044.4
630.0 -2916.0
630.0 -2958.0
630.0 -2871.6
630.0 -3003.6
630.0 -2950.8
630.0 -3055.2
630.0 -2918.4
630.0 -3045.6
630.0 -3000.0
630.0 -2976.0
630.0 -2928.0
630.0 -3020.4
631.0 -2698.8
631.0 -2911.2
631.0 -2959.2
631.0 -2870.4
631.0 -3073.2
631.0 -2922.0
631.0 -2896.8
631.0 -2919.6
631.0 -2952.0
631.0 -2871.6
631.0 -2934.0
631.0 -2827.2
631.0 -3021.6
631.0 -2820.0
631.0 -2803.2
631.0 -2512.8
631.0 -2524.8
631.0 -2480.4
631.0 -2608.8
631.0 -2337.6
631.0 -2955.6
631.0 -3004.8
631.0 -3008.4
631.0 -2809.2
631.0 -2973.6
631.0 -3033.6
631.0 -2990.4
631.0 -3016.8
631.0 -2833.2
631.0 -2984.4
631.0 -2959.2
631.0 -2898.0
631.0 -2934.0
631.0 -3003.6
631.0 -2887.2
631.0 -3039.6
631.0 -3044.4
631.0 -3014.4
631.0 -2931.6
631.0 -2996.4
631.0 -2990.4
631.0 -2812.8
632.0 -2598.0
632.0 -2395.2
632.0 -3009.6
632.0 -3090.0
632.0 -2822.4
632.0 -3012.0
632.0 -2977.2
632.0 -2900.4
632.0 -2899.2
632.0 -2904.0
632.0 -3006.0
632.0 -2775.6
632.0 -2511.6
632.0 -2635.2
632.0 -2971.2
632.0 -3105.6
632.0 -2911.2
632.0 -2965.2
632.0 -3010.8
632.0 -2978.4
632.0 -2979.6
632.0 -2988.0
632.0 -2980.8
632.0 -2953.2
632.0 -2308.8
632.0 -2673.6
632.0 -2460.0
632.0 -2334.0
632.0 -2941.2
632.0 -2852.4
632.0 -2986.8
632.0 -2854.8
632.0 -2985.6
632.0 -2816.4
633.0 -2973.6
633.0 -3001.2
633.0 -2982.0
633.0 -2962.8
633.0 -2958.0
633.0 -2907.6
633.0 -2965.2
633.0 -2978.4
633.0 -2973.6
633.0 -3008.4
633.0 -2904.0
633.0 -2940.0
633.0 -2952.0
633.0 -2871.6
633.0 -2527.2
633.0 -2438.4
633.0 -2313.6
633.0 -2569.2
633.0 -2482.8
633.0 -2707.2
633.0 -2629.2
633.0 -2390.4
633.0 -2414.4
633.0 -2695.2
633.0 -3022.8
633.0 -2906.4
633.0 -2976.0
633.0 -2977.2
633.0 -2943.6
633.0 -2986.8
633.0 -2972.4
633.0 -2848.8
633.0 -2978.4
633.0 -2238.0
633.0 -2877.6
633.0 -2970.0
633.0 -3064.8
633.0 -2938.8
633.0 -2974.8
633.0 -2922.0
634.0 -2468.4
634.0 -2413.2
634.0 -2925.6
634.0 -3016.8
634.0 -2977.2
634.0 -2982.0
634.0 -2992.8
634.0 -2763.6
634.0 -2906.4
634.0 -2996.4
634.0 -2964.0
634.0 -2847.6
634.0 -2851.2
634.0 -2991.6
634.0 -2938.8
634.0 -2450.4
634.0 -2275.2
634.0 -2353.2
634.0 -2586.0
634.0 -2275.2
634.0 -2474.4
634.0 -2998.8
634.0 -3058.8
634.0 -3055.2
634.0 -3051.6
634.0 -2923.2
634.0 -2910.0
634.0 -2908.8
634.0 -3010.8
634.0 -2480.4
634.0 -2847.6
634.0 -2896.8
634.0 -2972.4
634.0 -3024.0
634.0 -2959.2
634.0 -2958.0
634.0 -3033.6
634.0 -3076.8
635.0 -2380.8
635.0 -3004.8
635.0 -2934.0
635.0 -2938.8
635.0 -2816.4
635.0 -2978.4
635.0 -2924.4
635.0 -2974.8
635.0 -2850.0
635.0 -2569.2
635.0 -2356.8
635.0 -2550.0
635.0 -3025.2
635.0 -2899.2
635.0 -2986.8
635.0 -2905.2
635.0 -2986.8
635.0 -2880.0
635.0 -2932.8
635.0 -2872.8
635.0 -2953.2
635.0 -3006.0
635.0 -2391.6
635.0 -2750.4
635.0 -2994.0
635.0 -3055.2
635.0 -3094.8
635.0 -2806.8
635.0 -2974.8
635.0 -2934.0
636.0 -2821.2
636.0 -3010.8
636.0 -2907.6
636.0 -2992.8
636.0 -2845.2
636.0 -3116.4
636.0 -3058.8
636.0 -2868.0
636.0 -2900.4
636.0 -2931.6
636.0 -2551.2
636.0 -2595.6
636.0 -2484.0
636.0 -2484.0
636.0 -2534.4
636.0 -2413.2
636.0 -2595.6
636.0 -3064.8
636.0 -3054.0
636.0 -3074.4
636.0 -3008.4
636.0 -2905.2
636.0 -2917.2
636.0 -2992.8
636.0 -2863.2
636.0 -3028.8
636.0 -2988.0
636.0 -3016.8
636.0 -2973.6
636.0 -2973.6
636.0 -2480.4
636.0 -2480.4
636.0 -2664.0
636.0 -2994.0
636.0 -2841.6
636.0 -3036.0
636.0 -3027.6
636.0 -3002.4
636.0 -2923.2
636.0 -2898.0
637.0 -2368.8
637.0 -2510.4
637.0 -2803.2
637.0 -2970.0
637.0 -2950.8
637.0 -3052.8
637.0 -2935.2
637.0 -3043.2
637.0 -2937.6
637.0 -3006.0
637.0 -2948.4
637.0 -2857.2
637.0 -2631.6
637.0 -2407.2
637.0 -2570.4
637.0 -2403.6
637.0 -2534.4
637.0 -2542.8
637.0 -2570.4
637.0 -2888.4
637.0 -2970.0
637.0 -2958.0
637.0 -2769.6
637.0 -2962.8
637.0 -3022.8
637.0 -2988.0
638.0 -2703.6
638.0 -2511.6
638.0 -2846.4
638.0 -2944.8
638.0 -3079.2
638.0 -2954.4
638.0 -2938.8
638.0 -2950.8
638.0 -2854.8
638.0 -2950.8
638.0 -2923.2
638.0 -2936.4
638.0 -3004.8
638.0 -2803.2
638.0 -3031.2
638.0 -2990.4
638.0 -2895.6
638.0 -3006.0
638.0 -2512.8
638.0 -2742.0
638.0 -2301.6
638.0 -2534.4
638.0 -2646.0
638.0 -2409.6
638.0 -2374.8
638.0 -2529.6
638.0 -2563.2
638.0 -2572.8
638.0 -2980.8
638.0 -2954.4
638.0 -2824.8
638.0 -3048.0
638.0 -3050.4
638.0 -2788.8
638.0 -2599.2
638.0 -2977.2
638.0 -3093.6
638.0 -3010.8
638.0 -3015.6
638.0 -2971.2
638.0 -2853.6
638.0 -2804.4
638.0 -2955.6
638.0 -2912.4
638.0 -2996.4
638.0 -2941.2
638.0 -3079.2
639.0 -2391.6
639.0 -2431.2
639.0 -2998.8
639.0 -2984.4
639.0 -2971.2
639.0 -2854.8
639.0 -3061.2
639.0 -3044.4
639.0 -2887.2
639.0 -2875.2
639.0 -3039.6
639.0 -2906.4
639.0 -2624.4
639.0 -2589.6
639.0 -2331.6
639.0 -2658.0
639.0 -2666.4
639.0 -2916.0
639.0 -3031.2
639.0 -2964.0
639.0 -2972.4
639.0 -2988.0
639.0 -2979.6
639.0 -2983.2
639.0 -2966.4
639.0 -2954.4
640.0 -2528.4
640.0 -2445.6
640.0 -2850.0
640.0 -2428.8
640.0 -2992.8
640.0 -3026.4
640.0 -2966.4
640.0 -3100.8
640.0 -2910.0
640.0 -2970.0
640.0 -2913.6
640.0 -2972.4
640.0 -3044.4
640.0 -3096.0
640.0 -2970.0
640.0 -3028.8
640.0 -2461.2
640.0 -2619.6
640.0 -2476.8
640.0 -2710.8
640.0 -2658.0
640.0 -3060.0
640.0 -3056.4
640.0 -3052.8
640.0 -2997.6
640.0 -2692.8
640.0 -2874.0
640.0 -3034.8
640.0 -3045.6
640.0 -3066.0
640.0 -3026.4
640.0 -2941.2
641.0 -2272.8
641.0 -2508.0
641.0 -2460.0
641.0 -2995.2
641.0 -2936.4
641.0 -2882.4
641.0 -2948.4
641.0 -2979.6
641.0 -2961.6
641.0 -3103.2
641.0 -2649.6
641.0 -2598.0
641.0 -2815.2
641.0 -2668.8
641.0 -2497.2
641.0 -2550.0
641.0 -2924.4
641.0 -2959.2
641.0 -3132.0
641.0 -2936.4
641.0 -2781.6
641.0 -3057.6
641.0 -3033.6
641.0 -2856.0
641.0 -2613.6
641.0 -2936.4
641.0 -2875.2
641.0 -2838.0
641.0 -2912.4
641.0 -2899.2
641.0 -2960.4
641.0 -3066.0
641.0 -3030.0
641.0 -3021.6
641.0 -3081.6
642.0 -3025.2
642.0 -3099.6
642.0 -2827.2
642.0 -2902.8
642.0 -2919.6
642.0 -2914.8
642.0 -2833.2
642.0 -2904.0
642.0 -2990.4
642.0 -2875.2
642.0 -3132.0
642.0 -2988.0
642.0 -2838.0
642.0 -2992.8
642.0 -3058.8
642.0 -2553.6
642.0 -2467.2
642.0 -2448.0
642.0 -2365.2
642.0 -2402.4
642.0 -2608.8
642.0 -3062.4
642.0 -3050.4
642.0 -3116.4
642.0 -3054.0
642.0 -3086.4
642.0 -3046.8
642.0 -2486.4
642.0 -2577.6
642.0 -3085.2
642.0 -3069.6
642.0 -3022.8
642.0 -3004.8
642.0 -2961.6
642.0 -3048.0
642.0 -2966.4
643.0 -2959.2
643.0 -2906.4
643.0 -2926.8
643.0 -2880.0
643.0 -2929.2
643.0 -2958.0
643.0 -2862.0
643.0 -2924.4
643.0 -3025.2
643.0 -2960.4
643.0 -2898.0
643.0 -3045.6
643.0 -2884.8
643.0 -3015.6
643.0 -2563.2
643.0 -2596.8
643.0 -2365.2
643.0 -2536.8
643.0 -2235.6
643.0 -2715.6
643.0 -2593.2
643.0 -2563.2
643.0 -2899.2
643.0 -3009.6
643.0 -2935.2
643.0 -2892.0
643.0 -3068.4
643.0 -3102.0
643.0 -2860.8
643.0 -3060.0
643.0 -3006.0
643.0 -3098.4
643.0 -2932.8
643.0 -3000.0
643.0 -3034.8
643.0 -2934.0
643.0 -3036.0
644.0 -2384.4
644.0 -2446.8
644.0 -2353.2
644.0 -2332.8
644.0 -2538.0
644.0 -2793.6
644.0 -2874.0
644.0 -2949.6
644.0 -3070.8
644.0 -2902.8
644.0 -2847.6
644.0 -2934.0
644.0 -2929.2
644.0 -2637.6
644.0 -2424.0
644.0 -2547.6
644.0 -3004.8
644.0 -2990.4
644.0 -3024.0
644.0 -3039.6
644.0 -3054.0
644.0 -2316.0
644.0 -2667.6
644.0 -2629.2
644.0 -2982.0
644.0 -2893.2
644.0 -2896.8
644.0 -3109.2
644.0 -3008.4
644.0 -3111.6
645.0 -2425.2
645.0 -2377.2
645.0 -3007.2
645.0 -3032.4
645.0 -3009.6
645.0 -2976.0
645.0 -2972.4
645.0 -2971.2
645.0 -3039.6
645.0 -2971.2
645.0 -3018.0
645.0 -3094.8
645.0 -2971.2
645.0 -3014.4
645.0 -2475.6
645.0 -2421.6
645.0 -2474.4
645.0 -2605.2
645.0 -2494.8
645.0 -2954.4
645.0 -3008.4
645.0 -3015.6
645.0 -2907.6
645.0 -3004.8
645.0 -3016.8
645.0 -2247.6
645.0 -2486.4
645.0 -2818.8
645.0 -2946.0
645.0 -3026.4
645.0 -3094.8
645.0 -3121.2
645.0 -3043.2
645.0 -3013.2
645.0 -3108.0
645.0 -2990.4
645.0 -2878.8
646.0 -2671.2
646.0 -2292.0
646.0 -2541.6
646.0 -2575.2
646.0 -2401.2
646.0 -3087.6
646.0 -2995.2
646.0 -3046.8
646.0 -2917.2
646.0 -2925.6
646.0 -2962.8
646.0 -2956.8
646.0 -2988.0
646.0 -3006.0
646.0 -3138.0
646.0 -3092.4
646.0 -3120.0
646.0 -2946.0
646.0 -3018.0
646.0 -3004.8
646.0 -3036.0
646.0 -3014.4
646.0 -3046.8
646.0 -2599.2
646.0 -2583.6
646.0 -2428.8
646.0 -2521.2
646.0 -3021.6
646.0 -2936.4
646.0 -3030.0
646.0 -2990.4
646.0 -2986.8
646.0 -2971.2
646.0 -2872.8
646.0 -3099.6
646.0 -3001.2
646.0 -2917.2
646.0 -3088.8
646.0 -2496.0
646.0 -2654.4
646.0 -2430.0
646.0 -2980.8
646.0 -2967.6
646.0 -2973.6
646.0 -2984.4
646.0 -3124.8
647.0 -2469.6
647.0 -2571.6
647.0 -2911.2
647.0 -3028.8
647.0 -2991.6
647.0 -2936.4
647.0 -3007.2
647.0 -3037.2
647.0 -2912.4
647.0 -2853.6
647.0 -3139.2
647.0 -3040.8
647.0 -2947.2
647.0 -2994.0
647.0 -2944.8
647.0 -2961.6
647.0 -2958.0
647.0 -2872.8
647.0 -3060.0
647.0 -3015.6
647.0 -2895.6
647.0 -2912.4
647.0 -2467.2
647.0 -2458.8
647.0 -2720.4
647.0 -2941.2
647.0 -3097.2
647.0 -3007.2
647.0 -3127.2
647.0 -2500.8
647.0 -2529.6
647.0 -2449.2
647.0 -3013.2
647.0 -2960.4
647.0 -3039.6
647.0 -3084.0
647.0 -3043.2
647.0 -3061.2
647.0 -2863.2
647.0 -3080.4
647.0 -2956.8
648.0 -2817.6
648.0 -2430.0
648.0 -2486.4
648.0 -2976.0
648.0 -3049.2
648.0 -3055.2
648.0 -3034.8
648.0 -3034.8
648.0 -3110.4
648.0 -3050.4
648.0 -3090.0
648.0 -2989.2
648.0 -3061.2
648.0 -3037.2
648.0 -3066.0
648.0 -2509.2
648.0 -2179.2
648.0 -2574.0
648.0 -2562.0
648.0 -2582.4
648.0 -2679.6
648.0 -2616.0
648.0 -2448.0
648.0 -2924.4
648.0 -2946.0
648.0 -3063.6
648.0 -3034.8
648.0 -2541.6
648.0 -2600.4
648.0 -2322.0
648.0 -3069.6
648.0 -3002.4
648.0 -3018.0
648.0 -2870.4
648.0 -2990.4
648.0 -3021.6
648.0 -3069.6
648.0 -2967.6
648.0 -3061.2
648.0 -3022.8
648.0 -3022.8
649.0 -2460.0
649.0 -2451.6
649.0 -2475.6
649.0 -3027.6
649.0 -3094.8
649.0 -3028.8
649.0 -3032.4
649.0 -3048.0
649.0 -3012.0
649.0 -2971.2
649.0 -3004.8
649.0 -2956.8
649.0 -2941.2
649.0 -2756.4
649.0 -2648.4
649.0 -2653.2
649.0 -2480.4
649.0 -2638.8
649.0 -3052.8
649.0 -3037.2
649.0 -3012.0
649.0 -3048.0
649.0 -3042.0
649.0 -2595.6
649.0 -3087.6
649.0 -2964.0
649.0 -3074.4
649.0 -3064.8
649.0 -3169.2
649.0 -3032.4
649.0 -3070.8
649.0 -3084.0
649.0 -3110.4
649.0 -3098.4
650.0 -2456.4
650.0 -2424.0
650.0 -2187.6
650.0 -2569.2
650.0 -3070.8
650.0 -2984.4
650.0 -2991.6
650.0 -2916.0
650.0 -3058.8
650.0 -3021.6
650.0 -3018.0
650.0 -2886.0
650.0 -2857.2
650.0 -3033.6
650.0 -3030.0
650.0 -2514.0
650.0 -2802.0
650.0 -2487.6
650.0 -2805.6
650.0 -2508.0
650.0 -2400.0
650.0 -2409.6
650.0 -3019.2
650.0 -2995.2
650.0 -3009.6
650.0 -3009.6
650.0 -2521.2
650.0 -2886.0
650.0 -2434.8
650.0 -3019.2
650.0 -2996.4
650.0 -3118.8
650.0 -3014.4
650.0 -3045.6
650.0 -2895.6
650.0 -3021.6
650.0 -3054.0
650.0 -2972.4
651.0 -2676.0
651.0 -2332.8
651.0 -2775.6
651.0 -3084.0
651.0 -3039.6
651.0 -2968.8
651.0 -3070.8
651.0 -2960.4
651.0 -3002.4
651.0 -3043.2
651.0 -3100.8
651.0 -2958.0
651.0 -3128.4
651.0 -3033.6
651.0 -2991.6
651.0 -2982.0
651.0 -2940.0
651.0 -2997.6
651.0 -2805.6
651.0 -2670.0
651.0 -2442.0
651.0 -2604.0
651.0 -2504.4
651.0 -2616.0
651.0 -2636.4
651.0 -2497.2
651.0 -2428.8
651.0 -2544.0
651.0 -2979.6
651.0 -2992.8
651.0 -2958.0
651.0 -2944.8
651.0 -2988.0
651.0 -2950.8
651.0 -2619.6
651.0 -2938.8
651.0 -3116.4
651.0 -3070.8
651.0 -3124.8
651.0 -3068.4
651.0 -2900.4
651.0 -3060.0
651.0 -3039.6
651.0 -3103.2
651.0 -3046.8
651.0 -3098.4
652.0 -2589.6
652.0 -2317.2
652.0 -2554.8
652.0 -2554.8
652.0 -2684.4
652.0 -3139.2
652.0 -3064.8
652.0 -3034.8
652.0 -3010.8
652.0 -3079.2
652.0 -2900.4
652.0 -2966.4
652.0 -2865.6
652.0 -2923.2
652.0 -3048.0
652.0 -3036.0
652.0 -2790.0
652.0 -2594.4
652.0 -2515.2
652.0 -2496.0
652.0 -2588.4
652.0 -3114.0
652.0 -3111.6
652.0 -3002.4
652.0 -3074.4
652.0 -2665.2
652.0 -2838.0
652.0 -2970.0
652.0 -3042.0
652.0 -2952.0
652.0 -3110.4
652.0 -2942.4
652.0 -2860.8
652.0 -2947.2
652.0 -2850.0
652.0 -2965.2
652.0 -3090.0
652.0 -3098.4
652.0 -2838.0
653.0 -2452.8
653.0 -2438.4
653.0 -2445.6
653.0 -2610.0
653.0 -2630.4
653.0 -2691.6
653.0 -2894.4
653.0 -3025.2
653.0 -3066.0
653.0 -2983.2
653.0 -3055.2
653.0 -3093.6
653.0 -3105.6
653.0 -2839.2
653.0 -3128.4
653.0 -2934.0
653.0 -3057.6
653.0 -2648.4
653.0 -2623.2
653.0 -2624.4
653.0 -2634.0
653.0 -2966.4
653.0 -2989.2
653.0 -3091.2
653.0 -3132.0
653.0 -3018.0
653.0 -3109.2
653.0 -2529.6
653.0 -3026.4
653.0 -2966.4
653.0 -3138.0
653.0 -2972.4
653.0 -2986.8
653.0 -3106.8
653.0 -2925.6
653.0 -3054.0
653.0 -3121.2
653.0 -3009.6
653.0 -2979.6
653.0 -3039.6
654.0 -2600.4
654.0 -2500.8
654.0 -2550.0
654.0 -2734.8
654.0 -3098.4
654.0 -2926.8
654.0 -3103.2
654.0 -3133.2
654.0 -3134.4
654.0 -3021.6
654.0 -2452.8
654.0 -2475.6
654.0 -2563.2
654.0 -2588.4
654.0 -2596.8
654.0 -2665.2
654.0 -2523.6
654.0 -2398.8
654.0 -2628.0
654.0 -2365.2
654.0 -3055.2
654.0 -2914.8
654.0 -2862.0
654.0 -3074.4
654.0 -3104.4
654.0 -3048.0
654.0 -2540.4
654.0 -3092.4
654.0 -3108.0
654.0 -2941.2
654.0 -3012.0
654.0 -3006.0
654.0 -3039.6
654.0 -2984.4
654.0 -3020.4
654.0 -2954.4
654.0 -3134.4
655.0 -2650.8
655.0 -2476.8
655.0 -3078.0
655.0 -3000.0
655.0 -2912.4
655.0 -3123.6
655.0 -3060.0
655.0 -2959.2
655.0 -3123.6
655.0 -3015.6
655.0 -3002.4
655.0 -2713.2
655.0 -2329.2
655.0 -2502.0
655.0 -2670.0
655.0 -2460.0
655.0 -2702.4
655.0 -2518.8
655.0 -2734.8
655.0 -3157.2
655.0 -3104.4
655.0 -3045.6
655.0 -3058.8
655.0 -2575.2
655.0 -2948.4
655.0 -3030.0
655.0 -3067.2
655.0 -3073.2
655.0 -2967.6
655.0 -2955.6
655.0 -3096.0
655.0 -2962.8
655.0 -3141.6
655.0 -2928.0
655.0 -2973.6
655.0 -2968.8
655.0 -3114.0
655.0 -3057.6
655.0 -2959.2
656.0 -2424.0
656.0 -3147.6
656.0 -3109.2
656.0 -3052.8
656.0 -3099.6
656.0 -3140.4
656.0 -3009.6
656.0 -3054.0
656.0 -3046.8
656.0 -3188.4
656.0 -2882.4
656.0 -3085.2
656.0 -3084.0
656.0 -3018.0
656.0 -2538.0
656.0 -2664.0
656.0 -2790.0
656.0 -3031.2
656.0 -2983.2
656.0 -3111.6
656.0 -3092.4
656.0 -2498.4
656.0 -3068.4
656.0 -3016.8
656.0 -2985.6
656.0 -3075.6
656.0 -2991.6
656.0 -3015.6
656.0 -2890.8
657.0 -2662.8
657.0 -3074.4
657.0 -2970.0
657.0 -3052.8
657.0 -3031.2
657.0 -3026.4
657.0 -3147.6
657.0 -3003.6
657.0 -2988.0
657.0 -2696.4
657.0 -2374.8
657.0 -2527.2
657.0 -2620.8
657.0 -2498.4
657.0 -3037.2
657.0 -3128.4
657.0 -3057.6
657.0 -3027.6
657.0 -3151.2
657.0 -3117.6
657.0 -3141.6
657.0 -3091.2
657.0 -2340.0
657.0 -2563.2
657.0 -3104.4
657.0 -2872.8
657.0 -3024.0
657.0 -3135.6
657.0 -3039.6
657.0 -2980.8
657.0 -3132.0
657.0 -3015.6
657.0 -2954.4
657.0 -3111.6
657.0 -2901.6
658.0 -2601.6
658.0 -2566.8
658.0 -2556.0
658.0 -2494.8
658.0 -3031.2
658.0 -3002.4
658.0 -3037.2
658.0 -3000.0
658.0 -3078.0
658.0 -3090.0
658.0 -2942.4
658.0 -2672.4
658.0 -2565.6
658.0 -2631.6
658.0 -2640.0
658.0 -2384.4
658.0 -2629.2
658.0 -2644.8
658.0 -2560.8
658.0 -2520.0
658.0 -2467.2
658.0 -3040.8
658.0 -2498.4
658.0 -2494.8
658.0 -2502.0
658.0 -3004.8
658.0 -2971.2
658.0 -2985.6
658.0 -3021.6
658.0 -3024.0
658.0 -2790.0
658.0 -3061.2
658.0 -3139.2
658.0 -3067.2
658.0 -3066.0
658.0 -3079.2
658.0 -3002.4
658.0 -3144.0
658.0 -2940.0
658.0 -3021.6
658.0 -3144.0
659.0 -2485.2
659.0 -2487.6
659.0 -2294.4
659.0 -2282.4
659.0 -2425.2
659.0 -2372.4
659.0 -2607.6
659.0 -2694.0
659.0 -2688.0
659.0 -2658.0
659.0 -2565.6
659.0 -2412.0
659.0 -2599.2
659.0 -2972.4
659.0 -3000.0
659.0 -3022.8
659.0 -3066.0
659.0 -3069.6
659.0 -3079.2
659.0 -3111.6
659.0 -2982.0
659.0 -3058.8
659.0 -3052.8
659.0 -3122.4
659.0 -2815.2
659.0 -2658.0
659.0 -2654.4
659.0 -2528.4
659.0 -2734.8
659.0 -2508.0
659.0 -2970.0
659.0 -3008.4
659.0 -2508.0
659.0 -2674.8
659.0 -2688.0
659.0 -2709.6
659.0 -3142.8
659.0 -3127.2
659.0 -3046.8
659.0 -3105.6
659.0 -3025.2
659.0 -2948.4
659.0 -3010.8
659.0 -2985.6
660.0 -2469.6
660.0 -2760.0
660.0 -2595.6
660.0 -2710.8
660.0 -3073.2
660.0 -3091.2
660.0 -3086.4
660.0 -3064.8
660.0 -2977.2
660.0 -3018.0
660.0 -2965.2
660.0 -2977.2
660.0 -3037.2
660.0 -2614.8
660.0 -2628.0
660.0 -2786.4
660.0 -3081.6
660.0 -3061.2
660.0 -3115.2
660.0 -3091.2
660.0 -2946.0
660.0 -3024.0
660.0 -3009.6
660.0 -2601.6
660.0 -2500.8
660.0 -2779.2
660.0 -2559.6
660.0 -3078.0
660.0 -3147.6
660.0 -3087.6
660.0 -3139.2
660.0 -3110.4
660.0 -3166.8
661.0 -2510.4
661.0 -2599.2
661.0 -2526.0
661.0 -2730.0
661.0 -3105.6
661.0 -3121.2
661.0 -3055.2
661.0 -3110.4
661.0 -2977.2
661.0 -3043.2
661.0 -2373.6
661.0 -2529.6
661.0 -2631.6
661.0 -2644.8
661.0 -2658.0
661.0 -2892.0
661.0 -3104.4
661.0 -3060.0
661.0 -2642.4
661.0 -2470.8
661.0 -3156.0
661.0 -3111.6
661.0 -2862.0
661.0 -3061.2
661.0 -2994.0
661.0 -3136.8
661.0 -3105.6
662.0 -2370.0
662.0 -2505.6
662.0 -2680.8
662.0 -2821.2
662.0 -3027.6
662.0 -2884.8
662.0 -3044.4
662.0 -3115.2
662.0 -2582.4
662.0 -2570.4
662.0 -2581.2
662.0 -2402.4
662.0 -2430.0
662.0 -3097.2
662.0 -2912.4
662.0 -3085.2
662.0 -2373.6
662.0 -2714.4
662.0 -2612.4
662.0 -2594.4
662.0 -2614.8
662.0 -3142.8
662.0 -3034.8
662.0 -2922.0
662.0 -2986.8
662.0 -3133.2
662.0 -3075.6
662.0 -2949.6
662.0 -3046.8
662.0 -3106.8
662.0 -2986.8
662.0 -3180.0
662.0 -3054.0
663.0 -2684.4
663.0 -2562.0
663.0 -3150.0
663.0 -2928.0
663.0 -3028.8
663.0 -3056.4
663.0 -3135.6
663.0 -2965.2
663.0 -2722.8
663.0 -2608.8
663.0 -2786.4
663.0 -2973.6
663.0 -3087.6
663.0 -2947.2
663.0 -3066.0
663.0 -3087.6
663.0 -2588.4
663.0 -3150.0
663.0 -2995.2
663.0 -3057.6
663.0 -3036.0
663.0 -3062.4
663.0 -3090.0
663.0 -2918.4
663.0 -3092.4
663.0 -3054.0
664.0 -2655.6
664.0 -3171.6
664.0 -3201.6
664.0 -3146.4
664.0 -3040.8
664.0 -3068.4
664.0 -2862.0
664.0 -3150.0
664.0 -2976.0
664.0 -3049.2
664.0 -3030.0
664.0 -3033.6
664.0 -2744.4
664.0 -2431.2
664.0 -2638.8
664.0 -3174.0
664.0 -3096.0
664.0 -3093.6
664.0 -3024.0
664.0 -3086.4
664.0 -3122.4
664.0 -3088.8
664.0 -2976.0
664.0 -3171.6
664.0 -2992.8
665.0 -2552.4
665.0 -2440.8
665.0 -2761.2
665.0 -2954.4
665.0 -3066.0
665.0 -2528.4
665.0 -2598.0
665.0 -2598.0
665.0 -2384.4
665.0 -3195.6
665.0 -2956.8
665.0 -3135.6
665.0 -2899.2
665.0 -2652.0
665.0 -2564.4
665.0 -2640.0
665.0 -2336.4
665.0 -2780.4
665.0 -2478.0
665.0 -2886.0
665.0 -3088.8
665.0 -3087.6
665.0 -3168.0
665.0 -2936.4
665.0 -3132.0
665.0 -2986.8
665.0 -3164.4
665.0 -3037.2
666.0 -2511.6
666.0 -2558.4
666.0 -2577.6
666.0 -2554.8
666.0 -2556.0
666.0 -2470.8
666.0 -2506.8
666.0 -2707.2
666.0 -2564.4
666.0 -3134.4
666.0 -3120.0
666.0 -3067.2
666.0 -2869.2
666.0 -3058.8
666.0 -3190.8
666.0 -3171.6
666.0 -3037.2
666.0 -2889.6
666.0 -3100.8
666.0 -2679.6
666.0 -2749.2
666.0 -2599.2
666.0 -2558.4
666.0 -2586.0
666.0 -3136.8
666.0 -2494.8
666.0 -2434.8
666.0 -2713.2
666.0 -2384.4
666.0 -2691.6
666.0 -2692.8
666.0 -2466.0
666.0 -3036.0
666.0 -3075.6
666.0 -3174.0
666.0 -2984.4
666.0 -2880.0
666.0 -3039.6
666.0 -3168.0
666.0 -2998.8
666.0 -3027.6
666.0 -3178.8
666.0 -3171.6
666.0 -3004.8
666.0 -3207.6
666.0 -2911.2
666.0 -3104.4
667.0 -2422.8
667.0 -2559.6
667.0 -2522.4
667.0 -2563.2
667.0 -2606.4
667.0 -2498.4
667.0 -2625.6
667.0 -2630.4
667.0 -3136.8
667.0 -3129.6
667.0 -3043.2
667.0 -3034.8
667.0 -3174.0
667.0 -3178.8
667.0 -3111.6
667.0 -3088.8
667.0 -3015.6
667.0 -3080.4
667.0 -2540.4
667.0 -2733.6
667.0 -2433.6
667.0 -2378.4
667.0 -2512.8
667.0 -2762.4
667.0 -3153.6
667.0 -3003.6
667.0 -2980.8
667.0 -3068.4
667.0 -3109.2
667.0 -2919.6
667.0 -2606.4
667.0 -2508.0
667.0 -3133.2
667.0 -3096.0
667.0 -3085.2
667.0 -3000.0
667.0 -3112.8
667.0 -3129.6
667.0 -3019.2
667.0 -3090.0
667.0 -3115.2
667.0 -3181.2
667.0 -3052.8
667.0 -3198.0
668.0 -2323.2
668.0 -2588.4
668.0 -2604.0
668.0 -2536.8
668.0 -2475.6
668.0 -2523.6
668.0 -2514.0
668.0 -2616.0
668.0 -2706.0
668.0 -3109.2
668.0 -2950.8
668.0 -3036.0
668.0 -3024.0
668.0 -2881.2
668.0 -2551.2
668.0 -2505.6
668.0 -2470.8
668.0 -2587.2
668.0 -2590.8
668.0 -2941.2
668.0 -3111.6
668.0 -3069.6
668.0 -2528.4
668.0 -2546.4
668.0 -3135.6
668.0 -3048.0
668.0 -2961.6
668.0 -3162.0
668.0 -2974.8
668.0 -3001.2
668.0 -3044.4
668.0 -2784.0
668.0 -3177.6
668.0 -3151.2
668.0 -3139.2
669.0 -2422.8
669.0 -2574.0
669.0 -2811.6
669.0 -3010.8
669.0 -3160.8
669.0 -3166.8
669.0 -3166.8
669.0 -2986.8
669.0 -2934.0
669.0 -3105.6
669.0 -3074.4
669.0 -3182.4
669.0 -2542.8
669.0 -2751.6
669.0 -2593.2
669.0 -2872.8
669.0 -3150.0
669.0 -3109.2
669.0 -3150.0
669.0 -3182.4
669.0 -3106.8
669.0 -3042.0
669.0 -3091.2
669.0 -3172.8
669.0 -3009.6
669.0 -3210.0
669.0 -3092.4
670.0 -2677.2
670.0 -2595.6
670.0 -2445.6
670.0 -2565.6
670.0 -2586.0
670.0 -3056.4
670.0 -2982.0
670.0 -3043.2
670.0 -2530.8
670.0 -2569.2
670.0 -2614.8
670.0 -2438.4
670.0 -2476.8
670.0 -2623.2
670.0 -2566.8
670.0 -2452.8
670.0 -2966.4
670.0 -2989.2
670.0 -3213.6
670.0 -3128.4
670.0 -2950.8
670.0 -3075.6
670.0 -3096.0
670.0 -3163.2
670.0 -3022.8
671.0 -2881.2
671.0 -2740.8
671.0 -2652.0
671.0 -2662.8
671.0 -2626.8
671.0 -2582.4
671.0 -3139.2
671.0 -2948.4
671.0 -3139.2
671.0 -2629.2
671.0 -2677.2
671.0 -2440.8
671.0 -2761.2
671.0 -2733.6
671.0 -2754.0
671.0 -2502.0
671.0 -2592.0
671.0 -3109.2
671.0 -2714.4
671.0 -2496.0
671.0 -2586.0
671.0 -3057.6
671.0 -3162.0
671.0 -3072.0
671.0 -3114.0
671.0 -3123.6
671.0 -3132.0
671.0 -2866.8
671.0 -3118.8
671.0 -3108.0
671.0 -3198.0
671.0 -3076.8
671.0 -3010.8
671.0 -3124.8
672.0 -2602.8
672.0 -2547.6
672.0 -2547.6
672.0 -2748.0
672.0 -2623.2
672.0 -2592.0
672.0 -3127.2
672.0 -3229.2
672.0 -3162.0
672.0 -3126.0
672.0 -3115.2
672.0 -3121.2
672.0 -3100.8
672.0 -3122.4
672.0 -3138.0
672.0 -2527.2
672.0 -2874.0
672.0 -2636.4
672.0 -2703.6
672.0 -2780.4
672.0 -3024.0
672.0 -2587.2
672.0 -2272.8
672.0 -3061.2
672.0 -3120.0
672.0 -3174.0
672.0 -3050.4
672.0 -3031.2
672.0 -3156.0
672.0 -3024.0
672.0 -3031.2
672.0 -2976.0
672.0 -3188.4
672.0 -3216.0
673.0 -2607.6
673.0 -2618.4
673.0 -2866.8
673.0 -2683.2
673.0 -3088.8
673.0 -3086.4
673.0 -3186.0
673.0 -2829.6
673.0 -2995.2
673.0 -3093.6
673.0 -2652.0
673.0 -2680.8
673.0 -2535.6
673.0 -2505.6
673.0 -2505.6
673.0 -2408.4
673.0 -2626.8
673.0 -2600.4
673.0 -2512.8
673.0 -3086.4
673.0 -3073.2
673.0 -3084.0
673.0 -3098.4
673.0 -3114.0
673.0 -3147.6
673.0 -2901.6
673.0 -3060.0
673.0 -3038.4
673.0 -3068.4
673.0 -3133.2
673.0 -3234.0
673.0 -2960.4
674.0 -2521.2
674.0 -2496.0
674.0 -3066.0
674.0 -3088.8
674.0 -3160.8
674.0 -3064.8
674.0 -2925.6
674.0 -3019.2
674.0 -3210.0
674.0 -3186.0
674.0 -2553.6
674.0 -2684.4
674.0 -2666.4
674.0 -2674.8
674.0 -2582.4
674.0 -2628.0
674.0 -2737.2
674.0 -3006.0
674.0 -2582.4
674.0 -2607.6
674.0 -2613.6
674.0 -2806.8
674.0 -2515.2
674.0 -2534.4
674.0 -2660.4
674.0 -3164.4
674.0 -3172.8
674.0 -3085.2
674.0 -2967.6
674.0 -3123.6
674.0 -3157.2
674.0 -3208.8
674.0 -3193.2
674.0 -3120.0
674.0 -3192.0
674.0 -3150.0
674.0 -3024.0
674.0 -3202.8
674.0 -3175.2
674.0 -3159.6
674.0 -3217.2
674.0 -3130.8
674.0 -3211.2
674.0 -3175.2
674.0 -3061.2
675.0 -2540.4
675.0 -2808.0
675.0 -2582.4
675.0 -2713.2
675.0 -2660.4
675.0 -2475.6
675.0 -3097.2
675.0 -3091.2
675.0 -3181.2
675.0 -3186.0
675.0 -3079.2
675.0 -2997.6
675.0 -3144.0
675.0 -3145.2
675.0 -2925.6
675.0 -3085.2
675.0 -3056.4
675.0 -2570.4
675.0 -2602.8
675.0 -3128.4
675.0 -3172.8
675.0 -3103.2
675.0 -2439.6
675.0 -2497.2
675.0 -2601.6
675.0 -2677.2
675.0 -3145.2
675.0 -3148.8
675.0 -3115.2
675.0 -3126.0
675.0 -2864.4
675.0 -3091.2
675.0 -3122.4
675.0 -3073.2
675.0 -3198.0
675.0 -3068.4
676.0 -2674.8
676.0 -2751.6
676.0 -2780.4
676.0 -2481.6
676.0 -2638.8
676.0 -3051.6
676.0 -2725.2
676.0 -2438.4
676.0 -2457.6
676.0 -2787.6
676.0 -3242.4
676.0 -3181.2
676.0 -3174.0
676.0 -3267.6
676.0 -3056.4
676.0 -3051.6
676.0 -3051.6
676.0 -3127.2
677.0 -2740.8
677.0 -2550.0
677.0 -2442.0
677.0 -2653.2
677.0 -2530.8
677.0 -3139.2
677.0 -3186.0
677.0 -2596.8
677.0 -2564.4
677.0 -2664.0
677.0 -2539.2
677.0 -2661.6
677.0 -2774.4
677.0 -3079.2
677.0 -2656.8
677.0 -2664.0
677.0 -2660.4
677.0 -3226.8
677.0 -3117.6
677.0 -3075.6
677.0 -3085.2
677.0 -3207.6
677.0 -3150.0
677.0 -3205.2
677.0 -3139.2
677.0 -3120.0
677.0 -3142.8
677.0 -3157.2
678.0 -2385.6
678.0 -2654.4
678.0 -2703.6
678.0 -2470.8
678.0 -2565.6
678.0 -2750.4
678.0 -3114.0
678.0 -3051.6
678.0 -3117.6
678.0 -3054.0
678.0 -3123.6
678.0 -3172.8
678.0 -3002.4
678.0 -3190.8
678.0 -3159.6
678.0 -2646.0
678.0 -2780.4
678.0 -2689.2
678.0 -3114.0
678.0 -2828.4
678.0 -2545.2
678.0 -2582.4
678.0 -2755.2
678.0 -2557.2
678.0 -3124.8
678.0 -3123.6
678.0 -3078.0
678.0 -3138.0
678.0 -3141.6
678.0 -3199.2
678.0 -3154.8
678.0 -3109.2
679.0 -2656.8
679.0 -2707.2
679.0 -2655.6
679.0 -2484.0
679.0 -2589.6
679.0 -2530.8
679.0 -3078.0
679.0 -3110.4
679.0 -3152.4
679.0 -3117.6
679.0 -2878.8
679.0 -2680.8
679.0 -2671.2
679.0 -3120.0
679.0 -3222.0
679.0 -2661.6
679.0 -2535.6
679.0 -2426.4
679.0 -3181.2
679.0 -3136.8
679.0 -3198.0
679.0 -3136.8
679.0 -3051.6
679.0 -3104.4
679.0 -3204.0
680.0 -2640.0
680.0 -3154.8
680.0 -3104.4
680.0 -3151.2
680.0 -2580.0
680.0 -2997.6
680.0 -3127.2
680.0 -2770.8
680.0 -2526.0
680.0 -2749.2
680.0 -2509.2
680.0 -2994.0
680.0 -3180.0
680.0 -3169.2
681.0 -2508.0
681.0 -2624.4
681.0 -2608.8
681.0 -2572.8
681.0 -2617.2
681.0 -3139.2
681.0 -3164.4
681.0 -3166.8
681.0 -3039.6
681.0 -3105.6
681.0 -2646.0
681.0 -2907.6
681.0 -3196.8
681.0 -3102.0
681.0 -3174.0
681.0 -3115.2
681.0 -2550.0
681.0 -2616.0
681.0 -2569.2
681.0 -2696.4
681.0 -2755.2
681.0 -2773.2
681.0 -3124.8
681.0 -3177.6
681.0 -3224.4
681.0 -3130.8
681.0 -3132.0
681.0 -3144.0
681.0 -3039.6
682.0 -2731.2
682.0 -2536.8
682.0 -2527.2
682.0 -2492.4
682.0 -2732.4
682.0 -3160.8
682.0 -3079.2
682.0 -3158.4
682.0 -3175.2
682.0 -3126.0
682.0 -2616.0
682.0 -2710.8
682.0 -2554.8
682.0 -2817.6
682.0 -2822.4
682.0 -3115.2
682.0 -3050.4
682.0 -3169.2
682.0 -3238.8
682.0 -2607.6
682.0 -2571.6
682.0 -3199.2
682.0 -3211.2
682.0 -3124.8
682.0 -3088.8
682.0 -3244.8
683.0 -2545.2
683.0 -2512.8
683.0 -2556.0
683.0 -2520.0
683.0 -2392.8
683.0 -2751.6
683.0 -2442.0
683.0 -2403.6
683.0 -2761.2
683.0 -2635.2
683.0 -3098.4
683.0 -2746.8
683.0 -2529.6
683.0 -3100.8
683.0 -3058.8
683.0 -2748.0
683.0 -2448.0
683.0 -2575.2
683.0 -2695.2
683.0 -3248.4
683.0 -3040.8
683.0 -3208.8
683.0 -3139.2
683.0 -3160.8
683.0 -3225.6
683.0 -3198.0
684.0 -2542.8
684.0 -2613.6
684.0 -2614.8
684.0 -2710.8
684.0 -2582.4
684.0 -2506.8
684.0 -3168.0
684.0 -3159.6
684.0 -3198.0
684.0 -3153.6
684.0 -2520.0
684.0 -2611.2
684.0 -2596.8
684.0 -3146.4
684.0 -3156.0
684.0 -3164.4
684.0 -2565.6
684.0 -2694.0
684.0 -2868.0
684.0 -2833.2
684.0 -2683.2
684.0 -3135.6
684.0 -3153.6
684.0 -3206.4
684.0 -3151.2
684.0 -3199.2
684.0 -3169.2
684.0 -3154.8
684.0 -3199.2
685.0 -2667.6
685.0 -2715.6
685.0 -2534.4
685.0 -2306.4
685.0 -2710.8
685.0 -3141.6
685.0 -3216.0
685.0 -3177.6
685.0 -3201.6
685.0 -3004.8
685.0 -2734.8
685.0 -2732.4
685.0 -2716.8
685.0 -3229.2
685.0 -2667.6
685.0 -2690.4
685.0 -2673.6
685.0 -2556.0
685.0 -2706.0
685.0 -2606.4
685.0 -2875.2
685.0 -3019.2
685.0 -3170.4
685.0 -3169.2
685.0 -3186.0
685.0 -3187.2
685.0 -3120.0
685.0 -3130.8
685.0 -3220.8
685.0 -3128.4
685.0 -3073.2
685.0 -2968.8
686.0 -2785.2
686.0 -3051.6
686.0 -3142.8
686.0 -2920.8
686.0 -3115.2
686.0 -3142.8
686.0 -3040.8
686.0 -3096.0
686.0 -2707.2
686.0 -2409.6
686.0 -2683.2
686.0 -2593.2
686.0 -2649.6
686.0 -2870.4
686.0 -2647.2
686.0 -2978.4
686.0 -2558.4
686.0 -2822.4
686.0 -2805.6
686.0 -2817.6
686.0 -2620.8
686.0 -2608.8
686.0 -3164.4
686.0 -3118.8
686.0 -3216.0
686.0 -3024.0
686.0 -3067.2
686.0 -3160.8
686.0 -3093.6
686.0 -3067.2
686.0 -3062.4
687.0 -2611.2
687.0 -2679.6
687.0 -2746.8
687.0 -2556.0
687.0 -3166.8
687.0 -2865.6
687.0 -3189.6
687.0 -3116.4
687.0 -2665.2
687.0 -2910.0
687.0 -3193.2
687.0 -2644.8
687.0 -2522.4
687.0 -2542.8
687.0 -2739.6
687.0 -2682.0
687.0 -2437.2
687.0 -2758.8
687.0 -2684.4
687.0 -2647.2
687.0 -3090.0
687.0 -3087.6
687.0 -3121.2
687.0 -3050.4
687.0 -3066.0
687.0 -3187.2
688.0 -2608.8
688.0 -2844.0
688.0 -2562.0
688.0 -3206.4
688.0 -3120.0
688.0 -3122.4
688.0 -2593.2
688.0 -2902.8
688.0 -2822.4
688.0 -3025.2
688.0 -2775.6
688.0 -2742.0
688.0 -2642.4
688.0 -2768.4
688.0 -3231.6
688.0 -3134.4
688.0 -3136.8
688.0 -3159.6
688.0 -3109.2
688.0 -3236.4
688.0 -3033.6
688.0 -3114.0
689.0 -2793.6
689.0 -2637.6
689.0 -2776.8
689.0 -2626.8
689.0 -2612.4
689.0 -2668.8
689.0 -2810.4
689.0 -2670.0
689.0 -2655.6
689.0 -3073.2
689.0 -3166.8
689.0 -3252.0
689.0 -2684.4
689.0 -2589.6
689.0 -2725.2
689.0 -2737.2
689.0 -2919.6
689.0 -2746.8
689.0 -2793.6
689.0 -2578.8
689.0 -2636.4
689.0 -3153.6
689.0 -3088.8
689.0 -3175.2
689.0 -3201.6
689.0 -3151.2
689.0 -3211.2
689.0 -3117.6
689.0 -3116.4
689.0 -3148.8
690.0 -2688.0
690.0 -2500.8
690.0 -2667.6
690.0 -2733.6
690.0 -2552.4
690.0 -3180.0
690.0 -3171.6
690.0 -3188.4
690.0 -2946.0
690.0 -3244.8
690.0 -2773.2
690.0 -2811.6
690.0 -3102.0
690.0 -2708.4
690.0 -2397.6
690.0 -2353.2
690.0 -2713.2
690.0 -2547.6
690.0 -2454.0
690.0 -2509.2
690.0 -2685.6
690.0 -2610.0
690.0 -2938.8
690.0 -3084.0
690.0 -3166.8
690.0 -3213.6
690.0 -2984.4
690.0 -3133.2
690.0 -3276.0
690.0 -3168.0
691.0 -2646.0
691.0 -2698.8
691.0 -2631.6
691.0 -2787.6
691.0 -2469.6
691.0 -2782.8
691.0 -3073.2
691.0 -3064.8
691.0 -2662.8
691.0 -2691.6
691.0 -2836.8
691.0 -2860.8
691.0 -2516.4
691.0 -2564.4
691.0 -3057.6
691.0 -3232.8
691.0 -3270.0
691.0 -3237.6
691.0 -3249.6
691.0 -3172.8
691.0 -3169.2
691.0 -3097.2
692.0 -2415.6
692.0 -2731.2
692.0 -2605.2
692.0 -2734.8
692.0 -2679.6
692.0 -2893.2
692.0 -2595.6
692.0 -2538.0
692.0 -3094.8
692.0 -3088.8
692.0 -2634.0
692.0 -2766.0
692.0 -2624.4
692.0 -2703.6
692.0 -2648.4
692.0 -2841.6
692.0 -2727.6
692.0 -2863.2
692.0 -2638.8
692.0 -3242.4
692.0 -3240.0
692.0 -3142.8
692.0 -3162.0
692.0 -3090.0
692.0 -3128.4
692.0 -3249.6
692.0 -3084.0
692.0 -3172.8
692.0 -3168.0
692.0 -3188.4
693.0 -2721.6
693.0 -2550.0
693.0 -2401.2
693.0 -2667.6
693.0 -2671.2
693.0 -3177.6
693.0 -3285.6
693.0 -3160.8
693.0 -2842.8
693.0 -2606.4
693.0 -3049.2
693.0 -3212.4
693.0 -2708.4
693.0 -2732.4
693.0 -2758.8
693.0 -2802.0
693.0 -2570.4
693.0 -2786.4
693.0 -2799.6
693.0 -3026.4
693.0 -3160.8
693.0 -3252.0
693.0 -2982.0
693.0 -3080.4
694.0 -2631.6
694.0 -3068.4
694.0 -3189.6
694.0 -2576.4
694.0 -3097.2
694.0 -3213.6
694.0 -2709.6
694.0 -2838.0
694.0 -2648.4
694.0 -2850.0
694.0 -2811.6
694.0 -2736.0
694.0 -2479.2
694.0 -2695.2
694.0 -2760.0
694.0 -3236.4
694.0 -3049.2
694.0 -3061.2
694.0 -3129.6
695.0 -2786.4
695.0 -2812.8
695.0 -2749.2
695.0 -2559.6
695.0 -3156.0
695.0 -3116.4
695.0 -2880.0
695.0 -2917.2
695.0 -2788.8
695.0 -2707.2
695.0 -2643.6
695.0 -2694.0
695.0 -2848.8
695.0 -2893.2
695.0 -2886.0
695.0 -2446.8
695.0 -2725.2
695.0 -2948.4
695.0 -2749.2
695.0 -2785.2
695.0 -3274.8
695.0 -3204.0
695.0 -3232.8
695.0 -3092.4
695.0 -3208.8
695.0 -3288.0
695.0 -3103.2
696.0 -2564.4
696.0 -2648.4
696.0 -2539.2
696.0 -2593.2
696.0 -3148.8
696.0 -3114.0
696.0 -2835.6
696.0 -2709.6
696.0 -2652.0
696.0 -2961.6
696.0 -2752.8
696.0 -2757.6
696.0 -2758.8
696.0 -3169.2
696.0 -3240.0
696.0 -3277.2
696.0 -3040.8
696.0 -3267.6
696.0 -3318.0
696.0 -3210.0
697.0 -2571.6
697.0 -2816.4
697.0 -3229.2
697.0 -3225.6
697.0 -3087.6
697.0 -2806.8
697.0 -2817.6
697.0 -2745.6
697.0 -2542.8
697.0 -2679.6
697.0 -2624.4
697.0 -2613.6
697.0 -2557.2
697.0 -2756.4
697.0 -2580.0
697.0 -2709.6
697.0 -2707.2
697.0 -3228.0
697.0 -3141.6
697.0 -3136.8
697.0 -3073.2
697.0 -3217.2
697.0 -2980.8
697.0 -3079.2
697.0 -3261.6
697.0 -3199.2
697.0 -3226.8
697.0 -3147.6
697.0 -3121.2
698.0 -2421.6
698.0 -2656.8
698.0 -2665.2
698.0 -2462.4
698.0 -3162.0
698.0 -3094.8
698.0 -3148.8
698.0 -3230.4
698.0 -3054.0
698.0 -3230.4
698.0 -2763.6
698.0 -2574.0
698.0 -2598.0
698.0 -2728.8
698.0 -2893.2
698.0 -3198.0
698.0 -3229.2
698.0 -3121.2
698.0 -3268.8
698.0 -3181.2
698.0 -3332.4
698.0 -3171.6
698.0 -3276.0
698.0 -3190.8
698.0 -3213.6
698.0 -3264.0
698.0 -3109.2
698.0 -3234.0
699.0 -2527.2
699.0 -2868.0
699.0 -2540.4
699.0 -2437.2
699.0 -2707.2
699.0 -2750.4
699.0 -3182.4
699.0 -3225.6
699.0 -2644.8
699.0 -2653.2
699.0 -2587.2
699.0 -2786.4
699.0 -2649.6
699.0 -2724.0
699.0 -2958.0
699.0 -2785.2
699.0 -2578.8
699.0 -2551.2
699.0 -2792.4
699.0 -3273.6
699.0 -3255.6
699.0 -3306.0
700.0 -2883.6
700.0 -2667.6
700.0 -2617.2
700.0 -2760.0
700.0 -2451.6
700.0 -2583.6
700.0 -2707.2
700.0 -2647.2
700.0 -2911.2
700.0 -2824.8
700.0 -2630.4
700.0 -2708.4
700.0 -3207.6
700.0 -3307.2
700.0 -3168.0
700.0 -3109.2
701.0 -2774.4
701.0 -2638.8
701.0 -2834.4
701.0 -2659.2
701.0 -2895.6
701.0 -2871.6
701.0 -2828.4
701.0 -2605.2
701.0 -2544.0
701.0 -2748.0
701.0 -3187.2
701.0 -3158.4
701.0 -3175.2
701.0 -3208.8
701.0 -3296.4
701.0 -3231.6
701.0 -3055.2
702.0 -2631.6
702.0 -2725.2
702.0 -2629.2
702.0 -2709.6
702.0 -3168.0
702.0 -3127.2
702.0 -3189.6
702.0 -2774.4
702.0 -2340.0
702.0 -2716.8
702.0 -2768.4
702.0 -3229.2
702.0 -3091.2
702.0 -3270.0
702.0 -3204.0
702.0 -3308.4
702.0 -3225.6
702.0 -3222.0
702.0 -3261.6
702.0 -3240.0
702.0 -3208.8
703.0 -2694.0
703.0 -2883.6
703.0 -2644.8
703.0 -2934.0
703.0 -3208.8
703.0 -2667.6
703.0 -2702.4
703.0 -2716.8
703.0 -2869.2
703.0 -3091.2
703.0 -2664.0
703.0 -2889.6
703.0 -2908.8
703.0 -2769.6
703.0 -2527.2
703.0 -2607.6
703.0 -2684.4
703.0 -3226.8
703.0 -3219.6
704.0 -2722.8
704.0 -2446.8
704.0 -2624.4
704.0 -3273.6
704.0 -2787.6
704.0 -2796.0
704.0 -2696.4
704.0 -2763.6
704.0 -2701.2
704.0 -2650.8
704.0 -3075.6
704.0 -3133.2
704.0 -3187.2
705.0 -2593.2
705.0 -2719.2
705.0 -2906.4
705.0 -2497.2
705.0 -2902.8
705.0 -2857.2
705.0 -2634.0
705.0 -2808.0
705.0 -2617.2
705.0 -2846.4
705.0 -3243.6
705.0 -3213.6
705.0 -3249.6
705.0 -3105.6
705.0 -3218.4
705.0 -3265.2
706.0 -2793.6
706.0 -2684.4
706.0 -2554.8
706.0 -2606.4
706.0 -2684.4
706.0 -3244.8
706.0 -3247.2
706.0 -2571.6
706.0 -2902.8
706.0 -2678.4
706.0 -2816.4
706.0 -2650.8
706.0 -2899.2
706.0 -2944.8
706.0 -2758.8
706.0 -2746.8
706.0 -2642.4
706.0 -3223.2
706.0 -3111.6
706.0 -3276.0
706.0 -3110.4
706.0 -3289.2
706.0 -3238.8
707.0 -2767.2
707.0 -2667.6
707.0 -2760.0
707.0 -2754.0
707.0 -2700.0
707.0 -2808.0
707.0 -3228.0
707.0 -3212.4
707.0 -3108.0
707.0 -2917.2
707.0 -2590.8
707.0 -2828.4
707.0 -2826.0
707.0 -2737.2
707.0 -2854.8
707.0 -2598.0
707.0 -3340.8
707.0 -3184.8
707.0 -3168.0
708.0 -2496.0
708.0 -2761.2
708.0 -2750.4
708.0 -2757.6
708.0 -2826.0
708.0 -2752.8
708.0 -2631.6
708.0 -2698.8
708.0 -2768.4
708.0 -2539.2
708.0 -2691.6
708.0 -2702.4
708.0 -3154.8
708.0 -3229.2
708.0 -3057.6
708.0 -3163.2
709.0 -2798.4
709.0 -2872.8
709.0 -3108.0
709.0 -2538.0
709.0 -2680.8
709.0 -2653.2
709.0 -2421.6
709.0 -2744.4
709.0 -2907.6
709.0 -2698.8
709.0 -2761.2
709.0 -2719.2
709.0 -2658.0
709.0 -3226.8
709.0 -3216.0
709.0 -3190.8
709.0 -3226.8
709.0 -3240.0
709.0 -3237.6
710.0 -2890.8
710.0 -2628.0
710.0 -2857.2
710.0 -2836.8
710.0 -2883.6
710.0 -2768.4
710.0 -2626.8
710.0 -2534.4
710.0 -3164.4
710.0 -2782.8
710.0 -3282.0
710.0 -2569.2
710.0 -2839.2
710.0 -2626.8
710.0 -2635.2
710.0 -2916.0
710.0 -3129.6
710.0 -3172.8
710.0 -3223.2
710.0 -3152.4
710.0 -3200.4
711.0 -2757.6
711.0 -2734.8
711.0 -2722.8
711.0 -2733.6
711.0 -3250.8
711.0 -2678.4
711.0 -2868.0
711.0 -2846.4
711.0 -2764.8
711.0 -2966.4
711.0 -2677.2
711.0 -2834.4
711.0 -2780.4
711.0 -2703.6
711.0 -2736.0
711.0 -2619.6
711.0 -3266.4
711.0 -3234.0
711.0 -3296.4
712.0 -2859.6
712.0 -2666.4
712.0 -3259.2
712.0 -3033.6
712.0 -3229.2
712.0 -2540.4
712.0 -2827.2
712.0 -2682.0
712.0 -2726.4
712.0 -2497.2
712.0 -2984.4
712.0 -2656.8
712.0 -2977.2
712.0 -3340.8
713.0 -2841.6
713.0 -2702.4
713.0 -2935.2
713.0 -2528.4
713.0 -2686.8
713.0 -2812.8
713.0 -2820.0
713.0 -2834.4
713.0 -2634.0
713.0 -2712.0
713.0 -2745.6
713.0 -2707.2
713.0 -2770.8
713.0 -2568.0
713.0 -3000.0
713.0 -2652.0
713.0 -2818.8
713.0 -2772.0
713.0 -3243.6
713.0 -3117.6
713.0 -3207.6
713.0 -3260.4
714.0 -2755.2
714.0 -2775.6
714.0 -2841.6
714.0 -2607.6
714.0 -2510.4
714.0 -2636.4
714.0 -2506.8
714.0 -2955.6
714.0 -2820.0
714.0 -2762.4
714.0 -2688.0
714.0 -3159.6
714.0 -3204.0
714.0 -3284.4
714.0 -3254.4
715.0 -2767.2
715.0 -3086.4
715.0 -2739.6
715.0 -2881.2
715.0 -2912.4
715.0 -2828.4
715.0 -2803.2
715.0 -2750.4
715.0 -3154.8
715.0 -3145.2
715.0 -3346.8
715.0 -3248.4
715.0 -3279.6
715.0 -3343.2
715.0 -3290.4
716.0 -2682.0
716.0 -2830.8
716.0 -2823.6
716.0 -2508.0
716.0 -2734.8
716.0 -3304.8
716.0 -3188.4
716.0 -2748.0
716.0 -3218.4
716.0 -2858.4
716.0 -2721.6
716.0 -2698.8
716.0 -2923.2
716.0 -2850.0
716.0 -2624.4
716.0 -2808.0
716.0 -2782.8
716.0 -3249.6
716.0 -3219.6
716.0 -3264.0
716.0 -3230.4
717.0 -2736.0
717.0 -2818.8
717.0 -2832.0
717.0 -2630.4
717.0 -2661.6
717.0 -2799.6
717.0 -2539.2
717.0 -2790.0
717.0 -2772.0
717.0 -3309.6
717.0 -3278.4
717.0 -3304.8
717.0 -3280.8
717.0 -3309.6
718.0 -2782.8
718.0 -2576.4
718.0 -2792.4
718.0 -2656.8
718.0 -2848.8
718.0 -3219.6
718.0 -3045.6
718.0 -2996.4
718.0 -2655.6
718.0 -2754.0
718.0 -2889.6
718.0 -2766.0
718.0 -2719.2
718.0 -2680.8
718.0 -3307.2
719.0 -2572.8
719.0 -2787.6
719.0 -2570.4
719.0 -2874.0
719.0 -2684.4
719.0 -2786.4
719.0 -2712.0
719.0 -2905.2
719.0 -2522.4
719.0 -2872.8
719.0 -2881.2
719.0 -2846.4
719.0 -2918.4
719.0 -3248.4
719.0 -3270.0
720.0 -2620.8
720.0 -2706.0
720.0 -2398.8
720.0 -2744.4
720.0 -2884.8
720.0 -2780.4
720.0 -2916.0
720.0 -2750.4
720.0 -2660.4
720.0 -2932.8
720.0 -3333.6
720.0 -3194.4
720.0 -3268.8
721.0 -2408.4
721.0 -2828.4
721.0 -2720.4
721.0 -2808.0
721.0 -2682.0
721.0 -3026.4
721.0 -2839.2
721.0 -2610.0
721.0 -2750.4
721.0 -3207.6
721.0 -3242.4
721.0 -3259.2
721.0 -3214.8
721.0 -3284.4
721.0 -3145.2
722.0 -2841.6
722.0 -2827.2
722.0 -2890.8
722.0 -2784.0
722.0 -2671.2
722.0 -2925.6
722.0 -2697.6
722.0 -3146.4
722.0 -3211.2
723.0 -2814.0
723.0 -2572.8
723.0 -2864.4
723.0 -2533.2
723.0 -2908.8
723.0 -2588.4
723.0 -2601.6
723.0 -2799.6
723.0 -3307.2
724.0 -2677.2
724.0 -2736.0
724.0 -2672.4
724.0 -2650.8
724.0 -2790.0
724.0 -3284.4
724.0 -3352.8
725.0 -2763.6
725.0 -2565.6
725.0 -2598.0
725.0 -2653.2
725.0 -2734.8
725.0 -2698.8
725.0 -2955.6
725.0 -2734.8
725.0 -2790.0
725.0 -2824.8
725.0 -2762.4
725.0 -2725.2
725.0 -2648.4
725.0 -3127.2
725.0 -3284.4
725.0 -3350.4
725.0 -3343.2
726.0 -2860.8
726.0 -2583.6
726.0 -2750.4
726.0 -2788.8
726.0 -2739.6
726.0 -2829.6
726.0 -2562.0
726.0 -2798.4
727.0 -2824.8
727.0 -2773.2
727.0 -2942.4
727.0 -2804.4
727.0 -2690.4
727.0 -2780.4
727.0 -2818.8
727.0 -2778.0
727.0 -3324.0
727.0 -3265.2
727.0 -3334.8
728.0 -2832.0
728.0 -2938.8
728.0 -2722.8
728.0 -2856.0
728.0 -2829.6
728.0 -2665.2
728.0 -2893.2
728.0 -2695.2
728.0 -2803.2
728.0 -2674.8
728.0 -3176.4
728.0 -3192.0
728.0 -3297.6
729.0 -2816.4
729.0 -2606.4
729.0 -2739.6
729.0 -2702.4
729.0 -3309.6
729.0 -3332.4
729.0 -3283.2
730.0 -2838.0
730.0 -2718.0
730.0 -2796.0
730.0 -2832.0
730.0 -2685.6
730.0 -3366.0
731.0 -2810.4
731.0 -2864.4
731.0 -2560.8
731.0 -2630.4
731.0 -2796.0
731.0 -2590.8
731.0 -2792.4
731.0 -3222.0
731.0 -3261.6
732.0 -3244.8
732.0 -2766.0
732.0 -2784.0
732.0 -2788.8
732.0 -2575.2
732.0 -2798.4
732.0 -2938.8
732.0 -2722.8
733.0 -2756.4
733.0 -2740.8
733.0 -2659.2
733.0 -2829.6
733.0 -2968.8
733.0 -2664.0
733.0 -2866.8
733.0 -3242.4
734.0 -2838.0
734.0 -2865.6
734.0 -2617.2
734.0 -2827.2
734.0 -2628.0
734.0 -2888.4
734.0 -3357.6
734.0 -3285.6
734.0 -3225.6
735.0 -2754.0
735.0 -2854.8
735.0 -2754.0
735.0 -2725.2
735.0 -2761.2
735.0 -2922.0
735.0 -2947.2
736.0 -2845.2
736.0 -3324.0
737.0 -2790.0
737.0 -2630.4
737.0 -2850.0
737.0 -2714.4
737.0 -2829.6
738.0 -2913.6
738.0 -2702.4
738.0 -2892.0
738.0 -3073.2
739.0 -2803.2
739.0 -2840.4
739.0 -2862.0
739.0 -2889.6
739.0 -2875.2
739.0 -2937.6
739.0 -2949.6
739.0 -2781.6
739.0 -2822.4
740.0 -2667.6
740.0 -2889.6
740.0 -3054.0
740.0 -2967.6
740.0 -2756.4
740.0 -2908.8
741.0 -3009.6
741.0 -2845.2
741.0 -2734.8
741.0 -2784.0
741.0 -2702.4
741.0 -2917.2
741.0 -3181.2
742.0 -2883.6
742.0 -3026.4
742.0 -2853.6
742.0 -2869.2
742.0 -3285.6
743.0 -2718.0
743.0 -2757.6
743.0 -2736.0
743.0 -2778.0
744.0 -2798.4
744.0 -2628.0
744.0 -2830.8
744.0 -2901.6
744.0 -2869.2
744.0 -3003.6
745.0 -2925.6
745.0 -2848.8
745.0 -2745.6
745.0 -3310.8
746.0 -3351.6
746.0 -2724.0
746.0 -2842.8
746.0 -2886.0
746.0 -2830.8
746.0 -2887.2
747.0 -2779.2
747.0 -3262.8
748.0 -2941.2
748.0 -2792.4
748.0 -2887.2
748.0 -3316.8
748.0 -3316.8
748.0 -3406.8
749.0 -2695.2
749.0 -3012.0
749.0 -2968.8
750.0 -2865.6
750.0 -2684.4
750.0 -2916.0
750.0 -2760.0
750.0 -2990.4
751.0 -2802.0
751.0 -2940.0
751.0 -2719.2
752.0 -3025.2
752.0 -2750.4
752.0 -2743.2
753.0 -2569.2
753.0 -2881.2
753.0 -2851.2
754.0 -2902.8
754.0 -2956.8
754.0 -3386.4
755.0 -2828.4
755.0 -2860.8
756.0 -2625.6
756.0 -3091.2
756.0 -2910.0
756.0 -3295.2
757.0 -2799.6
757.0 -2894.4
758.0 -2858.4
758.0 -2894.4
760.0 -2686.8
760.0 -2900.4
760.0 -3050.4
760.0 -2726.4
761.0 -2797.2
761.0 -3032.4
761.0 -2941.2
761.0 -2770.8
762.0 -2880.0
762.0 -2887.2
762.0 -3308.4
763.0 -3124.8
764.0 -3002.4
765.0 -2917.2
765.0 -2966.4
766.0 -2899.2
766.0 -3018.0
766.0 -2733.6
766.0 -3010.8
766.0 -2708.4
767.0 -2986.8
767.0 -2883.6
767.0 -2918.4
767.0 -2678.4
768.0 -2883.6
768.0 -2913.6
768.0 -2971.2
769.0 -2806.8
769.0 -2733.6
769.0 -2876.4
773.0 -3145.2
774.0 -2949.6
781.0 -2775.6
787.0 -2925.6
787.0 -2930.4
791.0 -3121.2
