2496.0 -2939.5
2496.0 -2939.5
2496.0 -2939.5
2496.0 -2939.5
2496.0 -2939.5
2496.0 -2939.5
2496.0 -2939.5
2496.0 -2939.5
2496.0 -2939.5
2496.0 -2939.5
2496.0 -2939.5
2496.0 -2939.5
2496.0 -2939.5
2496.0 -2939.5
2496.0 -2939.5
2496.0 -2939.5
2496.0 -2939.5
2496.0 -2939.5
2496.0 -2939.5
2496.0 -2939.5
2515.0 -2958.0
2515.0 -2958.0
2515.0 -2958.0
2515.0 -2958.0
2515.0 -2958.0
2515.0 -2958.0
2515.0 -2958.0
2515.0 -2958.0
2515.0 -2958.0
2515.0 -2958.0
2515.0 -2958.0
2515.0 -2958.0
2515.0 -2958.0
2515.0 -2958.0
2515.0 -2958.0
2515.0 -2958.0
2515.0 -2958.0
2515.0 -2958.0
2515.0 -2958.0
2515.0 -2958.0
2529.0 -2971.5
2529.0 -2971.5
2529.0 -2971.5
2529.0 -2971.5
2529.0 -2971.5
2529.0 -2971.5
2529.0 -2971.5
2529.0 -2971.5
2529.0 -2971.5
2529.0 -2971.5
2529.0 -2971.5
2529.0 -2971.5
2529.0 -2971.5
2529.0 -2971.5
2529.0 -2971.5
2529.0 -2971.5
2529.0 -2971.5
2529.0 -2971.5
2529.0 -2971.5
2529.0 -2971.5
2546.0 -2982.5
2546.0 -2982.5
2546.0 -2982.5
2546.0 -2982.5
2546.0 -2982.5
2546.0 -2982.5
2546.0 -2982.5
2546.0 -2982.5
2546.0 -2982.5
2546.0 -2982.5
2546.0 -2982.5
2546.0 -2982.5
2546.0 -2982.5
2546.0 -2982.5
2546.0 -2982.5
2546.0 -2982.5
2546.0 -2982.5
2546.0 -2982.5
2546.0 -2982.5
2546.0 -2982.5
2559.0 -2999.0
2559.0 -2999.0
2559.0 -2999.0
2559.0 -2999.0
2559.0 -2999.0
2559.0 -2999.0
2559.0 -2999.0
2559.0 -2999.0
2559.0 -2999.0
2559.0 -2999.0
2559.0 -2999.0
2559.0 -2999.0
2559.0 -2999.0
2559.0 -2999.0
2559.0 -2999.0
2559.0 -2999.0
2559.0 -2999.0
2559.0 -2999.0
2559.0 -2999.0
2559.0 -2999.0
