25.8 3.0 22.0 -4.8
25.8 3.0 22.0 -4.8
25.8 3.0 22.0 -4.8
25.8 3.0 22.0 -4.8
25.8 3.0 22.0 -4.8
25.8 3.0 22.0 -4.8
25.8 3.0 22.0 -4.8
25.8 3.0 22.0 -4.8
25.8 3.0 22.0 -4.8
25.8 3.0 22.0 -4.8
25.8 3.0 22.0 -4.8
25.8 3.0 22.0 -4.8
25.8 3.0 22.0 -4.8
25.8 3.0 22.0 -4.8
25.8 3.0 22.0 -4.8
25.8 3.0 22.0 -4.8
25.8 3.0 22.0 -4.8
25.8 3.0 22.0 -4.8
25.8 3.0 22.0 -4.8
25.8 3.0 22.0 -4.8
25.8 3.0 22.0 -4.8
25.8 3.0 22.0 -4.8
25.8 3.0 22.0 -4.8
25.8 3.0 22.0 -4.8
25.8 3.0 22.0 -4.8
25.8 3.0 22.0 -4.8
25.8 3.0 22.0 -4.8
25.8 3.0 22.0 -4.8
25.8 3.0 22.0 -4.8
25.8 3.0 22.0 -4.8
25.8 3.0 22.0 -4.8
25.8 3.0 22.0 -4.8
25.8 3.0 22.0 -4.8
25.8 3.0 22.0 -4.8
25.8 3.0 22.0 -4.8
25.8 3.0 22.0 -4.8
25.8 3.0 22.0 -4.8
25.8 3.0 22.0 -4.8
25.8 3.0 22.0 -4.8
25.8 3.0 22.0 -4.8
25.8 3.0 22.0 -4.8
25.8 3.0 22.0 -4.8
25.8 3.0 22.0 -4.8
25.8 3.0 22.0 -4.8
25.8 3.0 22.0 -4.8
25.8 3.0 22.0 -4.8
25.8 3.0 22.0 -4.8
25.8 3.0 22.0 -4.8
25.8 3.0 22.0 -4.8
25.8 3.0 22.0 -4.8
25.8 3.0 22.0 -4.8
25.8 3.0 22.0 -4.8
25.8 3.0 22.0 -4.8
25.8 3.0 22.0 -4.8
25.8 3.0 22.0 -4.8
25.8 3.0 22.0 -4.8
30.0 4.0 31.0 -7.2
30.0 4.0 31.0 -7.2
30.0 4.0 31.0 -7.2
30.0 4.0 31.0 -7.2
30.0 4.0 31.0 -7.2
30.0 4.0 31.0 -7.2
30.7 3.0 22.0 -7.2
30.7 3.0 22.0 -7.2
30.7 3.0 22.0 -7.2
30.7 3.0 22.0 -7.2
30.7 3.0 22.0 -7.2
30.7 3.0 22.0 -7.2
30.7 3.0 22.0 -7.2
30.7 3.0 22.0 -7.2
30.7 3.0 22.0 -7.2
30.7 3.0 22.0 -7.2
30.7 3.0 22.0 -7.2
30.7 3.0 22.0 -7.2
30.7 3.0 22.0 -7.2
30.7 3.0 22.0 -7.2
30.7 3.0 22.0 -7.2
30.7 3.0 22.0 -7.2
30.7 3.0 22.0 -7.2
30.7 3.0 22.0 -7.2
30.7 3.0 22.0 -7.2
30.7 3.0 22.0 -7.2
30.7 3.0 22.0 -7.2
30.7 3.0 22.0 -7.2
30.7 3.0 22.0 -7.2
30.7 3.0 22.0 -7.2
30.7 3.0 22.0 -7.2
30.7 3.0 22.0 -7.2
30.7 3.0 22.0 -7.2
30.7 3.0 22.0 -7.2
30.7 3.0 22.0 -7.2
30.7 3.0 22.0 -7.2
30.7 3.0 22.0 -7.2
30.7 3.0 22.0 -7.2
30.7 3.0 22.0 -7.2
30.7 3.0 22.0 -7.2
30.7 3.0 22.0 -7.2
30.7 3.0 22.0 -7.2
30.7 3.0 22.0 -7.2
30.7 3.0 22.0 -7.2
30.7 3.0 22.0 -7.2
30.7 3.0 22.0 -7.2
30.7 3.0 22.0 -7.2
30.7 3.0 22.0 -7.2
30.7 3.0 22.0 -7.2
30.7 3.0 22.0 -7.2
30.7 3.0 22.0 -7.2
30.7 3.0 22.0 -7.2
30.7 3.0 22.0 -7.2
30.7 3.0 22.0 -7.2
36.8 4.0 23.0 -7.2
36.8 4.0 23.0 -7.2
36.8 4.0 23.0 -7.2
36.8 4.0 23.0 -7.2
36.8 4.0 23.0 -7.2
36.8 4.0 23.0 -7.2
36.8 4.0 23.0 -7.2
36.8 4.0 23.0 -7.2
36.8 4.0 23.0 -7.2
36.8 4.0 23.0 -7.2
36.8 4.0 23.0 -7.2
36.8 4.0 23.0 -7.2
37.5 4.0 26.0 -7.2
37.5 4.0 26.0 -7.2
37.5 4.0 26.0 -7.2
37.5 4.0 26.0 -7.2
37.5 4.0 26.0 -7.2
37.5 4.0 26.0 -7.2
37.5 4.0 26.0 -7.2
37.5 4.0 26.0 -7.2
37.5 4.0 26.0 -7.2
38.1 3.0 22.0 -7.2
38.1 3.0 22.0 -7.2
38.1 3.0 22.0 -7.2
38.1 3.0 22.0 -7.2
38.1 3.0 22.0 -7.2
38.1 3.0 22.0 -7.2
38.1 3.0 22.0 -7.2
38.1 3.0 22.0 -7.2
38.1 3.0 22.0 -7.2
38.1 3.0 22.0 -7.2
38.1 3.0 22.0 -7.2
38.1 3.0 22.0 -7.2
38.1 3.0 22.0 -7.2
38.1 3.0 22.0 -7.2
38.1 3.0 22.0 -7.2
38.1 3.0 22.0 -7.2
38.1 3.0 22.0 -7.2
38.1 3.0 22.0 -7.2
38.1 3.0 22.0 -7.2
38.1 3.0 22.0 -7.2
38.1 3.0 22.0 -7.2
38.1 3.0 22.0 -7.2
38.1 3.0 22.0 -7.2
38.1 3.0 22.0 -7.2
38.1 3.0 22.0 -7.2
38.1 3.0 22.0 -7.2
38.1 3.0 22.0 -7.2
38.1 3.0 22.0 -7.2
38.1 3.0 22.0 -7.2
38.1 3.0 22.0 -7.2
38.1 3.0 22.0 -7.2
38.1 3.0 22.0 -7.2
38.1 3.0 22.0 -7.2
38.1 3.0 22.0 -7.2
38.1 3.0 22.0 -7.2
38.1 3.0 22.0 -7.2
38.1 3.0 22.0 -7.2
38.1 3.0 22.0 -7.2
38.1 3.0 22.0 -7.2
38.1 3.0 22.0 -7.2
38.1 3.0 22.0 -7.2
38.1 3.0 22.0 -7.2
38.1 3.0 22.0 -7.2
38.1 3.0 22.0 -7.2
38.1 3.0 22.0 -7.2
38.1 3.0 22.0 -7.2
38.1 3.0 22.0 -7.2
40.0 5.0 38.0 -7.2
40.0 5.0 38.0 -7.2
40.0 5.0 38.0 -7.2
40.0 5.0 38.0 -7.2
41.0 5.0 32.0 -9.6
41.0 5.0 32.0 -9.6
41.0 5.0 32.0 -9.6
41.7 4.0 23.0 -9.6
41.7 4.0 23.0 -9.6
41.7 5.0 35.0 -9.6
41.7 4.0 23.0 -9.6
41.7 4.0 23.0 -9.6
41.7 4.0 23.0 -9.6
41.7 4.0 23.0 -9.6
41.7 4.0 23.0 -9.6
41.7 4.0 23.0 -9.6
41.7 4.0 23.0 -9.6
41.7 4.0 23.0 -9.6
41.7 5.0 35.0 -9.6
41.7 4.0 23.0 -9.6
41.7 4.0 23.0 -9.6
41.7 5.0 35.0 -9.6
41.7 4.0 23.0 -9.6
41.7 4.0 23.0 -9.6
41.7 4.0 23.0 -9.6
41.7 5.0 35.0 -9.6
41.7 4.0 23.0 -9.6
41.7 4.0 23.0 -9.6
41.7 4.0 23.0 -9.6
41.7 4.0 23.0 -9.6
41.7 4.0 23.0 -9.6
41.7 4.0 23.0 -9.6
41.7 4.0 23.0 -9.6
41.7 4.0 23.0 -9.6
41.7 4.0 23.0 -9.6
41.7 4.0 23.0 -9.6
42.2 5.0 37.0 -7.2
42.2 5.0 37.0 -7.2
42.2 5.0 37.0 -7.2
42.2 5.0 37.0 -7.2
42.2 5.0 37.0 -7.2
42.4 4.0 26.0 -9.6
42.4 4.0 26.0 -9.6
42.4 4.0 26.0 -9.6
42.4 4.0 26.0 -9.6
42.4 4.0 26.0 -9.6
42.4 4.0 26.0 -9.6
42.4 4.0 26.0 -9.6
42.6 5.0 27.0 -8.4
42.6 5.0 27.0 -8.4
42.6 5.0 27.0 -8.4
42.6 5.0 27.0 -8.4
42.6 5.0 27.0 -8.4
42.6 5.0 27.0 -8.4
42.9 6.0 45.0 -8.4
42.9 6.0 45.0 -8.4
44.6 5.0 29.0 -7.2
44.6 5.0 29.0 -7.2
44.6 5.0 29.0 -7.2
44.6 5.0 29.0 -7.2
44.9 5.0 38.0 -9.6
44.9 5.0 38.0 -9.6
44.9 5.0 38.0 -9.6
44.9 5.0 38.0 -9.6
45.5 3.0 22.0 -7.2
45.5 3.0 22.0 -7.2
45.5 3.0 22.0 -7.2
45.5 3.0 22.0 -7.2
45.5 3.0 22.0 -7.2
45.5 3.0 22.0 -7.2
45.5 3.0 22.0 -7.2
45.5 3.0 22.0 -7.2
45.5 3.0 22.0 -7.2
45.5 3.0 22.0 -7.2
45.5 3.0 22.0 -7.2
45.5 3.0 22.0 -7.2
45.5 3.0 22.0 -7.2
45.5 3.0 22.0 -7.2
45.5 3.0 22.0 -7.2
45.5 3.0 22.0 -7.2
45.5 3.0 22.0 -7.2
45.5 3.0 22.0 -7.2
45.8 4.0 28.0 -7.2
45.8 4.0 28.0 -7.2
45.8 4.0 28.0 -7.2
45.8 4.0 28.0 -7.2
45.8 4.0 28.0 -7.2
45.8 4.0 28.0 -7.2
45.8 4.0 28.0 -7.2
45.8 4.0 28.0 -7.2
45.8 4.0 28.0 -7.2
46.1 5.0 31.0 -7.2
46.1 5.0 31.0 -7.2
46.1 5.0 31.0 -7.2
46.1 5.0 31.0 -7.2
46.1 5.0 31.0 -7.2
46.1 5.0 31.0 -7.2
46.3 4.0 29.0 -7.2
46.3 4.0 29.0 -7.2
46.3 4.0 29.0 -7.2
46.3 4.0 29.0 -7.2
46.3 4.0 29.0 -7.2
46.3 4.0 29.0 -7.2
46.3 4.0 29.0 -7.2
46.3 4.0 29.0 -7.2
46.3 4.0 29.0 -7.2
46.3 4.0 29.0 -7.2
46.3 4.0 29.0 -7.2
46.3 4.0 29.0 -7.2
46.3 4.0 29.0 -7.2
46.3 4.0 29.0 -7.2
46.3 4.0 29.0 -7.2
47.5 5.0 27.0 -10.8
47.5 5.0 27.0 -10.8
47.5 5.0 27.0 -10.8
47.5 5.0 27.0 -10.8
47.5 5.0 27.0 -10.8
47.5 5.0 27.0 -10.8
47.5 5.0 27.0 -10.8
47.5 5.0 27.0 -10.8
49.1 4.0 23.0 -9.6
49.1 4.0 23.0 -9.6
49.1 4.0 23.0 -9.6
49.1 4.0 23.0 -9.6
49.1 4.0 23.0 -9.6
49.1 4.0 23.0 -9.6
49.1 4.0 23.0 -9.6
49.1 4.0 23.0 -9.6
49.1 4.0 23.0 -9.6
49.1 4.0 23.0 -9.6
49.1 4.0 23.0 -9.6
49.1 4.0 23.0 -9.6
49.1 4.0 23.0 -9.6
49.1 4.0 23.0 -9.6
49.5 5.0 29.0 -9.6
49.5 5.0 29.0 -9.6
49.5 5.0 29.0 -9.6
49.5 5.0 29.0 -9.6
49.7 4.0 31.0 -9.6
49.7 4.0 31.0 -9.6
49.7 4.0 31.0 -9.6
49.8 4.0 26.0 -9.6
49.8 4.0 26.0 -9.6
49.8 4.0 26.0 -9.6
49.8 4.0 26.0 -9.6
49.8 4.0 26.0 -9.6
49.8 4.0 26.0 -9.6
49.8 4.0 26.0 -9.6
49.8 4.0 26.0 -9.6
49.8 4.0 26.0 -9.6
49.8 4.0 26.0 -9.6
49.8 4.0 26.0 -9.6
49.8 4.0 26.0 -9.6
50.0 5.0 37.0 -9.6
50.2 5.0 36.0 -7.2
50.2 5.0 36.0 -7.2
50.2 5.0 36.0 -7.2
50.4 3.0 22.0 -9.6
50.4 3.0 22.0 -9.6
50.4 3.0 22.0 -9.6
50.4 3.0 22.0 -9.6
50.4 3.0 22.0 -9.6
50.4 3.0 22.0 -9.6
50.4 3.0 22.0 -9.6
50.4 3.0 22.0 -9.6
50.4 3.0 22.0 -9.6
50.4 3.0 22.0 -9.6
50.4 3.0 22.0 -9.6
50.4 3.0 22.0 -9.6
50.4 3.0 22.0 -9.6
50.4 3.0 22.0 -9.6
50.4 3.0 22.0 -9.6
50.4 3.0 22.0 -9.6
50.4 3.0 22.0 -9.6
50.4 3.0 22.0 -9.6
50.4 3.0 22.0 -9.6
50.4 3.0 22.0 -9.6
50.4 3.0 22.0 -9.6
50.4 3.0 22.0 -9.6
50.4 3.0 22.0 -9.6
50.4 3.0 22.0 -9.6
50.4 3.0 22.0 -9.6
50.4 3.0 22.0 -9.6
50.4 3.0 22.0 -9.6
50.4 3.0 22.0 -9.6
50.4 3.0 22.0 -9.6
50.4 3.0 22.0 -9.6
50.4 3.0 22.0 -9.6
50.4 3.0 22.0 -9.6
50.5 5.0 38.0 -9.6
50.7 4.0 28.0 -9.6
50.7 4.0 28.0 -9.6
50.7 4.0 28.0 -9.6
50.7 4.0 28.0 -9.6
50.7 4.0 28.0 -9.6
50.7 4.0 28.0 -9.6
50.9 5.0 29.0 -8.4
50.9 5.0 29.0 -8.4
50.9 5.0 29.0 -8.4
50.9 5.0 29.0 -8.4
50.9 5.0 29.0 -8.4
50.9 6.0 44.0 -8.4
50.9 5.0 29.0 -8.4
50.9 5.0 29.0 -8.4
50.9 5.0 29.0 -8.4
50.9 5.0 29.0 -8.4
50.9 5.0 29.0 -8.4
50.9 5.0 29.0 -8.4
50.9 5.0 29.0 -8.4
50.9 5.0 29.0 -8.4
51.0 5.0 31.0 -9.6
51.0 5.0 31.0 -9.6
51.0 5.0 31.0 -9.6
51.0 5.0 31.0 -9.6
51.0 6.0 39.0 -9.6
51.0 5.0 31.0 -9.6
51.0 5.0 31.0 -9.6
51.2 4.0 29.0 -9.6
51.2 3.0 22.0 -7.2
51.2 3.0 22.0 -7.2
51.2 3.0 22.0 -7.2
51.2 3.0 22.0 -7.2
51.2 3.0 22.0 -7.2
51.2 3.0 22.0 -7.2
51.2 4.0 29.0 -9.6
51.2 3.0 22.0 -7.2
51.2 4.0 29.0 -9.6
51.2 3.0 22.0 -7.2
51.2 3.0 22.0 -7.2
51.2 4.0 29.0 -9.6
51.2 3.0 22.0 -7.2
51.2 3.0 22.0 -7.2
51.2 3.0 22.0 -7.2
51.2 3.0 22.0 -7.2
51.2 3.0 22.0 -7.2
51.2 3.0 22.0 -7.2
51.2 4.0 29.0 -9.6
51.2 3.0 22.0 -7.2
51.2 4.0 29.0 -9.6
51.2 4.0 29.0 -9.6
51.6 5.0 32.0 -8.4
51.6 5.0 32.0 -8.4
52.3 5.0 38.0 -9.6
52.3 5.0 38.0 -9.6
52.3 5.0 38.0 -9.6
52.3 5.0 38.0 -9.6
52.3 5.0 38.0 -9.6
53.0 4.0 25.0 -9.6
53.0 4.0 25.0 -9.6
53.1 6.0 43.0 -8.4
53.1 6.0 43.0 -8.4
53.2 4.0 25.0 -8.4
53.2 4.0 25.0 -8.4
53.2 4.0 25.0 -8.4
53.8 7.0 51.0 -9.6
53.9 6.0 41.0 -9.6
53.9 6.0 41.0 -9.6
53.9 6.0 41.0 -9.6
53.9 7.0 46.0 -10.8
54.4 6.0 45.0 -9.6
54.4 6.0 45.0 -9.6
54.5 5.0 37.0 -9.6
54.5 5.0 37.0 -9.6
54.5 5.0 37.0 -9.6
54.5 5.0 37.0 -9.6
54.5 5.0 37.0 -9.6
54.5 5.0 37.0 -9.6
54.5 5.0 37.0 -9.6
54.9 5.0 27.0 -10.8
54.9 5.0 27.0 -10.8
54.9 5.0 27.0 -10.8
54.9 5.0 27.0 -10.8
54.9 5.0 27.0 -10.8
54.9 5.0 27.0 -10.8
54.9 5.0 27.0 -10.8
54.9 5.0 27.0 -10.8
54.9 5.0 27.0 -10.8
55.1 5.0 36.0 -9.6
55.1 6.0 38.0 -10.8
55.1 5.0 36.0 -9.6
55.2 6.0 45.0 -10.8
55.4 4.0 31.0 -9.6
55.4 4.0 31.0 -9.6
55.4 4.0 31.0 -9.6
55.4 4.0 31.0 -9.6
55.4 4.0 31.0 -9.6
55.6 6.0 30.0 -9.6
55.6 6.0 30.0 -9.6
55.8 5.0 29.0 -10.8
55.8 6.0 44.0 -10.8
55.8 5.0 29.0 -10.8
55.8 5.0 29.0 -10.8
55.8 5.0 29.0 -10.8
55.8 6.0 44.0 -10.8
55.8 5.0 29.0 -10.8
55.8 5.0 29.0 -10.8
55.8 5.0 29.0 -10.8
55.8 5.0 29.0 -10.8
55.8 6.0 44.0 -10.8
55.9 6.0 39.0 -12.0
55.9 7.0 51.0 -12.0
55.9 7.0 51.0 -12.0
56.1 3.0 22.0 -9.6
56.1 3.0 22.0 -9.6
56.1 3.0 22.0 -9.6
56.1 3.0 22.0 -9.6
56.1 3.0 22.0 -9.6
56.1 3.0 22.0 -9.6
56.1 3.0 22.0 -9.6
56.1 3.0 22.0 -9.6
56.1 3.0 22.0 -9.6
56.1 3.0 22.0 -9.6
56.1 3.0 22.0 -9.6
56.1 3.0 22.0 -9.6
56.1 3.0 22.0 -9.6
56.1 3.0 22.0 -9.6
56.1 3.0 22.0 -9.6
56.3 6.0 30.0 -9.6
56.3 4.0 23.0 -8.4
56.3 4.0 23.0 -8.4
56.3 4.0 23.0 -8.4
56.3 4.0 23.0 -8.4
56.3 4.0 23.0 -8.4
56.3 4.0 23.0 -8.4
56.3 4.0 23.0 -8.4
56.3 4.0 23.0 -8.4
56.3 4.0 23.0 -8.4
56.3 4.0 23.0 -8.4
56.3 4.0 23.0 -8.4
56.3 4.0 23.0 -8.4
56.3 4.0 23.0 -8.4
56.3 4.0 23.0 -8.4
56.3 4.0 23.0 -8.4
56.5 5.0 32.0 -10.8
56.5 4.0 23.0 -9.6
56.5 4.0 23.0 -9.6
56.5 5.0 32.0 -10.8
56.5 5.0 32.0 -10.8
56.5 5.0 32.0 -10.8
56.5 4.0 23.0 -9.6
56.5 4.0 23.0 -9.6
56.5 4.0 23.0 -9.6
56.5 4.0 23.0 -9.6
56.5 4.0 23.0 -9.6
56.5 4.0 23.0 -9.6
56.5 4.0 23.0 -9.6
56.5 4.0 23.0 -9.6
56.5 5.0 32.0 -10.8
56.6 6.0 42.0 -12.0
56.7 6.0 33.0 -9.6
56.9 5.0 29.0 -9.6
56.9 5.0 29.0 -9.6
56.9 5.0 29.0 -9.6
56.9 5.0 29.0 -9.6
56.9 5.0 29.0 -9.6
56.9 5.0 29.0 -9.6
57.0 4.0 26.0 -8.4
57.0 4.0 26.0 -8.4
57.0 4.0 26.0 -8.4
57.0 4.0 26.0 -8.4
57.0 4.0 26.0 -8.4
57.0 4.0 26.0 -8.4
57.0 4.0 26.0 -8.4
57.1 6.0 32.0 -9.6
57.2 4.0 26.0 -9.6
57.2 4.0 26.0 -9.6
57.2 5.0 38.0 -9.6
57.2 4.0 26.0 -9.6
57.2 4.0 26.0 -9.6
57.2 5.0 38.0 -9.6
57.2 4.0 26.0 -9.6
57.2 4.0 26.0 -9.6
57.2 4.0 26.0 -9.6
57.3 5.0 30.0 -9.6
57.4 5.0 34.0 -10.8
57.4 7.0 47.0 -12.0
57.4 5.0 34.0 -10.8
57.4 5.0 34.0 -10.8
57.4 7.0 47.0 -12.0
57.8 3.0 22.0 -9.6
57.8 3.0 22.0 -9.6
57.8 3.0 22.0 -9.6
57.8 3.0 22.0 -9.6
57.8 3.0 22.0 -9.6
57.8 3.0 22.0 -9.6
57.8 3.0 22.0 -9.6
57.8 3.0 22.0 -9.6
57.8 3.0 22.0 -9.6
57.8 3.0 22.0 -9.6
57.8 3.0 22.0 -9.6
57.8 3.0 22.0 -9.6
57.8 3.0 22.0 -9.6
57.8 3.0 22.0 -9.6
57.8 3.0 22.0 -9.6
57.8 3.0 22.0 -9.6
57.8 3.0 22.0 -9.6
57.8 3.0 22.0 -9.6
57.8 3.0 22.0 -9.6
57.8 3.0 22.0 -9.6
57.8 3.0 22.0 -9.6
57.8 3.0 22.0 -9.6
57.8 6.0 35.0 -9.6
57.8 3.0 22.0 -9.6
57.8 3.0 22.0 -9.6
57.8 3.0 22.0 -9.6
57.8 3.0 22.0 -9.6
57.8 3.0 22.0 -9.6
57.8 3.0 22.0 -9.6
57.8 3.0 22.0 -9.6
57.8 3.0 22.0 -9.6
57.8 3.0 22.0 -9.6
57.8 3.0 22.0 -9.6
57.8 3.0 22.0 -9.6
57.8 3.0 22.0 -9.6
57.8 3.0 22.0 -9.6
58.0 5.0 33.0 -9.6
58.0 5.0 33.0 -9.6
58.0 5.0 33.0 -9.6
58.0 5.0 33.0 -9.6
58.1 4.0 28.0 -9.6
58.1 4.0 25.0 -10.8
58.1 4.0 25.0 -10.8
58.1 4.0 25.0 -10.8
58.1 4.0 28.0 -9.6
58.1 4.0 25.0 -10.8
58.1 4.0 25.0 -10.8
58.1 4.0 28.0 -9.6
58.1 4.0 25.0 -10.8
58.1 4.0 25.0 -10.8
58.1 4.0 25.0 -10.8
58.1 4.0 25.0 -10.8
58.1 4.0 25.0 -10.8
58.1 4.0 25.0 -10.8
58.1 4.0 25.0 -10.8
58.1 4.0 25.0 -10.8
58.1 4.0 25.0 -10.8
58.1 4.0 28.0 -9.6
58.1 4.0 28.0 -9.6
58.1 4.0 28.0 -9.6
58.1 4.0 28.0 -9.6
58.4 5.0 31.0 -9.6
58.4 5.0 31.0 -9.6
58.4 5.0 31.0 -9.6
58.4 5.0 31.0 -9.6
58.4 5.0 31.0 -9.6
58.4 5.0 31.0 -9.6
58.4 5.0 31.0 -9.6
58.6 4.0 29.0 -9.6
58.6 4.0 29.0 -9.6
58.6 4.0 29.0 -9.6
58.6 4.0 29.0 -9.6
58.6 4.0 29.0 -9.6
58.6 4.0 29.0 -9.6
58.6 4.0 29.0 -9.6
58.6 4.0 29.0 -9.6
58.6 4.0 29.0 -9.6
58.6 4.0 29.0 -9.6
59.2 4.0 25.0 -8.4
59.7 5.0 38.0 -9.6
60.3 7.0 47.0 -9.6
60.5 6.0 30.0 -12.0
60.5 6.0 30.0 -12.0
60.5 6.0 30.0 -12.0
60.5 5.0 32.0 -10.8
60.5 6.0 45.0 -9.6
60.5 6.0 45.0 -9.6
60.5 5.0 32.0 -10.8
60.9 7.0 42.0 -12.0
61.1 5.0 29.0 -8.4
61.1 5.0 29.0 -8.4
61.1 5.0 29.0 -8.4
61.1 5.0 29.0 -8.4
61.2 6.0 33.0 -12.0
61.2 4.0 23.0 -10.8
61.2 6.0 33.0 -12.0
61.2 4.0 23.0 -10.8
61.2 4.0 23.0 -10.8
61.2 4.0 23.0 -10.8
61.2 4.0 23.0 -10.8
61.2 4.0 23.0 -10.8
61.2 4.0 23.0 -10.8
61.2 4.0 23.0 -10.8
61.2 6.0 33.0 -12.0
61.2 4.0 23.0 -10.8
61.2 4.0 23.0 -10.8
61.2 4.0 23.0 -10.8
61.2 6.0 33.0 -12.0
61.2 6.0 37.0 -9.6
61.2 4.0 23.0 -10.8
61.2 4.0 23.0 -10.8
61.2 4.0 23.0 -10.8
61.2 4.0 23.0 -10.8
61.4 4.0 23.0 -12.0
61.4 4.0 23.0 -12.0
61.4 4.0 23.0 -12.0
61.4 4.0 23.0 -12.0
61.4 4.0 23.0 -12.0
61.4 4.0 23.0 -12.0
61.4 4.0 23.0 -12.0
61.4 4.0 23.0 -12.0
61.4 5.0 35.0 -12.0
61.4 4.0 23.0 -12.0
61.4 5.0 35.0 -12.0
61.4 4.0 23.0 -12.0
61.4 4.0 23.0 -12.0
61.4 4.0 23.0 -12.0
61.4 4.0 23.0 -12.0
61.4 7.0 34.0 -10.8
61.4 4.0 23.0 -12.0
61.4 7.0 34.0 -10.8
61.6 6.0 33.0 -12.0
61.6 6.0 33.0 -12.0
61.6 6.0 33.0 -12.0
61.6 6.0 33.0 -12.0
61.6 6.0 33.0 -12.0
61.7 8.0 52.0 -10.8
61.9 4.0 26.0 -10.8
61.9 4.0 26.0 -10.8
61.9 4.0 26.0 -10.8
61.9 4.0 26.0 -10.8
61.9 4.0 26.0 -10.8
61.9 4.0 26.0 -10.8
61.9 6.0 40.0 -9.6
61.9 4.0 26.0 -10.8
61.9 4.0 26.0 -10.8
61.9 4.0 26.0 -10.8
61.9 6.0 40.0 -9.6
62.1 5.0 38.0 -12.0
62.1 4.0 26.0 -12.0
62.1 4.0 26.0 -12.0
62.1 4.0 26.0 -12.0
62.1 5.0 27.0 -9.6
62.1 6.0 33.0 -8.4
62.1 4.0 26.0 -12.0
62.1 5.0 38.0 -12.0
62.1 4.0 26.0 -12.0
62.1 4.0 26.0 -12.0
62.1 4.0 26.0 -12.0
62.1 4.0 26.0 -12.0
62.1 4.0 26.0 -12.0
62.1 5.0 38.0 -12.0
62.1 5.0 38.0 -12.0
62.1 5.0 27.0 -9.6
62.1 4.0 26.0 -12.0
62.1 5.0 27.0 -9.6
62.1 5.0 38.0 -12.0
62.1 5.0 27.0 -9.6
62.1 6.0 33.0 -8.4
62.1 4.0 26.0 -12.0
62.2 5.0 30.0 -12.0
62.2 5.0 30.0 -12.0
62.2 5.0 30.0 -12.0
62.3 5.0 27.0 -10.8
62.3 5.0 27.0 -10.8
62.3 5.0 27.0 -10.8
62.3 5.0 27.0 -10.8
62.3 5.0 27.0 -10.8
62.5 5.0 36.0 -9.6
62.5 5.0 36.0 -9.6
62.5 5.0 36.0 -9.6
62.5 5.0 36.0 -9.6
62.7 6.0 44.0 -9.6
62.9 5.0 33.0 -12.0
62.9 5.0 33.0 -12.0
62.9 5.0 33.0 -12.0
62.9 5.0 33.0 -12.0
62.9 7.0 36.0 -10.8
62.9 7.0 36.0 -10.8
62.9 5.0 33.0 -12.0
62.9 5.0 33.0 -12.0
63.2 5.0 29.0 -10.8
63.2 5.0 29.0 -10.8
63.2 5.0 29.0 -10.8
63.2 6.0 44.0 -10.8
63.2 5.0 29.0 -10.8
63.2 5.0 29.0 -10.8
63.2 5.0 29.0 -10.8
63.2 5.0 29.0 -10.8
63.2 8.0 54.0 -10.8
63.2 5.0 29.0 -10.8
63.2 5.0 29.0 -10.8
63.2 5.0 29.0 -10.8
63.2 6.0 44.0 -10.8
63.3 6.0 39.0 -12.0
63.3 6.0 39.0 -12.0
63.5 3.0 22.0 -9.6
63.5 3.0 22.0 -9.6
63.5 3.0 22.0 -9.6
63.5 3.0 22.0 -9.6
63.5 3.0 22.0 -9.6
63.5 3.0 22.0 -9.6
63.5 3.0 22.0 -9.6
63.5 3.0 22.0 -9.6
63.5 3.0 22.0 -9.6
63.5 3.0 22.0 -9.6
63.5 3.0 22.0 -9.6
63.5 3.0 22.0 -9.6
63.5 3.0 22.0 -9.6
63.5 3.0 22.0 -9.6
63.5 3.0 22.0 -9.6
63.5 3.0 22.0 -9.6
63.5 5.0 29.0 -10.8
63.5 3.0 22.0 -9.6
63.5 3.0 22.0 -9.6
63.5 3.0 22.0 -9.6
63.5 3.0 22.0 -9.6
63.5 3.0 22.0 -9.6
63.5 3.0 22.0 -9.6
63.5 3.0 22.0 -9.6
63.5 3.0 22.0 -9.6
63.5 3.0 22.0 -9.6
63.5 3.0 22.0 -9.6
63.5 3.0 22.0 -9.6
63.5 3.0 22.0 -9.6
63.5 3.0 22.0 -9.6
63.5 3.0 22.0 -9.6
63.5 3.0 22.0 -9.6
63.5 3.0 22.0 -9.6
63.5 3.0 22.0 -9.6
63.7 6.0 40.0 -10.8
63.9 5.0 32.0 -10.8
64.1 4.0 25.0 -10.8
64.2 5.0 26.0 -10.8
64.2 5.0 26.0 -10.8
64.6 6.0 35.0 -9.6
64.6 6.0 35.0 -9.6
64.7 5.0 29.0 -12.0
64.8 7.0 47.0 -10.8
64.9 6.0 44.0 -12.0
64.9 5.0 29.0 -10.8
65.1 7.0 45.0 -10.8
65.1 7.0 45.0 -10.8
65.1 6.0 36.0 -9.6
65.3 4.0 28.0 -8.4
65.3 6.0 38.0 -10.8
65.3 4.0 28.0 -8.4
65.3 4.0 28.0 -8.4
65.3 4.0 28.0 -8.4
65.3 4.0 28.0 -8.4
65.3 4.0 28.0 -8.4
65.3 4.0 28.0 -8.4
65.5 4.0 25.0 -10.8
65.5 4.0 25.0 -10.8
65.5 4.0 25.0 -10.8
65.5 4.0 28.0 -9.6
65.5 4.0 25.0 -10.8
65.5 4.0 25.0 -10.8
65.5 4.0 25.0 -10.8
65.5 4.0 28.0 -9.6
65.5 4.0 28.0 -9.6
65.5 4.0 28.0 -9.6
65.8 7.0 48.0 -10.8
65.8 6.0 38.0 -9.6
65.8 5.0 31.0 -9.6
65.8 5.0 31.0 -9.6
66.0 5.0 29.0 -10.8
66.0 5.0 29.0 -10.8
66.0 5.0 29.0 -10.8
66.0 5.0 29.0 -10.8
66.0 5.0 29.0 -10.8
66.0 5.0 29.0 -10.8
66.0 5.0 29.0 -10.8
66.0 5.0 29.0 -10.8
66.1 6.0 37.0 -12.0
66.2 7.0 46.0 -13.2
66.3 7.0 34.0 -13.2
66.3 6.0 36.0 -12.0
66.5 6.0 36.0 -13.2
66.5 7.0 46.0 -10.8
66.6 6.0 38.0 -9.6
66.6 6.0 38.0 -9.6
66.6 6.0 38.0 -9.6
66.6 6.0 38.0 -9.6
66.8 7.0 45.0 -13.2
66.9 7.0 49.0 -13.2
67.0 5.0 27.0 -12.0
67.0 5.0 27.0 -12.0
67.0 5.0 27.0 -12.0
67.0 5.0 27.0 -12.0
67.0 5.0 27.0 -12.0
67.2 5.0 27.0 -13.2
67.2 5.0 27.0 -13.2
67.2 5.0 27.0 -13.2
67.2 5.0 27.0 -13.2
67.2 5.0 27.0 -13.2
67.6 5.0 37.0 -9.6
67.8 4.0 25.0 -9.6
67.9 6.0 30.0 -12.0
67.9 6.0 30.0 -12.0
67.9 6.0 30.0 -12.0
67.9 6.0 30.0 -12.0
68.0 6.0 34.0 -13.2
68.0 6.0 34.0 -13.2
68.0 6.0 34.0 -13.2
68.1 5.0 31.0 -9.6
68.2 6.0 39.0 -12.0
68.2 6.0 39.0 -12.0
68.2 6.0 39.0 -12.0
68.3 6.0 45.0 -10.8
68.4 6.0 35.0 -13.2
68.5 6.0 38.0 -12.0
68.6 4.0 23.0 -10.8
68.6 4.0 23.0 -10.8
68.6 4.0 23.0 -10.8
68.6 4.0 23.0 -10.8
68.6 6.0 33.0 -12.0
68.6 4.0 23.0 -10.8
68.6 4.0 23.0 -10.8
68.6 4.0 23.0 -10.8
68.6 4.0 23.0 -10.8
68.6 4.0 23.0 -10.8
68.6 4.0 23.0 -10.8
68.6 4.0 23.0 -10.8
68.6 4.0 23.0 -10.8
68.6 4.0 23.0 -10.8
68.6 4.0 23.0 -10.8
68.6 4.0 23.0 -10.8
68.6 4.0 23.0 -10.8
68.6 4.0 23.0 -10.8
68.8 4.0 23.0 -12.0
68.8 4.0 23.0 -12.0
68.8 4.0 23.0 -12.0
68.8 4.0 23.0 -12.0
68.8 4.0 23.0 -12.0
68.9 6.0 42.0 -12.0
68.9 6.0 42.0 -12.0
69.0 6.0 33.0 -12.0
69.0 6.0 33.0 -12.0
69.1 5.0 26.0 -13.2
69.1 5.0 26.0 -13.2
69.1 5.0 26.0 -13.2
69.1 5.0 26.0 -13.2
69.1 5.0 26.0 -13.2
69.1 6.0 38.0 -13.2
69.1 5.0 26.0 -13.2
69.1 5.0 26.0 -13.2
69.1 5.0 26.0 -13.2
69.1 5.0 26.0 -13.2
69.1 5.0 26.0 -13.2
69.1 5.0 26.0 -13.2
69.1 5.0 26.0 -13.2
69.2 5.0 29.0 -12.0
69.3 4.0 26.0 -10.8
69.3 4.0 26.0 -10.8
69.3 4.0 26.0 -10.8
69.3 4.0 26.0 -10.8
69.3 4.0 26.0 -10.8
69.3 4.0 26.0 -10.8
69.3 4.0 26.0 -10.8
69.3 4.0 26.0 -10.8
69.3 4.0 26.0 -10.8
69.3 4.0 26.0 -10.8
69.3 4.0 26.0 -10.8
69.3 4.0 26.0 -10.8
69.4 6.0 32.0 -12.0
69.4 6.0 32.0 -12.0
69.4 6.0 32.0 -12.0
69.5 4.0 26.0 -12.0
69.5 4.0 26.0 -12.0
69.5 4.0 26.0 -12.0
69.5 4.0 26.0 -12.0
69.5 4.0 26.0 -12.0
69.5 4.0 26.0 -12.0
69.5 4.0 26.0 -12.0
69.5 5.0 38.0 -12.0
69.5 4.0 26.0 -12.0
69.5 6.0 35.0 -12.0
69.5 4.0 26.0 -12.0
69.5 4.0 26.0 -12.0
69.5 5.0 38.0 -12.0
69.5 5.0 38.0 -12.0
69.5 4.0 26.0 -12.0
69.5 4.0 26.0 -12.0
69.5 4.0 26.0 -12.0
69.5 6.0 35.0 -12.0
69.5 4.0 26.0 -12.0
69.6 5.0 30.0 -12.0
69.6 5.0 30.0 -12.0
69.6 5.0 30.0 -12.0
69.6 6.0 40.0 -10.8
69.6 6.0 47.0 -12.0
69.6 5.0 30.0 -12.0
69.8 5.0 29.0 -13.2
69.8 5.0 29.0 -13.2
69.8 5.0 29.0 -13.2
69.8 5.0 29.0 -13.2
69.8 5.0 29.0 -13.2
69.8 5.0 29.0 -13.2
69.8 5.0 29.0 -13.2
69.8 5.0 29.0 -13.2
69.9 5.0 36.0 -9.6
70.0 6.0 30.0 -12.0
70.0 6.0 36.0 -12.0
70.0 5.0 29.0 -9.6
70.0 6.0 36.0 -12.0
70.0 6.0 36.0 -12.0
70.0 6.0 40.0 -12.0
70.0 5.0 29.0 -9.6
70.0 6.0 36.0 -12.0
70.0 6.0 40.0 -12.0
70.1 6.0 35.0 -12.0
70.2 6.0 35.0 -12.0
70.2 4.0 28.0 -10.8
70.2 4.0 28.0 -10.8
70.2 4.0 28.0 -10.8
70.2 4.0 28.0 -10.8
70.2 4.0 28.0 -10.8
70.2 4.0 28.0 -10.8
70.3 5.0 33.0 -12.0
70.3 7.0 48.0 -12.0
70.3 7.0 46.0 -12.0
70.4 4.0 28.0 -12.0
70.4 4.0 28.0 -12.0
70.4 4.0 28.0 -12.0
70.4 5.0 29.0 -9.6
70.4 4.0 28.0 -12.0
70.4 5.0 29.0 -9.6
70.4 5.0 29.0 -9.6
70.5 6.0 44.0 -12.0
70.5 6.0 39.0 -10.8
70.5 6.0 39.0 -10.8
70.5 6.0 39.0 -10.8
70.5 6.0 39.0 -10.8
70.6 5.0 29.0 -10.8
70.6 5.0 29.0 -10.8
70.6 5.0 29.0 -10.8
70.6 5.0 29.0 -10.8
70.6 5.0 29.0 -10.8
70.6 5.0 29.0 -10.8
70.7 5.0 31.0 -12.0
70.7 5.0 31.0 -12.0
70.9 3.0 22.0 -9.6
70.9 3.0 22.0 -9.6
70.9 3.0 22.0 -9.6
70.9 3.0 22.0 -9.6
70.9 3.0 22.0 -9.6
70.9 3.0 22.0 -9.6
70.9 3.0 22.0 -9.6
70.9 3.0 22.0 -9.6
70.9 3.0 22.0 -9.6
70.9 3.0 22.0 -9.6
70.9 3.0 22.0 -9.6
70.9 3.0 22.0 -9.6
70.9 3.0 22.0 -9.6
70.9 3.0 22.0 -9.6
70.9 3.0 22.0 -9.6
70.9 3.0 22.0 -9.6
70.9 3.0 22.0 -9.6
70.9 3.0 22.0 -9.6
70.9 3.0 22.0 -9.6
70.9 7.0 50.0 -10.8
71.0 6.0 37.0 -12.0
71.0 6.0 37.0 -12.0
71.1 5.0 32.0 -9.6
71.1 5.0 32.0 -9.6
71.1 5.0 32.0 -9.6
71.2 5.0 35.0 -12.0
71.3 7.0 42.0 -13.2
71.3 5.0 32.0 -10.8
71.3 7.0 42.0 -13.2
71.3 5.0 32.0 -10.8
71.3 8.0 48.0 -12.0
71.3 5.0 32.0 -10.8
71.4 7.0 54.0 -12.0
71.5 8.0 53.0 -13.2
71.5 6.0 38.0 -12.0
71.5 6.0 38.0 -12.0
71.5 7.0 46.0 -12.0
71.5 4.0 25.0 -10.8
71.7 4.0 29.0 -9.6
71.7 4.0 29.0 -9.6
71.7 4.0 29.0 -9.6
71.7 4.0 29.0 -9.6
71.7 4.0 29.0 -9.6
71.9 7.0 41.0 -13.2
72.0 6.0 32.0 -10.8
72.1 6.0 30.0 -10.8
72.1 6.0 30.0 -10.8
72.3 6.0 41.0 -13.2
72.6 7.0 47.0 -12.0
72.7 8.0 48.0 -12.0
72.8 6.0 33.0 -10.8
72.9 4.0 25.0 -10.8
72.9 4.0 25.0 -10.8
72.9 4.0 25.0 -10.8
72.9 4.0 25.0 -10.8
72.9 4.0 25.0 -10.8
72.9 4.0 25.0 -10.8
72.9 4.0 25.0 -10.8
72.9 6.0 38.0 -12.0
72.9 4.0 25.0 -10.8
72.9 4.0 25.0 -10.8
72.9 6.0 38.0 -12.0
72.9 4.0 25.0 -10.8
72.9 4.0 25.0 -10.8
72.9 6.0 38.0 -12.0
73.1 6.0 39.0 -14.4
73.1 6.0 39.0 -14.4
73.2 5.0 31.0 -10.8
73.2 5.0 31.0 -10.8
73.2 5.0 31.0 -10.8
73.2 8.0 52.0 -12.0
73.4 6.0 41.0 -10.8
73.4 5.0 29.0 -10.8
73.4 5.0 29.0 -10.8
73.4 5.0 29.0 -10.8
73.4 5.0 29.0 -10.8
73.4 6.0 41.0 -10.8
73.4 5.0 29.0 -10.8
73.4 5.0 29.0 -10.8
73.5 6.0 34.0 -10.8
73.5 6.0 37.0 -12.0
73.7 5.0 32.0 -10.8
73.7 7.0 34.0 -13.2
73.7 7.0 34.0 -13.2
73.7 5.0 32.0 -10.8
73.7 7.0 45.0 -12.0
73.7 7.0 45.0 -12.0
73.8 6.0 42.0 -14.4
73.9 8.0 45.0 -13.2
74.1 9.0 57.0 -14.4
74.1 6.0 45.0 -12.0
74.2 7.0 39.0 -14.4
74.2 7.0 39.0 -14.4
74.2 5.0 37.0 -12.0
74.4 5.0 27.0 -12.0
74.4 5.0 27.0 -12.0
74.4 5.0 27.0 -12.0
74.4 5.0 27.0 -12.0
74.4 5.0 27.0 -12.0
74.4 5.0 27.0 -12.0
74.4 5.0 27.0 -12.0
74.4 5.0 27.0 -12.0
74.4 5.0 27.0 -12.0
74.4 5.0 27.0 -12.0
74.4 5.0 27.0 -12.0
74.4 5.0 27.0 -12.0
74.4 8.0 53.0 -13.2
74.4 5.0 27.0 -12.0
74.4 5.0 27.0 -12.0
74.4 5.0 27.0 -12.0
74.4 5.0 27.0 -12.0
74.4 8.0 53.0 -13.2
74.6 7.0 36.0 -13.2
74.6 5.0 27.0 -13.2
74.6 6.0 38.0 -12.0
74.6 8.0 51.0 -13.2
74.6 5.0 27.0 -13.2
74.6 5.0 27.0 -13.2
74.6 5.0 27.0 -13.2
74.6 5.0 27.0 -13.2
74.6 5.0 27.0 -13.2
74.6 5.0 27.0 -13.2
74.8 6.0 38.0 -13.2
74.8 5.0 36.0 -12.0
74.8 5.0 29.0 -10.8
74.8 5.0 29.0 -10.8
74.8 5.0 29.0 -10.8
74.8 5.0 29.0 -10.8
74.8 5.0 29.0 -10.8
74.9 6.0 30.0 -14.4
74.9 5.0 29.0 -12.0
74.9 6.0 30.0 -14.4
74.9 6.0 30.0 -14.4
74.9 6.0 30.0 -14.4
74.9 6.0 30.0 -14.4
74.9 6.0 30.0 -14.4
74.9 6.0 30.0 -14.4
74.9 6.0 30.0 -14.4
74.9 5.0 29.0 -12.0
74.9 6.0 45.0 -13.2
75.1 5.0 26.0 -13.2
75.1 6.0 42.0 -12.0
75.1 4.0 31.0 -12.0
75.1 4.0 31.0 -12.0
75.1 4.0 31.0 -12.0
75.1 4.0 31.0 -12.0
75.1 6.0 30.0 -10.8
75.1 6.0 30.0 -10.8
75.1 4.0 31.0 -12.0
75.1 6.0 30.0 -10.8
75.1 6.0 30.0 -10.8
75.2 7.0 36.0 -13.2
75.2 7.0 36.0 -13.2
75.3 5.0 29.0 -12.0
75.3 5.0 29.0 -12.0
75.3 6.0 41.0 -12.0
75.3 5.0 29.0 -12.0
75.3 5.0 29.0 -12.0
75.3 5.0 29.0 -12.0
75.3 5.0 29.0 -12.0
75.3 5.0 29.0 -12.0
75.3 5.0 29.0 -12.0
75.3 5.0 29.0 -12.0
75.3 5.0 29.0 -12.0
75.3 5.0 29.0 -12.0
75.3 7.0 45.0 -10.8
75.3 5.0 29.0 -12.0
75.3 5.0 29.0 -12.0
75.4 6.0 39.0 -13.2
75.4 7.0 45.0 -12.0
75.4 6.0 39.0 -13.2
75.4 6.0 39.0 -13.2
75.4 6.0 34.0 -13.2
75.5 5.0 29.0 -13.2
75.5 6.0 44.0 -13.2
75.5 6.0 41.0 -13.2
75.5 5.0 29.0 -13.2
75.5 6.0 44.0 -13.2
75.5 6.0 44.0 -13.2
75.5 5.0 29.0 -13.2
75.6 6.0 39.0 -14.4
75.6 6.0 39.0 -14.4
75.7 6.0 40.0 -12.0
75.8 3.0 22.0 -12.0
75.8 3.0 22.0 -12.0
75.8 3.0 22.0 -12.0
75.8 3.0 22.0 -12.0
75.8 3.0 22.0 -12.0
75.8 3.0 22.0 -12.0
75.8 3.0 22.0 -12.0
75.8 3.0 22.0 -12.0
75.8 3.0 22.0 -12.0
75.8 3.0 22.0 -12.0
75.8 3.0 22.0 -12.0
75.8 6.0 33.0 -10.8
75.8 3.0 22.0 -12.0
75.8 3.0 22.0 -12.0
75.9 5.0 38.0 -12.0
75.9 5.0 38.0 -12.0
76.0 4.0 23.0 -10.8
76.0 5.0 32.0 -12.0
76.0 5.0 32.0 -12.0
76.0 4.0 23.0 -10.8
76.0 4.0 23.0 -10.8
76.0 4.0 23.0 -10.8
76.0 4.0 23.0 -10.8
76.0 5.0 32.0 -12.0
76.0 4.0 23.0 -10.8
76.0 6.0 33.0 -12.0
76.0 6.0 33.0 -12.0
76.0 8.0 51.0 -12.0
76.0 5.0 32.0 -12.0
76.0 4.0 23.0 -10.8
76.0 6.0 33.0 -12.0
76.0 4.0 23.0 -10.8
76.0 4.0 23.0 -10.8
76.1 6.0 42.0 -13.2
76.2 5.0 32.0 -13.2
76.2 5.0 32.0 -13.2
76.2 5.0 32.0 -13.2
76.2 5.0 32.0 -13.2
76.2 6.0 33.0 -10.8
76.2 6.0 33.0 -10.8
76.2 5.0 32.0 -13.2
76.2 6.0 33.0 -10.8
76.2 6.0 33.0 -10.8
76.3 6.0 42.0 -14.4
76.3 6.0 44.0 -10.8
76.3 7.0 54.0 -14.4
76.3 7.0 48.0 -13.2
76.3 7.0 39.0 -13.2
76.3 6.0 44.0 -10.8
76.5 5.0 26.0 -13.2
76.5 5.0 26.0 -13.2
76.5 5.0 26.0 -13.2
76.6 4.0 29.0 -12.0
76.6 5.0 29.0 -12.0
76.6 6.0 32.0 -10.8
76.6 5.0 29.0 -12.0
76.6 5.0 29.0 -12.0
76.6 4.0 29.0 -12.0
76.6 6.0 32.0 -10.8
76.6 5.0 29.0 -12.0
76.6 5.0 29.0 -12.0
76.7 4.0 26.0 -10.8
76.7 4.0 26.0 -10.8
76.8 5.0 30.0 -10.8
76.8 5.0 30.0 -10.8
76.8 7.0 39.0 -12.0
76.8 7.0 39.0 -12.0
76.9 6.0 32.0 -13.2
76.9 6.0 32.0 -13.2
76.9 6.0 32.0 -13.2
77.0 6.0 39.0 -13.2
77.0 6.0 30.0 -13.2
77.1 5.0 34.0 -13.2
77.1 5.0 34.0 -13.2
77.1 7.0 47.0 -13.2
77.1 8.0 52.0 -14.4
77.1 7.0 47.0 -13.2
77.2 5.0 29.0 -13.2
77.2 5.0 29.0 -13.2
77.2 5.0 29.0 -13.2
77.2 5.0 29.0 -13.2
77.2 6.0 44.0 -12.0
77.3 8.0 43.0 -13.2
77.4 7.0 45.0 -13.2
77.6 4.0 28.0 -10.8
77.6 7.0 39.0 -12.0
77.6 4.0 28.0 -10.8
77.6 4.0 28.0 -10.8
77.6 4.0 28.0 -10.8
77.6 4.0 28.0 -10.8
77.7 5.0 34.0 -12.0
77.7 5.0 38.0 -12.0
77.7 6.0 33.0 -13.2
77.8 4.0 25.0 -13.2
77.8 4.0 28.0 -12.0
77.8 4.0 28.0 -12.0
77.8 4.0 28.0 -12.0
77.8 4.0 25.0 -13.2
77.8 4.0 25.0 -13.2
77.8 4.0 28.0 -12.0
77.8 4.0 25.0 -13.2
77.8 4.0 25.0 -13.2
77.8 4.0 25.0 -13.2
77.8 4.0 25.0 -13.2
77.8 4.0 25.0 -13.2
77.8 4.0 25.0 -13.2
77.8 4.0 25.0 -13.2
77.8 4.0 25.0 -13.2
77.8 4.0 25.0 -13.2
77.8 4.0 25.0 -13.2
77.8 4.0 25.0 -13.2
77.8 4.0 28.0 -12.0
77.8 4.0 25.0 -13.2
77.8 8.0 55.0 -15.6
77.8 4.0 28.0 -12.0
78.0 7.0 34.0 -13.2
78.0 8.0 52.0 -10.8
78.0 7.0 34.0 -13.2
78.1 5.0 31.0 -13.2
78.1 5.0 31.0 -12.0
78.1 5.0 31.0 -12.0
78.1 6.0 38.0 -12.0
78.2 8.0 52.0 -15.6
78.3 6.0 32.0 -12.0
78.3 6.0 32.0 -12.0
78.4 6.0 34.0 -13.2
78.4 6.0 34.0 -13.2
78.5 8.0 48.0 -10.8
78.5 8.0 58.0 -15.6
78.5 7.0 42.0 -12.0
78.5 8.0 58.0 -15.6
78.5 6.0 43.0 -10.8
78.5 7.0 42.0 -12.0
78.5 7.0 45.0 -12.0
78.6 5.0 35.0 -12.0
78.6 4.0 25.0 -10.8
78.6 4.0 25.0 -10.8
78.6 4.0 25.0 -10.8
78.6 4.0 25.0 -10.8
78.6 5.0 32.0 -13.2
78.6 5.0 35.0 -12.0
78.6 5.0 32.0 -13.2
78.6 5.0 32.0 -13.2
78.6 5.0 32.0 -13.2
78.6 5.0 32.0 -13.2
78.6 4.0 25.0 -10.8
78.6 4.0 25.0 -10.8
78.6 5.0 32.0 -13.2
78.6 5.0 35.0 -12.0
78.6 5.0 35.0 -12.0
78.7 7.0 42.0 -13.2
78.9 9.0 58.0 -13.2
78.9 9.0 58.0 -13.2
79.0 6.0 35.0 -12.0
79.0 6.0 35.0 -12.0
79.2 8.0 50.0 -13.2
79.4 8.0 50.0 -14.4
79.7 5.0 29.0 -13.2
79.7 5.0 29.0 -13.2
79.7 5.0 29.0 -13.2
79.7 5.0 29.0 -13.2
79.7 5.0 29.0 -13.2
79.7 5.0 29.0 -13.2
79.7 5.0 29.0 -13.2
79.7 6.0 41.0 -13.2
79.8 6.0 45.0 -12.0
79.9 5.0 37.0 -12.0
79.9 5.0 37.0 -12.0
79.9 5.0 37.0 -12.0
79.9 7.0 36.0 -10.8
79.9 7.0 36.0 -10.8
80.0 6.0 30.0 -13.2
80.0 6.0 30.0 -13.2
80.0 6.0 30.0 -13.2
80.0 6.0 30.0 -13.2
80.0 6.0 30.0 -13.2
80.2 7.0 42.0 -14.4
80.2 5.0 32.0 -13.2
80.2 5.0 32.0 -13.2
80.2 6.0 30.0 -14.4
80.2 5.0 32.0 -13.2
80.4 7.0 42.0 -13.2
80.5 6.0 39.0 -14.4
80.5 5.0 36.0 -12.0
80.5 6.0 39.0 -14.4
80.5 6.0 39.0 -14.4
80.5 5.0 36.0 -12.0
80.6 7.0 42.0 -14.4
80.6 6.0 45.0 -13.2
80.7 6.0 33.0 -13.2
80.7 7.0 44.0 -12.0
80.7 6.0 37.0 -10.8
80.9 4.0 23.0 -13.2
80.9 4.0 23.0 -13.2
80.9 4.0 23.0 -13.2
80.9 4.0 23.0 -13.2
80.9 4.0 23.0 -13.2
80.9 4.0 23.0 -13.2
80.9 4.0 23.0 -13.2
80.9 4.0 23.0 -13.2
80.9 7.0 34.0 -12.0
80.9 4.0 23.0 -13.2
80.9 4.0 23.0 -13.2
80.9 4.0 23.0 -13.2
80.9 6.0 37.0 -12.0
80.9 4.0 23.0 -13.2
80.9 4.0 23.0 -13.2
81.0 6.0 39.0 -13.2
81.1 7.0 34.0 -13.2
81.1 6.0 35.0 -10.8
81.1 6.0 33.0 -13.2
81.2 6.0 42.0 -14.4
81.3 6.0 33.0 -14.4
81.3 7.0 44.0 -13.2
81.3 6.0 33.0 -14.4
81.3 7.0 43.0 -12.0
81.4 7.0 38.0 -10.8
81.5 6.0 32.0 -13.2
81.5 6.0 32.0 -13.2
81.5 7.0 44.0 -13.2
81.6 4.0 26.0 -13.2
81.6 4.0 26.0 -13.2
81.6 6.0 36.0 -10.8
81.6 6.0 40.0 -12.0
81.6 7.0 45.0 -13.2
81.7 5.0 30.0 -13.2
81.7 7.0 40.0 -14.4
81.7 5.0 30.0 -13.2
81.7 5.0 30.0 -13.2
81.7 5.0 30.0 -13.2
81.7 5.0 30.0 -13.2
81.8 5.0 27.0 -12.0
81.8 5.0 27.0 -12.0
81.8 5.0 27.0 -12.0
81.8 5.0 27.0 -12.0
81.8 5.0 27.0 -12.0
81.8 6.0 33.0 -10.8
81.9 6.0 40.0 -13.2
82.1 7.0 40.0 -14.4
82.2 5.0 36.0 -12.0
82.2 9.0 61.0 -13.2
82.2 9.0 61.0 -13.2
82.2 5.0 36.0 -12.0
82.3 6.0 30.0 -14.4
82.3 5.0 29.0 -12.0
82.3 5.0 29.0 -12.0
82.3 6.0 30.0 -14.4
82.3 8.0 60.0 -13.2
82.3 6.0 30.0 -14.4
82.3 6.0 30.0 -14.4
82.3 6.0 30.0 -14.4
82.4 5.0 33.0 -13.2
82.4 7.0 47.0 -14.4
82.4 5.0 33.0 -13.2
82.4 5.0 33.0 -13.2
82.4 7.0 51.0 -12.0
82.5 7.0 41.0 -14.4
82.5 6.0 39.0 -13.2
82.5 6.0 39.0 -13.2
82.6 5.0 38.0 -12.0
82.6 7.0 36.0 -13.2
82.6 6.0 34.0 -12.0
82.7 5.0 29.0 -12.0
82.7 5.0 29.0 -12.0
82.7 5.0 29.0 -12.0
82.7 5.0 29.0 -12.0
82.7 5.0 29.0 -12.0
82.8 6.0 39.0 -13.2
82.8 5.0 34.0 -13.2
82.8 5.0 34.0 -13.2
82.8 7.0 34.0 -14.4
82.9 5.0 29.0 -13.2
82.9 6.0 44.0 -13.2
82.9 6.0 44.0 -13.2
82.9 5.0 29.0 -13.2
82.9 5.0 29.0 -13.2
82.9 6.0 44.0 -13.2
82.9 5.0 29.0 -13.2
82.9 5.0 29.0 -13.2
82.9 5.0 29.0 -13.2
82.9 9.0 56.0 -15.6
83.0 6.0 43.0 -12.0
83.2 3.0 22.0 -12.0
83.2 3.0 22.0 -12.0
83.2 3.0 22.0 -12.0
83.2 6.0 32.0 -14.4
83.2 3.0 22.0 -12.0
83.2 6.0 32.0 -14.4
83.2 3.0 22.0 -12.0
83.2 3.0 22.0 -12.0
83.2 6.0 32.0 -14.4
83.2 3.0 22.0 -12.0
83.2 3.0 22.0 -12.0
83.2 3.0 22.0 -12.0
83.2 3.0 22.0 -12.0
83.2 3.0 22.0 -12.0
83.2 3.0 22.0 -12.0
83.2 3.0 22.0 -12.0
83.2 3.0 22.0 -12.0
83.2 3.0 22.0 -12.0
83.2 6.0 32.0 -14.4
83.2 5.0 29.0 -13.2
83.2 3.0 22.0 -12.0
83.2 3.0 22.0 -12.0
83.2 6.0 32.0 -14.4
83.2 3.0 22.0 -12.0
83.3 5.0 29.0 -9.6
83.3 5.0 29.0 -9.6
83.4 5.0 32.0 -12.0
83.4 8.0 43.0 -13.2
83.4 5.0 32.0 -12.0
83.4 5.0 32.0 -12.0
83.5 6.0 42.0 -13.2
83.5 4.0 25.0 -13.2
83.5 4.0 25.0 -13.2
83.5 4.0 25.0 -13.2
83.5 4.0 25.0 -13.2
83.5 4.0 25.0 -13.2
83.5 4.0 25.0 -13.2
83.5 4.0 25.0 -13.2
83.5 4.0 25.0 -13.2
83.5 7.0 38.0 -13.2
83.5 4.0 25.0 -13.2
83.5 4.0 25.0 -13.2
83.5 4.0 25.0 -13.2
83.5 4.0 25.0 -13.2
83.6 5.0 32.0 -13.2
83.6 5.0 32.0 -13.2
83.6 5.0 32.0 -13.2
83.6 5.0 32.0 -13.2
83.6 7.0 44.0 -12.0
83.7 6.0 36.0 -13.2
83.7 7.0 53.0 -13.2
83.7 6.0 36.0 -13.2
83.8 5.0 31.0 -12.0
83.8 5.0 31.0 -12.0
83.8 5.0 31.0 -12.0
83.8 5.0 31.0 -12.0
83.8 5.0 31.0 -12.0
83.8 5.0 31.0 -12.0
83.9 5.0 26.0 -13.2
83.9 6.0 35.0 -14.4
83.9 5.0 26.0 -13.2
83.9 6.0 35.0 -14.4
83.9 5.0 26.0 -13.2
83.9 5.0 26.0 -13.2
83.9 5.0 26.0 -13.2
83.9 5.0 26.0 -13.2
84.0 8.0 49.0 -13.2
84.0 4.0 29.0 -12.0
84.0 4.0 29.0 -12.0
84.0 4.0 29.0 -12.0
84.2 7.0 41.0 -13.2
84.2 8.0 52.0 -14.4
84.3 6.0 35.0 -12.0
84.3 6.0 32.0 -13.2
84.3 6.0 32.0 -12.0
84.3 7.0 47.0 -12.0
84.3 6.0 35.0 -12.0
84.4 5.0 29.0 -12.0
84.4 5.0 29.0 -12.0
84.4 9.0 53.0 -13.2
84.4 5.0 29.0 -12.0
84.4 5.0 29.0 -12.0
84.4 6.0 30.0 -13.2
84.4 6.0 30.0 -13.2
84.6 6.0 41.0 -13.2
84.7 6.0 33.0 -13.2
84.9 7.0 47.0 -14.4
85.0 6.0 38.0 -13.2
85.0 4.0 28.0 -10.8
85.0 4.0 28.0 -10.8
85.0 6.0 38.0 -13.2
85.0 4.0 28.0 -10.8
85.0 4.0 28.0 -10.8
85.0 4.0 28.0 -10.8
85.0 6.0 38.0 -13.2
85.0 8.0 55.0 -13.2
85.1 6.0 33.0 -13.2
85.2 4.0 25.0 -13.2
85.2 4.0 25.0 -13.2
85.2 4.0 25.0 -13.2
85.2 4.0 25.0 -13.2
85.2 4.0 25.0 -13.2
85.2 4.0 25.0 -13.2
85.2 7.0 38.0 -13.2
85.2 4.0 25.0 -13.2
85.2 4.0 25.0 -13.2
85.2 4.0 25.0 -13.2
85.2 4.0 25.0 -13.2
85.2 4.0 25.0 -13.2
85.3 8.0 54.0 -13.2
85.4 6.0 36.0 -13.2
85.4 6.0 36.0 -13.2
85.4 8.0 48.0 -14.4
85.4 6.0 36.0 -13.2
85.4 8.0 48.0 -14.4
85.5 5.0 31.0 -13.2
85.5 5.0 31.0 -13.2
85.5 5.0 31.0 -13.2
85.5 5.0 31.0 -13.2
85.5 6.0 38.0 -12.0
85.5 7.0 43.0 -10.8
85.5 6.0 38.0 -12.0
85.6 8.0 47.0 -14.4
85.6 8.0 52.0 -13.2
85.7 7.0 46.0 -14.4
85.7 7.0 46.0 -14.4
85.7 5.0 29.0 -13.2
85.7 5.0 29.0 -13.2
85.7 5.0 29.0 -13.2
85.7 5.0 29.0 -13.2
85.7 6.0 41.0 -13.2
85.7 9.0 56.0 -15.6
85.8 5.0 35.0 -10.8
85.8 7.0 34.0 -14.4
85.8 6.0 30.0 -13.2
85.8 6.0 37.0 -14.4
85.8 5.0 35.0 -10.8
85.9 7.0 53.0 -14.4
86.0 7.0 45.0 -14.4
86.0 5.0 32.0 -13.2
86.0 6.0 36.0 -14.4
86.0 7.0 45.0 -14.4
86.0 5.0 32.0 -13.2
86.2 7.0 36.0 -12.0
86.3 7.0 43.0 -15.6
86.3 7.0 45.0 -12.0
86.4 8.0 45.0 -14.4
86.5 6.0 33.0 -13.2
86.5 6.0 33.0 -13.2
86.5 7.0 45.0 -15.6
86.6 7.0 44.0 -12.0
86.6 7.0 49.0 -15.6
86.7 5.0 27.0 -14.4
86.7 6.0 33.0 -13.2
86.7 6.0 33.0 -13.2
86.7 5.0 27.0 -14.4
86.7 7.0 41.0 -13.2
86.7 5.0 27.0 -14.4
86.8 7.0 43.0 -14.4
86.8 7.0 44.0 -12.0
86.9 7.0 39.0 -12.0
87.0 8.0 46.0 -14.4
87.1 5.0 29.0 -13.2
87.1 5.0 29.0 -13.2
87.1 5.0 29.0 -13.2
87.1 5.0 29.0 -13.2
87.1 6.0 41.0 -13.2
87.1 5.0 29.0 -13.2
87.1 5.0 29.0 -13.2
87.1 6.0 41.0 -13.2
87.1 6.0 41.0 -13.2
87.1 8.0 52.0 -13.2
87.2 7.0 45.0 -15.6
87.2 8.0 57.0 -15.6
87.2 8.0 42.0 -15.6
87.2 7.0 48.0 -15.6
87.3 8.0 52.0 -15.6
87.4 6.0 30.0 -13.2
87.4 6.0 30.0 -13.2
87.4 8.0 56.0 -15.6
87.5 6.0 33.0 -10.8
87.5 5.0 38.0 -14.4
87.5 6.0 33.0 -10.8
87.6 7.0 45.0 -13.2
87.7 8.0 52.0 -14.4
87.7 6.0 39.0 -13.2
87.7 8.0 52.0 -14.4
87.9 7.0 33.0 -15.6
87.9 8.0 45.0 -15.6
87.9 7.0 33.0 -15.6
88.0 10.0 58.0 -14.4
88.1 6.0 35.0 -15.6
88.1 8.0 49.0 -14.4
88.1 6.0 35.0 -15.6
88.2 5.0 29.0 -12.0
88.3 4.0 23.0 -13.2
88.3 6.0 33.0 -14.4
88.3 4.0 23.0 -13.2
88.3 4.0 23.0 -13.2
88.3 4.0 23.0 -13.2
88.3 4.0 23.0 -13.2
88.3 4.0 23.0 -13.2
88.3 6.0 33.0 -14.4
88.3 4.0 23.0 -13.2
88.3 4.0 23.0 -13.2
88.3 4.0 23.0 -13.2
88.3 4.0 23.0 -13.2
88.3 8.0 43.0 -15.6
88.3 4.0 23.0 -13.2
88.3 4.0 23.0 -13.2
88.3 6.0 33.0 -14.4
88.3 4.0 23.0 -13.2
88.4 7.0 45.0 -13.2
88.4 5.0 29.0 -10.8
88.4 5.0 29.0 -10.8
88.4 7.0 37.0 -14.4
88.4 6.0 42.0 -13.2
88.4 5.0 29.0 -10.8
88.4 5.0 29.0 -10.8
88.6 5.0 26.0 -14.4
88.6 5.0 26.0 -14.4
88.6 7.0 36.0 -15.6
88.6 5.0 26.0 -14.4
88.6 7.0 40.0 -13.2
88.6 7.0 36.0 -15.6
88.6 5.0 26.0 -14.4
88.6 5.0 26.0 -14.4
88.6 5.0 26.0 -14.4
88.6 7.0 36.0 -15.6
88.7 6.0 33.0 -14.4
88.7 6.0 33.0 -14.4
88.7 6.0 33.0 -14.4
88.8 5.0 34.0 -13.2
88.8 5.0 26.0 -15.6
88.8 8.0 37.0 -14.4
88.8 5.0 26.0 -15.6
88.8 6.0 38.0 -15.6
88.8 5.0 26.0 -15.6
88.8 7.0 52.0 -13.2
89.0 4.0 26.0 -13.2
89.0 4.0 26.0 -13.2
89.0 4.0 26.0 -13.2
89.0 4.0 26.0 -13.2
89.0 4.0 26.0 -13.2
89.0 4.0 26.0 -13.2
89.0 4.0 26.0 -13.2
89.0 4.0 26.0 -13.2
89.0 4.0 26.0 -13.2
89.1 8.0 46.0 -16.8
89.1 6.0 32.0 -14.4
89.1 8.0 48.0 -13.2
89.1 5.0 30.0 -13.2
89.1 7.0 45.0 -14.4
89.1 6.0 32.0 -14.4
89.2 6.0 35.0 -14.4
89.2 5.0 37.0 -13.2
89.2 9.0 62.0 -14.4
89.2 5.0 37.0 -13.2
89.2 5.0 37.0 -13.2
89.3 5.0 29.0 -14.4
89.3 5.0 29.0 -14.4
89.3 6.0 40.0 -13.2
89.3 5.0 29.0 -14.4
89.4 7.0 36.0 -13.2
89.4 7.0 35.0 -15.6
89.4 7.0 35.0 -15.6
89.4 7.0 35.0 -15.6
89.5 5.0 29.0 -15.6
89.5 5.0 29.0 -15.6
89.5 6.0 30.0 -13.2
89.5 7.0 36.0 -12.0
89.5 7.0 36.0 -12.0
89.5 8.0 46.0 -14.4
89.5 6.0 30.0 -13.2
89.5 6.0 41.0 -15.6
89.5 5.0 29.0 -15.6
89.5 6.0 30.0 -13.2
89.5 5.0 29.0 -15.6
89.5 7.0 40.0 -14.4
89.5 7.0 45.0 -14.4
89.5 6.0 44.0 -14.4
89.6 6.0 33.0 -15.6
89.6 6.0 35.0 -13.2
89.6 6.0 35.0 -13.2
89.6 7.0 46.0 -13.2
89.6 6.0 33.0 -15.6
89.7 6.0 30.0 -14.4
89.7 6.0 30.0 -14.4
89.7 6.0 30.0 -14.4
89.7 6.0 30.0 -14.4
89.7 6.0 30.0 -14.4
89.7 7.0 45.0 -15.6
89.7 7.0 45.0 -15.6
89.7 7.0 47.0 -14.4
89.8 8.0 51.0 -15.6
89.8 5.0 33.0 -13.2
89.8 8.0 47.0 -15.6
89.8 5.0 33.0 -13.2
89.9 4.0 28.0 -13.2
89.9 7.0 39.0 -14.4
89.9 7.0 39.0 -12.0
89.9 4.0 28.0 -13.2
89.9 6.0 39.0 -13.2
89.9 4.0 28.0 -13.2
89.9 4.0 28.0 -13.2
89.9 4.0 28.0 -13.2
90.0 5.0 38.0 -14.4
90.0 8.0 49.0 -13.2
90.0 8.0 49.0 -13.2
90.0 5.0 38.0 -14.4
90.0 8.0 49.0 -13.2
90.0 8.0 49.0 -13.2
90.1 7.0 38.0 -15.6
90.1 5.0 29.0 -12.0
90.1 7.0 38.0 -15.6
90.1 9.0 56.0 -14.4
90.2 6.0 39.0 -13.2
90.2 8.0 43.0 -13.2
90.2 7.0 48.0 -14.4
90.3 6.0 36.0 -15.6
90.3 8.0 52.0 -13.2
90.3 8.0 52.0 -13.2
90.5 6.0 36.0 -12.0
90.7 7.0 42.0 -15.6
90.7 6.0 30.0 -15.6
90.7 6.0 30.0 -15.6
90.7 6.0 30.0 -15.6
90.7 6.0 30.0 -15.6
90.7 6.0 30.0 -15.6
90.7 6.0 30.0 -15.6
90.7 6.0 30.0 -15.6
90.7 6.0 38.0 -13.2
90.8 6.0 45.0 -14.4
90.8 7.0 42.0 -14.4
90.8 6.0 43.0 -13.2
90.9 4.0 25.0 -13.2
90.9 4.0 25.0 -13.2
90.9 4.0 25.0 -13.2
90.9 4.0 25.0 -13.2
90.9 4.0 25.0 -13.2
90.9 6.0 36.0 -12.0
90.9 4.0 25.0 -13.2
90.9 4.0 25.0 -13.2
90.9 4.0 25.0 -13.2
90.9 4.0 25.0 -13.2
90.9 4.0 25.0 -13.2
90.9 4.0 25.0 -13.2
90.9 4.0 25.0 -13.2
90.9 4.0 25.0 -13.2
90.9 11.0 65.0 -15.6
90.9 4.0 25.0 -13.2
90.9 6.0 36.0 -12.0
90.9 8.0 53.0 -13.2
91.1 7.0 46.0 -15.6
91.1 8.0 48.0 -14.4
91.2 9.0 62.0 -15.6
91.2 8.0 38.0 -14.4
91.2 5.0 31.0 -12.0
91.3 6.0 35.0 -14.4
91.3 6.0 35.0 -14.4
91.3 5.0 31.0 -12.0
91.4 7.0 45.0 -15.6
91.4 7.0 34.0 -15.6
91.4 6.0 33.0 -15.6
91.4 5.0 29.0 -13.2
91.4 6.0 33.0 -15.6
91.4 10.0 56.0 -16.8
91.6 7.0 34.0 -14.4
91.6 7.0 34.0 -14.4
91.6 8.0 52.0 -14.4
91.6 8.0 52.0 -14.4
91.7 6.0 32.0 -13.2
91.7 6.0 32.0 -13.2
91.8 7.0 38.0 -14.4
91.8 8.0 54.0 -13.2
91.8 6.0 44.0 -13.2
91.9 7.0 48.0 -15.6
92.0 7.0 38.0 -13.2
92.0 7.0 38.0 -13.2
92.0 6.0 44.0 -14.4
92.0 6.0 44.0 -14.4
92.1 8.0 49.0 -15.6
92.2 8.0 48.0 -13.2
92.2 7.0 54.0 -15.6
92.3 7.0 47.0 -15.6
92.3 10.0 59.0 -16.8
92.3 8.0 49.0 -16.8
92.3 8.0 44.0 -14.4
92.3 6.0 33.0 -12.0
92.4 6.0 38.0 -13.2
92.4 6.0 33.0 -13.2
92.5 7.0 39.0 -13.2
92.5 6.0 33.0 -13.2
92.6 9.0 64.0 -16.8
92.6 6.0 38.0 -13.2
92.7 5.0 31.0 -12.0
92.7 5.0 31.0 -12.0
92.7 5.0 31.0 -12.0
92.7 5.0 31.0 -12.0
92.8 8.0 48.0 -14.4
92.9 5.0 31.0 -13.2
93.0 9.0 52.0 -15.6
93.1 6.0 41.0 -13.2
93.1 6.0 41.0 -13.2
93.1 6.0 41.0 -13.2
93.2 6.0 37.0 -14.4
93.3 5.0 29.0 -13.2
93.3 7.0 40.0 -13.2
93.3 5.0 29.0 -13.2
93.3 6.0 42.0 -15.6
93.3 6.0 42.0 -15.6
93.4 7.0 34.0 -15.6
93.4 7.0 34.0 -15.6
93.4 7.0 34.0 -15.6
93.5 7.0 40.0 -15.6
93.5 7.0 43.0 -14.4
93.6 7.0 36.0 -13.2
93.7 6.0 40.0 -13.2
93.7 8.0 37.0 -16.8
93.7 6.0 40.0 -13.2
93.8 7.0 49.0 -14.4
93.9 7.0 39.0 -16.8
94.0 6.0 43.0 -13.2
94.0 6.0 43.0 -13.2
94.0 9.0 58.0 -15.6
94.1 5.0 27.0 -14.4
94.1 7.0 45.0 -13.2
94.1 5.0 27.0 -14.4
94.1 5.0 27.0 -14.4
94.1 5.0 27.0 -14.4
94.1 6.0 33.0 -13.2
94.1 7.0 36.0 -14.4
94.1 6.0 33.0 -13.2
94.1 5.0 27.0 -14.4
94.1 5.0 27.0 -14.4
94.1 5.0 27.0 -14.4
94.1 5.0 27.0 -14.4
94.2 8.0 48.0 -16.8
94.2 8.0 48.0 -16.8
94.3 7.0 36.0 -15.6
94.4 6.0 30.0 -15.6
94.4 6.0 30.0 -15.6
94.4 7.0 39.0 -13.2
94.4 6.0 30.0 -15.6
94.4 7.0 39.0 -13.2
94.4 6.0 30.0 -15.6
94.4 6.0 30.0 -15.6
94.4 6.0 30.0 -15.6
94.4 6.0 30.0 -15.6
94.4 6.0 30.0 -15.6
94.4 6.0 30.0 -15.6
94.4 7.0 48.0 -15.6
94.5 5.0 29.0 -13.2
94.5 5.0 29.0 -13.2
94.5 5.0 29.0 -13.2
94.6 6.0 30.0 -16.8
94.6 6.0 30.0 -16.8
94.6 6.0 30.0 -16.8
94.6 6.0 30.0 -16.8
94.6 6.0 30.0 -16.8
94.6 5.0 29.0 -14.4
94.6 5.0 29.0 -14.4
94.6 5.0 29.0 -14.4
94.6 5.0 29.0 -14.4
94.6 6.0 30.0 -16.8
94.6 7.0 45.0 -15.6
94.6 6.0 30.0 -16.8
94.6 6.0 30.0 -16.8
94.6 6.0 30.0 -16.8
94.6 7.0 48.0 -15.6
94.6 5.0 29.0 -14.4
94.6 7.0 48.0 -15.6
94.8 6.0 30.0 -13.2
94.8 7.0 39.0 -14.4
94.8 6.0 30.0 -13.2
94.8 6.0 30.0 -13.2
94.8 6.0 30.0 -13.2
94.8 7.0 39.0 -14.4
94.9 7.0 36.0 -15.6
94.9 8.0 51.0 -16.8
94.9 7.0 40.0 -13.2
94.9 5.0 38.0 -14.4
94.9 6.0 34.0 -14.4
94.9 6.0 34.0 -14.4
94.9 8.0 47.0 -14.4
94.9 6.0 34.0 -14.4
95.0 5.0 29.0 -14.4
95.0 5.0 29.0 -14.4
95.0 5.0 29.0 -14.4
95.0 5.0 29.0 -14.4
95.0 5.0 29.0 -14.4
95.0 7.0 39.0 -15.6
95.1 6.0 39.0 -15.6
95.1 7.0 45.0 -14.4
95.1 6.0 39.0 -15.6
95.1 8.0 51.0 -13.2
95.2 8.0 39.0 -16.8
95.3 6.0 36.0 -13.2
95.3 7.0 33.0 -15.6
95.3 6.0 36.0 -13.2
95.3 7.0 48.0 -15.6
95.3 6.0 36.0 -13.2
95.3 7.0 48.0 -15.6
95.4 7.0 37.0 -16.8
95.4 7.0 37.0 -16.8
95.4 7.0 37.0 -16.8
95.4 8.0 51.0 -14.4
95.5 6.0 33.0 -13.2
95.6 7.0 42.0 -15.6
95.6 7.0 38.0 -14.4
95.6 7.0 38.0 -14.4
95.6 5.0 29.0 -12.0
95.6 5.0 29.0 -12.0
95.7 5.0 32.0 -14.4
95.7 5.0 32.0 -14.4
95.7 9.0 60.0 -15.6
95.7 8.0 51.0 -14.4
95.8 6.0 36.0 -14.4
95.8 8.0 50.0 -15.6
95.9 6.0 33.0 -13.2
95.9 7.0 44.0 -14.4
96.0 5.0 26.0 -14.4
96.0 5.0 26.0 -14.4
96.0 5.0 26.0 -14.4
96.0 7.0 39.0 -15.6
96.0 5.0 26.0 -14.4
96.0 5.0 26.0 -14.4
96.0 5.0 26.0 -14.4
96.1 6.0 36.0 -14.4
96.1 9.0 61.0 -16.8
96.2 5.0 26.0 -15.6
96.2 5.0 26.0 -15.6
96.2 5.0 26.0 -15.6
96.2 8.0 47.0 -15.6
96.2 5.0 26.0 -15.6
96.2 5.0 26.0 -15.6
96.3 7.0 45.0 -15.6
96.3 6.0 32.0 -13.2
96.3 9.0 54.0 -15.6
96.5 7.0 34.0 -16.8
96.5 7.0 34.0 -16.8
96.5 7.0 34.0 -16.8
96.5 7.0 34.0 -16.8
96.5 6.0 30.0 -14.4
96.6 6.0 35.0 -14.4
96.6 6.0 32.0 -15.6
96.6 6.0 32.0 -15.6
96.6 6.0 35.0 -14.4
96.6 6.0 35.0 -14.4
96.6 6.0 35.0 -14.4
96.7 5.0 29.0 -14.4
96.7 6.0 30.0 -15.6
96.7 5.0 29.0 -14.4
96.7 5.0 29.0 -14.4
96.8 7.0 54.0 -14.4
96.9 5.0 29.0 -15.6
96.9 5.0 29.0 -15.6
96.9 5.0 29.0 -15.6
96.9 6.0 40.0 -14.4
96.9 7.0 38.0 -15.6
96.9 5.0 29.0 -15.6
96.9 5.0 29.0 -15.6
96.9 6.0 41.0 -15.6
96.9 7.0 45.0 -14.4
97.0 7.0 50.0 -15.6
97.0 6.0 33.0 -15.6
97.0 6.0 35.0 -13.2
97.1 6.0 40.0 -15.6
97.1 6.0 35.0 -13.2
97.1 7.0 39.0 -13.2
97.2 7.0 42.0 -14.4
97.2 6.0 33.0 -14.4
97.2 9.0 61.0 -14.4
97.3 4.0 28.0 -13.2
97.3 4.0 28.0 -13.2
97.3 4.0 28.0 -13.2
97.3 4.0 28.0 -13.2
97.3 4.0 28.0 -13.2
97.3 4.0 28.0 -13.2
97.3 4.0 28.0 -13.2
97.4 7.0 39.0 -15.6
97.4 6.0 33.0 -15.6
97.4 7.0 43.0 -15.6
97.5 7.0 34.0 -14.4
97.5 9.0 67.0 -16.8
97.5 7.0 38.0 -15.6
97.5 7.0 34.0 -14.4
97.5 9.0 49.0 -14.4
97.5 9.0 49.0 -15.6
97.6 5.0 31.0 -14.4
97.6 5.0 31.0 -14.4
97.6 5.0 31.0 -14.4
97.6 5.0 31.0 -14.4
97.7 6.0 41.0 -15.6
97.7 6.0 41.0 -15.6
97.7 6.0 36.0 -15.6
97.7 8.0 52.0 -13.2
97.7 7.0 34.0 -15.6
97.8 6.0 38.0 -14.4
97.8 5.0 31.0 -15.6
97.8 6.0 32.0 -13.2
97.8 6.0 32.0 -13.2
97.8 8.0 45.0 -15.6
97.9 8.0 48.0 -13.2
97.9 9.0 52.0 -15.6
97.9 9.0 55.0 -14.4
98.0 10.0 54.0 -16.8
98.0 6.0 32.0 -14.4
98.0 6.0 32.0 -14.4
98.0 7.0 47.0 -14.4
98.0 6.0 32.0 -14.4
98.1 6.0 30.0 -15.6
98.1 5.0 35.0 -13.2
98.1 6.0 34.0 -15.6
98.1 6.0 34.0 -15.6
98.1 6.0 30.0 -15.6
98.1 6.0 30.0 -15.6
98.1 7.0 42.0 -15.6
98.1 7.0 41.0 -15.6
98.1 6.0 37.0 -14.4
98.1 6.0 34.0 -15.6
98.1 5.0 35.0 -13.2
98.2 7.0 37.0 -14.4
98.2 9.0 43.0 -14.4
98.3 4.0 25.0 -13.2
98.3 4.0 25.0 -13.2
98.3 4.0 25.0 -13.2
98.3 4.0 25.0 -13.2
98.4 7.0 43.0 -16.8
98.4 8.0 49.0 -15.6
98.4 7.0 43.0 -16.8
98.5 7.0 36.0 -15.6
98.5 6.0 35.0 -13.2
98.5 7.0 36.0 -15.6
98.5 8.0 51.0 -14.4
98.5 7.0 36.0 -14.4
98.6 8.0 38.0 -14.4
98.6 8.0 38.0 -14.4
98.6 6.0 38.0 -15.6
98.6 8.0 38.0 -14.4
98.6 8.0 46.0 -15.6
98.7 6.0 38.0 -15.6
98.7 6.0 38.0 -15.6
98.8 6.0 33.0 -15.6
98.8 6.0 33.0 -15.6
98.8 8.0 57.0 -15.6
98.9 6.0 34.0 -13.2
98.9 8.0 50.0 -15.6
98.9 8.0 50.0 -15.6
98.9 8.0 50.0 -15.6
99.0 7.0 39.0 -15.6
99.0 7.0 39.0 -15.6
99.1 7.0 44.0 -14.4
99.1 9.0 54.0 -15.6
99.1 9.0 54.0 -15.6
99.1 5.0 32.0 -13.2
99.1 5.0 32.0 -13.2
99.1 7.0 44.0 -14.4
99.1 10.0 59.0 -16.8
99.2 6.0 30.0 -14.4
99.2 7.0 39.0 -14.4
99.2 7.0 39.0 -14.4
99.3 8.0 47.0 -15.6
99.3 8.0 44.0 -16.8
99.4 5.0 29.0 -15.6
99.4 6.0 41.0 -15.6
99.4 5.0 29.0 -15.6
99.4 5.0 29.0 -15.6
99.4 5.0 29.0 -15.6
99.4 8.0 46.0 -15.6
99.4 5.0 29.0 -15.6
99.4 10.0 59.0 -16.8
99.4 9.0 45.0 -14.4
99.6 5.0 37.0 -14.4
99.6 9.0 59.0 -16.8
99.6 5.0 37.0 -14.4
99.6 5.0 37.0 -14.4
99.6 9.0 50.0 -15.6
99.7 6.0 30.0 -15.6
99.7 7.0 43.0 -14.4
99.7 6.0 30.0 -15.6
99.7 9.0 57.0 -15.6
99.7 6.0 35.0 -15.6
99.7 8.0 49.0 -16.8
99.7 7.0 43.0 -14.4
99.7 6.0 30.0 -15.6
99.8 6.0 33.0 -13.2
99.8 6.0 33.0 -13.2
99.8 6.0 33.0 -13.2
99.9 9.0 53.0 -15.6
100.0 6.0 39.0 -15.6
100.0 6.0 39.0 -15.6
100.0 6.0 39.0 -15.6
100.1 6.0 33.0 -13.2
100.1 8.0 40.0 -16.8
100.2 5.0 29.0 -13.2
100.2 5.0 29.0 -13.2
100.2 5.0 36.0 -14.4
100.2 5.0 29.0 -13.2
100.2 5.0 29.0 -13.2
100.2 7.0 53.0 -15.6
100.2 5.0 29.0 -13.2
100.2 5.0 29.0 -13.2
100.2 7.0 48.0 -15.6
100.2 5.0 29.0 -13.2
100.2 5.0 36.0 -14.4
100.2 6.0 36.0 -15.6
100.2 6.0 36.0 -15.6
100.4 6.0 33.0 -15.6
100.4 7.0 37.0 -15.6
100.4 7.0 37.0 -15.6
100.4 7.0 37.0 -15.6
100.4 6.0 37.0 -13.2
100.5 9.0 51.0 -15.6
100.5 8.0 37.0 -14.4
100.5 7.0 42.0 -18.0
100.5 9.0 56.0 -16.8
100.7 5.0 29.0 -13.2
100.7 5.0 29.0 -13.2
100.7 5.0 29.0 -13.2
100.7 5.0 29.0 -13.2
100.7 5.0 29.0 -13.2
100.7 7.0 45.0 -13.2
100.8 8.0 49.0 -15.6
100.8 9.0 58.0 -15.6
100.8 9.0 58.0 -15.6
100.9 7.0 43.0 -16.8
100.9 6.0 44.0 -15.6
101.0 7.0 44.0 -15.6
101.1 8.0 37.0 -16.8
101.1 7.0 38.0 -13.2
101.1 8.0 37.0 -16.8
101.2 7.0 45.0 -18.0
101.2 10.0 59.0 -16.8
101.2 7.0 44.0 -13.2
101.2 7.0 44.0 -13.2
101.3 9.0 48.0 -16.8
101.4 7.0 45.0 -14.4
101.4 10.0 70.0 -16.8
101.4 9.0 58.0 -15.6
101.6 8.0 48.0 -16.8
101.6 10.0 58.0 -16.8
101.6 10.0 64.0 -16.8
101.6 6.0 44.0 -15.6
101.6 6.0 44.0 -15.6
101.7 8.0 48.0 -15.6
101.8 7.0 36.0 -14.4
101.8 6.0 30.0 -15.6
101.8 6.0 30.0 -15.6
101.8 7.0 45.0 -14.4
101.8 6.0 30.0 -15.6
101.9 6.0 35.0 -15.6
101.9 7.0 42.0 -15.6
102.0 7.0 41.0 -15.6
102.0 6.0 30.0 -16.8
102.0 7.0 41.0 -15.6
102.0 6.0 30.0 -16.8
102.0 6.0 30.0 -16.8
102.0 5.0 29.0 -14.4
102.0 6.0 30.0 -16.8
102.0 5.0 29.0 -14.4
102.0 5.0 29.0 -14.4
102.0 6.0 30.0 -16.8
102.0 6.0 30.0 -16.8
102.0 5.0 29.0 -14.4
102.0 5.0 29.0 -14.4
102.0 9.0 54.0 -16.8
102.0 6.0 30.0 -16.8
102.0 5.0 29.0 -14.4
102.1 7.0 42.0 -16.8
102.1 8.0 47.0 -18.0
102.1 9.0 61.0 -16.8
102.1 7.0 36.0 -14.4
102.2 6.0 39.0 -15.6
102.2 7.0 50.0 -13.2
102.2 7.0 50.0 -13.2
102.3 7.0 34.0 -15.6
102.3 6.0 32.0 -15.6
102.3 6.0 32.0 -15.6
102.3 6.0 32.0 -15.6
102.4 5.0 29.0 -14.4
102.4 5.0 29.0 -14.4
102.4 5.0 29.0 -14.4
102.4 5.0 29.0 -14.4
102.4 5.0 29.0 -14.4
102.5 6.0 39.0 -15.6
102.5 5.0 34.0 -15.6
102.6 8.0 39.0 -16.8
102.7 6.0 32.0 -15.6
102.7 6.0 32.0 -15.6
102.7 6.0 32.0 -15.6
102.7 6.0 32.0 -15.6
102.8 7.0 37.0 -16.8
102.8 9.0 52.0 -18.0
102.8 7.0 42.0 -16.8
102.8 9.0 52.0 -18.0
102.8 7.0 42.0 -16.8
102.8 7.0 37.0 -16.8
102.9 6.0 32.0 -16.8
102.9 6.0 32.0 -16.8
102.9 6.0 32.0 -16.8
103.0 7.0 42.0 -18.0
103.0 7.0 49.0 -14.4
103.0 7.0 42.0 -18.0
103.0 7.0 49.0 -14.4
103.0 7.0 42.0 -18.0
103.0 5.0 29.0 -12.0
103.0 5.0 29.0 -12.0
103.0 5.0 29.0 -12.0
103.0 10.0 60.0 -16.8
103.1 5.0 32.0 -14.4
103.1 5.0 32.0 -14.4
103.1 8.0 60.0 -16.8
103.1 5.0 32.0 -14.4
103.1 5.0 32.0 -14.4
103.2 6.0 36.0 -14.4
103.2 4.0 25.0 -15.6
103.2 4.0 25.0 -15.6
103.2 4.0 25.0 -15.6
103.2 4.0 25.0 -15.6
103.2 4.0 25.0 -15.6
103.2 6.0 36.0 -14.4
103.2 4.0 25.0 -15.6
103.2 4.0 25.0 -15.6
103.2 7.0 36.0 -14.4
103.2 4.0 25.0 -15.6
103.2 7.0 38.0 -15.6
103.2 4.0 25.0 -15.6
103.2 4.0 25.0 -15.6
103.2 6.0 42.0 -15.6
103.2 7.0 38.0 -15.6
103.2 6.0 36.0 -14.4
103.3 7.0 46.0 -15.6
103.3 8.0 38.0 -15.6
103.4 5.0 26.0 -14.4
103.4 5.0 26.0 -14.4
103.4 5.0 26.0 -14.4
103.4 5.0 26.0 -14.4
103.4 5.0 26.0 -14.4
103.4 5.0 26.0 -14.4
103.4 5.0 26.0 -14.4
103.4 5.0 26.0 -14.4
103.4 5.0 26.0 -14.4
103.4 8.0 52.0 -15.6
103.4 5.0 26.0 -14.4
103.5 8.0 41.0 -16.8
103.5 5.0 31.0 -14.4
103.5 5.0 31.0 -14.4
103.5 5.0 31.0 -14.4
103.5 5.0 31.0 -14.4
103.5 7.0 44.0 -15.6
103.5 6.0 38.0 -14.4
103.5 5.0 31.0 -14.4
103.6 6.0 35.0 -16.8
103.6 6.0 35.0 -16.8
103.6 6.0 35.0 -16.8
103.6 7.0 36.0 -14.4
103.6 6.0 35.0 -16.8
103.7 7.0 41.0 -14.4
103.7 7.0 47.0 -14.4
103.8 7.0 36.0 -15.6
103.8 7.0 36.0 -15.6
103.8 6.0 35.0 -13.2
103.8 6.0 34.0 -15.6
103.8 6.0 34.0 -15.6
103.9 8.0 46.0 -16.8
103.9 6.0 30.0 -14.4
103.9 7.0 34.0 -16.8
103.9 7.0 34.0 -16.8
103.9 6.0 30.0 -14.4
103.9 7.0 34.0 -16.8
103.9 7.0 34.0 -16.8
103.9 7.0 34.0 -16.8
103.9 6.0 30.0 -14.4
103.9 8.0 48.0 -15.6
104.0 8.0 45.0 -16.8
104.0 8.0 45.0 -16.8
104.0 5.0 32.0 -15.6
104.1 5.0 29.0 -14.4
104.1 5.0 29.0 -14.4
104.1 5.0 29.0 -14.4
104.1 5.0 29.0 -14.4
104.1 5.0 29.0 -14.4
104.1 6.0 30.0 -14.4
104.1 5.0 29.0 -14.4
104.1 6.0 44.0 -15.6
104.1 9.0 55.0 -14.4
104.2 8.0 44.0 -16.8
104.2 7.0 35.0 -15.6
104.2 6.0 33.0 -14.4
104.2 7.0 46.0 -15.6
104.3 6.0 30.0 -15.6
104.3 9.0 45.0 -16.8
104.3 6.0 38.0 -14.4
104.4 6.0 38.0 -15.6
104.4 8.0 55.0 -16.8
104.5 9.0 55.0 -18.0
104.6 6.0 33.0 -14.4
104.6 6.0 33.0 -14.4
104.7 8.0 39.0 -15.6
104.7 8.0 48.0 -16.8
104.7 9.0 53.0 -16.8
104.7 8.0 39.0 -15.6
104.8 8.0 48.0 -16.8
104.8 7.0 36.0 -16.8
104.8 7.0 45.0 -15.6
104.8 7.0 45.0 -15.6
104.8 7.0 45.0 -15.6
104.8 6.0 33.0 -15.6
104.8 6.0 33.0 -15.6
104.9 7.0 38.0 -15.6
104.9 7.0 38.0 -15.6
104.9 7.0 34.0 -14.4
104.9 6.0 36.0 -14.4
104.9 7.0 34.0 -14.4
104.9 6.0 33.0 -12.0
105.0 5.0 31.0 -14.4
105.0 5.0 31.0 -14.4
105.0 8.0 42.0 -15.6
105.0 7.0 34.0 -15.6
105.0 7.0 34.0 -15.6
105.1 5.0 29.0 -15.6
105.1 5.0 29.0 -15.6
105.1 5.0 29.0 -15.6
105.1 5.0 29.0 -15.6
105.1 5.0 29.0 -15.6
105.1 5.0 29.0 -15.6
105.1 5.0 29.0 -15.6
105.2 5.0 31.0 -15.6
105.2 5.0 31.0 -15.6
105.2 5.0 31.0 -15.6
105.3 6.0 30.0 -14.4
105.3 6.0 30.0 -14.4
105.3 6.0 30.0 -14.4
105.3 6.0 30.0 -14.4
105.3 6.0 37.0 -15.6
105.3 6.0 30.0 -14.4
105.3 6.0 30.0 -14.4
105.3 6.0 30.0 -14.4
105.3 6.0 30.0 -14.4
105.3 6.0 30.0 -14.4
105.3 8.0 47.0 -15.6
105.3 9.0 54.0 -15.6
105.4 8.0 37.0 -16.8
105.4 9.0 51.0 -16.8
105.4 6.0 41.0 -15.6
105.5 6.0 34.0 -15.6
105.5 6.0 30.0 -15.6
105.5 6.0 30.0 -15.6
105.5 6.0 34.0 -15.6
105.5 6.0 30.0 -15.6
105.5 8.0 49.0 -13.2
105.5 6.0 35.0 -14.4
105.5 7.0 34.0 -16.8
105.5 8.0 49.0 -13.2
105.5 9.0 65.0 -16.8
105.8 8.0 41.0 -15.6
105.8 9.0 51.0 -15.6
105.8 8.0 49.0 -15.6
105.9 7.0 36.0 -15.6
105.9 7.0 36.0 -15.6
105.9 7.0 36.0 -15.6
105.9 7.0 36.0 -15.6
105.9 8.0 51.0 -14.4
106.0 8.0 50.0 -15.6
106.0 7.0 45.0 -16.8
106.0 10.0 57.0 -16.8
106.1 8.0 45.0 -16.8
106.1 7.0 44.0 -14.4
106.1 8.0 39.0 -15.6
106.1 7.0 44.0 -13.2
106.1 7.0 49.0 -16.8
106.1 7.0 44.0 -13.2
106.2 6.0 33.0 -15.6
106.2 7.0 48.0 -15.6
106.3 8.0 41.0 -16.8
106.3 8.0 45.0 -16.8
106.3 7.0 41.0 -15.6
106.3 8.0 46.0 -19.2
106.3 8.0 46.0 -19.2
106.5 9.0 53.0 -15.6
106.5 8.0 38.0 -15.6
106.5 7.0 39.0 -14.4
106.5 8.0 46.0 -15.6
106.5 7.0 39.0 -14.4
106.6 9.0 64.0 -16.8
106.6 6.0 30.0 -14.4
106.7 8.0 44.0 -16.8
106.8 5.0 29.0 -15.6
106.8 5.0 29.0 -15.6
106.8 5.0 29.0 -15.6
106.8 5.0 29.0 -15.6
106.8 5.0 29.0 -15.6
106.8 8.0 42.0 -15.6
106.8 9.0 50.0 -14.4
106.9 8.0 42.0 -18.0
106.9 8.0 56.0 -16.8
107.0 10.0 64.0 -16.8
107.0 7.0 36.0 -16.8
107.0 10.0 67.0 -18.0
107.0 9.0 50.0 -15.6
107.0 10.0 54.0 -15.6
107.1 6.0 35.0 -15.6
107.1 6.0 30.0 -15.6
107.1 6.0 30.0 -15.6
107.1 6.0 35.0 -15.6
107.1 7.0 43.0 -14.4
107.2 8.0 41.0 -15.6
107.2 7.0 36.0 -13.2
107.2 6.0 33.0 -13.2
107.3 6.0 40.0 -15.6
107.3 7.0 43.0 -15.6
107.6 7.0 33.0 -18.0
107.6 6.0 36.0 -15.6
107.6 7.0 33.0 -18.0
107.6 6.0 35.0 -16.8
107.6 6.0 36.0 -15.6
107.6 6.0 36.0 -15.6
107.6 6.0 36.0 -15.6
107.6 6.0 35.0 -16.8
107.6 7.0 33.0 -18.0
107.6 7.0 33.0 -18.0
107.8 9.0 43.0 -18.0
107.8 9.0 56.0 -14.4
107.8 6.0 33.0 -15.6
107.8 8.0 43.0 -16.8
107.8 6.0 33.0 -15.6
107.9 8.0 56.0 -16.8
108.0 7.0 48.0 -16.8
108.1 5.0 29.0 -13.2
108.1 5.0 29.0 -13.2
108.2 6.0 33.0 -15.6
108.2 8.0 51.0 -14.4
108.3 5.0 26.0 -16.8
108.3 5.0 26.0 -16.8
108.3 5.0 26.0 -16.8
108.3 5.0 26.0 -16.8
108.3 5.0 26.0 -16.8
108.3 5.0 26.0 -16.8
108.3 5.0 26.0 -16.8
108.3 7.0 36.0 -18.0
108.3 5.0 26.0 -16.8
108.3 7.0 36.0 -18.0
108.3 7.0 36.0 -18.0
108.3 8.0 48.0 -18.0
108.3 5.0 26.0 -16.8
108.3 5.0 26.0 -16.8
108.3 5.0 26.0 -16.8
108.4 6.0 43.0 -14.4
108.4 6.0 35.0 -13.2
108.4 10.0 55.0 -16.8
108.5 9.0 50.0 -15.6
108.5 8.0 37.0 -16.8
108.5 8.0 37.0 -16.8
108.6 9.0 55.0 -15.6
108.6 9.0 55.0 -15.6
108.6 7.0 39.0 -15.6
108.6 7.0 37.0 -15.6
108.6 6.0 32.0 -15.6
108.6 9.0 55.0 -15.6
108.6 6.0 32.0 -15.6
108.7 7.0 36.0 -18.0
108.7 7.0 36.0 -18.0
108.7 10.0 59.0 -18.0
108.7 7.0 45.0 -15.6
108.7 7.0 36.0 -18.0
108.7 7.0 36.0 -18.0
108.9 6.0 36.0 -13.2
108.9 7.0 35.0 -16.8
109.0 5.0 29.0 -16.8
109.0 5.0 29.0 -16.8
109.0 5.0 29.0 -16.8
109.0 5.0 29.0 -16.8
109.0 5.0 29.0 -16.8
109.0 5.0 29.0 -16.8
109.0 5.0 29.0 -16.8
109.0 8.0 46.0 -15.6
109.0 8.0 42.0 -16.8
109.0 5.0 29.0 -16.8
109.1 7.0 35.0 -18.0
109.1 6.0 33.0 -16.8
109.1 7.0 45.0 -16.8
109.1 6.0 33.0 -16.8
109.1 7.0 35.0 -18.0
109.1 6.0 33.0 -16.8
109.1 7.0 35.0 -18.0
109.1 6.0 33.0 -16.8
109.1 7.0 35.0 -18.0
109.2 6.0 30.0 -15.6
109.2 6.0 30.0 -15.6
109.2 10.0 71.0 -19.2
109.3 9.0 54.0 -15.6
109.3 7.0 42.0 -15.6
109.4 10.0 59.0 -19.2
109.4 7.0 39.0 -15.6
109.5 7.0 47.0 -18.0
109.6 6.0 39.0 -15.6
109.6 7.0 39.0 -14.4
109.7 8.0 40.0 -14.4
109.7 7.0 34.0 -15.6
109.7 6.0 32.0 -15.6
109.8 6.0 36.0 -16.8
109.8 7.0 38.0 -18.0
109.9 8.0 42.0 -18.0
110.0 8.0 39.0 -16.8
110.0 7.0 37.0 -15.6
110.0 8.0 52.0 -16.8
110.0 7.0 37.0 -15.6
110.1 11.0 67.0 -20.4
110.1 6.0 32.0 -15.6
110.1 7.0 34.0 -16.8
110.1 9.0 54.0 -18.0
110.1 6.0 32.0 -15.6
110.1 7.0 43.0 -15.6
110.2 6.0 30.0 -16.8
110.2 6.0 30.0 -16.8
110.2 6.0 30.0 -16.8
110.2 6.0 30.0 -16.8
110.2 6.0 30.0 -16.8
110.2 6.0 30.0 -16.8
110.2 8.0 52.0 -16.8
110.3 6.0 32.0 -16.8
110.3 6.0 32.0 -16.8
110.3 6.0 32.0 -16.8
110.4 6.0 30.0 -18.0
110.4 6.0 30.0 -18.0
110.4 6.0 30.0 -18.0
110.4 7.0 42.0 -18.0
110.4 6.0 30.0 -18.0
110.4 8.0 50.0 -16.8
110.5 6.0 43.0 -15.6
110.5 6.0 43.0 -15.6
110.5 7.0 42.0 -16.8
110.6 4.0 25.0 -15.6
110.6 4.0 25.0 -15.6
110.6 4.0 25.0 -15.6
110.6 4.0 25.0 -15.6
110.6 4.0 25.0 -15.6
110.6 4.0 25.0 -15.6
110.6 4.0 25.0 -15.6
110.6 4.0 25.0 -15.6
110.6 4.0 25.0 -15.6
110.6 4.0 25.0 -15.6
110.6 4.0 25.0 -15.6
110.6 4.0 25.0 -15.6
110.6 4.0 25.0 -15.6
110.6 4.0 25.0 -15.6
110.6 4.0 25.0 -15.6
110.6 4.0 25.0 -15.6
110.6 7.0 36.0 -15.6
110.6 4.0 25.0 -15.6
110.6 4.0 25.0 -15.6
110.6 4.0 25.0 -15.6
110.6 4.0 25.0 -15.6
110.6 9.0 50.0 -14.4
110.7 9.0 50.0 -19.2
110.7 10.0 58.0 -15.6
110.8 8.0 51.0 -16.8
110.9 6.0 33.0 -16.8
110.9 6.0 33.0 -16.8
110.9 6.0 33.0 -16.8
111.0 6.0 35.0 -16.8
111.0 6.0 35.0 -16.8
111.0 6.0 35.0 -16.8
111.0 8.0 39.0 -18.0
111.0 7.0 44.0 -15.6
111.1 6.0 33.0 -18.0
111.1 7.0 34.0 -15.6
111.1 7.0 45.0 -18.0
111.1 6.0 33.0 -18.0
111.1 7.0 34.0 -15.6
111.1 7.0 45.0 -18.0
111.1 7.0 45.0 -18.0
111.1 7.0 45.0 -18.0
111.1 5.0 29.0 -15.6
111.1 7.0 41.0 -16.8
111.1 9.0 58.0 -18.0
111.1 7.0 39.0 -16.8
111.1 7.0 34.0 -15.6
111.1 8.0 52.0 -18.0
111.2 7.0 37.0 -18.0
111.2 7.0 37.0 -18.0
111.2 6.0 33.0 -14.4
111.2 7.0 37.0 -18.0
111.2 6.0 34.0 -15.6
111.2 8.0 61.0 -16.8
111.2 6.0 34.0 -15.6
111.2 9.0 56.0 -16.8
111.2 6.0 34.0 -15.6
111.2 10.0 52.0 -15.6
111.3 6.0 30.0 -14.4
111.3 7.0 50.0 -15.6
111.3 7.0 34.0 -16.8
111.3 7.0 53.0 -16.8
111.4 5.0 32.0 -15.6
111.4 5.0 32.0 -15.6
111.4 5.0 32.0 -15.6
111.4 5.0 32.0 -15.6
111.4 5.0 32.0 -15.6
111.4 8.0 38.0 -18.0
111.4 5.0 32.0 -15.6
111.4 5.0 32.0 -15.6
111.6 8.0 40.0 -15.6
111.7 6.0 30.0 -15.6
111.8 7.0 42.0 -16.8
111.9 7.0 40.0 -18.0
111.9 8.0 52.0 -18.0
111.9 7.0 52.0 -16.8
112.1 8.0 41.0 -18.0
112.1 6.0 33.0 -15.6
112.1 6.0 33.0 -15.6
112.2 7.0 36.0 -16.8
112.2 7.0 36.0 -16.8
112.3 7.0 49.0 -14.4
112.4 7.0 41.0 -16.8
112.4 5.0 31.0 -14.4
112.4 6.0 33.0 -15.6
112.4 10.0 60.0 -16.8
112.4 8.0 53.0 -15.6
112.4 5.0 31.0 -14.4
112.4 7.0 34.0 -15.6
112.5 5.0 29.0 -15.6
112.5 5.0 29.0 -15.6
112.5 5.0 29.0 -15.6
112.5 5.0 29.0 -15.6
112.5 5.0 29.0 -15.6
112.5 5.0 29.0 -15.6
112.5 6.0 41.0 -15.6
112.5 5.0 29.0 -15.6
112.6 11.0 65.0 -16.8
112.6 9.0 53.0 -18.0
112.7 9.0 52.0 -18.0
112.7 6.0 37.0 -15.6
112.7 6.0 37.0 -15.6
112.8 7.0 40.0 -14.4
112.8 9.0 61.0 -16.8
112.8 11.0 62.0 -18.0
112.9 7.0 34.0 -16.8
112.9 7.0 34.0 -16.8
112.9 6.0 35.0 -14.4
112.9 6.0 35.0 -14.4
113.0 5.0 29.0 -15.6
113.0 9.0 50.0 -18.0
113.0 5.0 29.0 -15.6
113.0 5.0 29.0 -15.6
113.0 9.0 50.0 -18.0
113.0 5.0 29.0 -15.6
113.1 8.0 41.0 -14.4
113.2 6.0 38.0 -14.4
113.2 7.0 40.0 -18.0
113.3 10.0 58.0 -19.2
113.3 6.0 35.0 -15.6
113.3 7.0 44.0 -18.0
113.3 9.0 45.0 -15.6
113.4 8.0 37.0 -19.2
113.4 8.0 37.0 -19.2
113.4 8.0 48.0 -18.0
113.4 9.0 55.0 -18.0
113.4 7.0 39.0 -18.0
113.4 11.0 67.0 -19.2
113.6 9.0 50.0 -14.4
113.6 8.0 48.0 -15.6
113.7 6.0 43.0 -15.6
113.7 8.0 46.0 -19.2
113.7 8.0 48.0 -18.0
113.8 6.0 36.0 -15.6
113.8 6.0 36.0 -15.6
113.8 7.0 36.0 -16.8
113.8 6.0 36.0 -15.6
113.8 5.0 29.0 -13.2
113.8 7.0 36.0 -16.8
113.8 7.0 36.0 -16.8
113.8 6.0 36.0 -15.6
113.8 9.0 55.0 -18.0
113.9 7.0 43.0 -18.0
113.9 8.0 55.0 -18.0
114.0 8.0 47.0 -15.6
114.0 10.0 67.0 -20.4
114.1 6.0 30.0 -18.0
114.1 7.0 45.0 -16.8
114.1 6.0 30.0 -18.0
114.1 7.0 36.0 -16.8
114.1 6.0 30.0 -18.0
114.1 6.0 30.0 -18.0
114.1 6.0 30.0 -18.0
114.1 6.0 30.0 -18.0
114.1 7.0 45.0 -16.8
114.1 6.0 30.0 -18.0
114.1 6.0 30.0 -18.0
114.1 6.0 30.0 -18.0
114.1 7.0 45.0 -16.8
114.2 9.0 44.0 -19.2
114.2 8.0 51.0 -18.0
114.2 7.0 50.0 -18.0
114.2 8.0 47.0 -15.6
114.3 6.0 42.0 -15.6
114.3 6.0 35.0 -14.4
114.3 10.0 58.0 -15.6
114.4 7.0 36.0 -16.8
114.6 8.0 51.0 -19.2
114.6 9.0 60.0 -19.2
114.7 6.0 40.0 -15.6
114.7 8.0 39.0 -18.0
114.8 7.0 38.0 -15.6
114.9 6.0 41.0 -18.0
114.9 7.0 37.0 -18.0
114.9 7.0 37.0 -18.0
114.9 7.0 37.0 -18.0
114.9 6.0 33.0 -15.6
115.0 7.0 33.0 -18.0
115.1 7.0 42.0 -16.8
115.2 9.0 43.0 -18.0
115.2 7.0 37.0 -15.6
115.2 7.0 37.0 -15.6
115.3 7.0 38.0 -16.8
115.3 6.0 39.0 -15.6
115.3 10.0 55.0 -18.0
115.4 6.0 30.0 -16.8
115.4 6.0 30.0 -16.8
115.4 6.0 30.0 -16.8
115.4 6.0 30.0 -16.8
115.4 6.0 30.0 -16.8
115.4 7.0 48.0 -16.8
115.5 7.0 36.0 -16.8
115.5 7.0 36.0 -16.8
115.6 7.0 44.0 -16.8
115.6 7.0 44.0 -16.8
115.6 10.0 59.0 -18.0
115.7 5.0 26.0 -16.8
115.7 5.0 26.0 -16.8
115.7 5.0 26.0 -16.8
115.7 5.0 26.0 -16.8
115.7 5.0 26.0 -16.8
115.7 5.0 26.0 -16.8
115.7 5.0 26.0 -16.8
115.7 5.0 26.0 -16.8
115.7 5.0 26.0 -16.8
115.7 5.0 26.0 -16.8
115.7 5.0 26.0 -16.8
115.7 5.0 26.0 -16.8
115.7 5.0 26.0 -16.8
115.7 5.0 26.0 -16.8
115.7 5.0 26.0 -16.8
115.7 7.0 36.0 -18.0
115.8 8.0 55.0 -18.0
115.8 8.0 45.0 -15.6
115.9 8.0 47.0 -18.0
115.9 9.0 57.0 -18.0
115.9 7.0 34.0 -14.4
115.9 9.0 57.0 -18.0
116.0 7.0 47.0 -16.8
116.0 9.0 48.0 -16.8
116.0 7.0 34.0 -18.0
116.0 8.0 40.0 -16.8
116.0 7.0 34.0 -18.0
116.0 7.0 34.0 -18.0
116.1 6.0 33.0 -16.8
116.1 7.0 36.0 -18.0
116.1 6.0 35.0 -15.6
116.2 8.0 48.0 -15.6
116.2 7.0 34.0 -19.2
116.2 7.0 34.0 -19.2
116.2 8.0 48.0 -15.6
116.2 7.0 42.0 -16.8
116.2 9.0 57.0 -18.0
116.2 7.0 34.0 -19.2
116.3 7.0 35.0 -16.8
116.3 10.0 62.0 -19.2
116.3 7.0 35.0 -16.8
116.3 7.0 34.0 -15.6
116.3 10.0 61.0 -18.0
116.3 8.0 52.0 -18.0
116.4 5.0 29.0 -16.8
116.4 5.0 29.0 -16.8
116.4 5.0 29.0 -16.8
116.4 5.0 29.0 -16.8
116.4 5.0 29.0 -16.8
116.4 5.0 29.0 -16.8
116.5 6.0 33.0 -16.8
116.6 7.0 38.0 -18.0
116.6 7.0 45.0 -16.8
116.8 8.0 48.0 -16.8
116.8 8.0 39.0 -16.8
116.8 8.0 39.0 -16.8
117.0 8.0 41.0 -19.2
117.0 8.0 55.0 -18.0
117.0 9.0 51.0 -15.6
117.1 8.0 48.0 -19.2
117.1 9.0 56.0 -18.0
117.1 6.0 32.0 -15.6
117.1 8.0 50.0 -18.0
117.1 10.0 57.0 -18.0
117.2 7.0 34.0 -16.8
117.2 8.0 46.0 -18.0
117.2 7.0 38.0 -18.0
117.2 8.0 46.0 -16.8
117.2 6.0 36.0 -16.8
117.2 8.0 46.0 -18.0
117.2 9.0 42.0 -19.2
117.2 8.0 38.0 -16.8
117.3 5.0 31.0 -16.8
117.3 5.0 31.0 -16.8
117.3 8.0 42.0 -18.0
117.3 5.0 31.0 -16.8
117.4 6.0 41.0 -18.0
117.4 6.0 41.0 -18.0
117.5 9.0 53.0 -18.0
117.5 8.0 45.0 -18.0
117.5 6.0 32.0 -15.6
117.6 8.0 40.0 -18.0
117.6 6.0 37.0 -15.6
117.6 6.0 30.0 -16.8
117.6 6.0 30.0 -16.8
117.6 9.0 46.0 -16.8
117.6 6.0 30.0 -16.8
117.7 10.0 57.0 -19.2
117.8 6.0 30.0 -18.0
117.8 6.0 30.0 -18.0
117.8 6.0 30.0 -18.0
117.8 6.0 30.0 -18.0
117.8 7.0 44.0 -16.8
117.8 6.0 30.0 -18.0
117.9 7.0 37.0 -16.8
117.9 7.0 40.0 -16.8
117.9 7.0 40.0 -16.8
118.0 7.0 41.0 -15.6
118.0 8.0 54.0 -18.0
118.1 6.0 38.0 -16.8
118.1 7.0 40.0 -18.0
118.1 6.0 38.0 -16.8
118.2 7.0 36.0 -18.0
118.2 6.0 35.0 -15.6
118.2 7.0 36.0 -18.0
118.2 8.0 48.0 -18.0
118.2 6.0 35.0 -15.6
118.2 9.0 45.0 -18.0
118.3 6.0 33.0 -16.8
118.3 6.0 33.0 -16.8
118.3 6.0 33.0 -16.8
118.3 6.0 33.0 -16.8
118.3 6.0 33.0 -16.8
118.4 8.0 39.0 -18.0
118.5 7.0 45.0 -18.0
118.5 6.0 33.0 -18.0
118.5 6.0 33.0 -18.0
118.5 7.0 44.0 -16.8
118.5 10.0 53.0 -18.0
118.6 9.0 41.0 -18.0
118.6 6.0 34.0 -15.6
118.6 8.0 48.0 -18.0
118.7 7.0 38.0 -15.6
118.7 5.0 29.0 -15.6
118.7 5.0 29.0 -15.6
118.7 9.0 50.0 -18.0
118.7 9.0 50.0 -18.0
118.7 6.0 30.0 -15.6
118.7 6.0 30.0 -15.6
118.8 8.0 46.0 -18.0
118.8 8.0 38.0 -18.0
118.8 8.0 44.0 -15.6
118.9 9.0 48.0 -16.8
118.9 9.0 49.0 -18.0
119.0 9.0 52.0 -19.2
119.0 8.0 40.0 -15.6
119.0 10.0 56.0 -18.0
119.0 8.0 44.0 -19.2
119.0 8.0 44.0 -19.2
119.0 8.0 43.0 -18.0
119.1 8.0 42.0 -18.0
119.1 6.0 30.0 -15.6
119.2 6.0 35.0 -16.8
119.2 8.0 40.0 -16.8
119.2 6.0 35.0 -16.8
119.2 8.0 48.0 -16.8
119.3 8.0 40.0 -15.6
119.3 8.0 51.0 -19.2
119.3 9.0 49.0 -20.4
119.3 8.0 48.0 -16.8
119.4 6.0 35.0 -18.0
119.4 9.0 46.0 -16.8
119.4 7.0 36.0 -15.6
119.5 9.0 42.0 -18.0
119.5 8.0 41.0 -18.0
119.5 6.0 33.0 -15.6
119.5 9.0 52.0 -15.6
119.5 8.0 41.0 -18.0
119.5 6.0 33.0 -15.6
119.6 8.0 51.0 -16.8
119.6 6.0 33.0 -16.8
119.7 7.0 38.0 -18.0
119.7 10.0 56.0 -19.2
119.8 7.0 45.0 -15.6
119.9 5.0 29.0 -15.6
119.9 5.0 29.0 -15.6
119.9 5.0 29.0 -15.6
120.0 7.0 42.0 -19.2
120.0 9.0 45.0 -18.0
120.0 7.0 42.0 -19.2
120.0 8.0 44.0 -18.0
120.0 9.0 52.0 -20.4
120.0 9.0 46.0 -18.0
120.1 7.0 37.0 -18.0
120.1 7.0 37.0 -18.0
120.1 7.0 37.0 -18.0
120.2 7.0 40.0 -15.6
120.3 10.0 62.0 -16.8
120.3 6.0 35.0 -14.4
120.4 7.0 40.0 -16.8
120.4 5.0 29.0 -15.6
120.4 5.0 29.0 -15.6
120.4 8.0 42.0 -15.6
120.4 9.0 52.0 -20.4
120.4 5.0 29.0 -15.6
120.4 5.0 29.0 -15.6
120.5 10.0 55.0 -18.0
120.5 10.0 55.0 -18.0
120.7 9.0 55.0 -16.8
120.7 6.0 36.0 -15.6
120.8 8.0 37.0 -19.2
120.8 8.0 37.0 -19.2
120.8 8.0 37.0 -19.2
120.8 8.0 37.0 -19.2
120.8 8.0 37.0 -19.2
120.8 8.0 37.0 -19.2
120.8 8.0 37.0 -19.2
120.9 10.0 59.0 -19.2
120.9 10.0 58.0 -19.2
120.9 8.0 44.0 -18.0
120.9 10.0 58.0 -19.2
120.9 9.0 48.0 -16.8
120.9 7.0 37.0 -15.6
120.9 8.0 46.0 -18.0
121.0 9.0 48.0 -19.2
121.0 9.0 48.0 -19.2
121.0 10.0 59.0 -18.0
121.2 6.0 36.0 -15.6
121.2 6.0 36.0 -15.6
121.2 7.0 36.0 -16.8
121.2 7.0 34.0 -18.0
121.2 7.0 34.0 -18.0
121.3 8.0 54.0 -16.8
121.4 7.0 39.0 -15.6
121.4 9.0 59.0 -19.2
121.5 6.0 30.0 -18.0
121.5 6.0 30.0 -18.0
121.5 6.0 30.0 -18.0
121.6 9.0 44.0 -19.2
121.6 9.0 44.0 -19.2
121.7 8.0 45.0 -16.8
121.7 9.0 47.0 -16.8
121.7 6.0 42.0 -15.6
121.8 8.0 42.0 -16.8
121.8 8.0 42.0 -16.8
121.8 8.0 43.0 -16.8
122.0 10.0 59.0 -19.2
122.0 8.0 41.0 -18.0
122.0 6.0 32.0 -18.0
122.0 6.0 32.0 -18.0
122.0 7.0 45.0 -16.8
122.1 8.0 39.0 -18.0
122.1 9.0 56.0 -19.2
122.1 9.0 54.0 -16.8
122.2 7.0 33.0 -16.8
122.2 7.0 33.0 -16.8
122.2 8.0 42.0 -18.0
122.3 9.0 46.0 -19.2
122.3 6.0 33.0 -15.6
122.3 9.0 52.0 -19.2
122.3 8.0 54.0 -19.2
122.4 7.0 44.0 -18.0
122.4 7.0 44.0 -18.0
122.4 8.0 42.0 -19.2
122.4 8.0 42.0 -19.2
122.4 8.0 42.0 -19.2
122.5 7.0 42.0 -19.2
122.5 8.0 44.0 -18.0
122.5 7.0 42.0 -19.2
122.6 8.0 48.0 -18.0
122.6 9.0 43.0 -18.0
122.7 7.0 38.0 -16.8
122.7 9.0 52.0 -19.2
122.7 8.0 37.0 -16.8
122.8 6.0 30.0 -16.8
122.9 7.0 36.0 -16.8
122.9 7.0 36.0 -16.8
122.9 9.0 52.0 -20.4
123.1 6.0 35.0 -18.0
123.1 8.0 37.0 -18.0
123.1 8.0 52.0 -18.0
123.1 6.0 35.0 -18.0
123.1 6.0 35.0 -18.0
123.1 8.0 49.0 -16.8
123.2 9.0 49.0 -19.2
123.2 8.0 41.0 -19.2
123.3 7.0 39.0 -18.0
123.3 7.0 39.0 -18.0
123.4 8.0 40.0 -16.8
123.4 7.0 34.0 -18.0
123.4 10.0 50.0 -18.0
123.4 9.0 53.0 -18.0
123.5 6.0 33.0 -16.8
123.5 7.0 46.0 -15.6
123.5 6.0 34.0 -18.0
123.5 6.0 34.0 -18.0
123.6 10.0 55.0 -19.2
123.6 7.0 34.0 -19.2
123.6 7.0 34.0 -19.2
123.6 7.0 34.0 -19.2
123.6 7.0 34.0 -19.2
123.6 7.0 34.0 -19.2
123.6 9.0 43.0 -19.2
123.6 10.0 50.0 -19.2
123.6 11.0 71.0 -20.4
123.6 7.0 34.0 -19.2
123.7 7.0 35.0 -16.8
123.7 7.0 46.0 -15.6
123.7 7.0 35.0 -16.8
123.7 7.0 35.0 -16.8
123.8 9.0 45.0 -18.0
123.8 10.0 60.0 -19.2
123.8 7.0 38.0 -16.8
123.8 7.0 38.0 -16.8
123.8 6.0 30.0 -16.8
123.8 6.0 30.0 -16.8
123.8 6.0 30.0 -16.8
123.8 8.0 40.0 -16.8
123.9 9.0 51.0 -19.2
123.9 8.0 44.0 -19.2
123.9 7.0 36.0 -18.0
124.0 7.0 38.0 -18.0
124.0 6.0 30.0 -18.0
124.0 9.0 55.0 -19.2
124.0 6.0 30.0 -18.0
124.0 9.0 56.0 -16.8
124.0 9.0 55.0 -19.2
124.1 8.0 37.0 -16.8
124.1 6.0 38.0 -18.0
124.1 8.0 46.0 -18.0
124.1 6.0 38.0 -18.0
124.1 6.0 38.0 -18.0
124.2 8.0 47.0 -15.6
124.3 8.0 48.0 -18.0
124.3 9.0 46.0 -19.2
124.3 10.0 61.0 -18.0
124.3 7.0 36.0 -18.0
124.3 7.0 36.0 -18.0
124.4 6.0 35.0 -16.8
124.4 6.0 35.0 -16.8
124.4 8.0 39.0 -18.0
124.4 8.0 53.0 -18.0
124.4 8.0 53.0 -18.0
124.4 6.0 35.0 -16.8
124.5 6.0 33.0 -16.8
124.5 6.0 33.0 -16.8
124.5 6.0 33.0 -16.8
124.5 8.0 51.0 -19.2
124.5 9.0 48.0 -15.6
124.6 9.0 42.0 -19.2
124.6 7.0 34.0 -16.8
124.7 6.0 33.0 -18.0
124.7 5.0 31.0 -16.8
124.7 5.0 31.0 -16.8
124.7 5.0 31.0 -16.8
124.7 6.0 33.0 -18.0
124.7 7.0 45.0 -18.0
124.7 5.0 31.0 -16.8
124.7 5.0 31.0 -16.8
124.7 8.0 46.0 -16.8
124.8 8.0 49.0 -18.0
124.8 5.0 29.0 -18.0
124.8 5.0 29.0 -18.0
124.8 6.0 41.0 -18.0
124.8 5.0 29.0 -18.0
124.8 5.0 29.0 -18.0
124.8 5.0 29.0 -18.0
124.8 5.0 29.0 -18.0
124.8 8.0 40.0 -19.2
124.8 5.0 29.0 -18.0
124.8 5.0 29.0 -18.0
124.8 8.0 38.0 -18.0
124.9 7.0 34.0 -16.8
124.9 5.0 29.0 -14.4
125.0 6.0 30.0 -16.8
125.0 6.0 30.0 -16.8
125.0 6.0 30.0 -16.8
125.0 10.0 48.0 -18.0
125.0 6.0 30.0 -16.8
125.0 6.0 30.0 -16.8
125.1 8.0 49.0 -19.2
125.2 7.0 39.0 -19.2
125.2 7.0 39.0 -19.2
125.2 7.0 39.0 -19.2
125.2 7.0 39.0 -19.2
125.3 7.0 37.0 -16.8
125.3 7.0 37.0 -16.8
125.3 8.0 49.0 -20.4
125.3 10.0 56.0 -16.8
125.4 10.0 57.0 -19.2
125.4 8.0 40.0 -18.0
125.4 7.0 38.0 -18.0
125.4 10.0 61.0 -16.8
125.5 6.0 38.0 -16.8
125.5 9.0 55.0 -19.2
125.6 8.0 45.0 -18.0
125.6 7.0 36.0 -18.0
125.6 6.0 36.0 -18.0
125.6 6.0 36.0 -18.0
125.6 10.0 59.0 -19.2
125.6 7.0 36.0 -18.0
125.7 6.0 33.0 -16.8
125.7 6.0 33.0 -16.8
125.7 6.0 33.0 -16.8
125.7 6.0 33.0 -16.8
125.7 6.0 33.0 -16.8
125.8 7.0 37.0 -16.8
125.8 7.0 37.0 -18.0
125.8 7.0 37.0 -18.0
125.8 8.0 40.0 -19.2
125.8 7.0 37.0 -18.0
125.8 9.0 41.0 -16.8
125.9 9.0 55.0 -19.2
126.0 10.0 59.0 -19.2
126.0 8.0 38.0 -16.8
126.0 8.0 38.0 -16.8
126.0 8.0 46.0 -19.2
126.0 8.0 46.0 -19.2
126.1 10.0 59.0 -20.4
126.1 5.0 29.0 -15.6
126.2 8.0 38.0 -18.0
126.2 9.0 47.0 -18.0
126.4 10.0 54.0 -20.4
126.4 8.0 44.0 -19.2
126.5 8.0 42.0 -18.0
126.5 8.0 47.0 -18.0
126.6 6.0 35.0 -16.8
126.6 6.0 35.0 -16.8
126.6 7.0 40.0 -15.6
126.7 9.0 49.0 -20.4
126.7 8.0 41.0 -16.8
126.8 6.0 35.0 -18.0
126.8 6.0 35.0 -18.0
126.9 8.0 41.0 -18.0
126.9 8.0 50.0 -16.8
126.9 11.0 62.0 -21.6
126.9 7.0 36.0 -15.6
127.0 9.0 57.0 -19.2
127.0 6.0 40.0 -18.0
127.0 6.0 40.0 -18.0
127.1 7.0 33.0 -19.2
127.1 7.0 33.0 -19.2
127.1 7.0 37.0 -16.8
127.1 7.0 37.0 -16.8
127.3 10.0 53.0 -15.6
127.3 11.0 65.0 -19.2
127.5 7.0 37.0 -18.0
127.5 8.0 45.0 -19.2
127.5 7.0 37.0 -18.0
127.5 7.0 37.0 -18.0
127.6 9.0 46.0 -18.0
127.6 7.0 42.0 -18.0
127.6 6.0 39.0 -18.0
127.6 8.0 56.0 -19.2
127.6 8.0 49.0 -18.0
127.7 9.0 49.0 -19.2
127.7 9.0 52.0 -16.8
127.8 7.0 47.0 -18.0
127.8 7.0 40.0 -16.8
127.8 8.0 42.0 -16.8
127.9 6.0 35.0 -14.4
127.9 8.0 45.0 -18.0
127.9 9.0 58.0 -19.2
128.0 8.0 37.0 -18.0
128.0 9.0 53.0 -18.0
128.2 10.0 62.0 -20.4
128.2 9.0 50.0 -18.0
128.3 9.0 46.0 -19.2
128.6 8.0 43.0 -19.2
128.6 7.0 34.0 -18.0
128.6 7.0 35.0 -19.2
128.6 7.0 35.0 -19.2
128.6 10.0 50.0 -18.0
128.6 7.0 35.0 -19.2
128.7 12.0 64.0 -18.0
128.7 11.0 77.0 -20.4
128.7 12.0 64.0 -18.0
128.7 10.0 55.0 -20.4
128.8 8.0 42.0 -20.4
128.8 7.0 46.0 -16.8
128.8 8.0 42.0 -20.4
128.8 10.0 61.0 -20.4
128.9 8.0 43.0 -18.0
128.9 8.0 43.0 -15.6
129.0 8.0 37.0 -19.2
129.0 8.0 43.0 -19.2
129.0 8.0 43.0 -19.2
129.1 10.0 62.0 -20.4
129.1 8.0 39.0 -19.2
129.1 8.0 39.0 -19.2
129.1 8.0 39.0 -19.2
129.2 8.0 37.0 -20.4
129.2 7.0 39.0 -19.2
129.3 8.0 45.0 -19.2
129.3 7.0 38.0 -19.2
129.3 9.0 50.0 -20.4
129.3 9.0 50.0 -20.4
129.3 9.0 50.0 -20.4
129.3 8.0 37.0 -16.8
129.4 6.0 32.0 -18.0
129.4 8.0 42.0 -19.2
129.4 6.0 32.0 -18.0
129.4 6.0 32.0 -18.0
129.4 6.0 32.0 -18.0
129.4 6.0 32.0 -18.0
129.4 6.0 32.0 -18.0
129.4 8.0 47.0 -18.0
129.4 7.0 34.0 -18.0
129.4 10.0 59.0 -19.2
129.5 7.0 36.0 -18.0
129.5 8.0 39.0 -18.0
129.6 7.0 34.0 -18.0
129.6 7.0 34.0 -18.0
129.6 9.0 49.0 -20.4
129.7 8.0 50.0 -18.0
129.8 5.0 29.0 -16.8
129.8 6.0 32.0 -18.0
129.8 6.0 32.0 -18.0
129.8 5.0 29.0 -16.8
129.8 5.0 29.0 -16.8
129.8 5.0 29.0 -16.8
129.8 6.0 32.0 -18.0
129.9 6.0 30.0 -19.2
129.9 9.0 41.0 -18.0
129.9 6.0 30.0 -19.2
129.9 6.0 30.0 -19.2
129.9 6.0 30.0 -19.2
129.9 6.0 30.0 -19.2
129.9 6.0 30.0 -19.2
129.9 8.0 40.0 -20.4
129.9 6.0 30.0 -19.2
129.9 7.0 42.0 -19.2
129.9 7.0 42.0 -19.2
130.0 7.0 39.0 -15.6
130.2 6.0 30.0 -16.8
130.2 8.0 49.0 -20.4
130.2 7.0 39.0 -18.0
130.2 8.0 49.0 -20.4
130.2 8.0 51.0 -19.2
130.2 10.0 45.0 -20.4
130.2 8.0 41.0 -18.0
130.2 9.0 50.0 -20.4
130.3 7.0 36.0 -18.0
130.3 8.0 40.0 -20.4
130.4 8.0 40.0 -16.8
130.4 10.0 54.0 -20.4
130.4 10.0 50.0 -19.2
130.4 10.0 54.0 -20.4
130.5 9.0 53.0 -18.0
130.5 6.0 35.0 -18.0
130.5 8.0 39.0 -19.2
130.6 6.0 33.0 -19.2
130.6 8.0 47.0 -18.0
130.6 9.0 54.0 -16.8
130.6 6.0 33.0 -19.2
130.6 9.0 49.0 -19.2
130.6 6.0 33.0 -19.2
130.6 8.0 41.0 -19.2
130.6 6.0 33.0 -19.2
130.6 7.0 45.0 -19.2
130.7 6.0 33.0 -15.6
130.7 9.0 46.0 -20.4
130.7 8.0 39.0 -20.4
130.7 9.0 46.0 -20.4
130.7 8.0 39.0 -20.4
130.7 9.0 46.0 -20.4
130.8 7.0 34.0 -18.0
130.8 7.0 34.0 -18.0
130.9 6.0 34.0 -18.0
130.9 9.0 50.0 -19.2
130.9 6.0 34.0 -18.0
130.9 6.0 34.0 -18.0
130.9 6.0 34.0 -18.0
131.0 9.0 64.0 -19.2
131.1 10.0 59.0 -20.4
131.1 8.0 38.0 -20.4
131.2 7.0 43.0 -18.0
131.2 8.0 42.0 -19.2
131.3 7.0 36.0 -18.0
131.3 7.0 36.0 -18.0
131.4 7.0 40.0 -19.2
131.4 6.0 30.0 -18.0
131.4 8.0 42.0 -20.4
131.4 8.0 42.0 -20.4
131.5 8.0 44.0 -18.0
131.6 7.0 45.0 -18.0
131.6 7.0 45.0 -18.0
131.6 9.0 52.0 -18.0
131.6 8.0 41.0 -18.0
131.7 7.0 36.0 -18.0
131.7 9.0 46.0 -19.2
131.7 7.0 36.0 -18.0
131.7 7.0 36.0 -18.0
131.7 10.0 48.0 -20.4
131.7 7.0 41.0 -18.0
131.7 11.0 64.0 -20.4
131.7 7.0 40.0 -16.8
131.8 6.0 35.0 -16.8
131.8 8.0 46.0 -19.2
131.8 8.0 41.0 -20.4
131.8 8.0 46.0 -19.2
131.8 10.0 55.0 -19.2
131.9 6.0 33.0 -16.8
131.9 8.0 51.0 -19.2
132.0 9.0 42.0 -19.2
132.0 8.0 50.0 -18.0
132.1 6.0 33.0 -18.0
132.1 7.0 44.0 -16.8
132.1 7.0 45.0 -18.0
132.2 9.0 46.0 -20.4
132.2 5.0 29.0 -18.0
132.2 5.0 29.0 -18.0
132.2 5.0 29.0 -18.0
132.2 5.0 29.0 -18.0
132.2 5.0 29.0 -18.0
132.2 5.0 29.0 -18.0
132.2 5.0 29.0 -18.0
132.2 9.0 49.0 -20.4
132.2 5.0 29.0 -18.0
132.2 5.0 29.0 -18.0
132.2 5.0 29.0 -18.0
132.2 5.0 29.0 -18.0
132.2 5.0 29.0 -18.0
132.3 8.0 37.0 -18.0
132.3 8.0 37.0 -18.0
132.4 10.0 50.0 -20.4
132.5 8.0 37.0 -19.2
132.5 8.0 49.0 -19.2
132.5 8.0 37.0 -19.2
132.6 7.0 39.0 -19.2
132.7 7.0 40.0 -19.2
132.8 11.0 68.0 -20.4
132.8 7.0 38.0 -18.0
132.8 7.0 38.0 -18.0
132.8 8.0 49.0 -20.4
132.8 6.0 35.0 -16.8
132.8 7.0 44.0 -19.2
132.8 10.0 49.0 -19.2
132.9 7.0 45.0 -18.0
132.9 11.0 62.0 -19.2
132.9 8.0 37.0 -20.4
133.0 9.0 60.0 -19.2
133.0 9.0 60.0 -19.2
133.0 6.0 36.0 -18.0
133.0 6.0 36.0 -18.0
133.0 6.0 36.0 -18.0
133.1 8.0 42.0 -16.8
133.2 8.0 40.0 -19.2
133.2 9.0 52.0 -19.2
133.3 7.0 34.0 -18.0
133.3 7.0 34.0 -18.0
133.4 9.0 53.0 -19.2
133.5 7.0 39.0 -16.8
133.6 8.0 46.0 -19.2
133.6 8.0 44.0 -18.0
133.6 8.0 49.0 -18.0
133.7 8.0 51.0 -16.8
133.7 8.0 40.0 -18.0
133.7 9.0 44.0 -20.4
133.7 12.0 69.0 -20.4
133.7 7.0 39.0 -18.0
133.9 9.0 49.0 -19.2
134.0 9.0 53.0 -19.2
134.0 6.0 35.0 -16.8
134.0 6.0 35.0 -16.8
134.0 6.0 35.0 -16.8
134.1 10.0 52.0 -19.2
134.1 7.0 45.0 -18.0
134.1 10.0 59.0 -16.8
134.1 12.0 68.0 -20.4
134.2 10.0 53.0 -18.0
134.2 8.0 45.0 -20.4
134.3 6.0 36.0 -15.6
134.3 6.0 36.0 -15.6
134.4 8.0 39.0 -20.4
134.4 9.0 41.0 -19.2
134.4 8.0 39.0 -20.4
134.4 8.0 46.0 -16.8
134.5 7.0 33.0 -19.2
134.5 7.0 33.0 -19.2
134.5 9.0 56.0 -20.4
134.6 6.0 33.0 -18.0
134.6 9.0 56.0 -19.2
134.6 10.0 59.0 -19.2
134.7 8.0 46.0 -19.2
134.8 7.0 42.0 -16.8
134.8 9.0 58.0 -20.4
134.8 8.0 44.0 -20.4
134.8 9.0 41.0 -20.4
134.9 8.0 40.0 -19.2
134.9 6.0 30.0 -18.0
134.9 8.0 48.0 -20.4
134.9 7.0 42.0 -18.0
134.9 9.0 53.0 -21.6
135.0 6.0 39.0 -18.0
135.0 9.0 41.0 -21.6
135.0 8.0 43.0 -20.4
135.1 8.0 40.0 -16.8
135.1 10.0 54.0 -21.6
135.2 7.0 36.0 -19.2
135.2 12.0 67.0 -20.4
135.2 8.0 50.0 -20.4
135.3 9.0 50.0 -21.6
135.3 10.0 54.0 -22.8
135.3 8.0 46.0 -19.2
135.3 8.0 46.0 -19.2
135.3 10.0 55.0 -19.2
135.4 9.0 52.0 -19.2
135.4 6.0 33.0 -15.6
135.4 7.0 40.0 -18.0
135.4 8.0 49.0 -19.2
135.5 10.0 53.0 -18.0
135.6 6.0 33.0 -18.0
135.6 10.0 52.0 -20.4
135.6 6.0 33.0 -18.0
135.6 7.0 36.0 -19.2
135.6 8.0 41.0 -18.0
135.6 6.0 33.0 -18.0
135.7 8.0 40.0 -19.2
135.7 7.0 34.0 -20.4
135.7 7.0 34.0 -20.4
135.7 7.0 34.0 -20.4
135.8 6.0 33.0 -19.2
135.8 10.0 53.0 -18.0
135.8 10.0 61.0 -20.4
135.8 6.0 33.0 -19.2
135.8 6.0 33.0 -19.2
135.9 8.0 49.0 -19.2
135.9 7.0 37.0 -19.2
136.0 7.0 34.0 -18.0
136.0 7.0 35.0 -19.2
136.0 10.0 51.0 -20.4
136.0 9.0 51.0 -19.2
136.0 10.0 50.0 -18.0
136.1 7.0 38.0 -19.2
136.1 7.0 38.0 -19.2
136.2 7.0 41.0 -16.8
136.2 8.0 48.0 -20.4
136.3 8.0 39.0 -18.0
136.4 7.0 47.0 -19.2
136.4 8.0 43.0 -19.2
136.5 10.0 55.0 -19.2
136.5 8.0 39.0 -19.2
136.6 9.0 58.0 -18.0
136.6 8.0 48.0 -20.4
136.6 8.0 48.0 -20.4
136.6 10.0 59.0 -18.0
136.6 9.0 56.0 -19.2
136.7 7.0 38.0 -19.2
136.7 9.0 42.0 -20.4
136.9 8.0 45.0 -20.4
136.9 9.0 42.0 -21.6
137.0 7.0 34.0 -18.0
137.0 9.0 53.0 -19.2
137.1 8.0 40.0 -19.2
137.1 8.0 40.0 -19.2
137.2 10.0 63.0 -20.4
137.2 10.0 57.0 -20.4
137.2 5.0 29.0 -16.8
137.3 10.0 50.0 -21.6
137.3 6.0 30.0 -19.2
137.3 8.0 51.0 -20.4
137.3 8.0 40.0 -20.4
137.3 6.0 30.0 -19.2
137.3 7.0 44.0 -18.0
137.3 8.0 40.0 -20.4
137.4 12.0 58.0 -20.4
137.5 7.0 36.0 -18.0
137.5 10.0 61.0 -19.2
137.6 7.0 40.0 -19.2
137.6 7.0 39.0 -18.0
137.7 8.0 40.0 -20.4
137.7 8.0 50.0 -20.4
137.9 8.0 38.0 -18.0
137.9 7.0 36.0 -18.0
138.0 6.0 33.0 -19.2
138.0 6.0 33.0 -19.2
138.0 6.0 33.0 -19.2
138.0 6.0 33.0 -19.2
138.1 7.0 44.0 -16.8
138.1 9.0 41.0 -19.2
138.1 9.0 47.0 -20.4
138.2 9.0 43.0 -18.0
138.3 8.0 38.0 -19.2
138.3 8.0 38.0 -19.2
138.4 5.0 29.0 -18.0
138.4 5.0 29.0 -18.0
138.4 9.0 43.0 -19.2
138.4 5.0 29.0 -18.0
138.4 5.0 29.0 -18.0
138.4 5.0 29.0 -18.0
138.4 5.0 29.0 -18.0
138.5 8.0 38.0 -20.4
138.6 12.0 74.0 -21.6
138.6 7.0 39.0 -18.0
138.6 8.0 42.0 -19.2
138.6 9.0 53.0 -21.6
138.6 8.0 42.0 -19.2
138.6 9.0 53.0 -21.6
138.7 7.0 36.0 -18.0
138.7 9.0 44.0 -18.0
138.7 8.0 40.0 -18.0
138.7 7.0 36.0 -18.0
138.8 8.0 40.0 -16.8
138.8 7.0 39.0 -19.2
138.8 9.0 49.0 -20.4
138.8 7.0 40.0 -19.2
138.8 7.0 39.0 -19.2
138.9 6.0 35.0 -19.2
138.9 6.0 35.0 -19.2
138.9 8.0 49.0 -20.4
138.9 6.0 35.0 -19.2
138.9 6.0 35.0 -19.2
138.9 6.0 35.0 -19.2
138.9 6.0 35.0 -19.2
139.0 9.0 43.0 -19.2
139.0 8.0 40.0 -18.0
139.0 9.0 51.0 -19.2
139.0 7.0 38.0 -18.0
139.2 9.0 43.0 -20.4
139.2 9.0 43.0 -20.4
139.3 9.0 51.0 -20.4
139.4 7.0 37.0 -16.8
139.4 8.0 45.0 -20.4
139.4 9.0 47.0 -20.4
139.5 9.0 47.0 -18.0
139.7 8.0 37.0 -18.0
139.7 7.0 42.0 -19.2
139.7 9.0 46.0 -20.4
139.8 9.0 49.0 -20.4
139.9 8.0 43.0 -18.0
140.0 9.0 48.0 -20.4
140.0 8.0 43.0 -18.0
140.0 8.0 43.0 -18.0
140.1 7.0 40.0 -19.2
140.1 11.0 56.0 -21.6
140.1 9.0 53.0 -21.6
140.1 7.0 40.0 -16.8
140.2 9.0 52.0 -20.4
140.2 6.0 35.0 -16.8
140.3 6.0 33.0 -18.0
140.3 9.0 51.0 -21.6
140.3 9.0 44.0 -19.2
140.4 9.0 53.0 -20.4
140.4 9.0 42.0 -20.4
140.4 9.0 49.0 -20.4
140.4 9.0 48.0 -20.4
140.4 9.0 42.0 -20.4
140.4 8.0 40.0 -18.0
140.4 9.0 53.0 -20.4
140.4 8.0 51.0 -18.0
140.6 7.0 37.0 -18.0
140.6 7.0 37.0 -18.0
140.7 7.0 34.0 -19.2
140.7 7.0 34.0 -19.2
140.8 12.0 66.0 -21.6
140.8 10.0 55.0 -21.6
140.8 9.0 55.0 -20.4
140.9 7.0 34.0 -20.4
140.9 7.0 34.0 -20.4
140.9 7.0 34.0 -20.4
141.0 8.0 54.0 -19.2
141.1 9.0 45.0 -20.4
141.2 9.0 48.0 -20.4
141.2 9.0 51.0 -20.4
141.2 9.0 44.0 -15.6
141.4 8.0 49.0 -18.0
141.5 8.0 42.0 -19.2
141.5 10.0 45.0 -18.0
141.6 8.0 46.0 -21.6
141.6 8.0 46.0 -21.6
141.6 8.0 37.0 -19.2
141.7 10.0 56.0 -20.4
141.7 11.0 70.0 -21.6
141.7 9.0 42.0 -18.0
141.8 11.0 57.0 -21.6
141.8 8.0 39.0 -20.4
141.9 8.0 46.0 -19.2
142.0 8.0 45.0 -19.2
142.0 8.0 45.0 -19.2
142.0 6.0 33.0 -18.0
142.2 8.0 44.0 -20.4
142.2 10.0 54.0 -20.4
142.2 10.0 63.0 -20.4
142.4 8.0 45.0 -19.2
142.4 11.0 66.0 -21.6
142.5 9.0 44.0 -19.2
142.5 7.0 44.0 -18.0
142.5 11.0 60.0 -20.4
142.5 6.0 30.0 -19.2
142.5 6.0 30.0 -19.2
142.5 9.0 48.0 -20.4
142.7 9.0 53.0 -20.4
142.7 8.0 40.0 -19.2
142.8 10.0 54.0 -22.8
142.8 10.0 61.0 -20.4
142.8 8.0 38.0 -20.4
142.9 9.0 48.0 -21.6
143.0 6.0 33.0 -18.0
143.0 6.0 33.0 -18.0
143.0 11.0 71.0 -21.6
143.1 8.0 40.0 -19.2
143.1 12.0 76.0 -22.8
143.1 7.0 34.0 -20.4
143.1 7.0 34.0 -20.4
143.1 7.0 34.0 -20.4
143.1 7.0 34.0 -20.4
143.2 6.0 33.0 -19.2
143.2 6.0 33.0 -19.2
143.2 8.0 50.0 -20.4
143.2 6.0 33.0 -19.2
143.2 10.0 58.0 -18.0
143.2 6.0 33.0 -19.2
143.4 13.0 74.0 -21.6
143.4 9.0 55.0 -20.4
143.5 6.0 30.0 -19.2
143.5 9.0 53.0 -20.4
143.5 8.0 43.0 -19.2
143.5 6.0 30.0 -19.2
143.5 9.0 48.0 -20.4
143.6 8.0 46.0 -19.2
143.6 10.0 67.0 -21.6
143.8 8.0 42.0 -19.2
143.8 8.0 49.0 -20.4
143.8 8.0 37.0 -19.2
143.8 8.0 37.0 -19.2
143.9 7.0 45.0 -20.4
143.9 7.0 45.0 -20.4
143.9 6.0 35.0 -18.0
143.9 9.0 43.0 -21.6
143.9 6.0 35.0 -18.0
144.0 8.0 47.0 -16.8
144.0 7.0 40.0 -19.2
144.0 9.0 46.0 -21.6
144.0 9.0 50.0 -21.6
144.0 8.0 48.0 -20.4
144.1 6.0 35.0 -19.2
144.1 8.0 46.0 -21.6
144.2 11.0 64.0 -21.6
144.2 6.0 33.0 -19.2
144.2 6.0 33.0 -19.2
144.2 6.0 33.0 -19.2
144.2 9.0 55.0 -20.4
144.2 9.0 55.0 -20.4
144.3 9.0 42.0 -21.6
144.3 8.0 45.0 -19.2
144.3 9.0 42.0 -21.6
144.3 7.0 36.0 -18.0
144.3 9.0 42.0 -21.6
144.3 8.0 45.0 -19.2
144.3 8.0 38.0 -19.2
144.4 10.0 57.0 -19.2
144.4 9.0 62.0 -19.2
144.5 8.0 40.0 -19.2
144.5 8.0 40.0 -19.2
144.5 9.0 51.0 -20.4
144.5 9.0 51.0 -20.4
144.6 10.0 58.0 -18.0
144.6 10.0 58.0 -18.0
144.6 9.0 44.0 -20.4
144.6 10.0 46.0 -20.4
144.7 7.0 39.0 -20.4
144.7 7.0 39.0 -20.4
144.7 8.0 43.0 -19.2
144.7 7.0 39.0 -20.4
144.8 8.0 46.0 -20.4
144.9 8.0 40.0 -19.2
145.0 7.0 40.0 -19.2
145.0 7.0 40.0 -19.2
145.0 7.0 39.0 -18.0
145.2 9.0 44.0 -21.6
145.3 8.0 40.0 -20.4
145.3 8.0 40.0 -20.4
145.4 8.0 46.0 -19.2
145.4 7.0 34.0 -19.2
145.4 8.0 42.0 -19.2
145.4 7.0 34.0 -19.2
145.4 6.0 36.0 -16.8
145.5 9.0 41.0 -19.2
145.5 7.0 36.0 -19.2
145.5 7.0 36.0 -19.2
145.5 7.0 37.0 -20.4
145.5 7.0 37.0 -20.4
145.5 7.0 37.0 -20.4
145.6 8.0 42.0 -20.4
145.6 9.0 54.0 -20.4
145.6 8.0 42.0 -20.4
145.8 5.0 29.0 -18.0
145.8 5.0 29.0 -18.0
145.8 5.0 29.0 -18.0
145.8 5.0 29.0 -18.0
145.8 5.0 29.0 -18.0
145.8 5.0 29.0 -18.0
145.8 9.0 49.0 -20.4
145.9 9.0 47.0 -21.6
145.9 10.0 61.0 -22.8
146.0 11.0 62.0 -21.6
146.1 7.0 37.0 -19.2
146.1 9.0 46.0 -19.2
146.3 10.0 47.0 -19.2
146.3 6.0 35.0 -19.2
146.3 7.0 37.0 -20.4
146.3 6.0 35.0 -19.2
146.3 6.0 35.0 -19.2
146.3 8.0 43.0 -19.2
146.5 11.0 64.0 -20.4
146.6 6.0 36.0 -18.0
146.6 6.0 36.0 -18.0
146.7 9.0 41.0 -21.6
146.8 8.0 45.0 -20.4
146.9 7.0 36.0 -19.2
147.0 10.0 52.0 -21.6
147.1 7.0 42.0 -19.2
147.2 9.0 44.0 -20.4
147.3 8.0 43.0 -19.2
147.4 10.0 49.0 -21.6
147.4 9.0 50.0 -22.8
147.4 9.0 44.0 -21.6
147.4 8.0 41.0 -20.4
147.4 11.0 61.0 -21.6
147.4 10.0 60.0 -19.2
147.4 10.0 60.0 -19.2
147.5 9.0 49.0 -19.2
147.5 10.0 51.0 -20.4
147.6 6.0 35.0 -16.8
147.6 9.0 53.0 -19.2
147.6 10.0 60.0 -20.4
147.7 6.0 33.0 -18.0
147.7 6.0 33.0 -18.0
147.7 6.0 33.0 -18.0
147.8 12.0 66.0 -22.8
147.8 9.0 46.0 -20.4
148.0 9.0 48.0 -21.6
148.0 9.0 57.0 -21.6
148.0 9.0 57.0 -21.6
148.0 11.0 65.0 -19.2
148.1 9.0 49.0 -19.2
148.2 12.0 68.0 -22.8
148.3 9.0 43.0 -20.4
148.3 9.0 56.0 -20.4
148.3 7.0 34.0 -20.4
148.3 8.0 42.0 -21.6
148.3 7.0 34.0 -20.4
148.3 12.0 68.0 -21.6
148.4 11.0 68.0 -21.6
148.4 11.0 62.0 -21.6
148.5 8.0 52.0 -20.4
148.5 10.0 57.0 -20.4
148.5 9.0 45.0 -20.4
148.6 7.0 36.0 -19.2
148.6 8.0 43.0 -20.4
148.7 8.0 37.0 -21.6
148.8 8.0 37.0 -18.0
148.9 9.0 43.0 -20.4
149.0 8.0 37.0 -19.2
149.0 9.0 46.0 -20.4
149.0 8.0 46.0 -21.6
149.0 12.0 63.0 -20.4
149.1 12.0 62.0 -21.6
149.1 8.0 41.0 -20.4
149.1 8.0 46.0 -20.4
149.1 8.0 41.0 -20.4
149.1 9.0 49.0 -21.6
149.1 7.0 45.0 -19.2
149.2 8.0 48.0 -20.4
149.2 7.0 43.0 -20.4
149.2 7.0 36.0 -20.4
149.3 7.0 34.0 -20.4
149.4 10.0 55.0 -20.4
149.4 8.0 44.0 -19.2
149.5 8.0 40.0 -18.0
149.5 5.0 29.0 -19.2
149.5 10.0 59.0 -22.8
149.5 9.0 44.0 -21.6
149.5 5.0 29.0 -19.2
149.5 5.0 29.0 -19.2
149.5 5.0 29.0 -19.2
149.5 5.0 29.0 -19.2
149.6 9.0 41.0 -20.4
149.6 9.0 55.0 -20.4
149.6 9.0 41.0 -20.4
149.7 8.0 49.0 -21.6
149.7 11.0 61.0 -21.6
149.7 11.0 61.0 -21.6
149.8 10.0 55.0 -19.2
149.8 11.0 64.0 -22.8
149.8 10.0 56.0 -21.6
149.9 9.0 47.0 -21.6
149.9 9.0 48.0 -20.4
149.9 7.0 39.0 -20.4
150.1 7.0 38.0 -19.2
150.2 8.0 38.0 -20.4
150.2 8.0 39.0 -21.6
150.3 6.0 36.0 -19.2
150.3 6.0 36.0 -19.2
150.4 6.0 33.0 -18.0
150.4 10.0 48.0 -21.6
150.5 10.0 45.0 -21.6
150.6 8.0 38.0 -21.6
150.6 10.0 48.0 -22.8
150.6 9.0 47.0 -21.6
150.6 8.0 38.0 -21.6
150.6 7.0 41.0 -20.4
150.7 9.0 43.0 -21.6
150.9 6.0 30.0 -19.2
150.9 6.0 30.0 -19.2
150.9 9.0 49.0 -21.6
150.9 11.0 66.0 -21.6
150.9 6.0 30.0 -19.2
150.9 11.0 54.0 -21.6
151.0 8.0 42.0 -18.0
151.0 7.0 36.0 -20.4
151.0 7.0 36.0 -20.4
151.1 9.0 43.0 -20.4
151.2 9.0 50.0 -20.4
151.2 9.0 48.0 -18.0
151.3 12.0 72.0 -22.8
151.3 8.0 40.0 -20.4
151.4 8.0 48.0 -20.4
151.4 8.0 38.0 -21.6
151.4 7.0 36.0 -20.4
151.4 6.0 33.0 -19.2
151.4 7.0 36.0 -20.4
151.4 6.0 33.0 -19.2
151.5 6.0 35.0 -19.2
151.5 8.0 46.0 -21.6
151.5 10.0 50.0 -21.6
151.5 11.0 59.0 -21.6
151.6 11.0 63.0 -24.0
151.6 6.0 33.0 -19.2
151.7 7.0 37.0 -19.2
151.7 10.0 59.0 -21.6
151.7 8.0 39.0 -20.4
151.8 9.0 43.0 -20.4
151.8 8.0 43.0 -20.4
151.8 8.0 43.0 -20.4
151.8 11.0 63.0 -20.4
151.9 9.0 51.0 -20.4
152.0 10.0 53.0 -22.8
152.0 9.0 44.0 -20.4
152.0 8.0 37.0 -20.4
152.0 8.0 37.0 -20.4
152.1 7.0 39.0 -20.4
152.1 9.0 48.0 -21.6
152.2 8.0 49.0 -21.6
152.3 7.0 36.0 -18.0
152.3 10.0 49.0 -20.4
152.4 9.0 44.0 -20.4
152.4 9.0 54.0 -20.4
152.5 9.0 42.0 -21.6
152.5 9.0 52.0 -18.0
152.6 8.0 41.0 -19.2
152.6 10.0 45.0 -19.2
152.6 9.0 50.0 -22.8
152.7 7.0 36.0 -18.0
152.7 9.0 60.0 -21.6
152.8 7.0 34.0 -19.2
152.9 7.0 37.0 -20.4
152.9 8.0 46.0 -20.4
152.9 10.0 48.0 -20.4
152.9 10.0 62.0 -20.4
153.1 9.0 47.0 -20.4
153.1 11.0 60.0 -22.8
153.3 9.0 47.0 -21.6
153.3 11.0 51.0 -22.8
153.4 9.0 45.0 -22.8
153.5 7.0 37.0 -19.2
153.6 9.0 43.0 -20.4
153.6 12.0 77.0 -21.6
153.7 8.0 45.0 -21.6
153.7 8.0 44.0 -20.4
153.7 8.0 37.0 -20.4
153.7 9.0 52.0 -21.6
153.7 8.0 37.0 -20.4
153.7 8.0 44.0 -20.4
153.8 7.0 38.0 -18.0
153.8 8.0 41.0 -20.4
153.9 9.0 50.0 -20.4
153.9 9.0 41.0 -20.4
153.9 9.0 49.0 -21.6
153.9 9.0 41.0 -20.4
153.9 9.0 41.0 -20.4
154.1 13.0 73.0 -24.0
154.1 9.0 46.0 -22.8
154.2 12.0 55.0 -21.6
154.2 12.0 55.0 -21.6
154.2 7.0 43.0 -19.2
154.2 9.0 56.0 -22.8
154.3 8.0 44.0 -19.2
154.3 10.0 54.0 -22.8
154.3 9.0 51.0 -19.2
154.5 9.0 41.0 -22.8
154.5 9.0 41.0 -22.8
154.6 10.0 64.0 -21.6
154.6 11.0 62.0 -22.8
154.6 12.0 63.0 -21.6
154.6 6.0 30.0 -20.4
154.6 11.0 66.0 -24.0
154.6 6.0 30.0 -20.4
154.6 6.0 30.0 -20.4
154.7 11.0 65.0 -22.8
154.7 10.0 57.0 -19.2
154.8 8.0 41.0 -20.4
154.8 8.0 40.0 -20.4
154.8 9.0 44.0 -21.6
154.8 6.0 35.0 -18.0
154.9 10.0 48.0 -21.6
154.9 8.0 51.0 -20.4
154.9 11.0 62.0 -22.8
155.0 8.0 40.0 -19.2
155.0 9.0 52.0 -22.8
155.1 8.0 47.0 -18.0
155.1 6.0 33.0 -18.0
155.2 9.0 48.0 -20.4
155.2 10.0 56.0 -22.8
155.2 10.0 57.0 -22.8
155.2 8.0 39.0 -20.4
155.3 8.0 41.0 -20.4
155.3 10.0 61.0 -21.6
155.3 6.0 33.0 -20.4
155.3 6.0 33.0 -20.4
155.3 11.0 64.0 -21.6
155.3 10.0 52.0 -22.8
155.4 9.0 47.0 -21.6
155.4 7.0 37.0 -20.4
155.4 9.0 46.0 -21.6
155.4 7.0 37.0 -20.4
155.4 12.0 69.0 -22.8
155.4 11.0 62.0 -20.4
155.4 7.0 37.0 -20.4
155.5 7.0 34.0 -19.2
155.6 10.0 49.0 -21.6
155.6 8.0 44.0 -19.2
155.6 9.0 51.0 -20.4
155.7 9.0 52.0 -22.8
155.7 10.0 45.0 -21.6
155.7 11.0 49.0 -24.0
155.8 9.0 47.0 -21.6
155.8 8.0 43.0 -20.4
155.8 12.0 67.0 -24.0
155.8 10.0 59.0 -22.8
155.8 11.0 62.0 -22.8
155.9 10.0 55.0 -21.6
156.0 9.0 43.0 -22.8
156.0 9.0 43.0 -22.8
156.1 8.0 37.0 -21.6
156.2 10.0 50.0 -24.0
156.3 9.0 43.0 -20.4
156.4 7.0 36.0 -19.2
156.5 9.0 49.0 -21.6
156.5 11.0 59.0 -22.8
156.5 8.0 46.0 -20.4
156.5 9.0 49.0 -21.6
156.5 9.0 43.0 -20.4
156.6 7.0 36.0 -20.4
156.7 8.0 40.0 -19.2
156.7 9.0 52.0 -19.2
156.7 7.0 34.0 -20.4
156.7 8.0 46.0 -21.6
156.7 7.0 34.0 -21.6
156.7 7.0 34.0 -21.6
156.7 7.0 34.0 -21.6
156.7 7.0 34.0 -21.6
156.7 8.0 46.0 -21.6
156.9 5.0 29.0 -19.2
156.9 5.0 29.0 -19.2
156.9 5.0 29.0 -19.2
156.9 5.0 29.0 -19.2
156.9 5.0 29.0 -19.2
156.9 5.0 29.0 -19.2
157.0 10.0 56.0 -22.8
157.1 10.0 58.0 -20.4
157.1 12.0 66.0 -21.6
157.2 9.0 45.0 -20.4
157.2 10.0 49.0 -22.8
157.2 8.0 40.0 -21.6
157.3 10.0 55.0 -21.6
157.3 7.0 39.0 -20.4
157.3 10.0 50.0 -20.4
157.4 7.0 37.0 -21.6
157.5 8.0 41.0 -21.6
157.5 9.0 58.0 -21.6
157.5 7.0 38.0 -19.2
157.7 6.0 36.0 -19.2
158.0 8.0 38.0 -21.6
158.1 8.0 46.0 -20.4
158.1 8.0 46.0 -20.4
158.4 8.0 49.0 -21.6
158.4 8.0 42.0 -20.4
158.5 10.0 58.0 -20.4
158.5 10.0 46.0 -24.0
158.5 10.0 46.0 -24.0
158.6 8.0 51.0 -19.2
158.7 8.0 41.0 -21.6
158.7 11.0 60.0 -22.8
158.8 10.0 53.0 -22.8
158.8 8.0 38.0 -21.6
158.8 9.0 45.0 -21.6
158.9 8.0 39.0 -19.2
158.9 9.0 52.0 -21.6
158.9 8.0 45.0 -21.6
159.1 8.0 46.0 -20.4
159.2 9.0 51.0 -21.6
159.2 8.0 44.0 -21.6
159.3 10.0 57.0 -24.0
159.4 10.0 66.0 -21.6
159.4 12.0 64.0 -21.6
159.4 9.0 51.0 -22.8
159.5 11.0 61.0 -24.0
159.5 8.0 50.0 -21.6
159.7 11.0 64.0 -24.0
159.8 10.0 46.0 -21.6
159.9 6.0 35.0 -19.2
159.9 8.0 45.0 -20.4
160.0 6.0 33.0 -20.4
160.0 6.0 33.0 -20.4
160.0 6.0 33.0 -20.4
160.0 9.0 52.0 -21.6
160.1 9.0 42.0 -22.8
160.2 7.0 34.0 -19.2
160.2 7.0 34.0 -19.2
160.2 11.0 58.0 -21.6
160.3 11.0 57.0 -22.8
160.4 7.0 34.0 -21.6
160.5 10.0 58.0 -21.6
160.5 10.0 53.0 -22.8
160.5 8.0 51.0 -21.6
160.5 9.0 47.0 -20.4
160.6 9.0 53.0 -21.6
160.6 7.0 39.0 -18.0
160.7 10.0 48.0 -21.6
160.7 8.0 43.0 -19.2
160.8 8.0 40.0 -20.4
160.8 10.0 56.0 -24.0
160.8 10.0 63.0 -22.8
160.9 7.0 37.0 -19.2
160.9 9.0 46.0 -20.4
161.1 9.0 46.0 -20.4
161.1 12.0 58.0 -21.6
161.2 8.0 41.0 -21.6
161.2 7.0 45.0 -21.6
161.2 8.0 41.0 -21.6
161.2 10.0 51.0 -21.6
161.3 10.0 58.0 -21.6
161.3 9.0 41.0 -20.4
161.3 9.0 41.0 -20.4
161.3 9.0 41.0 -20.4
161.4 9.0 48.0 -20.4
161.5 12.0 64.0 -24.0
161.6 9.0 47.0 -20.4
162.0 6.0 30.0 -20.4
162.0 8.0 40.0 -21.6
162.0 6.0 30.0 -20.4
162.1 10.0 56.0 -22.8
162.3 8.0 37.0 -21.6
162.3 9.0 50.0 -20.4
162.3 8.0 38.0 -21.6
162.5 9.0 50.0 -22.8
162.5 8.0 38.0 -22.8
162.5 10.0 60.0 -22.8
162.5 8.0 38.0 -22.8
162.6 8.0 39.0 -20.4
162.6 11.0 61.0 -20.4
162.7 9.0 52.0 -22.8
162.7 6.0 33.0 -20.4
162.7 6.0 33.0 -20.4
162.8 8.0 39.0 -21.6
162.8 8.0 39.0 -21.6
162.8 11.0 55.0 -22.8
163.0 10.0 45.0 -21.6
163.2 9.0 53.0 -21.6
163.3 8.0 49.0 -21.6
163.3 9.0 52.0 -21.6
163.4 10.0 64.0 -22.8
163.4 10.0 55.0 -21.6
163.4 7.0 36.0 -19.2
163.4 7.0 36.0 -19.2
163.5 7.0 40.0 -20.4
163.5 8.0 42.0 -21.6
163.5 8.0 42.0 -21.6
163.6 10.0 58.0 -21.6
163.6 6.0 35.0 -20.4
163.6 10.0 56.0 -24.0
163.7 9.0 49.0 -21.6
163.7 7.0 45.0 -21.6
163.8 11.0 51.0 -22.8
163.8 9.0 42.0 -22.8
163.8 7.0 36.0 -19.2
163.9 7.0 34.0 -20.4
163.9 8.0 46.0 -20.4
163.9 11.0 64.0 -24.0
164.1 7.0 34.0 -21.6
164.1 7.0 34.0 -21.6
164.1 9.0 49.0 -20.4
164.3 9.0 44.0 -21.6
164.3 10.0 58.0 -21.6
164.4 9.0 41.0 -22.8
164.4 9.0 52.0 -20.4
164.4 8.0 49.0 -21.6
164.4 8.0 44.0 -21.6
164.5 7.0 39.0 -19.2
164.6 7.0 36.0 -20.4
164.6 11.0 68.0 -22.8
164.7 9.0 43.0 -21.6
164.8 8.0 45.0 -22.8
164.8 7.0 37.0 -21.6
164.8 10.0 67.0 -24.0
164.9 10.0 50.0 -21.6
164.9 10.0 45.0 -21.6
165.0 7.0 36.0 -20.4
165.0 12.0 66.0 -22.8
165.1 7.0 34.0 -21.6
165.2 10.0 48.0 -21.6
165.3 9.0 44.0 -21.6
165.3 11.0 65.0 -24.0
165.3 9.0 48.0 -22.8
165.4 9.0 47.0 -22.8
165.5 10.0 56.0 -22.8
165.6 8.0 49.0 -21.6
165.6 9.0 45.0 -20.4
165.6 12.0 63.0 -25.2
165.6 9.0 52.0 -22.8
165.6 10.0 63.0 -21.6
165.7 11.0 52.0 -21.6
165.8 10.0 47.0 -21.6
165.8 14.0 82.0 -25.2
165.8 10.0 58.0 -21.6
165.8 8.0 38.0 -21.6
165.9 8.0 40.0 -20.4
165.9 8.0 41.0 -21.6
165.9 6.0 35.0 -19.2
166.1 8.0 40.0 -20.4
166.1 10.0 45.0 -22.8
166.1 10.0 50.0 -21.6
166.2 9.0 41.0 -22.8
166.2 12.0 67.0 -25.2
166.2 11.0 57.0 -25.2
166.2 6.0 33.0 -19.2
166.3 9.0 41.0 -19.2
166.3 8.0 46.0 -22.8
166.3 9.0 41.0 -19.2
166.4 8.0 42.0 -19.2
166.4 11.0 50.0 -21.6
166.5 8.0 40.0 -20.4
166.8 9.0 46.0 -21.6
166.9 10.0 50.0 -21.6
166.9 9.0 41.0 -21.6
166.9 9.0 41.0 -21.6
167.0 8.0 43.0 -21.6
167.0 11.0 67.0 -21.6
167.1 9.0 41.0 -22.8
167.1 9.0 41.0 -22.8
167.1 10.0 49.0 -24.0
167.1 9.0 53.0 -22.8
167.1 8.0 41.0 -22.8
167.2 9.0 44.0 -20.4
167.4 6.0 33.0 -20.4
167.4 9.0 52.0 -21.6
167.6 8.0 45.0 -21.6
167.6 8.0 47.0 -21.6
167.8 7.0 34.0 -21.6
168.0 9.0 43.0 -22.8
168.0 9.0 43.0 -22.8
168.0 9.0 43.0 -22.8
168.0 8.0 42.0 -20.4
168.2 10.0 56.0 -24.0
168.4 8.0 41.0 -20.4
168.4 10.0 45.0 -20.4
168.4 9.0 43.0 -21.6
168.5 11.0 56.0 -22.8
168.5 8.0 37.0 -20.4
168.5 12.0 66.0 -21.6
168.6 7.0 45.0 -21.6
168.7 9.0 46.0 -22.8
168.7 10.0 58.0 -24.0
168.7 8.0 48.0 -21.6
168.7 7.0 36.0 -21.6
168.7 8.0 48.0 -21.6
168.8 13.0 78.0 -24.0
168.9 11.0 55.0 -22.8
169.0 10.0 45.0 -22.8
169.1 10.0 62.0 -22.8
169.2 10.0 55.0 -24.0
169.2 12.0 51.0 -25.2
169.4 11.0 57.0 -22.8
169.4 8.0 41.0 -21.6
169.4 7.0 39.0 -21.6
169.4 11.0 75.0 -24.0
169.5 8.0 49.0 -22.8
169.8 8.0 40.0 -19.2
169.8 12.0 68.0 -25.2
169.9 14.0 71.0 -25.2
169.9 8.0 38.0 -22.8
170.0 11.0 61.0 -22.8
170.0 11.0 56.0 -21.6
170.1 10.0 48.0 -24.0
170.1 10.0 48.0 -24.0
170.2 10.0 55.0 -22.8
170.2 9.0 43.0 -22.8
170.2 7.0 43.0 -20.4
170.3 11.0 56.0 -22.8
170.3 9.0 54.0 -22.8
170.3 10.0 52.0 -22.8
170.4 9.0 47.0 -20.4
170.4 7.0 42.0 -21.6
170.5 9.0 44.0 -21.6
170.5 10.0 47.0 -22.8
170.6 11.0 58.0 -25.2
170.7 13.0 70.0 -24.0
170.9 8.0 38.0 -22.8
170.9 9.0 50.0 -24.0
171.0 6.0 35.0 -20.4
171.0 6.0 35.0 -20.4
171.1 6.0 33.0 -21.6
171.1 7.0 45.0 -21.6
171.1 13.0 81.0 -22.8
171.2 9.0 41.0 -21.6
171.3 10.0 57.0 -20.4
171.3 11.0 54.0 -24.0
171.3 8.0 42.0 -21.6
171.3 7.0 34.0 -20.4
171.3 7.0 34.0 -20.4
171.4 9.0 50.0 -21.6
171.4 11.0 61.0 -22.8
171.5 11.0 49.0 -25.2
171.5 9.0 43.0 -20.4
171.8 10.0 54.0 -22.8
171.8 7.0 42.0 -20.4
171.8 11.0 65.0 -21.6
171.9 9.0 49.0 -21.6
171.9 7.0 40.0 -21.6
171.9 10.0 46.0 -22.8
172.0 9.0 45.0 -20.4
172.0 7.0 37.0 -20.4
172.2 8.0 45.0 -22.8
172.3 9.0 50.0 -22.8
172.3 9.0 50.0 -22.8
172.4 10.0 58.0 -22.8
172.5 7.0 34.0 -21.6
172.5 9.0 44.0 -22.8
172.7 9.0 46.0 -22.8
172.7 9.0 46.0 -22.8
172.7 10.0 55.0 -24.0
173.0 10.0 49.0 -24.0
173.0 12.0 53.0 -24.0
173.0 9.0 51.0 -22.8
173.0 9.0 45.0 -20.4
173.2 10.0 56.0 -22.8
173.4 8.0 48.0 -21.6
173.4 8.0 37.0 -22.8
173.6 10.0 61.0 -21.6
173.6 10.0 61.0 -21.6
173.6 9.0 56.0 -22.8
173.6 9.0 41.0 -22.8
173.6 9.0 50.0 -22.8
173.7 9.0 42.0 -22.8
173.9 11.0 57.0 -25.2
174.0 10.0 48.0 -22.8
174.1 8.0 40.0 -22.8
174.1 7.0 39.0 -21.6
174.1 11.0 58.0 -24.0
174.1 8.0 40.0 -22.8
174.1 8.0 40.0 -22.8
174.3 9.0 44.0 -22.8
174.3 9.0 41.0 -21.6
174.5 8.0 41.0 -22.8
174.5 8.0 41.0 -22.8
174.7 13.0 74.0 -25.2
174.9 9.0 56.0 -20.4
174.9 9.0 51.0 -22.8
174.9 9.0 46.0 -22.8
174.9 9.0 46.0 -22.8
175.1 11.0 65.0 -24.0
175.1 14.0 79.0 -26.4
175.3 9.0 47.0 -22.8
175.3 9.0 41.0 -22.8
175.3 9.0 48.0 -22.8
175.5 9.0 41.0 -22.8
175.5 9.0 41.0 -24.0
175.5 9.0 52.0 -21.6
175.6 10.0 55.0 -24.0
175.7 12.0 68.0 -24.0
175.8 8.0 47.0 -21.6
175.8 9.0 43.0 -21.6
176.1 11.0 58.0 -21.6
176.1 7.0 36.0 -21.6
176.2 8.0 46.0 -22.8
176.2 8.0 46.0 -22.8
176.2 7.0 34.0 -22.8
176.2 7.0 34.0 -22.8
176.4 9.0 43.0 -22.8
176.4 10.0 57.0 -22.8
176.6 9.0 44.0 -24.0
176.7 10.0 54.0 -25.2
176.7 9.0 45.0 -21.6
176.8 7.0 39.0 -21.6
176.8 7.0 39.0 -21.6
176.9 14.0 77.0 -25.2
176.9 7.0 37.0 -22.8
176.9 13.0 65.0 -25.2
176.9 10.0 53.0 -22.8
176.9 7.0 37.0 -22.8
176.9 12.0 59.0 -25.2
177.0 11.0 58.0 -24.0
177.0 8.0 41.0 -22.8
177.0 12.0 75.0 -26.4
177.0 9.0 53.0 -22.8
177.1 9.0 46.0 -22.8
177.1 12.0 73.0 -26.4
177.2 13.0 67.0 -25.2
177.2 7.0 38.0 -21.6
177.2 7.0 38.0 -21.6
177.3 9.0 46.0 -24.0
177.4 9.0 48.0 -21.6
177.4 9.0 42.0 -24.0
177.4 10.0 51.0 -24.0
177.4 9.0 48.0 -21.6
177.4 9.0 42.0 -24.0
177.5 9.0 43.0 -20.4
177.5 10.0 48.0 -20.4
177.7 10.0 47.0 -21.6
177.8 12.0 64.0 -25.2
177.9 9.0 45.0 -22.8
178.0 8.0 40.0 -21.6
178.1 13.0 68.0 -22.8
178.1 11.0 59.0 -25.2
178.2 8.0 40.0 -22.8
178.4 8.0 45.0 -22.8
178.4 8.0 45.0 -22.8
178.4 8.0 45.0 -22.8
178.4 12.0 67.0 -24.0
178.5 10.0 64.0 -22.8
178.5 6.0 33.0 -21.6
178.6 11.0 60.0 -25.2
178.6 11.0 60.0 -25.2
178.7 10.0 57.0 -24.0
178.7 8.0 43.0 -21.6
178.9 8.0 43.0 -22.8
178.9 11.0 60.0 -25.2
178.9 11.0 55.0 -25.2
179.0 10.0 58.0 -22.8
179.2 9.0 52.0 -22.8
179.2 11.0 64.0 -25.2
179.3 12.0 68.0 -22.8
179.4 11.0 52.0 -24.0
179.6 11.0 52.0 -25.2
179.7 11.0 60.0 -25.2
179.7 14.0 68.0 -21.6
179.8 10.0 61.0 -21.6
179.8 12.0 66.0 -22.8
179.9 9.0 55.0 -24.0
180.2 10.0 48.0 -22.8
180.2 11.0 51.0 -24.0
180.4 9.0 46.0 -22.8
180.4 9.0 52.0 -24.0
180.5 10.0 56.0 -24.0
180.5 9.0 54.0 -22.8
180.7 8.0 41.0 -22.8
180.7 10.0 56.0 -22.8
180.9 13.0 57.0 -24.0
181.2 9.0 47.0 -24.0
181.2 16.0 93.0 -26.4
181.2 9.0 47.0 -24.0
181.5 11.0 66.0 -24.0
181.5 8.0 40.0 -22.8
181.8 10.0 48.0 -24.0
181.9 9.0 52.0 -21.6
182.0 8.0 38.0 -24.0
182.0 8.0 38.0 -24.0
182.2 12.0 57.0 -25.2
182.3 13.0 74.0 -24.0
182.7 9.0 41.0 -22.8
182.7 10.0 53.0 -22.8
182.7 9.0 41.0 -22.8
182.7 10.0 56.0 -24.0
182.9 11.0 56.0 -22.8
182.9 14.0 82.0 -25.2
183.1 8.0 49.0 -20.4
183.6 12.0 63.0 -25.2
183.6 7.0 34.0 -22.8
183.7 10.0 50.0 -22.8
183.7 12.0 64.0 -24.0
183.9 9.0 41.0 -24.0
184.0 9.0 44.0 -24.0
184.1 10.0 57.0 -24.0
184.2 9.0 43.0 -22.8
184.2 9.0 49.0 -24.0
184.2 9.0 49.0 -24.0
184.3 7.0 37.0 -22.8
184.4 8.0 41.0 -22.8
184.4 10.0 45.0 -22.8
184.6 10.0 59.0 -22.8
184.6 12.0 62.0 -25.2
184.6 9.0 42.0 -22.8
184.7 12.0 53.0 -26.4
184.8 9.0 48.0 -24.0
184.9 10.0 52.0 -21.6
184.9 12.0 58.0 -25.2
185.0 11.0 71.0 -24.0
185.0 8.0 40.0 -21.6
185.1 11.0 50.0 -25.2
185.1 10.0 53.0 -24.0
185.2 10.0 54.0 -21.6
185.3 10.0 63.0 -24.0
185.3 10.0 56.0 -22.8
185.3 9.0 45.0 -22.8
185.3 9.0 45.0 -22.8
185.6 10.0 45.0 -24.0
185.6 12.0 55.0 -26.4
185.7 12.0 62.0 -22.8
186.0 11.0 60.0 -24.0
186.0 9.0 56.0 -21.6
186.0 10.0 50.0 -22.8
186.2 9.0 47.0 -22.8
186.3 11.0 54.0 -24.0
186.6 9.0 41.0 -24.0
186.6 9.0 41.0 -24.0
186.6 9.0 41.0 -24.0
186.6 9.0 41.0 -24.0
186.7 9.0 44.0 -21.6
187.4 10.0 48.0 -24.0
187.4 12.0 63.0 -24.0
187.5 9.0 43.0 -24.0
187.7 9.0 44.0 -22.8
187.7 14.0 85.0 -25.2
187.8 9.0 52.0 -24.0
187.8 9.0 52.0 -24.0
187.9 10.0 45.0 -21.6
188.3 11.0 54.0 -24.0
188.3 9.0 48.0 -22.8
188.3 9.0 48.0 -22.8
188.6 10.0 62.0 -24.0
188.9 14.0 73.0 -26.4
188.9 9.0 48.0 -22.8
189.4 10.0 59.0 -22.8
189.4 8.0 38.0 -24.0
189.4 8.0 38.0 -24.0
189.5 11.0 56.0 -22.8
189.6 15.0 81.0 -28.8
189.6 9.0 49.0 -24.0
189.7 9.0 46.0 -22.8
190.0 9.0 45.0 -22.8
190.1 10.0 58.0 -24.0
190.2 9.0 45.0 -24.0
190.2 12.0 66.0 -26.4
190.3 8.0 40.0 -24.0
190.4 11.0 61.0 -25.2
190.6 11.0 54.0 -26.4
190.7 10.0 62.0 -25.2
190.9 13.0 76.0 -27.6
191.0 11.0 57.0 -25.2
191.1 9.0 47.0 -24.0
191.3 9.0 41.0 -24.0
191.5 11.0 55.0 -25.2
191.6 9.0 44.0 -24.0
191.6 9.0 43.0 -22.8
191.6 9.0 44.0 -24.0
192.1 12.0 65.0 -25.2
192.2 10.0 56.0 -24.0
192.4 10.0 51.0 -24.0
192.5 10.0 53.0 -25.2
192.6 7.0 39.0 -22.8
193.1 13.0 68.0 -26.4
193.3 10.0 47.0 -25.2
193.7 11.0 53.0 -25.2
193.9 10.0 46.0 -22.8
194.3 10.0 52.0 -25.2
194.4 12.0 53.0 -25.2
194.5 10.0 58.0 -25.2
194.6 11.0 57.0 -25.2
194.9 9.0 43.0 -24.0
194.9 12.0 60.0 -26.4
195.0 9.0 41.0 -25.2
195.1 9.0 44.0 -22.8
195.2 13.0 71.0 -26.4
195.7 9.0 55.0 -24.0
196.1 9.0 44.0 -25.2
196.9 9.0 42.0 -25.2
196.9 14.0 86.0 -28.8
197.1 10.0 55.0 -24.0
197.1 13.0 73.0 -25.2
197.2 12.0 70.0 -26.4
197.5 10.0 50.0 -24.0
197.6 9.0 45.0 -25.2
198.3 13.0 62.0 -27.6
198.3 11.0 57.0 -26.4
198.4 11.0 49.0 -26.4
198.5 11.0 52.0 -24.0
198.6 13.0 65.0 -27.6
198.8 11.0 54.0 -26.4
198.8 8.0 42.0 -24.0
199.0 9.0 44.0 -24.0
199.2 8.0 41.0 -24.0
199.6 11.0 63.0 -26.4
199.9 9.0 46.0 -24.0
199.9 9.0 46.0 -24.0
200.0 11.0 64.0 -24.0
200.0 12.0 70.0 -26.4
200.5 13.0 64.0 -27.6
201.2 11.0 57.0 -25.2
201.3 14.0 72.0 -28.8
201.4 12.0 61.0 -26.4
201.6 12.0 65.0 -26.4
201.6 9.0 52.0 -24.0
201.6 11.0 52.0 -26.4
202.3 10.0 47.0 -26.4
202.3 10.0 47.0 -26.4
202.3 10.0 47.0 -26.4
202.4 14.0 71.0 -26.4
202.6 11.0 57.0 -26.4
202.7 10.0 46.0 -26.4
202.8 13.0 60.0 -27.6
203.0 10.0 57.0 -25.2
203.1 10.0 58.0 -26.4
203.5 11.0 52.0 -22.8
203.5 11.0 53.0 -26.4
203.9 9.0 43.0 -25.2
204.0 16.0 84.0 -30.0
204.1 10.0 45.0 -25.2
204.3 11.0 52.0 -26.4
204.3 9.0 42.0 -25.2
204.6 11.0 50.0 -26.4
204.8 14.0 74.0 -28.8
204.9 15.0 79.0 -28.8
204.9 16.0 90.0 -30.0
205.2 10.0 51.0 -25.2
205.5 9.0 48.0 -25.2
205.5 14.0 72.0 -30.0
205.7 11.0 61.0 -26.4
205.7 11.0 61.0 -26.4
205.9 11.0 59.0 -26.4
205.9 9.0 47.0 -25.2
205.9 9.0 47.0 -25.2
206.5 12.0 66.0 -27.6
207.2 11.0 49.0 -26.4
207.3 10.0 48.0 -25.2
207.4 12.0 56.0 -27.6
207.7 11.0 60.0 -24.0
207.8 13.0 62.0 -25.2
208.0 9.0 48.0 -25.2
208.2 10.0 45.0 -26.4
208.4 10.0 50.0 -25.2
208.5 12.0 53.0 -27.6
208.9 11.0 62.0 -27.6
209.7 11.0 54.0 -26.4
209.9 11.0 60.0 -27.6
210.0 14.0 73.0 -26.4
210.2 13.0 60.0 -27.6
210.3 12.0 63.0 -27.6
210.4 10.0 58.0 -26.4
211.6 14.0 66.0 -27.6
211.8 13.0 64.0 -27.6
212.0 11.0 50.0 -26.4
212.5 12.0 55.0 -27.6
212.5 12.0 77.0 -27.6
212.8 12.0 63.0 -27.6
212.9 13.0 72.0 -27.6
213.3 13.0 74.0 -27.6
213.4 9.0 45.0 -26.4
213.6 10.0 46.0 -25.2
214.2 12.0 60.0 -27.6
214.4 11.0 53.0 -25.2
214.8 9.0 44.0 -25.2
214.9 11.0 51.0 -27.6
215.2 11.0 54.0 -26.4
215.2 11.0 54.0 -26.4
215.7 11.0 49.0 -27.6
215.9 13.0 59.0 -26.4
216.0 12.0 60.0 -27.6
216.0 13.0 68.0 -28.8
216.6 12.0 53.0 -26.4
216.8 14.0 73.0 -27.6
217.7 12.0 55.0 -27.6
217.8 12.0 53.0 -28.8
218.0 10.0 48.0 -26.4
218.1 11.0 59.0 -26.4
218.3 11.0 49.0 -27.6
218.5 10.0 46.0 -27.6
219.2 12.0 57.0 -28.8
220.0 13.0 65.0 -28.8
221.0 11.0 54.0 -26.4
221.1 13.0 61.0 -28.8
221.2 11.0 55.0 -27.6
221.3 13.0 67.0 -28.8
222.1 10.0 54.0 -26.4
222.9 12.0 71.0 -28.8
223.9 13.0 75.0 -27.6
224.0 12.0 59.0 -25.2
225.3 12.0 69.0 -28.8
225.8 12.0 69.0 -27.6
228.1 12.0 59.0 -28.8
228.3 11.0 58.0 -27.6
228.4 11.0 60.0 -27.6
229.2 12.0 62.0 -26.4
230.0 11.0 54.0 -27.6
230.7 12.0 63.0 -28.8
231.0 13.0 57.0 -30.0
231.5 13.0 75.0 -28.8
231.7 11.0 50.0 -28.8
232.5 14.0 67.0 -31.2
232.6 11.0 52.0 -28.8
234.1 16.0 80.0 -28.8
235.0 16.0 84.0 -30.0
235.3 15.0 73.0 -32.4
235.5 12.0 61.0 -27.6
235.7 12.0 60.0 -30.0
236.9 12.0 59.0 -28.8
237.3 12.0 53.0 -30.0
237.5 14.0 68.0 -30.0
239.6 16.0 88.0 -31.2
241.4 12.0 58.0 -27.6
241.8 16.0 85.0 -32.4
242.1 12.0 64.0 -30.0
243.1 13.0 57.0 -31.2
244.7 14.0 74.0 -30.0
245.5 13.0 60.0 -30.0
246.7 13.0 70.0 -30.0
246.7 13.0 77.0 -31.2
248.0 17.0 88.0 -31.2
248.8 13.0 74.0 -31.2
248.9 14.0 71.0 -31.2
249.1 12.0 67.0 -30.0
252.5 13.0 61.0 -31.2
254.7 14.0 79.0 -31.2
255.4 15.0 81.0 -31.2
257.7 15.0 89.0 -32.4
258.0 13.0 70.0 -30.0
259.5 13.0 62.0 -31.2
268.8 15.0 83.0 -32.4
272.5 16.0 82.0 -32.4
