1190.9 60.0 356.0 -134.0
1300.1 60.0 290.0 -131.0
1331.2 56.0 340.0 -143.0
1332.1 68.0 307.0 -137.0
1332.5 59.0 326.0 -131.0
1334.2 61.0 328.0 -139.0
1343.8 50.0 360.0 -140.0
1348.9 59.0 317.0 -137.0
1362.7 60.0 353.0 -136.0
1370.5 63.0 345.0 -140.0
1385.5 65.0 315.0 -139.0
1389.9 68.0 393.0 -153.0
1390.5 53.0 401.0 -138.0
1391.1 62.0 335.0 -136.0
1403.1 68.0 372.0 -149.0
1411.5 68.0 348.0 -143.0
1414.5 69.0 349.0 -144.0
1417.0 64.0 350.0 -143.0
1420.1 66.0 349.0 -151.0
1435.3 61.0 339.0 -143.0
1441.1 74.0 350.0 -143.0
1444.4 64.0 410.0 -150.0
1445.1 66.0 367.0 -149.0
1450.8 57.0 390.0 -147.0
1457.6 72.0 363.0 -150.0
1464.6 67.0 298.0 -149.0
1478.5 73.0 384.0 -162.0
1480.9 66.0 352.0 -151.0
1509.4 66.0 352.0 -145.0
1511.2 63.0 360.0 -151.0
