10111110101101011011000001100111101000001011100010000001101101110010101001111101000000000111001000001000110010001010000000100001000100101011101110001000010110111000100000111100111010001000011100001000010101010000010011100010111110001000000100111100011110100000000011110101010110000100010100
10110111010000011011001101111101101001000011001101011110000111110010010001011101011000011111101001100001001111001100111110011010000001010000110010001011001000000000101011010110000101010100100000100100011000000000101111100010011100000011100000100010010011101101001010010000000001100100011101
10110000100000101111000000100110111001111000000011011100011110100101010011001000100100101001011010101001000010110000000100100000101011101001000111010101011111101100101101111100110100110101001100000100111011110000110001011000101000000010100101000000001000000010111101111101000011011000000010
01000100100001110110111010001110110101110001000111111110100011010001110001010010100100000001001010010001101100000000100011110101101001110011010010110101111000110001110011000010010011110000010000000100100111011101010100110111010110000110110010001001000001000000101111111101101101111001000011
01100011100101100000101101000100001001001001011100100000011001001010001100000010001101010001100001011101010101001101111100000101111011110011100111000110000011010000010000100110001010111101010100111110101110010111110001110111011001011000000101110010001000110001001100100000101010110000111111
10100010000001010011000101111100111100101001100100101110101110111111101010010010001000011101001001010000100011011011011000101111000001100010100010010001100111111111000101000010011100111010101100011100010100001000001101101000011100000000010010101110000100110110110110100000111000100001101100
01000011001011011100000101000001010011110011110111011101100010010000101011100110100010011011100100110011011000001101000100010000110000110110110110110011000101000001011110101100010010011111000001110010101110111010110000111001010111110100101001010001101100010001001110001000100011000100111001
11010000001001001001011011011000001000010110011100011010100001100110000000011001110001111010011101010000011000011100011101001100100001110011101111011011000011001101010010011110000000010101000110100011111010010101011001000010011100110101101110010110111111000100011000001111000000001000111010
11010001100000000111010111001001011010110001001110000110111001000110101011111110011011000011010101010110100110100101100101010110110101010111110000110011111000000011101101000010101010100010000011101100000001100100111000010000111001011100111011101110100000101111000011010000000001111010111100
10001010010000000001110111010111101011010010011000011110000101000111100111110111110110100011001011101100101001110101010010011000110001000101101100001101000011000110000011100000100010010010010001111010011111101001100111000010100011010010110001001010010111011111001111010110000010001001101111
10101010000001111001111111010010110100110101101010001001100010110111101000010011000111110000011011001111101111110111001000010010010000100010010000001001001111011100000001101100101010001101100110011100111100101001000100101111011100001011011100111101100010001010010011010011111010000010000110
10111110110001010000000110000001110110001111110001111100001011011100100010110001101000000100010111000100000111111101001101001110101001110010100010111001011001100111100110001101101010000011011011111011010010111100010111110100110000101001011110100000101111000010010101010101111100110100111100
00100110110110001010110100100011111000001111101010110010111000110001000001100100000001100011111100111100010010111000010011110001001110110000101000101011111110010100011101110001000110011111001101000100100010000110111010110001010011010001000101001101101000111011010010100111110110110110001000
01110100010101000011111000011111111001000101110011001111100011111010011110011010001010010101011001100100001111110010000011000111001010010011111000001010000101011111111000100101100110000110010110000000100011010101101000101111111010001101101000100001010100011000000000101110101001111100001100
10000100101110010101101001111000110111111100101100001111011001010101000110100101001101111001000011110010100001001010100001100101000010001001000111010110010000000110001101111110001001110111101000101100001101101000000000010000111101111010001100111100000111100011110111101011011111000000110111
00110000111101011000100010100111011110000101101010001010010100001100011111111110001100001101010000101000001011100100011000010100001000110011100111010010101110011000111110111011110101101100101010100100100001100100001001111001001100110001111100001111001111100110011000011000100001110011011100
10110100111100010001011101011010111010111000001101111000010110010111000000001101010010110001100110100010100001110000111111011011011000011010100001100110011100101010110001100010000001010110101101000001101000010101000010101110100110001110100111000101001111010100110111110001001010001110010101
01001111110111011111000110111000010110000011100010101111111100001010101000110000110101011111100110101000111011101110100111100000101110100110000101001110000000000000101000010110010001100000111111010000010111010001011010001001000010001111010100001000001010001100010100010110101110001110110010
01010010011010100110111000001111001001010110011100100101101001101100010100011001011010001111011011011010101000011101100011001001011011100011110000011101011111000101001100101110111100001100011111100111010111101000100101110110001010000001011111101111011000010010011000011011100000010100110010
01101010100111011110010010010000110001010001110011110110110011001001111010010100000100111010000001100110100100001101101101000011011100001111101000000101111011100111010011001010001010110110011100111001100001001000000011111010010101101100110001111111010100110000110100101010101100001101001011
11111111100100110011110111011001111110110100110100010110001001101101111110001110100111000000111101001001100100010101000000110010100110100000000001000101000001001101010000011010011100101010000011011100101100000111010111010011111001110100000011010100010010110111100011111011000111011011000010
10100101011001100111111010011011101111111100010100100010100001001100001101011000011111101000110011011101110011110011001010001100011001001010101010010011001100001111110011001010000100100100000111001111010011000001001011110000010110010011011010110011100011111110001111000101001011010010110111
10100011100000110000000100010100110011011010010101111111110000001001101000111110001010110010100001001100101111110100010001111000101111101011100010011101110100001101111101010011001100001001011001101111100111100111000011000101010011110010100110001010010001000110111100110000110010101011000000
01010101001101100100111011001110001001001011011011010011001000010000010100111011110111101010111101011110011001110111000011101010001111001110101110011010001111001110101101101000100000000110000001010001100011111011101111110100001111000011001001001000010100100000110011001001111001110011100100
00100100101111100010111000010111101111100111000111110111010100100010110101100101001001000000010111011001010000101000011011000011110011100111010011111111100111111100000101100110001100111111111001011001110100110000111000010100000010011010111010100100111011111001000100110111000011000001110101
01000001111100111010011000010001011001100111111001001110001111100000111110000011100100001010110111110101100101110111110000110001111111110010001111110011101111011100011010001010010011101010110011101001110101011001101000001110100101101010110001111101110111001010010001110011011111001000001010
11011101010001000111001110011110000011011111110011000101011100111000100110000000011110011110101110101110111010101110100000010000100101001000000101111001010100001000101111111101010010000010010111000110001001101000111011011111011011110001111011111001000100111000110110011011001010100011100111
00000111001111110110001101000010000011010101011011111010100011111110010100110010010101101110000010101101101010011001010001010110111000010101100100110110011110100000111011111111111010000110100110110000101110011001111011110110011100111100101111101101101101110000101001010111110111010001010000
10101111100110000110110011110001110000100011011101100111001010101100010110011111110011110101111101100011101011000111000110100100101011011110000110111111001010101001100101100110001110111010001101110011111011110011001000000001001100100110101100100010111000011110000111001000100001110111100010
11000001011000001100111110010000110000111110010010100101101001011111100100001110101100010110111010001111111000001101111001110010110101110101001101111100001101000001000111000110111101011110000011110011101001001110011011010101001010111110001000111011001110010111100001111100000111000111101101
