165.7 11.0 64.0 -23.0
168.6 11.0 61.0 -23.0
184.9 13.0 74.0 -25.3
186.6 13.0 65.0 -24.15
189.0 11.0 65.0 -24.15
189.0 11.0 65.0 -24.15
189.8 10.0 61.0 -24.15
191.8 10.0 62.0 -21.85
191.8 10.0 62.0 -21.85
192.0 13.0 66.0 -24.15
194.4 10.0 55.0 -23.0
194.5 15.0 77.0 -27.6
197.0 12.0 65.0 -25.3
197.1 12.0 71.0 -24.15
197.7 13.0 75.0 -25.3
198.2 11.0 59.0 -24.15
199.0 13.0 68.0 -26.45
201.4 13.0 65.0 -26.45
203.4 13.0 71.0 -27.6
206.4 13.0 73.0 -27.6
206.7 13.0 71.0 -26.45
206.7 14.0 80.0 -26.45
207.9 14.0 74.0 -27.6
208.0 10.0 61.0 -26.45
209.0 11.0 64.0 -25.3
210.2 14.0 67.0 -27.6
211.6 13.0 76.0 -26.45
211.7 15.0 76.0 -27.6
213.4 11.0 67.0 -25.3
215.3 16.0 79.0 -28.75
215.9 13.0 66.0 -28.75
215.9 13.0 78.0 -27.6
217.2 12.0 68.0 -27.6
217.3 11.0 61.0 -25.3
218.5 13.0 77.0 -29.9
221.1 10.0 58.0 -24.15
221.4 17.0 80.0 -28.75
222.7 11.0 61.0 -27.6
223.8 12.0 80.0 -26.45
225.2 16.0 92.0 -31.05
228.1 12.0 65.0 -28.75
232.0 13.0 69.0 -27.6
232.8 12.0 67.0 -27.6
