153.1 10.0 56.0 -19.55
160.1 9.0 52.0 -19.55
164.1 13.0 75.0 -24.15
166.2 9.0 52.0 -19.55
170.0 10.0 55.0 -20.7
171.0 11.0 58.0 -23.0
172.9 11.0 64.0 -23.0
174.8 10.0 53.0 -21.85
175.4 12.0 66.0 -23.0
177.4 9.0 52.0 -20.7
178.2 13.0 69.0 -25.3
178.3 12.0 67.0 -24.15
178.3 12.0 67.0 -24.15
179.2 10.0 59.0 -21.85
181.5 11.0 64.0 -24.15
181.8 12.0 69.0 -23.0
182.9 9.0 52.0 -20.7
182.9 12.0 66.0 -24.15
184.0 14.0 78.0 -26.45
184.1 11.0 59.0 -23.0
184.4 10.0 55.0 -21.85
186.6 12.0 65.0 -24.15
186.8 11.0 58.0 -23.0
188.4 14.0 74.0 -26.45
188.5 13.0 72.0 -25.3
191.9 12.0 66.0 -25.3
192.9 13.0 69.0 -26.45
193.8 12.0 62.0 -23.0
193.9 9.0 52.0 -21.85
195.3 14.0 83.0 -26.45
195.4 13.0 74.0 -25.3
195.5 11.0 60.0 -23.0
195.9 9.0 47.0 -21.85
197.3 13.0 75.0 -26.45
199.8 12.0 57.0 -24.15
203.7 11.0 63.0 -24.15
204.3 9.0 49.0 -21.85
205.5 12.0 61.0 -26.45
208.1 10.0 53.0 -23.0
208.8 12.0 64.0 -25.3
209.1 11.0 67.0 -23.0
211.7 9.0 52.0 -24.15
216.8 14.0 69.0 -26.45
222.2 13.0 67.0 -26.45
