130.3 10.0 51.0 -21.85
135.1 7.0 35.0 -18.4
136.9 7.0 39.0 -20.7
141.1 7.0 34.0 -18.4
141.2 5.0 28.0 -17.25
142.6 9.0 51.0 -21.85
144.1 8.0 40.0 -19.55
144.2 6.0 34.0 -18.4
150.1 7.0 41.0 -20.7
154.4 9.0 47.0 -21.85
154.5 8.0 46.0 -20.7
163.2 6.0 34.0 -21.85
163.8 7.0 39.0 -21.85
167.5 6.0 34.0 -19.55
167.5 8.0 42.0 -21.85
168.1 9.0 49.0 -20.7
168.9 9.0 60.0 -23.0
169.3 8.0 44.0 -23.0
170.3 9.0 47.0 -20.7
172.9 9.0 49.0 -21.85
175.8 7.0 34.0 -21.85
176.9 9.0 47.0 -23.0
176.9 11.0 61.0 -25.3
176.9 11.0 61.0 -25.3
177.3 8.0 42.0 -20.7
179.1 9.0 52.0 -23.0
181.2 7.0 43.0 -21.85
189.6 8.0 38.0 -23.0
189.6 8.0 38.0 -23.0
189.9 10.0 62.0 -24.15
190.6 9.0 49.0 -23.0
193.2 7.0 37.0 -23.0
194.5 9.0 53.0 -25.3
194.9 9.0 45.0 -25.3
196.3 9.0 53.0 -25.3
196.4 9.0 49.0 -25.3
198.7 10.0 61.0 -25.3
199.2 10.0 56.0 -26.45
205.8 9.0 47.0 -23.0
