897.0 -23784.0
978.0 -20676.0
1030.0 -17748.0
1035.0 -17568.0
1045.0 -17412.0
1098.0 -20784.0
1112.0 -19260.0
1113.0 -20952.0
1139.0 -23076.0
1157.0 -14052.0
1188.0 -22152.0
1192.0 -20400.0
1192.0 -23964.0
1196.0 -16296.0
1202.0 -19668.0
1210.0 -18480.0
1216.0 -18480.0
1218.0 -18792.0
1232.0 -24372.0
1234.0 -21132.0
1239.0 -18624.0
1240.0 -19116.0
1241.0 -20640.0
1244.0 -24984.0
1244.0 -20532.0
1246.0 -18732.0
1252.0 -20880.0
1261.0 -23160.0
1261.0 -18720.0
1263.0 -22596.0
1268.0 -23940.0
1270.0 -19620.0
1279.0 -21924.0
1280.0 -24324.0
1285.0 -24180.0
1287.0 -19968.0
1290.0 -23088.0
1294.0 -18492.0
1295.0 -18876.0
1295.0 -16896.0
1296.0 -26700.0
1297.0 -20652.0
1301.0 -15600.0
1304.0 -23772.0
1304.0 -19692.0
1306.0 -19872.0
1306.0 -19704.0
1310.0 -21120.0
1311.0 -23268.0
1313.0 -19104.0
1314.0 -20472.0
1314.0 -20328.0
1315.0 -22884.0
1315.0 -18828.0
1316.0 -24852.0
1318.0 -25980.0
1319.0 -19476.0
1320.0 -23748.0
1320.0 -23580.0
1321.0 -24372.0
1323.0 -15732.0
1324.0 -20784.0
1326.0 -22836.0
1326.0 -20508.0
1327.0 -21516.0
1329.0 -26472.0
1330.0 -20172.0
1331.0 -27852.0
1336.0 -25644.0
1336.0 -19680.0
1338.0 -20976.0
1338.0 -20400.0
1340.0 -20316.0
1340.0 -14136.0
1341.0 -30504.0
1341.0 -21768.0
1341.0 -19980.0
1342.0 -22668.0
1344.0 -22020.0
1345.0 -21780.0
1345.0 -26904.0
1350.0 -20280.0
1351.0 -18960.0
1352.0 -23400.0
1352.0 -19476.0
1355.0 -22200.0
1361.0 -21456.0
1362.0 -21528.0
1365.0 -23712.0
1365.0 -21036.0
1365.0 -23136.0
1366.0 -24804.0
1366.0 -25296.0
1367.0 -21648.0
1367.0 -18852.0
1368.0 -22788.0
1369.0 -23040.0
1371.0 -21096.0
1374.0 -22944.0
1376.0 -24084.0
1377.0 -23292.0
1379.0 -24228.0
1379.0 -21588.0
1380.0 -29112.0
1383.0 -25404.0
1386.0 -25476.0
1386.0 -23340.0
1387.0 -24648.0
1387.0 -21144.0
1388.0 -23304.0
1390.0 -23832.0
1391.0 -26532.0
1391.0 -23376.0
1395.0 -21468.0
1395.0 -21708.0
1398.0 -18216.0
1399.0 -22968.0
1400.0 -17724.0
1403.0 -20244.0
1404.0 -24204.0
1404.0 -20196.0
1405.0 -19992.0
1407.0 -25380.0
1407.0 -25320.0
1408.0 -25320.0
1409.0 -24072.0
1412.0 -21468.0
1412.0 -22980.0
1414.0 -21132.0
1416.0 -22824.0
1417.0 -26076.0
1417.0 -24720.0
1417.0 -24660.0
1418.0 -25092.0
1419.0 -22440.0
1419.0 -18828.0
1421.0 -22032.0
1425.0 -21864.0
1426.0 -23268.0
1427.0 -19056.0
1427.0 -24960.0
1427.0 -22356.0
1428.0 -20364.0
1430.0 -19284.0
1431.0 -22908.0
1431.0 -21300.0
1432.0 -17436.0
1436.0 -25392.0
1437.0 -22920.0
1438.0 -18168.0
1438.0 -23112.0
1439.0 -22272.0
1439.0 -24072.0
1440.0 -22824.0
1441.0 -19896.0
1442.0 -25752.0
1442.0 -20532.0
1442.0 -19920.0
1443.0 -20664.0
1443.0 -23364.0
1444.0 -21612.0
1444.0 -20952.0
1444.0 -24180.0
1445.0 -26052.0
1445.0 -23772.0
1447.0 -22848.0
1448.0 -21348.0
1448.0 -26352.0
1450.0 -20220.0
1450.0 -23136.0
1451.0 -23676.0
1451.0 -21744.0
1451.0 -28956.0
1451.0 -26400.0
1451.0 -20964.0
1451.0 -25944.0
1452.0 -23508.0
1452.0 -22104.0
1455.0 -18384.0
1455.0 -27072.0
1456.0 -18972.0
1456.0 -23112.0
1459.0 -27336.0
1460.0 -19260.0
1461.0 -22200.0
1461.0 -26280.0
1461.0 -24912.0
1463.0 -21264.0
1463.0 -23652.0
1464.0 -25692.0
1464.0 -21960.0
1464.0 -23100.0
1465.0 -20808.0
1466.0 -28140.0
1466.0 -23016.0
1467.0 -20712.0
1467.0 -19776.0
1468.0 -21588.0
1468.0 -28344.0
1469.0 -21408.0
1469.0 -29436.0
1470.0 -21540.0
1470.0 -22656.0
1470.0 -22188.0
1470.0 -22596.0
1470.0 -24012.0
1472.0 -21912.0
1472.0 -23484.0
1472.0 -23064.0
1472.0 -21204.0
1475.0 -23424.0
1475.0 -15900.0
1475.0 -24120.0
1475.0 -32484.0
1476.0 -20340.0
1476.0 -23544.0
1477.0 -25104.0
1477.0 -21972.0
1477.0 -23280.0
1477.0 -24108.0
1477.0 -24288.0
1477.0 -23832.0
1478.0 -22452.0
1478.0 -21372.0
1478.0 -23220.0
1478.0 -23760.0
1478.0 -22836.0
1479.0 -29424.0
1480.0 -26556.0
1480.0 -19992.0
1480.0 -23196.0
1481.0 -20604.0
1481.0 -27768.0
1481.0 -21552.0
1484.0 -21180.0
1484.0 -19392.0
1485.0 -22992.0
1485.0 -24504.0
1485.0 -21528.0
1486.0 -27036.0
1486.0 -23256.0
1487.0 -22860.0
1488.0 -28296.0
1488.0 -20628.0
1490.0 -25956.0
1490.0 -20508.0
1491.0 -17160.0
1493.0 -22764.0
1494.0 -24024.0
1494.0 -28056.0
1495.0 -24252.0
1495.0 -25560.0
1495.0 -23544.0
1496.0 -24768.0
1497.0 -22848.0
1497.0 -23340.0
1497.0 -27084.0
1497.0 -23004.0
1498.0 -19476.0
1498.0 -24300.0
1498.0 -19140.0
1499.0 -27048.0
1499.0 -24324.0
1501.0 -26340.0
1501.0 -25824.0
1501.0 -18468.0
1503.0 -22284.0
1503.0 -23208.0
1503.0 -21672.0
1503.0 -26196.0
1503.0 -28572.0
1504.0 -28176.0
1504.0 -22980.0
1504.0 -23700.0
1505.0 -25680.0
1505.0 -24744.0
1505.0 -20460.0
1505.0 -25488.0
1506.0 -22224.0
1506.0 -22536.0
1507.0 -23280.0
1508.0 -24084.0
1508.0 -24276.0
1509.0 -21180.0
1509.0 -22944.0
1509.0 -17820.0
1510.0 -21900.0
1510.0 -21444.0
1511.0 -22104.0
1512.0 -22056.0
1512.0 -22344.0
1512.0 -24396.0
1513.0 -19440.0
1513.0 -18708.0
1513.0 -21300.0
1513.0 -23748.0
1513.0 -23088.0
1515.0 -21540.0
1516.0 -25296.0
1517.0 -23124.0
1518.0 -27312.0
1519.0 -22812.0
1520.0 -21888.0
1520.0 -28380.0
1521.0 -24420.0
1521.0 -22860.0
1522.0 -22776.0
1522.0 -29220.0
1522.0 -29964.0
1524.0 -25752.0
1524.0 -23820.0
1524.0 -24192.0
1525.0 -22284.0
1526.0 -24060.0
1528.0 -25212.0
1529.0 -24288.0
1530.0 -26724.0
1530.0 -21564.0
1532.0 -26604.0
1532.0 -21564.0
1532.0 -19536.0
1532.0 -28788.0
1533.0 -23436.0
1533.0 -23640.0
1533.0 -16716.0
1533.0 -24312.0
1534.0 -24624.0
1534.0 -20580.0
1535.0 -27996.0
1536.0 -25068.0
1536.0 -18120.0
1539.0 -22416.0
1540.0 -16008.0
1540.0 -23328.0
1540.0 -25344.0
1540.0 -26088.0
1542.0 -24576.0
1542.0 -21996.0
1542.0 -24384.0
1542.0 -24720.0
1543.0 -23136.0
1543.0 -24384.0
1544.0 -21048.0
1544.0 -21396.0
1545.0 -24264.0
1546.0 -20832.0
1546.0 -24480.0
1548.0 -25308.0
1548.0 -25608.0
1548.0 -24684.0
1549.0 -24036.0
1549.0 -28512.0
1549.0 -22344.0
1549.0 -20712.0
1550.0 -22740.0
1550.0 -24600.0
1550.0 -22236.0
1550.0 -29052.0
1551.0 -19896.0
1551.0 -30744.0
1551.0 -19248.0
1552.0 -24840.0
1552.0 -23268.0
1552.0 -23580.0
1553.0 -24276.0
1554.0 -20508.0
1554.0 -24588.0
1556.0 -17520.0
1556.0 -25536.0
1557.0 -24420.0
1557.0 -26292.0
1557.0 -27552.0
1559.0 -24792.0
1559.0 -25908.0
1559.0 -25800.0
1560.0 -22152.0
1560.0 -21156.0
1561.0 -23148.0
1561.0 -24552.0
1561.0 -22344.0
1562.0 -19956.0
1562.0 -25104.0
1563.0 -23484.0
1563.0 -20688.0
1565.0 -21036.0
1565.0 -22788.0
1565.0 -20964.0
1566.0 -23964.0
1566.0 -23088.0
1566.0 -25632.0
1567.0 -21480.0
1568.0 -21972.0
1568.0 -24660.0
1568.0 -22452.0
1568.0 -25416.0
1569.0 -23244.0
1569.0 -22260.0
1569.0 -21528.0
1569.0 -20844.0
1569.0 -26940.0
1570.0 -25068.0
1570.0 -26484.0
1570.0 -27552.0
1571.0 -25164.0
1571.0 -28164.0
1571.0 -23532.0
1571.0 -20280.0
1572.0 -24624.0
1572.0 -22908.0
1572.0 -29136.0
1572.0 -25944.0
1573.0 -20472.0
1573.0 -25440.0
1574.0 -25680.0
1574.0 -27324.0
1575.0 -23640.0
1575.0 -21612.0
1575.0 -26988.0
1575.0 -18804.0
1575.0 -23736.0
1576.0 -19992.0
1576.0 -19320.0
1576.0 -26844.0
1576.0 -25080.0
1577.0 -29268.0
1577.0 -25908.0
1577.0 -25716.0
1578.0 -25068.0
1578.0 -24924.0
1578.0 -26484.0
1579.0 -20028.0
1579.0 -28956.0
1579.0 -23268.0
1580.0 -26568.0
1580.0 -26988.0
1580.0 -26664.0
1580.0 -18852.0
1581.0 -31488.0
1582.0 -22020.0
1582.0 -24204.0
1583.0 -21132.0
1583.0 -25152.0
1583.0 -22716.0
1583.0 -21060.0
1584.0 -27456.0
1584.0 -24480.0
1584.0 -21552.0
1584.0 -30372.0
1585.0 -21396.0
1586.0 -19308.0
1586.0 -24636.0
1586.0 -18912.0
1587.0 -22020.0
1587.0 -20376.0
1588.0 -25188.0
1588.0 -24108.0
1589.0 -25092.0
1589.0 -24660.0
1589.0 -27168.0
1589.0 -18468.0
1589.0 -22200.0
1590.0 -24732.0
1590.0 -18780.0
1591.0 -23700.0
1591.0 -22764.0
1591.0 -25884.0
1592.0 -19764.0
1592.0 -24684.0
1592.0 -25236.0
1592.0 -24516.0
1592.0 -23844.0
1592.0 -28080.0
1593.0 -21636.0
1593.0 -17892.0
1593.0 -21864.0
1594.0 -24024.0
1594.0 -23772.0
1595.0 -23844.0
1595.0 -27216.0
1595.0 -21528.0
1595.0 -24588.0
1595.0 -22260.0
1595.0 -28500.0
1595.0 -24792.0
1595.0 -23232.0
1597.0 -18492.0
1597.0 -24936.0
1597.0 -18324.0
1597.0 -26616.0
1597.0 -23820.0
1597.0 -25644.0
1598.0 -20736.0
1598.0 -20676.0
1599.0 -26772.0
1599.0 -21816.0
1600.0 -22752.0
1600.0 -18432.0
1600.0 -23592.0
1601.0 -24012.0
1602.0 -23784.0
1602.0 -22320.0
1602.0 -24264.0
1603.0 -30132.0
1603.0 -22068.0
1603.0 -22584.0
1603.0 -26232.0
1604.0 -23100.0
1604.0 -24600.0
1604.0 -27096.0
1605.0 -17568.0
1605.0 -27288.0
1605.0 -22992.0
1605.0 -23448.0
1606.0 -24684.0
1606.0 -26532.0
1606.0 -25104.0
1606.0 -24132.0
1606.0 -25032.0
1607.0 -21408.0
1607.0 -30792.0
1608.0 -25140.0
1608.0 -23532.0
1608.0 -25164.0
1609.0 -24420.0
1609.0 -23016.0
1609.0 -23568.0
1610.0 -28608.0
1610.0 -25056.0
1610.0 -22836.0
1610.0 -24876.0
1612.0 -24924.0
1612.0 -24576.0
1612.0 -27648.0
1612.0 -22992.0
1612.0 -24564.0
1612.0 -20148.0
1613.0 -24000.0
1613.0 -27276.0
1613.0 -24372.0
1614.0 -26244.0
1614.0 -25344.0
1614.0 -21744.0
1614.0 -26244.0
1614.0 -21024.0
1615.0 -25080.0
1615.0 -21816.0
1615.0 -23868.0
1615.0 -22800.0
1616.0 -27576.0
1616.0 -24888.0
1617.0 -24600.0
1617.0 -22272.0
1617.0 -26112.0
1617.0 -24252.0
1618.0 -19944.0
1618.0 -21516.0
1618.0 -23724.0
1619.0 -29688.0
1620.0 -24264.0
1620.0 -27444.0
1620.0 -26112.0
1621.0 -22428.0
1621.0 -25584.0
1622.0 -24516.0
1622.0 -25584.0
1622.0 -20592.0
1622.0 -22680.0
1622.0 -24252.0
1623.0 -24552.0
1623.0 -22500.0
1624.0 -21000.0
1625.0 -23040.0
1625.0 -23208.0
1626.0 -23724.0
1627.0 -21300.0
1627.0 -27012.0
1628.0 -24504.0
1628.0 -24768.0
1628.0 -23088.0
1628.0 -21912.0
1628.0 -22980.0
1628.0 -23040.0
1629.0 -23580.0
1629.0 -19524.0
1630.0 -22596.0
1630.0 -27468.0
1631.0 -22776.0
1631.0 -24336.0
1631.0 -24984.0
1631.0 -23988.0
1632.0 -22848.0
1632.0 -22704.0
1632.0 -23352.0
1632.0 -23628.0
1632.0 -20844.0
1633.0 -26328.0
1634.0 -20340.0
1634.0 -21084.0
1634.0 -24648.0
1634.0 -21204.0
1634.0 -22884.0
1635.0 -22044.0
1635.0 -21492.0
1635.0 -22968.0
1635.0 -21948.0
1636.0 -26196.0
1636.0 -20820.0
1637.0 -20496.0
1637.0 -22140.0
1637.0 -17160.0
1637.0 -21024.0
1638.0 -24816.0
1639.0 -20352.0
1639.0 -20940.0
1639.0 -19116.0
1639.0 -24204.0
1640.0 -23784.0
1640.0 -18768.0
1640.0 -28248.0
1640.0 -24516.0
1641.0 -19320.0
1641.0 -24480.0
1641.0 -27096.0
1641.0 -19248.0
1641.0 -28944.0
1642.0 -21216.0
1642.0 -16956.0
1643.0 -23976.0
1643.0 -24564.0
1643.0 -28224.0
1644.0 -26832.0
1644.0 -22836.0
1644.0 -23892.0
1644.0 -20940.0
1645.0 -22572.0
1645.0 -23928.0
1645.0 -25344.0
1645.0 -25320.0
1645.0 -24564.0
1645.0 -19656.0
1646.0 -18372.0
1646.0 -19680.0
1647.0 -23604.0
1647.0 -28200.0
1647.0 -30048.0
1647.0 -24576.0
1647.0 -23844.0
1647.0 -26124.0
1647.0 -30084.0
1647.0 -25740.0
1647.0 -29868.0
1648.0 -26556.0
1648.0 -22740.0
1649.0 -23724.0
1649.0 -19908.0
1649.0 -26112.0
1650.0 -23544.0
1650.0 -24564.0
1651.0 -25524.0
1651.0 -24408.0
1651.0 -21660.0
1651.0 -20796.0
1652.0 -24192.0
1652.0 -21300.0
1652.0 -29160.0
1652.0 -25668.0
1652.0 -26388.0
1652.0 -26124.0
1653.0 -27864.0
1653.0 -23148.0
1654.0 -22032.0
1655.0 -20652.0
1656.0 -22668.0
1656.0 -26088.0
1656.0 -24432.0
1656.0 -24924.0
1657.0 -22944.0
1657.0 -24312.0
1658.0 -29100.0
1658.0 -25620.0
1658.0 -28008.0
1658.0 -26496.0
1658.0 -19320.0
1658.0 -23364.0
1659.0 -22080.0
1659.0 -25068.0
1659.0 -28968.0
1660.0 -23556.0
1661.0 -21948.0
1661.0 -26340.0
1661.0 -24120.0
1661.0 -27480.0
1662.0 -27024.0
1662.0 -28788.0
1662.0 -23376.0
1662.0 -21072.0
1662.0 -24180.0
1663.0 -26004.0
1663.0 -24972.0
1664.0 -22392.0
1664.0 -27600.0
1664.0 -25392.0
1664.0 -31560.0
1666.0 -27036.0
1666.0 -24636.0
1666.0 -23460.0
1666.0 -21108.0
1666.0 -24588.0
1667.0 -23004.0
1667.0 -26808.0
1667.0 -22740.0
1667.0 -23316.0
1667.0 -24528.0
1668.0 -24216.0
1668.0 -27072.0
1668.0 -26412.0
1668.0 -22500.0
1668.0 -23772.0
1669.0 -23700.0
1670.0 -24288.0
1670.0 -22788.0
1670.0 -23268.0
1670.0 -29964.0
1671.0 -24936.0
1671.0 -20448.0
1671.0 -24624.0
1671.0 -23832.0
1672.0 -23400.0
1672.0 -24672.0
1672.0 -30072.0
1672.0 -22788.0
1672.0 -28656.0
1672.0 -24708.0
1673.0 -23400.0
1673.0 -24264.0
1673.0 -33024.0
1674.0 -23580.0
1674.0 -23652.0
1674.0 -26676.0
1675.0 -23316.0
1675.0 -25908.0
1676.0 -26640.0
1676.0 -22500.0
1676.0 -21552.0
1676.0 -25512.0
1676.0 -28248.0
1677.0 -26052.0
1677.0 -27396.0
1678.0 -26976.0
1678.0 -25644.0
1679.0 -27720.0
1679.0 -24636.0
1680.0 -26400.0
1680.0 -25584.0
1680.0 -21792.0
1680.0 -27072.0
1680.0 -20640.0
1680.0 -22932.0
1680.0 -28980.0
1681.0 -20928.0
1681.0 -18180.0
1681.0 -24696.0
1681.0 -22512.0
1682.0 -22992.0
1682.0 -23652.0
1682.0 -24552.0
1683.0 -24288.0
1683.0 -17208.0
1683.0 -18936.0
1684.0 -15012.0
1685.0 -23988.0
1685.0 -24744.0
1685.0 -28716.0
1685.0 -26568.0
1686.0 -26556.0
1686.0 -24540.0
1686.0 -26424.0
1686.0 -24576.0
1686.0 -27792.0
1686.0 -25956.0
1686.0 -20496.0
1687.0 -28872.0
1687.0 -21960.0
1687.0 -27192.0
1688.0 -26712.0
1688.0 -24708.0
1689.0 -20316.0
1690.0 -22008.0
1690.0 -23772.0
1690.0 -21792.0
1690.0 -25056.0
1690.0 -20928.0
1691.0 -27816.0
1691.0 -20712.0
1692.0 -25548.0
1693.0 -24384.0
1693.0 -25932.0
1694.0 -20052.0
1694.0 -26916.0
1694.0 -25212.0
1694.0 -22836.0
1694.0 -23136.0
1695.0 -23376.0
1695.0 -28992.0
1695.0 -22872.0
1696.0 -26328.0
1696.0 -27588.0
1696.0 -17868.0
1696.0 -22992.0
1696.0 -26052.0
1697.0 -24972.0
1697.0 -23292.0
1697.0 -25560.0
1697.0 -25128.0
1697.0 -22488.0
1698.0 -23124.0
1698.0 -24492.0
1698.0 -25764.0
1698.0 -28020.0
1698.0 -25920.0
1699.0 -25128.0
1699.0 -22980.0
1699.0 -21372.0
1699.0 -20076.0
1700.0 -22884.0
1700.0 -25176.0
1700.0 -25632.0
1701.0 -23988.0
1701.0 -25404.0
1701.0 -20988.0
1702.0 -19872.0
1702.0 -29532.0
1702.0 -27732.0
1703.0 -26388.0
1703.0 -20652.0
1703.0 -25428.0
1703.0 -22860.0
1703.0 -23580.0
1703.0 -18336.0
1704.0 -19848.0
1704.0 -22056.0
1704.0 -22464.0
1704.0 -27804.0
1704.0 -21792.0
1704.0 -22020.0
1705.0 -24660.0
1705.0 -25284.0
1705.0 -23916.0
1705.0 -30624.0
1705.0 -24240.0
1705.0 -29832.0
1705.0 -29544.0
1705.0 -28308.0
1705.0 -24060.0
1705.0 -22164.0
1706.0 -21792.0
1706.0 -24972.0
1706.0 -22008.0
1706.0 -23892.0
1706.0 -23988.0
1706.0 -24960.0
1706.0 -21984.0
1707.0 -27660.0
1707.0 -27180.0
1707.0 -24492.0
1707.0 -24192.0
1707.0 -22332.0
1707.0 -17628.0
1707.0 -26952.0
1708.0 -25068.0
1708.0 -25704.0
1708.0 -20436.0
1709.0 -27696.0
1709.0 -22764.0
1709.0 -27432.0
1709.0 -29160.0
1709.0 -28992.0
1709.0 -28164.0
1710.0 -22056.0
1711.0 -27096.0
1711.0 -26568.0
1711.0 -22584.0
1711.0 -20952.0
1711.0 -22356.0
1711.0 -25764.0
1711.0 -22200.0
1712.0 -25440.0
1712.0 -19704.0
1712.0 -19704.0
1712.0 -18756.0
1713.0 -20880.0
1713.0 -21024.0
1713.0 -23940.0
1713.0 -19152.0
1714.0 -27912.0
1714.0 -24768.0
1714.0 -21972.0
1714.0 -29676.0
1714.0 -21132.0
1714.0 -23484.0
1714.0 -28512.0
1715.0 -23544.0
1715.0 -27516.0
1715.0 -23508.0
1715.0 -28368.0
1715.0 -26676.0
1715.0 -29256.0
1716.0 -24912.0
1716.0 -22716.0
1716.0 -26640.0
1717.0 -23712.0
1717.0 -24216.0
1717.0 -25332.0
1717.0 -19872.0
1717.0 -29124.0
1717.0 -26772.0
1717.0 -27672.0
1718.0 -28164.0
1719.0 -24336.0
1719.0 -30240.0
1719.0 -26124.0
1719.0 -26652.0
1719.0 -25536.0
1720.0 -26892.0
1720.0 -25272.0
1720.0 -21540.0
1721.0 -29676.0
1721.0 -25320.0
1721.0 -23556.0
1721.0 -28956.0
1722.0 -29292.0
1722.0 -28044.0
1722.0 -26112.0
1722.0 -22404.0
1723.0 -20928.0
1723.0 -20916.0
1723.0 -26736.0
1723.0 -28920.0
1723.0 -24432.0
1723.0 -29292.0
1724.0 -17580.0
1724.0 -24336.0
1724.0 -21456.0
1724.0 -22980.0
1725.0 -20328.0
1725.0 -26136.0
1725.0 -24360.0
1725.0 -24876.0
1726.0 -28200.0
1726.0 -23508.0
1726.0 -25152.0
1726.0 -26760.0
1726.0 -23436.0
1727.0 -21456.0
1727.0 -24048.0
1727.0 -30048.0
1727.0 -22824.0
1727.0 -23340.0
1728.0 -26496.0
1728.0 -22320.0
1728.0 -25836.0
1728.0 -19260.0
1728.0 -22356.0
1728.0 -25848.0
1728.0 -25908.0
1728.0 -25248.0
1728.0 -22236.0
1729.0 -27240.0
1729.0 -27312.0
1729.0 -27996.0
1729.0 -26676.0
1729.0 -23700.0
1729.0 -23472.0
1730.0 -26040.0
1730.0 -26208.0
1730.0 -30648.0
1730.0 -24816.0
1730.0 -23544.0
1731.0 -24864.0
1731.0 -23580.0
1731.0 -22236.0
1731.0 -23904.0
1731.0 -29160.0
1731.0 -21468.0
1732.0 -26256.0
1732.0 -22680.0
1732.0 -23484.0
1732.0 -19740.0
1732.0 -26856.0
1732.0 -27816.0
1732.0 -28032.0
1732.0 -23832.0
1733.0 -20784.0
1733.0 -27912.0
1733.0 -23052.0
1734.0 -26028.0
1734.0 -23580.0
1734.0 -25368.0
1735.0 -24984.0
1735.0 -20556.0
1735.0 -26112.0
1735.0 -23964.0
1736.0 -26028.0
1736.0 -25920.0
1736.0 -23964.0
1736.0 -26592.0
1737.0 -27612.0
1737.0 -27096.0
1737.0 -24564.0
1737.0 -23772.0
1737.0 -26388.0
1738.0 -24408.0
1738.0 -29580.0
1738.0 -21552.0
1738.0 -26160.0
1738.0 -26640.0
1738.0 -23088.0
1738.0 -28788.0
1738.0 -23196.0
1738.0 -20316.0
1738.0 -26844.0
1739.0 -31440.0
1739.0 -23460.0
1739.0 -25368.0
1740.0 -25860.0
1740.0 -21204.0
1740.0 -20760.0
1740.0 -28308.0
1740.0 -24924.0
1741.0 -20244.0
1741.0 -22788.0
1741.0 -21888.0
1741.0 -27012.0
1741.0 -23280.0
1742.0 -26208.0
1742.0 -23208.0
1743.0 -20532.0
1744.0 -20184.0
1745.0 -24636.0
1745.0 -26904.0
1746.0 -26400.0
1746.0 -21300.0
1747.0 -20196.0
1747.0 -21972.0
1747.0 -26292.0
1747.0 -24984.0
1748.0 -24264.0
1748.0 -27564.0
1748.0 -27600.0
1748.0 -21948.0
1748.0 -22308.0
1749.0 -23244.0
1749.0 -27780.0
1749.0 -19428.0
1750.0 -28512.0
1750.0 -26112.0
1750.0 -24024.0
1750.0 -21528.0
1750.0 -24648.0
1751.0 -28356.0
1751.0 -22128.0
1751.0 -24600.0
1751.0 -24972.0
1751.0 -25524.0
1752.0 -29208.0
1752.0 -21996.0
1752.0 -27696.0
1752.0 -26664.0
1752.0 -25872.0
1752.0 -25440.0
1752.0 -21096.0
1753.0 -23028.0
1753.0 -27288.0
1753.0 -21876.0
1753.0 -21684.0
1754.0 -26904.0
1754.0 -24048.0
1754.0 -27972.0
1754.0 -24780.0
1754.0 -20820.0
1754.0 -22572.0
1755.0 -26124.0
1755.0 -26112.0
1755.0 -30048.0
1755.0 -23640.0
1755.0 -29280.0
1756.0 -25356.0
1756.0 -22272.0
1756.0 -26124.0
1757.0 -28128.0
1757.0 -26184.0
1758.0 -23772.0
1758.0 -24912.0
1758.0 -28092.0
1758.0 -29076.0
1759.0 -24192.0
1759.0 -20796.0
1759.0 -22872.0
1759.0 -27612.0
1759.0 -23532.0
1759.0 -25704.0
1759.0 -21540.0
1759.0 -22728.0
1759.0 -23340.0
1759.0 -24240.0
1760.0 -27192.0
1760.0 -20088.0
1760.0 -26892.0
1760.0 -29412.0
1760.0 -23484.0
1760.0 -18564.0
1760.0 -19524.0
1761.0 -27084.0
1761.0 -21372.0
1761.0 -23652.0
1761.0 -27780.0
1761.0 -20520.0
1761.0 -25512.0
1762.0 -24264.0
1762.0 -26700.0
1762.0 -26472.0
1762.0 -23148.0
1763.0 -22716.0
1763.0 -26124.0
1764.0 -25368.0
1764.0 -29940.0
1764.0 -23832.0
1765.0 -25356.0
1765.0 -27288.0
1766.0 -26160.0
1766.0 -26856.0
1766.0 -25656.0
1767.0 -23076.0
1767.0 -24060.0
1768.0 -27360.0
1769.0 -17988.0
1769.0 -30384.0
1769.0 -30624.0
1770.0 -19596.0
1770.0 -28644.0
1770.0 -25056.0
1770.0 -27996.0
1770.0 -23040.0
1770.0 -24120.0
1770.0 -28716.0
1770.0 -23712.0
1771.0 -24888.0
1771.0 -23736.0
1771.0 -21600.0
1771.0 -21804.0
1771.0 -22560.0
1772.0 -24852.0
1772.0 -25656.0
1772.0 -25044.0
1772.0 -26844.0
1772.0 -26640.0
1773.0 -24744.0
1773.0 -21792.0
1773.0 -24060.0
1774.0 -26004.0
1774.0 -27348.0
1774.0 -26184.0
1774.0 -24636.0
1774.0 -24060.0
1774.0 -25716.0
1774.0 -19848.0
1775.0 -24876.0
1775.0 -29256.0
1775.0 -25800.0
1775.0 -25452.0
1775.0 -26628.0
1776.0 -23916.0
1776.0 -24168.0
1776.0 -30516.0
1777.0 -24768.0
1777.0 -20988.0
1777.0 -24828.0
1777.0 -23616.0
1778.0 -20568.0
1778.0 -25452.0
1778.0 -26556.0
1778.0 -23532.0
1778.0 -26772.0
1778.0 -22776.0
1779.0 -22140.0
1779.0 -27420.0
1779.0 -24468.0
1780.0 -24792.0
1780.0 -22944.0
1780.0 -26472.0
1781.0 -23820.0
1781.0 -20664.0
1781.0 -25848.0
1782.0 -25428.0
1782.0 -23160.0
1782.0 -21096.0
1782.0 -25800.0
1782.0 -23292.0
1782.0 -26904.0
1783.0 -23184.0
1783.0 -23412.0
1784.0 -25188.0
1784.0 -22464.0
1784.0 -20724.0
1784.0 -28488.0
1784.0 -25296.0
1785.0 -25668.0
1785.0 -27720.0
1785.0 -24300.0
1786.0 -26784.0
1786.0 -24840.0
1786.0 -28572.0
1786.0 -22524.0
1786.0 -28524.0
1787.0 -28980.0
1787.0 -24720.0
1787.0 -26640.0
1787.0 -24432.0
1787.0 -22704.0
1787.0 -23736.0
1788.0 -21480.0
1788.0 -23028.0
1788.0 -31980.0
1788.0 -24588.0
1788.0 -21828.0
1789.0 -26160.0
1789.0 -23484.0
1789.0 -23256.0
1789.0 -24732.0
1789.0 -20508.0
1789.0 -24768.0
1789.0 -25428.0
1790.0 -31296.0
1790.0 -23784.0
1790.0 -31548.0
1790.0 -26244.0
1790.0 -24480.0
1791.0 -23004.0
1791.0 -21600.0
1791.0 -27792.0
1792.0 -22992.0
1792.0 -29568.0
1792.0 -18888.0
1792.0 -25404.0
1793.0 -29100.0
1793.0 -22884.0
1793.0 -24180.0
1794.0 -28848.0
1794.0 -25380.0
1794.0 -28644.0
1795.0 -27252.0
1795.0 -21804.0
1795.0 -24828.0
1795.0 -23928.0
1796.0 -23196.0
1796.0 -26040.0
1796.0 -23436.0
1796.0 -26028.0
1796.0 -21984.0
1797.0 -27312.0
1797.0 -23196.0
1797.0 -27780.0
1798.0 -26388.0
1798.0 -28536.0
1798.0 -24408.0
1798.0 -28224.0
1798.0 -25884.0
1798.0 -27888.0
1798.0 -26436.0
1799.0 -23400.0
1799.0 -24996.0
1799.0 -23760.0
1799.0 -27204.0
1799.0 -26592.0
1799.0 -22848.0
1800.0 -22188.0
1800.0 -26856.0
1800.0 -31140.0
1800.0 -26904.0
1800.0 -23976.0
1800.0 -28560.0
1800.0 -26952.0
1800.0 -22380.0
1800.0 -29256.0
1800.0 -26220.0
1801.0 -24396.0
1801.0 -25032.0
1801.0 -27504.0
1801.0 -23532.0
1801.0 -25428.0
1802.0 -25152.0
1802.0 -28968.0
1802.0 -23844.0
1802.0 -22380.0
1802.0 -21756.0
1802.0 -26628.0
1802.0 -25104.0
1803.0 -22308.0
1803.0 -25800.0
1803.0 -20016.0
1804.0 -20856.0
1804.0 -22980.0
1804.0 -28116.0
1804.0 -28104.0
1804.0 -27252.0
1804.0 -19512.0
1804.0 -30660.0
1804.0 -25344.0
1805.0 -25776.0
1805.0 -24432.0
1805.0 -22068.0
1806.0 -22044.0
1806.0 -24984.0
1806.0 -28620.0
1806.0 -25848.0
1806.0 -28296.0
1807.0 -23004.0
1807.0 -26316.0
1807.0 -25896.0
1807.0 -25020.0
1807.0 -29940.0
1807.0 -22140.0
1808.0 -23724.0
1808.0 -25344.0
1808.0 -22164.0
1808.0 -22368.0
1809.0 -23256.0
1809.0 -27252.0
1809.0 -29556.0
1809.0 -25872.0
1810.0 -26652.0
1810.0 -26196.0
1810.0 -24120.0
1810.0 -22884.0
1810.0 -22140.0
1810.0 -26772.0
1810.0 -28068.0
1810.0 -24660.0
1811.0 -24612.0
1811.0 -27408.0
1811.0 -28848.0
1811.0 -23496.0
1811.0 -23064.0
1812.0 -23820.0
1813.0 -22140.0
1813.0 -25584.0
1813.0 -17352.0
1813.0 -21012.0
1813.0 -29676.0
1813.0 -19332.0
1814.0 -23460.0
1814.0 -24744.0
1814.0 -26664.0
1814.0 -27240.0
1814.0 -26268.0
1814.0 -23472.0
1815.0 -27240.0
1815.0 -23604.0
1815.0 -24564.0
1815.0 -24528.0
1815.0 -24984.0
1816.0 -23268.0
1816.0 -25332.0
1816.0 -22656.0
1816.0 -20472.0
1817.0 -21216.0
1817.0 -25344.0
1817.0 -21828.0
1817.0 -18708.0
1817.0 -23028.0
1818.0 -24468.0
1818.0 -26748.0
1818.0 -23388.0
1818.0 -23064.0
1818.0 -24492.0
1819.0 -26160.0
1819.0 -28332.0
1819.0 -22692.0
1819.0 -25548.0
1820.0 -26592.0
1820.0 -24972.0
1821.0 -30624.0
1822.0 -25524.0
1822.0 -26376.0
1822.0 -25008.0
1822.0 -24444.0
1823.0 -27864.0
1823.0 -27804.0
1823.0 -25932.0
1824.0 -23592.0
1824.0 -22356.0
1824.0 -25704.0
1824.0 -25968.0
1824.0 -26232.0
1824.0 -23040.0
1824.0 -20736.0
1825.0 -30348.0
1825.0 -25644.0
1825.0 -26052.0
1825.0 -25560.0
1825.0 -26616.0
1826.0 -22524.0
1826.0 -24192.0
1826.0 -23664.0
1827.0 -25188.0
1827.0 -24492.0
1827.0 -25092.0
1827.0 -31500.0
1827.0 -25932.0
1827.0 -25620.0
1827.0 -21624.0
1827.0 -24924.0
1827.0 -18588.0
1828.0 -25116.0
1828.0 -24984.0
1828.0 -24120.0
1828.0 -30204.0
1829.0 -27132.0
1829.0 -34980.0
1829.0 -26616.0
1829.0 -22980.0
1829.0 -31872.0
1830.0 -23208.0
1830.0 -25740.0
1831.0 -26496.0
1832.0 -25968.0
1832.0 -21156.0
1832.0 -22680.0
1832.0 -21900.0
1832.0 -26832.0
1833.0 -20880.0
1833.0 -27996.0
1833.0 -23364.0
1834.0 -26664.0
1834.0 -24516.0
1834.0 -25884.0
1834.0 -32352.0
1834.0 -25488.0
1834.0 -26592.0
1834.0 -24420.0
1834.0 -21180.0
1834.0 -26664.0
1835.0 -25404.0
1835.0 -29208.0
1835.0 -22644.0
1836.0 -26700.0
1836.0 -27744.0
1837.0 -26976.0
1837.0 -26412.0
1837.0 -24876.0
1837.0 -27768.0
1838.0 -23892.0
1838.0 -27384.0
1838.0 -22752.0
1838.0 -25056.0
1838.0 -24408.0
1838.0 -24912.0
1838.0 -23412.0
1838.0 -22068.0
1838.0 -22176.0
1839.0 -22944.0
1839.0 -26472.0
1839.0 -22800.0
1839.0 -25560.0
1839.0 -26952.0
1839.0 -21576.0
1840.0 -25440.0
1840.0 -27828.0
1840.0 -25512.0
1841.0 -23928.0
1841.0 -23148.0
1841.0 -26112.0
1841.0 -28956.0
1841.0 -28188.0
1842.0 -24972.0
1842.0 -26784.0
1842.0 -25404.0
1842.0 -27048.0
1842.0 -30120.0
1842.0 -21324.0
1842.0 -27924.0
1843.0 -25308.0
1843.0 -25188.0
1843.0 -26340.0
1843.0 -25452.0
1843.0 -19356.0
1844.0 -22368.0
1844.0 -17364.0
1844.0 -22524.0
1844.0 -24144.0
1845.0 -21900.0
1845.0 -23184.0
1845.0 -27072.0
1845.0 -24420.0
1845.0 -25044.0
1846.0 -22596.0
1846.0 -28296.0
1846.0 -24336.0
1846.0 -25128.0
1846.0 -27996.0
1846.0 -24900.0
1848.0 -27432.0
1848.0 -23592.0
1848.0 -22848.0
1848.0 -23556.0
1849.0 -32136.0
1849.0 -24324.0
1849.0 -24612.0
1849.0 -26844.0
1849.0 -22488.0
1849.0 -25284.0
1849.0 -21840.0
1850.0 -27888.0
1850.0 -17712.0
1850.0 -26412.0
1850.0 -34488.0
1850.0 -22332.0
1850.0 -21720.0
1850.0 -29376.0
1851.0 -26064.0
1851.0 -24768.0
1851.0 -23292.0
1851.0 -26928.0
1852.0 -22644.0
1852.0 -25584.0
1852.0 -26232.0
1852.0 -26076.0
1852.0 -30600.0
1852.0 -21912.0
1853.0 -22452.0
1853.0 -23040.0
1853.0 -23412.0
1853.0 -24528.0
1854.0 -23004.0
1854.0 -28344.0
1854.0 -19848.0
1854.0 -24036.0
1855.0 -24732.0
1855.0 -27360.0
1855.0 -27732.0
1855.0 -27252.0
1855.0 -21996.0
1856.0 -28032.0
1856.0 -27864.0
1856.0 -23928.0
1856.0 -24516.0
1857.0 -27540.0
1857.0 -29652.0
1857.0 -22164.0
1857.0 -24048.0
1857.0 -22920.0
1857.0 -26388.0
1857.0 -29280.0
1858.0 -27300.0
1858.0 -26376.0
1858.0 -26604.0
1858.0 -21744.0
1858.0 -25464.0
1859.0 -25248.0
1859.0 -25992.0
1860.0 -21120.0
1860.0 -21912.0
1860.0 -28668.0
1860.0 -28644.0
1860.0 -28332.0
1860.0 -24228.0
1861.0 -23304.0
1861.0 -28512.0
1861.0 -30984.0
1861.0 -22056.0
1861.0 -23520.0
1861.0 -25008.0
1861.0 -28404.0
1861.0 -26268.0
1861.0 -22092.0
1862.0 -25512.0
1862.0 -23688.0
1862.0 -24948.0
1862.0 -26028.0
1862.0 -31548.0
1862.0 -19992.0
1863.0 -23868.0
1863.0 -31164.0
1863.0 -20724.0
1863.0 -24120.0
1864.0 -21348.0
1864.0 -24984.0
1864.0 -23928.0
1864.0 -24732.0
1864.0 -22668.0
1864.0 -25896.0
1865.0 -28176.0
1865.0 -30216.0
1865.0 -24468.0
1866.0 -29916.0
1866.0 -23184.0
1866.0 -21636.0
1866.0 -26712.0
1867.0 -26880.0
1867.0 -26328.0
1867.0 -27564.0
1867.0 -28788.0
1867.0 -25020.0
1867.0 -23136.0
1868.0 -25836.0
1869.0 -26088.0
1869.0 -24180.0
1869.0 -28848.0
1869.0 -23832.0
1869.0 -29352.0
1870.0 -21852.0
1870.0 -27084.0
1870.0 -27360.0
1870.0 -28932.0
1870.0 -25380.0
1870.0 -21324.0
1871.0 -24348.0
1871.0 -27468.0
1871.0 -27276.0
1872.0 -25992.0
1872.0 -26232.0
1872.0 -26988.0
1872.0 -25656.0
1873.0 -26040.0
1873.0 -20592.0
1873.0 -27684.0
1873.0 -27660.0
1873.0 -24684.0
1874.0 -28884.0
1874.0 -24768.0
1874.0 -23868.0
1875.0 -26952.0
1875.0 -22872.0
1875.0 -24972.0
1875.0 -21816.0
1876.0 -20904.0
1876.0 -22968.0
1876.0 -27288.0
1876.0 -25260.0
1876.0 -25044.0
1876.0 -25836.0
1876.0 -26268.0
1876.0 -25116.0
1877.0 -27228.0
1877.0 -23928.0
1877.0 -23292.0
1877.0 -25236.0
1877.0 -19272.0
1877.0 -21960.0
1877.0 -23916.0
1878.0 -27264.0
1878.0 -25296.0
1878.0 -26016.0
1878.0 -20688.0
1878.0 -23544.0
1879.0 -20520.0
1879.0 -26184.0
1879.0 -27876.0
1879.0 -24468.0
1880.0 -26340.0
1880.0 -27492.0
1880.0 -24720.0
1880.0 -25896.0
1881.0 -30720.0
1881.0 -22416.0
1881.0 -30396.0
1881.0 -25884.0
1882.0 -24168.0
1882.0 -21504.0
1882.0 -26640.0
1882.0 -22548.0
1882.0 -28584.0
1883.0 -26700.0
1883.0 -29016.0
1883.0 -28080.0
1883.0 -24204.0
1883.0 -26364.0
1884.0 -24924.0
1884.0 -25260.0
1884.0 -23616.0
1885.0 -21528.0
1885.0 -24096.0
1885.0 -29880.0
1885.0 -27060.0
1885.0 -27576.0
1885.0 -22020.0
1885.0 -32076.0
1886.0 -27948.0
1886.0 -22020.0
1886.0 -29640.0
1886.0 -21036.0
1886.0 -27204.0
1887.0 -23556.0
1887.0 -27768.0
1887.0 -25584.0
1888.0 -26856.0
1888.0 -25704.0
1888.0 -25668.0
1888.0 -28608.0
1888.0 -28608.0
1889.0 -20904.0
1889.0 -24924.0
1889.0 -29604.0
1890.0 -26376.0
1890.0 -29460.0
1890.0 -29796.0
1890.0 -20532.0
1890.0 -24444.0
1890.0 -21852.0
1890.0 -21696.0
1890.0 -24228.0
1891.0 -23256.0
1891.0 -27588.0
1891.0 -26988.0
1892.0 -23700.0
1892.0 -23496.0
1892.0 -22920.0
1893.0 -22944.0
1893.0 -29424.0
1894.0 -22956.0
1894.0 -27216.0
1894.0 -24132.0
1895.0 -26076.0
1895.0 -25872.0
1895.0 -25680.0
1895.0 -25140.0
1895.0 -25452.0
1895.0 -28848.0
1896.0 -25992.0
1896.0 -19824.0
1896.0 -28848.0
1896.0 -17976.0
1896.0 -23688.0
1897.0 -26592.0
1897.0 -27276.0
1897.0 -27468.0
1897.0 -28392.0
1897.0 -24672.0
1898.0 -31044.0
1898.0 -21804.0
1898.0 -24480.0
1899.0 -27180.0
1899.0 -30780.0
1899.0 -20460.0
1899.0 -24324.0
1899.0 -28344.0
1899.0 -25380.0
1899.0 -25812.0
1900.0 -30732.0
1900.0 -26148.0
1900.0 -24432.0
1900.0 -26388.0
1900.0 -25968.0
1901.0 -25320.0
1901.0 -21840.0
1901.0 -27084.0
1901.0 -27684.0
1902.0 -21852.0
1902.0 -33048.0
1902.0 -27468.0
1902.0 -25920.0
1902.0 -22572.0
1903.0 -31872.0
1903.0 -26628.0
1904.0 -29220.0
1904.0 -27060.0
1905.0 -26580.0
1905.0 -25284.0
1905.0 -26844.0
1905.0 -23220.0
1905.0 -27120.0
1905.0 -21876.0
1905.0 -24684.0
1905.0 -25776.0
1906.0 -27972.0
1906.0 -25884.0
1907.0 -26676.0
1907.0 -25416.0
1907.0 -26484.0
1907.0 -20652.0
1908.0 -29772.0
1908.0 -23568.0
1908.0 -26280.0
1908.0 -21060.0
1908.0 -34800.0
1909.0 -27660.0
1909.0 -23172.0
1909.0 -24828.0
1909.0 -25404.0
1909.0 -26688.0
1909.0 -22920.0
1909.0 -25668.0
1909.0 -27564.0
1909.0 -28140.0
1909.0 -25668.0
1909.0 -28296.0
1909.0 -21600.0
1909.0 -28032.0
1910.0 -26388.0
1910.0 -29448.0
1910.0 -26004.0
1910.0 -26184.0
1910.0 -23844.0
1911.0 -26316.0
1911.0 -27240.0
1912.0 -26616.0
1912.0 -23088.0
1912.0 -27324.0
1912.0 -22128.0
1912.0 -26988.0
1912.0 -25116.0
1912.0 -26232.0
1912.0 -22848.0
1913.0 -21852.0
1913.0 -24276.0
1913.0 -29676.0
1913.0 -24888.0
1913.0 -18180.0
1913.0 -25356.0
1913.0 -22860.0
1913.0 -20052.0
1913.0 -23688.0
1913.0 -26448.0
1914.0 -23328.0
1914.0 -24936.0
1914.0 -22212.0
1914.0 -29436.0
1914.0 -21528.0
1915.0 -21408.0
1915.0 -26292.0
1915.0 -28548.0
1915.0 -25896.0
1915.0 -28188.0
1915.0 -29520.0
1915.0 -28896.0
1916.0 -29532.0
1916.0 -27180.0
1916.0 -24792.0
1916.0 -22632.0
1916.0 -24072.0
1916.0 -21240.0
1916.0 -23988.0
1917.0 -25392.0
1917.0 -24072.0
1917.0 -27048.0
1918.0 -27408.0
1918.0 -23916.0
1918.0 -28200.0
1918.0 -26760.0
1918.0 -28584.0
1918.0 -30624.0
1918.0 -24924.0
1919.0 -28032.0
1919.0 -27804.0
1920.0 -25224.0
1920.0 -26544.0
1920.0 -26004.0
1920.0 -27600.0
1921.0 -27792.0
1921.0 -21816.0
1922.0 -26124.0
1922.0 -21444.0
1922.0 -26664.0
1922.0 -26748.0
1923.0 -23748.0
1923.0 -25608.0
1923.0 -24396.0
1924.0 -25272.0
1924.0 -24288.0
1925.0 -18384.0
1925.0 -28884.0
1925.0 -28764.0
1925.0 -28884.0
1925.0 -27144.0
1925.0 -27612.0
1925.0 -23748.0
1926.0 -24228.0
1926.0 -27396.0
1926.0 -19572.0
1926.0 -29472.0
1926.0 -24228.0
1926.0 -25896.0
1927.0 -24612.0
1927.0 -26364.0
1928.0 -25932.0
1928.0 -21384.0
1929.0 -22788.0
1929.0 -27636.0
1929.0 -25272.0
1929.0 -28584.0
1929.0 -30936.0
1930.0 -25932.0
1930.0 -23580.0
1930.0 -25356.0
1930.0 -27504.0
1930.0 -24804.0
1930.0 -23868.0
1931.0 -32388.0
1931.0 -25848.0
1931.0 -24384.0
1932.0 -27204.0
1932.0 -26988.0
1933.0 -23964.0
1933.0 -25164.0
1933.0 -24576.0
1933.0 -26712.0
1934.0 -26700.0
1934.0 -30084.0
1935.0 -22116.0
1935.0 -23388.0
1935.0 -24996.0
1935.0 -24324.0
1935.0 -25368.0
1935.0 -27300.0
1935.0 -24828.0
1936.0 -22920.0
1936.0 -28668.0
1936.0 -21252.0
1936.0 -27780.0
1936.0 -26712.0
1936.0 -28500.0
1937.0 -25632.0
1938.0 -26976.0
1939.0 -30252.0
1939.0 -25440.0
1939.0 -27024.0
1940.0 -22332.0
1940.0 -30888.0
1940.0 -19920.0
1941.0 -26352.0
1941.0 -20544.0
1941.0 -24168.0
1942.0 -27600.0
1942.0 -23556.0
1942.0 -21852.0
1943.0 -29592.0
1943.0 -20604.0
1943.0 -28488.0
1944.0 -25944.0
1944.0 -26760.0
1944.0 -20484.0
1945.0 -20952.0
1945.0 -33816.0
1945.0 -22116.0
1945.0 -26892.0
1946.0 -22344.0
1946.0 -22740.0
1946.0 -23364.0
1947.0 -29964.0
1947.0 -23124.0
1947.0 -30588.0
1948.0 -22980.0
1948.0 -26112.0
1948.0 -21696.0
1948.0 -26424.0
1948.0 -30504.0
1948.0 -24300.0
1949.0 -29484.0
1949.0 -21336.0
1949.0 -21048.0
1949.0 -29076.0
1949.0 -26700.0
1949.0 -26076.0
1949.0 -29748.0
1949.0 -28080.0
1949.0 -25536.0
1949.0 -21684.0
1949.0 -29088.0
1949.0 -26220.0
1950.0 -30300.0
1950.0 -23856.0
1950.0 -28344.0
1950.0 -23700.0
1951.0 -25764.0
1951.0 -26904.0
1951.0 -26688.0
1951.0 -25296.0
1952.0 -29184.0
1952.0 -20940.0
1952.0 -25716.0
1952.0 -23652.0
1953.0 -24024.0
1953.0 -20616.0
1953.0 -27132.0
1954.0 -26100.0
1954.0 -24984.0
1954.0 -24060.0
1954.0 -26232.0
1954.0 -29604.0
1954.0 -31212.0
1954.0 -27132.0
1954.0 -26988.0
1955.0 -22944.0
1955.0 -27504.0
1955.0 -27468.0
1955.0 -28812.0
1956.0 -23304.0
1956.0 -25512.0
1956.0 -25368.0
1956.0 -23724.0
1956.0 -25824.0
1956.0 -26028.0
1956.0 -21900.0
1956.0 -25992.0
1956.0 -29400.0
1956.0 -23196.0
1957.0 -26208.0
1957.0 -22848.0
1957.0 -30816.0
1957.0 -25116.0
1957.0 -27840.0
1957.0 -24288.0
1957.0 -22464.0
1957.0 -27732.0
1957.0 -29892.0
1958.0 -23436.0
1958.0 -22308.0
1958.0 -22248.0
1958.0 -26712.0
1960.0 -24900.0
1960.0 -26976.0
1960.0 -26232.0
1960.0 -24600.0
1960.0 -20748.0
1961.0 -21084.0
1961.0 -26268.0
1961.0 -24768.0
1962.0 -22848.0
1962.0 -28260.0
1962.0 -25932.0
1962.0 -27468.0
1962.0 -22200.0
1962.0 -26100.0
1962.0 -34236.0
1963.0 -27108.0
1963.0 -23496.0
1963.0 -26052.0
1963.0 -27048.0
1963.0 -24888.0
1963.0 -30948.0
1964.0 -28524.0
1964.0 -26316.0
1964.0 -27948.0
1964.0 -31584.0
1964.0 -33252.0
1964.0 -24804.0
1965.0 -32232.0
1965.0 -21924.0
1965.0 -24600.0
1966.0 -23676.0
1966.0 -26688.0
1966.0 -27048.0
1966.0 -25368.0
1966.0 -23388.0
1967.0 -25536.0
1967.0 -20628.0
1967.0 -23988.0
1967.0 -24288.0
1967.0 -24012.0
1967.0 -23748.0
1968.0 -24348.0
1968.0 -23496.0
1968.0 -26724.0
1968.0 -30876.0
1968.0 -30408.0
1968.0 -25956.0
1968.0 -28620.0
1968.0 -34560.0
1969.0 -25836.0
1969.0 -30036.0
1969.0 -31800.0
1969.0 -22452.0
1970.0 -26880.0
1970.0 -27060.0
1970.0 -28284.0
1970.0 -30384.0
1970.0 -24852.0
1970.0 -24756.0
1971.0 -31224.0
1971.0 -26604.0
1971.0 -25992.0
1971.0 -24804.0
1971.0 -26484.0
1972.0 -23592.0
1972.0 -24972.0
1972.0 -26712.0
1972.0 -26352.0
1973.0 -25104.0
1973.0 -26556.0
1973.0 -28368.0
1973.0 -24192.0
1973.0 -27696.0
1973.0 -23976.0
1973.0 -22092.0
1973.0 -25416.0
1973.0 -25608.0
1974.0 -30132.0
1974.0 -26856.0
1974.0 -21216.0
1974.0 -23508.0
1975.0 -20112.0
1975.0 -30468.0
1975.0 -21888.0
1976.0 -27672.0
1976.0 -27288.0
1976.0 -29136.0
1976.0 -27396.0
1976.0 -27804.0
1976.0 -25320.0
1977.0 -29628.0
1977.0 -22164.0
1977.0 -22788.0
1977.0 -20928.0
1977.0 -31452.0
1977.0 -25284.0
1977.0 -29268.0
1977.0 -26760.0
1978.0 -28404.0
1979.0 -24480.0
1979.0 -27456.0
1979.0 -26748.0
1979.0 -28836.0
1979.0 -29556.0
1979.0 -23340.0
1980.0 -28848.0
1980.0 -28608.0
1981.0 -25092.0
1981.0 -21240.0
1981.0 -22560.0
1982.0 -25440.0
1982.0 -26832.0
1982.0 -22260.0
1982.0 -25068.0
1983.0 -25644.0
1983.0 -26316.0
1983.0 -24876.0
1983.0 -22740.0
1983.0 -24120.0
1984.0 -24648.0
1984.0 -26328.0
1984.0 -28680.0
1984.0 -21960.0
1984.0 -31020.0
1984.0 -27180.0
1985.0 -27264.0
1985.0 -23460.0
1985.0 -25032.0
1985.0 -27516.0
1986.0 -26544.0
1986.0 -23844.0
1986.0 -22764.0
1986.0 -24384.0
1986.0 -28104.0
1986.0 -23844.0
1987.0 -26232.0
1987.0 -25176.0
1987.0 -27132.0
1987.0 -26892.0
1987.0 -21636.0
1987.0 -27432.0
1987.0 -18672.0
1987.0 -27540.0
1987.0 -24048.0
1988.0 -26376.0
1988.0 -21816.0
1988.0 -27888.0
1988.0 -29964.0
1989.0 -23760.0
1989.0 -30252.0
1989.0 -25548.0
1989.0 -27552.0
1990.0 -26820.0
1990.0 -29808.0
1990.0 -23664.0
1990.0 -23868.0
1990.0 -29952.0
1990.0 -25176.0
1990.0 -26244.0
1991.0 -27792.0
1991.0 -27624.0
1991.0 -21324.0
1991.0 -25260.0
1991.0 -24096.0
1991.0 -24744.0
1991.0 -23100.0
1992.0 -28140.0
1992.0 -27576.0
1992.0 -22440.0
1992.0 -25272.0
1993.0 -20664.0
1993.0 -24948.0
1993.0 -25836.0
1993.0 -27828.0
1993.0 -23940.0
1993.0 -30720.0
1994.0 -25668.0
1994.0 -21024.0
1994.0 -25812.0
1994.0 -30420.0
1994.0 -17172.0
1994.0 -29880.0
1995.0 -26328.0
1995.0 -27684.0
1995.0 -23040.0
1995.0 -23448.0
1995.0 -29052.0
1995.0 -27696.0
1995.0 -26340.0
1996.0 -22404.0
1996.0 -19644.0
1996.0 -26412.0
1996.0 -29604.0
1996.0 -23700.0
1996.0 -27216.0
1996.0 -21636.0
1997.0 -28884.0
1997.0 -23400.0
1997.0 -21468.0
1997.0 -26496.0
1997.0 -22020.0
1997.0 -27624.0
1997.0 -30792.0
1997.0 -24792.0
1998.0 -25692.0
1998.0 -27120.0
1998.0 -27036.0
1999.0 -22824.0
1999.0 -24720.0
1999.0 -27420.0
1999.0 -26076.0
2000.0 -24756.0
2000.0 -25968.0
2000.0 -24108.0
2000.0 -27084.0
2000.0 -27216.0
2000.0 -25428.0
2000.0 -27660.0
2000.0 -25080.0
2000.0 -26280.0
2001.0 -27540.0
2002.0 -26520.0
2002.0 -32916.0
2002.0 -26556.0
2002.0 -24384.0
2003.0 -25056.0
2003.0 -28860.0
2004.0 -24324.0
2004.0 -28944.0
2004.0 -24084.0
2005.0 -27060.0
2005.0 -28392.0
2005.0 -26916.0
2005.0 -25596.0
2005.0 -23160.0
2005.0 -22848.0
2005.0 -25044.0
2005.0 -31800.0
2006.0 -28068.0
2007.0 -27576.0
2007.0 -23016.0
2007.0 -27012.0
2007.0 -28404.0
2007.0 -23412.0
2008.0 -25308.0
2008.0 -24984.0
2008.0 -26136.0
2010.0 -26604.0
2011.0 -26916.0
2011.0 -28860.0
2011.0 -21264.0
2011.0 -24864.0
2011.0 -25620.0
2011.0 -32424.0
2012.0 -23820.0
2012.0 -23892.0
2012.0 -23556.0
2012.0 -25548.0
2013.0 -24036.0
2014.0 -29868.0
2014.0 -25884.0
2014.0 -30852.0
2014.0 -25428.0
2014.0 -19656.0
2015.0 -28800.0
2015.0 -27900.0
2015.0 -27960.0
2016.0 -21132.0
2017.0 -22320.0
2017.0 -26784.0
2017.0 -27636.0
2018.0 -24792.0
2018.0 -26604.0
2018.0 -28716.0
2018.0 -20520.0
2019.0 -26040.0
2019.0 -25044.0
2019.0 -22284.0
2020.0 -22212.0
2020.0 -21300.0
2020.0 -23832.0
2020.0 -24264.0
2020.0 -26676.0
2020.0 -16920.0
2020.0 -22440.0
2020.0 -26580.0
2020.0 -21888.0
2021.0 -30732.0
2022.0 -24528.0
2022.0 -32352.0
2022.0 -28920.0
2023.0 -22716.0
2023.0 -31884.0
2023.0 -25080.0
2023.0 -24528.0
2023.0 -25608.0
2023.0 -27084.0
2023.0 -21504.0
2024.0 -26016.0
2025.0 -26916.0
2026.0 -27024.0
2026.0 -24348.0
2026.0 -28836.0
2027.0 -23424.0
2027.0 -29544.0
2028.0 -28380.0
2028.0 -25332.0
2028.0 -27864.0
2029.0 -24948.0
2029.0 -31284.0
2029.0 -23784.0
2030.0 -25176.0
2030.0 -24048.0
2030.0 -24156.0
2030.0 -22452.0
2031.0 -26100.0
2031.0 -27036.0
2031.0 -27708.0
2031.0 -24120.0
2031.0 -30612.0
2032.0 -20556.0
2032.0 -29064.0
2032.0 -23148.0
2032.0 -26964.0
2032.0 -22380.0
2032.0 -30732.0
2032.0 -26808.0
2032.0 -28464.0
2032.0 -22176.0
2033.0 -25884.0
2033.0 -20688.0
2033.0 -24660.0
2033.0 -26532.0
2034.0 -25536.0
2034.0 -25848.0
2034.0 -25320.0
2035.0 -27468.0
2035.0 -24312.0
2035.0 -21876.0
2036.0 -31476.0
2036.0 -25944.0
2036.0 -20124.0
2037.0 -27432.0
2037.0 -29628.0
2038.0 -27780.0
2038.0 -29664.0
2038.0 -28752.0
2039.0 -20604.0
2039.0 -28524.0
2039.0 -26676.0
2039.0 -21336.0
2040.0 -26964.0
2040.0 -26616.0
2041.0 -25740.0
2041.0 -27852.0
2041.0 -33228.0
2042.0 -32340.0
2042.0 -27192.0
2042.0 -27948.0
2042.0 -28428.0
2043.0 -27756.0
2044.0 -27672.0
2045.0 -24372.0
2045.0 -27252.0
2045.0 -25092.0
2046.0 -26256.0
2046.0 -27060.0
2046.0 -23676.0
2046.0 -29040.0
2046.0 -24912.0
2047.0 -21300.0
2047.0 -26772.0
2047.0 -25896.0
2047.0 -28164.0
2047.0 -25680.0
2047.0 -30204.0
2047.0 -25968.0
2048.0 -19848.0
2048.0 -29616.0
2048.0 -31200.0
2048.0 -25212.0
2048.0 -24084.0
2048.0 -27012.0
2048.0 -28440.0
2049.0 -27264.0
2049.0 -24168.0
2049.0 -28068.0
2049.0 -26256.0
2050.0 -25956.0
2050.0 -23040.0
2051.0 -29868.0
2051.0 -26436.0
2051.0 -25908.0
2051.0 -27504.0
2051.0 -28176.0
2051.0 -30648.0
2052.0 -25740.0
2052.0 -28740.0
2052.0 -26316.0
2052.0 -23832.0
2052.0 -23412.0
2052.0 -23976.0
2053.0 -30612.0
2053.0 -29172.0
2053.0 -29220.0
2054.0 -25740.0
2054.0 -28008.0
2054.0 -22788.0
2055.0 -26532.0
2055.0 -28488.0
2055.0 -29280.0
2056.0 -28104.0
2056.0 -23904.0
2056.0 -29352.0
2057.0 -25908.0
2057.0 -20628.0
2057.0 -27156.0
2058.0 -21972.0
2058.0 -27852.0
2058.0 -29148.0
2059.0 -29424.0
2059.0 -27048.0
2059.0 -26340.0
2059.0 -24156.0
2060.0 -25236.0
2061.0 -23364.0
2061.0 -23520.0
2061.0 -24324.0
2061.0 -27732.0
2062.0 -33948.0
2062.0 -24372.0
2063.0 -23904.0
2064.0 -26532.0
2064.0 -30360.0
2065.0 -26544.0
2065.0 -28380.0
2065.0 -22500.0
2065.0 -26868.0
2066.0 -27324.0
2066.0 -25776.0
2066.0 -25896.0
2066.0 -22872.0
2067.0 -25992.0
2067.0 -32436.0
2068.0 -29604.0
2068.0 -23688.0
2070.0 -22296.0
2070.0 -22332.0
2070.0 -25476.0
2070.0 -31272.0
2070.0 -23352.0
2070.0 -24576.0
2071.0 -24660.0
2071.0 -23700.0
2071.0 -28092.0
2073.0 -25512.0
2073.0 -28068.0
2074.0 -24240.0
2074.0 -28512.0
2075.0 -23532.0
2075.0 -30984.0
2076.0 -30528.0
2076.0 -27660.0
2076.0 -30072.0
2077.0 -28032.0
2077.0 -26244.0
2079.0 -26556.0
2079.0 -29028.0
2079.0 -26280.0
2080.0 -29040.0
2080.0 -24672.0
2081.0 -29652.0
2082.0 -26724.0
2082.0 -26400.0
2082.0 -25884.0
2082.0 -32208.0
2082.0 -27636.0
2082.0 -25968.0
2082.0 -30396.0
2082.0 -29124.0
2082.0 -29424.0
2083.0 -29484.0
2083.0 -26976.0
2084.0 -25404.0
2084.0 -32844.0
2084.0 -31236.0
2084.0 -24672.0
2085.0 -27216.0
2086.0 -28152.0
2086.0 -29676.0
2086.0 -27492.0
2087.0 -29412.0
2087.0 -32952.0
2087.0 -30144.0
2087.0 -22824.0
2088.0 -30036.0
2088.0 -22524.0
2089.0 -21264.0
2089.0 -26700.0
2089.0 -22728.0
2089.0 -24828.0
2089.0 -27060.0
2090.0 -24456.0
2090.0 -26592.0
2091.0 -28392.0
2091.0 -19572.0
2091.0 -23316.0
2091.0 -25140.0
2092.0 -24648.0
2092.0 -26844.0
2092.0 -29328.0
2092.0 -24516.0
2093.0 -32124.0
2094.0 -22704.0
2094.0 -23208.0
2094.0 -26508.0
2094.0 -26256.0
2094.0 -25224.0
2095.0 -29508.0
2095.0 -25692.0
2095.0 -31452.0
2096.0 -27492.0
2097.0 -26448.0
2097.0 -29592.0
2097.0 -24540.0
2098.0 -24432.0
2099.0 -22584.0
2099.0 -22500.0
2100.0 -25764.0
2100.0 -28140.0
2100.0 -28068.0
2101.0 -24384.0
2101.0 -27924.0
2102.0 -26832.0
2103.0 -26376.0
2103.0 -22884.0
2103.0 -29052.0
2104.0 -29004.0
2105.0 -24000.0
2105.0 -24072.0
2106.0 -27564.0
2107.0 -22368.0
2107.0 -23148.0
2107.0 -24432.0
2108.0 -24084.0
2108.0 -30384.0
2108.0 -28572.0
2110.0 -30372.0
2110.0 -23784.0
2110.0 -28464.0
2111.0 -28260.0
2111.0 -27696.0
2111.0 -25800.0
2111.0 -20796.0
2113.0 -25620.0
2113.0 -27900.0
2113.0 -25356.0
2114.0 -26820.0
2114.0 -30024.0
2114.0 -25836.0
2115.0 -26484.0
2115.0 -25764.0
2115.0 -28104.0
2116.0 -21996.0
2117.0 -24684.0
2117.0 -28020.0
2117.0 -27108.0
2117.0 -20304.0
2117.0 -29268.0
2118.0 -21924.0
2119.0 -21372.0
2119.0 -31716.0
2119.0 -25848.0
2119.0 -22284.0
2119.0 -22680.0
2120.0 -21612.0
2120.0 -25392.0
2120.0 -28584.0
2120.0 -30792.0
2121.0 -28176.0
2121.0 -28344.0
2122.0 -26952.0
2123.0 -29436.0
2124.0 -25644.0
2124.0 -23316.0
2125.0 -22644.0
2125.0 -22668.0
2125.0 -20664.0
2126.0 -31068.0
2126.0 -30636.0
2127.0 -29280.0
2127.0 -31920.0
2127.0 -26736.0
2127.0 -28716.0
2128.0 -26964.0
2128.0 -27540.0
2128.0 -27084.0
2128.0 -28464.0
2129.0 -28800.0
2129.0 -26796.0
2129.0 -25440.0
2131.0 -32748.0
2131.0 -26952.0
2132.0 -25320.0
2132.0 -27096.0
2132.0 -26520.0
2133.0 -25188.0
2133.0 -23388.0
2133.0 -27888.0
2134.0 -23700.0
2137.0 -26196.0
2137.0 -25416.0
2137.0 -29328.0
2137.0 -31752.0
2137.0 -27300.0
2137.0 -21084.0
2138.0 -26892.0
2138.0 -21348.0
2138.0 -23664.0
2138.0 -25068.0
2139.0 -27084.0
2140.0 -24972.0
2140.0 -28776.0
2140.0 -28296.0
2140.0 -30396.0
2140.0 -29808.0
2142.0 -29808.0
2143.0 -26880.0
2143.0 -27360.0
2146.0 -23028.0
2146.0 -23664.0
2147.0 -25248.0
2147.0 -19716.0
2147.0 -31524.0
2149.0 -23964.0
2149.0 -27528.0
2150.0 -29508.0
2150.0 -29004.0
2151.0 -22836.0
2152.0 -26880.0
2152.0 -26916.0
2153.0 -26736.0
2154.0 -26388.0
2154.0 -24180.0
2156.0 -27996.0
2156.0 -30072.0
2156.0 -24912.0
2157.0 -28740.0
2157.0 -25920.0
2157.0 -27852.0
2157.0 -25680.0
2157.0 -21180.0
2157.0 -27396.0
2157.0 -33252.0
2158.0 -23064.0
2159.0 -25068.0
2159.0 -24480.0
2159.0 -25308.0
2160.0 -26544.0
2163.0 -24300.0
2163.0 -24216.0
2163.0 -32388.0
2163.0 -22932.0
2163.0 -31164.0
2163.0 -22740.0
2165.0 -29700.0
2165.0 -26148.0
2165.0 -30084.0
2166.0 -26580.0
2166.0 -25380.0
2166.0 -27516.0
2166.0 -23184.0
2166.0 -29448.0
2166.0 -22728.0
2166.0 -24924.0
2168.0 -25860.0
2168.0 -28200.0
2169.0 -23040.0
2169.0 -28356.0
2170.0 -24744.0
2171.0 -26496.0
2171.0 -27984.0
2172.0 -26340.0
2172.0 -28536.0
2172.0 -26424.0
2172.0 -23688.0
2173.0 -22872.0
2174.0 -26508.0
2174.0 -28512.0
2174.0 -25272.0
2175.0 -26568.0
2175.0 -25476.0
2175.0 -24912.0
2176.0 -27588.0
2177.0 -29688.0
2177.0 -25440.0
2178.0 -27960.0
2178.0 -22512.0
2178.0 -27840.0
2178.0 -31188.0
2178.0 -29316.0
2179.0 -30024.0
2179.0 -30660.0
2182.0 -30660.0
2183.0 -28836.0
2183.0 -29676.0
2184.0 -26304.0
2184.0 -23784.0
2185.0 -31092.0
2185.0 -26112.0
2186.0 -24288.0
2186.0 -28956.0
2186.0 -33792.0
2187.0 -29964.0
2187.0 -32040.0
2187.0 -23136.0
2189.0 -27420.0
2189.0 -29136.0
2189.0 -25356.0
2190.0 -22608.0
2191.0 -25164.0
2191.0 -24888.0
2193.0 -28656.0
2193.0 -26592.0
2194.0 -29736.0
2194.0 -32076.0
2194.0 -26184.0
2194.0 -25872.0
2196.0 -28656.0
2197.0 -25644.0
2198.0 -31284.0
2198.0 -30228.0
2199.0 -26676.0
2200.0 -22284.0
2200.0 -28164.0
2201.0 -29136.0
2201.0 -30684.0
2202.0 -25752.0
2202.0 -31404.0
2203.0 -32808.0
2203.0 -22920.0
2203.0 -26460.0
2205.0 -26868.0
2205.0 -30564.0
2205.0 -25596.0
2207.0 -19884.0
2207.0 -30588.0
2208.0 -23472.0
2209.0 -25680.0
2209.0 -29304.0
2211.0 -32844.0
2211.0 -27756.0
2212.0 -32736.0
2212.0 -27504.0
2214.0 -26892.0
2214.0 -23304.0
2214.0 -29544.0
2214.0 -32220.0
2217.0 -25200.0
2217.0 -28680.0
2217.0 -27756.0
2217.0 -24468.0
2218.0 -29124.0
2218.0 -25644.0
2218.0 -25704.0
2219.0 -26568.0
2219.0 -30192.0
2219.0 -24720.0
2220.0 -23520.0
2220.0 -24504.0
2221.0 -26316.0
2222.0 -30468.0
2223.0 -25752.0
2224.0 -26904.0
2225.0 -22812.0
2226.0 -21036.0
2227.0 -29268.0
2227.0 -25944.0
2228.0 -25488.0
2229.0 -29448.0
2229.0 -28188.0
2230.0 -26532.0
2230.0 -29784.0
2231.0 -23736.0
2235.0 -28932.0
2235.0 -30300.0
2236.0 -21444.0
2236.0 -29028.0
2236.0 -25560.0
2237.0 -29616.0
2237.0 -30816.0
2238.0 -31560.0
2238.0 -31800.0
2241.0 -27372.0
2241.0 -29280.0
2242.0 -35844.0
2242.0 -31284.0
2242.0 -29376.0
2242.0 -25608.0
2243.0 -31728.0
2245.0 -24120.0
2247.0 -21300.0
2247.0 -30168.0
2247.0 -26952.0
2249.0 -25752.0
2249.0 -26892.0
2251.0 -29328.0
2253.0 -24480.0
2257.0 -29076.0
2258.0 -26820.0
2260.0 -28212.0
2260.0 -28536.0
2262.0 -31644.0
2263.0 -31632.0
2266.0 -29604.0
2266.0 -27564.0
2266.0 -26592.0
2267.0 -26124.0
2267.0 -23988.0
2267.0 -25080.0
2267.0 -25068.0
2271.0 -33852.0
2271.0 -31032.0
2271.0 -27216.0
2273.0 -30192.0
2274.0 -28476.0
2276.0 -28152.0
2277.0 -24696.0
2279.0 -31152.0
2280.0 -29700.0
2282.0 -23940.0
2287.0 -29556.0
2290.0 -29568.0
2291.0 -27372.0
2293.0 -20460.0
2296.0 -26940.0
2297.0 -29352.0
2298.0 -22668.0
2300.0 -29712.0
2300.0 -33060.0
2303.0 -28776.0
2303.0 -28512.0
2308.0 -25224.0
2309.0 -26208.0
2309.0 -29148.0
2310.0 -23400.0
2311.0 -27468.0
2317.0 -27624.0
2319.0 -27348.0
2319.0 -28056.0
2319.0 -23616.0
2320.0 -29604.0
2320.0 -28080.0
2323.0 -26388.0
2323.0 -27060.0
2326.0 -31452.0
2326.0 -27300.0
2326.0 -21348.0
2327.0 -24072.0
2328.0 -27108.0
2328.0 -31164.0
2332.0 -26400.0
2336.0 -23652.0
2345.0 -27792.0
2346.0 -30768.0
2357.0 -23256.0
2357.0 -24036.0
2358.0 -23904.0
2364.0 -29868.0
2367.0 -28692.0
2367.0 -29184.0
2371.0 -27636.0
2379.0 -26148.0
2380.0 -27456.0
2382.0 -27552.0
2390.0 -26892.0
2390.0 -34212.0
2392.0 -27828.0
2408.0 -26376.0
2412.0 -25548.0
2428.0 -25068.0
2441.0 -26700.0
2456.0 -29052.0
