90.0 6.0 34.0 -13.2
95.3 5.0 22.0 -13.2
95.4 6.0 29.0 -14.4
95.4 6.0 29.0 -14.4
98.4 4.0 19.0 -13.2
98.4 7.0 35.0 -15.6
98.4 7.0 35.0 -15.6
98.5 5.0 26.0 -14.4
99.4 6.0 29.0 -15.6
100.8 7.0 38.0 -16.8
101.2 5.0 20.0 -16.8
105.1 7.0 38.0 -18.0
105.1 7.0 38.0 -18.0
105.3 10.0 49.0 -19.2
105.3 10.0 49.0 -19.2
106.0 4.0 19.0 -14.4
108.5 7.0 35.0 -18.0
109.0 4.0 19.0 -15.6
109.4 8.0 39.0 -19.2
111.1 10.0 49.0 -20.4
112.0 9.0 48.0 -20.4
113.3 11.0 58.0 -21.6
113.3 4.0 19.0 -16.8
114.2 7.0 41.0 -19.2
114.9 6.0 29.0 -19.2
116.0 9.0 48.0 -21.6
116.1 9.0 40.0 -20.4
117.5 8.0 44.0 -20.4
117.5 8.0 44.0 -20.4
118.8 10.0 49.0 -22.8
121.0 7.0 38.0 -20.4
122.3 8.0 33.0 -20.4
122.3 8.0 33.0 -20.4
123.7 7.0 30.0 -20.4
123.8 4.0 19.0 -18.0
123.9 5.0 26.0 -19.2
125.4 6.0 29.0 -20.4
126.2 9.0 48.0 -22.8
127.0 10.0 49.0 -24.0
128.2 7.0 30.0 -21.6
128.3 6.0 28.0 -20.4
129.6 6.0 26.0 -20.4
129.6 6.0 26.0 -20.4
130.9 8.0 36.0 -22.8
131.4 4.0 19.0 -19.2
131.4 4.0 19.0 -19.2
132.7 6.0 32.0 -21.6
132.7 6.0 32.0 -21.6
134.2 5.0 20.0 -20.4
134.3 6.0 27.0 -21.6
134.3 6.0 27.0 -21.6
136.0 7.0 35.0 -22.8
137.2 10.0 49.0 -25.2
137.2 6.0 26.0 -21.6
139.1 6.0 23.0 -21.6
139.2 7.0 30.0 -22.8
142.8 9.0 45.0 -25.2
142.9 6.0 32.0 -22.8
144.6 11.0 58.0 -26.4
144.6 11.0 58.0 -26.4
146.2 4.0 19.0 -20.4
146.2 4.0 19.0 -20.4
147.1 10.0 54.0 -26.4
148.2 6.0 27.0 -22.8
149.7 7.0 30.0 -24.0
150.5 8.0 39.0 -25.2
152.2 11.0 58.0 -27.6
152.7 8.0 36.0 -25.2
153.3 9.0 45.0 -26.4
156.5 12.0 64.0 -28.8
156.5 12.0 64.0 -28.8
157.7 6.0 35.0 -24.0
158.1 11.0 55.0 -27.6
158.1 11.0 55.0 -27.6
159.2 7.0 38.0 -25.2
159.2 7.0 38.0 -25.2
160.5 7.0 36.0 -25.2
160.5 7.0 36.0 -25.2
161.8 10.0 59.0 -27.6
161.8 10.0 59.0 -27.6
162.6 13.0 73.0 -30.0
162.6 13.0 73.0 -30.0
163.0 10.0 51.0 -27.6
163.9 8.0 31.0 -25.2
164.5 8.0 47.0 -26.4
164.7 12.0 64.0 -30.0
165.7 11.0 55.0 -28.8
165.7 11.0 55.0 -28.8
167.7 6.0 27.0 -24.0
168.1 6.0 21.0 -22.8
169.5 11.0 63.0 -30.0
169.7 9.0 56.0 -27.6
169.8 8.0 42.0 -26.4
169.9 8.0 39.0 -26.4
170.8 13.0 73.0 -31.2
171.5 11.0 55.0 -30.0
172.4 8.0 36.0 -26.4
172.4 8.0 36.0 -26.4
174.7 8.0 47.0 -27.6
175.5 10.0 52.0 -28.8
175.5 9.0 56.0 -28.8
176.6 7.0 38.0 -26.4
176.8 7.0 34.0 -25.2
178.4 5.0 22.0 -22.8
179.3 10.0 51.0 -30.0
179.7 10.0 48.0 -28.8
180.8 9.0 51.0 -28.8
181.0 13.0 73.0 -32.4
181.0 11.0 61.0 -31.2
181.4 6.0 29.0 -25.2
182.0 6.0 21.0 -24.0
182.0 6.0 21.0 -24.0
182.6 8.0 36.0 -27.6
183.9 5.0 26.0 -24.0
184.2 5.0 20.0 -21.6
184.2 5.0 20.0 -21.6
186.0 5.0 22.0 -24.0
186.7 9.0 50.0 -30.0
187.5 10.0 59.0 -31.2
188.6 13.0 73.0 -33.6
188.6 13.0 73.0 -33.6
188.8 6.0 23.0 -25.2
189.5 10.0 51.0 -31.2
191.0 8.0 35.0 -27.6
192.2 11.0 55.0 -32.4
192.6 10.0 48.0 -30.0
193.0 12.0 64.0 -33.6
194.0 9.0 41.0 -28.8
194.0 9.0 41.0 -28.8
195.6 8.0 39.0 -28.8
195.6 8.0 39.0 -28.8
196.9 14.0 83.0 -34.8
196.9 14.0 83.0 -34.8
197.5 6.0 27.0 -26.4
197.8 9.0 47.0 -30.0
199.3 10.0 50.0 -31.2
199.9 8.0 34.0 -27.6
201.0 15.0 81.0 -34.8
201.3 13.0 74.0 -34.8
201.4 9.0 37.0 -28.8
202.4 12.0 60.0 -33.6
203.2 13.0 69.0 -34.8
203.2 13.0 69.0 -34.8
204.9 8.0 35.0 -28.8
204.9 8.0 35.0 -28.8
205.1 8.0 33.0 -27.6
205.8 9.0 44.0 -30.0
206.1 4.0 19.0 -22.8
206.1 4.0 19.0 -22.8
206.9 12.0 64.0 -34.8
207.1 16.0 90.0 -36.0
207.1 16.0 90.0 -36.0
208.7 7.0 36.0 -28.8
209.5 7.0 30.0 -28.8
209.5 7.0 30.0 -28.8
210.2 8.0 39.0 -30.0
211.2 15.0 81.0 -36.0
211.5 14.0 79.0 -36.0
211.6 11.0 56.0 -33.6
213.0 13.0 73.0 -36.0
213.0 13.0 73.0 -36.0
214.3 12.0 60.0 -34.8
214.7 11.0 53.0 -32.4
215.0 6.0 23.0 -26.4
215.9 9.0 48.0 -31.2
216.1 10.0 49.0 -32.4
217.3 16.0 90.0 -37.2
217.3 16.0 90.0 -37.2
217.4 10.0 60.0 -33.6
217.8 7.0 24.0 -27.6
218.1 9.0 41.0 -31.2
219.0 11.0 60.0 -34.8
219.2 14.0 72.0 -36.0
221.0 5.0 26.0 -26.4
221.8 6.0 35.0 -27.6
222.2 14.0 83.0 -37.2
223.2 13.0 65.0 -36.0
223.7 8.0 31.0 -30.0
223.7 8.0 31.0 -30.0
224.5 9.0 40.0 -31.2
224.7 8.0 42.0 -31.2
224.9 14.0 78.0 -37.2
225.6 17.0 100.0 -38.4
227.2 14.0 74.0 -37.2
227.5 17.0 95.0 -38.4
227.8 16.0 90.0 -38.4
229.0 13.0 69.0 -37.2
229.0 13.0 69.0 -37.2
229.9 8.0 39.0 -31.2
230.9 5.0 20.0 -26.4
231.0 7.0 36.0 -30.0
232.4 6.0 23.0 -27.6
232.4 6.0 23.0 -27.6
233.4 12.0 71.0 -36.0
233.7 10.0 46.0 -32.4
234.3 12.0 68.0 -36.0
234.9 16.0 89.0 -38.4
235.1 14.0 78.0 -38.4
235.8 18.0 105.0 -39.6
235.8 18.0 105.0 -39.6
236.4 11.0 60.0 -36.0
238.0 17.0 95.0 -39.6
238.7 10.0 46.0 -33.6
239.4 11.0 55.0 -34.8
240.5 8.0 37.0 -31.2
241.7 16.0 90.0 -39.6
242.0 9.0 40.0 -32.4
243.4 15.0 88.0 -39.6
243.8 16.0 86.0 -39.6
243.8 16.0 86.0 -39.6
245.0 15.0 75.0 -38.4
245.8 7.0 36.0 -31.2
245.8 7.0 36.0 -31.2
246.3 18.0 105.0 -40.8
246.7 10.0 45.0 -33.6
247.2 13.0 72.0 -38.4
248.0 10.0 54.0 -34.8
248.7 13.0 69.0 -38.4
249.9 11.0 57.0 -36.0
250.9 12.0 56.0 -36.0
251.4 12.0 60.0 -37.2
253.6 16.0 93.0 -40.8
254.6 9.0 43.0 -33.6
254.6 9.0 43.0 -33.6
255.5 15.0 75.0 -39.6
256.0 13.0 58.0 -37.2
256.1 10.0 46.0 -34.8
256.7 12.0 56.0 -37.2
257.4 14.0 77.0 -39.6
258.2 18.0 105.0 -42.0
258.4 15.0 67.0 -38.4
260.0 8.0 37.0 -32.4
261.4 14.0 73.0 -39.6
261.7 16.0 85.0 -40.8
262.3 15.0 84.0 -40.8
262.9 14.0 70.0 -39.6
263.5 12.0 64.0 -38.4
264.6 13.0 72.0 -39.6
264.6 13.0 72.0 -39.6
265.5 8.0 47.0 -33.6
266.0 17.0 96.0 -42.0
266.6 10.0 51.0 -36.0
268.4 19.0 110.0 -43.2
268.4 19.0 110.0 -43.2
268.9 15.0 67.0 -39.6
269.0 13.0 62.0 -38.4
269.9 17.0 94.0 -42.0
270.5 8.0 47.0 -34.8
270.7 14.0 81.0 -40.8
271.9 17.0 87.0 -42.0
272.4 19.0 106.0 -43.2
273.1 12.0 54.0 -37.2
273.3 9.0 48.0 -36.0
274.3 15.0 77.0 -40.8
274.8 10.0 51.0 -37.2
275.8 10.0 46.0 -36.0
275.8 10.0 46.0 -36.0
277.1 18.0 101.0 -43.2
278.0 18.0 96.0 -43.2
278.0 18.0 96.0 -43.2
279.7 15.0 84.0 -42.0
280.9 13.0 69.0 -40.8
280.9 13.0 69.0 -40.8
281.9 16.0 82.0 -42.0
282.3 19.0 110.0 -44.4
282.7 17.0 91.0 -43.2
283.6 16.0 81.0 -42.0
283.8 15.0 79.0 -42.0
286.2 12.0 56.0 -38.4
286.7 13.0 65.0 -39.6
287.5 10.0 49.0 -37.2
287.5 10.0 49.0 -37.2
289.0 11.0 52.0 -38.4
289.1 15.0 77.0 -42.0
289.9 16.0 86.0 -43.2
290.2 18.0 103.0 -44.4
290.9 14.0 62.0 -40.8
292.5 13.0 65.0 -40.8
292.6 15.0 75.0 -42.0
293.4 18.0 99.0 -44.4
293.8 12.0 56.0 -39.6
295.0 18.0 97.0 -44.4
295.1 14.0 70.0 -42.0
296.5 20.0 111.0 -45.6
298.0 17.0 94.0 -44.4
298.5 19.0 113.0 -45.6
298.5 19.0 113.0 -45.6
299.0 18.0 92.0 -44.4
299.5 19.0 108.0 -45.6
301.0 16.0 81.0 -43.2
302.7 18.0 90.0 -44.4
303.0 19.0 101.0 -45.6
304.1 18.0 103.0 -45.6
305.0 12.0 55.0 -39.6
305.3 12.0 53.0 -39.6
305.3 12.0 53.0 -39.6
306.9 15.0 82.0 -43.2
307.8 20.0 118.0 -46.8
307.8 20.0 118.0 -46.8
308.0 13.0 57.0 -40.8
308.1 12.0 50.0 -38.4
308.1 12.0 50.0 -38.4
308.8 14.0 66.0 -42.0
308.8 14.0 66.0 -42.0
309.4 20.0 116.0 -46.8
309.4 20.0 116.0 -46.8
310.3 20.0 100.0 -45.6
310.6 14.0 62.0 -42.0
310.7 17.0 92.0 -44.4
311.4 15.0 71.0 -43.2
313.0 16.0 91.0 -44.4
313.2 19.0 93.0 -45.6
314.3 19.0 108.0 -46.8
315.4 17.0 94.0 -45.6
316.9 17.0 84.0 -44.4
318.3 19.0 104.0 -46.8
318.3 19.0 104.0 -46.8
319.3 20.0 102.0 -46.8
319.6 21.0 121.0 -48.0
319.6 21.0 121.0 -48.0
320.0 18.0 92.0 -45.6
321.3 13.0 56.0 -40.8
321.3 13.0 56.0 -40.8
321.6 16.0 76.0 -44.4
322.3 18.0 89.0 -45.6
322.6 19.0 102.0 -46.8
322.6 15.0 69.0 -43.2
323.1 19.0 98.0 -46.8
323.6 21.0 117.0 -48.0
323.9 14.0 61.0 -42.0
324.0 14.0 60.0 -42.0
325.6 18.0 99.0 -46.8
325.6 18.0 99.0 -46.8
326.6 20.0 114.0 -48.0
326.6 15.0 65.0 -43.2
326.6 15.0 65.0 -43.2
327.4 16.0 74.0 -44.4
327.7 17.0 85.0 -45.6
329.2 20.0 107.0 -48.0
329.2 20.0 96.0 -46.8
330.6 19.0 93.0 -46.8
332.4 19.0 106.0 -48.0
332.4 19.0 106.0 -48.0
333.6 18.0 96.0 -46.8
333.8 22.0 122.0 -49.2
333.8 22.0 122.0 -49.2
334.9 21.0 124.0 -49.2
334.9 21.0 124.0 -49.2
336.2 16.0 73.0 -44.4
337.5 14.0 59.0 -42.0
337.5 14.0 59.0 -42.0
337.5 21.0 117.0 -49.2
338.8 16.0 72.0 -44.4
338.8 16.0 72.0 -44.4
339.0 17.0 81.0 -45.6
339.7 19.0 105.0 -48.0
340.1 15.0 64.0 -43.2
340.2 15.0 63.0 -43.2
340.2 15.0 63.0 -43.2
340.5 20.0 114.0 -49.2
341.6 21.0 113.0 -49.2
341.9 18.0 90.0 -46.8
342.8 16.0 68.0 -44.4
342.8 16.0 68.0 -44.4
343.6 17.0 77.0 -45.6
345.1 22.0 129.0 -50.4
345.1 22.0 129.0 -50.4
346.6 20.0 107.0 -49.2
346.6 20.0 107.0 -49.2
347.7 22.0 122.0 -50.4
347.8 19.0 97.0 -48.0
348.8 20.0 95.0 -48.0
349.4 18.0 85.0 -46.8
350.7 21.0 119.0 -50.4
350.7 20.0 103.0 -49.2
351.6 14.0 71.0 -43.2
352.2 17.0 76.0 -45.6
353.0 17.0 73.0 -45.6
353.0 17.0 73.0 -45.6
353.8 18.0 82.0 -46.8
354.2 15.0 76.0 -44.4
354.7 21.0 115.0 -50.4
354.7 21.0 115.0 -50.4
355.7 16.0 79.0 -45.6
356.1 19.0 91.0 -48.0
357.1 18.0 92.0 -48.0
357.1 18.0 92.0 -48.0
358.0 20.0 102.0 -49.2
358.0 20.0 102.0 -49.2
359.0 22.0 129.0 -51.6
360.2 19.0 98.0 -49.2
362.0 20.0 110.0 -50.4
362.4 18.0 81.0 -46.8
363.0 22.0 125.0 -51.6
363.0 22.0 125.0 -51.6
364.6 21.0 109.0 -50.4
364.9 22.0 120.0 -51.6
365.8 15.0 72.0 -44.4
366.5 18.0 88.0 -48.0
367.3 16.0 75.0 -45.6
369.6 19.0 94.0 -49.2
369.9 17.0 80.0 -46.8
370.0 17.0 79.0 -46.8
370.4 20.0 103.0 -50.4
371.0 22.0 116.0 -51.6
372.1 21.0 115.0 -51.6
372.3 18.0 86.0 -48.0
372.6 18.0 84.0 -48.0
373.2 23.0 130.0 -52.8
373.2 23.0 130.0 -52.8
375.1 22.0 112.0 -51.6
375.7 19.0 90.0 -49.2
376.2 21.0 111.0 -51.6
376.5 20.0 99.0 -50.4
379.0 23.0 128.0 -52.8
379.3 23.0 126.0 -52.8
379.3 23.0 126.0 -52.8
380.4 22.0 125.0 -52.8
380.4 22.0 125.0 -52.8
380.9 23.0 123.0 -52.8
380.9 23.0 123.0 -52.8
382.0 21.0 109.0 -51.6
382.0 21.0 109.0 -51.6
382.3 22.0 120.0 -52.8
382.6 21.0 108.0 -51.6
382.8 19.0 89.0 -49.2
383.3 17.0 78.0 -46.8
383.3 17.0 78.0 -46.8
385.6 20.0 97.0 -50.4
385.6 20.0 97.0 -50.4
385.9 18.0 83.0 -48.0
385.9 20.0 95.0 -50.4
386.0 18.0 82.0 -48.0
386.0 18.0 82.0 -48.0
386.7 21.0 104.0 -51.6
387.0 23.0 119.0 -52.8
388.1 22.0 118.0 -52.8
388.1 22.0 118.0 -52.8
388.3 24.0 137.0 -54.0
388.3 24.0 137.0 -54.0
388.6 19.0 87.0 -49.2
388.6 19.0 87.0 -49.2
389.1 23.0 116.0 -52.8
389.2 24.0 133.0 -54.0
389.5 24.0 131.0 -54.0
389.5 24.0 131.0 -54.0
390.6 22.0 117.0 -52.8
390.6 23.0 130.0 -54.0
390.6 22.0 117.0 -52.8
391.7 21.0 103.0 -51.6
391.7 20.0 93.0 -50.4
392.5 21.0 102.0 -51.6
392.5 22.0 112.0 -52.8
395.3 24.0 129.0 -54.0
395.3 24.0 129.0 -54.0
396.3 24.0 128.0 -54.0
396.4 23.0 128.0 -54.0
397.4 23.0 127.0 -54.0
397.4 23.0 127.0 -54.0
397.5 21.0 101.0 -51.6
398.3 23.0 123.0 -54.0
398.3 22.0 110.0 -52.8
398.6 23.0 121.0 -54.0
398.8 20.0 92.0 -50.4
398.8 20.0 92.0 -50.4
401.9 21.0 98.0 -51.6
401.9 21.0 98.0 -51.6
402.7 22.0 107.0 -52.8
404.4 23.0 119.0 -54.0
404.4 23.0 119.0 -54.0
404.6 25.0 138.0 -55.2
404.6 25.0 138.0 -55.2
405.5 25.0 134.0 -55.2
405.7 24.0 137.0 -55.2
406.6 24.0 133.0 -55.2
406.9 24.0 131.0 -55.2
407.7 22.0 106.0 -52.8
408.5 23.0 115.0 -54.0
412.7 24.0 129.0 -55.2
412.7 24.0 129.0 -55.2
413.7 24.0 128.0 -55.2
413.7 24.0 128.0 -55.2
414.6 24.0 124.0 -55.2
417.0 22.0 105.0 -52.8
417.0 22.0 105.0 -52.8
417.8 23.0 114.0 -54.0
420.6 26.0 141.0 -56.4
420.6 26.0 141.0 -56.4
421.7 25.0 140.0 -56.4
421.7 25.0 140.0 -56.4
422.0 25.0 138.0 -56.4
422.8 23.0 113.0 -54.0
422.8 23.0 113.0 -54.0
422.9 25.0 134.0 -56.4
423.6 24.0 122.0 -55.2
423.6 24.0 122.0 -55.2
429.7 25.0 131.0 -56.4
429.7 25.0 131.0 -56.4
438.0 26.0 141.0 -57.6
438.0 26.0 141.0 -57.6
