101000011000100100100001000000011010000000000000
101000011000100100100001000000011010000000100000
101000011000100100100001000000011010000000100000
101010011000100100000001000000011011000000100000
101010011000100100000001000000011011000000100000
101010011000100100100001000000011010000000100000
101010011000100100100001000000011010000000100000
101000011000100100101001000000011010000000100000
001000011000100100100001000000011011000000100000
101010011000100100101001000000011010000000100000
101010011000100100101001000000011010000000100000
001000011000100100101001000000011011000000100000
101010011000100100101001000000011011000000100000
101010011000100100101001000000011011000000100000
001000111000100100100001000000011010000000100000
001000111000100100100001000000011010000000100000
101000011000100110000001000010011011000000100000
101000011000100110000001000010011011000000100000
101010011100100110001001000010011011000000000000
101010011100100110001001000010011011000000000000
101010011100100110000001000010011011000000100000
001110011000100100100001000000011010000000100000
101010011000100100100001000000011011010000100000
101010011100100110100001000010011010000000100000
101010011100100110100001000010011010000000100000
001000011000100110100001000010011010010000000000
101010011000100100101001000000011011010000100000
101010011100100110100001000010011011000000100000
101010011100100110100001000010011011000000100000
101000011000100110101001000010011011000000100000
001000111000100110001001000010011010000000100000
101010011000100110101001000010011011000000100000
001000011010100110101001000010011011000000100000
101000011110100110101001000010011011000000100000
101000011100100110100001100010011011000000100000
001000011000100110100001000010011011010000100000
101010011110100110101001000010011011000000100000
101010011110100110101001000010011011000000100000
101010011010100110001001100010011011000000100000
101010011010100110001001100010011011000000100000
111000011000100110100001000010011011000000100000
001000111000100110101001000010011011000000100000
001000111000100110001001000010011010010000100000
101010011010100110100001000010011011010000100000
101010011110100110100001000010011011010000100000
111000011000100110101001000010011011000000100000
101010011110100110101001000010011011000000100001
101010011110100110101001000010011011010000100000
101010011100100110100001100010011011010000100000
101000011100100110101001100010011011010000100000
111000011000100110100001000010011011010000100000
111010011010100110001001100010011011000000100000
101110011010100110100001100010011011000000100000
001000111000100110101001000010011011001000100000
001000111000100110101001000010011011001000100000
101010011110100110101001100010011011010000100000
111110111000100100101001000000011011000000100000
001110111010100110100001000010011011000000100000
001110111000100110101001000010011011000000100000
111000011100100110100001100010011011010000100000
111000011100100110100001100010011011010000100000
001110111010100110101001000010011011000000100000
111000011000100110101001100010011011010000100000
111000011110100110100001100010011011010000100000
001110111000100110100001000010011011010000100000
111010011010100110100001100010011011010000100000
101010111110100110101001100010011011010000100000
101110111000100110101001000010011011010000100000
101110111010100110101001100010011011000000100000
001000111000100110101101000010011011010000100000
001110111000100110101101000010011010000000100000
111010111100100110100001100010011011010000100000
101010111110100110101001100010011011010000100001
011110111010100110101001000010011011000000100000
111010111100100110101001100010011011010000100000
111110111000100110101001100010011011000000100000
001000111000100110100101000010111010010000000000
001110111000100110101101000010011011010000000000
001000111000100110100101000010011010010010100000
111100111000100110100001100010011011010000100000
111100111100100110100001100010011011010000100000
111110111100100110100001100010011011010000100000
011100111010100110100101000010011011000000100000
111010111110100110101001100010011011010000100001
111110111100100110101001100010011011010000100000
111110111100100110101001100010011011010000100000
111110111010100110101001100010011011010000100000
111110111110100110101001100010011011010000100000
011110111000100110101001000010011011011000100000
001000111000101110100101000010111010010000100000
001000111000101110100101000010111010010000100000
111010111110101110101001100010011011010000100001
111010111110101110101001100010011011010000100001
111100111100100110001101100010011011010000100000
001110111000100110101101000010011010010000101000
101011011111100110101001100010011111010000100010
111110111110100110101001100010011011010000100001
111100111100100110100001100010011011010010100000
001000111000100110100101000010111010010010100000
001000111000100110100101000010111010010010100000
111100111000100110101101100010011011010000100000
111100111100100110101101100010011011010000100000
111110111100100110101101100010011011010000100000
001000111000100110100101000010111011010010100000
101011111111100110101001100010011111000000100011
101011111111100110101001100010011111000000100011
001110111000100110101101000010011010011010100000
001110111000100110101101000010011010011010100000
101110111000100110100101000000111010010010100000
111110111000100110101001000010011011010010101000
101011111111100110101001100010011111010000100011
001110111000100110100101000010111010010010100000
001000111000100110001101000010111010010010101000
101111111011100110101001100000011111010000100010
101101111011100110101001100010011111010000100010
001000111000100110100101000010111010010010101000
001000111000100110100101000010111010010010101000
101111111011100110101001100010011111010000100010
111110111010100110100101100010011011010010100000
111110111010100110100101100010011011010010100000
001000111000100110101101000010111010010010101000
111111011111100110101001100010011111010000100010
101011111111101110101001100010011111010000100011
101011111111101110101001100010011111010000100011
111111111001100110100001100010011111010000100010
111110111010100110101101100010011011011000100001
111011111111100110101001100010011111010000100011
111110111110100110101001100010011011010000111000
111101111111100110100001100010011111010000100010
111111111011100110100001100010011111010000100010
111111111111100110100001100010011111010000100010
111110111010100110101111100010011011010000100000
111110111110100110101111100010011011010000100000
111111111111100110101001100010011111010000100010
001100111000100110101101000010111010010010101000
001110111000100110101101000010011010010010111000
101110111000100110101101000010011010010010111000
001110111000100110101101000010111010010010101000
111110111010100110101101100010011011011010100000
011110111000100110101001010010011011010010101000
111100111100100110100101100010111011010010100000
111110111000100110100101100010111011010010100000
111011111111100110101001100010011111011000100011
111011111111100110101001100010011111011000100011
111101111001100110100101100010011111010000100010
111101111101100110100101100010011111010000100010
111111111101100110100101100010011111010000100010
111111111101100110100101100010011111010000100010
001100111000100110101101010010111011010010100000
111110111010100110101101100010011011011000110001
111111111111100110100101100010011111010000100010
111011111111100110111001100010011111010000100011
111110111110100110101111100010011011010000101000
111111111111100110100001100010011111011000100011
101011111111110110101001100010011111110100100011
101011111111110110101001100010011111110100100011
101100111000100110100111110010011011010010100000
011100111000100110101101010010011011010010101000
111111111111100110100101100010011111010000100011
111010111110100110100101110010111011010010100000
111110111000100110100101100010111011010010101000
111100111110100110101101100010111011011010100000
111101111001100110100101100010011111010010100010
111111111111100111101001100010011111010000100011
111111111111101110101101100010011111010000100010
101011111111111110101001100010011111110100100011
101011111111111110101001100010011111110100100011
001100111000100110101111000010111010010010110000
001100111000100110101111000010111010010010110000
111111111111100110101101100010011111011000100010
111111111111101110101001100010011111011000100011
111110111000100110100101110010111011010010100000
111111111101100110100101100010111111010000100010
111111111101100110100101100010111111010000100010
111110111000100110101101110010111011010010100000
111111111111101110101101100010011111010000100011
101011111011100110101101110010111111010000100010
111100111110100110101111100010111011010010100000
011010111000100110101111010010111011010010100000
111111111001100110101101100010011111010010100011
111011111111111110101001100010011111110100100011
111011111111111110101001100010011111110100100011
111110111110100110101101110010111011010011100000
111011111111110110101001100010011111111100100011
111110111000100110101111110010111011010001100000
111110111010100110101011110010111011010010100000
111111111011101110101101100010011111010000110010
111101111001100110100101100010111111010010100010
111101111101100110100101100010111111010010100010
111011111111101110101101100010011111010010101010
011110111000100110101111010010111011010010100000
011110111000100110101111010010111011010010100000
111111111001100110101101100010011111011010100011
111101111101100110101101100010111111010010100010
111011111111111110101001100010011111111100100011
111100111000100110100111110010111011010010100000
111011111111111110101001100010011111111100100011
011110111010100110101111010010111011010010100000
111111111011110110101001100010011111111100100011
111110111110100110101101110010111011010010101000
111100111000100110101111110010111011010010100000
111100111000100110101111110010111011010010100000
111110111000100110101111110010111011010010100000
111110111110100110101101110010111011010011101000
111011111111111110101001110010011111110101100010
111111111001100110101111110010011111010000100010
111111111011100110101101110010111111010000100010
111111111111101110101001110010011111010001101011
111111111111101110101101110010011111011000100010
111110111010100110101111110010111011010011100000
111111111111111110101001100010011111111100100011
111111111111101110101001110010011111011011100010
111111111111110110111101100010011111010100100010
111110111010100110101101110010111011011011101000
111110111010100110101101110010111011011011101000
111110111110100110101101110010111011011011101000
111111111011110110111101100010011111110100100010
111111111011101111101101110010011111010001100010
111100111000100110101111110010111011010010101000
111100111000100110101111110010111011010010101000
111111111111101111101101110010011111010001100010
111110111000100110101111110010111011010010101000
111110111000100110101111110010111011010010101000
111111111011101110101001110010111111010011100010
111111111111101110101001110010111111010011100010
111110111000100110101111110010111011010011101000
111110111000100110101111110010111011010011101000
111110111010100110101111110010111011010010101000
111011111111111110101001110010011111111101100011
111011111111111110101001110010011111111101100011
111111111001100111101111110010011111010000100010
111110111010100110101111110010111011010011101000
111111111111111110101001100010011111111100101011
111011111011100110101101110010111111010010101010
111111111111101110101001110010011111011011101010
111111111111100110101111110010011111010011100010
111101111001100110100111100010111111010010101010
111111111111111110101011100010011111111100100011
111111111011111110101001110010011111111101100011
111111111111111110101001110010011111111101100011
111111111111101110101101110010111111010011100010
111110111000100111101111110010111011010010101000
111110111000100111101111110010111011010010101000
111111111101100110111101110010011111010011101010
111111111001100110100111110010111111010010100010
111101111101100110100111100010111111010010101011
111111111111110110101001110010011111110111101010
111110111010100111101111110010111011010010101000
111111111111100110111101110010011111010011101010
111111111111100110111101110010011111010011101010
111110111010100111101111110010111011010011101000
111110111010100111101111110010111011010011101000
101111111111111110101101110010011111110101101011
111111111111100110111101110010111111010011100010
111111111111110110101101110010011111110101101011
111111111111100110101011110110111111010011100011
111111111111101110101001110010111111011011101010
111111111111110110101101110010111111110101100011
111101111101100111100111100010111111010010101010
111111111111111110101101110010011111111101100011
111101111001100110101111110010111111010010001010
111111111011100110101101110010111111011011101010
111111111111110110101011110110011111111101100011
111110111000100111101111110010111011010010111000
111110111000100111101111110010111011010010111000
111111111111100110101101110011011111000011111110
111111111111101110101011110110111111010011100011
111101111001100110101111110010111111010010101010
111111111111100110101111110110111111011001100011
111111111001100110101111110010111111010010101010
111111111001100110101111110010111111010010101010
111110111000100111101111110010111011010011111000
111110111010100111101111110010111011010010111000
111110111010100111101111110010111011010010111000
111111111111101110101101110010111111010011101011
111111111011100110101101110010111111011011101011
111111111111111110101111110110011111110101100010
111111111111110110101111110110011111111101100010
111111111111111110101011110110011111111101100011
111111111111111110101011110110011111111101100011
111111111111110110101101110010111111110101101011
111111111011100110111111110010111111010011100010
111111111111111110101101110010011111111101101011
111111111111101110101111110110111111011001100011
111111111111101110101111110110111111011001100011
111111111111101110101111110110011111010011101011
111111111111100110111111110110011111010011101010
111111111111110110101111110010111111110101100011
111111111111100110111101110010111111011011101010
111111111111110110111101110010011111110111101010
111111111111110110111101110010011111110111101010
111111111111110110101101110010111111110111101010
111111111001100111101111110010111111010010101010
111111111001100110111111110010111111010010101010
111111111001100110111111110010111111010010101010
111111111111111110101111110110011111110101101010
111111111011100111111101110010111111010011101010
111111111111100111111101110010111111010011101010
111111111111111110101111110110011111111101100011
111111111001100110111111110010111111010011101010
111111111011100110111111110010111111010010101010
111111111001100110100111110011111111010010110110
111111111101100110100111110011111111010010110110
111111111101100110100111110011111111010010110110
111111111111110110101101110010111111110111101011
111111111011100110111111110010111111010011101010
111111111111100110101111110110111111011011101010
111111111001100110101111110011111111010010110110
111111111001100110101111110011111111010010110110
111111111101100110101111110011111111010010110110
111111111111110110101101110010111111111111101010
111111111111110110101001110011011111110111111111
111111111111101110101111110110111111010011101011
111111111011100110101111110011111111010011110110
111111111011100111111101110010111111011011101010
111111111111100110101111110011111111010011110110
111111111111100111111101110010111111011011101010
111111111111110110101101110011011111111111110110
111111111111101110101101110011111111010011111110
111111111111101110101101110011111111010011111110
111111111001100111111111110010111111010010101010
111111111001100111111111110010111111010010101010
111111111111100110101101110011111111011011111110
111111111111111110101111110110011111111111100011
111111111111111110101111110110111111110111100010
111111111001100111111111110010111111010011101010
111111111111100111111101110010111111010011111010
111111111011100111111111110010111111010010101010
111111111001100110101111110011111111010010111110
111111111011100111111111110010111111010011101010
111111111011100111111111110010111111010011101010
111111111011100110111101110011111111010011111110
111111111111100110101111110011111111010010111110
111111111111100110101111110011111111010010111110
111111111111110110101111110010111111110111101011
111111111111110110101111110010111111110111101011
111111111111111110101101110011011111110111111110
111111111111100110101111110011111111010011111110
111111111111110110101101110011011111111111111110
111111111111111110101101110011011111111111110111
111111111111111110101101110011011111111111110111
111111111111111110101111110110111111111111100010
111111111111111110101111110110111111111111100010
111111111111101110111111110110111111011011101010
111111111111110110111101110010111111110111111010
111111111111110110101011110111011111111111110111
111111111001100111111111110010111111010010111010
111111111111111110101101110011011111110111111111
111111111111111110101101110011011111110111111111
111111111001100111111111110010111111010010111010
111111111011100110111101110011111111011011111110
111111111111111110101111110010111111110111101011
111111111111110110101111110011011111111111110110
111111111111110110101101110011011111111111111111
111111111111110110101111110110111111111111101010
111101111001100110111111110011111111010010111110
111111111011100111111111110010111111010010111010
111111111011100111111111110010111111010010111010
111111111111100111111111110010111111010010111010
111111111001100111101111110011111111010010111110
111111111001100110111111110011111111010010111110
111111111111110110111101110011111111110111110110
111111111011100111111111110010111111010011111010
111111111011100111111101110011111111010011111110
111111111001100110111111110011111111010011111110
111111111001100110111111110011111111010011111110
111111111111111110101011110111011111111111110111
111111111111111110101011110111011111111111110111
111111111111100110111111110111111111010011110111
111111111111110110101111110110111111111111101011
111111111111100110101111110111111111011011111110
111111111111100110101111110111111111011011111110
111111111111111110101101110011011111111111111111
111111111111100110111111110011111111010011111110
111111111111111110101111110111011111110111110111
111111111011100111111111110011111111010011110110
111111111111110110111101110011011111111111111110
111111111111110110101101110011111111111111111110
111111111111110110101111110111011111111111110111
111111111111110110101111110111111111110111110110
111111111011100110111111110111111111010011111110
111111111111100110111111110111111111010011111110
111111111111110110101111110111011111110111111111
111111111111110110101111110111011111110111111111
111111111111110110111101110011011111111111111111
111111111111110110101101110011111111111111111111
111111111001100111111111110011111111010010111110
111111111001100111111111110011111111010010111110
111111111111110110101111110111011111111111111110
111111111111111110101111110111011111111111110111
111111111001100111111111110011111111010011111110
111111111001100111111111110011111111010011111110
111111111011100111111111110011111111010010111110
111111111011100111111111110011111111010010111110
111111111111100111111111110011111111010010111110
111111111111110110111111110110111111111111101011
111111111011100111101111110111111111011011111110
111111111111110110111101110011111111110111111111
111111111011100111111111110011111111010011111110
111111111011100111111111110011111111010011111110
111111111111111110101111110111011111110111111111
111111111111100111111111110011111111010011111110
111111111111110110101111110111011111111111111111
111111111111110110111111110111011111110111111110
111111111111110110101111110111111111110111111110
111111111111110110101111110111111111110111111110
111111111111110110111101110011111111111111111110
111111111111110110101111110111111111111111110111
111111111011100111111111110111111111010011111110
111111111111100111111111110111111111010011111110
111111111111100111111111110111111111010011111110
111111111111110111101111110111011111110111111111
111111111111110110101111110111111111110111111111
111111111111110110101111110111111111110111111111
111111111111110110111101110011111111111111111111
111111111111110110111101110011111111111111111111
111111111111111110101111110111011111111111111111
111111111011100111111111110011111111011011111110
111111111111111110101111110111011111111111111111
111111111011100111111111110011111111011011111110
111111111111100111111111110011111111011011111110
111111111111110110111111110111011111111111111110
111111111111110110111111110111011111111111111110
111111111111110110101111110111111111111111111110
111111111111110110111111110011111111110111111110
111111111111111111101111110111011111110111111111
111111111011100111111111110111111111011011111110
111111111011100111111111110111111111011011111110
111111111111111111101111110111011111110111111111
111111111111110110101111111111011111111111111111
111111111111110110101111111111011111111111111111
111111111111111110101111110111111111110111111111
111111111111110111101111110111011111111111111111
111111111111110111101111110111011111111111111111
111111111111110111101111110111111111110111111110
111111111111110110101111110111111111111111111111
111111111011110111101111110011111111111111111110
111111111011110111101111110011111111111111111110
111111111011110110111111110011111111111111111110
111111111111110110111111110011111111111111111110
111111111111110111101111110111111111110111111111
111111111111110111101111110111111111110111111111
111111111111111110101111111111011111111111111111
111111111111111110101111111111011111111111111111
111111111111110110111111110111111111110111111111
111111111011110111111111110011111111010111111110
111111111011110111111111110011111111010111111110
111111111111111111101111110111011111111111111111
111111111111111110111111110111011111111111111111
111111111111111110111111110111011111111111111111
111111111111111110101111110111111111111111111111
111111111111111110101111110111111111111111111111
111111111011110111111111110011111111110111111110
111111111011110110111111110111111111111111111110
111111111011110111111111110011111111110111111110
111111111111110110111111110111111111111111111110
111111111111110111111111110011111111110111111110
111111111111110110111111111111011111111111111111
111111111111111110111111110111111111110111111111
111111111111111110111111110111111111110111111111
111111111011110111111111110111111111110111111110
111111111111110111101111110111111111111111111111
111111111111110111111111110111111111110111111110
111111111111110110111111110111111111111111111111
111111111011110111111111110011111111011111111110
111111111011110111111111110011111111011111111110
111111111011110111111111110011111111111111111110
111111111011110111111111110011111111111111111110
111111111111110111111111110011111111111111111110
111111111111110111111111110111111111110111111111
111111111111110111111111110111111111110111111111
111111111111111110111111111111011111111111111111
111111111111111110111111111111011111111111111111
111111111111111111111111110111011111111111111111
111111111111111110101111111111111111111111111111
111111111111111111101111110111111111111111111111
111111111111111110111111110111111111111111111111
111111111011110111111111110111111111111111111110
111111111111110111111111110111111111111111111110
111111111111111111111111110111111111110111111111
111111111111111111111111110111111111110111111111
111111111111110110111111111111111111111111111111
111111111111110110111111111111111111111111111111
111111111111110111111111110111111111111111111111
111111111011110111111111111011111111111111111110
111111111011110111111111111011111111111111111110
111111111111110111111111111011111111111111111110
111111111111110111111111111011111111111111111110
111111111111111111111111111111011111111111111111
111111111111111111111111111111011111111111111111
111111111111111111101111111111111111111111111111
111111111111111111101111111111111111111111111111
111111111111111110111111111111111111111111111111
111111111111111111111111110111111111111111111111
111111111111110111111111111111111111111111111110
111111111111110111111111111111111111111111111110
111111111111110111111111111111111111111111111111
111111111111110111111111111111111111111111111111
111111111111111111111111111111111111111111111111
111111111111111111111111111111111111111111111111
