101000011001100110100001000000011111000000000000
101000011001100110100001000000011111000000000000
001010011101100110100001000000011011000000100000
001010111001100110100001000000011010000000000000
001010111001100110100001000000011010000000000000
101010011101100110100001000000011111000000100000
001010111001100110100001000000011010000000000001
001010011001100110101001000000011110010000000000
101000011001100110100001000000011111000000100010
001000111001100110100001000010011110010000000000
001010111001100110100001000010011110010000000000
101010011101100110100001000010011111000000100010
101010011101100110100001000010011111000000100010
101010011101100110101001000010011111000000100010
111110011101100110100001000000011011000000100000
001010111001100110100001000010011110010000000010
101011011101100110100001000010011111000000100011
101100111001100110100101000010011110010000000000
101110111001100110100101000010011110010000000000
111110011101100110101001000010011111000000100010
111110011101100110101001000010011111000000100011
101010111100110110101101100010011011100100100001
001100111001100110101101000010011111000010100000
101010111100110110101101100010011011110100100001
001100111001100110001111000000011110000000001000
111111111111100110101001000010011111000000100011
111111111001100110100001100000011111001000100010
001100111001100110101101000010011111000010100011
101010111111110110101101100010011111100100100001
001100111001100110101111000010011110001010100000
101010111111111110101101100010011111100100100001
101010111111111110101101100010011111100100100001
101010111111110110101101100010011111110110100000
011100111001100110100111000010111111010000100000
111111111101100110100001000010011111010000111011
101010111111111110101101100010011111100110100001
101000011001100110111111000010111111010000101010
011100111001100110100111000010111111010010100000
011100111001100110101111000010111111010010100000
101110111111110110101111100110011111110100100000
101110111111110110101111100110011111110100100001
001100111011100110101111010010111111010010100000
001100111011100110101111010010111111010010100000
111011111111110110101111100110011111100100100011
011100111001100110101111000010111111010010101010
111111111111110110101111100110011111110100100010
111011111111111110101111100110011111110100100011
111111111001100110101111010010111111010000101010
111100111001100111101111010010111111010010100000
011011111001100110111111000010111111010010101010
011100111001100110111111000010111111010010101010
111011111111111110101011110010011111111101100011
111111111001100110111111000010111111010010101010
111100111001110110101111110010111111010110100000
111100111011110110101111110010111111010110100000
111111111111111110101011110010011111111101100011
111111111011110111111111100110011111110100100011
111111111111111110101011110010011111111101101011
111110111001110110101111110010111111010110110000
111111111001110110100111110010111111010110101010
111010111111110110101111110010111111011110101010
111111111111111110101111110010011111111101101011
101110111111110110100111110010111111010110111010
111111111111111110101011111110011111111101101011
111111111001110110100111110010111111010110111010
111111111001110110100111110010111111010110111010
111111111001110111101111110010111111010110101010
111011111111111110101111110110011111110111111011
111011111111111110101111110110011111110111111011
111111111111111110101111111110011111111101101011
111011111111111110101111110010111111011111111010
111111111001110111111111110010111111010110101010
111111111001110111111111110010111111010110101010
111111111111111110101111111110011111111101111011
111111011011111110101111110010111111111111111011
111111111001111110101111110010111111111111111011
101111111111111110101111110111111111011111111010
111111111001110111111111110010111111010110111010
111111111001110111111111110010111111010110111010
111111111011110111111111110010111111010110111010
111111111111111110101011110111111111111111111011
111111111011110111111111110010111111010111111010
111011111111110110101111111111111111110111111110
111111111111111110101111110111111111111111111010
111111111011110111111111110111011111111111110110
111111111111111110101111110111111111111111111011
111110111101110111111111111010111111011111111010
111111111001110111111111111010111111011111111010
111111111001110111111111111010111111011111111010
111111111001110111111111111010111111111111111010
111111111001110111111111111010111111111111111010
111111111011110111111111110111111111111111111010
111111111011110111111111110111111111111111111010
111011111111111111101111111111111111111111111011
111111111101111111101111111111111111111111111010
111111111101111111101111111111111111111111111010
111111111011111111101111111111111111111111111011
111111111011111111101111111111111111111111111011
111111111111111111101111111111111111111111111011
111111111101111111101111111111111111111111111111
