000000000000000000000000000000000000
000000001000000000000000000000000000
000001000000000001000100000000000000
000000000000000100000000000000000000
000000000000000000000100000001000000
011001000000000000000000000000000000
011000000000000000000000010100000000
000000001000000000000000000000000001
000000000000000000000000011000001010
000000001000001000000000000000000000
000000000100100000000000000000000000
000001000100000000000100000000000000
000000000000000000000000000010100000
000100000000000000000000000010010000
000001000000001000000000000000000000
000000100000100000000000000000000000
000000000000000000000001000000001100
000001000000000000000000000010010000
000001001000000100000000000000000000
000100000000000001000000100000000100
011001000000100000000100000001000000
000011000000000010010000000000000000
000100000100110100000000000000000000
000000000011000010010100000000000010
000100100000000100000000000100001001
001001000100001001001100000100000010
000011000000001000001100000010110000
110111000000010000001000000010111001
111010110111000000001011000011000000
111011011011011000001100000010101010
