0.0 0.0 0.0 0.0
0.0 0.0 0.0 0.0
2.3 0.0 10.0 -1.0
2.3 0.0 10.0 -1.0
5.8 1.0 0.0 -1.0
7.7 0.0 7.0 -2.0
10.8 2.0 0.0 -2.0
11.7 2.0 0.0 -2.0
13.1 0.0 2.0 -1.0
13.9 0.0 5.0 -1.0
14.4 1.0 0.0 -1.0
15.6 1.0 0.0 -1.0
16.4 2.0 0.0 -2.0
18.3 2.0 0.0 -2.0
20.7 3.0 8.0 -4.0
25.2 3.0 0.0 -3.0
26.5 0.0 10.0 -2.0
29.5 1.0 5.0 -2.0
30.8 4.0 8.0 -5.0
32.0 3.0 0.0 -3.0
32.0 3.0 0.0 -3.0
34.7 2.0 3.0 -3.0
35.1 1.0 17.0 -4.0
38.5 3.0 17.0 -6.0
42.8 3.0 5.0 -4.0
46.5 2.0 9.0 -4.0
47.4 3.0 9.0 -5.0
49.0 3.0 5.0 -4.0
72.3 5.0 9.0 -7.0
74.5 6.0 4.0 -7.0
