2.3 1.0 0.0 -1.0
8.7 1.0 10.0 -3.0
11.4 1.0 0.0 -1.0
14.4 2.0 8.0 -3.0
16.2 0.0 8.0 -2.0
17.5 2.0 4.0 -3.0
19.9 1.0 18.0 -3.0
22.9 2.0 13.0 -4.0
24.7 1.0 1.0 -2.0
25.7 3.0 0.0 -3.0
26.7 2.0 4.0 -3.0
26.9 2.0 8.0 -3.0
27.3 3.0 0.0 -3.0
28.6 2.0 2.0 -3.0
31.0 2.0 13.0 -4.0
32.9 3.0 8.0 -4.0
35.8 3.0 4.0 -4.0
36.3 3.0 4.0 -4.0
40.8 3.0 13.0 -5.0
42.7 1.0 9.0 -3.0
45.6 1.0 13.0 -4.0
46.0 2.0 16.0 -5.0
47.1 2.0 21.0 -5.0
47.3 2.0 13.0 -4.0
49.6 3.0 22.0 -6.0
61.0 2.0 15.0 -5.0
70.8 2.0 31.0 -8.0
71.4 6.0 19.0 -8.0
78.0 4.0 15.0 -7.0
91.3 5.0 18.0 -8.0
