001000000000000000000000000000000000
010000000000000001000010000000000000
000000000000100000000000000000000000
000000000000000001000010000000010000
000000100000000000000001000000000000
000000100000000001000000000000000010
000000000000001000000010001000000000
000100000000000000000010000000001010
000000000100000000000000000000100000
000000001000100000010000000000000000
000000000000000000000001000010100000
000000000000000000000010000010100000
000000001000000000000000100000000010
000000000000001001000000000000000100
000100000000001000000010000000010000
000000000000000000000010000000001011
001001000000000000000000000010100000
000000101000100000000000000000000010
000000000000000001000010000011000001
000000100000000100000000100000000000
000000010100100000000010000000000000
000000000000001000000001001000001100
000000100000000011000010000100000000
000001000001001000010000000000000000
000001001000101000000010001000000000
000000100000101000001001000000000000
010000000000010100011001011000000000
000000000001000000000000011110011010
000000011000011000000010000000010010
000000101001000100000000010110100000
