0.0 0.0 0.0 0.0
0.0 0.0 0.0 0.0
4.4 1.0 5.0 -2.0
11.4 1.0 0.0 -1.0
12.8 1.0 8.0 -2.0
13.1 1.0 0.0 -1.0
14.6 1.0 8.0 -2.0
14.8 0.0 9.0 -2.0
14.9 1.0 9.0 -3.0
19.9 1.0 18.0 -3.0
20.3 2.0 11.0 -5.0
20.6 1.0 13.0 -4.0
21.6 2.0 4.0 -3.0
22.1 1.0 5.0 -2.0
22.2 0.0 15.0 -2.0
25.4 1.0 4.0 -2.0
26.9 0.0 10.0 -3.0
27.0 1.0 17.0 -4.0
30.8 1.0 8.0 -3.0
34.5 2.0 2.0 -3.0
35.7 2.0 21.0 -5.0
36.5 2.0 9.0 -4.0
39.5 3.0 13.0 -5.0
43.8 1.0 13.0 -3.0
45.6 1.0 15.0 -4.0
50.9 2.0 14.0 -5.0
53.3 5.0 0.0 -5.0
54.8 3.0 23.0 -6.0
55.8 4.0 9.0 -5.0
63.4 1.0 30.0 -6.0
