0.0 0.0 0.0 0.0
1.1 1.0 0.0 -1.0
2.3 1.0 0.0 -1.0
2.3 1.0 0.0 -1.0
3.4 1.0 10.0 -2.0
4.5 1.0 8.0 -2.0
5.5 1.0 10.0 -2.0
8.8 1.0 7.0 -3.0
9.6 2.0 0.0 -2.0
13.0 1.0 4.0 -2.0
13.1 0.0 2.0 -1.0
16.2 0.0 15.0 -2.0
16.5 1.0 6.0 -3.0
19.1 1.0 7.0 -3.0
20.1 3.0 8.0 -4.0
20.2 3.0 8.0 -4.0
21.4 3.0 0.0 -3.0
21.4 0.0 5.0 -2.0
27.1 3.0 10.0 -4.0
31.3 2.0 8.0 -5.0
31.6 3.0 3.0 -5.0
32.3 2.0 9.0 -4.0
39.6 2.0 9.0 -4.0
42.8 0.0 15.0 -3.0
45.5 3.0 8.0 -5.0
48.5 2.0 11.0 -4.0
49.6 3.0 11.0 -5.0
50.3 5.0 2.0 -6.0
60.5 3.0 11.0 -6.0
153.1 8.0 29.0 -14.0
