000100000000000000000000000000000000
000000000000000001000000001000000000
000000000000000000000001000000000010
011000000000000000000000000000000000
000000001000000000000000000000000010
000100001000000000000000000000000000
000000000000000000000000000000000001
000000000000000000000000001000000001
000000000000000000000000000000100010
000000000000000001000000100000000000
000000000100000000000001001000000000
000000000000000000010000000000010010
000000100000000001000000001000000010
000000001000000001000000000001000000
000000001000000000000100000000100000
000000001000001000000000000000000010
000100001000000000000000000000001010
000001000001000000010000000000000000
000010000000000000000100000000000001
000000001000000000000100000100100000
010100100000100000000010000000000000
011000000010100000000001000000000000
000000001010100000000000000000000010
000001001000000000000000000100010000
000011100000000001000010000000000000
000001000000001000010000001000100000
000000000101000000000001000100000010
010100001000000000100000110100000000
011000000000000000000001000010011100
111011000010100000001001010110110010
