3.2 1.0 0.0 -1.0
3.2 0.0 8.0 -1.0
3.2 0.0 8.0 -1.0
4.5 0.0 18.0 -2.0
4.5 1.0 8.0 -2.0
13.0 1.0 4.0 -2.0
13.9 0.0 5.0 -1.0
14.7 1.0 13.0 -3.0
17.0 1.0 9.0 -3.0
21.5 2.0 9.0 -3.0
22.5 1.0 8.0 -4.0
25.5 2.0 15.0 -4.0
27.6 2.0 12.0 -4.0
30.6 3.0 7.0 -5.0
31.0 3.0 4.0 -4.0
31.1 4.0 0.0 -4.0
32.0 0.0 19.0 -3.0
32.2 3.0 14.0 -5.0
33.1 1.0 14.0 -3.0
38.6 3.0 12.0 -6.0
40.0 3.0 6.0 -5.0
44.6 2.0 7.0 -5.0
49.9 2.0 6.0 -4.0
51.6 2.0 26.0 -6.0
55.5 4.0 11.0 -6.0
60.8 2.0 25.0 -6.0
61.4 2.0 15.0 -5.0
75.7 4.0 3.0 -5.0
142.8 5.0 46.0 -13.0
149.9 9.0 33.0 -15.0
