000000000000000000000000000000000000
011000000000000000000100000000000000
000000001000000000000000001000000000
000000000100000000000000000000000000
000000000000000000000000000000100000
001000000000100000000000000000000000
001000000000000000000000000100000000
000000000000001000000000000000000000
000000000000100000000001000000000000
000100000100000000000000000000000000
000000000100000000100000000000000000
000000000001000000000100000000000010
000000000000000000001100010000000000
000101000100000000000000000000000000
001001000000000000000000000000000100
000100000000000000000001000010010000
000001000001000000000000000000000000
001000000000000000001010000000000010
000001000100000000000100011000000000
000000000000000100000000000010010000
000000000000000010010000000001000000
000000000000000000001001000100000010
000000100000100000000000101000000000
000000000000001000010100000100100000
000000000000101000001100000000000010
011000001000000000000000000001001100
010101000001000011000100000000000000
000001000000000010100010010100100000
000000000000001010101000111000000000
000000011011000000000000011011100000
