000000000000000000000000000000000010
000000001000000000000000000000000000
000000000000000000100100000000000000
000000000100000000000000000000000000
000000000000000000000000000000001010
000000001000000000010010000000000000
000000000000000000000100000000001010
000100000000000000000000000000001010
000000000000000000000000000010010000
001000001000000000000000000000010000
000001000000000000000000000001000000
000000000000000000000000000010000001
010100100000000000000001000000000000
000101000000000000000000000100000000
000100000000000000000001011000001010
000000000000000000101001000000000000
000000100000000000100000000000000001
000000000000000000000000000010100100
000000000100000000000100000101000000
000000100000000000000010000010100000
000000000000000010010000000000001010
000110001000000000000000100000000000
000000000000000000011100000010010010
011011000000000000000000000000001010
000000000000100000000000100000001100
000110100000000000100000000000001000
001010101000000000000000000010010000
011000000000000000001100000010101001
011000000000000000001000100011001001
111010100000011000001100010110101010
