000000000000000001000000000000000000
000000000000000001000100000000000000
001000000000000001000010001000000000
000000000000100000000000000000000000
000000000000100000000000000000000000
000000000000100000000000000000000000
000000000000100000000010000000000000
000000000000000000000010000000001000
000000000000100001000000011000000000
001000000000000001000001010100000000
000000000010100000000000000000000000
000100100100000000000000000000000000
001000000000101001000000000000000000
000100000001000000000010011000000000
011000000000000000001110000000000000
000010100000000000000000000000000000
000000000000100000010000000000001010
000000000000100000100000001000000100
000000001000000000000000100000000100
011000001000000000000000000100000100
000000011000000000000000010100000000
000000001001000000000000011100000000
000100000100000100000000000100000010
000010100000000000100000011000000000
000001000000100010010000001011000010
000000100001000011000000000100100000
000100000000100111000000011000001100
000001010100100101000000100000100000
110100011000000011000000010110100000
110111011010111011001010010110100000
