001000000000000000000000000000000000
000000000000000000000010000000000000
000000000000000001000001000000000000
010100000000000000000000000000000000
000000000000000000000000000100000000
000000000000000000000000010100000000
000000000100000000010000000000000000
001000000000000000000010000000100000
000000000000000000000100000000001010
000100000000000000000000000001000010
000000000000000000000000111000000000
000000000000000000000000000000001001
000000000000000001000000000011010000
001000000100000000000000000010010000
000000100000000010100000000000000000
010100100000000100000001001000000000
000000100000000000000001010010010000
011000000001000100000100000000000000
001000000000000000000000000110100010
000000001000000000000010000000101010
000000100000000000000000000010010001
000000000000000000000000011110010001
000010100000000000000000000010010000
000000000000000000100001000100001011
000100000000000000000000100010011010
000100000011000000000100000000001001
011000001001000000010000000000011100
000001000100000000000000010100101100
000000100100011000001000100000001001
110000010010110110100000010110101010
