0.0 0.0 0.0 0.0
0.0 0.0 0.0 0.0
0.0 0.0 0.0 0.0
0.0 0.0 0.0 0.0
3.0 0.0 4.0 -1.0
11.5 1.0 0.0 -1.0
11.6 0.0 1.0 -1.0
14.2 2.0 0.0 -2.0
14.4 1.0 4.0 -2.0
14.7 2.0 0.0 -2.0
15.6 2.0 8.0 -3.0
17.7 1.0 5.0 -2.0
21.0 1.0 8.0 -3.0
21.3 1.0 4.0 -2.0
25.4 1.0 4.0 -2.0
26.2 2.0 5.0 -3.0
26.3 2.0 15.0 -5.0
28.2 1.0 9.0 -3.0
29.6 2.0 4.0 -3.0
29.8 2.0 4.0 -3.0
30.1 4.0 0.0 -4.0
35.0 2.0 15.0 -4.0
36.0 2.0 10.0 -4.0
40.6 4.0 8.0 -5.0
45.5 3.0 14.0 -5.0
46.6 3.0 12.0 -6.0
63.4 4.0 14.0 -7.0
68.6 3.0 6.0 -5.0
124.4 5.0 24.0 -10.0
131.8 5.0 44.0 -14.0
