000000000000000000000000000000000000
000000000000000000000000000000000000
000000000000000000000000000000000000
000000000000000000000000000000000000
000000000000000000000001000000000000
000000000000000000000000000100000000
000000000100000000000000000000000000
000000000000000001000000000000100000
000000000000100000000001000000000000
000000000000000000000000010100000000
001000000000000000000010000000010000
000100000000001000000000000000000000
000001000000000000100001000000000000
000001000000000000000000000100000000
000001000000000000000000100000000000
000100001000001000000000000000000000
010100000000000000000100000000001010
000000000100001000000100000000000000
000000100000000000000000000000001010
000001001000000000000000000100000000
001000000000100000000000000000001010
001000000000000000001100000100000000
000000000000000000100010000100000100
000000000000000000000100000110100010
000000101000100000000000001000010000
011000000000100000000100000000001100
000000000100000100100010000000011010
000000011000001000000000000000001100
100010010100000000001010000010101010
111011010100000011000100011000001100
