0.0 0.0 0.0 0.0
3.3 0.0 5.0 -1.0
8.5 1.0 0.0 -1.0
9.8 0.0 4.0 -1.0
12.5 2.0 2.0 -3.0
14.7 1.0 5.0 -2.0
15.6 1.0 0.0 -1.0
16.4 2.0 0.0 -2.0
18.8 2.0 4.0 -3.0
19.7 2.0 0.0 -2.0
24.9 3.0 0.0 -3.0
25.6 2.0 15.0 -5.0
27.2 1.0 1.0 -2.0
29.2 2.0 13.0 -4.0
30.9 1.0 20.0 -4.0
31.3 1.0 16.0 -5.0
33.4 2.0 14.0 -4.0
33.6 1.0 3.0 -2.0
33.9 1.0 23.0 -4.0
34.6 3.0 9.0 -4.0
35.5 1.0 10.0 -3.0
45.3 4.0 0.0 -4.0
47.0 3.0 5.0 -4.0
47.7 3.0 22.0 -6.0
48.2 2.0 20.0 -5.0
49.8 5.0 6.0 -7.0
52.4 2.0 21.0 -5.0
58.9 6.0 1.0 -7.0
151.4 7.0 43.0 -15.0
158.5 8.0 32.0 -14.0
