000111000101111100000111000000100100100011110100000001001110000100100001110111100001000111100111001001110000100111001101111110001010100110100001001100101100001001001000101001100110010101010100001010001011000001101111011011000010011000110001
100001100011111100000111101101001010000100000110010010101001101100011000100110111010011000100000100010011001100110000011001001011101110101101110000100010111001011000011111010001010110101101000001111010000000001100001101111100111000111110101
010000100010110010011000000101000101011001101001010011100010000000101101011110000000011111010101010000101100101111110110110110001011100110010110010001011110101101101001000011010010111100111011110000110111010010000101011000011001101110011110
011010001010101000001011011101001000010001110010110111001000011011001000110110010001001101101000110000001110111111011011011100010110000011001001101110100011001101111011111000100101010100110110011101011101110010011000111100111101010111010011
000110011101100001110101100111011101000000100010000111110110000001101100111011001101011111000101010110111111100100011000001000100100010001101001101000110010111111010010111110001000011101000011110001100010010011011111101110001110000001101100
011000110100011111000111111010001011110110001110110100000100011110011010010110111111000110010010101100011011000000000100101111010010001010010111011101000000010011001010011011100000111000001011001011100110011001111011111111011110000001100100
010000010101000001000111111001110001100010110001100111011010011010111010010010101011001100000110000011011100010110100111001110110100001111100000110100100101110000000011100010000101011001000010000110011101000111010000000001000101101111110011
111100100111000100101101110001101010110110000101000100111101100000000010011011110001011010111100000110111100100110100011011000011001011010100101010011111011011010101000000000110001101110100111010011001001000101011110101101110111101111011100
001111111100000101000110010101011101010100000110010010011010101110000001111011001110111000010101000110100011001111100000011111001010101001111011111010010110001001111100000000111011110010110100111011100100111011110111101001101110111010111100
011011000011100000011111010100101100000010111111000010100001101010101101000111100000011101111100111110001011100010000111010000111100110001010101010110001011101011110000101100001111011000000100010001011010111111111111011001010101101000000111
101011000110000010110100011110000101101100101001011101011001000110010000101110111001110010101010101011001000111101101100111101010001001011111110101111100000010011101010110010111111110001000001000111101001100101101001111011011000110111110001
110110100011000111111110110001001101010111010100110111001101110001000000001000111000000000111001111110000101111001111010001111100110110110101100001111110100011100010000001000010110001101100111100100000001100010110010101000000010011010101010
110100101100010001001100110101101010011010000001000010010110001110111101000011111100001010011010010110100001111110011011000011001001011110000101010101110100000101000001111110010110101100110001010110011011111000000011111101010101101010100110
000110001110111001110001100011101111100011110011110110110101000100100010001100101001000110111110010110010011100001011101010101001011101001110111101111001001010011011001110110101101110110000010111101110010000101101000001001001001011010000011
000000101011000001111100001000101101011100111011000000110110011011100000111111010100101011110101111011010100001001001001011010101010101100101100111011011010010000000010100000011101000111110010010010110000010011011100001111110011001101101111
000101110011101000110111010101001000011110001011001000011111010100101011110011000111011000010101110010010100111011011110000111110110001001101000000000111101001001000110101000111110001010110011001010101110110001101010110010111111110110011011
000110010111011110011110001000110010110111010001000010111001110010001000011011110110111011000100000100100010111111101110010101100010110011010100111011110000001100011101111011101010000111001111110001110111110011011010000011000000001000110001
111110001011011111100000111110001000001101101110101000010100001010101011010000001111101100011000011010110001110001100101100011001101110110011010000010010110011110110111001011000010111010111001111000001100110011011011111000101101101111001010
000011110110111010111011011100110110111010101111010010010010100100000110110011001100111101110100011001101001000000100100010110111110011110000011110101101010000000111000000011011010101111101010100001100011010110111100101100110101110000011010
010000110100001000111100100010110110111110001001010100110001101000000100010010100101111010111001100111101001111110010011001101111001011000100110100011010001100110110000011101111011110101011110111100010000011110111100001011001101011110100111
100101000001100000000011000000011111011101001001101000010000011101010110011110110010101011110101110111001000011110101000110011111010111001000101001111111000101010111010111010111001110100000001110000011001011010110111101100001001111000101101
000111000110010110011001010010001100010101101001001100100001101101100111100101000010011101011001000110011110010111011111110110001110011101100101000010101101011011111101010000101101101001100110010011000100001001010110101000001010000100111000
011000111010000111011110100110111111100101100001010101110001010100001011100100101110100001000001011001110110111011111101010010101101100111100111100111010011000010110000110111000110100110101000011011110001111000110010110101101010011111010110
111111111100110100000111011101110001101100001011110001111110111011010011010000000000001110001001110011100011101011000000011001101111011111010100100000101111001101001001011000011010010100100101000101011100100110100001010010011101101110001001
011001110111101000101110101001111101001101011110100111011110000111010010010001010000110110000101111111011000011110010111011010010111100001100011100001101001101000000011000100101100111110110111001000101000111100101000011010110010110000011111
001100101100010100011111001010000010011111111001101111101000110111000011110110100110101111111010000000001111111100100100000110110011111100001001101101111101011010111110010011001011101000100000101010111010101001001001111100010001011101000101
101101100110001001010100000101110110100101101101110110110110010110110010111001111001111011000101101101110110100010101110011110000101110001000011111001110101001111011100001000011011010110000001010100111000101101001000001101111011000000010011
011101011010111010110010010101001101111111001011011110110101110010111001101111110101010000110001101100110111010111100111000001011011110001111100001011110000110110001011010001111011010110011011001010111001011010111111110111100000101101001010
100001101100100111011110000100011000101111000100010001111110011101101010111101011111011110111010010001011101100100110001010011111100001111010000110100101010011110010001100101111011101010101110101111100001001110011111110111001101011000000010
111001101100111111011111101111110101101000000001000011001001011101001101010100110001111111110110111110011101111100000101110101110111110101110111110011000101011010111111111100101011001111011110110010111110001101100000000110000110101010111111
