149.1 12.0 65.0 -20.4
149.9 13.0 73.0 -21.6
152.8 14.0 80.0 -22.8
155.1 14.0 78.0 -22.8
158.0 15.0 85.0 -24.0
163.0 15.0 81.0 -24.0
163.7 15.0 89.0 -25.2
165.0 15.0 91.0 -26.4
167.9 16.0 98.0 -27.6
170.2 9.0 48.0 -21.6
171.0 10.0 56.0 -22.8
173.7 17.0 102.0 -28.8
175.3 10.0 49.0 -22.8
180.4 10.0 49.0 -24.0
181.2 11.0 57.0 -25.2
181.6 16.0 98.0 -30.0
186.8 17.0 103.0 -31.2
188.6 13.0 67.0 -26.4
192.4 10.0 57.0 -25.2
192.6 18.0 107.0 -32.4
193.9 11.0 51.0 -25.2
198.6 16.0 97.0 -28.8
200.4 13.0 70.0 -28.8
203.5 19.0 113.0 -33.6
210.3 13.0 66.0 -27.6
211.4 20.0 114.0 -34.8
214.0 20.0 112.0 -33.6
214.6 14.0 75.0 -30.0
222.3 12.0 64.0 -28.8
222.3 21.0 120.0 -36.0
228.1 13.0 68.0 -30.0
235.8 13.0 66.0 -30.0
235.8 22.0 122.0 -37.2
238.7 20.0 117.0 -36.0
243.9 13.0 68.0 -31.2
249.0 14.0 69.0 -32.4
249.5 14.0 68.0 -32.4
255.3 22.0 122.0 -38.4
263.2 15.0 74.0 -33.6
268.3 16.0 75.0 -34.8
268.6 22.0 124.0 -39.6
275.2 19.0 99.0 -37.2
276.7 17.0 87.0 -36.0
282.1 23.0 126.0 -40.8
282.5 18.0 91.0 -37.2
293.6 20.0 106.0 -39.6
296.2 24.0 132.0 -42.0
305.3 19.0 94.0 -38.4
309.7 22.0 117.0 -42.0
312.8 25.0 142.0 -43.2
313.2 25.0 140.0 -43.2
315.7 24.0 132.0 -43.2
318.3 20.0 101.0 -39.6
322.8 20.0 98.0 -39.6
326.4 22.0 113.0 -42.0
329.8 26.0 150.0 -44.4
333.2 25.0 136.0 -44.4
336.9 21.0 104.0 -40.8
337.1 24.0 121.0 -43.2
337.6 22.0 112.0 -42.0
340.5 23.0 119.0 -43.2
347.3 27.0 154.0 -45.6
349.3 26.0 150.0 -45.6
349.8 26.0 146.0 -45.6
353.2 25.0 135.0 -44.4
354.1 25.0 129.0 -44.4
366.8 27.0 154.0 -46.8
370.7 26.0 139.0 -45.6
