10001000001100011010100000011000001110001101001101001000101000000110110011110100111011100001001000110001110000100101100111000100000010011100010000110011111000110101100101000111001001001000011010010010111100001001000010011110100000000000011100001011001100111000011110010011100100000001111000
10000000010001011010111000000110010110101001001000001111000000000110110011011000000010110001001001000010111101101001100010010011001111000100010000101000000011110000101000001100000001100110110011101011001000000110001100111010111011100010000001011001110111011001000111110011001001100011011100
10101001010001001110100000000000010000010011010001000001100010010001001111111000000110001011110001100101011010101010010010101011101101000011111010000000000000001000011101101000110111000000010010001000111010110000011100111010110111100111010100110001110011000100110100100010101100000001101010
10000100011101111110100010000001011100010010000111000000110100000110110011110001000100100100000010100100111111100010000010100001011100000010100000100000010010110010110111001111001111011010001011101011101011010001010010000001000000100101000101110100000010001100011010110100101100110101101100
01011101001000011100111100011000001100010000000110100110000011111001001111111100011001110011100001000000001011101010001100000100010001010001010001111010100011011011001000000100001011011110000010111001111010000101111000110011000001101111110100000111000001100100011111110000001001101000011000
01000100010101001011101000001101001110010100000111111110000010000110110000001100110011010001010000100001001000111111010101011111101000111000010001100010001010011001001101000100100111000111100101101000111000000011100000010011100000100011010000001001000000101001010111000000011111000001111011
01111100000100011101101001000000001101010110000000001011010100000001001111110001001101011011101011100000111011000110001111111000011100000000010000011100001011011011101101101101001101000100111000000000100011110001000000110011000000011000010000001100000101001000001110110001101000000100100100
00101110101001001010010111101101000100010010000001000101001100001110110001111001011000010001000001001101101011011111010111001010110000000100010011100100000000111011110001001100001001001011011000101011101001110000010000100010000111001000010000100000111010000000010111111111101110000000001100
11010100010000011101100001000110010110001000001100000100110010000101001111111000010000110011110111101011110011100101000001000111000000100100010011111000000010010100100101101100000111001111100010101001111001000100111101111001110101010111010000010100110001001100011110110011101000000001101001
00001000000011001010101010111001001100001001000101101111001000011110110011111001000001110001011010100000011100101111000111011111000101000100000001101000010001010100111001000110100000100110000000111001111100100010001000111000101001100101010000001100110111100100111011011000101010001100101001
00011110011000001101110100110101011100110101001000101111010000000101001100011100011011100011110100100011101011101111001010111111100100010000010011000000100101011110101100000101001011101100000001001110101100001000100000010101110000100010101001010000000010000110010111110101001001100100010010
11011000101010001100100100101101110110011100011001010100100110010101001111011000000101101011110111100001111000001110011100011110000000010000010100000000100011010110110001000001011011100101101001100000111100000010001000101001001010000010110110100001000001101101111010100011101100110100111000
10011100010101011110111100011011001001110101010000000101011011100101001111110000000101100011100001000001011011101000000110011101101010000010110011110111101010010101000100000111001111100100101000101011111000100011100101011010110011101011000100010000100010001100111110100000101110100011111010
01011000011001000010000000000111100110101001011100011001110001111101001110011000010010110011110101000000011100001110100111010111011010010011110001111110111101010011100100000100001011101010000000110001111000000001110101000001110101011010110000000000001000101011000111110011101100110110110001
10000000011001001011011111111000011100111001111110110000001000111010110010001000010001010001010010111000101101101110010110100111010000100011010001100010010010010111110100000101100001000100100011001010101000001100101000110001010001011000010101111101010011011100011011000111011111010101011100
11111100011000000100110100011000001100101111001101011001011000000001011110011100110011010011010100100001101110101111111111101001100001000000000001110111001000010011011000001111000011000111000110101001111101101101100011000000100000000111110000011001000101101000111111100101101100001001110001
10001101111000011101101101001010011001111100000001001101011111000101001101110110010010111011110101011100101110001110101100000100000010011100001101000011000100011010110101000100101010010110001000101110111000100000011110110110101011011010010000000000110111000000101110110000101110100011110000
00101000011100010101110110010110001010001011010011100001000101000010110011010100000001101001001011111101111011001110011110001011011100010111110001011000010010001001110001000110001001000100011000000010101010111101110100011110110101101011100000010011010000101000000001101011001101100101011101
01010100000001000111011110001001011100000011101101001001010111110010110011111000010110100001001101110111111110110011001100001010000110001011110001111001000001110101101001101101101000111010111000000011111010110001011000010000100100011010110001011101110111000011110010110011101100100000111000
11111110111001011101110110000010011110100000001001101010001001110010110011011110010101100001000001010010001110100011000010001010010001000011111110011010101010011110001011000101001111111010000001100000111001010001010000110011010101011010011000011001110000001001111110111101101110000001111001
10000010011111011101101100000010011110000100011001101000000000011010111010111011010000010101001001100011111011110110110011010011011100000000011111010011110000010010101100101100100011101110000111111001111000101101111010000000101000000011111000000100010100100101111110010110100101100011110110
11011100110100011101001000000000001100000010101101001011000000010110110010111101010010011001010101101011111111101011000111010001111100011100001001001110010011011111010001100100001110100001000110001000011111001110111110111011101111010000100000000000010101101000111110101100100010001101111001
01110101011111011111110101011100001000010111101110101110000011110101001111100100010010011111110101000001011000101111000111001000011001111100010001100000001011011110101000100100000111010000000100001110110010100100100100110110000001111111110100100101110110001101110111001111011011000000000000
01010101001101001100101011000010011101001010000011111001010010000101001110001110110111010011111100000001111010110111110010011011101011110100101011100001000010000000110101100101010001110000011011011001010010110010010100111101001101110010110001111000000010110010001111100011011111000100010001
00001010011101011011101100010100011110000101000111010101001101111101001101001100110001110011100011011011011100011111011110000101000000111100100001011000001000110110011011001100001111001000000110101011101000110100000000010011101001101010011010001101010010110011100111111111011111110100110000
11011101011110011011010100101010000001010100101000101110010111110010110010111000010000110000011000110101100011111000100110100101101011000000110001110110100111010101111101000101000111001100101000101011111010010000001110000110000001111110001100010001110111000101011011110100101100010101111001
00101000001101010101010110010010111100110000011111101001011001110010110011101000110001110001011010110001011010001111000111001000001000001000010000111010011011010110110111000111111111001010001010100000010001010101101100011010100011111110010010010011100101101100111111111111011111101100111000
01011101011101000110110101010100011100001001000101101001000111101110110010110100001101001001010101010110111111101010110111101010011101010010110001100100000010010101011101111101001110011010111111101001010010111110101000100001101001101001010100101100011101011000010011100011101100100000100001
01101101010110001110001010001110001100001011001001100001110010001110110011110011100010000000011011110101111111101111100111101000001000000011111111110010110010111010100101000110000110100000000101111111111101100001101110111011001111011011010001010101110111111100011110111011101110000010111001
11111001011110011110101001111011000100001010110101101010000010111101001100111001011001010011110110100111111101001010010100110100010110000100000011101000000010011000010101000100001011001001100110101001111011111000100101011010010011110111100100010001011000100100100110111000101000010001111001
