00101000000001000100111101010011000000010010001110001101000100000110111011010000110110111011100000100010100000110111000011011001101001000000010011010010011011010100001100001011000101001010010000101011111101000001011001000010011010010010110101011101110110100000011010110000110111100100010000
10001100001010010110101100110000011111110111001000010111011001000001110111110000001010110000101110100101101100000000010011000011101000100001000011101000101001011100000000000100100001001110010100111011110010111101111100111000100000000010100101010101100111000100001110110000011010000001011111
01011101001000110111000100101101010000011011001011101101111001110101010010011100110000010000100110100001111100111100100111011010111000010000000000100001000001011100000101100011011001100010100010001110011110000000000001010011000000010110110100000100010100101110000110100111110101000000111000
11001100011001001100001000000001011100000101110011011001110010000101010110010010000000100000100100110111000111101010100111101010100000000010000111000000011001011101001001001000000111101010000101101001111000000000101000001001000110011110000000011101100111001000001111010001110101110101111100
00001111001001010110011110000100111000011111000011110101010101101001010110110100100101101101100111000001011101101111000101001111101000011011010001010010111011111100010110101001000010000010001000001100001000110100110000100000001100011001010000100100100010000000011101100000110101000000111100
11000111110111011011000000010101001110000000101010001101111001101101010111111000110101000001101100000101111110111101000110010011101000000101000000101111100011011101000000000011101001000110001010100000011000100001001010000010000110100011010000000101001101000000011100111100110001000101001000
10001000011100111110110110111100011101000001000101010001101010000001110111101010000101000001100110100011111001101001000010001000001001101010101100111010101011011100010101010100011101000011100000011000111100000110000010000011010000000010001101011000000000101100001111110001001110100000010010
01111010011101011100011110010000011001111001000111101001101111101010111000011100001001100011111010111000101110001001011110001000101000010110000000010110110010001011100101001101111000011010000000100010010001010010000000110010110000001110101000001000000000100000001111111100110101101100110010
11001101011001111100100111010100011000011011001010101011011111101001010010111000001010111001111110110101111110011110001110011001001100000000000010001000011011011100011100000101000001101110011000100100101101010000001000100010000100001010010100110000000101101000011111010011110101000000111010
00001100001000011010100100011111101000010111010011001101001011110001010111010000100110100101000111100011011110111010110110101001000000000000001001100110011001011101001001001101100111111011001001010001011101111101110100001010101010100010110100001101000000100101000111100000110101110010010010
11011011011111010011001000001000001000100001001111000001001111101101110001111100011011000001111110001001101110110110000100001011101101011010110010111000111011011101000101100110001101101010000010000000111001000010011010000010000000010010110000001001010101000000001111111111110101000000101000
10000000001001001010011101010110001110010011100101110101001010000110111010100101110100010011111000000101101001111011010100001011001000111010100001110001110111011100001110100101101011100110101011000001000001100000000001110001000100000011010101010001000111101000010111010111111110010000001000
11001101111001010010000011001101001000011010010011100001010101000101010111111001111110000101111111111101111111101111000110001000101010000100000000110101110011010001001101000101101010101010000000001000010001010001100100111100100011011011010101010001010101100100011111100010110101000000111000
11111010010000010110111000011101101101001100000011000010001101001101010011011000000100000000111101101101001001101110001110101010101010000001000000110011001010100011111101111101100001011000010000000000010110010010010000010111100100000010110000111001010101110001010011110010110101000010111001
11001101111000010111011000001111001100010101000001111001001110010101010011011010110100101001101111110111111000101101001010001001001011111000000010111010010010000010111101000110101011110100010100100101010100000000010100011001101110001011110000101010000000111011111100110010001110000101011000
10011000101101011110001001110111011011010000001010101000001011111101000110111001110010110001110110100111101101001111100110111000001000000000000001100000100011011100001101000100011001111011000001001011101100100011000001000000000011110010010100001101110010110100011110110010110101100001110000
00001110001001000111111100010001011100001111000111101011001011010110101010111100100000101011100001010001101101101101000110010001101000000000010001101100011101011100000101010100010001001110000001111011001100000010011000010000101101011010011110011011100111111100011110110011110101000100010000
10001010111011010100101101010100100100010100000011101101010001111101010111011101111000001101110111010001001101101101000110001101000000011000010000110001010101111100001101011101001001101010010000100000000100000101111100010011001011001010100000101001110000101000000111111001110101100001011010
01001000001001011101010100000001001110010001000111100001011000010110101000110000110010001010110001100001011000111100011010111011000001000011000111110111100010000011101101111111001100011101101000100110010111111100010000000100000110001010111101011010010111111100010111100001110101000001111100
11011001011010000000001010010000000111010101000011100001111011111010111011110011100011011111101001110001100110001110001111000100101000000011101000001001010011111100010001100111010001101010011001001001010000000001001000110001100000001110110100000011010001110101100111101010110101100001110000
10101000100011000110101001011100001111000101001000011101000001001001011011111111110100001001100100000111111110101011001010011000111100111000011100101000001010100010100100000100000011011100010001001001111001000011011000010100000010000111101001010000000101101100011111111101001010100100111100
00001001001001011010011110010111011111011011010011010001001001000110111011111111010100110111101001100001001101101000010001000111101101011011001111000110001010000011111001001101001011011110011001101111111001000000010101011110100110101010100000011001110110011000001111110010110101010100101100
01110100001000011100101111000111010111011001101101011010010011110001010101110001010100101001100110110111111101111110100000100000111101101011110010001000010001011101011101001111001011000110001001001000011110010100010001000000000000101011011000110001000000110001101110111011011110100000111000
11000001010001001110110111100101011110011011010111001101100111111010101010111000010001000011110000110001111010111011000011011001101110000100000000111001111011111100001001101111110101001101001000000000101010011010000001100010010001111010110100000001110101111100001011110101110101000001110010
11011101011010011110001001110110001101101001000111000111001010000001110011111110100011010101101100010000101001100100001000010010111001000100001111011000010000000010100101100110001001011101010010001000111111111101111001101000110100010010010101010011110010011100010110111111110101110101101101
10110100011001001110010100111111001110010111101111100011110000010001010011110001000001010101110110110110100000101110010111001101011000000000000000111111101000000011101101001110001001010001001000010000111000111010001101101001000010010111110001100101011101100111110111001101110101000011110110
11111111110011011101100100111010001100010001000011101001100010001101110001110000010101011001110110111011001010011110000100001000101000000000010000011000011011011100010101100101001101100110110100111000111000000000011000010111010110100011011010001001010100011100010111101011110101100010100110
10001100110010101011001101001000001110010100101101010110101001110110101110111001100101010011000100100011101101110110000101100101111000100011010100110001000010101010110101001100011100010000000000000000111100000111111100011000110111111111100000001000111001111100100010010011011110100001100000
01011000101100100111101101111010000111011000001011001011110000001101011011111110110010110101110010101101111100101100000101011110000100010010101110110110011011011101010101000100000001000010000001000001111100000000010001100000011101000110100000010011001000111000011011111111110101100001111101
11011101001000111110101000010100101101010100000110001101010011111110111011110101111100101011010100100011000100111110010111000010111000011000000001111110101001011101010111100100001001000111000000001011011100000001011001001000101110001010111101000001110010101111101110100011110101000101010000
