25.8 3.0 22.0 -4.8
25.8 3.0 22.0 -4.8
25.8 3.0 22.0 -4.8
25.8 3.0 22.0 -4.8
25.8 3.0 22.0 -4.8
25.8 3.0 22.0 -4.8
30.7 3.0 22.0 -7.2
30.7 3.0 22.0 -7.2
30.7 3.0 22.0 -7.2
36.8 4.0 23.0 -7.2
36.8 4.0 23.0 -7.2
36.8 4.0 23.0 -7.2
37.5 4.0 26.0 -7.2
38.1 3.0 22.0 -7.2
38.1 3.0 22.0 -7.2
38.1 3.0 22.0 -7.2
38.1 3.0 22.0 -7.2
38.1 3.0 22.0 -7.2
38.1 3.0 22.0 -7.2
41.7 4.0 23.0 -9.6
41.7 4.0 23.0 -9.6
41.7 4.0 23.0 -9.6
41.7 4.0 23.0 -9.6
41.7 4.0 23.0 -9.6
41.7 4.0 23.0 -9.6
41.7 4.0 23.0 -9.6
41.7 5.0 35.0 -9.6
41.7 4.0 23.0 -9.6
41.7 4.0 23.0 -9.6
41.7 4.0 23.0 -9.6
42.4 4.0 26.0 -9.6
42.4 4.0 26.0 -9.6
42.6 5.0 27.0 -8.4
44.6 5.0 29.0 -7.2
45.5 3.0 22.0 -7.2
45.5 3.0 22.0 -7.2
45.5 3.0 22.0 -7.2
45.5 3.0 22.0 -7.2
45.5 3.0 22.0 -7.2
45.5 3.0 22.0 -7.2
45.5 3.0 22.0 -7.2
45.5 3.0 22.0 -7.2
45.8 4.0 28.0 -7.2
46.3 4.0 29.0 -7.2
46.8 6.0 36.0 -10.8
46.8 6.0 36.0 -10.8
46.8 6.0 36.0 -10.8
47.1 7.0 54.0 -10.8
49.1 4.0 23.0 -9.6
49.1 4.0 23.0 -9.6
49.1 4.0 23.0 -9.6
49.1 4.0 23.0 -9.6
49.1 4.0 23.0 -9.6
49.5 5.0 29.0 -9.6
49.5 5.0 29.0 -9.6
49.7 4.0 31.0 -9.6
49.8 4.0 26.0 -9.6
50.0 5.0 37.0 -9.6
50.4 3.0 22.0 -9.6
50.4 3.0 22.0 -9.6
50.5 5.0 38.0 -9.6
50.7 4.0 28.0 -9.6
50.9 5.0 29.0 -8.4
50.9 5.0 29.0 -8.4
50.9 5.0 29.0 -8.4
51.0 5.0 31.0 -9.6
51.2 3.0 22.0 -7.2
51.2 3.0 22.0 -7.2
51.2 4.0 29.0 -9.6
52.3 5.0 38.0 -9.6
52.3 5.0 38.0 -9.6
52.3 5.0 38.0 -9.6
53.2 4.0 25.0 -8.4
54.9 5.0 27.0 -10.8
54.9 5.0 27.0 -10.8
54.9 5.0 27.0 -10.8
55.2 6.0 45.0 -10.8
55.2 6.0 45.0 -10.8
55.4 4.0 31.0 -9.6
55.6 6.0 30.0 -9.6
55.8 5.0 29.0 -10.8
55.8 5.0 29.0 -10.8
55.8 5.0 29.0 -10.8
55.8 5.0 29.0 -10.8
55.9 6.0 39.0 -12.0
56.1 3.0 22.0 -9.6
56.1 3.0 22.0 -9.6
56.1 3.0 22.0 -9.6
56.1 3.0 22.0 -9.6
56.1 3.0 22.0 -9.6
56.1 3.0 22.0 -9.6
56.1 3.0 22.0 -9.6
56.3 4.0 23.0 -8.4
56.3 4.0 23.0 -8.4
56.3 4.0 23.0 -8.4
56.3 4.0 23.0 -8.4
56.3 4.0 23.0 -8.4
56.3 4.0 23.0 -8.4
56.5 4.0 23.0 -9.6
56.5 4.0 23.0 -9.6
56.5 4.0 23.0 -9.6
56.6 6.0 42.0 -12.0
56.7 6.0 33.0 -9.6
56.7 6.0 33.0 -9.6
56.7 6.0 33.0 -9.6
57.0 4.0 26.0 -8.4
57.0 4.0 26.0 -8.4
57.0 4.0 26.0 -8.4
57.0 4.0 26.0 -8.4
57.2 4.0 26.0 -9.6
57.8 3.0 22.0 -9.6
57.8 3.0 22.0 -9.6
57.8 6.0 35.0 -9.6
57.8 3.0 22.0 -9.6
57.8 3.0 22.0 -9.6
58.0 5.0 33.0 -9.6
58.1 4.0 25.0 -10.8
58.1 4.0 25.0 -10.8
58.1 4.0 28.0 -9.6
58.1 4.0 25.0 -10.8
58.1 4.0 25.0 -10.8
58.4 5.0 31.0 -9.6
58.4 5.0 31.0 -9.6
58.6 4.0 29.0 -9.6
58.6 4.0 29.0 -9.6
58.6 4.0 29.0 -9.6
58.6 4.0 29.0 -9.6
58.8 8.0 58.0 -13.2
58.8 7.0 45.0 -9.6
59.8 7.0 39.0 -12.0
59.8 7.0 39.0 -12.0
60.5 5.0 32.0 -10.8
60.5 5.0 32.0 -10.8
60.5 5.0 32.0 -10.8
60.5 5.0 32.0 -10.8
60.5 5.0 32.0 -10.8
60.5 7.0 42.0 -12.0
60.7 5.0 32.0 -12.0
61.1 5.0 29.0 -8.4
61.1 5.0 29.0 -8.4
61.1 5.0 29.0 -8.4
61.2 4.0 23.0 -10.8
61.2 4.0 23.0 -10.8
61.2 4.0 23.0 -10.8
61.2 4.0 23.0 -10.8
61.2 4.0 23.0 -10.8
61.2 4.0 23.0 -10.8
61.4 4.0 23.0 -12.0
61.4 4.0 23.0 -12.0
61.4 4.0 23.0 -12.0
61.6 6.0 33.0 -12.0
61.6 6.0 33.0 -12.0
61.7 7.0 43.0 -13.2
61.9 6.0 40.0 -9.6
62.0 6.0 32.0 -12.0
62.1 5.0 27.0 -9.6
62.1 5.0 38.0 -12.0
62.1 5.0 27.0 -9.6
62.1 5.0 27.0 -9.6
62.3 5.0 27.0 -10.8
62.3 5.0 27.0 -10.8
62.5 5.0 36.0 -9.6
62.9 5.0 33.0 -12.0
63.1 6.0 34.0 -10.8
63.1 6.0 34.0 -10.8
63.2 5.0 29.0 -10.8
63.2 5.0 29.0 -10.8
63.2 5.0 29.0 -10.8
63.5 3.0 22.0 -9.6
63.5 3.0 22.0 -9.6
63.5 3.0 22.0 -9.6
63.5 3.0 22.0 -9.6
63.5 3.0 22.0 -9.6
63.5 3.0 22.0 -9.6
63.5 3.0 22.0 -9.6
63.9 5.0 32.0 -10.8
64.9 5.0 29.0 -10.8
65.3 4.0 28.0 -8.4
65.3 4.0 28.0 -8.4
65.4 6.0 43.0 -10.8
65.4 6.0 43.0 -10.8
65.5 4.0 25.0 -10.8
65.5 4.0 28.0 -9.6
65.5 6.0 38.0 -12.0
65.5 4.0 25.0 -10.8
65.5 4.0 25.0 -10.8
65.5 4.0 25.0 -10.8
65.5 4.0 25.0 -10.8
66.3 7.0 34.0 -13.2
66.3 7.0 34.0 -13.2
66.5 6.0 36.0 -13.2
66.8 7.0 45.0 -13.2
66.9 7.0 49.0 -13.2
67.0 5.0 27.0 -12.0
67.0 5.0 27.0 -12.0
67.0 5.0 27.0 -12.0
67.0 5.0 27.0 -12.0
67.0 5.0 27.0 -12.0
67.0 5.0 27.0 -12.0
67.0 5.0 27.0 -12.0
67.0 5.0 27.0 -12.0
67.0 5.0 27.0 -12.0
67.0 5.0 27.0 -12.0
67.2 5.0 27.0 -13.2
67.2 5.0 27.0 -13.2
68.5 6.0 38.0 -12.0
68.5 6.0 38.0 -12.0
68.6 4.0 23.0 -10.8
68.6 4.0 23.0 -10.8
68.6 4.0 23.0 -10.8
68.6 4.0 23.0 -10.8
68.6 4.0 23.0 -10.8
68.6 4.0 23.0 -10.8
69.0 7.0 43.0 -9.6
69.1 5.0 26.0 -13.2
69.3 4.0 26.0 -10.8
69.3 4.0 26.0 -10.8
69.3 4.0 26.0 -10.8
69.3 4.0 26.0 -10.8
69.3 4.0 26.0 -10.8
69.3 4.0 26.0 -10.8
69.3 4.0 26.0 -10.8
69.5 6.0 32.0 -12.0
69.5 4.0 26.0 -12.0
69.5 6.0 35.0 -12.0
69.7 5.0 37.0 -12.0
69.7 5.0 37.0 -12.0
70.0 5.0 29.0 -9.6
70.2 4.0 28.0 -10.8
70.2 4.0 28.0 -10.8
70.2 4.0 28.0 -10.8
70.2 4.0 28.0 -10.8
70.2 4.0 28.0 -10.8
70.2 4.0 28.0 -10.8
70.2 4.0 28.0 -10.8
70.3 5.0 38.0 -12.0
70.3 5.0 38.0 -12.0
70.4 4.0 28.0 -12.0
70.4 4.0 28.0 -12.0
70.4 4.0 28.0 -12.0
70.6 5.0 29.0 -10.8
70.7 7.0 48.0 -13.2
70.9 7.0 50.0 -10.8
70.9 7.0 50.0 -10.8
71.1 5.0 32.0 -9.6
71.1 5.0 32.0 -9.6
71.2 5.0 35.0 -12.0
71.2 5.0 35.0 -12.0
71.3 7.0 42.0 -13.2
72.0 6.0 32.0 -10.8
72.1 6.0 39.0 -10.8
72.3 6.0 41.0 -13.2
72.8 6.0 33.0 -10.8
72.9 4.0 25.0 -10.8
72.9 6.0 38.0 -12.0
72.9 4.0 25.0 -10.8
73.2 5.0 31.0 -10.8
73.4 5.0 29.0 -10.8
73.4 5.0 29.0 -10.8
73.4 5.0 29.0 -10.8
73.5 6.0 37.0 -12.0
73.7 7.0 34.0 -13.2
74.2 7.0 39.0 -14.4
74.2 7.0 39.0 -14.4
74.2 7.0 39.0 -14.4
74.4 5.0 27.0 -12.0
74.4 5.0 27.0 -12.0
74.4 5.0 27.0 -12.0
74.4 5.0 27.0 -12.0
74.4 5.0 27.0 -12.0
74.4 5.0 27.0 -12.0
74.6 6.0 38.0 -12.0
74.6 7.0 36.0 -13.2
74.6 5.0 27.0 -13.2
74.6 5.0 27.0 -13.2
74.6 5.0 27.0 -13.2
74.6 5.0 27.0 -13.2
74.7 8.0 54.0 -12.0
74.8 5.0 36.0 -12.0
74.9 6.0 30.0 -14.4
74.9 5.0 29.0 -12.0
74.9 6.0 30.0 -14.4
74.9 6.0 30.0 -14.4
75.1 4.0 31.0 -12.0
75.1 6.0 30.0 -10.8
75.1 4.0 31.0 -12.0
75.1 4.0 31.0 -12.0
75.3 6.0 30.0 -12.0
75.4 7.0 51.0 -13.2
75.4 6.0 34.0 -13.2
75.5 5.0 29.0 -13.2
75.8 3.0 22.0 -12.0
75.8 3.0 22.0 -12.0
75.8 3.0 22.0 -12.0
76.0 5.0 32.0 -12.0
76.0 4.0 23.0 -10.8
76.2 5.0 32.0 -13.2
76.5 5.0 26.0 -13.2
76.5 5.0 26.0 -13.2
76.6 5.0 29.0 -12.0
76.6 5.0 29.0 -12.0
76.6 5.0 29.0 -12.0
76.8 5.0 30.0 -10.8
77.0 6.0 39.0 -13.2
77.3 8.0 50.0 -13.2
77.4 6.0 39.0 -12.0
77.5 5.0 33.0 -10.8
77.6 4.0 28.0 -10.8
77.7 6.0 33.0 -13.2
77.7 6.0 33.0 -13.2
77.7 6.0 33.0 -13.2
77.8 4.0 25.0 -13.2
77.8 4.0 25.0 -13.2
77.8 4.0 25.0 -13.2
77.9 10.0 68.0 -15.6
78.1 5.0 31.0 -13.2
78.2 8.0 50.0 -13.2
78.3 6.0 32.0 -12.0
78.3 6.0 32.0 -12.0
78.3 6.0 32.0 -12.0
78.4 6.0 37.0 -12.0
78.5 9.0 70.0 -15.6
78.6 4.0 25.0 -10.8
78.7 7.0 42.0 -13.2
78.9 7.0 43.0 -15.6
79.0 6.0 38.0 -13.2
79.3 7.0 41.0 -13.2
79.6 7.0 44.0 -13.2
79.7 5.0 29.0 -13.2
79.8 6.0 45.0 -12.0
80.0 6.0 30.0 -13.2
80.0 6.0 30.0 -13.2
80.0 6.0 30.0 -13.2
80.0 6.0 30.0 -13.2
80.0 6.0 30.0 -13.2
80.5 9.0 50.0 -15.6
80.5 7.0 46.0 -12.0
80.6 7.0 41.0 -13.2
80.9 4.0 23.0 -13.2
80.9 4.0 23.0 -13.2
80.9 4.0 23.0 -13.2
80.9 4.0 23.0 -13.2
81.0 7.0 37.0 -14.4
81.0 6.0 39.0 -13.2
81.0 6.0 39.0 -13.2
81.0 8.0 55.0 -14.4
81.3 6.0 33.0 -14.4
81.4 7.0 53.0 -14.4
81.5 6.0 32.0 -13.2
81.6 4.0 26.0 -13.2
81.6 4.0 26.0 -13.2
81.8 5.0 27.0 -12.0
81.8 5.0 27.0 -12.0
82.5 6.0 39.0 -13.2
82.6 6.0 34.0 -12.0
82.8 7.0 34.0 -14.4
82.8 5.0 34.0 -13.2
82.9 5.0 29.0 -13.2
82.9 9.0 56.0 -15.6
83.0 6.0 39.0 -14.4
83.0 7.0 33.0 -13.2
83.1 8.0 58.0 -14.4
83.2 3.0 22.0 -12.0
83.2 3.0 22.0 -12.0
83.2 3.0 22.0 -12.0
83.2 3.0 22.0 -12.0
83.2 3.0 22.0 -12.0
83.2 3.0 22.0 -12.0
83.4 5.0 32.0 -12.0
83.4 5.0 32.0 -12.0
83.4 5.0 32.0 -12.0
83.4 5.0 32.0 -12.0
83.5 4.0 25.0 -13.2
83.6 5.0 32.0 -13.2
83.7 6.0 42.0 -14.4
84.0 4.0 29.0 -12.0
84.3 8.0 45.0 -14.4
84.8 7.0 36.0 -13.2
85.0 4.0 28.0 -10.8
85.0 4.0 28.0 -10.8
85.2 4.0 25.0 -13.2
85.4 7.0 51.0 -14.4
85.6 7.0 49.0 -13.2
85.7 5.0 29.0 -13.2
85.7 6.0 41.0 -13.2
85.8 7.0 34.0 -14.4
86.0 7.0 34.0 -15.6
86.0 5.0 32.0 -13.2
86.3 7.0 43.0 -15.6
86.6 9.0 64.0 -16.8
86.6 8.0 45.0 -14.4
86.7 5.0 27.0 -14.4
86.7 7.0 48.0 -14.4
86.7 9.0 55.0 -15.6
86.7 5.0 27.0 -14.4
86.7 5.0 27.0 -14.4
86.7 5.0 27.0 -14.4
86.8 8.0 45.0 -15.6
87.1 5.0 29.0 -13.2
87.2 7.0 48.0 -15.6
87.2 8.0 57.0 -15.6
87.4 6.0 30.0 -13.2
87.4 6.0 30.0 -13.2
87.5 6.0 34.0 -14.4
87.5 5.0 38.0 -14.4
87.5 7.0 47.0 -12.0
87.5 6.0 34.0 -14.4
87.6 7.0 43.0 -13.2
87.6 6.0 30.0 -14.4
88.3 7.0 46.0 -13.2
88.6 7.0 36.0 -15.6
88.6 7.0 36.0 -15.6
88.6 5.0 26.0 -14.4
88.7 8.0 56.0 -15.6
89.0 4.0 26.0 -13.2
89.1 5.0 30.0 -13.2
89.2 5.0 37.0 -13.2
89.2 7.0 36.0 -12.0
89.2 5.0 37.0 -13.2
89.3 5.0 29.0 -14.4
89.5 5.0 29.0 -15.6
89.7 5.0 29.0 -12.0
89.9 4.0 28.0 -13.2
89.9 6.0 39.0 -13.2
89.9 8.0 56.0 -14.4
89.9 4.0 28.0 -13.2
90.1 5.0 29.0 -12.0
90.2 10.0 71.0 -16.8
90.3 6.0 36.0 -15.6
90.4 11.0 67.0 -18.0
90.7 6.0 30.0 -15.6
90.8 5.0 32.0 -12.0
90.8 7.0 45.0 -14.4
90.8 6.0 45.0 -14.4
90.9 5.0 26.0 -13.2
90.9 4.0 25.0 -13.2
91.1 9.0 55.0 -15.6
91.4 5.0 29.0 -13.2
91.5 8.0 50.0 -15.6
91.5 6.0 46.0 -14.4
91.6 8.0 40.0 -13.2
91.7 8.0 56.0 -14.4
92.0 8.0 39.0 -13.2
92.3 6.0 33.0 -12.0
92.3 6.0 33.0 -12.0
92.5 9.0 57.0 -16.8
92.5 6.0 33.0 -13.2
93.1 6.0 41.0 -13.2
93.1 5.0 29.0 -13.2
93.2 7.0 41.0 -13.2
93.2 7.0 34.0 -14.4
93.3 5.0 29.0 -13.2
93.7 8.0 37.0 -16.8
93.7 7.0 39.0 -15.6
93.9 7.0 48.0 -13.2
93.9 7.0 39.0 -16.8
93.9 7.0 39.0 -16.8
93.9 7.0 39.0 -16.8
94.1 7.0 51.0 -14.4
94.1 7.0 51.0 -14.4
94.1 5.0 27.0 -14.4
94.1 5.0 27.0 -14.4
94.1 5.0 27.0 -14.4
94.1 5.0 27.0 -14.4
94.1 7.0 36.0 -14.4
94.3 6.0 30.0 -12.0
94.3 6.0 30.0 -12.0
94.4 6.0 30.0 -15.6
94.4 6.0 30.0 -15.6
94.4 6.0 30.0 -15.6
94.4 6.0 30.0 -15.6
94.6 6.0 30.0 -16.8
94.6 5.0 29.0 -14.4
94.6 7.0 45.0 -15.6
94.6 7.0 45.0 -15.6
94.6 6.0 30.0 -16.8
94.9 6.0 34.0 -14.4
95.2 8.0 39.0 -16.8
95.5 9.0 65.0 -15.6
95.6 7.0 37.0 -13.2
95.6 5.0 29.0 -12.0
95.7 5.0 32.0 -14.4
95.8 9.0 49.0 -15.6
96.0 5.0 26.0 -14.4
96.0 5.0 26.0 -14.4
96.0 7.0 36.0 -15.6
96.1 7.0 44.0 -15.6
96.5 6.0 30.0 -14.4
96.7 5.0 29.0 -14.4
97.1 8.0 39.0 -14.4
97.3 4.0 28.0 -13.2
97.3 4.0 28.0 -13.2
97.4 7.0 43.0 -15.6
97.4 7.0 39.0 -15.6
97.5 8.0 54.0 -15.6
98.0 8.0 58.0 -16.8
98.0 8.0 58.0 -16.8
98.0 10.0 59.0 -16.8
98.1 6.0 30.0 -15.6
98.1 6.0 30.0 -15.6
98.1 7.0 42.0 -15.6
98.2 9.0 61.0 -18.0
98.4 8.0 41.0 -15.6
98.8 7.0 41.0 -14.4
98.9 8.0 50.0 -15.6
99.2 6.0 44.0 -13.2
99.3 7.0 44.0 -15.6
99.4 5.0 29.0 -15.6
99.5 10.0 59.0 -18.0
99.7 7.0 47.0 -15.6
99.7 6.0 35.0 -15.6
99.7 10.0 58.0 -16.8
99.9 6.0 33.0 -14.4
100.1 10.0 59.0 -15.6
100.2 5.0 29.0 -13.2
100.2 6.0 37.0 -16.8
100.2 5.0 36.0 -14.4
100.4 8.0 49.0 -16.8
100.5 7.0 41.0 -15.6
100.6 9.0 57.0 -15.6
100.6 11.0 62.0 -15.6
100.8 9.0 59.0 -16.8
100.9 6.0 44.0 -15.6
101.2 7.0 40.0 -15.6
101.5 9.0 52.0 -16.8
101.5 9.0 52.0 -16.8
101.7 7.0 54.0 -16.8
101.8 8.0 43.0 -16.8
101.8 7.0 36.0 -14.4
102.0 8.0 51.0 -15.6
102.1 8.0 43.0 -14.4
102.3 7.0 34.0 -15.6
102.4 5.0 29.0 -14.4
102.4 9.0 61.0 -16.8
102.5 6.0 39.0 -15.6
102.7 7.0 42.0 -15.6
102.8 7.0 42.0 -16.8
102.9 9.0 53.0 -16.8
103.2 4.0 25.0 -15.6
103.2 4.0 25.0 -15.6
103.2 4.0 25.0 -15.6
103.2 4.0 25.0 -15.6
103.2 4.0 25.0 -15.6
103.7 7.0 45.0 -18.0
103.8 8.0 49.0 -18.0
103.9 6.0 39.0 -14.4
103.9 6.0 39.0 -14.4
103.9 7.0 34.0 -16.8
103.9 5.0 29.0 -15.6
104.3 11.0 65.0 -19.2
104.5 6.0 35.0 -13.2
104.5 10.0 61.0 -15.6
104.6 6.0 33.0 -14.4
104.9 6.0 36.0 -14.4
105.0 9.0 43.0 -14.4
105.1 5.0 29.0 -15.6
105.1 5.0 29.0 -15.6
105.1 5.0 29.0 -15.6
105.1 6.0 30.0 -15.6
105.2 5.0 31.0 -15.6
105.3 6.0 37.0 -15.6
105.3 6.0 37.0 -15.6
105.4 6.0 41.0 -15.6
105.5 9.0 55.0 -16.8
105.5 9.0 55.0 -16.8
105.6 7.0 37.0 -14.4
105.6 9.0 59.0 -18.0
105.6 7.0 40.0 -15.6
105.8 7.0 43.0 -16.8
106.0 6.0 40.0 -15.6
106.1 7.0 44.0 -13.2
106.1 11.0 74.0 -19.2
106.2 5.0 29.0 -13.2
106.3 8.0 45.0 -16.8
106.4 7.0 37.0 -15.6
106.7 7.0 48.0 -16.8
106.7 9.0 58.0 -16.8
106.7 9.0 58.0 -16.8
107.4 7.0 48.0 -16.8
107.4 7.0 33.0 -16.8
107.4 7.0 33.0 -16.8
107.4 8.0 45.0 -16.8
107.6 6.0 35.0 -16.8
107.8 6.0 33.0 -15.6
107.8 6.0 33.0 -15.6
107.9 7.0 42.0 -18.0
108.2 10.0 61.0 -16.8
108.3 5.0 26.0 -16.8
108.3 5.0 26.0 -16.8
108.3 5.0 26.0 -16.8
108.3 5.0 26.0 -16.8
108.7 7.0 36.0 -18.0
108.8 7.0 45.0 -16.8
108.8 7.0 45.0 -16.8
109.0 5.0 29.0 -16.8
109.1 7.0 39.0 -13.2
109.1 6.0 33.0 -16.8
109.2 7.0 45.0 -16.8
109.2 6.0 30.0 -15.6
109.2 6.0 30.0 -15.6
109.3 6.0 35.0 -15.6
109.3 7.0 42.0 -15.6
109.3 7.0 42.0 -15.6
109.5 9.0 51.0 -16.8
109.7 7.0 34.0 -15.6
109.8 6.0 33.0 -14.4
109.9 7.0 34.0 -16.8
110.1 6.0 32.0 -15.6
110.1 7.0 43.0 -15.6
110.2 10.0 59.0 -18.0
110.2 6.0 30.0 -16.8
110.2 7.0 36.0 -15.6
110.4 6.0 30.0 -18.0
110.5 6.0 30.0 -14.4
110.5 7.0 42.0 -16.8
110.9 8.0 53.0 -16.8
111.1 5.0 29.0 -15.6
111.1 5.0 29.0 -15.6
111.1 5.0 29.0 -15.6
111.6 9.0 55.0 -18.0
112.1 8.0 49.0 -18.0
112.1 10.0 63.0 -16.8
112.1 10.0 63.0 -16.8
112.4 10.0 56.0 -19.2
112.6 9.0 59.0 -19.2
112.8 7.0 40.0 -14.4
112.9 7.0 40.0 -15.6
113.0 9.0 50.0 -18.0
113.2 8.0 37.0 -18.0
113.2 8.0 37.0 -18.0
113.3 8.0 49.0 -19.2
113.7 9.0 61.0 -15.6
113.8 9.0 49.0 -18.0
114.0 7.0 41.0 -16.8
114.1 6.0 30.0 -18.0
114.2 9.0 48.0 -19.2
114.6 8.0 48.0 -19.2
114.8 9.0 63.0 -16.8
114.8 9.0 63.0 -16.8
114.9 7.0 37.0 -18.0
115.0 8.0 49.0 -18.0
115.0 8.0 49.0 -18.0
115.4 6.0 30.0 -16.8
115.5 9.0 50.0 -16.8
115.5 8.0 43.0 -19.2
115.6 9.0 54.0 -18.0
115.7 5.0 26.0 -16.8
115.7 5.0 26.0 -16.8
115.7 5.0 26.0 -16.8
115.7 5.0 26.0 -16.8
115.7 5.0 26.0 -16.8
115.9 8.0 47.0 -18.0
116.0 7.0 34.0 -18.0
116.0 7.0 34.0 -18.0
116.0 7.0 34.0 -18.0
116.1 6.0 33.0 -16.8
116.2 8.0 46.0 -19.2
116.3 9.0 52.0 -16.8
116.5 8.0 42.0 -18.0
116.5 6.0 33.0 -16.8
116.8 8.0 42.0 -19.2
116.9 8.0 48.0 -18.0
116.9 6.0 33.0 -16.8
117.1 7.0 34.0 -15.6
117.1 7.0 45.0 -14.4
117.2 7.0 38.0 -18.0
117.3 5.0 31.0 -16.8
117.3 5.0 31.0 -16.8
117.3 5.0 31.0 -16.8
117.4 8.0 49.0 -18.0
117.9 8.0 41.0 -15.6
118.3 6.0 33.0 -16.8
118.4 9.0 56.0 -18.0
118.5 9.0 50.0 -16.8
118.7 5.0 29.0 -15.6
118.9 9.0 53.0 -19.2
119.1 7.0 41.0 -18.0
119.2 8.0 49.0 -18.0
119.4 6.0 35.0 -18.0
119.7 9.0 52.0 -20.4
119.8 12.0 72.0 -20.4
120.1 7.0 37.0 -18.0
120.1 7.0 37.0 -18.0
120.1 7.0 37.0 -18.0
120.4 9.0 51.0 -18.0
121.0 7.0 45.0 -18.0
121.2 6.0 36.0 -15.6
121.4 7.0 39.0 -15.6
121.5 6.0 30.0 -18.0
121.5 6.0 30.0 -18.0
121.5 6.0 30.0 -18.0
121.7 8.0 38.0 -15.6
122.1 9.0 57.0 -16.8
122.1 11.0 59.0 -19.2
122.4 6.0 32.0 -18.0
122.5 9.0 52.0 -20.4
122.8 9.0 57.0 -19.2
122.9 12.0 67.0 -20.4
123.0 6.0 35.0 -14.4
123.1 6.0 35.0 -18.0
123.1 9.0 51.0 -19.2
123.1 6.0 35.0 -18.0
123.1 7.0 39.0 -16.8
123.4 7.0 34.0 -18.0
123.4 7.0 34.0 -18.0
123.6 7.0 34.0 -19.2
123.6 8.0 45.0 -18.0
123.6 8.0 48.0 -18.0
123.9 9.0 51.0 -19.2
124.0 10.0 49.0 -19.2
124.3 8.0 42.0 -16.8
124.3 6.0 33.0 -16.8
124.7 7.0 34.0 -18.0
124.7 6.0 32.0 -16.8
124.9 9.0 56.0 -19.2
125.0 7.0 39.0 -18.0
125.0 6.0 30.0 -16.8
125.8 8.0 51.0 -15.6
125.8 8.0 51.0 -15.6
125.8 8.0 46.0 -20.4
126.1 6.0 30.0 -15.6
126.2 12.0 64.0 -20.4
126.3 6.0 30.0 -16.8
126.8 9.0 49.0 -19.2
127.1 7.0 33.0 -19.2
127.8 11.0 73.0 -20.4
127.8 7.0 36.0 -19.2
128.3 8.0 46.0 -20.4
128.3 11.0 73.0 -22.8
128.3 8.0 46.0 -20.4
128.3 8.0 46.0 -20.4
128.5 8.0 42.0 -18.0
128.8 10.0 59.0 -21.6
129.4 6.0 32.0 -18.0
129.5 8.0 54.0 -18.0
129.6 7.0 34.0 -18.0
129.8 5.0 29.0 -16.8
130.0 6.0 30.0 -15.6
130.0 10.0 58.0 -19.2
130.3 7.0 40.0 -16.8
130.5 8.0 39.0 -19.2
131.0 10.0 58.0 -21.6
131.9 7.0 34.0 -16.8
132.5 10.0 53.0 -21.6
132.6 7.0 39.0 -19.2
132.8 8.0 49.0 -20.4
132.8 10.0 62.0 -20.4
133.2 10.0 59.0 -20.4
133.3 5.0 29.0 -16.8
133.3 9.0 55.0 -19.2
133.6 10.0 58.0 -21.6
133.6 9.0 52.0 -18.0
134.0 8.0 45.0 -19.2
134.1 8.0 51.0 -20.4
134.8 9.0 53.0 -20.4
134.9 6.0 30.0 -18.0
135.0 7.0 40.0 -15.6
135.2 6.0 33.0 -16.8
135.4 7.0 34.0 -15.6
135.6 7.0 34.0 -16.8
135.7 7.0 34.0 -20.4
135.7 8.0 46.0 -20.4
136.0 7.0 35.0 -19.2
136.0 7.0 34.0 -18.0
136.5 9.0 51.0 -16.8
136.5 8.0 42.0 -21.6
136.5 8.0 42.0 -21.6
136.5 8.0 42.0 -21.6
136.6 8.0 37.0 -20.4
136.7 9.0 42.0 -20.4
136.8 8.0 41.0 -18.0
137.1 10.0 51.0 -21.6
137.2 9.0 43.0 -19.2
137.6 9.0 51.0 -19.2
137.6 10.0 61.0 -19.2
138.0 12.0 66.0 -24.0
138.1 7.0 36.0 -19.2
138.2 7.0 44.0 -19.2
138.3 12.0 67.0 -21.6
138.5 8.0 48.0 -19.2
138.6 8.0 42.0 -19.2
138.6 8.0 40.0 -18.0
139.2 8.0 41.0 -20.4
139.2 8.0 41.0 -20.4
139.6 8.0 43.0 -18.0
139.9 7.0 40.0 -18.0
139.9 8.0 42.0 -19.2
139.9 12.0 64.0 -22.8
140.0 9.0 41.0 -20.4
140.0 9.0 41.0 -20.4
140.7 7.0 34.0 -19.2
140.7 5.0 29.0 -16.8
141.3 7.0 38.0 -16.8
141.3 7.0 38.0 -16.8
141.4 10.0 56.0 -22.8
141.4 10.0 55.0 -21.6
141.8 9.0 46.0 -20.4
142.0 9.0 55.0 -20.4
142.4 12.0 65.0 -24.0
142.4 8.0 37.0 -19.2
142.6 8.0 37.0 -19.2
142.8 9.0 50.0 -20.4
143.3 9.0 43.0 -21.6
143.6 8.0 48.0 -20.4
143.7 8.0 50.0 -18.0
143.7 8.0 50.0 -18.0
144.0 7.0 36.0 -20.4
144.0 9.0 46.0 -21.6
144.3 7.0 37.0 -19.2
144.4 8.0 43.0 -20.4
144.6 10.0 53.0 -22.8
145.0 8.0 41.0 -19.2
145.0 7.0 39.0 -18.0
145.0 7.0 39.0 -18.0
145.5 7.0 37.0 -20.4
145.8 6.0 30.0 -18.0
146.3 9.0 44.0 -20.4
146.3 8.0 44.0 -20.4
146.4 9.0 49.0 -20.4
146.7 11.0 57.0 -24.0
146.8 10.0 54.0 -18.0
147.1 7.0 42.0 -19.2
148.5 13.0 69.0 -22.8
148.8 9.0 51.0 -21.6
148.8 9.0 51.0 -21.6
149.0 8.0 46.0 -21.6
149.3 7.0 34.0 -20.4
149.3 9.0 47.0 -18.0
149.4 9.0 52.0 -20.4
149.9 8.0 40.0 -18.0
150.0 8.0 49.0 -21.6
150.1 8.0 41.0 -20.4
150.1 8.0 41.0 -20.4
150.2 8.0 39.0 -21.6
150.2 10.0 54.0 -22.8
151.6 7.0 34.0 -18.0
151.7 10.0 51.0 -22.8
152.5 11.0 52.0 -22.8
152.5 9.0 42.0 -21.6
153.3 12.0 73.0 -24.0
153.3 12.0 73.0 -24.0
153.4 9.0 45.0 -22.8
153.5 12.0 53.0 -22.8
153.5 11.0 75.0 -24.0
153.5 8.0 43.0 -18.0
153.6 8.0 45.0 -19.2
153.9 8.0 37.0 -21.6
154.4 12.0 70.0 -22.8
154.5 11.0 67.0 -24.0
154.6 6.0 30.0 -20.4
154.6 6.0 30.0 -20.4
154.7 9.0 44.0 -21.6
155.1 11.0 69.0 -24.0
155.3 11.0 53.0 -21.6
155.5 7.0 34.0 -19.2
155.9 13.0 67.0 -24.0
156.0 9.0 43.0 -22.8
156.0 10.0 55.0 -22.8
156.4 9.0 42.0 -22.8
157.1 10.0 45.0 -21.6
157.3 7.0 39.0 -20.4
157.4 8.0 43.0 -20.4
157.6 8.0 38.0 -20.4
158.2 8.0 49.0 -20.4
158.6 8.0 38.0 -20.4
158.7 9.0 43.0 -21.6
158.7 10.0 50.0 -20.4
158.9 9.0 46.0 -19.2
159.2 8.0 44.0 -21.6
159.6 9.0 53.0 -22.8
159.6 8.0 48.0 -21.6
159.9 11.0 52.0 -22.8
160.3 10.0 57.0 -24.0
160.4 7.0 34.0 -21.6
161.1 10.0 63.0 -22.8
161.4 12.0 65.0 -25.2
162.0 11.0 62.0 -22.8
162.3 11.0 66.0 -20.4
162.7 8.0 43.0 -20.4
162.7 8.0 42.0 -20.4
162.7 9.0 52.0 -22.8
163.4 8.0 40.0 -21.6
163.6 6.0 35.0 -20.4
163.9 7.0 34.0 -20.4
163.9 8.0 46.0 -20.4
164.0 13.0 76.0 -25.2
164.6 9.0 49.0 -19.2
164.7 10.0 51.0 -22.8
164.7 9.0 44.0 -22.8
165.0 7.0 36.0 -20.4
165.0 7.0 36.0 -20.4
165.4 9.0 44.0 -20.4
165.8 7.0 37.0 -21.6
165.8 8.0 43.0 -20.4
166.1 10.0 59.0 -21.6
166.4 8.0 48.0 -19.2
166.8 15.0 95.0 -27.6
167.0 8.0 49.0 -22.8
167.1 8.0 41.0 -22.8
168.3 12.0 53.0 -22.8
168.3 13.0 73.0 -26.4
168.4 9.0 50.0 -22.8
169.1 13.0 76.0 -26.4
169.6 13.0 78.0 -24.0
169.7 8.0 38.0 -21.6
169.7 8.0 38.0 -21.6
169.9 8.0 38.0 -22.8
170.1 10.0 48.0 -24.0
170.6 8.0 40.0 -21.6
170.9 8.0 51.0 -21.6
171.0 10.0 55.0 -20.4
171.2 11.0 51.0 -22.8
172.1 8.0 41.0 -21.6
172.6 11.0 52.0 -25.2
173.3 13.0 80.0 -27.6
173.4 8.0 37.0 -22.8
174.3 9.0 44.0 -22.8
176.1 7.0 36.0 -21.6
176.1 7.0 36.0 -21.6
176.2 7.0 34.0 -22.8
176.2 7.0 34.0 -22.8
176.4 9.0 44.0 -22.8
176.9 7.0 37.0 -22.8
176.9 8.0 49.0 -22.8
177.0 8.0 41.0 -22.8
178.0 10.0 46.0 -25.2
178.3 11.0 54.0 -24.0
178.6 15.0 78.0 -25.2
179.0 12.0 64.0 -26.4
179.4 10.0 45.0 -24.0
180.0 10.0 48.0 -24.0
180.3 7.0 39.0 -20.4
181.6 9.0 44.0 -22.8
181.9 8.0 40.0 -22.8
182.2 12.0 63.0 -24.0
182.5 15.0 77.0 -25.2
183.5 12.0 59.0 -25.2
183.6 7.0 34.0 -22.8
184.1 10.0 52.0 -21.6
184.2 9.0 49.0 -24.0
184.2 9.0 43.0 -22.8
184.8 9.0 42.0 -24.0
184.9 10.0 57.0 -25.2
185.4 10.0 46.0 -25.2
185.5 13.0 79.0 -26.4
186.3 9.0 44.0 -20.4
188.0 11.0 65.0 -25.2
188.0 11.0 65.0 -25.2
188.2 13.0 81.0 -26.4
188.7 10.0 45.0 -25.2
189.4 8.0 38.0 -24.0
190.3 8.0 40.0 -24.0
191.1 9.0 53.0 -25.2
191.6 9.0 43.0 -22.8
191.8 10.0 45.0 -22.8
192.1 9.0 51.0 -24.0
192.5 9.0 51.0 -24.0
192.8 10.0 45.0 -24.0
192.9 10.0 47.0 -24.0
193.2 11.0 54.0 -26.4
193.7 10.0 48.0 -25.2
193.8 9.0 47.0 -24.0
193.9 10.0 46.0 -22.8
194.9 14.0 84.0 -28.8
195.0 9.0 41.0 -25.2
195.7 9.0 48.0 -22.8
196.1 9.0 44.0 -25.2
196.8 10.0 47.0 -24.0
197.2 13.0 60.0 -26.4
197.4 11.0 58.0 -27.6
198.2 13.0 69.0 -27.6
198.4 11.0 57.0 -25.2
198.8 11.0 49.0 -26.4
200.0 14.0 68.0 -27.6
200.8 10.0 45.0 -26.4
203.1 9.0 44.0 -25.2
204.1 13.0 68.0 -26.4
204.1 13.0 68.0 -26.4
204.4 12.0 56.0 -26.4
204.8 11.0 50.0 -27.6
210.7 12.0 62.0 -28.8
211.0 10.0 48.0 -26.4
211.3 13.0 63.0 -27.6
211.6 11.0 63.0 -27.6
212.0 14.0 68.0 -28.8
212.7 14.0 74.0 -28.8
212.9 11.0 52.0 -26.4
213.0 13.0 62.0 -27.6
213.3 11.0 52.0 -26.4
214.3 12.0 60.0 -27.6
214.8 11.0 63.0 -27.6
215.2 14.0 65.0 -30.0
218.5 9.0 49.0 -26.4
218.5 10.0 46.0 -27.6
218.5 10.0 46.0 -27.6
218.5 10.0 46.0 -27.6
218.7 10.0 52.0 -26.4
219.8 12.0 66.0 -27.6
220.8 9.0 45.0 -26.4
220.9 12.0 53.0 -26.4
221.3 12.0 59.0 -27.6
223.0 12.0 55.0 -28.8
224.3 11.0 50.0 -28.8
226.3 12.0 56.0 -28.8
228.9 12.0 53.0 -28.8
230.6 13.0 63.0 -28.8
232.6 11.0 52.0 -28.8
232.6 11.0 52.0 -28.8
234.0 11.0 51.0 -27.6
234.3 13.0 63.0 -27.6
240.1 15.0 69.0 -31.2
245.8 13.0 68.0 -30.0
246.2 12.0 55.0 -30.0
257.8 15.0 69.0 -32.4
260.5 17.0 91.0 -32.4
262.6 14.0 70.0 -32.4
262.8 14.0 68.0 -32.4
268.9 15.0 69.0 -33.6
271.6 17.0 91.0 -33.6
278.8 17.0 84.0 -36.0
279.4 15.0 76.0 -33.6
285.4 15.0 72.0 -34.8
