25.8 3.0 22.0 -4.8
25.8 3.0 22.0 -4.8
25.8 3.0 22.0 -4.8
25.8 3.0 22.0 -4.8
30.0 4.0 31.0 -7.2
30.0 4.0 31.0 -7.2
30.0 4.0 31.0 -7.2
30.7 3.0 22.0 -7.2
30.7 3.0 22.0 -7.2
30.7 3.0 22.0 -7.2
30.7 3.0 22.0 -7.2
30.7 3.0 22.0 -7.2
30.7 3.0 22.0 -7.2
30.7 3.0 22.0 -7.2
30.7 3.0 22.0 -7.2
30.7 3.0 22.0 -7.2
30.7 3.0 22.0 -7.2
30.7 3.0 22.0 -7.2
37.5 4.0 26.0 -7.2
38.1 3.0 22.0 -7.2
38.1 3.0 22.0 -7.2
40.0 5.0 38.0 -7.2
40.0 5.0 38.0 -7.2
41.0 5.0 32.0 -9.6
41.7 4.0 23.0 -9.6
41.7 4.0 23.0 -9.6
41.7 4.0 23.0 -9.6
41.7 4.0 23.0 -9.6
41.7 4.0 23.0 -9.6
41.7 4.0 23.0 -9.6
42.2 5.0 37.0 -7.2
42.2 5.0 37.0 -7.2
42.2 5.0 37.0 -7.2
42.4 4.0 26.0 -9.6
42.4 4.0 26.0 -9.6
42.4 4.0 26.0 -9.6
42.4 4.0 26.0 -9.6
42.4 4.0 26.0 -9.6
42.4 4.0 26.0 -9.6
42.6 5.0 27.0 -8.4
44.6 5.0 29.0 -7.2
44.9 5.0 38.0 -9.6
44.9 5.0 38.0 -9.6
44.9 5.0 38.0 -9.6
45.5 3.0 22.0 -7.2
45.5 3.0 22.0 -7.2
45.5 3.0 22.0 -7.2
45.5 3.0 22.0 -7.2
45.5 3.0 22.0 -7.2
45.5 3.0 22.0 -7.2
45.5 3.0 22.0 -7.2
45.5 3.0 22.0 -7.2
45.5 3.0 22.0 -7.2
45.5 3.0 22.0 -7.2
45.8 4.0 28.0 -7.2
45.8 4.0 28.0 -7.2
45.8 4.0 28.0 -7.2
45.8 4.0 28.0 -7.2
46.1 5.0 31.0 -7.2
46.3 4.0 29.0 -7.2
46.3 4.0 29.0 -7.2
46.8 6.0 36.0 -10.8
46.8 6.0 36.0 -10.8
46.8 6.0 36.0 -10.8
47.5 5.0 27.0 -10.8
47.5 5.0 27.0 -10.8
47.5 5.0 27.0 -10.8
49.1 4.0 23.0 -9.6
49.5 5.0 29.0 -9.6
49.5 5.0 29.0 -9.6
49.5 5.0 29.0 -9.6
49.5 5.0 29.0 -9.6
49.7 4.0 31.0 -9.6
49.8 4.0 26.0 -9.6
49.8 4.0 26.0 -9.6
50.2 5.0 36.0 -7.2
50.4 3.0 22.0 -9.6
50.4 3.0 22.0 -9.6
50.4 3.0 22.0 -9.6
50.4 3.0 22.0 -9.6
50.4 3.0 22.0 -9.6
50.4 3.0 22.0 -9.6
50.4 3.0 22.0 -9.6
50.4 3.0 22.0 -9.6
50.4 3.0 22.0 -9.6
50.4 3.0 22.0 -9.6
50.4 3.0 22.0 -9.6
50.5 5.0 38.0 -9.6
50.7 4.0 28.0 -9.6
50.7 4.0 28.0 -9.6
50.7 4.0 28.0 -9.6
50.7 4.0 28.0 -9.6
50.9 5.0 29.0 -8.4
51.0 5.0 31.0 -9.6
51.0 5.0 31.0 -9.6
51.0 5.0 31.0 -9.6
51.0 5.0 31.0 -9.6
51.2 3.0 22.0 -7.2
51.2 3.0 22.0 -7.2
51.7 6.0 42.0 -9.6
53.1 6.0 43.0 -8.4
53.2 4.0 25.0 -8.4
53.2 4.0 25.0 -8.4
53.2 4.0 25.0 -8.4
54.5 5.0 37.0 -9.6
54.5 5.0 37.0 -9.6
54.9 5.0 27.0 -10.8
54.9 5.0 27.0 -10.8
54.9 5.0 27.0 -10.8
55.1 6.0 38.0 -10.8
55.2 7.0 48.0 -12.0
55.4 4.0 31.0 -9.6
55.4 4.0 31.0 -9.6
55.4 4.0 31.0 -9.6
55.4 4.0 31.0 -9.6
55.4 4.0 31.0 -9.6
55.6 6.0 30.0 -9.6
55.6 6.0 30.0 -9.6
55.8 5.0 29.0 -10.8
55.8 5.0 29.0 -10.8
55.8 5.0 29.0 -10.8
55.9 6.0 39.0 -12.0
55.9 6.0 39.0 -12.0
55.9 6.0 39.0 -12.0
56.1 3.0 22.0 -9.6
56.1 3.0 22.0 -9.6
56.1 3.0 22.0 -9.6
56.1 3.0 22.0 -9.6
56.1 3.0 22.0 -9.6
56.1 3.0 22.0 -9.6
56.1 3.0 22.0 -9.6
56.3 4.0 23.0 -8.4
56.5 4.0 23.0 -9.6
56.5 5.0 32.0 -10.8
57.0 4.0 26.0 -8.4
57.0 4.0 26.0 -8.4
57.1 6.0 32.0 -9.6
57.2 5.0 38.0 -9.6
57.3 5.0 30.0 -9.6
57.8 3.0 22.0 -9.6
57.8 3.0 22.0 -9.6
58.0 5.0 33.0 -9.6
58.1 4.0 25.0 -10.8
58.1 4.0 25.0 -10.8
58.1 4.0 25.0 -10.8
58.6 4.0 29.0 -9.6
58.6 4.0 29.0 -9.6
59.7 5.0 38.0 -9.6
60.5 6.0 30.0 -12.0
61.2 6.0 30.0 -12.0
61.2 4.0 23.0 -10.8
61.2 4.0 23.0 -10.8
61.2 4.0 23.0 -10.8
61.2 4.0 23.0 -10.8
61.2 4.0 23.0 -10.8
61.2 6.0 33.0 -12.0
61.2 4.0 23.0 -10.8
61.2 4.0 23.0 -10.8
61.2 4.0 23.0 -10.8
61.2 4.0 23.0 -10.8
61.2 4.0 23.0 -10.8
61.4 4.0 23.0 -12.0
61.4 6.0 47.0 -12.0
61.4 4.0 23.0 -12.0
61.4 4.0 23.0 -12.0
61.4 5.0 35.0 -12.0
61.4 4.0 23.0 -12.0
61.6 6.0 33.0 -12.0
61.9 4.0 26.0 -10.8
62.0 6.0 32.0 -12.0
62.1 5.0 27.0 -9.6
62.1 6.0 33.0 -8.4
62.1 5.0 27.0 -9.6
62.1 5.0 27.0 -9.6
62.1 4.0 26.0 -12.0
62.1 4.0 26.0 -12.0
62.1 5.0 27.0 -9.6
62.1 5.0 27.0 -9.6
62.7 6.0 35.0 -12.0
62.9 5.0 33.0 -12.0
62.9 5.0 33.0 -12.0
63.2 5.0 29.0 -10.8
63.2 5.0 29.0 -10.8
63.2 5.0 29.0 -10.8
63.2 5.0 29.0 -10.8
63.5 3.0 22.0 -9.6
63.5 3.0 22.0 -9.6
63.5 3.0 22.0 -9.6
63.5 3.0 22.0 -9.6
63.5 3.0 22.0 -9.6
63.5 3.0 22.0 -9.6
63.5 3.0 22.0 -9.6
64.1 4.0 25.0 -10.8
64.2 5.0 26.0 -10.8
64.3 5.0 29.0 -9.6
64.3 5.0 29.0 -9.6
64.3 5.0 29.0 -9.6
64.9 5.0 29.0 -10.8
65.1 6.0 36.0 -9.6
65.3 4.0 28.0 -8.4
65.3 6.0 38.0 -10.8
65.3 4.0 28.0 -8.4
65.4 6.0 43.0 -10.8
65.5 4.0 28.0 -9.6
65.5 4.0 25.0 -10.8
65.5 4.0 25.0 -10.8
65.5 4.0 25.0 -10.8
65.5 6.0 38.0 -12.0
65.5 6.0 38.0 -12.0
65.5 4.0 25.0 -10.8
65.8 5.0 31.0 -9.6
65.8 5.0 31.0 -9.6
66.0 5.0 29.0 -10.8
66.0 5.0 29.0 -10.8
66.0 5.0 29.0 -10.8
66.1 6.0 37.0 -12.0
66.1 6.0 37.0 -9.6
66.9 7.0 49.0 -13.2
67.0 6.0 33.0 -10.8
67.0 7.0 41.0 -10.8
67.0 5.0 27.0 -12.0
67.0 5.0 27.0 -12.0
67.0 5.0 27.0 -12.0
67.2 5.0 27.0 -13.2
67.2 5.0 27.0 -13.2
67.8 7.0 36.0 -13.2
68.2 6.0 39.0 -12.0
68.2 6.0 39.0 -12.0
68.4 6.0 35.0 -13.2
68.6 6.0 33.0 -12.0
68.6 4.0 23.0 -10.8
68.6 4.0 23.0 -10.8
68.8 4.0 23.0 -12.0
68.8 4.0 23.0 -12.0
69.0 6.0 33.0 -12.0
69.1 5.0 26.0 -13.2
69.1 5.0 26.0 -13.2
69.3 4.0 26.0 -10.8
69.5 5.0 37.0 -10.8
69.6 6.0 40.0 -10.8
69.7 5.0 37.0 -12.0
70.4 4.0 28.0 -12.0
70.4 7.0 39.0 -10.8
70.6 6.0 44.0 -10.8
70.7 5.0 31.0 -12.0
70.9 3.0 22.0 -9.6
70.9 3.0 22.0 -9.6
71.2 5.0 35.0 -12.0
71.2 5.0 35.0 -12.0
71.2 6.0 42.0 -10.8
71.3 5.0 32.0 -10.8
71.5 5.0 31.0 -9.6
71.6 7.0 50.0 -13.2
71.7 6.0 36.0 -10.8
72.0 8.0 51.0 -12.0
72.0 5.0 34.0 -12.0
72.1 6.0 30.0 -10.8
72.3 6.0 41.0 -13.2
72.8 6.0 33.0 -10.8
73.1 6.0 39.0 -14.4
73.1 6.0 39.0 -14.4
73.5 6.0 37.0 -12.0
73.5 6.0 34.0 -10.8
73.9 7.0 43.0 -12.0
74.0 8.0 52.0 -13.2
74.2 7.0 45.0 -13.2
74.6 5.0 27.0 -13.2
74.6 5.0 27.0 -13.2
74.6 5.0 27.0 -13.2
74.8 5.0 36.0 -12.0
74.9 6.0 30.0 -14.4
74.9 6.0 30.0 -14.4
75.1 6.0 30.0 -10.8
75.1 4.0 31.0 -12.0
75.3 6.0 30.0 -12.0
75.3 6.0 30.0 -12.0
75.3 5.0 29.0 -12.0
75.4 6.0 34.0 -13.2
75.5 5.0 29.0 -13.2
75.5 5.0 29.0 -13.2
75.5 5.0 29.0 -13.2
75.5 6.0 41.0 -13.2
75.8 3.0 22.0 -12.0
75.8 3.0 22.0 -12.0
75.8 3.0 22.0 -12.0
75.8 3.0 22.0 -12.0
75.8 8.0 49.0 -14.4
75.8 3.0 22.0 -12.0
75.8 3.0 22.0 -12.0
75.8 3.0 22.0 -12.0
75.8 3.0 22.0 -12.0
75.8 3.0 22.0 -12.0
75.8 3.0 22.0 -12.0
75.8 3.0 22.0 -12.0
75.8 3.0 22.0 -12.0
76.0 4.0 23.0 -10.8
76.0 5.0 32.0 -12.0
76.0 7.0 45.0 -12.0
76.0 4.0 23.0 -10.8
76.1 6.0 42.0 -13.2
76.2 5.0 32.0 -13.2
76.3 7.0 43.0 -12.0
76.3 7.0 43.0 -12.0
76.4 5.0 31.0 -12.0
76.4 5.0 31.0 -12.0
76.4 5.0 31.0 -12.0
76.4 6.0 33.0 -12.0
76.6 4.0 29.0 -12.0
76.7 4.0 26.0 -10.8
76.7 4.0 26.0 -10.8
76.7 4.0 26.0 -10.8
76.7 4.0 26.0 -10.8
76.8 5.0 30.0 -10.8
76.8 6.0 32.0 -12.0
77.1 5.0 34.0 -13.2
77.2 5.0 29.0 -13.2
77.2 5.0 29.0 -13.2
77.2 5.0 29.0 -13.2
77.2 7.0 40.0 -12.0
77.3 6.0 35.0 -10.8
77.5 6.0 35.0 -12.0
77.6 4.0 28.0 -10.8
77.7 5.0 38.0 -12.0
77.7 5.0 34.0 -12.0
77.7 5.0 38.0 -12.0
77.8 4.0 25.0 -13.2
77.8 4.0 25.0 -13.2
77.8 4.0 25.0 -13.2
78.1 5.0 31.0 -12.0
78.5 6.0 43.0 -10.8
78.5 6.0 43.0 -10.8
78.6 5.0 32.0 -13.2
78.6 5.0 32.0 -13.2
78.6 5.0 32.0 -13.2
78.9 7.0 43.0 -15.6
78.9 7.0 43.0 -15.6
79.3 7.0 41.0 -13.2
79.7 5.0 29.0 -13.2
79.7 5.0 29.0 -13.2
79.7 5.0 29.0 -13.2
80.5 5.0 36.0 -12.0
80.7 6.0 33.0 -13.2
81.1 6.0 33.0 -13.2
81.2 7.0 43.0 -14.4
81.3 6.0 33.0 -14.4
81.3 7.0 44.0 -13.2
81.6 6.0 36.0 -10.8
81.6 4.0 26.0 -13.2
81.6 4.0 26.0 -13.2
81.8 5.0 27.0 -12.0
81.8 5.0 27.0 -12.0
81.8 5.0 27.0 -12.0
82.2 6.0 35.0 -13.2
82.2 6.0 35.0 -13.2
82.3 5.0 29.0 -12.0
82.3 6.0 30.0 -14.4
82.4 5.0 33.0 -13.2
82.4 5.0 33.0 -13.2
82.4 7.0 36.0 -12.0
82.6 7.0 36.0 -13.2
82.7 5.0 29.0 -12.0
83.0 6.0 39.0 -14.4
83.1 8.0 55.0 -13.2
83.2 3.0 22.0 -12.0
83.2 3.0 22.0 -12.0
83.2 3.0 22.0 -12.0
83.2 3.0 22.0 -12.0
83.2 3.0 22.0 -12.0
83.2 7.0 42.0 -14.4
83.2 3.0 22.0 -12.0
83.2 6.0 32.0 -14.4
83.2 6.0 32.0 -14.4
83.4 10.0 65.0 -14.4
83.4 8.0 43.0 -13.2
83.5 5.0 26.0 -13.2
83.5 4.0 25.0 -13.2
83.7 6.0 42.0 -14.4
83.7 8.0 51.0 -14.4
83.7 5.0 26.0 -12.0
83.9 5.0 26.0 -13.2
84.0 4.0 29.0 -12.0
84.4 6.0 44.0 -13.2
84.9 7.0 46.0 -13.2
85.0 4.0 28.0 -10.8
85.1 6.0 33.0 -13.2
85.2 4.0 25.0 -13.2
85.2 4.0 25.0 -13.2
85.2 4.0 25.0 -13.2
85.7 7.0 47.0 -12.0
85.7 5.0 29.0 -13.2
85.8 6.0 30.0 -13.2
86.0 7.0 34.0 -15.6
86.1 9.0 50.0 -15.6
86.3 7.0 45.0 -14.4
86.5 5.0 29.0 -10.8
86.5 6.0 33.0 -13.2
86.7 5.0 27.0 -14.4
86.7 5.0 27.0 -14.4
86.7 5.0 27.0 -14.4
86.7 5.0 27.0 -14.4
86.7 5.0 27.0 -14.4
86.7 6.0 33.0 -13.2
86.7 6.0 33.0 -13.2
87.1 5.0 29.0 -13.2
87.1 5.0 29.0 -13.2
87.2 8.0 49.0 -13.2
87.5 7.0 36.0 -15.6
87.5 8.0 43.0 -15.6
87.5 5.0 38.0 -14.4
87.6 7.0 43.0 -13.2
87.7 6.0 39.0 -13.2
88.3 8.0 45.0 -15.6
88.4 5.0 29.0 -10.8
88.6 5.0 26.0 -14.4
88.6 5.0 26.0 -14.4
88.6 5.0 26.0 -14.4
88.6 7.0 36.0 -15.6
88.6 5.0 26.0 -14.4
88.7 10.0 55.0 -14.4
88.8 5.0 26.0 -15.6
88.8 6.0 38.0 -15.6
89.0 4.0 26.0 -13.2
89.0 4.0 26.0 -13.2
89.0 4.0 26.0 -13.2
89.1 5.0 30.0 -13.2
89.2 8.0 52.0 -15.6
89.2 5.0 37.0 -13.2
89.3 6.0 40.0 -13.2
89.3 5.0 29.0 -14.4
89.4 10.0 76.0 -16.8
89.4 8.0 47.0 -15.6
89.5 6.0 30.0 -13.2
89.5 5.0 29.0 -15.6
89.6 6.0 35.0 -13.2
89.7 5.0 29.0 -12.0
89.7 6.0 30.0 -14.4
89.9 4.0 28.0 -13.2
89.9 6.0 42.0 -12.0
90.0 5.0 38.0 -14.4
90.0 5.0 38.0 -14.4
90.1 5.0 29.0 -12.0
90.4 7.0 43.0 -13.2
90.4 9.0 57.0 -15.6
90.6 6.0 32.0 -14.4
90.6 6.0 32.0 -14.4
90.7 7.0 38.0 -12.0
90.8 7.0 45.0 -14.4
91.2 8.0 46.0 -15.6
91.2 9.0 58.0 -15.6
91.2 5.0 31.0 -12.0
91.3 6.0 35.0 -14.4
91.5 6.0 46.0 -14.4
91.6 7.0 41.0 -15.6
91.9 8.0 46.0 -16.8
92.1 8.0 40.0 -14.4
92.2 7.0 36.0 -13.2
93.0 8.0 44.0 -14.4
93.3 5.0 29.0 -13.2
93.3 5.0 29.0 -13.2
93.7 7.0 39.0 -15.6
94.1 5.0 27.0 -14.4
94.1 9.0 58.0 -15.6
94.1 7.0 36.0 -14.4
94.1 7.0 36.0 -14.4
94.1 7.0 36.0 -14.4
94.4 6.0 30.0 -15.6
94.5 5.0 29.0 -13.2
94.6 5.0 29.0 -14.4
94.6 5.0 29.0 -14.4
94.6 7.0 45.0 -15.6
94.9 6.0 34.0 -14.4
94.9 6.0 34.0 -14.4
95.0 7.0 36.0 -15.6
95.0 8.0 40.0 -13.2
95.2 8.0 39.0 -16.8
95.2 8.0 39.0 -16.8
95.4 6.0 36.0 -14.4
95.4 6.0 40.0 -14.4
95.9 7.0 45.0 -12.0
95.9 6.0 33.0 -13.2
96.0 5.0 26.0 -14.4
96.2 7.0 47.0 -14.4
96.5 6.0 39.0 -14.4
96.6 6.0 32.0 -15.6
96.7 6.0 30.0 -15.6
96.7 8.0 42.0 -14.4
96.7 5.0 29.0 -14.4
96.8 8.0 46.0 -15.6
96.9 5.0 29.0 -15.6
97.0 7.0 50.0 -15.6
97.2 6.0 33.0 -14.4
97.2 6.0 33.0 -14.4
97.3 4.0 28.0 -13.2
97.3 4.0 28.0 -13.2
97.4 8.0 40.0 -12.0
97.7 9.0 50.0 -18.0
97.7 9.0 50.0 -15.6
97.8 5.0 31.0 -15.6
97.8 6.0 38.0 -14.4
97.9 6.0 37.0 -13.2
98.1 5.0 35.0 -13.2
98.2 7.0 42.0 -14.4
98.5 7.0 36.0 -14.4
98.5 6.0 35.0 -13.2
98.7 6.0 35.0 -14.4
98.8 5.0 29.0 -13.2
99.2 6.0 30.0 -14.4
99.4 9.0 45.0 -14.4
99.4 5.0 29.0 -15.6
99.4 5.0 29.0 -15.6
100.2 5.0 29.0 -13.2
100.2 5.0 29.0 -13.2
100.4 7.0 37.0 -15.6
100.7 6.0 42.0 -15.6
100.8 7.0 44.0 -14.4
101.4 9.0 58.0 -15.6
101.6 6.0 40.0 -15.6
101.8 6.0 30.0 -15.6
102.0 5.0 29.0 -14.4
102.0 5.0 29.0 -14.4
102.0 5.0 29.0 -14.4
102.4 5.0 29.0 -14.4
102.4 5.0 29.0 -14.4
102.5 7.0 34.0 -16.8
102.7 6.0 32.0 -15.6
102.7 7.0 44.0 -15.6
102.8 6.0 33.0 -14.4
102.9 6.0 32.0 -16.8
102.9 6.0 32.0 -16.8
103.2 6.0 36.0 -14.4
103.2 4.0 25.0 -15.6
103.2 4.0 25.0 -15.6
103.2 4.0 25.0 -15.6
103.5 11.0 71.0 -18.0
103.5 5.0 31.0 -14.4
103.5 7.0 44.0 -15.6
103.6 7.0 36.0 -14.4
103.6 7.0 36.0 -14.4
103.6 6.0 35.0 -16.8
103.7 7.0 41.0 -14.4
103.8 6.0 34.0 -15.6
103.9 7.0 41.0 -15.6
104.1 8.0 54.0 -15.6
104.1 5.0 29.0 -14.4
104.1 5.0 29.0 -14.4
104.3 8.0 50.0 -16.8
104.3 6.0 30.0 -15.6
104.8 7.0 36.0 -16.8
105.0 12.0 65.0 -18.0
105.0 10.0 64.0 -16.8
105.0 5.0 31.0 -14.4
105.1 9.0 50.0 -18.0
105.2 7.0 49.0 -15.6
105.2 7.0 34.0 -14.4
105.3 8.0 44.0 -16.8
105.5 7.0 34.0 -16.8
105.6 8.0 57.0 -15.6
105.7 9.0 46.0 -14.4
106.1 7.0 44.0 -15.6
106.3 7.0 45.0 -16.8
106.6 8.0 49.0 -15.6
106.7 7.0 48.0 -16.8
107.0 7.0 36.0 -16.8
107.0 8.0 43.0 -16.8
107.4 9.0 52.0 -18.0
107.5 8.0 46.0 -15.6
107.5 8.0 40.0 -16.8
107.6 8.0 43.0 -14.4
107.6 8.0 43.0 -14.4
107.8 9.0 56.0 -14.4
107.8 7.0 37.0 -15.6
107.9 7.0 37.0 -15.6
108.0 8.0 45.0 -18.0
108.3 5.0 26.0 -16.8
108.4 7.0 42.0 -16.8
108.6 6.0 32.0 -15.6
108.6 6.0 32.0 -15.6
108.6 6.0 32.0 -15.6
108.7 6.0 36.0 -14.4
108.7 7.0 36.0 -18.0
108.9 8.0 47.0 -16.8
109.0 5.0 29.0 -16.8
109.0 8.0 42.0 -16.8
109.0 5.0 29.0 -16.8
109.0 6.0 44.0 -15.6
109.0 6.0 44.0 -15.6
109.1 7.0 35.0 -18.0
109.1 6.0 33.0 -16.8
109.4 6.0 42.0 -13.2
109.5 8.0 43.0 -18.0
109.7 7.0 39.0 -18.0
110.0 8.0 43.0 -14.4
110.1 7.0 42.0 -15.6
110.1 7.0 43.0 -15.6
110.1 6.0 32.0 -15.6
110.1 7.0 34.0 -16.8
110.1 6.0 32.0 -15.6
110.2 7.0 36.0 -15.6
110.2 6.0 37.0 -15.6
110.2 6.0 37.0 -15.6
110.3 6.0 32.0 -16.8
110.4 7.0 38.0 -14.4
110.4 7.0 38.0 -14.4
110.4 7.0 42.0 -18.0
110.5 8.0 46.0 -18.0
110.6 8.0 40.0 -18.0
110.6 4.0 25.0 -15.6
110.6 4.0 25.0 -15.6
110.7 8.0 46.0 -16.8
110.9 6.0 38.0 -14.4
110.9 8.0 57.0 -14.4
110.9 6.0 33.0 -16.8
110.9 6.0 33.0 -16.8
110.9 6.0 33.0 -16.8
111.1 7.0 34.0 -15.6
111.4 8.0 46.0 -18.0
111.7 6.0 30.0 -15.6
112.1 7.0 36.0 -15.6
112.2 7.0 36.0 -16.8
112.4 5.0 31.0 -14.4
112.4 7.0 41.0 -16.8
112.4 7.0 41.0 -16.8
112.5 5.0 29.0 -15.6
112.7 9.0 44.0 -15.6
113.0 5.0 29.0 -15.6
113.1 8.0 45.0 -16.8
113.1 8.0 48.0 -16.8
113.2 10.0 58.0 -16.8
113.4 7.0 39.0 -18.0
113.6 5.0 29.0 -14.4
113.8 6.0 30.0 -13.2
113.8 6.0 30.0 -13.2
113.8 6.0 30.0 -13.2
114.0 8.0 49.0 -15.6
114.1 7.0 45.0 -16.8
114.1 7.0 36.0 -16.8
114.1 7.0 45.0 -16.8
114.4 8.0 42.0 -16.8
114.7 9.0 57.0 -16.8
114.9 10.0 63.0 -18.0
114.9 10.0 63.0 -18.0
114.9 8.0 55.0 -16.8
115.0 7.0 33.0 -18.0
115.2 7.0 47.0 -16.8
115.5 7.0 36.0 -16.8
115.7 5.0 26.0 -16.8
115.7 5.0 26.0 -16.8
115.7 5.0 26.0 -16.8
115.7 5.0 26.0 -16.8
116.0 8.0 40.0 -16.8
116.1 11.0 67.0 -18.0
116.1 6.0 35.0 -15.6
116.2 9.0 53.0 -16.8
116.2 9.0 53.0 -16.8
116.5 10.0 54.0 -16.8
116.5 7.0 35.0 -18.0
116.6 8.0 39.0 -15.6
116.7 9.0 45.0 -18.0
116.8 9.0 43.0 -19.2
117.2 8.0 50.0 -18.0
117.3 5.0 31.0 -16.8
117.3 5.0 31.0 -16.8
117.3 5.0 31.0 -16.8
117.3 5.0 31.0 -16.8
117.5 6.0 32.0 -15.6
117.5 6.0 32.0 -15.6
117.5 8.0 42.0 -16.8
117.5 6.0 32.0 -15.6
117.5 7.0 34.0 -16.8
117.6 9.0 44.0 -18.0
117.6 6.0 30.0 -16.8
117.6 6.0 30.0 -16.8
117.6 6.0 30.0 -16.8
117.6 6.0 30.0 -16.8
118.3 7.0 45.0 -16.8
118.7 5.0 29.0 -15.6
118.8 8.0 46.0 -18.0
119.1 9.0 53.0 -20.4
119.1 6.0 30.0 -15.6
119.2 6.0 35.0 -16.8
119.3 8.0 40.0 -15.6
119.4 9.0 49.0 -19.2
119.5 7.0 36.0 -15.6
120.1 7.0 37.0 -18.0
120.7 9.0 56.0 -16.8
121.0 5.0 29.0 -14.4
121.1 7.0 43.0 -16.8
121.2 7.0 36.0 -16.8
121.3 7.0 39.0 -14.4
121.3 7.0 39.0 -14.4
121.7 9.0 48.0 -19.2
122.0 8.0 43.0 -16.8
122.0 8.0 41.0 -18.0
122.1 10.0 55.0 -15.6
122.4 6.0 32.0 -18.0
122.4 6.0 32.0 -18.0
122.4 6.0 32.0 -18.0
122.8 9.0 49.0 -19.2
122.9 9.0 50.0 -16.8
122.9 8.0 51.0 -18.0
123.0 9.0 42.0 -18.0
123.2 7.0 39.0 -18.0
123.2 7.0 39.0 -18.0
123.2 7.0 44.0 -18.0
123.3 8.0 52.0 -16.8
123.6 9.0 53.0 -16.8
123.8 9.0 54.0 -19.2
124.2 9.0 43.0 -19.2
124.3 10.0 60.0 -16.8
124.3 7.0 36.0 -18.0
124.4 8.0 41.0 -19.2
124.8 5.0 29.0 -18.0
124.9 9.0 56.0 -19.2
124.9 7.0 34.0 -16.8
125.0 6.0 30.0 -16.8
125.0 7.0 39.0 -18.0
125.1 8.0 37.0 -19.2
125.1 8.0 42.0 -18.0
125.1 8.0 42.0 -18.0
125.2 6.0 35.0 -16.8
125.2 6.0 35.0 -16.8
125.5 7.0 40.0 -18.0
125.6 7.0 36.0 -18.0
126.0 10.0 50.0 -20.4
127.4 9.0 55.0 -20.4
127.5 7.0 36.0 -14.4
127.6 7.0 42.0 -18.0
127.9 9.0 50.0 -21.6
128.3 9.0 46.0 -19.2
128.6 9.0 44.0 -15.6
128.7 10.0 58.0 -22.8
129.0 9.0 45.0 -20.4
129.2 8.0 53.0 -18.0
129.6 9.0 49.0 -20.4
129.8 5.0 29.0 -16.8
129.8 8.0 42.0 -19.2
129.9 7.0 36.0 -18.0
129.9 6.0 30.0 -19.2
129.9 6.0 30.0 -19.2
129.9 6.0 30.0 -19.2
129.9 6.0 30.0 -19.2
130.2 10.0 50.0 -20.4
130.4 8.0 41.0 -18.0
130.4 9.0 52.0 -18.0
130.6 6.0 33.0 -19.2
130.6 6.0 33.0 -19.2
130.6 7.0 45.0 -19.2
130.6 8.0 41.0 -19.2
130.6 8.0 41.0 -19.2
130.7 9.0 46.0 -20.4
130.8 9.0 51.0 -19.2
130.9 8.0 38.0 -19.2
130.9 6.0 34.0 -18.0
131.1 8.0 38.0 -20.4
131.2 8.0 42.0 -19.2
131.2 6.0 30.0 -16.8
131.2 6.0 30.0 -16.8
131.4 7.0 41.0 -20.4
131.4 7.0 40.0 -19.2
131.5 12.0 55.0 -18.0
131.6 9.0 47.0 -16.8
131.7 7.0 36.0 -18.0
131.8 7.0 36.0 -18.0
131.9 7.0 36.0 -19.2
131.9 7.0 36.0 -19.2
131.9 7.0 34.0 -16.8
132.0 8.0 39.0 -18.0
132.4 8.0 45.0 -18.0
132.7 8.0 49.0 -20.4
133.0 6.0 36.0 -18.0
133.2 8.0 44.0 -16.8
133.4 9.0 51.0 -19.2
133.6 7.0 39.0 -16.8
134.1 8.0 45.0 -18.0
134.4 8.0 39.0 -20.4
134.4 8.0 39.0 -20.4
134.5 7.0 33.0 -19.2
134.5 7.0 33.0 -19.2
134.5 7.0 33.0 -19.2
134.7 9.0 43.0 -19.2
134.9 8.0 40.0 -19.2
135.0 9.0 41.0 -21.6
135.0 8.0 43.0 -20.4
135.0 9.0 41.0 -21.6
135.0 9.0 48.0 -19.2
135.6 7.0 34.0 -16.8
135.6 6.0 33.0 -18.0
135.8 6.0 33.0 -19.2
136.2 8.0 48.0 -18.0
136.5 8.0 49.0 -18.0
136.9 11.0 49.0 -18.0
136.9 9.0 42.0 -21.6
137.1 10.0 48.0 -19.2
137.2 5.0 29.0 -16.8
137.2 5.0 29.0 -16.8
137.3 10.0 53.0 -20.4
137.6 8.0 51.0 -18.0
138.0 6.0 33.0 -19.2
138.1 11.0 63.0 -21.6
138.4 6.0 30.0 -18.0
138.4 11.0 71.0 -22.8
138.5 9.0 51.0 -18.0
138.6 6.0 30.0 -16.8
138.6 8.0 42.0 -19.2
138.7 8.0 40.0 -18.0
139.1 9.0 49.0 -21.6
139.2 6.0 36.0 -18.0
139.2 9.0 53.0 -20.4
139.4 8.0 45.0 -20.4
139.6 9.0 47.0 -19.2
139.8 7.0 36.0 -16.8
139.8 10.0 57.0 -22.8
140.4 12.0 66.0 -22.8
140.7 7.0 38.0 -18.0
141.4 8.0 44.0 -18.0
141.5 10.0 52.0 -19.2
141.7 11.0 64.0 -19.2
141.7 8.0 41.0 -20.4
141.9 11.0 68.0 -20.4
142.1 11.0 66.0 -24.0
142.3 9.0 44.0 -18.0
142.3 8.0 49.0 -21.6
142.4 10.0 55.0 -20.4
142.4 9.0 41.0 -21.6
142.7 8.0 41.0 -20.4
142.8 10.0 54.0 -22.8
143.1 9.0 43.0 -20.4
143.4 10.0 53.0 -22.8
143.4 8.0 42.0 -19.2
143.5 10.0 55.0 -21.6
143.9 9.0 43.0 -21.6
144.4 8.0 43.0 -20.4
144.5 12.0 69.0 -21.6
144.7 11.0 62.0 -21.6
144.9 9.0 46.0 -18.0
145.8 9.0 44.0 -20.4
145.8 8.0 47.0 -20.4
146.3 10.0 57.0 -20.4
146.4 7.0 45.0 -20.4
146.4 8.0 41.0 -20.4
146.4 8.0 41.0 -20.4
146.6 9.0 47.0 -19.2
146.9 9.0 45.0 -19.2
147.0 11.0 57.0 -20.4
147.8 9.0 49.0 -20.4
148.6 10.0 55.0 -22.8
148.7 10.0 52.0 -20.4
149.4 10.0 58.0 -21.6
149.4 8.0 44.0 -19.2
149.5 5.0 29.0 -19.2
149.5 5.0 29.0 -19.2
149.5 5.0 29.0 -19.2
149.5 5.0 29.0 -19.2
150.4 9.0 41.0 -21.6
150.7 9.0 43.0 -21.6
150.9 9.0 51.0 -20.4
150.9 10.0 59.0 -21.6
151.5 8.0 39.0 -19.2
151.7 8.0 39.0 -20.4
152.1 7.0 39.0 -20.4
152.4 10.0 50.0 -19.2
153.8 9.0 43.0 -19.2
153.9 8.0 47.0 -19.2
154.2 9.0 41.0 -18.0
154.6 6.0 30.0 -20.4
154.6 8.0 40.0 -21.6
154.8 11.0 60.0 -22.8
154.8 6.0 35.0 -18.0
154.8 6.0 35.0 -18.0
155.0 10.0 55.0 -21.6
155.3 6.0 33.0 -20.4
155.3 6.0 33.0 -20.4
155.7 9.0 44.0 -19.2
156.0 11.0 60.0 -22.8
156.1 8.0 37.0 -21.6
156.1 8.0 37.0 -21.6
156.5 11.0 59.0 -21.6
156.7 7.0 34.0 -21.6
156.8 8.0 40.0 -21.6
156.8 10.0 50.0 -22.8
156.9 13.0 76.0 -22.8
157.1 11.0 66.0 -22.8
157.2 8.0 37.0 -20.4
157.2 7.0 37.0 -20.4
158.1 12.0 74.0 -24.0
158.3 8.0 42.0 -21.6
158.5 8.0 40.0 -19.2
159.8 9.0 44.0 -20.4
160.0 6.0 33.0 -20.4
160.6 10.0 47.0 -21.6
160.7 12.0 68.0 -21.6
161.1 8.0 40.0 -21.6
161.7 8.0 44.0 -21.6
161.7 8.0 44.0 -21.6
161.9 9.0 48.0 -22.8
162.2 10.0 49.0 -21.6
162.4 8.0 47.0 -21.6
162.5 9.0 50.0 -21.6
162.6 8.0 39.0 -20.4
162.7 6.0 33.0 -20.4
163.3 9.0 44.0 -20.4
163.8 11.0 60.0 -21.6
164.0 10.0 53.0 -22.8
164.6 8.0 43.0 -19.2
164.7 11.0 65.0 -24.0
165.0 7.0 36.0 -20.4
165.0 7.0 36.0 -20.4
165.0 9.0 48.0 -22.8
165.2 11.0 55.0 -22.8
165.9 9.0 42.0 -21.6
166.1 9.0 43.0 -21.6
166.5 8.0 51.0 -20.4
166.6 9.0 56.0 -21.6
168.0 9.0 43.0 -22.8
169.4 9.0 48.0 -22.8
169.4 10.0 45.0 -24.0
170.9 8.0 38.0 -22.8
170.9 10.0 60.0 -24.0
171.7 9.0 45.0 -22.8
171.7 10.0 47.0 -24.0
171.8 10.0 55.0 -24.0
172.5 12.0 66.0 -22.8
173.4 8.0 37.0 -22.8
173.5 11.0 52.0 -22.8
173.6 12.0 64.0 -21.6
173.8 12.0 76.0 -24.0
174.9 11.0 57.0 -22.8
174.9 8.0 39.0 -22.8
175.2 12.0 55.0 -22.8
176.1 7.0 36.0 -21.6
176.1 7.0 36.0 -21.6
177.4 9.0 48.0 -21.6
177.7 9.0 45.0 -20.4
178.1 9.0 45.0 -24.0
178.1 11.0 60.0 -24.0
178.2 9.0 54.0 -21.6
178.8 8.0 40.0 -22.8
179.5 8.0 41.0 -21.6
182.5 11.0 52.0 -24.0
182.6 10.0 47.0 -24.0
182.9 11.0 61.0 -25.2
183.0 12.0 64.0 -24.0
183.5 12.0 62.0 -26.4
184.3 7.0 37.0 -22.8
185.1 10.0 54.0 -25.2
185.2 12.0 60.0 -26.4
185.3 11.0 57.0 -25.2
185.3 13.0 69.0 -26.4
185.6 10.0 45.0 -24.0
185.7 11.0 60.0 -22.8
186.5 12.0 66.0 -26.4
187.2 9.0 41.0 -22.8
187.6 11.0 52.0 -25.2
188.3 12.0 72.0 -26.4
189.0 10.0 52.0 -24.0
189.3 9.0 54.0 -22.8
190.9 10.0 48.0 -22.8
191.2 12.0 65.0 -26.4
192.5 12.0 58.0 -26.4
192.8 11.0 63.0 -26.4
193.1 12.0 64.0 -25.2
193.4 12.0 68.0 -26.4
193.5 10.0 57.0 -24.0
193.8 13.0 68.0 -26.4
193.8 13.0 68.0 -26.4
194.6 14.0 69.0 -26.4
194.6 14.0 69.0 -26.4
196.9 11.0 53.0 -26.4
197.7 8.0 40.0 -24.0
197.9 15.0 75.0 -30.0
198.0 13.0 65.0 -27.6
198.2 13.0 80.0 -27.6
199.5 11.0 54.0 -24.0
199.7 14.0 72.0 -28.8
199.8 12.0 65.0 -26.4
200.2 12.0 55.0 -25.2
200.4 15.0 82.0 -27.6
202.5 11.0 54.0 -27.6
203.1 13.0 59.0 -27.6
203.1 13.0 59.0 -27.6
204.2 13.0 67.0 -28.8
204.3 9.0 42.0 -25.2
208.2 11.0 61.0 -24.0
208.2 14.0 85.0 -28.8
208.4 12.0 55.0 -26.4
209.0 15.0 93.0 -30.0
210.3 12.0 64.0 -26.4
213.1 12.0 59.0 -27.6
213.7 15.0 87.0 -28.8
214.9 11.0 55.0 -27.6
215.7 15.0 82.0 -30.0
216.4 10.0 51.0 -26.4
216.8 15.0 78.0 -28.8
220.3 11.0 58.0 -27.6
228.2 14.0 73.0 -30.0
228.3 17.0 84.0 -33.6
229.0 15.0 69.0 -31.2
229.8 12.0 55.0 -28.8
231.7 13.0 59.0 -28.8
233.0 15.0 78.0 -31.2
233.4 14.0 71.0 -28.8
234.2 16.0 74.0 -32.4
238.4 14.0 65.0 -31.2
254.0 15.0 88.0 -32.4
254.4 16.0 77.0 -33.6
260.0 15.0 78.0 -30.0
260.0 15.0 78.0 -30.0
263.0 15.0 80.0 -33.6
269.0 17.0 86.0 -34.8
285.4 16.0 83.0 -34.8
