0000000000100010000000001000000000000000001
0000000000100010000000001000000000000000001
0000000000100010000000001000000000000000001
0000000000100010000000001000000000000000001
0000000000100010000000001000000000000000001
0000000000100010000000001000000000000000001
0000000000100010000000001000000000000000001
0000000000100010000000001000000000000000001
0000000000100010000000001000000000000000001
0000000010100010100000001000000000000000001
0000000010100010100000001000000000000000001
0000000010100010100000001000000000000000001
0000000010100010000000001001000000000000001
0000000010100010000000001001000000000000001
0000000010100010000000001001000000000000001
0000000010100010000000001001000000000000001
0000000010100010000000001001000000000000001
0000000010100010000000001001000000000000001
0000000010100010000000001001000000000000001
0000000010100010000000001001000000000000001
0000000010100010000000001001000000000000001
0000000010100010000000001001000000000000001
0000000010100010000000001001000000000000001
0000000010100010000000001001000000000000001
0000000010100010000000001001000000000000001
0000000010100010000000001001000000000000001
0000000010100010000000001001000000000000001
0000000010100010000000001001000000000000001
0000000010100010000000001001000000000000001
0000000010100010000000001001000000000000001
0000000010100010000000001001000000000000001
0000000000100010000000011000000000000010001
0000000000100010000000011000000000000010001
0000000000100010000000011000000000000010001
0000000000100010000000011000000000000010001
0000000000100010000000011000000000000010001
0000000000100010000000011000000000000010001
0000000000100010000000001000000000000010101
0000000010100010000000001000000000010000001
0000000010100010000000001000000000010000001
0000000010100010000000001000000000010000001
0000000010100010000000001000000000010000001
0000000010100010000000001000000000010000001
0000000010100010000000001000000000010000001
0000000010100010000000001000000000010000001
0000000010100010000000001000000000010000001
0000000010100010000000001000000000010000001
0000000000100010001000101000000000000000001
0000000010100010100000011000000000000010001
0000000010100010000000011001000000000010001
0000000010100010000000011001000000000010001
0000000010100010000000011001000000000010001
0000000010100010000000011001000000000010001
0000000010100010000000011001000000000010001
0000000010100010000000011001000000000010001
0000000010100010000000011001000000000010001
0000000000100010010000101000000000000000001
0000000010100010000000001001000000000010101
0000000010100010000000001001000000000010101
0000000000100010000000011000000000000010101
0000000010100110000000001001000000000000001
0011000000100010000000001000000000000000001
0011000000100010000000001000000000000000001
0000000010100010001000101001000000000000001
0000000000100010000000001000100010000000001
0000000000100010000000001000100010000000001
0000000000100010000000001000100010000000001
0000000000100010000000001000100010000000001
0000000000100010000000001000100010000000001
0000000000100010000000001000100010000000001
0000010000100010000000001000000000000010001
0000000000100010000000001000100001000000001
0000000010100010000000011001000000000010101
0000000010100010000000011001000000000010101
0000000010100010000000011001000000000010101
0000000010100010000000011001000000000010101
0000000010100010000000011001000000000010101
0000000010100010000000011000000000010010001
0000000010100010000000011000000000010010001
0000000010100010000000011000000000010010001
0000000010100010100000001000100010000000001
0000000010100010100000001000100010000000001
0000000010100010100000001000100010000000001
0000000010100010000000001000000000010010101
0000010010100010100000001000000000000010001
0000010010100010100000001000000000000010001
0000000010100010000000001001100010000000001
0000000010100010000000001001100010000000001
0000000010100010000000001001100010000000001
0000000010100010000000001001100010000000001
0000000010100010000000001001100010000000001
0000010010100010000000001001000000000010001
0000010010100010000000001001000000000010001
0000010010100010000000001001000000000010001
0001000010100010000000001001000000100000001
0000000010100010000000001001100001000000001
0000000001100010000000001000000000000010001
0000000001100010000000001000000000000010001
0000000010100010000000001001100001000000001
0000000010100010000000001001100001000000001
0000010000100010000000001000000000000010101
0000100000100110000000001000000000000100001
0000100000100110000000001000000000000100001
0000000000100010011000101000000000001000001
0000000000100010011000101000000000001000001
0000000010100010010000101000000000010000001
0000000010100010000000011000000000010010101
0000000010100010000000101001000000001000001
0000000010100010000000101001000000001000001
0000000011100010100000001000000000000010001
0000000011100010100000001000000000000010001
0000000011100010100000001000000000000010001
0000010010100010000000011001000000000010001
0000000010100010001000111001000000000010001
0000000010100110000000001001000000000010101
0000000001100010000000011000000000000010001
0000010010100010000000001001000000000010101
0000000000100010000000011000100010000010001
0000000000100010000000011000100010000010001
0000000001100010000000001000000000000010101
0000000001100010000000001000000000000010101
0000000000100010000000001000100010000010101
0000000010100010000000001000100010010000001
0000000010100010000000001000100010010000001
0000000010100010000000001000100010010000001
0000000010100010000000001000100010010000001
0000100010100110000000001001000000000100001
0000010010100010000000001000000000010010001
0000000000100010011000111000000000000010101
0011000010100010000000011001000000000010001
0011000010100010000000011001000000000010001
0000010010100010100000011000000000000010101
0000000011100010100000001000000000000010101
0000000011100010000000011001000000000010001
0000000011100010000000011001000000000010001
0000000011100010000000011001000000000010001
0000000011100010000000011001000000000010001
0000000011100010000000011001000000000010001
0000000011100010000000011001000000000010001
0000000011100010000000011001000000000010001
0000000011100010000000011001000000000010001
0000000010100010000000011001100010000010001
0000000010100010000000011001100010000010001
0000000010100010000000011001100010000010001
0000000011100010000000001001000000000010101
0000000011100010000000001001000000000010101
0000000000100010010000101000100010000000001
0000000011100010000000001001000000000010101
0000000000100010010000101000100010000000001
0000000011100010000000001001000000000010101
0000000010100010000000001001100010000010101
0000000010100010000010001001100101000000001
0000000010100010000000001001100010000010101
0000000010100010000000001001100010000010101
0000000001100010000000011000000000000010101
0000000001100010000000011000000000000010101
0000000001100010000000011000000000000010101
0000000010100010000000011001100001000010001
0000000010100010100000001000100001000010101
0000000000100010000000011000100010000010101
0000000000100010000000011000100010000010101
0000000000100010000000011000100010000010101
0000000010100010000000001001100001000010101
0001000000100010011000101000000000100000001
0000000000100010011000101000100001000000001
0000000010100110100000001000100010000000001
0000000011100010000000001000000000010010001
0000000011100010000000001000000000010010001
0000000011100010000000001000000000010010001
0000000011100010000000001000000000010010001
0000000010100010101000101000100010000000001
0000000010100010001000101001100010000000001
0000001010101110100000001000000000000000001
0000000010100010010000101000000000011000001
0000000010100010010000101000000000011000001
0000010000100010000000001000100010000010001
0000010000100010000000001000100010000010001
0001000000100010000000001000100010100000001
0000010000100010000000001000100001000010001
0000000011100010100000011000000000000010101
0000010010100010110000101000000000000010001
0000000010100010100000011000100010000010101
0000000010100010100000011000100010000010101
0000000010100010001000111001000000001010001
0000000010100010110000101000100001000000001
0000000011100010000000011001000000000010101
0000000011100010000000011001000000000010101
0000000011100010000000011001000000000010101
0000000011100010000000011001000000000010101
0011000010100010000000001001000000100000001
0000000011100010000000011001000000000010101
0000000011100010000000011001000000000010101
0000000010100010000000011001100010000010101
0000000010100010000000011001100010000010101
0000000010100010000000011001100010000010101
0000000001100010010000101000000000000010001
0000000001100010010000101000000000000010001
0011000010100010000000011000000000010010001
0000100010100110100000011000000000000110001
0000000011100010000000011000000000010010001
0000000011100010000000011000000000010010001
0000000010100110000000011000000000010010101
0000000011100010000000011000000000010010001
0000000011100010000000011000000000010010001
0000000011100010000000011000000000010010001
0011010010100010100000001000000000000010001
0000000010100010000000011000100010010010001
0000000010100010000000011000100010010010001
0000000000100010000010001000100101000010101
0000010010100010000000011000000000010010101
0011000010100010000000001001100010000000001
0011000010100010000000001001100010000000001
0011000010100010000000001001100010000000001
0000000011100010000000001000000000010010101
0000000011100010000000001000000000010010101
0000000010100010000000001000100010010010101
0011010010100010000000001001000000000010001
0000100000100110010000101000000000000100001
0000100000100110000000011000000000000110101
0000010010100010001000111001000000000010001
0000010011100010000000001001000000000010001
0000010010100010000000001001100010000010001
0000010010100010000000001001100010000010001
0000010000100010000000011000100010000010001
0000010000100010000000011000100010000010001
0000010010100010001000101001000000000010101
0000010010100010001000101001000000000010101
0001000010100010000000001001100010100000001
0000000001100010000000001000100010000010001
0000000001100010000000001000100010000010001
0000000001100010000000001000100010000010001
0011000010100010001000101000000000010000001
0000010001100010000000001000000000000010101
0000010010100010000000001001100001000010001
0000010000100010000000001000100010000010101
0000010000100010000000001000100010000010101
0000000010100010001000101000100010010000001
0000001000101110000000011000000000000010001
0000000001100010010000111000000000000010001
0000000000100010010000101000100010001000001
0000000001100010011000111000000000000010001
0000000001100010011000111000000000000010001
0001100000100110000000001000000000100100001
0011000010100010000000101001000000001000001
0000000010100010001000111000000000011010001
0000000011100010000000011000000000010010101
0000000011100010000000011000000000010010101
0000000011100010000000011000000000010010101
0000000011100010000000011000000000010010101
0000000011100010000000011000000000010010101
0000010010100010010000101000000000010010001
0000010011100010100000011000000000000010001
0000010011100010100000011000000000000010001
0000100010100110000000011001000000000110101
0000100010100110000000011001000000000110101
0011000011100010000000001001000000000010001
0000100010100110000000011001000000000110101
0000000011100010100000001000100010000010001
0011000001100010000000011000000000000010001
0011000001100010000000011000000000000010001
0000000011100010100000001000100010000010001
0011000001100010000000011000000000000010001
0000010011100010000000011001000000000010001
0000010011100010000000011001000000000010001
0000010011100010000000011001000000000010001
0000000010100010000000011000100001010010101
0000010010100010000000011001100010000010001
0000010010100010000000011001100010000010001
0000000010100010000000101001100001001000001
0000000010100010000000101001100001001000001
0000000011100010000000001001100010000010001
0000000011100010000000001001100010000010001
0000000011100010000000001001100010000010001
0000000011100010000000001001100010000010001
0000000011100010000000001001100010000010001
0000000011100010000000001001100010000010001
0000010011100010000000001001000000000010101
0000000001100010000000011000100010000010001
0000000001100010000000011000100010000010001
0000000001100010000000011000100010000010001
0000000011100010001000101001000000000010101
0000000011100010001000101001000000000010101
0000010001100010000000011000000000000010101
0000000001100010001000111000000000000010101
0001000011100010000000001001000000100010001
0000100010100110000000011000000000010110001
0000100010100110000000011000000000010110001
0001000001100010000000011000000000100010001
0000000001100010000000001000100010000010101
0000000001100010000000001000100010000010101
0011100010100110000000001001000000000100001
0000001010101110000000011001000000000010001
0000100010100110100000001000100010000100001
0000000000100010001000111000100001000010101
0000000001100010000000001000100001000010101
0000010011100010000000001000000000010010001
0000010011100010000000001000000000010010001
0000000011100010001000101000000000010010001
0000010010100010000000001000100010010010001
0000010010100010000000001000100010010010001
0000100010100110000000001001100010000100001
0000100010100110000000001001100010000100001
0000100010100110000000001001100010000100001
0000001000101110000000011000000000000010101
0001000010100010000000001000100010110000001
0001010010100010000000001000000000110010001
0001010010100010000000001000000000110010001
0000010010100010000000001000100001010010001
0000010010100010000000001000100001010010001
0000100001100110000000001000000000000110001
0000100010100110000000001001100001000100001
0000000000100010010000111000100010000010101
0000110000100110000000001000000000000110101
0000010000100110000000001000100010000010001
0011000010100010100000011000100010000010001
0000010010100010010000111000000000010010001
0000000011100010010000101000000000010010001
0011000011100010000000011001000000000010001
0000000011100010100000011000100010000010001
0000001000101110000000001000100010000000001
0000001000101110000000001000100010000000001
0000000011100010000000011001100010000010001
0000000011100010000000011001100010000010001
0000000011100010100000001000100010000010101
0011000010100010000000001001100010000010101
0000000011100010000000011001100010000010001
0000000011100010000000011001100010000010001
0000000011100010000000011001100010000010001
0000000011100010000000011001100010000010001
0000010011100010000000011001000000000010101
0000010010100010000000011001100010000010101
0000000011100010000000001001100010000010101
0000000011100010000000001001100010000010101
0001000010100010000000011001100010100010001
0000000011100010000000011001100001000010001
0000000001100010000000011000100010000010101
0000010000100010010000101000100010000010001
0000010010100010000010001001100101000010001
0000010010100010000010001001100101000010001
0001000011100010000000001001000000100010101
0011000011100010000000001000000000010010001
0000010010100010000000011000100010010010001
0000010010100010000000011000100010010010001
0000000011100010000000001000100010010010001
0000000011100010000000001000100010010010001
0000110010100110000000011001000000000110001
0000100010100110001000101001000000001100001
0000100000100110000001001000000000000001001
0000100011100110000000001001000000000110001
0000100001100110000000011000000000000110001
0001000010100010101000101000100010100000001
0000100001100110000000001000000000000110101
0000001010101110000000011000000000010010001
0000100001100110000000001000000000000110101
0001010010100010101000101000000000100010001
0000010010100010001000101001100010000010001
0000100000100110000000001000100010000110101
0000010001100010000000001000100010000010001
0011000011100010100000011000000000000010101
0000100010100110000000001000100010010100001
0000100010100110000000001000100010010100001
0000000100100010010000111000000100001010101
0000000011100010000000111001000000001010001
0000000011100010000000111001000000001010001
0000000011100010000000111001000000001010001
0000000011100010000000111001000000001010001
0000000010100010000000111001100010001010001
0000000010100010011000111000100010010010001
0000011010101110000000001001000000000010001
0000000011100010100000011000100010000010101
0000000011100010100000011000100010000010101
0000000011100010100000011000100010000010101
0000000100100010011000111000000100001010101
0000001000101110001000101000000000001000001
0000000011100010000000101001000000001010101
0000000011100010000000101001000000001010101
0001000010100010110000101000100010100000001
0000000011100010000000011001100010000010101
0000000011100010000000011001100010000010101
0011000000100010000010011000100101000010001
0000101010101110000000001000000000010100001
0000101010101110000000001000000000010100001
0001000011100010000000011001000000100010101
0001000011100010000000011001000000100010101
0001000011100010000000011001000000100010101
0000000011100010000000011001100001000010101
0000000011100010000010001001100101000010001
0000000011100010000010001001100101000010001
0000000011100010000010001001100101000010001
0001000010100010000000011001100010100010101
0001000010100010000000011001100010100010101
0011000010100010000000011000100010010010001
0000010010100010000000111000000000011010001
0000000001100010000010011000100101000010001
0011100010100110000000011001000000000110001
0000110010100110100000011000000000000110101
0000000011100010000000011000100010010010001
0000000011100010000000011000100010010010001
0000000011100010000000011000100010010010001
0000000011100010000000011000100010010010001
0000000011100010000000011000100010010010001
0000100000100110000001001000000000000101001
0000100011100110000000011001000000000110001
0000100011100110100000001000000000000110101
0000100011100110000000011001000000000110001
0000100011100110000000011001000000000110001
0000010010100010000000011000100010010010101
0000010010100010000000011000100010010010101
0000100010100110000000011001100010000110001
0000100010100110000000011001100010000110001
0011000001100110000000011000000000000010001
0000000011100010000000001000100010010010101
0000000011100010000000001000100010010010101
0000010011100010100000001000100010000010001
0000100000100110000000101000000000001110101
0000100011100110000000001001000000000110101
0000000010100010111010101000100101001000001
0000010010100010000000011000100001010010101
0001000011100010000000001000000000110010101
0000100010100110000000011001100001000110001
0000010011100010000000001001100010000010001
0000010001100010000000011000100010000010001
0000010011100010001000101001000000000010101
0000000110100010000000101001100110001000001
0000001011101110100000001000000000000010001
0000010001100010000000011000100001000010001
0000010001100010000000011000100001000010001
0000000001100010001000111000100001000010001
0011010010100010001000101000000000010010001
0000010010100010010000101000000000011010101
0000010110100010001000101001000100001010001
0000001001101110000000011000000000000010001
0000011010101110000000001001000000000010101
0000100010100110100001001000000000000101001
0000000011100010000000111000000000011010001
0000001010101110000000001000100010010000001
0011000011100010000000011000000000010010101
0011000011100010000000011000000000010010101
0000000011100010000010001001100101000010101
0000000011100010000010001001100101000010101
0000100010100110000001001001000000000101001
0011000010100010000000101001100010001000001
0000000011100010000000011000100010010010101
0000000011100010000000011000100010010010101
0000000011100010000000011000100010010010101
0000010011100010100000011000100010000010001
0000010011100010100000011000100010000010001
0000000011100010101000111000100010000010001
0000100011100110000000011001000000000110101
0000000011100010001000101000000000011010101
0000010010100010000010011000100101010010001
0011000011100010000000001001100010000010001
0000100010100110000000011001100010000110101
0000100010100110100000011000100001000110101
0011000001100010000000011000100010000010001
0011000001100010000000011000100010000010001
0000010011100010000000011001100010000010001
0000010011100010000000011001100010000010001
0011000001100010000000011000100001000010001
0001010011100010000000011001000000100010001
0001010011100010100000001000000000100010101
0000100010100110000001001000000000010001001
0000010011100010000000011001100001000010001
0000010011100010000000011001100001000010001
0000100011100110000000011000000000010110001
0011010000100010000010001000100101000010001
0000000001100010001000111000100010000010101
0001000010100010011000101000100001110000001
0000100010100110000000011000100010010110001
0000100010100110000000011000100010010110001
0000010010100010010000111000000000011010101
0000000101100010000000111000000100001010001
0001010010100010000000001001100010100010101
0001010010100010000000001001100010100010101
0000000011100010011000111000000000011010001
0000010010100110000000011000100010010010001
0000100011100110000000001000000000010110101
0000001010101110100010001000100101000000001
0000100010100110000000001000100010010110101
0000100010100110000010001000100101010100001
0001000001100010000000001000100010100010101
0000010011100010000000001000100010010010001
0011000011100010000000011001000000100010001
0000110001100110000000011000000000000110001
0000110001100110000000011000000000000110001
0000000100100010001000101000100110001010101
0000000011100010000010011001100101000010101
0000110001100110000000011000000000000010101
0000110000100110000000011000100001000110001
0000010011100010100000111000000000001010001
0000100010100110000001011001000000000011001
0000000011100010100000101000100010001010001
0000000001100010011010101000100101000010001
0000001010101110101000101000100001000000001
0011000011100010000000001001100010000010101
0000000001100010000000111000100010001010001
0000100010100110000001001000000000010101001
0000100010100110000001001000000000010101001
0000100010100110000001001000000000010101001
0000010000100010000000111000100010001010101
0000100010100110000000111000000000011110001
0000100010100110000000111000000000011110001
0001000011100010000000011001100010100010001
1000000000100111000100001000110010000000001
0000000110100010100000111000100101001010001
0011000011100010001000111000000000010010001
0000000011100010001010101001100101000010001
0000000011100010001010101001100101000010001
0001000011100010000000001001100010100010101
0000100011100110010000101000000000010010001
0000001011101110000000011001000000000010101
0000001011101110000000011001000000000010101
0001010010100010000010001001100101100010001
0000000011100010001000111000100010010010001
0011000010100010001000111000100001010010001
0000110011100110000000011001000000000110001
0000110011100110000000011001000000000110001
0000110011100110000000011001000000000110001
0000110011100110000000011001000000000110001
0000010011100110100000001000100010000010001
0001010011100010000000011000000000110010001
0000010010100010000000101000100001011010001
0001000011100010110000111000000000100010101
0000010011100010000000001000100010010010101
0000010011100010000000001000100010010010101
0000100011100110000000001001100010000110001
0000010011100010000000011000100001010010001
0000100001100110000000011000100010000110001
0000100001100110000000011000100010000110001
0000100001100110000000011000100010000110001
0001100011100110000000001001000000100110001
0001010010100010000000001000100010110010101
0000100011100110000000001001100010000010101
0000001011101110000000011000000000010010001
0000001011101110000000011000000000010010001
0000100010100110000001011001000000000111001
0011001010101110000000001001100010000000001
0000100001100110000000001000100001000110101
0011000001100010000000111000000000001010101
0000000011100010010000101000100010010010101
0000101000101110000000011000100010000110001
0000011011101110000000001001000000000010001
0000100011100110000000001000100010010010001
0000011011101110000000001001000000000010001
0000000011100010001000111001100010001010001
0000000011100010001000111001100010001010001
0000000001100010000000111000100010001010101
0000000001100010000000111000100010001010101
0011000011100010000000011001100001000010101
0000101010101110000000001000100010010100001
0000101010101110000000001000100010010100001
0011000011100010000000011000100010010010001
0000000110100010000000111001100110001010101
0011010011100010000000011000000000010010101
0011100011100110100000001000000000000110101
0000100011100110100000011000100010000110001
0011000011100010000000001000100010010010101
0000100011100110000000011001100010000110001
0000100011100110000000011001100010000110001
0000100000100110001001101000000000001001001
0001000011100010000000011000100010110010001
0000101000101110001000101000100010000100001
0001100000100110000001001000000000100101001
0000010011100110000000011001100010000010001
0000100011100110000000001001100010000110101
0000010011100010000000011000100001010010101
0000100011100110000000001001100010000110101
0000110010100110000000011001100001000110101
0000001010101110000000011000100010010010101
0000101000101110000001001000000000000101001
0000101011101110000000011001000000000110001
0011101000101110000000011000000000000110101
0000100110100110001000101001000100001110101
0000100011100110000000011000100010010010001
0000100011100110000000001000100010010110001
0011000011100010001000111001000000001010101
0000001011101110000000001001100010000010001
0000111000101110010000101000000000000110001
0001100011100110000000001000000000110110001
0000010011100010110000101000100010000010101
0000100011100110000000001000100001010110001
0000100010100110000001011000000000010111001
0000100010100110010001101000000000010001001
0000101011101110000000001000000000010110001
1000000000100111000100011000110010000010001
0000110010100110100001001000000000000111001
0011100010100110000000011000000000110110001
0000100011100110000000111001000000001110001
0000100010100110000001001001100010000101001
0000100010100110000001001001100010000101001
0000100010100110000001001001100010000101001
0000100010100110000001001001100010000101001
0011000011100010000010001000100101010010001
0000010011100010000000101001100010001010001
0000100000100110000011001000100101000001001
0011000001100110000000011000100001000010101
0000101011101110100000011000000000000110101
0100100010100110000001011001000000000111001
0100100010100110000001011001000000000111001
0000000011100010010000111000100010011010001
0000100011100110000000011000100010010110001
0011100010100110000000001000100010010110101
0000000111100010000000101001100110001010001
0001010011100010000000011001100001100010001
0011110011100110000000001001000000000110001
0000100011100110000000001000100010010110101
0000100011100110000000011000100001010110001
0000110011100110100000011000100010000010001
0000000101100010000000101000100110001010101
0000010110100010001000101001100110001010101
0000010110100010001000101001100110001010101
0000001001101110000000011000100010000010101
0011000011100010000000011001100010100010001
0011000011100010000000011001100010100010001
0000110001100110000000011000100010000110001
0000100001100110001000111000100010000110001
0000110001100110000000011000100001000110001
0001100110100110000000101001000100101100001
0000110011100110110000111000000000000110001
0000001011101110000000001000100010010010001
0000111011101110100000001000000000000110001
0000100011100110000001001001000000000111001
0000100001100110000001011000000000000111001
0011000011100010011000101000100010010010001
0011100011100110100000001000000000100110001
0000110010100110000001011001000000000011101
1000000011100111000100001000010000010010001
0000101001101110000000001000100010000110001
0000100010100110000001001000100010010101001
0000110010100110000001011000000000010011001
0100100010100110000001011001000000000111101
0011100011100110000000001001100010000110001
0000110011100110000000011001100010000110001
0000110011100110000000011001100010000110001
0000110011100110000000011001100010000110001
0000110011100110001000101001000000001110001
0011100011100110000000001001100010000010101
0000110011100110000000001001100010000110101
0000110011100110000000001001100010000110101
0000110011100110000000001001100010000110101
0000101010101110000000011000100010010110101
0000100011100110000001011001000000000111001
0000100011100110000001011001000000000111001
0000101011101110101000101000000000000110101
0000101010101110001000101001100010001100001
0000100011100110000001001001000000000111101
0000101010101110101000111000100001000110001
0000101010101110101000111000100001000110001
0000110011100110000000001000100010010110001
0000011011101110001000111001000000000010001
0000011011101110001000111001000000000010001
0011000011100010011000101000100010010010101
0011101010111110000000011001100010000010001
0000101001101110000000011000100010000110001
0001001010101110000000001000100010110010101
0000101001101110000000011000100001000110001
0000111010101110000000001001100001000110101
0011000011100010000000001000100001110010101
0000001011101110010000111000000000010010101
0000100010100110000000111000100010011110101
1000001010101111000100011000010000010010001
0000100011100110000001001000000000010011101
0000100001100110011010101000100101000110001
0000110011100110100000011000100010000110101
0001010011100010110000111000000000001010111
0000110011100110000000011001100010000110101
0000100001100110000001001000100010000011001
0000001000101110000010101000100101001010101
0100110010100110100001011000000000000111001
0001000111100010000000111000000100111010001
0100100011100110100001001000000000000111001
0100100011100110100001001000000000000111001
0000001011101110000000011000100010010010101
0000000111100010000000101000100101011010101
0011110010100110000000011000100001010110001
0000101011101110000000011001100010000110001
0000101011101110000000011001100010000110001
0000101011101110000000001001100010000110101
0000101001101110000000011000100010000110101
0000100011100110000001011000000000010111001
1000110010100111000100011001010000000110101
0000110010100110000001011000000000010111101
0000111011101110000000011000000000010110001
0000111011101110000000011000000000010110001
0000111011101110000000011000000000010110001
0000111011101110000000011000000000010110001
0000111011101110000000011000000000010110001
0100110010100110000001011000000000010011001
1000100000100111000100011000110010000110101
0011100011100110000000011000000000110110001
0000100011100110100001001000100010000011001
0011110010100110000000011000000000110110101
0000100011100110001001101001000000000111001
0000110010100110011000111000100010010110101
0000100011100110000001001001100010000011001
0000100011100110000001001001100010000011001
0000100011100110000001001001100010000011001
0011000100100010001000111000100110101010001
0011000100100010001000111000100110101010001
0000101010101110010000111000100010010110001
0001010011100010010000101000100001010010011
0011101010101110000000011000000000110110001
0011100011100110001000111000000000010110101
0111100010100110000001001001000000000111101
0100100011100110000001001001000000000111101
0000101011101110000000011001100010000110101
0100100001100110000001011000000000000111101
0100100000100110000001011000100010000111101
1000100011100111000100011001010000000110101
0000110011100110100001011000000000000111001
0000101011101110000000011000100010010110001
0000101011101110000000011000100010010110001
0000101011101110000000011000100010010110001
0011101010101110000000011000100001010110001
0100101010101110000001001001000000000111101
0000101011101110000000001000100010010110101
0000101011101110000000001000100010010110101
0000001011101110111000111000100010000010101
0011010011100010000000011000100010110010001
1000100010100111001100111000010000010110101
1000101010101111000100011001010000000110101
0000100011100110000001001001100010000011101
0011100010100110000001001000100010010101001
0001010011100010010000111000100001010010011
0000111010101110000001011001000000000111001
0000001011101110000000111001100010001010001
0100100011100110000001011001000000000111101
0011001011101110000000011001100010000010101
0100100010100110000001011001100010000111101
0011000011100010100000111000100010101010001
0100100010100110000001011001100010000111101
1000010001100111000100001000110010000010001
0100100011100110000001011000000000010111001
0000100011100110100001011000100010000111001
0100100011100110000001001000000000010111101
0000100011100110000001011001100010000111001
0000111011101110000000011001100010000110001
0000111011101110000000011001100010000110001
0000111011101110000000011001100010000110001
1000100011100111000100011000010000010110101
1000100011100111000100011000010000010110101
0100110001100110000001011000000000000111001
0100100001100110000001001000100010000111001
1000110011100111000100011001010000000110001
0100110000100110000001011000100001000111001
0100101010101110000001001000000000010111101
0001101001101110000000011000100010100110001
1000110011100111000100001001010000000110101
0000110011100110000001001000000000010111101
0000101001101110000001011000000000000111101
0011110010100110000001001001100010000011001
1000101011101111000100001001010000000110001
0100100010100110000001011000100010010111101
0100100010100110000001011000100010010111101
0100100010100110000001011000100010010111101
0000101100101110010000111000100110001110001
0011101011101110000000011001100010000110001
0100110011100110000001011001000000000111001
0000100111100110000000101001100110001110101
0000101011101110000000101001100010001110001
0100110010100110000001011001100010000111001
0011101011101110000000001001100010000110101
0100100011100110000001001001100010000111001
0100100011100110000001001001100010000111001
0100100011100110000001001001100010000111001
0100100001100110000001011000100010000111001
0100100001100110000001011000100010000111001
0001101011101110000000011001100010100110001
0011111010101110000000011000100010010110001
0001101011101110000000011001100001100110001
0001100111100110000000111000000100111010001
0000100010100110001001111000100010010111101
0001100000100110000011011000100101100011101
1000001011101111000100011000010000010010101
0000101011101110111000111000100010000110101
0011100010100110001000111000100010110110101
0011100010100110001000111000100010110110101
1000101011101111000100011001010000000110001
1000010100100111000100111000010100001010101
0000100000100110010011111000100101001011001
1001110010100111000100011000010000110110001
0000100111100110000000111001100110001110101
0000110011100110000000111000100010011110001
0100100011100110000001011001100010000111001
0100100011100110000001011001100010000111001
0100100011100110000001011001100010000111001
1000101011101111000100001000010000010110001
0100100011100110000001001001100010000111101
0100100011100110000001001001100010000111101
0100100011100110000001011001100001000111001
0011001011101110110000111000100010000010101
0000110011100110000001101001000000001111001
0011110011100110000001001001000000000111101
0001101011101110000000011000100010110110001
0001101011101110000000011000100010110110001
0011101011101110000000001000100001010110101
0100100011100110000001001000100001010111001
0011100011100110000000011000100010110110101
0011100011100110000000011000100010110110101
0111100010100110010001111000000000010111001
1000100011100111000100001000110010010110101
0111100010100110000001011001100010000111101
0001101010101110010000111000100010010110111
0000101011101110000000111001100010001110101
1000010001100111001100101000110001000010101
1000010001100111001100101000110001000010101
0011101011101110000000011000100010010110101
0100100011100110000001011000100010010111001
1000101001101111000100001000110010000110001
0011100011100110000001001001100010000111101
1011100011100111000100001001110010000110001
0011101010101110100001011000100001000111001
0100100011100110001001101001100001000111001
0011100011100110001000101001100010101110001
0100111011101110000001001001000000000111001
0000111011101110001000111000100010010110001
0100111001101110000001011000000000000111001
0100100011100110000011011001100101000111001
0011110011100110000000111001100001001110001
1000111010101111000100011001110010000110001
0111100011100110100001001000100010000111001
0100100011100110000001011000100010010111101
1000101011101111000100001001110001000110001
0101100000100110000011011000100101100111101
0000101011101110000001011000100001010011001
0111100011100110000001001001100010000111001
0100110011100110000001001001100010000111101
0100110011100110000001001001100010000111101
0100110011100110000001001001100010000111101
0100101010101110000001011000100010010111101
0100101010101110000001011000100010010111101
0100101010101110000001011000100010010111101
0011101010101110100001011000100001000111101
0011110011100110000010011001100101100110001
1000110011100111000100011001110010000110101
0000101111101110001000111001100110001110001
0000101111101110001000111001100110001110001
0011111011101110000000001000100010010110101
0111100011100110000001011001000000100111001
0100111011101110000001001001000000000111101
0101110010100110000001001000100010110111001
1000101011101111000100011001110010000110001
0100111011101110000001001000000000010111001
0111100011100110000001001001100010000111101
1000111010101111000100011000110010010110001
0001011011101110000000111001100010101010001
0101100011100110000001001001100010100111101
0100101011101110000001011001100010000111001
1011100011100111000100011000110010010110001
0111100001100110010001101000000000100111001
0001111011101110001000101000000000111110101
1100100011100111000101001001010000000111101
0111100011100110000001001000000000110111101
1001100011100111001100101001011000100110101
1000101011101111000100011000110010010110001
0100100011100110001001111001100010001111001
0100100011100110000001101001100010001111101
0100110011100110000011011001100101000111001
0011110111100110000000111001100110001110001
0111110011100110000001001001100010000111001
1011100011100111000100001001111010000110101
0100101011101110000001011000100010010111001
0100100011100110010001101000100010011111001
0100111001101110000001011000100010000111001
0100101001101110001001111000100010000111001
1100110010100111000101001001110010000111001
1011011001101111000100011000110010000010001
0001111111101110110000111000000100101110001
1011100010100111001101111000010000010111001
0000111011101110000001011000100010010011101
1000111011101111000100001000110010010110001
0111110011100110000001001001100001000111101
0100101011101110000001011000100010010111101
1011100011100111000100011000111010010110001
0100111011101110000001011001100010000111001
1011100011100111000100011000111010010110001
0100111011111110000001011001100010000111001
1001100011100111001110101001110101100110001
1100100011100111000101001001110010000111001
1100100001100111000101011000110010000111001
1001100011100111000100001000111010110110101
0111110010100110000001011000100010110111001
1000101011101111000100001000111010010110101
0111101011101110000001011001100010000111001
0111100011100110100001011000100010100111101
1111100010100111000101001001110010000111101
0100111011101110000001011000100010010111001
0100101011101110001001101000100010010111101
1100100011100111000101001000110010010111001
0000101111111110000001101001100110001111001
1011100011100111000100001001111010100110101
1100101011101111000101001000010000010111001
0000101111101110000001101001100101001011101
0000111111101110000001101000000100011111001
1100100011100111000101011001110010000111101
0100111011101110000001011000100010010111101
0101101011101110000001011000100010110111001
1100100011100111000101011000110010010111001
1000101110101111000101101000010100011101001
1000101110101111000101101100010100011001001
0011111011101110010000101000100010110110101
0101111011101110000001001001100010100111001
1000101011101111000101001001110010000111101
0001101101101110011001111000000100101111101
1100100011100111000101011001111010000111001
0100101111101110000001101001100110001111001
0100111011101110001001111000100010010111001
1001111010101111011100101000110010110110101
1011111011101111000100011000110010010110001
1100100011100111000101001000111010010111001
0111110011100110000001001000100010110111101
0111101011101110000001001001100010100111101
1000101011101111000101011100011000010111001
1101101011101111000101001001010000100111001
0011101111101110001000111000100110111110001
1001100011100111000101001001111010100111001
0101101001101110011001101000100010101111001
0111111011101110000001011001100010000111101
0011101111101110001000111000100110111010101
1111100011100111000101101001010000001111001
1111100011100111000101011001110010000111001
1100110011100111000101011001110010000111101
0100101111101110000001101001100101001111101
1011101010101111000101001001110010100011101
1100111011101111001101101001010000000111001
1111100011100111000101011000110010010111001
1100101011101111000101011001110010000111101
0111100111100110010001101000100110011111101
1000111011101111001101101101011000000011001
1101110011100111000101011000010000110111101
1101100011100111000101001001111010100111001
1111101010101111000101001000110010010111101
1100110011100111000101001000111010010111001
1100110011100111000101001000111010010111001
1111100010100111000101011001111001100111001
0111100101100110010001101000100110101111101
0111100101100110010001101000100110101111101
0101101110101110001001111000100110111111101
1100101011101111000101011000110010010111101
1100101011101111000101011000110010010111101
1100101011101111000101011001111010000111001
1100101011101111000111001000110101010111001
1100101011101111000101001001111010000111101
1100101011101111000101001001111010000111101
0101101011101110000001111000100010111111101
1111101010101111000101001001110010100111101
0001100111100110010001111000100110111111111
1100101011101111000101011001111010000111101
1100101011101111000101011001111010000111101
1111101011101111000101001001110010000111101
0111100111100110000001101000100110111111101
1111111010101111000101011000110010010111001
1100101011101111000101011000111010010111001
1100101011101111000101011000111010010111001
1100111011101111000101011000011000010111101
1100111010101111000101011000111010010111101
1100111011101111000101011000110010010111001
1100101011101111000101001000111010010111101
1101101010101111000101011000111010110111001
1101101011101111000101001000011000110111101
1100101001101111001101111000111010000111001
1100111001101111000101001000111010000111101
1111101010101111000101001001111010100111101
1100101011101111000101011100111010010111101
1111101011101111000101011000110010010111101
1101110011100111000101011000111010110111001
1101101011101111000101001000111010110111001
1100111011101111000101111001110010001111001
1111101011101111000101011000111010010111001
1111101011101111000101011000111010010111001
1111111011101111000101011000110010010111001
1100111011101111000101011000111010010111101
1111100011100111000101011000111010110111101
1101101011101111000101001000111010110111101
1101111001101111000101011000111010100111001
1101101011101111000101011000111010110111101
1001101011101111000111101000110101111111001
0101111111101110010001111000100110111111101
1101111011101111000101001000111010110111001
1111101110101111000101111000110110011111101
1100101111101111000101111001111110001111001
1100101111101111000101111001111110001111001
1100101111101111000101101000111110011111001
1101101011101111010101101000111010110111101
1111111011101111000101001001111010100111001
1111101110101111000101111000111110011111001
1111101011101111010101101000111010011111101
1111101111101111000101111001110110101111001
1111101111101111000101111001111110101111001
