0000000000000000000000000
0000000000000000000000000
0000000000000000000000000
0000000000000000000000000
0000000000000000000000000
0000000000000000000000000
0000000000000000000000000
0000000000000000000000000
0000000000000000000000000
0000000000000000000000000
0000000000000000000000000
0000000000000000000000000
0000000000000000000000000
0000000000000000000000000
0000000000000000000000000
0000000000000000000000000
0000000000000000000000000
0000000000000000000000000
0000000000000000000000000
0000000000000000000000000
0000000000000000000000100
0000000000000000000000100
0000000000000000000000100
0000000000000000000001000
0000000000000000000001000
0000000000000000000001000
0000000000100000000000000
0000000000100000000000000
0000000000000000000000101
0000000001000000000000101
