0000000000000000000000000
0000000000000000000000000
0000000000000000000000000
0000000000000000000000000
0000000000000000000000000
0000000000000000000000000
0000000000000000000000000
0000000000000000000000000
0000000000000000000000000
0000000000000000000000000
0000000000000000000000000
0000000000000000000000000
0000000000000000000000000
0000000000000000000000000
0000000000000000000000000
0000000000000000000000000
0000000000000000000000100
0000000000000000000000100
0000000000000000000000100
0000000000000000000000010
0000000000000000000001000
0000000000000000000000010
0000000000000000000001000
0000000000100000000000000
0000010000000000000000000
0000000010000000000000000
0000000000000000000000101
0000000000000001000000110
1000000000100000000000100
0100000000010000000001000
