315.0 -74.4
326.0 -81.6
326.0 -81.6
331.0 -82.8
331.0 -82.8
331.0 -82.8
331.0 -82.8
331.0 -82.8
331.0 -82.8
337.0 -85.2
337.0 -85.2
337.0 -85.2
337.0 -85.2
342.0 -90.0
342.0 -90.0
342.0 -90.0
342.0 -90.0
342.0 -90.0
342.0 -90.0
342.0 -90.0
342.0 -90.0
342.0 -90.0
342.0 -90.0
342.0 -90.0
342.0 -90.0
342.0 -90.0
344.0 -93.6
344.0 -93.6
344.0 -93.6
349.0 -94.8
349.0 -94.8
349.0 -94.8
350.0 -98.4
350.0 -98.4
353.0 -100.8
353.0 -100.8
353.0 -100.8
353.0 -100.8
359.0 -105.6
359.0 -105.6
359.0 -105.6
359.0 -105.6
359.0 -105.6
359.0 -105.6
359.0 -105.6
366.0 -106.8
366.0 -106.8
369.0 -109.2
369.0 -109.2
371.0 -110.4
371.0 -110.4
371.0 -110.4
382.0 -112.8
382.0 -112.8
382.0 -112.8
382.0 -112.8
382.0 -112.8
382.0 -112.8
382.0 -112.8
382.0 -112.8
382.0 -112.8
382.0 -112.8
382.0 -112.8
382.0 -112.8
382.0 -112.8
384.0 -114.0
384.0 -114.0
387.0 -118.8
387.0 -118.8
387.0 -118.8
388.0 -120.0
401.0 -123.6
401.0 -123.6
401.0 -123.6
401.0 -123.6
413.0 -124.8
413.0 -124.8
413.0 -124.8
413.0 -124.8
414.0 -126.0
416.0 -128.4
423.0 -134.4
423.0 -134.4
423.0 -134.4
429.0 -135.6
441.0 -136.8
442.0 -141.6
442.0 -141.6
442.0 -141.6
442.0 -141.6
448.0 -142.8
448.0 -142.8
459.0 -144.0
459.0 -144.0
459.0 -144.0
460.0 -145.2
460.0 -145.2
460.0 -145.2
460.0 -145.2
460.0 -145.2
460.0 -145.2
460.0 -145.2
460.0 -145.2
460.0 -145.2
460.0 -145.2
460.0 -145.2
460.0 -145.2
460.0 -145.2
460.0 -145.2
460.0 -145.2
461.0 -146.4
461.0 -146.4
461.0 -146.4
465.0 -148.8
465.0 -148.8
465.0 -148.8
465.0 -148.8
465.0 -148.8
465.0 -148.8
467.0 -150.0
467.0 -150.0
467.0 -150.0
473.0 -151.2
473.0 -151.2
477.0 -153.6
477.0 -153.6
477.0 -153.6
477.0 -153.6
479.0 -154.8
479.0 -154.8
489.0 -156.0
490.0 -157.2
490.0 -157.2
494.0 -160.8
494.0 -160.8
501.0 -163.2
501.0 -163.2
501.0 -163.2
507.0 -164.4
513.0 -168.0
513.0 -168.0
524.0 -170.4
524.0 -170.4
526.0 -171.6
526.0 -171.6
526.0 -171.6
526.0 -171.6
526.0 -171.6
532.0 -172.8
532.0 -172.8
532.0 -172.8
532.0 -172.8
532.0 -172.8
532.0 -172.8
532.0 -172.8
537.0 -174.0
537.0 -174.0
537.0 -174.0
537.0 -174.0
537.0 -174.0
537.0 -174.0
537.0 -174.0
537.0 -174.0
537.0 -174.0
537.0 -174.0
537.0 -174.0
537.0 -174.0
537.0 -174.0
537.0 -174.0
537.0 -174.0
537.0 -174.0
537.0 -174.0
537.0 -174.0
537.0 -174.0
537.0 -174.0
537.0 -174.0
537.0 -174.0
537.0 -174.0
537.0 -174.0
537.0 -174.0
537.0 -174.0
537.0 -174.0
537.0 -174.0
539.0 -175.2
539.0 -175.2
539.0 -175.2
539.0 -175.2
539.0 -175.2
539.0 -175.2
539.0 -175.2
539.0 -175.2
539.0 -175.2
539.0 -175.2
539.0 -175.2
539.0 -175.2
539.0 -175.2
539.0 -175.2
539.0 -175.2
539.0 -175.2
539.0 -175.2
542.0 -176.4
542.0 -176.4
542.0 -176.4
549.0 -178.8
549.0 -178.8
549.0 -178.8
549.0 -178.8
549.0 -178.8
549.0 -178.8
549.0 -178.8
549.0 -178.8
549.0 -178.8
549.0 -178.8
549.0 -178.8
549.0 -178.8
549.0 -178.8
549.0 -178.8
549.0 -178.8
549.0 -178.8
549.0 -178.8
549.0 -178.8
549.0 -178.8
549.0 -178.8
549.0 -178.8
549.0 -178.8
549.0 -178.8
549.0 -178.8
549.0 -178.8
551.0 -180.0
551.0 -180.0
551.0 -180.0
561.0 -183.6
561.0 -183.6
561.0 -183.6
561.0 -183.6
570.0 -184.8
570.0 -184.8
570.0 -184.8
570.0 -184.8
570.0 -184.8
574.0 -187.2
574.0 -187.2
574.0 -187.2
574.0 -187.2
574.0 -187.2
574.0 -187.2
574.0 -187.2
574.0 -187.2
574.0 -187.2
574.0 -187.2
574.0 -187.2
574.0 -187.2
574.0 -187.2
574.0 -187.2
574.0 -187.2
574.0 -187.2
574.0 -187.2
574.0 -187.2
574.0 -187.2
574.0 -187.2
574.0 -187.2
574.0 -187.2
580.0 -188.4
580.0 -188.4
580.0 -188.4
580.0 -188.4
580.0 -188.4
587.0 -190.8
587.0 -190.8
587.0 -190.8
587.0 -190.8
593.0 -192.0
593.0 -192.0
593.0 -192.0
593.0 -192.0
593.0 -192.0
593.0 -192.0
593.0 -192.0
593.0 -192.0
593.0 -192.0
593.0 -192.0
593.0 -192.0
593.0 -192.0
593.0 -192.0
593.0 -192.0
593.0 -192.0
597.0 -193.2
597.0 -193.2
597.0 -193.2
597.0 -193.2
597.0 -193.2
597.0 -193.2
597.0 -193.2
597.0 -193.2
597.0 -193.2
597.0 -193.2
597.0 -193.2
597.0 -193.2
597.0 -193.2
599.0 -194.4
599.0 -194.4
599.0 -194.4
606.0 -195.6
606.0 -195.6
606.0 -195.6
606.0 -195.6
606.0 -195.6
609.0 -196.8
616.0 -199.2
622.0 -200.4
622.0 -200.4
622.0 -200.4
622.0 -200.4
622.0 -200.4
623.0 -201.6
623.0 -201.6
623.0 -201.6
631.0 -202.8
631.0 -202.8
635.0 -205.2
637.0 -207.6
637.0 -207.6
637.0 -207.6
648.0 -210.0
648.0 -210.0
648.0 -210.0
648.0 -210.0
650.0 -211.2
650.0 -211.2
650.0 -211.2
666.0 -216.0
666.0 -216.0
673.0 -218.4
673.0 -218.4
673.0 -218.4
673.0 -218.4
679.0 -219.6
683.0 -220.8
683.0 -220.8
683.0 -220.8
683.0 -220.8
685.0 -222.0
685.0 -222.0
685.0 -222.0
685.0 -222.0
685.0 -222.0
685.0 -222.0
685.0 -222.0
691.0 -223.2
696.0 -224.4
696.0 -224.4
696.0 -224.4
698.0 -225.6
698.0 -225.6
698.0 -225.6
698.0 -225.6
698.0 -225.6
698.0 -225.6
698.0 -225.6
698.0 -225.6
698.0 -225.6
698.0 -225.6
698.0 -225.6
698.0 -225.6
708.0 -228.0
708.0 -228.0
715.0 -229.2
717.0 -230.4
721.0 -231.6
721.0 -231.6
721.0 -231.6
721.0 -231.6
721.0 -231.6
721.0 -231.6
721.0 -231.6
721.0 -231.6
721.0 -231.6
728.0 -232.8
728.0 -232.8
728.0 -232.8
734.0 -234.0
734.0 -234.0
734.0 -234.0
734.0 -234.0
734.0 -234.0
734.0 -234.0
738.0 -235.2
738.0 -235.2
740.0 -236.4
744.0 -237.6
744.0 -237.6
753.0 -238.8
753.0 -238.8
759.0 -240.0
759.0 -240.0
759.0 -240.0
759.0 -240.0
759.0 -240.0
759.0 -240.0
759.0 -240.0
759.0 -240.0
759.0 -240.0
759.0 -240.0
759.0 -240.0
759.0 -240.0
759.0 -240.0
759.0 -240.0
763.0 -242.4
763.0 -242.4
763.0 -242.4
763.0 -242.4
763.0 -242.4
772.0 -243.6
772.0 -243.6
772.0 -243.6
772.0 -243.6
776.0 -246.0
776.0 -246.0
776.0 -246.0
791.0 -247.2
791.0 -247.2
795.0 -249.6
795.0 -249.6
795.0 -249.6
814.0 -252.0
814.0 -252.0
814.0 -252.0
814.0 -252.0
814.0 -252.0
814.0 -252.0
814.0 -252.0
814.0 -252.0
814.0 -252.0
814.0 -252.0
814.0 -252.0
814.0 -252.0
814.0 -252.0
824.0 -253.2
824.0 -253.2
834.0 -255.6
834.0 -255.6
834.0 -255.6
834.0 -255.6
834.0 -255.6
834.0 -255.6
834.0 -255.6
834.0 -255.6
834.0 -255.6
834.0 -255.6
834.0 -255.6
834.0 -255.6
834.0 -255.6
834.0 -255.6
834.0 -255.6
834.0 -255.6
834.0 -255.6
834.0 -255.6
834.0 -255.6
838.0 -258.0
838.0 -258.0
838.0 -258.0
847.0 -259.2
847.0 -259.2
853.0 -260.4
853.0 -260.4
872.0 -261.6
876.0 -266.4
876.0 -266.4
889.0 -270.0
942.0 -271.2
942.0 -271.2
942.0 -271.2
942.0 -271.2
942.0 -271.2
942.0 -271.2
942.0 -271.2
942.0 -271.2
942.0 -271.2
942.0 -271.2
942.0 -271.2
942.0 -271.2
955.0 -276.0
974.0 -279.6
974.0 -279.6
974.0 -279.6
974.0 -279.6
999.0 -282.0
1018.0 -284.4
1018.0 -284.4
1050.0 -285.6
1080.0 -286.8
1080.0 -286.8
1080.0 -286.8
1080.0 -286.8
1080.0 -286.8
1080.0 -286.8
1116.0 -289.2
1231.0 -291.6
1231.0 -291.6
1280.0 -292.8
