11111000000000000001001100110000000000000000000011
11111000000000000001001100110000000000000000000011
11111000000000000001001100110000000000000000000011
11111000000000000001001100110000000000000010000011
11111000000000000001001100110000000000000010000011
11111000000000000001001100110000000000000010000011
11111000000000000001001100110000000000000010000011
11111000000000000001001100110000000000000010000011
11111000000000000001001100110000000000000010000011
11111000000000000001001100110000000000000010000011
11111000000000000001001100110000000000000010000011
11111000000000000001001100110000000000000010000011
11111000000000000001001100110000000000000010000011
11111000000000000001011100110000000000000000000011
11111000000000000001001100111000000000000010000011
11111000000000000001011100110000100000000000000011
11111000000000000001011100110000100000000000000011
11111000000000000001011100110000100000000000000011
11011000000000000010001100111110100000000000000011
11011000000000000010001100111110100000000000000011
11111000000000000001011100110100100000000000000011
11111000000000000010001100111110100000000000000011
11111000000000000010001100111110100000000000000011
11111000000000000010001100111110100000000000000011
11111000000000000010001100111110100000000000000011
11111000000000000010001100111110100000000000000011
11111000000000000010001100111110100000000000000011
11111000000000000010001100111111100000000000000011
11111000000010000000010110111111000000000000000011
11111000000010000000010110111111000000000000000011
11111000000000000000000110111111101000000010000011
11111000000010000001010100111111100000000000000011
11111000000010000001010110111111100000000000000011
11111000000010000001010110111111100000000000000011
11111000000000000001111100111111100000000010000011
11111000000000000001111100111111100000000010000011
11111000000000000001111100111111100000000010000011
11111000000000000001111100111111100000000010000011
11111000000000000001111100111111100000000010000011
11111000000000000001111100111111100000000010000011
11111000000000000001111100111111110000000000000011
11111000000000000001111100111111110000000000000011
11111000000010000001011110111111100000000010000011
11111000000010000001011110111111100000000010000011
11111000000010000001011110111111100000000010000011
11111000000010000001011110111111100000000010000011
11111000000010000001011110111111100000000010000011
11111000000010000001011110111111100000000010000011
11111000000010000001011110111111100000000010000011
11111000000010000001011110111111100000000010000011
11111000000010000001011110111111100000000010000011
11111000000010000001011110111111100000000010000011
11111000000010000001011110111111100000000010000011
11111000000000000001111100111111100000000010001011
11111000000000000001111110111111101000000010000011
11111000000000000001111110111111101000000010000011
11111000000010000001111110111111100000000010000011
11111000000000000001111100111111111000000010000011
11111000000000000001111100111111100000000001110011
11111000000000000001111100111111100000000001110011
11111000000010000001011100111111100000000001110011
11111000000010000001011100111111100000000001110011
11111000000010000001011100111111100000000001110011
11111000000010000001011100111111100000000001110011
11111000000010000001011100111111100000000001110011
11111000000000000001111100111111100000000011110011
11111000000000000001111100111111100000000011110011
11111000000010000001011100111111100100000001110011
11111000000010000001111110111111111000000010000011
11111000000000000001111100111111100000000011111011
11111000000000000001111100111111100000000011111011
11111000000000000001111100111111100000000011111011
11111000000000000001111100111111100000000011111011
11111000001010000001111100111111100000000001110011
11111000001010000001111100111111100000000001110011
11111000001010000001111100111111100000000001110011
11111000000000000001111100111111110000000001111011
11111000000011000001111100111111100000000001110011
11111000000000000001111100111111111000000011110011
11111000000000111011111110111111101000000010000011
11111000001000000001111100111111111000000011110011
11111000000000111011111100111111111000000010000011
11111000000000111011111100111111111000000010000011
11111000000000111011111100111111111000000010000011
11111000000000111011111100111111111000000010000011
11111000000000111011111100111111111000000010000011
11111000000000111011111100111111111000000010000011
11111000000000111011111100111111111000000010000011
11111000000010111011111110111111101000000000000011
11111000000010000001111100111111110000000011111011
11111000000010000001111100111111110000000011111011
11111000000010111011111110111111101000000000000011
11111000000010111011111110111111101000000000000011
11111000000010111011111110111111101000000000000011
11111000000010111011111110111111101000000000000011
11111000000010000001111100111111110000000011111011
11111000000000111011110110111111100000000001110011
11111000000010000001111110111111111000000011110011
11111000000000111011111110111111100000000001110011
11111000000000111011111110111111100000000001110011
11111000000000111011111110111111100000000001110011
11111000000010000001111100111111111000000011111011
11111000000010111011111100111111100000000001110011
11111000000000111011111110111111100000000001111011
11111000000010111011111100111111100000000011110011
11111000000010111011111100111111100000000011110011
11111000000010111011111100111111100000000011110011
11111000000010111011111100111111100000000001111011
11111000000011111011111100111111100000000001110011
11111000000000111011111110111111110000000001111011
11111000000010111011111100111111100000000011111011
11111000000010111011111110111111100000000001111011
11111000000011111011111110111111100000000001110011
11111000000011111011111110111111100000000001110011
11111000000011111011111110111111100000000001110011
11111000000011111011111110111111100000000001110011
11111000000011111011111110111111100000000001110011
11111000000011111011111110111111100000000001110011
11111000000000111011111110111111111000000011110011
11111000000000111011111100111111111000000011111011
11111000000000111011111100111111111000000011111011
11111000000010111011111110111111111000000001110011
11111000000010111011111110111111111000000001110011
11111000000010111011111110111111111000000001110011
11111000000010111011110110111111111000000001111011
11111000000010111011110110111111111000000001111011
11111000000000111011111110111111111000000011111011
11111000000010111011110110111111111000000001111011
11111000000000111011111100111111111001000011110011
11111000000000111011111110111111111000000011111011
11111000000010111011110110111111111000000001111011
11111000000000111011111110111111111000000011111011
11111000000000111011111110111111111000000011111011
11111000000000111011111110111111111000000011111011
11111000000010111011111110111111111000000011110011
11111000000010111011111110111111111000000011110011
11111000000010111011111110111111111100000001110011
11111000000010111011111110111111111100000001110011
11111000000010111011111110111111111000000001111011
11111000000010111011111110111111111000000001111011
11111000000010111011111110111111111000000001111011
11111000000010111011111110111111111000000001111011
11111000000010111011111110111111111000000001111011
11111000000010111011111110111111111000000001111011
11111000000010111011111110111111111000000001111011
11111000000010111011111110111111111000000001111011
11111000000011111011111110111111111000000001110011
11111000000011111011111110111111111000000001110011
11111000000010111011111110111111111100000011110011
11111000000010111011111110111111111100000011110011
11111000000010111011111110111111111100000011110011
11111000000010111011111110111111111100000011110011
11111000000010111011111110111111111000000011111011
11111000000010111011111110111111111000000011111011
11111000000010111011111110111111111000000011111011
11111000000010111011111110111111111000000011111011
11111000000010111011111110111111111000000011111011
11111000000010111011111110111111111000000011111011
11111000000011111011111110111111111000000011110011
11111000000011111011111110111111111000000011110011
11111000000011111011111110111111111000000011110011
11111000000011111011111110111111111000000011110011
11111000000011111011111110111111111000000011110011
11111000000011111011111110111111111000000011110011
11111000000011111011111100111111111100000011110011
11111000000011111011111110111111111100000001110011
11111000000011111011111110111111111100000001110011
11111000000011111011111110111111111100000001110011
11111000000011111011111110111111111100000001110011
11111000000011111011111100111111111000000011111011
11111000000011111011111110111111111000000001111011
11111000000011111011111110111111111000000001111011
11111000000011111011111110111111111000000001111011
11111000000011111011111110111111111000000001111011
11111000000011111011111110111111111000000001111011
11111000000010111011111110111111111100000011111011
11111000000010111011111110111111111100000011111011
11111000000010111011111110111111111100000011111011
11111000000010111011111110111111111100000011111011
11111000000010111011111110111111111100000011111011
11111000000010111011111110111111111100000011111011
11111000000010111011111110111111111100000011111011
11111000000010111011111110111111111100000011111011
11111000000010111011111110111111111100000011111011
11111000000010111011111110111111111100000011111011
11111000000011111011111110111111111100000011110011
11111000000011111011111110111111111100000011110011
11111000000011111011111110111111111100000011110011
11111000000011111011111110111111111100000011110011
11111000000011111011111110111111111000000011111011
11111000000011111011111110111111111000000011111011
11111000000011111011111110111111111000000011111011
11111000000011111011111110111111111000000011111011
11111000000011111011111110111111111000000011111011
11111000000011111011111110111111111000000011111011
11111000000011111011111110111111111000000011111011
11111000000011111011111110111111111000000011111011
11111000000011111011111110111111111000000011111011
11111000000011111011111110111111111000000011111011
11111000000011111011111110111111111100000001111011
11111000000011111011111110111111111100000001111011
11111000000011111011111110111111111100000001111011
11111000000011111011111110111111111100000001111011
11111000000011111011111110111111111100000001111011
11111000000011111011111110111111111100000001111011
11111000000011111011111110111111111100000001111011
11111000000010111011111110111111111001000011111011
11111000000010111011111110111111111001000011111011
11111000000011111011111110111111111001000011110011
11111000000011111011111110111111111001000011110011
11111000000011111011111110111111111001000011110011
11111000000011111011111110111111111001000011110011
11111000000011111011111110111111111001000011110011
11111000000011111011111110111111111001000011110011
11111000000011111011111110111111111001000011110011
11111000000011111011111110111111111001000011110011
11111000000011111011111110111111111001000011110011
11111000000011111011111110111111111001000011110011
11111000000011111011111110111111111100000011111011
11111000000011111011111110111111111100000011111011
11111000000011111011111110111111111100000011111011
11111000000011111011111110111111111100000011111011
11111000000011111011111110111111111100000011111011
11111000000011111011111110111111111100000011111011
11111000000011111011111110111111111100000011111011
11111000000011111011111110111111111100000011111011
11111000000011111011111110111111111100000011111011
11111000000011111011111110111111111100000011111011
11111000000011111011111110111111111100000011111011
11111000000011111011111110111111111100000011111011
11111000000011111011111110111111111100000011111011
11111000000011111011111110111111111100000011111011
11111000000011111011111110111111111100000011111011
11111000000011111011111110111111111100000011111011
11111000000011111011111110111111111100000011111011
11111000000011111011111110111111111100000011111011
11111000000011111011111110111111111100000011111011
11111000000011111011111110111111111100000011111011
11111000000010111011111110111111111101000011111011
11111000000010111011111110111111111101000011111011
11111000000010111011111110111111111101000011111011
11111000000010111011111110111111111101000011111011
11111000000010111011111110111111111101000011111011
11111000000010111011111110111111111101000011111011
11111000000010111011111110111111111101000011111011
11111000000010111011111110111111111101000011111011
11111000000010111011111110111111111101000011111011
11111000000010111011111110111111111101000011111011
11111000000010111011111110111111111101000011111011
11111000000011111011111110111111111101000011110011
11111000000011111011111110111111111101000011110011
11111000000011111011111110111111111101000011110011
11111000000011111011111110111111111101000011110011
11111000000011111011111110111111111101000011110011
11111000000011111011111110111111111101000011110011
11111000000011111011111110111111111101000011110011
11111000000011111011111110111111111101000011110011
11111000000011111011111110111111111001000011111011
11111000000011111011111110111111111001000011111011
11111000000011111011111110111111111001000011111011
11111000000011111011111110111111111001000011111011
11111000000011111011111110111111111001000011111011
11111000000011111011111110111111111001000011111011
11111000000011111011111110111111111001000011111011
11111000000011111011111110111111111001000011111011
11111000000011111011111100111111111101000011111011
11111000000011111011111100111111111101000011111011
11111000000011111011111100111111111101000011111011
11111000000011111011111100111111111101000011111011
11111000000011111011111100111111111101000011111011
11111000000011111011111100111111111101000011111011
11111000000011111011111100111111111101000011111011
11111000000011111011111100111111111101000011111011
11111010000011111011111110111111111101000011110011
11111010000011111011111110111111111101000011110011
11111010000011111011111110111111111101000011110011
11111010000011111011111110111111111101000011110011
11111010000011111011111110111111111101000011110011
11111010000011111011111110111111111101000011110011
11111010000011111011111110111111111101000011110011
11111010000011111011111110111111111101000011110011
11111000000011111011111110111111111101000011111011
11111000000011111011111110111111111101000011111011
11111000000011111011111110111111111101000011111011
11111000000011111011111110111111111101000011111011
11111000000011111011111110111111111101000011111011
11111000000011111011111110111111111101000011111011
11111000000011111011111110111111111101000011111011
11111000000011111011111110111111111101000011111011
11111000000011111011111110111111111101000011111011
11111000000011111011111110111111111101000011111011
11111010001011111011111110111111111101000011110011
11111010001011111011111110111111111101000011110011
11111010001011111011111110111111111101000011110011
11111010000011111011111110111111111101000011111011
11111010000011111011111110111111111101000011111011
11111010000011111011111110111111111101000011111011
11111010000011111011111110111111111101000011111011
11111010000011111011111110111111111101000011111011
11111010000011111011111110111111111101000011111011
11111010000011111011111110111111111101000011111011
11111010000011111011111110111111111101000011111011
11111010000011111011111110111111111101000011111011
11111010000011111011111110111111111101000011111011
11111010000011111011111110111111111101000011111011
11111010000011111011111110111111111101000011111011
11111010000011111011111110111111111101000011111011
11111010000011111011111110111111111101000011111011
11111010000011111011111110111111111101000011111011
11111010000011111011111110111111111101000011111011
11111010000011111011111110111111111101000011111011
11111010000011111011111110111111111101000011111011
11111001100011111011111110111111111100000011110011
11111001100011111011111110111111111100000011110011
11111001100011111011111110111111111100000011110011
11111001100011111011111110111111111100000011110011
11111001100011111011111110111111111100000011110011
11111001100011111011111110111111111100000011110011
11111001100011111011111110111111111100000011110011
11111001100011111011111110111111111100000011110011
11111001100011111011111110111111111100000011110011
11111010001011111011111110111111111101000011111011
11111010001011111011111110111111111101000011111011
11111010001011111011111110111111111101000011111011
11111010001011111011111110111111111101000011111011
11111010001011111011111110111111111101000011111011
11111001100010111011111110111111111001000011111011
11111001100010111011111110111111111001000011111011
11111001100011111011111110111111111001000011110011
11111001000011111011111110111111111101000011111011
11111001000011111011111110111111111101000011111011
11111001000011111011111110111111111101000011111011
11111001000011111011111110111111111101000011111011
11111001000011111011111110111111111101000011111011
11111001000011111011111110111111111101000011111011
11111001000011111011111110111111111101000011111011
11111001100011111011111110111111111001000011110011
11111001000011111011111110111111111101000011111011
11111001000011111011111110111111111101000011111011
11111001000011111011111110111111111101000011111011
11111001000011111011111110111111111101000011111011
11111001100011111011111110111111111100000011111011
11111001100011111011111110111111111100000011111011
11111001100011111011111110111111111100000011111011
11111001100011111011111110111111111100000011111011
11111001100011111011111110111111111100000011111011
11111001100011111011111110111111111100000011111011
11111001100011111011111110111111111100000011111011
11111001100011111011111110111111111100000011111011
11111001100011111011111110111111111100000011111011
11111001100011111011111110111111111100000011111011
11111001100010111011111110111111111101000011111011
11111001100010111011111110111111111101000011111011
11111001100010111011111110111111111101000011111011
11111001100011111011111110111111111101000011110011
11111001100011111011111110111111111101000011110011
11111001100011111011111110111111111101000011110011
11111001100011111011111110111111111101000011110011
11111001100011111011111110111111111101000011110011
11111001100011111011111110111111111001000011111011
11111001100011111011111110111111111001000011111011
11111001100011111011111110111111111001000011111011
11111001100011111011111110111111111001000011111011
11111001100011111011111110111111111001000011111011
11111001100011111011111110111111111001000011111011
11111001100011111011111110111111111001000011111011
11111001100011111011111110111111111001000011111011
11111001100011111011111100111111111101000011111011
11111001100011111011111100111111111101000011111011
11111001100011111011111100111111111101000011111011
11111001100011111011111100111111111101000011111011
11111011100011111011111110111111111101000011110011
11111011100011111011111110111111111101000011110011
11111011100011111011111110111111111101000011110011
11111011100011111011111110111111111101000011110011
11111011100011111011111110111111111101000011110011
11111011100011111011111110111111111101000011110011
11111011100011111011111110111111111101000011110011
11111011100011111011111110111111111101000011110011
11111011100011111011111110111111111101000011110011
11111011100011111011111110111111111101000011110011
11111011100011111011111110111111111101000011110011
11111001100011111011111110111111111101000011111011
11111001100011111011111110111111111101000011111011
11111001100011111011111110111111111101000011111011
11111001100011111011111110111111111101000011111011
11111001100011111011111110111111111101000011111011
11111001100011111011111110111111111101000011111011
11111001100011111011111110111111111101000011111011
11111001100011111011111110111111111101000011111011
11111001100011111011111110111111111101000011111011
11111001100011111011111110111111111101000011111011
11111001100011111011111110111111111101000011111011
11111001100011111011111110111111111101000011111011
11111011100011111011111110111111111101000011111011
11111011100011111011111110111111111101000011111011
11111011100011111011111110111111111101000011111011
11111011100011111011111110111111111101000011111011
11111011100011111011111110111111111101000011111011
11111011100011111011111110111111111101000011111011
11111011100011111011111110111111111101000011111011
11111011100011111011111110111111111101000011111011
11111011100011111011111110111111111101000011111011
11111011100011111011111110111111111101000011111011
11111011100011111011111110111111111101000011111011
11111011100011111011111110111111111101000011111011
11111011100011111011111110111111111101000011111011
11111011100011111011111110111111111101000011111011
11111011100011111011111110111111111101000011111011
11111011100011111011111110111111111101000011111011
11111011100011111011111110111111111101000011111011
11111011100011111011111110111111111101000011111011
11111011100011111011111110111111111101000011111011
11111011100011111011111110111111111101000011111011
11111011100011111011111110111111111101000011111011
11111011100011111011111110111111111101000011111011
11111011100011111011111110111111111101000011111011
11111011100011111011111110111111111101000011111011
11111011100011111011111110111111111101000011111011
11111011101011111011111110111111111101000011111011
11111011101011111011111110111111111101000011111011
11111011101011111011111110111111111101000011111011
11111001100011111011111110111111111101110011111011
11111001100011111011111110111111111101110011111011
11111001100011111011111110111111111101110011111011
11111001100011111011111110111111111101110011111011
11111001100011111011111110111111111101110011111011
11111001100011111011111110111111111101110011111011
11111001100011111011111110111111111101110011111011
11111001100011111011111110111111111101110011111011
11111001100011111011111110111111111101110011111011
11111001100011111011111110111111111101110011111011
11111011100011111011111110111111111101100011111011
11111011100011111011111110111111111101100011111011
11111011100011111011111110111111111101100011111011
11111011100011111011111110111111111101100011111011
11111011100011111011111110111111111101100011111011
11111011100011111011111110111111111101100011111011
11111011100011111011111110111111111101100011111011
11111011100011111011111110111111111101100011111011
11111011100011111011111110111111111101100011111011
11111011100011111011111110111111111101100011111011
11111011100011111011111110111111111101100011111011
11111011101011111011111111111111111101000011111011
11111011100011111011111110111111111101110011111011
11111011100011111011111110111111111101110011111011
11111011100011111011111110111111111101110011111011
11111011100011111011111110111111111101110011111011
11111011100011111011111110111111111101110011111011
11111011100011111011111110111111111101110011111011
11111011100011111011111110111111111101110011111011
11111011100011111011111110111111111101110011111011
11111011100011111011111110111111111101110011111011
11111011100011111011111110111111111101110011111011
11111011100011111011111110111111111101110011111011
11111011100011111011111110111111111101110011111011
11111011100011111011111110111111111101110011111011
11111011100011111011111110111111111101110011111011
11111011100011111011111110111111111101110011111011
11111011100011111011111110111111111101110011111011
11111011100011111011111110111111111101110011111011
11111011100011111011111110111111111101110011111011
11111011100011111011111110111111111101110011111011
11111011100011111011111110111111111101110011111011
11111011100011111011111110111111111101110011111011
11111011100011111011111110111111111101110011111011
11111011100011111011111110111111111101110011111011
11111011100011111011111110111111111101110011111011
11111011100011111011111110111111111101110011111011
11111011100011111011111110111111111101110011111011
11111011100011111011111111111111111101100011111011
11111011100011111011111111111111111101100011111011
11111011100011111011111111111111111101100011111011
11111011100011111011111111111111111101100011111011
11111011100011111011111111111111111101100011111011
11111011100011111011111111111111111101100011111011
11111011101011111011111110111111111101110011111011
11111011101011111011111110111111111101110011111011
11111011101011111011111110111111111101110011111011
11111011101011111011111110111111111101110011111011
11111011101011111011111110111111111101110011111011
11111011101011111011111110111111111101110011111011
11111011101011111011111111111111111101100011111011
11111011101011111011111111111111111101100011111011
11111011101011111011111111111111111101100011111011
11111011101011111011111111111111111101110011111011
11111011101011111011111111111111111101110011111011
11111011110011111011111110111111111111110011111011
11111011110011111011111110111111111111110011111011
11111011110011111011111110111111111111110011111011
11111011101011111011111110111111111111111011111011
11111011111011111111111111111111111101100011111011
11111111100011111011111111111111111111110011111111
11111011110011111011111110111111111111111011111111
11111111110011111011111110111111111101111111111011
11111111110011111011111110111111111101111111111011
11111111110011111011111111111111111101101111111011
11111111110011111011111111111111111101101111111011
11111111110011111011111111111111111101101111111011
11111111110011111111111110111111111101111111111011
