11111000000000000001100100111110000000000010000000
11111000000000000001101000111111000000000010000000
11111000000000000001110100111110000000000010000000
11111000000000000001110100111110000000000010000000
11111000000000000001110100111110000000000010000000
11111000000000000001101000111111100000000010000000
11111000000000000001110000111111100000000010000000
11111000000000000001111000111111100000000010000000
11111000000000000001111000111111100000000010000000
11111000000000000001111000111111100000000010000000
11111000000000000001111000111111100000000010000000
11111000000000000001111000111111100000000010000000
11111000000000000001111010111111100000000010000000
11111000000010000001110000111111100000000010000000
11111000000000000001111000111111100000000010000011
11111000000000000001111000111111100000000010000011
11111000000000000001111000111111100000000010000011
11111000000000000001100000111111100000000001110011
11111000000000000001100000111111100000000001110011
11111000000000000001100000111111100000000001110011
11111000000000000001100000111111100000000001110011
11111000000000000001100000111111100000000001110011
11111000000000000001100000111111100000000001110011
11111000000010000001111000111111100000000010000011
11111000000010000001111000111111100000000010000011
11111000000010000001111000111111100000000010000011
11111000000010000001111000111111100000000010000011
11111000000010000001111000111111100000000010000011
11111000000010000001111000111111110000000000000011
11111000000000000001011100111111100000000001110011
11111000000000000001111000111111100000000001110011
11111000000000000001110100111111100000000001110011
11111000000000000001110100111111100000000001110011
11111000000000000001110100111111100000000001110011
11111000000000000001110100111111100000000001110011
11111000000000000001110000111111101000000001110011
11111000000000000001111100111111100000000001110011
11111000000000000001111100111111100000000001110011
11111000000000000001111100111111100000000001110011
11111000000000000001111100111111100000000001110011
11111000000000000001111100111111100000000001110011
11111000000000000001111100111111100000000001110011
11111000000000000001111000111111101000000001110011
11111000000000000001111000111111101000000001110011
11111000000000000001111000111111101000000001110011
11111000000000000001111000111111101000000001110011
11111000000000000001111000111111101000000001110011
11111000000000000001111000111111101000000001110011
11111000000000000001111000111111101000000001110011
11111000000000000001111000111111101000000001110011
11111000000000000001110100111111101000000001110011
11111000000000000001110100111111101000000001110011
11111000000000000001110100111111101000000001110011
11111000000000000001110100111111101000000001110011
11111000000000000001110100111111101000000001110011
11111000000000000001110100111111101000000001110011
11111000000000000001110100111111101000000001110011
11111000000000000001110100111111101000000001110011
11111000000000000001111100111111100000000011110011
11111000000000000001111110111111100000000001110011
11111000000010000001110100111111100000000001110011
11111000000000000001111100111111100000000011110011
11111000000000000001111100111111100000000011110011
11111000000000000001111110111111100000000001110011
11111000000000000001111100111111101000000001110011
11111000000000000001111100111111101000000001110011
11111000000000000001111100111111101000000001110011
11111000000000000001111100111111101000000001110011
11111000000000000001111100111111101000000001110011
11111000000000000001111100111111101000000001110011
11111000000000000001111100111111101000000001110011
11111000000000000001111100111111101000000001110011
11111000000000000001111100111111101000000001110011
11111000000010000001111100111111100000000001110011
11111000000010000001111100111111100000000001110011
11111000000010000001111100111111100000000001110011
11111000000010000001111100111111100000000001110011
11111000000010000001111100111111100000000001110011
11111000000010000001111100111111100000000001110011
11111000000010000001111100111111100000000001110011
11111000000010000001111100111111100000000001110011
11111000000010000001111100111111100000000001110011
11111000000000000001110100111111111000000001110011
11111000000000000001110100111111111000000001110011
11111000000010000001110100111111101000000001110011
11111000000010000001110100111111101000000001110011
11111000000010000001110100111111101000000001110011
11111000000000000001111100111111101000000011110011
11111000000000000001111100111111101000000011110011
11111000000010000001110100111111101000000001110011
11111000000010000001110100111111101000000001110011
11111000000010000001110100111111101000000001110011
11111000000000000001111100111111101100000001110011
11111000000010000001111100111111100000000011110011
11111000000000000001111100111111101100000001110011
11111000000010000001111100111111100000000011110011
11111000000010000001111100111111100000000011110011
11111000000000000001111100111111101100000001110011
11111000000010000001111110111111100000000001110011
11111000000010000001111100111111100000000011110011
11111000000000000001111100111111111000000001110011
11111000000000000001111100111111111000000001110011
11111000000000000001111100111111111000000001110011
11111000000000000001111100111111111000000001110011
11111000000000000001111100111111111000000001110011
11111000000000000001111100111111111000000001110011
11111000000000000001111100111111111000000001110011
11111000000000000001111100111111111000000001110011
11111000000010000001111100111111101000000001110011
11111000000010000001111100111111101000000001110011
11111000000010000001111100111111101000000001110011
11111000000010000001111100111111101000000001110011
11111000000010000001111100111111101000000001110011
11111000000010000001111100111111101000000001110011
11111000000010000001111100111111101000000001110011
11111000000010000001111100111111101000000001110011
11111000000010000001111000111111111000000001110011
11111000000010000001111000111111111000000001110011
11111000000010000001111000111111111000000001110011
11111000000010000001111000111111111000000001110011
11111000000010000001111000111111111000000001110011
11111000000010000001111000111111111000000001110011
11111000000010000001111000111111111000000001110011
11111000000010000001111000111111111000000001110011
11111000000000000001111100111111111000000011110011
11111000000010000001110100111111111000000001110011
11111000000000000001111100111111111000000011110011
11111000000000000001111100111111111000000011110011
11111000000010000001110100111111111000000001110011
11111000000000000001111100111111111000000011110011
11111000000000000001111100111111111000000011110011
11111000000000000001111100111111111000000011110011
11111000000010000001111100111111101000000011110011
11111000000010000001111100111111101000000011110011
11111000000010000001111100111111101000000011110011
11111000000010000001111100111111101000000011110011
11111000000010000001111100111111101000000011110011
11111000000010000001111100111111101000000011110011
11111000000010000001111100111111101000000011110011
11111000000010000001111100111111101000000011110011
11111000000010000001111100111111101100000001110011
11111000000010000001111100111111101100000001110011
11111000000010000001111100111111101100000001110011
11111000000010000001111100111111101100000001110011
11111000000010000001111100111111101100000001110011
11111000000010000001111100111111101100000001110011
11111000000010000001111100111111101100000001110011
11111000000010000001111100111111101100000001110011
11111000000010000001111100111111111000000001110011
11111000000010000001111100111111111000000001110011
11111000000010000001111100111111111000000001110011
11111000000010000001111100111111111000000001110011
11111000000010000001111100111111111000000001110011
11111000000010000001111100111111111000000001110011
11111000000010000001111100111111111000000001110011
11111000000010000001111100111111111000000001110011
11111000000010000001111100111111111000000001110011
11111000000010000001111100111111101100000011110011
11111000000010000001111110111111101100000001110011
11111000000010000001111100111111101100000011110011
11111000000010000001111100111111101100000011110011
11111000000010000001111100111111101100000011110011
11111000000010000001111100111111101100000011110011
11111000000010000001111100111111101100000011110011
11111000000010000001111100111111101100000011110011
11111000000010000001111100111111111000000011110011
11111000000010000001111100111111111000000011110011
11111000000010000001111100111111111000000011110011
11111000000010000001111100111111111000000011110011
11111000000010000001111100111111111000000011110011
11111000000010000001111100111111111000000011110011
11111000000010000001111100111111111000000011110011
11111000000010000001111100111111111000000011110011
11111000000010000001111100111111111100000001110011
11111000000010000001111100111111111100000001110011
11111000000010000001111100111111111100000001110011
11111000000000111011111100111111100000000001110011
11111000000010000001111100111111111100000001110011
11111000000010000001111100111111111100000001110011
11111000000000111011111100111111100000000001110011
11111000000010000001111100111111111000000001111011
11111000000010000001111100111111111000000001111011
11111000000010000001111100111111111000000001111011
11111000000010000001111100111111111000000001111011
11111000000010000001111100111111111000000001111011
11111000000010000001111100111111111000000001111011
11111000000011000001111100111111111000000001110011
11111000000011000001111100111111111000000001110011
11111000000011000001111100111111111000000001110011
11111000000011000001111100111111111000000001110011
11111000000011000001111100111111111000000001110011
11111000000011000001111100111111111000000001110011
11111000000011000001111100111111111000000001110011
11111000000011000001111100111111111000000001110011
11111000000010000001111100111111111100000011110011
11111000000010000001111100111111111100000011110011
11111000000010000001111100111111111100000011110011
11111000000010000001111100111111111100000011110011
11111000000010000001111100111111111100000011110011
11111000000010000001111100111111111100000011110011
11111000000010000001111100111111111100000011110011
11111000000010000001111100111111111100000011110011
11111000000010000001111100111111111000000011111011
11111000000010000001111100111111111000000011111011
11111000000010000001111100111111111000000011111011
11111000000010000001111100111111111000000011111011
11111000000010000001111100111111111000000011111011
11111000000010000001111100111111111000000011111011
11111000000010000001111100111111111000000011111011
11111000000010000001111100111111111000000011111011
11111000000000111011111100111111101000000001110011
11111000000000111011111100111111101000000001110011
11111000000000111011111100111111101000000001110011
11111000000000111011111100111111101000000001110011
11111000000000111011111100111111101000000001110011
11111000000000111011111100111111101000000001110011
11111000000000111011111100111111101000000001110011
11111000000000111011111100111111101000000001110011
11111000000010111011111100111111100000000001110011
11111000000010111011111100111111100000000001110011
11111000000010111011111100111111100000000001110011
11111000000010111011111000111111101000000001110011
11111000000010111011111000111111101000000001110011
11111000000010111011111000111111101000000001110011
11111000000010111011111000111111101000000001110011
11111000000010111011111000111111101000000001110011
11111000000010111011111000111111101000000001110011
11111000000010111011111000111111101000000001110011
11111000000010111011111000111111101000000001110011
11111000000000111011111100111111101000000011110011
11111000000000111011111100111111101000000011110011
11111000000000111011111100111111101000000011110011
11111000000000111011111110111111101000000001110011
11111000000000111011111100111111101000000011110011
11111000000000111011111100111111101000000011110011
11111000000010111011111110111111100000000001110011
11111000000000111011111100111111101100000001110011
11111000000010111011111110111111100000000001110011
11111000000010111011111110111111100000000001110011
11111000000010111011111110111111100000000001110011
11111000000010111011111110111111100000000001110011
11111000000010111011111110111111100000000001110011
11111000000010111011111110111111100000000001110011
11111000000000111011111100111111111000000001110011
11111000000000111011111100111111111000000001110011
11111000000000111011111100111111111000000001110011
11111000000000111011111100111111111000000001110011
11111000000000111011111100111111111000000001110011
11111000000000111011111100111111111000000001110011
11111000000000111011111100111111111000000001110011
11111000000010111011111100111111101000000001110011
11111000000010111011111100111111101000000001110011
11111000000010111011111100111111101000000001110011
11111000000010111011111100111111101000000001110011
11111000000010111011111100111111101000000001110011
11111000000010111011111100111111101000000001110011
11111000000010111011111100111111101000000001110011
11111000000010111011111100111111101000000001110011
11111000000010111011111000111111111000000001110011
11111000000010111011111000111111111000000001110011
11111000000010111011111000111111111000000001110011
11111000000010111011111000111111111000000001110011
11111000000010111011111000111111111000000001110011
11111000000010111011111000111111111000000001110011
11111000000010111011111000111111111000000001110011
11111000000010111011111000111111111000000001110011
11111000000000111011111100111111111000000011110011
11111000000000111011111100111111111000000011110011
11111000000000111011111100111111111000000011110011
11111000000000111011111100111111111000000011110011
11111000000000111011111100111111111000000011110011
11111000000000111011111100111111111000000011110011
11111000000000111011111100111111111000000011110011
11111000000000111011111100111111111000000011110011
11111000000010111011111100111111101000000011110011
11111000000010111011111100111111101000000011110011
11111000000010111011111100111111101000000011110011
11111000000010111011111100111111101000000011110011
11111000000010111011111100111111101000000011110011
11111000000010111011111100111111101000000011110011
11111000000010111011111100111111101000000011110011
11111000000010111011111100111111101000000011110011
11111000000010111011111100111111101100000001110011
11111000000010111011111100111111101100000001110011
11111000000010111011111100111111101100000001110011
11111000000010111011111100111111101100000001110011
11111000000010111011111100111111101100000001110011
11111000000010111011111100111111101100000001110011
11111000000010111011111100111111101100000001110011
11111000000010111011111100111111101100000001110011
11111000000010111011111100111111111000000001110011
11111000000010111011111100111111111000000001110011
11111000000010111011111100111111111000000001110011
11111000000010111011111100111111111000000001110011
11111000000010111011111100111111111000000001110011
11111000000010111011111100111111111000000001110011
11111000000010111011111100111111111000000001110011
11111000000010111011111100111111111000000001110011
11111000000010111011111100111111111000000001110011
11111000000010111011111100111111101100000011110011
11111000000010111011111100111111101100000011110011
11111000000010111011111100111111101100000011110011
11111000000010111011111100111111101100000011110011
11111000000010111011111100111111101100000011110011
11111000000010111011111100111111101100000011110011
11111000000010111011111100111111101100000011110011
11111000000010111011111100111111101100000011110011
11111000000010111011111100111111111000000011110011
11111000000010111011111110111111111000000001110011
11111000000010111011111110111111111000000001110011
11111000000010111011111100111111111000000011110011
11111000000010111011111100111111111000000011110011
11111000000010111011111100111111111000000011110011
11111000000010111011111110111111111000000001110011
11111000000010111011111100111111111000000011110011
11111000000010111011111100111111111100000001110011
11111000000010111011111100111111111100000001110011
11111000000010111011111100111111111100000001110011
11111000000010111011111100111111111000000001111011
11111000000010111011111100111111111000000001111011
11111000000010111011111100111111111000000001111011
11111000000010111011111100111111111000000001111011
11111000000010111011111100111111111000000001111011
11111000000010111011111100111111111000000001111011
11111000000011111011111100111111111000000001110011
11111000000011111011111100111111111000000001110011
11111000000011111011111100111111111000000001110011
11111000000011111011111100111111111000000001110011
11111000000011111011111100111111111000000001110011
11111000000011111011111100111111111000000001110011
11111000000011111011111100111111111000000001110011
11111000000011111011111100111111111000000001110011
11111000000010111011111100111111111100000011110011
11111000000010111011111110111111111100000001110011
11111000000010111011111110111111111100000001110011
11111000000010111011111110111111111100000001110011
11111000000010111011111100111111111100000011110011
11111000000010111011111110111111111100000001110011
11111000000010111011111110111111111100000001110011
11111000000010111011111110111111111100000001110011
11111000000010111011111100111111111000000011111011
11111000000010111011111100111111111000000011111011
11111000000010111011111100111111111000000011111011
11111000000010111011111100111111111000000011111011
11111000000010111011111100111111111000000011111011
11111000000010111011111100111111111000000011111011
11111000000010111011111100111111111000000011111011
11111000000010111011111100111111111000000011111011
11111000000011111011111100111111111000000011110011
11111000000011111011111100111111111000000011110011
11111000000011111011111100111111111000000011110011
11111000000011111011111100111111111000000011110011
11111000000011111011111100111111111000000011110011
11111000000011111011111100111111111000000011110011
11111000000011111011111100111111111000000011110011
11111000000011111011111100111111111000000011110011
11111000000011111011111100111111111100000001110011
11111000000011111011111100111111111100000001110011
11111000000011111011111100111111111100000001110011
11111000000011111011111100111111111000000001111011
11111000000011111011111100111111111000000001111011
11111000000011111011111110111111111000000011110011
11111000000011111011111100111111111100000011110011
11111000000011111011111100111111111100000011110011
11111000000011111011111110111111111100000001110011
11111000000011111011111100111111111100000011110011
11111000000011111011111110111111111100000001110011
11111000000011111011111110111111111100000001110011
11111000000011111011111100111111111000000011111011
11111000000011111011111100111111111000000011111011
11111000000011111011111100111111111000000011111011
11111000000011111011111100111111111000000011111011
11111000000011111011111100111111111000000011111011
11111000000011111011111100111111111000000011111011
11111000000011111011111100111111111000000011111011
11111000000010111011111100111111111101000011110011
11111000000010111011111110111111111100000011111011
11111000000010111011111100111111111101000011110011
11111000000010111011111110111111111100000011111011
11111000000010111011111110111111111100000011111011
11111000000010111011111100111111111101000011110011
11111000000010111011111110111111111100000011111011
11111000000010111011111100111111111101000011110011
11111000000011111011111110111111111100000011110011
11111000000011111011111100111111111001000011110011
11111000000011111011111100111111111100000011111011
11111000000011111011111100111111111100000011111011
11111000000010111011111110111111111001000011111011
11111000000010111011111110111111111001000011111011
11111000000010111011111110111111111001000011111011
11111000000010111011111110111111111001000011111011
11111000000010111011111110111111111001000011111011
11111000000010111011111110111111111001000011111011
11111000000010111011111110111111111001000011111011
11111000000010111011111100111111111101000011111011
11111000000010111011111100111111111101000011111011
11111000000010111011111100111111111101000011111011
11111000000010111011111100111111111101000011111011
11111000000010111011111100111111111101000011111011
11111000000010111011111100111111111101000011111011
11111000000010111011111100111111111101000011111011
11111000000010111011111100111111111101000011111011
11111000000011111011111100111111111101000011110011
11111000000011111011111100111111111101000011110011
11111000000011111011111100111111111101000011110011
11111000000011111011111100111111111101000011110011
11111000000011111011111100111111111101000011110011
11111000000011111011111100111111111101000011110011
11111000000011111011111100111111111001000011111011
11111000000011111011111100111111111001000011111011
11111000000011111011111100111111111001000011111011
11111000000011111011111100111111111001000011111011
11111000000011111011111100111111111001000011111011
11111000000011111011111100111111111001000011111011
11111000000011111011111100111111111001000011111011
11111000000010111011111110111111111101000011111011
11111000000010111011111110111111111101000011111011
11111000000010111011111110111111111101000011111011
11111000000010111011111110111111111101000011111011
11111000000010111011111110111111111101000011111011
11111000000010111011111110111111111101000011111011
11111000000010111011111110111111111101000011111011
11111000000010111011111110111111111101000011111011
11111000000011111011111110111111111101000011110011
11111000000011111011111110111111111101000011110011
11111000000011111011111110111111111101000011110011
11111000000011111011111110111111111101000011110011
11111000000011111011111100111111111101000011111011
11111000000011111011111100111111111101000011111011
11111000000011111011111100111111111101000011111011
11111000000011111011111100111111111101000011111011
11111000000011111011111100111111111101000011111011
11111000000011111011111100111111111101000011111011
11111000000011111011111100111111111101000011111011
11111000000011111011111100111111111101000011111011
11111000000011111011111100111111111101000011111011
11111000000011111011111110111111111101000011111011
11111010000011111011111110111111111101000011111011
11111011000011111011111100111111111001000011111011
11111011000011111011111100111111111001000011111011
11111011000011111011111100111111111001000011111011
11111011000011111011111100111111111001000011111011
11111011000011111011111100111111111001000011111011
11111000001011111011111100111111111101100011111011
11111001100010111011111100111111111101000011111011
11111001100010111011111100111111111101000011111011
11111001101011111011111100111111111100000011111011
11111001101011111011111100111111111100000011111011
11111001101011111011111100111111111100000011111011
11111001101011111011111100111111111100000011111011
11111001101011111011111100111111111100000011111011
11111001101011111011111100111111111100000011111011
11111001101011111011111100111111111100000011111011
11111001101011111011111100111111111101000011110011
11111001101011111011111100111111111101000011110011
11111001101011111011111100111111111101000011110011
11111001101011111011111100111111111101000011110011
11111001101011111011111110111111111100000011111011
11111001101011111011111100111111111101000011110011
11111001101011111011111100111101111101000011111011
11111001101011111011111100111101111101000011111011
11111001101011111011111100111101111101000011111011
11111001101011111011111100111101111101000011111011
11111011101011111011111100111111111101000011110011
11111011101011111011111100111111111101000011110011
11111011101011111011111100111111111101000011110011
11111011101011111011111100111111111101000011110011
11111001101011111011111100111111111101000011111011
11111001101011111011111100111111111101000011111011
11111001101011111011111100111111111101000011111011
11111001101011111011111100111111111101000011111011
11111001101011111011111100111111111101000011111011
11111001101011111011111100111111111101000011111011
11111001101011111011111100111111111101000011111011
11111001101011111011111100111111111101000011111011
11111011101011111011111100111111111101000011111011
11111011101011111011111100111111111101000011111011
11111001101011111011111100111111111101100011111011
11111001101011111011111100111111111101100011111011
11111001101011111011111100111111111101100011111011
11111011101011111011111100111111111101100011111011
11111011101011111011111100111111111101100011111011
11111011101011111011111100111111111101100011111011
11111011101011111011111100111111111101100011111011
11111011101011111011111100111111111101100011111011
11111011101011111011111100111111111101100011111011
11111011101011111011111100111111111101100011111011
11111011101011111011111100111111111101100011111011
11111001101011111011111100111111111101101011111011
11111001101011111011111100111111111101101011111011
11111001101011111011111100111111111101101011111011
11111011101011111011111100111111111101111011111011
11111011101011111011111100111111111101111111110111
11111011101011111011111100111111111101111111110111
11111011101011111011111100111111111101111111110111
11111011101011111011111100111111111101111111110111
11111011101011111011111100111111111101111111110111
11111011101011111011111100111111111101111111110111
11111011101011111011111100111111111101111111110111
11111011101011111111010111111111111111111111110111
