371.0 -93.6
374.0 -94.8
374.0 -94.8
374.0 -94.8
374.0 -94.8
374.0 -94.8
374.0 -94.8
374.0 -94.8
375.0 -96.0
375.0 -96.0
375.0 -96.0
375.0 -96.0
375.0 -96.0
377.0 -103.2
377.0 -103.2
380.0 -106.8
389.0 -108.0
389.0 -108.0
389.0 -108.0
389.0 -108.0
389.0 -108.0
389.0 -108.0
389.0 -108.0
396.0 -115.2
413.0 -118.8
413.0 -118.8
413.0 -118.8
413.0 -118.8
421.0 -122.4
426.0 -124.8
436.0 -126.0
436.0 -126.0
442.0 -133.2
442.0 -133.2
442.0 -133.2
458.0 -140.4
458.0 -140.4
468.0 -146.4
468.0 -146.4
468.0 -146.4
481.0 -152.4
481.0 -152.4
494.0 -156.0
494.0 -156.0
494.0 -156.0
494.0 -156.0
494.0 -156.0
494.0 -156.0
504.0 -158.4
504.0 -158.4
504.0 -158.4
510.0 -164.4
510.0 -164.4
520.0 -165.6
526.0 -168.0
526.0 -168.0
526.0 -168.0
533.0 -171.6
533.0 -171.6
533.0 -171.6
533.0 -171.6
533.0 -171.6
533.0 -171.6
533.0 -171.6
538.0 -174.0
545.0 -175.2
553.0 -177.6
553.0 -177.6
553.0 -177.6
556.0 -178.8
564.0 -180.0
564.0 -180.0
564.0 -180.0
568.0 -183.6
568.0 -183.6
576.0 -187.2
580.0 -188.4
591.0 -189.6
591.0 -189.6
593.0 -192.0
599.0 -195.6
599.0 -195.6
599.0 -195.6
599.0 -195.6
599.0 -195.6
599.0 -195.6
599.0 -195.6
599.0 -195.6
609.0 -196.8
612.0 -199.2
612.0 -199.2
612.0 -199.2
612.0 -199.2
612.0 -199.2
612.0 -199.2
612.0 -199.2
612.0 -199.2
622.0 -201.6
622.0 -201.6
622.0 -201.6
622.0 -201.6
622.0 -201.6
622.0 -201.6
631.0 -204.0
631.0 -204.0
631.0 -204.0
631.0 -204.0
631.0 -204.0
631.0 -204.0
631.0 -204.0
631.0 -204.0
635.0 -206.4
635.0 -206.4
635.0 -206.4
635.0 -206.4
635.0 -206.4
637.0 -207.6
637.0 -207.6
645.0 -208.8
645.0 -208.8
645.0 -208.8
645.0 -208.8
645.0 -208.8
645.0 -208.8
648.0 -210.0
648.0 -210.0
648.0 -210.0
648.0 -210.0
649.0 -211.2
649.0 -211.2
649.0 -211.2
649.0 -211.2
649.0 -211.2
649.0 -211.2
656.0 -212.4
656.0 -212.4
656.0 -212.4
656.0 -212.4
660.0 -214.8
660.0 -214.8
660.0 -214.8
666.0 -216.0
670.0 -217.2
675.0 -218.4
679.0 -219.6
679.0 -219.6
679.0 -219.6
679.0 -219.6
679.0 -219.6
679.0 -219.6
679.0 -219.6
679.0 -219.6
679.0 -219.6
679.0 -219.6
683.0 -220.8
683.0 -220.8
683.0 -220.8
683.0 -220.8
685.0 -222.0
685.0 -222.0
685.0 -222.0
685.0 -222.0
685.0 -222.0
691.0 -223.2
691.0 -223.2
691.0 -223.2
691.0 -223.2
691.0 -223.2
691.0 -223.2
691.0 -223.2
695.0 -224.4
695.0 -224.4
695.0 -224.4
695.0 -224.4
695.0 -224.4
695.0 -224.4
695.0 -224.4
695.0 -224.4
695.0 -224.4
695.0 -224.4
695.0 -224.4
695.0 -224.4
695.0 -224.4
695.0 -224.4
698.0 -225.6
704.0 -226.8
704.0 -226.8
704.0 -226.8
704.0 -226.8
704.0 -226.8
704.0 -226.8
704.0 -226.8
704.0 -226.8
704.0 -226.8
704.0 -226.8
704.0 -226.8
704.0 -226.8
704.0 -226.8
704.0 -226.8
704.0 -226.8
704.0 -226.8
704.0 -226.8
704.0 -226.8
704.0 -226.8
704.0 -226.8
704.0 -226.8
704.0 -226.8
704.0 -226.8
704.0 -226.8
704.0 -226.8
704.0 -226.8
704.0 -226.8
708.0 -228.0
708.0 -228.0
708.0 -228.0
708.0 -228.0
708.0 -228.0
708.0 -228.0
708.0 -228.0
708.0 -228.0
708.0 -228.0
708.0 -228.0
708.0 -228.0
708.0 -228.0
708.0 -228.0
708.0 -228.0
708.0 -228.0
708.0 -228.0
708.0 -228.0
708.0 -228.0
708.0 -228.0
708.0 -228.0
714.0 -229.2
714.0 -229.2
714.0 -229.2
714.0 -229.2
714.0 -229.2
714.0 -229.2
714.0 -229.2
717.0 -230.4
717.0 -230.4
717.0 -230.4
717.0 -230.4
717.0 -230.4
721.0 -231.6
721.0 -231.6
721.0 -231.6
721.0 -231.6
721.0 -231.6
721.0 -231.6
721.0 -231.6
721.0 -231.6
721.0 -231.6
721.0 -231.6
721.0 -231.6
721.0 -231.6
721.0 -231.6
721.0 -231.6
721.0 -231.6
721.0 -231.6
721.0 -231.6
721.0 -231.6
721.0 -231.6
727.0 -232.8
727.0 -232.8
727.0 -232.8
727.0 -232.8
727.0 -232.8
727.0 -232.8
727.0 -232.8
727.0 -232.8
727.0 -232.8
727.0 -232.8
727.0 -232.8
727.0 -232.8
727.0 -232.8
727.0 -232.8
727.0 -232.8
727.0 -232.8
727.0 -232.8
727.0 -232.8
727.0 -232.8
727.0 -232.8
727.0 -232.8
727.0 -232.8
727.0 -232.8
727.0 -232.8
727.0 -232.8
727.0 -232.8
727.0 -232.8
727.0 -232.8
727.0 -232.8
727.0 -232.8
727.0 -232.8
727.0 -232.8
727.0 -232.8
727.0 -232.8
727.0 -232.8
727.0 -232.8
727.0 -232.8
727.0 -232.8
727.0 -232.8
727.0 -232.8
727.0 -232.8
727.0 -232.8
727.0 -232.8
734.0 -235.2
734.0 -235.2
734.0 -235.2
740.0 -236.4
740.0 -236.4
740.0 -236.4
740.0 -236.4
740.0 -236.4
740.0 -236.4
740.0 -236.4
740.0 -236.4
740.0 -236.4
740.0 -236.4
744.0 -237.6
744.0 -237.6
744.0 -237.6
744.0 -237.6
744.0 -237.6
744.0 -237.6
751.0 -238.8
757.0 -241.2
763.0 -242.4
763.0 -242.4
763.0 -242.4
763.0 -242.4
763.0 -242.4
763.0 -242.4
763.0 -242.4
763.0 -242.4
763.0 -242.4
763.0 -242.4
763.0 -242.4
763.0 -242.4
763.0 -242.4
763.0 -242.4
763.0 -242.4
763.0 -242.4
763.0 -242.4
763.0 -242.4
776.0 -246.0
776.0 -246.0
776.0 -246.0
776.0 -246.0
776.0 -246.0
795.0 -249.6
795.0 -249.6
795.0 -249.6
795.0 -249.6
795.0 -249.6
811.0 -250.8
811.0 -250.8
811.0 -250.8
814.0 -252.0
814.0 -252.0
820.0 -253.2
828.0 -255.6
834.0 -256.8
834.0 -256.8
834.0 -256.8
834.0 -256.8
834.0 -256.8
834.0 -256.8
834.0 -256.8
834.0 -256.8
838.0 -258.0
845.0 -259.2
845.0 -259.2
845.0 -259.2
845.0 -259.2
853.0 -260.4
853.0 -260.4
853.0 -260.4
853.0 -260.4
853.0 -260.4
853.0 -260.4
853.0 -260.4
853.0 -260.4
853.0 -260.4
853.0 -260.4
853.0 -260.4
853.0 -260.4
857.0 -262.8
857.0 -262.8
857.0 -262.8
857.0 -262.8
857.0 -262.8
857.0 -262.8
857.0 -262.8
857.0 -262.8
857.0 -262.8
857.0 -262.8
857.0 -262.8
857.0 -262.8
857.0 -262.8
857.0 -262.8
857.0 -262.8
857.0 -262.8
857.0 -262.8
870.0 -266.4
870.0 -266.4
870.0 -266.4
870.0 -266.4
870.0 -266.4
885.0 -267.6
885.0 -267.6
895.0 -270.0
895.0 -270.0
895.0 -270.0
895.0 -270.0
895.0 -270.0
895.0 -270.0
895.0 -270.0
895.0 -270.0
895.0 -270.0
895.0 -270.0
895.0 -270.0
895.0 -270.0
895.0 -270.0
895.0 -270.0
895.0 -270.0
895.0 -270.0
895.0 -270.0
895.0 -270.0
895.0 -270.0
895.0 -270.0
895.0 -270.0
895.0 -270.0
895.0 -270.0
895.0 -270.0
895.0 -270.0
895.0 -270.0
895.0 -270.0
895.0 -270.0
895.0 -270.0
895.0 -270.0
895.0 -270.0
895.0 -270.0
895.0 -270.0
895.0 -270.0
895.0 -270.0
895.0 -270.0
895.0 -270.0
895.0 -270.0
895.0 -270.0
895.0 -270.0
895.0 -270.0
895.0 -270.0
895.0 -270.0
895.0 -270.0
895.0 -270.0
895.0 -270.0
895.0 -270.0
908.0 -273.6
908.0 -273.6
908.0 -273.6
908.0 -273.6
908.0 -273.6
931.0 -274.8
933.0 -276.0
933.0 -276.0
933.0 -276.0
933.0 -276.0
933.0 -276.0
933.0 -276.0
933.0 -276.0
958.0 -278.4
958.0 -278.4
969.0 -280.8
969.0 -280.8
999.0 -282.0
1005.0 -283.2
1030.0 -284.4
1030.0 -284.4
1037.0 -288.0
1037.0 -288.0
1079.0 -290.4
1090.0 -292.8
1090.0 -292.8
1136.0 -296.4
1164.0 -297.6
1164.0 -297.6
1164.0 -297.6
1164.0 -297.6
1164.0 -297.6
1164.0 -297.6
1164.0 -297.6
1164.0 -297.6
1189.0 -301.2
1189.0 -301.2
1189.0 -301.2
1189.0 -301.2
1189.0 -301.2
1189.0 -301.2
1202.0 -303.6
