11011000000000000000010000110000000000000000000011
11011000000000000000010000110000000000000010000011
11011000000000000000010000110000000000000010000011
11111000000000000000010000110000100000000010000000
11111000000000000000010000110000000000000010000011
11111000000000000000010000110000000000000010000011
11111000000000000000010000110000000000000010000011
11111000000000000000010000110000000000000010000011
11111000000000000000010000110000000000000010000011
11111000000000000001000100110000000000000000000011
11111000000000000001000100110000000000000000000011
11111000000000000001000100110000000000000000000011
11011000000000000001010000111000000000000000000011
11011000000000000001010000111000000000000000000011
11011000000000000000010000111100100000000000000011
11011000000000000000010000111100100000000000000011
11011000000000000000010000111100100000000000000011
11011000000000000000010000111100100000000000000011
11011000000000000000000100111101100000000000000011
11111000000000000001000000111001100000000000000011
11111000000000000001000000111001100000000000000011
11111000000000000000010000111100100000000000000011
11111000000000000000010000111100100000000000000011
11111000000000000001000000111101100000000000000011
11111000000000000001000000111101100000000000000011
11111000000000000001000000111101100000000000000011
11111000000000000001000000111101100000000000000011
11111000000000000001000000111101100000000000000011
11111000000000000001000000111101100000000000000011
11111000000000000001000000111101100000000000000011
11111000000000000001000000111101100000000000000011
11111000000000000001000000111101100000000000000011
11011000000000000000010000111111100000000010000011
11011000000000000000010000111111100000000010000011
11011000000000000000010000111111100000000010000011
11011000000000000000010000111111100000000010000011
11011000000000000000010000111111100000000010000011
11011000000000000000010100111101100000000010000011
11111000000000000001000100111101100000000000000011
11111000000000000001000100111101100000000000000011
11111000000000000001000100111101100000000000000011
11111000000000000001000100111101100000000000000011
11111000000000000001000100111101100000000000000011
11111000000000000001000100111101100000000000000011
11111000000000000000010000111111100000000010000011
11111000000000000000010000111111100000000010000011
11111000000000000000010000111111100000000010000011
11111000000000000000010000111111100000000010000011
11111000000000000000010000111111100000000010000011
11111000000000000001010000111111100000000000000011
11111000000000000001010000111111100000000000000011
11111000000000000001010000111111100000000000000011
11111000000000000000011000111111100000000010000011
11111000000000000000011000111111100000000010000011
11111000000000000000011000111111100000000010000011
11111000000000000001011100111111000000000000000011
11111000000000000001010000111111100000000010000011
11111000000000000001010000111111100000000010000011
11111000000000000001010000111111100000000010000011
11111000000000000001010000111111100000000010000011
11111000000000000001010000111111100000000010000011
11111000000000000001010000111111100000000010000011
11111000000000000001010000111111100000000010000011
11111000000000000001110000111111100000000000000011
11111000000000000001110000111111100000000000000011
11111000000000000001110000111111100000000000000011
11111000000000000001110000111111100000000000000011
11111000000000000001011100111111100000000000000011
11111000000000000001011100111111100000000000000011
11111000000000000001011100111111100000000000000011
11111000000000000001011100111111100000000000000011
11111000000000000001011100111111100000000000000011
11111000000000000001011100111111100000000000000011
11111000000000000001011100111111100000000000000011
11111000000000000001011100111111100000000000000011
11111000000000000001011100111111100000000000000011
11111000000000000001011100111111100000000000000011
11111000000000000001011100111111100000000000000011
11111000000000000001111000111111100000000000000011
11111000000000000001110100111111100000000000000011
11111000000000000001110100111111100000000000000011
11111000000000000001110100111111100000000000000011
11111000000000000001011100111111100000000010000011
11111000000000000001011100111111100000000010000011
11111000000000000001011100111111100000000010000011
11111000000000000001011100111111100000000010000011
11111000000000000001111100111111100000000000000011
11111000000000000001111100111111100000000000000011
11111000000000000001111100111111100000000000000011
11111000000000000001111100111111100000000000000011
11111000000000000001111100111111100000000000000011
11111000000000000001111100111111100000000000000011
11111000000000000001111100111111100000000000000011
11111000000000000001111100111111100000000000000011
11111000000000000001111100111111100000000000000011
11111000000000000001111100111111100000000000000011
11111000000000000001111100111111100000000000000011
11111000000000000001111100111111100000000000000011
11111000000000000001111100111111100000000000000011
11111000000000000001111100111111100000000000000011
11111000000000000001111100111111100000000000000011
11111000000000000001111100111111100000000000000011
11111000000000000001111100111111100000000000000011
11111000000000000001111100111111100000000000000011
11111000000000000001111100111111100000000000000011
11111000000000000001111100111111100000000000000011
11111000000000000001111100111111100000000000000011
11111000000000000001110100111111101000000000000011
11111000000000000001110100111111101000000000000011
11111000000000000001110100111111101000000000000011
11111000000000000001110100111111101000000000000011
11111000000000000001110100111111101000000000000011
11111000000000000001110100111111101000000000000011
11111000000000000001111100111111100000000010000011
11111000000000000001111100111111100000000010000011
11111000000000000001111100111111100000000010000011
11111000000000000001111100111111100000000010000011
11111000000000000001111100111111100000000010000011
11111000000000000001111100111111100000000010000011
11111000000000000001111100111111100000000010000011
11111000000000000001111100111111100000000010000011
11111000000000000001111100111111100000000010000011
11111000000000000001111100111111100000000010000011
11111000000000000001111100111111100000000010000011
11111000000000000001111100111111100000000010000011
11111000000000000001111100111111100000000010000011
11111000000000000001111100111111100000000010000011
11111000000000000001111100111111100000000010000011
11111000000000000001111100111111100000000010000011
11111000000010000001110100111111100000000000000011
11111000000000000001111100111111100000000010000011
11111000000000000001111100111111100000000010000011
11111000000000000001111100111111100000000010000011
11111000000000000001111100111111100000000010000011
11111000000010000001110100111111100000000000000011
11111000000000000001111100111111100000000010000011
11111000000000000001111100111111100000000010000011
11111000000000000001111110111111100000000000000011
11111000000010000001110100111111100000000000000011
11111000000010000001110100111111100000000000000011
11111000000000000001111100111111100000000010000011
11111000000000000001111100111111100000000010000011
11111000000000000001111100111111100000000010000011
11111000000000000001111100111111101000000000000011
11111000000000000001111100111111101000000000000011
11111000000000000001111100111111101000000000000011
11111000000000000001111100111111101000000000000011
11111000000010000001111100111111100000000000000011
11111000000010000001111100111111100000000000000011
11111000000010000001111100111111100000000000000011
11111000000010000001111100111111100000000000000011
11111000000010000001111100111111100000000000000011
11111000000010000001111100111111100000000000000011
11111000000010000001111100111111100000000000000011
11111000000010000001111100111111100000000000000011
11111000000000000001111100111111101000000010000011
11111000000000000001111100111111101000000010000011
11111000000000000001111100111111101000000010000011
11111000000000000001111100111111101000000010000011
11111000000000000001111100111111101000000010000011
11111000000000000001111100111111101000000010000011
11111000000000000001111100111111101000000010000011
11111000000000000001111100111111101000000010000011
11111000000000000001111100111111101000000010000011
11111000000010000001111110111111100000000000000011
11111000000010000001111100111111100000000010000011
11111000000010000001111110111111100000000000000011
11111000000010000001111110111111100000000000000011
11111000000010000001111110111111100000000000000011
11111000000010000001111110111111100000000000000011
11111000000010000001111110111111100000000000000011
11111000000000000001111100111111101100000000000011
11111000000000000001111100111111111000000000000011
11111000000010000001111100111111101000000000000011
11111000000010000001111100111111101000000000000011
11111000000010000001111100111111101000000000000011
11111000000000000001111100111111111000000010000011
11111000000000000001111100111111111000000010000011
11111000000000000001111100111111111000000010000011
11111000000000000001111100111111111000000010000011
11111000000000000001111100111111111000000010000011
11111000000000000001111100111111111000000010000011
11111000000000000001111100111111111000000010000011
11111000000000000001111100111111111000000010000011
11111000000000000001111100111111111000000010000011
11111000000000000001111100111111111000000010000011
11111000000000000001111100111111111000000010000011
11111000000000000001111100111111111000000010000011
11111000000000000001111100111111111000000010000011
11111000000000000001111100111111111000000010000011
11111000000000000001111100111111111000000010000011
11111000000000000001111100111111111000000010000011
11111000000000000001111100111111111000000010000011
11111000000010000001111100111111101000000010000011
11111000000010000001111100111111101000000010000011
11111000000010000001111100111111101000000010000011
11111000000010000001111100111111101000000010000011
11111000000010000001111100111111101000000010000011
11111000000010000001111100111111101000000010000011
11111000000000000001111100111111100000000001110011
11111000000000000001111100111111100000000001110011
11111000000000000001111100111111100000000001110011
11111000000000000001111100111111100000000001110011
11111000000000000001111100111111100000000001110011
11111000000000000001111100111111100000000001110011
11111000000000000001111100111111100000000001110011
11111000000000000001111100111111100000000001110011
11111000000000000001111100111111100000000001110011
11111000000000000001110100111111101000000001110011
11111000000000000001110100111111101000000001110011
11111000000000000001111100111111100000000011110011
11111000000000000001111100111111100000000011110011
11111000000000000001111100111111100000000011110011
11111000000000000001111100111111100000000011110011
11111000000000000001111100111111100000000011110011
11111000000000000001111100111111100000000011110011
11111000000000000001111100111111100000000011110011
11111000000000000001111100111111100000000011110011
11111000000000000001111100111111100000000011110011
11111000000000000001111100111111100000000011110011
11111000000000000001111100111111100000000011110011
11111000000000000001111100111111100000000011110011
11111000000000000001111100111111100000000011110011
11111000000000000001111100111111100000000011110011
11111000000000000001111100111111100000000011110011
11111000000000000001111100111111101000000001110011
11111000000000000001111100111111101000000001110011
11111000000010000001111100111111100000000001110011
11111000000010000001111100111111100000000001110011
11111000000000000001110100111111111000000001110011
11111000000000000001111100111111101000000011110011
11111000000000000001111100111111101000000011110011
11111000000000000001111100111111101000000011110011
11111000000000000001111100111111101000000011110011
11111000000000000001111100111111101000000011110011
11111000000000000001111100111111101000000011110011
11111000000000000001111100111111101000000011110011
11111000000000000001111100111111101000000011110011
11111000000000000001111100111111101000000011110011
11111000000000000001111100111111101000000011110011
11111000000000000001111100111111101000000011110011
11111000000000000001111100111111101000000011110011
11111000000000000001111100111111101000000011110011
11111000000000000001111100111111101000000011110011
11111000000000000001111100111111101000000011110011
11111000000000000001111100111111101000000011110011
11111000000000000001111100111111101000000011110011
11111000000000000001111100111111101000000011110011
11111000000000000001111100111111101000000011110011
11111000000000000001111100111111101000000011110011
11111000000010000001111100111111100000000011110011
11111000000010000001111100111111100000000011110011
11111000000010000001111100111111100000000011110011
11111000000010000001111100111111100000000011110011
11111000000010000001111100111111100000000011110011
11111000000010000001111100111111100000000011110011
11111000000000000001111100111111111000000001110011
11111000000000000001111100111111111000000001110011
11111000000000000001111100111111111000000001110011
11111000000000000001111100111111111000000001110011
11111000000000000001111100111111111000000001110011
11111000000000000001111100111111111000000001110011
11111000000000000001111100111111111000000001110011
11111000000010000001111100111111101000000001110011
11111000000010000001111100111111101000000001110011
11111000000000000001111100111111111000000011110011
11111000000000000001111100111111111000000011110011
11111000000000000001111100111111111000000011110011
11111000000000000001111100111111111000000011110011
11111000000000000001111100111111111000000011110011
11111000000000000001111100111111111000000011110011
11111000000000000001111100111111111000000011110011
11111000000000000001111100111111111000000011110011
11111000000000000001111100111111111000000011110011
11111000000000000001111100111111111000000011110011
11111000000000000001111100111111111000000011110011
11111000000000000001111100111111111000000011110011
11111000000000000001111100111111111000000011110011
11111000000000000001111100111111111000000011110011
11111000000000000001111100111111111000000011110011
11111000000000000001111100111111111000000011110011
11111000000000000001111100111111111000000011110011
11111000000000000001111100111111111000000011110011
11111000000000000001111100111111111000000011110011
11111000000000000001111100111111111000000011110011
11111000000000000001111100111111111000000011110011
11111000000000000001111100111111111000000011110011
11111000000000000001111100111111111000000011110011
11111000000000000001111100111111111000000011110011
11111000000000000001111100111111111000000011110011
11111000000000000001111100111111111000000011110011
11111000000000000001111100111111111000000011110011
11111000000000000001111100111111111000000011110011
11111000000000000001111100111111111000000011110011
11111000000000000001111100111111111000000011110011
11111000000000000001111100111111111000000011110011
11111000000010000001110100111111111000000001110011
11111000000000000001111100111111111000000011110011
11111000000000000001111100111111111000000011110011
11111000000010000001111100111111101000000011110011
11111000000010000001111100111111101000000011110011
11111000000010000001111100111111101000000011110011
11111000000010000001111100111111101000000011110011
11111000000010000001111100111111101000000011110011
11111000000010000001111100111111101000000011110011
11111000000010000001111100111111101000000011110011
11111000000010000001111100111111101000000011110011
11111000000010000001111100111111101000000011110011
11111000000010000001111100111111111000000001110011
11111000000010000001111100111111111000000001110011
11111000000010000001111100111111101100000011110011
11111000000010000001111100111111101100000011110011
11111000000010000001111100111111101100000011110011
11111000000010000001111100111111101100000011110011
11111000000010000001111100111111101100000011110011
11111000000010000001111100111111111000000011110011
11111000000010000001111100111111111000000011110011
11111000000010000001111100111111111000000011110011
11111000000010000001111100111111111100000001110011
11111000000010000001111100111111111100000001110011
11111000000010000001111100111111111000000001111011
11111000000010000001111110111111111000000011110011
11111000000010000001111110111111111100000001110011
11111000000010000001111100111111111100000011110011
11111000000010000001111100111111111100000011110011
11111000000010000001111100111111111100000011110011
11111000000010000001111100111111111100000011110011
11111000000010000001111110111111111100000001110011
11111000000010000001111100111111111100000011110011
11111000000010000001111110111111111100000001110011
11111000000010000001111110111111111100000001110011
11111000000010000001111100111111111100000011110011
11111000000010000001111110111111111100000001110011
11111000000010000001111100111111111100000011110011
11111000000010000001111110111111111100000001110011
11111000000010000001111100111111111100000011110011
11111000000010000001111100111111111100000011110011
11111000000010000001111100111111111100000011110011
11111000000010000001111110111111111100000001110011
11111000000010000001111110111111111100000001110011
11111000000010000001111100111111111100000011110011
11111000000010000001111100111111111100000011110011
11111000000010000001111110111111111100000001110011
11111000000010000001111100111111111100000011110011
11111000000010000001111110111111111100000001110011
11111000000010000001111100111111111100000011110011
11111000000011000001111100111111111000000011110011
11111000000000111011111100111111110000000001110011
11111000000010000001111100111111111001000011110011
11111000000000111011111100111111101000000011110011
11111000000010111011111100111111100000000011110011
11111000000010111011111100111111100000000011110011
11111000000010111011111100111111100000000011110011
11111000000010111011111100111111100000000011110011
11111000000000111011111100111111111000000001110011
11111000000010111011111110111111100000000011110011
11111000000010111011111110111111100000000011110011
11111000000010111011111110111111100000000011110011
11111000000010111011111110111111100000000011110011
11111000000010111011111110111111100000000011110011
11111000000000111011111100111111111000000011110011
11111000000000111011111100111111111000000011110011
11111000000000111011111100111111111000000011110011
11111000000000111011111100111111111000000011110011
11111000000000111011111100111111111000000011110011
11111000000000111011111100111111111000000011110011
11111000000000111011111100111111111000000011110011
11111000000000111011111100111111111000000011110011
11111000000000111011111100111111111000000011110011
11111000000000111011111100111111111000000011110011
11111000000010111011110100111111111000000001110011
11111000000010111011111100111111101000000011110011
11111000000010111011111100111111101000000011110011
11111000000010111011111100111111101000000011110011
11111000000010111011111100111111101000000011110011
11111000000010111011111100111111101100000001110011
11111000000010111011111100111111101100000001110011
11111000000010111011110100111111111000000011110011
11111000000010111011110100111111111000000011110011
11111000000010111011110100111111111000000011110011
11111000000010111011110100111111111000000011110011
11111000000010111011111110111111101000000011110011
11111000000010111011111110111111101000000011110011
11111000000010111011111110111111101000000011110011
11111000000010111011111110111111101000000011110011
11111000000010111011111100111111111000000011110011
11111000000010111011111100111111111000000011110011
11111000000010111011111100111111111000000011110011
11111000000010111011111100111111111000000011110011
11111000000010111011111100111111111000000011110011
11111000000010111011111100111111111000000011110011
11111000000010111011111100111111111000000011110011
11111000000010111011111100111111111000000011110011
11111000000010111011111100111111111000000011110011
11111000000010111011111100111111111000000011110011
11111000000010111011111100111111111000000011110011
11111000000010111011111100111111111000000011110011
11111000000010111011111100111111111000000011110011
11111000000010111011111100111111111000000011110011
11111000000010111011111100111111111000000011110011
11111000000000111011111100111111111001000011110011
11111000000000111011111100111111111001000011110011
11111000000000111011111100111111111001000011110011
11111000000000111011111100111111111001000011110011
11111000000000111011111100111111111001000011110011
11111000000000111011111100111111111001000011110011
11111000000000111011111100111111111001000011110011
11111000000000111011111100111111111001000011110011
11111000000000111011111100111111111001000011110011
11111000000000111011111100111111111001000011110011
11111000000011111011111100111111111000000001110011
11111000000010111011111110111111111100000001110011
11111000000010111011111100111111111100000011110011
11111000000010111011111100111111111100000011110011
11111000000010111011111100111111111100000011110011
11111000000010111011111100111111111000000011111011
11111000000010111011111100111111111000000011111011
11111000000011111011111100111111111000000011110011
11111000000011111011111100111111111000000011110011
11111000000011111011111100111111111000000011110011
11111000000010111011111110111111111100000011110011
11111000000010111011111100111111111001000011110011
11111000000010111011111100111111111001000011110011
11111000000010111011111100111111111001000011110011
11111000000010111011111100111111111001000011110011
11111000000011111011111110111111111000000011110011
11111000000011111011111110111111111000000011110011
11111000000010111011111110111111111001000011110011
11111000000010111011111110111111111001000011110011
11111000000010111011111110111111111001000011110011
11111000000010111011111110111111111001000011110011
11111000000010111011111110111111111001000011110011
11111000000010111011111100111111111101000011110011
11111000000010111011111100111111111101000011110011
11111000000010111011111100111111111101000011110011
11111000000010111011111100111111111101000011110011
11111000000011111011111100111111111001000011110011
11111000000011111011111100111111111001000011110011
11111000000010111011111110111111111101000011110011
11111000000010111011111110111111111101000011110011
11111000000010111011111110111111111001000011111011
11111000000010111011111110111111111001000011111011
11111000000010111011111110111111111001000011111011
11111000000010111011111110111111111001000011111011
11111000000010111011111110111111111001000011111011
11111000000010111011111110111111111001000011111011
11111000000010111011111110111111111001000011111011
11111000000011111011111100111111111101000011110011
11111000000011111011111100111111111101000011110011
11111000000011111011111100111111111101000011110011
11111000000011111011111100111111111101000011110011
11111000000011111011111100111111111101000011110011
11111000000011111011111100111111111101000011110011
11111000000011111011111100111111111101000011110011
11111000000011111011111100111111111101000011110011
11111000000011111011111100111111111101000011110011
11111000000011111011111100111111111101000011110011
11111000000011111011111100111111111101000011110011
11111000000011111011111100111111111101000011110011
11111000000011111011111100111111111101000011110011
11111000000011111011111100111111111101000011110011
11111000000011111011111100111111111101000011110011
11111000000010111011111110111111111101000011111011
11111000000011111011111110111111111101000011110011
11111000000011111011111100111111111101000011111011
11111000000011111011111100111111111101000011111011
11111001000011111011111110111111111001000011110011
11111001000011111011111110111111111001000011110011
11111001000011111011111110111111111001000011110011
11111010000011111011111111111111111101000011110011
11111010000011111011111111111111111101000011110011
11111010000011111011111111111111111101000011110011
11111010000011111011111111111111111101000011110011
11111011000011111011111110111111111001000011110011
11111011000011111011111110111111111001000011110011
11111011000011111011111110111111111001000011110011
11111011000011111011111110111111111001000011110011
11111011000011111011111100111111111101000011110011
11111001000010111011111111111111111101000011111011
11111001000010111011111111111111111101000011111011
11111011001010111011111111111111111101000011110011
11111011001010111011111111111111111101000011110011
11111011000011111011111110111111111101000011111011
11111011101010111011111110111111111001000011111011
11111011101010111011111110111111111001000011111011
11111011101010111011111110111111111001000011111011
11111011000011111011111111111111111101100011110011
11111011000010111011111111111111111101110011111011
11111011000011111011111111111111111101000011111111
11111011000010111011111111111111111101110011111111
11111011000010111011111111111111111101110011111111
11111011000010111011111111111111111101110011111111
11111011000010111011111111111111111101110011111111
11111011000010111011111111111111111101110011111111
11111011000010111011111111111111111101110011111111
11111011000011111111111111111111111101000011111111
11111011000011111111111111111111111101100011111111
11111011000011111111111111111111111101110011111111
11111011000011111111111111111111111101110011111111
11111111000011111111111101111111111101110011111111
