0.0 0.0
0.0 0.0
0.0 0.0
0.0 0.0
0.0 0.0
0.0 0.0
0.0 0.0
0.0 0.0
0.0 0.0
0.0 0.0
0.0 0.0
0.0 0.0
0.0 0.0
0.0 0.0
1.0 -27.6
1.0 -27.6
1.0 -27.6
1.0 -27.6
1.0 -27.6
1.0 -27.6
1.0 -27.6
1.0 -27.6
1.0 -27.6
3.0 -32.4
3.0 -32.4
3.0 -32.4
3.0 -32.4
3.0 -32.4
3.0 -32.4
3.0 -32.4
3.0 -32.4
3.0 -32.4
3.0 -32.4
3.0 -32.4
3.0 -32.4
3.0 -32.4
3.0 -32.4
3.0 -32.4
3.0 -32.4
4.0 -60.0
4.0 -60.0
4.0 -60.0
4.0 -60.0
4.0 -60.0
4.0 -60.0
4.0 -60.0
6.0 -43.2
6.0 -37.2
6.0 -43.2
6.0 -43.2
6.0 -43.2
6.0 -43.2
6.0 -43.2
6.0 -37.2
6.0 -37.2
6.0 -43.2
6.0 -43.2
6.0 -43.2
6.0 -43.2
6.0 -43.2
6.0 -43.2
6.0 -43.2
6.0 -37.2
7.0 -44.4
7.0 -70.8
7.0 -64.8
7.0 -70.8
7.0 -33.6
7.0 -70.8
7.0 -33.6
7.0 -70.8
7.0 -64.8
8.0 -66.0
8.0 -66.0
8.0 -42.0
8.0 -66.0
8.0 -66.0
8.0 -66.0
8.0 -66.0
8.0 -66.0
8.0 -66.0
8.0 -39.6
8.0 -66.0
8.0 -66.0
8.0 -66.0
8.0 -49.2
8.0 -66.0
8.0 -42.0
9.0 -75.6
9.0 -93.6
9.0 -33.6
9.0 -93.6
9.0 -75.6
9.0 -93.6
9.0 -60.0
9.0 -75.6
9.0 -75.6
9.0 -75.6
9.0 -76.8
9.0 -69.6
9.0 -76.8
9.0 -67.2
9.0 -93.6
9.0 -56.4
9.0 -69.6
10.0 -103.2
10.0 -87.6
10.0 -87.6
10.0 -76.8
10.0 -97.2
10.0 -87.6
10.0 -61.2
10.0 -60.0
10.0 -60.0
10.0 -60.0
10.0 -60.0
10.0 -28.8
11.0 -81.6
11.0 -33.6
11.0 -74.4
11.0 -74.4
11.0 -87.6
11.0 -81.6
11.0 -72.0
11.0 -87.6
11.0 -48.0
11.0 -87.6
11.0 -33.6
11.0 -81.6
11.0 -72.0
11.0 -87.6
11.0 -33.6
11.0 -56.4
12.0 -102.0
12.0 -92.4
12.0 -109.2
12.0 -99.6
12.0 -61.2
12.0 -109.2
12.0 -102.0
12.0 -61.2
13.0 -92.4
13.0 -92.4
13.0 -87.6
13.0 -92.4
13.0 -92.4
13.0 -92.4
13.0 -108.0
13.0 -108.0
13.0 -32.4
13.0 -32.4
13.0 -93.6
13.0 -87.6
14.0 -93.6
14.0 -109.2
14.0 -88.8
14.0 -75.6
14.0 -76.8
14.0 -88.8
14.0 -82.8
14.0 -103.2
14.0 -109.2
14.0 -92.4
14.0 -76.8
14.0 -82.8
14.0 -92.4
14.0 -82.8
14.0 -66.0
14.0 -120.0
14.0 -109.2
14.0 -120.0
14.0 -66.0
14.0 -109.2
14.0 -66.0
15.0 -121.2
15.0 -93.6
15.0 -134.4
15.0 -112.8
15.0 -136.8
15.0 -108.0
15.0 -105.6
15.0 -134.4
15.0 -121.2
15.0 -76.8
15.0 -136.8
16.0 -75.6
16.0 -63.6
16.0 -148.8
16.0 -148.8
16.0 -148.8
16.0 -98.4
16.0 -98.4
16.0 -75.6
16.0 -148.8
16.0 -111.6
16.0 -97.2
16.0 -103.2
16.0 -115.2
16.0 -72.0
16.0 -103.2
16.0 -62.4
16.0 -64.8
16.0 -103.2
16.0 -94.8
16.0 -148.8
16.0 -98.4
16.0 -97.2
16.0 -103.2
17.0 -99.6
17.0 -93.6
17.0 -176.4
17.0 -93.6
17.0 -76.8
17.0 -176.4
17.0 -130.8
17.0 -130.8
17.0 -99.6
17.0 -124.8
17.0 -124.8
17.0 -103.2
17.0 -109.2
17.0 -130.8
18.0 -73.2
18.0 -118.8
18.0 -126.0
18.0 -94.8
18.0 -126.0
18.0 -126.0
18.0 -99.6
18.0 -139.2
18.0 -109.2
18.0 -109.2
18.0 -99.6
19.0 -106.8
19.0 -140.4
19.0 -136.8
19.0 -140.4
19.0 -66.0
19.0 -129.6
19.0 -102.0
19.0 -99.6
19.0 -93.6
19.0 -75.6
19.0 -120.0
19.0 -82.8
19.0 -135.6
19.0 -104.4
19.0 -120.0
19.0 -129.6
20.0 -148.8
20.0 -134.4
20.0 -136.8
20.0 -130.8
20.0 -120.0
20.0 -144.0
20.0 -132.0
20.0 -109.2
20.0 -136.8
20.0 -121.2
20.0 -163.2
20.0 -108.0
20.0 -122.4
20.0 -109.2
20.0 -141.6
20.0 -109.2
21.0 -118.8
21.0 -106.8
21.0 -98.4
21.0 -74.4
21.0 -93.6
21.0 -93.6
22.0 -141.6
22.0 -162.0
22.0 -121.2
22.0 -108.0
22.0 -118.8
22.0 -108.0
22.0 -186.0
22.0 -192.0
22.0 -157.2
22.0 -176.4
22.0 -126.0
22.0 -181.2
22.0 -98.4
22.0 -159.6
22.0 -105.6
22.0 -192.0
22.0 -178.8
22.0 -141.6
22.0 -146.4
22.0 -126.0
22.0 -94.8
22.0 -158.4
23.0 -204.0
23.0 -193.2
23.0 -142.8
23.0 -219.6
23.0 -141.6
23.0 -136.8
23.0 -139.2
23.0 -219.6
23.0 -142.8
23.0 -136.8
23.0 -182.4
23.0 -114.0
24.0 -182.4
24.0 -135.6
24.0 -177.6
24.0 -180.0
24.0 -94.8
24.0 -190.8
24.0 -144.0
24.0 -126.0
24.0 -128.4
24.0 -159.6
24.0 -159.6
24.0 -128.4
24.0 -112.8
24.0 -158.4
24.0 -106.8
24.0 -132.0
24.0 -66.0
24.0 -118.8
25.0 -151.2
25.0 -165.6
25.0 -151.2
25.0 -177.6
25.0 -181.2
25.0 -136.8
25.0 -177.6
25.0 -163.2
25.0 -157.2
25.0 -170.4
25.0 -205.2
25.0 -142.8
25.0 -194.4
25.0 -163.2
26.0 -205.2
26.0 -92.4
26.0 -141.6
26.0 -208.8
26.0 -169.2
26.0 -168.0
26.0 -200.4
26.0 -148.8
26.0 -170.4
26.0 -109.2
26.0 -174.0
27.0 -175.2
27.0 -174.0
27.0 -164.4
27.0 -130.8
27.0 -201.6
27.0 -141.6
27.0 -141.6
27.0 -153.6
27.0 -109.2
27.0 -132.0
27.0 -136.8
28.0 -250.8
28.0 -163.2
28.0 -141.6
28.0 -148.8
28.0 -142.8
28.0 -120.0
28.0 -250.8
28.0 -111.6
28.0 -142.8
28.0 -217.2
28.0 -202.8
28.0 -168.0
29.0 -223.2
29.0 -182.4
29.0 -110.4
29.0 -153.6
29.0 -200.4
29.0 -181.2
29.0 -128.4
30.0 -205.2
30.0 -132.0
30.0 -218.4
30.0 -169.2
30.0 -150.0
30.0 -228.0
30.0 -157.2
31.0 -261.6
31.0 -261.6
31.0 -177.6
31.0 -213.6
31.0 -228.0
31.0 -142.8
31.0 -180.0
31.0 -168.0
31.0 -180.0
31.0 -261.6
31.0 -158.4
31.0 -211.2
31.0 -248.4
31.0 -218.4
32.0 -176.4
32.0 -100.8
32.0 -220.8
32.0 -240.0
32.0 -130.8
32.0 -201.6
32.0 -252.0
32.0 -252.0
32.0 -252.0
32.0 -104.4
32.0 -171.6
33.0 -200.4
33.0 -160.8
33.0 -133.2
33.0 -160.8
33.0 -214.8
33.0 -145.2
33.0 -196.8
33.0 -201.6
34.0 -198.0
34.0 -278.4
34.0 -202.8
34.0 -288.0
34.0 -216.0
35.0 -189.6
35.0 -204.0
35.0 -238.8
35.0 -232.8
35.0 -172.8
35.0 -204.0
35.0 -195.6
35.0 -268.8
35.0 -135.6
35.0 -140.4
36.0 -292.8
36.0 -175.2
36.0 -194.4
36.0 -206.4
36.0 -301.2
36.0 -184.8
37.0 -240.0
37.0 -248.4
37.0 -265.2
37.0 -192.0
37.0 -242.4
37.0 -168.0
37.0 -242.4
37.0 -172.8
37.0 -214.8
38.0 -278.4
38.0 -238.8
38.0 -250.8
38.0 -290.4
38.0 -213.6
38.0 -266.4
38.0 -216.0
38.0 -211.2
38.0 -279.6
38.0 -238.8
38.0 -213.6
39.0 -200.4
39.0 -256.8
39.0 -253.2
39.0 -218.4
39.0 -240.0
39.0 -237.6
39.0 -204.0
39.0 -250.8
39.0 -258.0
39.0 -236.4
39.0 -157.2
40.0 -217.2
40.0 -211.2
41.0 -264.0
41.0 -296.4
41.0 -322.8
41.0 -249.6
41.0 -300.0
41.0 -248.4
41.0 -315.6
41.0 -230.4
41.0 -242.4
41.0 -231.6
41.0 -198.0
41.0 -261.6
41.0 -180.0
41.0 -243.6
41.0 -214.8
41.0 -199.2
41.0 -172.8
41.0 -211.2
42.0 -291.6
42.0 -248.4
42.0 -262.8
42.0 -274.8
42.0 -270.0
42.0 -236.4
42.0 -260.4
42.0 -183.6
42.0 -217.2
42.0 -172.8
42.0 -234.0
43.0 -232.8
43.0 -258.0
43.0 -247.2
43.0 -254.4
43.0 -252.0
43.0 -213.6
43.0 -217.2
43.0 -254.4
43.0 -266.4
43.0 -272.4
43.0 -244.8
43.0 -235.2
44.0 -282.0
44.0 -282.0
44.0 -295.2
44.0 -294.0
44.0 -183.6
44.0 -288.0
45.0 -219.6
45.0 -224.4
45.0 -225.6
45.0 -241.2
45.0 -355.2
45.0 -238.8
45.0 -231.6
45.0 -310.8
45.0 -310.8
46.0 -252.0
46.0 -277.2
46.0 -289.2
46.0 -254.4
46.0 -352.8
46.0 -230.4
46.0 -303.6
46.0 -252.0
46.0 -229.2
46.0 -237.6
46.0 -211.2
46.0 -350.4
47.0 -366.0
47.0 -228.0
47.0 -274.8
47.0 -291.6
47.0 -231.6
47.0 -282.0
47.0 -241.2
47.0 -222.0
47.0 -333.6
47.0 -231.6
48.0 -266.4
48.0 -313.2
48.0 -357.6
48.0 -328.8
48.0 -301.2
48.0 -234.0
48.0 -256.8
48.0 -260.4
48.0 -256.8
48.0 -285.6
48.0 -234.0
48.0 -247.2
49.0 -308.4
49.0 -370.8
49.0 -247.2
49.0 -270.0
49.0 -262.8
49.0 -265.2
49.0 -280.8
49.0 -276.0
50.0 -325.2
50.0 -350.4
50.0 -356.4
50.0 -339.6
50.0 -298.8
50.0 -316.8
50.0 -301.2
50.0 -348.0
50.0 -344.4
50.0 -309.6
50.0 -321.6
50.0 -247.2
50.0 -285.6
50.0 -326.4
50.0 -290.4
50.0 -357.6
50.0 -284.4
50.0 -240.0
51.0 -356.4
51.0 -328.8
51.0 -271.2
51.0 -278.4
51.0 -262.8
51.0 -326.4
51.0 -260.4
51.0 -189.6
51.0 -260.4
52.0 -358.8
52.0 -374.4
52.0 -343.2
52.0 -361.2
52.0 -390.0
52.0 -388.8
52.0 -351.6
52.0 -316.8
52.0 -234.0
52.0 -241.2
52.0 -306.0
52.0 -174.0
52.0 -277.2
52.0 -351.6
53.0 -361.2
53.0 -349.2
53.0 -318.0
53.0 -333.6
53.0 -315.6
53.0 -338.4
53.0 -325.2
53.0 -282.0
53.0 -342.0
53.0 -207.6
54.0 -394.8
54.0 -334.8
54.0 -343.2
54.0 -336.0
54.0 -332.4
54.0 -296.4
54.0 -254.4
54.0 -312.0
54.0 -254.4
54.0 -316.8
54.0 -285.6
55.0 -351.6
55.0 -286.8
55.0 -288.0
55.0 -334.8
55.0 -318.0
55.0 -384.0
55.0 -351.6
55.0 -264.0
55.0 -381.6
55.0 -393.6
55.0 -283.2
56.0 -398.4
56.0 -351.6
56.0 -355.2
56.0 -247.2
56.0 -238.8
57.0 -280.8
57.0 -297.6
57.0 -388.8
57.0 -27.6
58.0 -334.8
58.0 -398.4
58.0 -398.4
58.0 -382.8
58.0 -345.6
58.0 -330.0
58.0 -312.0
58.0 -364.8
58.0 -376.8
58.0 -285.6
58.0 -369.6
58.0 -333.6
58.0 -306.0
58.0 -392.4
58.0 -343.2
58.0 -320.4
58.0 -349.2
58.0 -392.4
58.0 -272.4
58.0 -314.4
58.0 -274.8
58.0 -315.6
58.0 -60.0
58.0 -306.0
58.0 -346.8
59.0 -388.8
59.0 -427.2
59.0 -381.6
59.0 -378.0
59.0 -369.6
59.0 -290.4
59.0 -393.6
59.0 -356.4
59.0 -324.0
59.0 -394.8
59.0 -393.6
59.0 -316.8
59.0 -327.6
59.0 -322.8
59.0 -360.0
59.0 -350.4
59.0 -297.6
59.0 -338.4
59.0 -32.4
59.0 -333.6
60.0 -394.8
60.0 -231.6
60.0 -337.2
60.0 -400.8
60.0 -348.0
60.0 -339.6
60.0 -349.2
60.0 -339.6
60.0 -282.0
60.0 -324.0
60.0 -333.6
60.0 -327.6
60.0 -396.0
60.0 -421.2
60.0 -322.8
60.0 -315.6
60.0 -274.8
61.0 -258.0
61.0 -435.6
61.0 -388.8
61.0 -352.8
61.0 -380.4
61.0 -362.4
61.0 -286.8
61.0 -310.8
61.0 -312.0
61.0 -303.6
61.0 -284.4
61.0 -73.2
61.0 -61.2
61.0 -288.0
62.0 -356.4
62.0 -346.8
62.0 -356.4
62.0 -376.8
62.0 -319.2
62.0 -321.6
62.0 -148.8
62.0 -32.4
62.0 -270.0
62.0 -345.6
62.0 -252.0
63.0 -369.6
63.0 -283.2
63.0 -342.0
63.0 -357.6
63.0 -331.2
63.0 -410.4
63.0 -356.4
63.0 -409.2
63.0 -320.4
63.0 0.0
63.0 -66.0
63.0 -344.4
64.0 -394.8
64.0 -414.0
64.0 -460.8
64.0 -340.8
64.0 -376.8
64.0 -442.8
64.0 -420.0
64.0 -453.6
64.0 -358.8
64.0 -313.2
64.0 -392.4
64.0 -357.6
64.0 -344.4
64.0 -310.8
64.0 -109.2
64.0 -285.6
64.0 -345.6
65.0 -314.4
65.0 -432.0
65.0 -350.4
65.0 -337.2
65.0 -477.6
65.0 -324.0
65.0 -405.6
65.0 -297.6
65.0 -393.6
65.0 -313.2
65.0 -381.6
65.0 -432.0
65.0 -325.2
65.0 -214.8
65.0 -254.4
66.0 -368.4
66.0 -475.2
66.0 -460.8
66.0 -448.8
66.0 -405.6
66.0 -408.0
66.0 -343.2
66.0 -381.6
66.0 -411.6
66.0 -331.2
66.0 -336.0
66.0 -392.4
66.0 -32.4
67.0 -451.2
67.0 -434.4
67.0 -427.2
67.0 -451.2
67.0 -350.4
67.0 -410.4
67.0 -320.4
67.0 -429.6
67.0 -434.4
67.0 -334.8
67.0 -393.6
67.0 -476.4
67.0 -362.4
67.0 -426.0
67.0 -351.6
67.0 -308.4
67.0 -364.8
67.0 -397.2
67.0 -400.8
67.0 -360.0
67.0 -402.0
67.0 -381.6
67.0 -348.0
67.0 -140.4
67.0 -74.4
67.0 -418.8
67.0 -248.4
68.0 -468.0
68.0 -420.0
68.0 -439.2
68.0 -439.2
68.0 -433.2
68.0 -385.2
68.0 -445.2
68.0 -360.0
68.0 -438.0
68.0 -434.4
68.0 -392.4
68.0 -399.6
68.0 -42.0
68.0 0.0
68.0 -33.6
68.0 -37.2
69.0 -349.2
69.0 -447.6
69.0 -465.6
69.0 -468.0
69.0 -361.2
69.0 -393.6
69.0 -436.8
69.0 -378.0
69.0 -435.6
69.0 -456.0
69.0 -452.4
69.0 -404.4
69.0 -374.4
69.0 -414.0
69.0 -465.6
69.0 0.0
70.0 -182.4
70.0 -486.0
70.0 -282.0
70.0 -297.6
70.0 -420.0
70.0 -411.6
70.0 -463.2
70.0 -430.8
70.0 -508.8
70.0 -465.6
70.0 -366.0
70.0 -462.0
70.0 -73.2
70.0 -381.6
70.0 -374.4
70.0 -363.6
70.0 -88.8
70.0 -108.0
71.0 -506.4
71.0 -428.4
71.0 -393.6
71.0 -379.2
71.0 -506.4
71.0 -472.8
71.0 -378.0
71.0 -505.2
71.0 -405.6
71.0 -319.2
71.0 -367.2
71.0 -61.2
71.0 -99.6
71.0 -76.8
71.0 -105.6
72.0 -344.4
72.0 -362.4
72.0 -360.0
72.0 -412.8
72.0 -406.8
72.0 -439.2
72.0 -361.2
72.0 -384.0
72.0 -384.0
72.0 -484.8
72.0 -358.8
72.0 -398.4
72.0 -405.6
72.0 -355.2
72.0 -439.2
72.0 -469.2
72.0 -61.2
72.0 -81.6
72.0 0.0
72.0 -228.0
73.0 -356.4
73.0 -463.2
73.0 -435.6
73.0 -446.4
73.0 -386.4
73.0 -345.6
73.0 -442.8
73.0 -450.0
73.0 -390.0
73.0 -364.8
73.0 -391.2
73.0 -403.2
73.0 -135.6
73.0 -27.6
74.0 -99.6
74.0 -442.8
74.0 -504.0
74.0 -428.4
74.0 -369.6
74.0 -386.4
74.0 -511.2
74.0 -456.0
74.0 -427.2
74.0 -405.6
74.0 -454.8
74.0 -459.6
74.0 -442.8
74.0 -302.4
74.0 -435.6
74.0 -399.6
74.0 -416.4
74.0 -93.6
74.0 -82.8
74.0 0.0
74.0 -60.0
74.0 0.0
74.0 -93.6
74.0 -32.4
75.0 -409.2
75.0 -428.4
75.0 -478.8
75.0 -446.4
75.0 -420.0
75.0 -366.0
75.0 -429.6
75.0 -478.8
75.0 -396.0
75.0 -411.6
75.0 -399.6
75.0 -345.6
75.0 -415.2
75.0 -75.6
75.0 -76.8
75.0 -32.4
76.0 -499.2
76.0 -374.4
76.0 -489.6
76.0 -460.8
76.0 -336.0
76.0 -404.4
76.0 -493.2
76.0 -474.0
76.0 -488.4
76.0 -486.0
76.0 -435.6
76.0 -428.4
76.0 -464.4
76.0 -496.8
76.0 -496.8
76.0 -399.6
76.0 -470.4
76.0 -458.4
76.0 -440.4
76.0 -476.4
76.0 -354.0
76.0 -439.2
76.0 -373.2
76.0 -110.4
76.0 -75.6
76.0 -66.0
76.0 -102.0
76.0 -27.6
77.0 -462.0
77.0 -457.2
77.0 -456.0
77.0 -344.4
77.0 -457.2
77.0 -468.0
77.0 -426.0
77.0 -408.0
77.0 -412.8
77.0 -382.8
77.0 -432.0
77.0 -435.6
77.0 -135.6
77.0 -409.2
77.0 -355.2
77.0 -364.8
77.0 -481.2
77.0 -386.4
77.0 -444.0
77.0 -43.2
77.0 -93.6
77.0 -43.2
77.0 -337.2
78.0 -447.6
78.0 -499.2
78.0 -502.8
78.0 -408.0
78.0 -361.2
78.0 -470.4
78.0 -406.8
78.0 -394.8
78.0 -388.8
78.0 -456.0
78.0 -420.0
78.0 -442.8
78.0 -345.6
78.0 -538.8
78.0 -325.2
78.0 -320.4
78.0 -476.4
78.0 -142.8
78.0 -60.0
79.0 -486.0
79.0 -421.2
79.0 -429.6
79.0 -396.0
79.0 -385.2
79.0 -410.4
79.0 -434.4
79.0 -376.8
79.0 -452.4
79.0 -410.4
79.0 -418.8
79.0 -361.2
79.0 -92.4
79.0 -142.8
79.0 -120.0
80.0 -451.2
80.0 -355.2
80.0 -492.0
80.0 -474.0
80.0 -484.8
80.0 -470.4
80.0 -439.2
80.0 -447.6
80.0 -422.4
80.0 -464.4
80.0 -474.0
80.0 -363.6
80.0 -96.0
80.0 -33.6
80.0 -94.8
81.0 -456.0
81.0 -451.2
81.0 -541.2
81.0 -350.4
81.0 -440.4
81.0 -338.4
81.0 -486.0
81.0 -544.8
81.0 -405.6
81.0 -415.2
81.0 -510.0
81.0 -507.6
81.0 -463.2
81.0 -439.2
81.0 -464.4
81.0 -532.8
81.0 -439.2
81.0 -433.2
81.0 -411.6
81.0 -468.0
81.0 -382.8
81.0 -522.0
81.0 -495.6
81.0 -511.2
81.0 -451.2
81.0 -458.4
81.0 -439.2
81.0 -456.0
81.0 -128.4
81.0 -99.6
81.0 -76.8
81.0 -69.6
81.0 -66.0
81.0 -32.4
82.0 -420.0
82.0 -464.4
82.0 -414.0
82.0 -400.8
82.0 -484.8
82.0 -457.2
82.0 -492.0
82.0 -387.6
82.0 -512.4
82.0 -499.2
82.0 -384.0
82.0 -385.2
82.0 -445.2
82.0 -428.4
82.0 -475.2
82.0 -529.2
82.0 -411.6
82.0 -513.6
82.0 -81.6
82.0 -92.4
82.0 -74.4
82.0 -32.4
82.0 -138.0
82.0 -32.4
82.0 -43.2
82.0 -43.2
83.0 -427.2
83.0 -531.6
83.0 -511.2
83.0 -469.2
83.0 -470.4
83.0 -429.6
83.0 -411.6
83.0 -394.8
83.0 -534.0
83.0 -440.4
83.0 -375.6
83.0 -440.4
83.0 -429.6
83.0 -438.0
83.0 -385.2
83.0 -404.4
83.0 0.0
83.0 -76.8
83.0 -62.4
83.0 -32.4
83.0 0.0
84.0 -432.0
84.0 -502.8
84.0 -553.2
84.0 -502.8
84.0 -474.0
84.0 -436.8
84.0 -440.4
84.0 -475.2
84.0 -414.0
84.0 -457.2
84.0 -507.6
84.0 -578.4
84.0 -480.0
84.0 -442.8
84.0 -546.0
84.0 -516.0
84.0 -481.2
84.0 -482.4
84.0 -379.2
84.0 -75.6
84.0 -32.4
84.0 -98.4
85.0 -528.0
85.0 -451.2
85.0 -494.4
85.0 -465.6
85.0 -553.2
85.0 -496.8
85.0 -418.8
85.0 -453.6
85.0 -476.4
85.0 -435.6
85.0 -446.4
85.0 -409.2
85.0 -456.0
85.0 -512.4
85.0 -434.4
85.0 -506.4
85.0 -240.0
85.0 -31.2
85.0 -32.4
85.0 -43.2
85.0 -92.4
85.0 -42.0
85.0 -76.8
86.0 -484.8
86.0 -400.8
86.0 -433.2
86.0 -421.2
86.0 -459.6
86.0 -520.8
86.0 -456.0
86.0 -448.8
86.0 -506.4
86.0 -434.4
86.0 -450.0
86.0 -424.8
86.0 -420.0
86.0 -501.6
86.0 -514.8
86.0 -477.6
86.0 -424.8
86.0 -441.6
86.0 -261.6
86.0 0.0
86.0 -126.0
86.0 -82.8
86.0 -27.6
86.0 -28.8
87.0 -508.8
87.0 -502.8
87.0 -454.8
87.0 -397.2
87.0 -390.0
87.0 -429.6
87.0 -480.0
87.0 -501.6
87.0 -463.2
87.0 -560.4
87.0 -544.8
87.0 -409.2
87.0 -439.2
87.0 -446.4
87.0 -477.6
87.0 -523.2
87.0 -33.6
87.0 -118.8
87.0 -96.0
88.0 -265.2
88.0 -475.2
88.0 -476.4
88.0 -517.2
88.0 -510.0
88.0 -523.2
88.0 -535.2
88.0 -500.4
88.0 -571.2
88.0 -519.6
88.0 -433.2
88.0 -530.4
88.0 -440.4
88.0 -478.8
88.0 -519.6
88.0 -450.0
88.0 -418.8
88.0 -412.8
88.0 -429.6
88.0 -490.8
88.0 -468.0
88.0 -506.4
88.0 -468.0
88.0 -564.0
88.0 -429.6
88.0 -486.0
88.0 -474.0
88.0 -396.0
88.0 -55.2
88.0 -76.8
88.0 -132.0
88.0 -93.6
88.0 -75.6
88.0 -96.0
88.0 -102.0
89.0 -524.4
89.0 -540.0
89.0 -422.4
89.0 -420.0
89.0 -577.2
89.0 -586.8
89.0 -565.2
89.0 -445.2
89.0 -574.8
89.0 -438.0
89.0 -398.4
89.0 -98.4
89.0 -75.6
89.0 -105.6
89.0 -64.8
89.0 -109.2
90.0 -488.4
90.0 -476.4
90.0 -514.8
90.0 -466.8
90.0 -543.6
90.0 -500.4
90.0 -423.6
90.0 -532.8
90.0 -548.4
90.0 -585.6
90.0 -436.8
90.0 -578.4
90.0 -410.4
90.0 -476.4
90.0 -439.2
90.0 -487.2
90.0 -33.6
90.0 -136.8
90.0 -97.2
90.0 -148.8
90.0 -60.0
90.0 -138.0
91.0 -501.6
91.0 -470.4
91.0 -541.2
91.0 -541.2
91.0 -472.8
91.0 -417.6
91.0 -506.4
91.0 -435.6
91.0 -541.2
91.0 -468.0
91.0 -445.2
91.0 -496.8
91.0 -606.0
91.0 -492.0
91.0 -499.2
91.0 -384.0
91.0 -418.8
91.0 -195.6
91.0 -159.6
91.0 0.0
92.0 -261.6
92.0 -553.2
92.0 -502.8
92.0 -578.4
92.0 -472.8
92.0 -489.6
92.0 -536.4
92.0 -426.0
92.0 -482.4
92.0 -495.6
92.0 -522.0
92.0 -202.8
92.0 -58.8
92.0 -218.4
92.0 -32.4
92.0 -58.8
93.0 -506.4
93.0 -578.4
93.0 -600.0
93.0 -571.2
93.0 -554.4
93.0 -537.6
93.0 -508.8
93.0 -524.4
93.0 -520.8
93.0 -534.0
93.0 -464.4
93.0 -102.0
93.0 -93.6
93.0 -151.2
93.0 -133.2
93.0 -109.2
93.0 -176.4
93.0 -217.2
94.0 -424.8
94.0 -429.6
94.0 -546.0
94.0 -511.2
94.0 -477.6
94.0 -416.4
94.0 -522.0
94.0 -543.6
94.0 -549.6
94.0 -597.6
94.0 -543.6
94.0 -476.4
94.0 -522.0
94.0 -374.4
94.0 -468.0
94.0 -462.0
94.0 -488.4
94.0 -144.0
94.0 0.0
94.0 -163.2
94.0 -43.2
94.0 -248.4
94.0 -70.8
94.0 -60.0
94.0 -171.6
94.0 -57.6
95.0 -368.4
95.0 -498.0
95.0 -502.8
95.0 -568.8
95.0 -535.2
95.0 -436.8
95.0 -530.4
95.0 -586.8
95.0 -514.8
95.0 -202.8
95.0 -240.0
95.0 -462.0
95.0 -472.8
95.0 -43.2
95.0 -211.2
95.0 -118.8
95.0 -108.0
95.0 -105.6
95.0 -109.2
95.0 -43.2
95.0 -60.0
95.0 -62.4
95.0 -159.6
95.0 -134.4
95.0 -141.6
96.0 -273.6
96.0 -597.6
96.0 -554.4
96.0 -543.6
96.0 -493.2
96.0 -428.4
96.0 -439.2
96.0 -602.4
96.0 -578.4
96.0 -327.6
96.0 -492.0
96.0 -502.8
96.0 -536.4
96.0 -502.8
96.0 -129.6
96.0 -112.8
96.0 -43.2
97.0 -544.8
97.0 -582.0
97.0 -439.2
97.0 -553.2
97.0 -487.2
97.0 -528.0
97.0 -578.4
97.0 -532.8
97.0 -502.8
97.0 -511.2
97.0 -534.0
97.0 -583.2
97.0 -534.0
97.0 -168.0
97.0 -176.4
97.0 -193.2
97.0 -67.2
97.0 -87.6
98.0 -224.4
98.0 -469.2
98.0 -465.6
98.0 -606.0
98.0 -544.8
98.0 -356.4
98.0 -594.0
98.0 -602.4
98.0 -553.2
98.0 -606.0
98.0 -504.0
98.0 -498.0
98.0 -566.4
98.0 -452.4
98.0 -572.4
98.0 -544.8
98.0 -591.6
98.0 -492.0
98.0 -132.0
98.0 -139.2
98.0 -180.0
98.0 -57.6
98.0 -206.4
98.0 -32.4
99.0 -248.4
99.0 -524.4
99.0 -585.6
99.0 -567.6
99.0 -468.0
99.0 -482.4
99.0 -558.0
99.0 -537.6
99.0 -565.2
99.0 -565.2
99.0 -579.6
99.0 -531.6
99.0 -542.4
99.0 -638.4
99.0 -256.8
99.0 -213.6
99.0 -612.0
99.0 -592.8
99.0 -602.4
99.0 -630.0
99.0 -141.6
99.0 -98.4
99.0 -62.4
99.0 -33.6
100.0 -121.2
100.0 -625.2
100.0 -494.4
100.0 -560.4
100.0 -534.0
100.0 -621.6
100.0 -616.8
100.0 -502.8
100.0 -562.8
100.0 -482.4
100.0 -561.6
100.0 -488.4
100.0 -496.8
100.0 -505.2
100.0 -88.8
100.0 -160.8
100.0 -109.2
101.0 -541.2
101.0 -548.4
101.0 -501.6
101.0 -513.6
101.0 -555.6
101.0 -554.4
101.0 -613.2
101.0 -548.4
101.0 -561.6
101.0 -561.6
101.0 -640.8
101.0 -573.6
101.0 -452.4
101.0 -505.2
101.0 -468.0
101.0 -517.2
101.0 -189.6
101.0 -66.0
101.0 -171.6
101.0 -201.6
101.0 -214.8
101.0 -104.4
101.0 -32.4
102.0 -570.0
102.0 -572.4
102.0 -541.2
102.0 -531.6
102.0 -579.6
102.0 -490.8
102.0 -535.2
102.0 -480.0
102.0 -558.0
102.0 -554.4
102.0 -559.2
102.0 -572.4
102.0 -500.4
102.0 -561.6
102.0 -524.4
102.0 -504.0
102.0 -142.8
102.0 -37.2
102.0 -76.8
103.0 -502.8
103.0 -580.8
103.0 -492.0
103.0 -559.2
103.0 -567.6
103.0 -541.2
103.0 -614.4
103.0 -291.6
103.0 -535.2
103.0 -553.2
103.0 -529.2
103.0 -534.0
103.0 -484.8
103.0 -60.0
103.0 -62.4
103.0 -66.0
103.0 -111.6
103.0 -43.2
103.0 -32.4
104.0 -206.4
104.0 -555.6
104.0 -572.4
104.0 -620.4
104.0 -564.0
104.0 -579.6
104.0 -535.2
104.0 -603.6
104.0 -553.2
104.0 -597.6
104.0 -542.4
104.0 -525.6
104.0 -524.4
104.0 -530.4
104.0 -613.2
104.0 -561.6
104.0 -274.8
104.0 -622.8
104.0 -550.8
104.0 -570.0
104.0 -492.0
104.0 -626.4
104.0 -548.4
104.0 -554.4
104.0 -511.2
104.0 -488.4
104.0 -33.6
104.0 -111.6
104.0 -218.4
104.0 -135.6
104.0 -64.8
104.0 -55.2
104.0 -60.0
104.0 -66.0
105.0 -595.2
105.0 -550.8
105.0 -579.6
105.0 -583.2
105.0 -488.4
105.0 -516.0
105.0 -538.8
105.0 -589.2
105.0 -600.0
105.0 -649.2
105.0 -253.2
105.0 -501.6
105.0 -554.4
105.0 -585.6
105.0 -504.0
105.0 -547.2
105.0 -128.4
105.0 -98.4
105.0 -106.8
105.0 -140.4
105.0 -246.0
105.0 -88.8
106.0 -606.0
106.0 -547.2
106.0 -585.6
106.0 -568.8
106.0 -606.0
106.0 -572.4
106.0 -625.2
106.0 -523.2
106.0 -519.6
106.0 -565.2
106.0 -517.2
106.0 -552.0
106.0 -163.2
106.0 -91.2
106.0 -66.0
106.0 -176.4
107.0 -261.6
107.0 -405.6
107.0 -554.4
107.0 -566.4
107.0 -632.4
107.0 -494.4
107.0 -492.0
107.0 -610.8
107.0 -640.8
107.0 -566.4
107.0 -297.6
107.0 -606.0
107.0 -486.0
107.0 -103.2
107.0 -177.6
107.0 -110.4
107.0 -202.8
107.0 -43.2
108.0 -238.8
108.0 -250.8
108.0 -230.4
108.0 -555.6
108.0 -466.8
108.0 -162.0
108.0 -544.8
108.0 -573.6
108.0 -654.0
108.0 -678.0
108.0 -553.2
108.0 -607.2
108.0 -314.4
108.0 -477.6
108.0 -555.6
108.0 -590.4
108.0 -27.6
108.0 -60.0
108.0 -238.8
108.0 -69.6
108.0 -104.4
109.0 -278.4
109.0 -333.6
109.0 -567.6
109.0 -501.6
109.0 -638.4
109.0 -607.2
109.0 -574.8
109.0 -642.0
109.0 -542.4
109.0 -596.4
109.0 -486.0
109.0 -92.4
109.0 -175.2
109.0 -66.0
109.0 -152.4
109.0 -66.0
109.0 -109.2
109.0 -169.2
110.0 -378.0
110.0 -588.0
110.0 -565.2
110.0 -595.2
110.0 -520.8
110.0 -535.2
110.0 -498.0
110.0 -366.0
110.0 -336.0
110.0 -603.6
110.0 -568.8
110.0 -543.6
110.0 -534.0
110.0 -354.0
110.0 -177.6
110.0 -640.8
110.0 -663.6
110.0 -552.0
110.0 -595.2
110.0 -571.2
110.0 -538.8
110.0 -136.8
110.0 -67.2
110.0 -238.8
110.0 -106.8
111.0 -351.6
111.0 -637.2
111.0 -648.0
111.0 -600.0
111.0 -620.4
111.0 -604.8
111.0 -633.6
111.0 -530.4
111.0 -624.0
111.0 -571.2
111.0 -668.4
111.0 -516.0
111.0 -644.4
111.0 -638.4
111.0 -578.4
111.0 -595.2
111.0 -590.4
111.0 -626.4
111.0 -614.4
111.0 -177.6
111.0 -66.0
111.0 -187.2
111.0 -182.4
111.0 -212.4
111.0 -169.2
111.0 -56.4
112.0 -219.6
112.0 -668.4
112.0 -550.8
112.0 -692.4
112.0 -554.4
112.0 -598.8
112.0 -544.8
112.0 -631.2
112.0 -535.2
112.0 -570.0
112.0 -614.4
112.0 -595.2
112.0 -308.4
112.0 -552.0
112.0 -517.2
112.0 -622.8
112.0 -739.2
112.0 -63.6
112.0 -27.6
113.0 -334.8
113.0 -577.2
113.0 -577.2
113.0 -615.6
113.0 -625.2
113.0 -578.4
113.0 -549.6
113.0 -662.4
113.0 -610.8
113.0 -474.0
113.0 -622.8
113.0 -576.0
113.0 -676.8
113.0 -634.8
113.0 -590.4
113.0 -531.6
113.0 -606.0
113.0 -556.8
113.0 -598.8
113.0 -75.6
113.0 -164.4
113.0 -110.4
113.0 -178.8
114.0 -596.4
114.0 -582.0
114.0 -564.0
114.0 -476.4
114.0 -578.4
114.0 -585.6
114.0 -614.4
114.0 -667.2
114.0 -604.8
114.0 -560.4
114.0 -211.2
114.0 -157.2
115.0 -313.2
115.0 -300.0
115.0 -192.0
115.0 -591.6
115.0 -666.0
115.0 -658.8
115.0 -676.8
115.0 -594.0
115.0 -604.8
115.0 -592.8
115.0 -654.0
115.0 -630.0
115.0 -537.6
115.0 -200.4
115.0 -153.6
115.0 -252.0
115.0 -73.2
115.0 -172.8
115.0 -247.2
116.0 -321.6
116.0 -363.6
116.0 -616.8
116.0 -706.8
116.0 -247.2
116.0 -260.4
116.0 -597.6
116.0 -614.4
116.0 -595.2
116.0 -580.8
116.0 -654.0
116.0 -649.2
116.0 -100.8
116.0 -82.8
116.0 -72.0
117.0 -420.0
117.0 -222.0
117.0 -286.8
117.0 -681.6
117.0 -434.4
117.0 -556.8
117.0 -612.0
117.0 -584.4
117.0 -583.2
117.0 -626.4
117.0 -396.0
117.0 -540.0
117.0 -124.8
117.0 -111.6
118.0 -379.2
118.0 -616.8
118.0 -613.2
118.0 -717.6
118.0 -486.0
118.0 -500.4
118.0 -543.6
118.0 -586.8
118.0 -556.8
118.0 -612.0
118.0 -658.8
118.0 -572.4
118.0 -424.8
118.0 -627.6
118.0 -722.4
118.0 -126.0
118.0 -178.8
118.0 -72.0
118.0 -126.0
119.0 -390.0
119.0 -405.6
119.0 -624.0
119.0 -699.6
119.0 -584.4
119.0 -638.4
119.0 -585.6
119.0 -678.0
119.0 -543.6
119.0 -399.6
119.0 -327.6
119.0 -618.0
119.0 -586.8
119.0 -682.8
119.0 -142.8
119.0 -212.4
120.0 -436.8
120.0 -456.0
120.0 -614.4
120.0 -688.8
120.0 -658.8
120.0 -616.8
120.0 -235.2
120.0 -484.8
120.0 -583.2
120.0 -720.0
120.0 -33.6
120.0 -93.6
121.0 -423.6
121.0 -434.4
121.0 -265.2
121.0 -396.0
121.0 -578.4
121.0 -553.2
121.0 -644.4
121.0 -621.6
121.0 -668.4
121.0 -614.4
121.0 -692.4
121.0 -620.4
121.0 -620.4
121.0 -673.2
121.0 -542.4
121.0 -584.4
121.0 -644.4
121.0 -606.0
121.0 -247.2
121.0 -531.6
121.0 -524.4
121.0 -644.4
121.0 -668.4
121.0 -604.8
121.0 -615.6
121.0 -624.0
121.0 -222.0
121.0 -138.0
121.0 -87.6
121.0 -159.6
121.0 -43.2
122.0 -319.2
122.0 -439.2
122.0 -434.4
122.0 -478.8
122.0 -496.8
122.0 -685.2
122.0 -722.4
122.0 -645.6
122.0 -684.0
122.0 -715.2
122.0 -631.2
122.0 -608.4
122.0 -700.8
122.0 -639.6
122.0 -608.4
122.0 -451.2
122.0 -717.6
122.0 -682.8
122.0 -548.4
122.0 -204.0
122.0 -103.2
123.0 -428.4
123.0 -698.4
123.0 -589.2
123.0 -134.4
123.0 -70.8
123.0 -217.2
123.0 -153.6
123.0 -48.0
123.0 -252.0
124.0 -373.2
124.0 -379.2
124.0 -361.2
124.0 -312.0
124.0 -304.8
124.0 -715.2
124.0 -602.4
124.0 -396.0
124.0 -606.0
124.0 -620.4
124.0 -646.8
124.0 -686.4
124.0 -619.2
124.0 -315.6
124.0 -664.8
124.0 -680.4
124.0 -649.2
124.0 -109.2
124.0 -94.8
124.0 -108.0
125.0 -370.8
125.0 -397.2
125.0 -388.8
125.0 -366.0
125.0 -502.8
125.0 -596.4
125.0 -626.4
125.0 -603.6
125.0 -670.8
125.0 -573.6
125.0 -678.0
125.0 -639.6
125.0 -613.2
125.0 -571.2
125.0 -213.6
125.0 -310.8
125.0 -751.2
125.0 -718.8
125.0 -175.2
126.0 -348.0
126.0 -636.0
126.0 -384.0
126.0 -700.8
126.0 -693.6
126.0 -705.6
126.0 -723.6
126.0 -594.0
126.0 -723.6
126.0 -578.4
126.0 -694.8
126.0 -698.4
126.0 -657.6
126.0 -644.4
126.0 -120.0
126.0 -130.8
126.0 -135.6
127.0 -404.4
127.0 -330.0
127.0 -756.0
127.0 -578.4
127.0 -716.4
127.0 -736.8
127.0 -578.4
127.0 -394.8
127.0 -591.6
127.0 -691.2
127.0 -710.4
127.0 -76.8
127.0 -195.6
127.0 -109.2
127.0 0.0
127.0 -148.8
128.0 -334.8
128.0 -476.4
128.0 -388.8
128.0 -640.8
128.0 -448.8
128.0 -588.0
128.0 -633.6
128.0 -669.6
128.0 -753.6
128.0 -762.0
128.0 -603.6
128.0 -217.2
128.0 -75.6
128.0 -158.4
129.0 -523.2
129.0 -286.8
129.0 -585.6
129.0 -315.6
129.0 -412.8
129.0 -645.6
129.0 -534.0
129.0 -685.2
129.0 -612.0
129.0 -716.4
129.0 -693.6
129.0 -318.0
129.0 -588.0
129.0 -218.4
129.0 -56.4
129.0 -75.6
130.0 -393.6
130.0 -472.8
130.0 -580.8
130.0 -690.0
130.0 -727.2
130.0 -660.0
130.0 -507.6
130.0 -682.8
130.0 -696.0
130.0 -612.0
130.0 -640.8
130.0 -700.8
130.0 -715.2
130.0 -722.4
130.0 -718.8
130.0 -270.0
130.0 -171.6
130.0 -141.6
130.0 -90.0
131.0 -434.4
131.0 -356.4
131.0 -500.4
131.0 -430.8
131.0 -456.0
131.0 -439.2
131.0 -544.8
131.0 -730.8
131.0 -411.6
131.0 -368.4
131.0 -783.6
131.0 -136.8
131.0 -99.6
132.0 -316.8
132.0 -244.8
132.0 -352.8
132.0 -470.4
132.0 -710.4
132.0 -612.0
132.0 -319.2
132.0 -744.0
132.0 -696.0
132.0 -812.4
132.0 -818.4
132.0 -238.8
132.0 -214.8
133.0 -450.0
133.0 -652.8
133.0 -468.0
133.0 -651.6
133.0 -680.4
133.0 -733.2
133.0 -724.8
133.0 -649.2
133.0 -654.0
133.0 -412.8
133.0 -631.2
133.0 -702.0
133.0 -699.6
133.0 -181.2
133.0 -76.8
133.0 -148.8
133.0 -312.0
134.0 -312.0
134.0 -369.6
134.0 -355.2
134.0 -657.6
134.0 -601.2
134.0 -688.8
134.0 -656.4
134.0 -746.4
134.0 -752.4
134.0 -846.0
134.0 -658.8
134.0 -765.6
134.0 -212.4
134.0 -242.4
134.0 -253.2
135.0 -282.0
135.0 -484.8
135.0 -376.8
135.0 -717.6
135.0 -356.4
135.0 -523.2
135.0 -690.0
135.0 -642.0
135.0 -717.6
135.0 -720.0
135.0 -271.2
135.0 -72.0
135.0 -212.4
136.0 -232.8
136.0 -285.6
136.0 -696.0
136.0 -740.4
136.0 -452.4
136.0 -638.4
136.0 -700.8
136.0 -643.2
136.0 -744.0
136.0 -700.8
136.0 -814.8
136.0 -661.2
136.0 -738.0
136.0 -814.8
136.0 -144.0
136.0 -244.8
137.0 -512.4
137.0 -357.6
137.0 -366.0
137.0 -655.2
137.0 -610.8
137.0 -679.2
137.0 -174.0
137.0 -109.2
137.0 -91.2
138.0 -354.0
138.0 -459.6
138.0 -512.4
138.0 -554.4
138.0 -699.6
138.0 -319.2
138.0 -396.0
139.0 -324.0
139.0 -548.4
139.0 -474.0
139.0 -676.8
139.0 -567.6
139.0 -435.6
139.0 -682.8
139.0 -758.4
139.0 -788.4
139.0 -766.8
139.0 -777.6
139.0 -320.4
139.0 -404.4
139.0 -842.4
139.0 -687.6
139.0 -757.2
139.0 -147.6
139.0 -214.8
140.0 -512.4
140.0 -675.6
140.0 -759.6
140.0 -808.8
140.0 -679.2
140.0 -699.6
140.0 -840.0
140.0 -766.8
140.0 -411.6
140.0 -150.0
140.0 -279.6
141.0 -312.0
141.0 -644.4
141.0 -661.2
141.0 -645.6
141.0 -632.4
141.0 -636.0
141.0 -374.4
141.0 -790.8
141.0 -696.0
141.0 -792.0
141.0 -769.2
141.0 -742.8
141.0 -801.6
141.0 -843.6
142.0 -468.0
142.0 -476.4
142.0 -448.8
142.0 -512.4
142.0 -739.2
142.0 -786.0
142.0 -777.6
142.0 -708.0
142.0 -699.6
142.0 -403.2
142.0 -730.8
142.0 -819.6
142.0 -99.6
143.0 -380.4
143.0 -321.6
143.0 -550.8
143.0 -750.0
143.0 -732.0
143.0 -746.4
143.0 -742.8
143.0 -768.0
143.0 -674.4
143.0 -661.2
143.0 -753.6
144.0 -458.4
144.0 -448.8
144.0 -631.2
144.0 -694.8
144.0 -788.4
144.0 -722.4
144.0 -728.4
144.0 -687.6
144.0 -801.6
144.0 -273.6
145.0 -328.8
145.0 -350.4
145.0 -506.4
145.0 -483.6
145.0 -453.6
145.0 -625.2
145.0 -630.0
145.0 -778.8
145.0 -756.0
145.0 -691.2
145.0 -705.6
145.0 -800.4
145.0 -871.2
145.0 -771.6
145.0 -733.2
145.0 -895.2
145.0 -865.2
145.0 -813.6
145.0 -248.4
145.0 -172.8
146.0 -427.2
146.0 -802.8
146.0 -706.8
146.0 -813.6
146.0 -768.0
146.0 -649.2
146.0 -758.4
146.0 -157.2
147.0 -398.4
147.0 -518.4
147.0 -496.8
147.0 -741.6
147.0 -811.2
147.0 -786.0
147.0 -763.2
147.0 -774.0
147.0 -783.6
147.0 -670.8
147.0 -770.4
147.0 -412.8
147.0 -818.4
147.0 -158.4
148.0 -514.8
148.0 -578.4
148.0 -442.8
148.0 -518.4
148.0 -733.2
148.0 -702.0
148.0 -794.4
148.0 -742.8
148.0 -676.8
148.0 -836.4
148.0 -169.2
149.0 -572.4
149.0 -394.8
149.0 -547.2
149.0 -547.2
149.0 -435.6
149.0 -375.6
149.0 -866.4
149.0 -499.2
149.0 -572.4
149.0 -810.0
150.0 -486.0
150.0 -463.2
150.0 -507.6
150.0 -354.0
150.0 -463.2
150.0 -781.2
150.0 -807.6
150.0 -606.0
150.0 -446.4
150.0 -831.6
150.0 -214.8
151.0 -510.0
151.0 -380.4
151.0 -766.8
151.0 -351.6
151.0 -674.4
151.0 -741.6
151.0 -888.0
151.0 -697.2
152.0 -446.4
152.0 -386.4
152.0 -434.4
152.0 -564.0
152.0 -810.0
152.0 -724.8
152.0 -795.6
152.0 -770.4
152.0 -762.0
152.0 -739.2
152.0 -783.6
152.0 -746.4
153.0 -471.6
153.0 -502.8
153.0 -717.6
153.0 -408.0
153.0 -693.6
153.0 -879.6
153.0 -915.6
153.0 -294.0
154.0 -486.0
154.0 -498.0
154.0 -564.0
154.0 -576.0
154.0 -567.6
154.0 -764.4
154.0 -742.8
154.0 -550.8
154.0 -554.4
155.0 -644.4
155.0 -546.0
155.0 -735.6
155.0 -514.8
155.0 -668.4
155.0 -746.4
155.0 -810.0
156.0 -524.4
156.0 -350.4
156.0 -313.2
156.0 -507.6
156.0 -457.2
156.0 -531.6
156.0 -511.2
156.0 -836.4
156.0 -723.6
156.0 -847.2
157.0 -456.0
157.0 -825.6
157.0 -765.6
157.0 -738.0
158.0 -337.2
158.0 -813.6
158.0 -673.2
158.0 -866.4
158.0 -798.0
158.0 -828.0
158.0 -916.8
158.0 -798.0
159.0 -456.0
159.0 -528.0
159.0 -428.4
159.0 -574.8
159.0 -758.4
159.0 -438.0
159.0 -894.0
159.0 -228.0
160.0 -363.6
160.0 -486.0
160.0 -525.6
160.0 -372.0
160.0 -751.2
160.0 -778.8
160.0 -759.6
160.0 -730.8
160.0 -783.6
160.0 -844.8
160.0 -333.6
161.0 -553.2
161.0 -428.4
161.0 -649.2
161.0 -620.4
161.0 -565.2
161.0 -594.0
161.0 -872.4
161.0 -847.2
161.0 -804.0
161.0 -734.4
161.0 -801.6
161.0 -610.8
161.0 -853.2
161.0 -396.0
161.0 -694.8
161.0 -538.8
161.0 -895.2
161.0 -825.6
161.0 -837.6
162.0 -554.4
162.0 -435.6
162.0 -360.0
162.0 -457.2
162.0 -733.2
162.0 -811.2
162.0 -800.4
162.0 -802.8
162.0 -279.6
163.0 -541.2
163.0 -621.6
163.0 -530.4
163.0 -740.4
163.0 -464.4
163.0 -741.6
164.0 -321.6
164.0 -472.8
164.0 -429.6
164.0 -793.2
164.0 -759.6
164.0 -727.2
164.0 -816.0
164.0 -506.4
164.0 -699.6
164.0 -525.6
164.0 -886.8
164.0 -837.6
164.0 -960.0
164.0 -240.0
165.0 -470.4
165.0 -468.0
165.0 -746.4
166.0 -530.4
166.0 -945.6
166.0 -807.6
166.0 -793.2
166.0 -657.6
166.0 -817.2
167.0 -588.0
167.0 -367.2
167.0 -423.6
167.0 -442.8
167.0 -585.6
167.0 -951.6
167.0 -801.6
167.0 -822.0
168.0 -570.0
168.0 -586.8
168.0 -819.6
168.0 -853.2
168.0 -874.8
168.0 -852.0
168.0 -862.8
168.0 -752.4
168.0 -860.4
169.0 -495.6
169.0 -561.6
169.0 -760.8
169.0 -823.2
170.0 -386.4
170.0 -502.8
170.0 -470.4
170.0 -576.0
170.0 -339.6
170.0 -636.0
170.0 -522.0
170.0 -820.8
170.0 -789.6
170.0 -524.4
170.0 -870.0
171.0 -554.4
171.0 -459.6
171.0 -621.6
171.0 -800.4
171.0 -549.6
171.0 -940.8
171.0 -858.0
172.0 -614.4
172.0 -613.2
172.0 -828.0
172.0 -958.8
172.0 -789.6
172.0 -794.4
172.0 -940.8
173.0 -445.2
173.0 -475.2
173.0 -541.2
173.0 -487.2
173.0 -913.2
173.0 -937.2
174.0 -456.0
174.0 -432.0
174.0 -555.6
174.0 -549.6
174.0 -772.8
174.0 -874.8
175.0 -649.2
175.0 -603.6
175.0 -489.6
175.0 -811.2
175.0 -862.8
176.0 -516.0
176.0 -822.0
176.0 -794.4
176.0 -902.4
176.0 -688.8
176.0 -583.2
176.0 -937.2
177.0 -886.8
177.0 -817.2
177.0 -896.4
177.0 -940.8
178.0 -578.4
178.0 -909.6
178.0 -414.0
179.0 -574.8
179.0 -541.2
179.0 -531.6
180.0 -710.4
180.0 -559.2
180.0 -603.6
180.0 -921.6
180.0 -933.6
180.0 -1012.8
180.0 -900.0
180.0 -699.6
181.0 -595.2
181.0 -579.6
181.0 -537.6
181.0 -932.4
181.0 -864.0
181.0 -940.8
182.0 -591.6
182.0 -632.4
183.0 -640.8
183.0 -919.2
184.0 -645.6
184.0 -570.0
185.0 -804.0
185.0 -1029.6
186.0 -541.2
186.0 -638.4
187.0 -637.2
187.0 -699.6
187.0 -600.0
187.0 -1023.6
188.0 -488.4
188.0 -986.4
189.0 -675.6
189.0 -974.4
189.0 -1003.2
190.0 -770.4
191.0 -988.8
191.0 -1044.0
192.0 -596.4
192.0 -728.4
192.0 -516.0
193.0 -544.8
193.0 -625.2
193.0 -638.4
193.0 -996.0
193.0 -741.6
194.0 -495.6
194.0 -951.6
194.0 -800.4
197.0 -1092.0
197.0 -976.8
197.0 -883.2
198.0 -919.2
199.0 -938.4
200.0 -699.6
200.0 -1092.0
200.0 -723.6
201.0 -596.4
201.0 -664.8
201.0 -891.6
202.0 -978.0
203.0 -643.2
203.0 -756.0
203.0 -712.8
203.0 -1018.8
204.0 -724.8
204.0 -1006.8
205.0 -686.4
205.0 -1044.0
206.0 -741.6
206.0 -1047.6
206.0 -1058.4
207.0 -822.0
207.0 -759.6
208.0 -676.8
208.0 -855.6
209.0 -1167.6
210.0 -1110.0
210.0 -810.0
211.0 -900.0
211.0 -1144.8
211.0 -624.0
211.0 -772.8
212.0 -746.4
214.0 -1074.0
214.0 -982.8
214.0 -1170.0
215.0 -933.6
216.0 -1077.6
216.0 -1024.8
217.0 -703.2
217.0 -970.8
219.0 -636.0
220.0 -1075.2
222.0 -813.6
222.0 -1231.2
224.0 -716.4
224.0 -774.0
225.0 -885.6
225.0 -1194.0
226.0 -961.2
226.0 -976.8
228.0 -872.4
228.0 -722.4
229.0 -1167.6
229.0 -1230.0
230.0 -1161.6
231.0 -1088.4
231.0 -1178.4
232.0 -1087.2
233.0 -846.0
234.0 -1090.8
235.0 -811.2
236.0 -1117.2
236.0 -1136.4
238.0 -1263.6
238.0 -1124.4
238.0 -1207.2
240.0 -1188.0
242.0 -1172.4
242.0 -1111.2
249.0 -1220.4
252.0 -1360.8
254.0 -878.4
255.0 -1275.6
260.0 -1240.8
260.0 -1311.6
262.0 -1354.8
262.0 -1298.4
263.0 -1182.0
264.0 -1129.2
266.0 -1269.6
268.0 -1251.6
268.0 -1430.4
269.0 -1393.2
271.0 -1297.2
272.0 -1038.0
273.0 -1377.6
275.0 -976.8
278.0 -1320.0
280.0 -1339.2
281.0 -1291.2
282.0 -1060.8
292.0 -1041.6
294.0 -1381.2
295.0 -1460.4
296.0 -1188.0
299.0 -1591.2
300.0 -1472.4
300.0 -1488.0
302.0 -1099.2
303.0 -1202.4
304.0 -1390.8
306.0 -1344.0
307.0 -1317.6
309.0 -1171.2
314.0 -1524.0
319.0 -1486.8
319.0 -1470.0
320.0 -1330.8
321.0 -1324.8
321.0 -1464.0
322.0 -1644.0
324.0 -1327.2
324.0 -1416.0
326.0 -1515.6
326.0 -1399.2
326.0 -1618.8
330.0 -1090.8
330.0 -1490.4
331.0 -1392.0
331.0 -1338.0
331.0 -1639.2
332.0 -1317.6
333.0 -1566.0
334.0 -1562.4
335.0 -1668.0
335.0 -1683.6
337.0 -1695.6
337.0 -1544.4
338.0 -1550.4
338.0 -1628.4
339.0 -1389.6
339.0 -1632.0
339.0 -1678.8
341.0 -1485.6
342.0 -1536.0
344.0 -1711.2
345.0 -1608.0
346.0 -1530.0
347.0 -1668.0
352.0 -1724.4
352.0 -1717.2
353.0 -1642.8
353.0 -1734.0
353.0 -1752.0
354.0 -1648.8
354.0 -1664.4
354.0 -1496.4
355.0 -1549.2
355.0 -1708.8
356.0 -1624.8
356.0 -1425.6
357.0 -1671.6
357.0 -1572.0
357.0 -1688.4
359.0 -1777.2
361.0 -1605.6
362.0 -1777.2
362.0 -1752.0
362.0 -1690.8
362.0 -1695.6
363.0 -1692.0
364.0 -1528.8
364.0 -1710.0
364.0 -1726.8
364.0 -1435.2
364.0 -1730.4
365.0 -1688.4
366.0 -1632.0
368.0 -1867.2
368.0 -1731.6
370.0 -1713.6
370.0 -1734.0
371.0 -1785.6
371.0 -1741.2
371.0 -1639.2
372.0 -1814.4
372.0 -1785.6
372.0 -1784.4
372.0 -1711.2
373.0 -1870.8
373.0 -1738.8
373.0 -1621.2
373.0 -1808.4
373.0 -1917.6
374.0 -1749.6
374.0 -1791.6
374.0 -1785.6
374.0 -1627.2
375.0 -1431.6
375.0 -1768.8
375.0 -1687.2
377.0 -1812.0
377.0 -1705.2
377.0 -1761.6
377.0 -1701.6
378.0 -1773.6
378.0 -1854.0
380.0 -1845.6
380.0 -1827.6
380.0 -1719.6
380.0 -1640.4
381.0 -1257.6
381.0 -1399.2
381.0 -1899.6
382.0 -1780.8
382.0 -1848.0
382.0 -1914.0
384.0 -1641.6
385.0 -1830.0
385.0 -1794.0
385.0 -1896.0
385.0 -1798.8
385.0 -1640.4
386.0 -1860.0
386.0 -1767.6
386.0 -1891.2
387.0 -1802.4
387.0 -1894.8
387.0 -1717.2
388.0 -1845.6
388.0 -1802.4
388.0 -1844.4
388.0 -1962.0
388.0 -1773.6
389.0 -1857.6
389.0 -1854.0
389.0 -1785.6
389.0 -1827.6
390.0 -1689.6
390.0 -1964.4
390.0 -1898.4
391.0 -1820.4
391.0 -1861.2
391.0 -1754.4
392.0 -1574.4
392.0 -1864.8
392.0 -1915.2
392.0 -1807.2
392.0 -1820.4
392.0 -1906.8
392.0 -1722.0
393.0 -1996.8
393.0 -1759.2
393.0 -1618.8
395.0 -1731.6
395.0 -1984.8
395.0 -1950.0
395.0 -1921.2
395.0 -1851.6
395.0 -1876.8
396.0 -1866.0
396.0 -1843.2
396.0 -1922.4
397.0 -1918.8
397.0 -1876.8
397.0 -1750.8
397.0 -1806.0
397.0 -1870.8
397.0 -1935.6
398.0 -1368.0
398.0 -1960.8
398.0 -2017.2
398.0 -1885.2
398.0 -1962.0
399.0 -1864.8
399.0 -1818.0
399.0 -1884.0
400.0 -1784.4
400.0 -1917.6
400.0 -1881.6
400.0 -1875.6
400.0 -1634.4
400.0 -1880.4
401.0 -1552.8
401.0 -1936.8
401.0 -1761.6
402.0 -1959.6
402.0 -1880.4
402.0 -1832.4
402.0 -1866.0
402.0 -2017.2
402.0 -1827.6
403.0 -1468.8
403.0 -1770.0
403.0 -1932.0
403.0 -1903.2
404.0 -1862.4
404.0 -1999.2
404.0 -1956.0
404.0 -1910.4
404.0 -1904.4
405.0 -1983.6
405.0 -1881.6
405.0 -1898.4
405.0 -1843.2
406.0 -1723.2
406.0 -1887.6
406.0 -1808.4
406.0 -1858.8
406.0 -1972.8
406.0 -1845.6
406.0 -1593.6
406.0 -1964.4
406.0 -1880.4
407.0 -1653.6
407.0 -1921.2
407.0 -1948.8
407.0 -1762.8
408.0 -1897.2
408.0 -1884.0
408.0 -1898.4
408.0 -1966.8
409.0 -1826.4
409.0 -2010.0
409.0 -1861.2
410.0 -2001.6
410.0 -1890.0
411.0 -1722.0
411.0 -1905.6
411.0 -1840.8
411.0 -1922.4
411.0 -2032.8
411.0 -1952.4
411.0 -1950.0
411.0 -1990.8
412.0 -1705.2
412.0 -1608.0
412.0 -1946.4
412.0 -1890.0
412.0 -1971.6
412.0 -2038.8
413.0 -1862.4
413.0 -2030.4
413.0 -1954.8
413.0 -1947.6
414.0 -1976.4
414.0 -1754.4
414.0 -1820.4
414.0 -1921.2
414.0 -1959.6
415.0 -1995.6
415.0 -1993.2
415.0 -2092.8
415.0 -1945.2
415.0 -1932.0
416.0 -1924.8
416.0 -1921.2
416.0 -1988.4
416.0 -1810.8
416.0 -2052.0
416.0 -1970.4
416.0 -1732.8
417.0 -1825.2
417.0 -1972.8
417.0 -2011.2
417.0 -1894.8
417.0 -1840.8
417.0 -1921.2
417.0 -1986.0
417.0 -1922.4
418.0 -1888.8
418.0 -1917.6
418.0 -1875.6
419.0 -1953.6
419.0 -1957.2
419.0 -2019.6
419.0 -1921.2
419.0 -2118.0
419.0 -1990.8
419.0 -1996.8
419.0 -1933.2
420.0 -1741.2
420.0 -1916.4
420.0 -1909.2
420.0 -2025.6
420.0 -1760.4
421.0 -1767.6
421.0 -1976.4
421.0 -1978.8
421.0 -2120.4
421.0 -2132.4
421.0 -1990.8
421.0 -1920.0
421.0 -1930.8
422.0 -1711.2
422.0 -1855.2
422.0 -2053.2
422.0 -1952.4
422.0 -1968.0
422.0 -1965.6
422.0 -1747.2
422.0 -1854.0
422.0 -2046.0
423.0 -2110.8
423.0 -1954.8
423.0 -2044.8
423.0 -2002.8
423.0 -2094.0
423.0 -2030.4
424.0 -1966.8
424.0 -2042.4
424.0 -2006.4
425.0 -1944.0
425.0 -2070.0
425.0 -1880.4
425.0 -2096.4
425.0 -1934.4
426.0 -1971.6
426.0 -1992.0
426.0 -2126.4
426.0 -1977.6
426.0 -1921.2
427.0 -1821.6
427.0 -1870.8
427.0 -2058.0
427.0 -1957.2
427.0 -2065.2
427.0 -1989.6
427.0 -2072.4
427.0 -1950.0
427.0 -1966.8
428.0 -2002.8
428.0 -1899.6
428.0 -1989.6
428.0 -2041.2
428.0 -2008.8
428.0 -2091.6
429.0 -1938.0
429.0 -2056.8
429.0 -2073.6
429.0 -2163.6
429.0 -1921.2
429.0 -2005.2
429.0 -1981.2
430.0 -2004.0
430.0 -2088.0
431.0 -1941.6
431.0 -2098.8
431.0 -2065.2
431.0 -2038.8
431.0 -1924.8
431.0 -2030.4
431.0 -1892.4
431.0 -2054.4
432.0 -2050.8
432.0 -1969.2
433.0 -2096.4
433.0 -2037.6
433.0 -2083.2
433.0 -2068.8
433.0 -2067.6
433.0 -1987.2
434.0 -1780.8
434.0 -1926.0
434.0 -2116.8
434.0 -2121.6
434.0 -1994.4
434.0 -1977.6
434.0 -1971.6
434.0 -1819.2
434.0 -1791.6
434.0 -2046.0
434.0 -1990.8
435.0 -1764.0
435.0 -1960.8
435.0 -2048.4
435.0 -2055.6
435.0 -2008.8
435.0 -2059.2
435.0 -1882.8
435.0 -2037.6
435.0 -2127.6
436.0 -2162.4
436.0 -1995.6
436.0 -2139.6
436.0 -2035.2
437.0 -1996.8
437.0 -2080.8
437.0 -2080.8
437.0 -2130.0
437.0 -2032.8
437.0 -2006.4
438.0 -2164.8
438.0 -2188.8
438.0 -2038.8
438.0 -2032.8
438.0 -2047.2
438.0 -1987.2
438.0 -2112.0
438.0 -1525.2
438.0 -2035.2
438.0 -2048.4
439.0 -2092.8
439.0 -2029.2
439.0 -2085.6
439.0 -2110.8
439.0 -2104.8
439.0 -1956.0
440.0 -1786.8
440.0 -2126.4
440.0 -1962.0
440.0 -2113.2
440.0 -1980.0
440.0 -2084.4
440.0 -2012.4
440.0 -1890.0
441.0 -2202.0
441.0 -1672.8
441.0 -2002.8
441.0 -2131.2
441.0 -2079.6
441.0 -1890.0
441.0 -2049.6
441.0 -2179.2
442.0 -2143.2
442.0 -1927.2
442.0 -2145.6
442.0 -2037.6
442.0 -2140.8
442.0 -2124.0
442.0 -1994.4
442.0 -2109.6
443.0 -1677.6
443.0 -2089.2
443.0 -1882.8
444.0 -2018.4
444.0 -1838.4
444.0 -2091.6
444.0 -2066.4
444.0 -2174.4
444.0 -2098.8
444.0 -2073.6
445.0 -2083.2
445.0 -1881.6
445.0 -2104.8
445.0 -2180.4
445.0 -2012.4
445.0 -2118.0
445.0 -2065.2
445.0 -2029.2
446.0 -1982.4
446.0 -1753.2
446.0 -2013.6
446.0 -2169.6
446.0 -1904.4
447.0 -1707.6
447.0 -2140.8
447.0 -2079.6
447.0 -2079.6
447.0 -2176.8
447.0 -2106.0
447.0 -2048.4
447.0 -2186.4
447.0 -2114.4
447.0 -2084.4
448.0 -1762.8
448.0 -2215.2
448.0 -2196.0
448.0 -2119.2
448.0 -2089.2
448.0 -2029.2
448.0 -2146.8
448.0 -2132.4
448.0 -2230.8
448.0 -2022.0
448.0 -2103.6
449.0 -2068.8
449.0 -2067.6
449.0 -2048.4
449.0 -2036.4
449.0 -2194.8
449.0 -2124.0
449.0 -2138.4
449.0 -2233.2
449.0 -2103.6
449.0 -2088.0
449.0 -2155.2
450.0 -2034.0
450.0 -2070.0
450.0 -2082.0
450.0 -2191.2
450.0 -1974.0
450.0 -2137.2
450.0 -2062.8
450.0 -2098.8
450.0 -1976.4
450.0 -2133.6
450.0 -2101.2
451.0 -2014.8
451.0 -2188.8
451.0 -2076.0
451.0 -2145.6
451.0 -2113.2
451.0 -2107.2
451.0 -2180.4
451.0 -2073.6
451.0 -2084.4
452.0 -2228.4
452.0 -2166.0
452.0 -2072.4
452.0 -2158.8
452.0 -2083.2
453.0 -1832.4
453.0 -1890.0
453.0 -2028.0
453.0 -2152.8
453.0 -2054.4
453.0 -2041.2
453.0 -2150.4
453.0 -2169.6
453.0 -2223.6
453.0 -2140.8
453.0 -2198.4
453.0 -2078.4
453.0 -2077.2
453.0 -1969.2
453.0 -1873.2
453.0 -1846.8
454.0 -2205.6
454.0 -2205.6
454.0 -2106.0
454.0 -2030.4
454.0 -2206.8
454.0 -2038.8
454.0 -2133.6
455.0 -1824.0
455.0 -1708.8
455.0 -2050.8
455.0 -2090.4
455.0 -2085.6
455.0 -2133.6
455.0 -2149.2
456.0 -1797.6
456.0 -1867.2
456.0 -2107.2
456.0 -2188.8
456.0 -2076.0
456.0 -2022.0
456.0 -1964.4
456.0 -2121.6
456.0 -2038.8
456.0 -2131.2
456.0 -2094.0
456.0 -2166.0
456.0 -2114.4
456.0 -2091.6
457.0 -2043.6
457.0 -2272.8
457.0 -2126.4
457.0 -2137.2
457.0 -2202.0
457.0 -2124.0
457.0 -2190.0
457.0 -2169.6
458.0 -1962.0
458.0 -1953.6
458.0 -2257.2
458.0 -2181.6
458.0 -2180.4
458.0 -2178.0
458.0 -2199.6
458.0 -2080.8
458.0 -2193.6
458.0 -2253.6
458.0 -2119.2
458.0 -2151.6
458.0 -2023.2
458.0 -2041.2
459.0 -2078.4
459.0 -2084.4
459.0 -2262.0
459.0 -2256.0
459.0 -2190.0
459.0 -2092.8
459.0 -2254.8
459.0 -2131.2
460.0 -2113.2
460.0 -2242.8
460.0 -2146.8
460.0 -2130.0
460.0 -2096.4
460.0 -2138.4
460.0 -2191.2
460.0 -2204.4
461.0 -1870.8
461.0 -2187.6
461.0 -2232.0
461.0 -2193.6
461.0 -2113.2
461.0 -2098.8
461.0 -2168.4
461.0 -2103.6
461.0 -1954.8
461.0 -2240.4
462.0 -1809.6
462.0 -2053.2
462.0 -1761.6
462.0 -2054.4
462.0 -2280.0
462.0 -2172.0
462.0 -2118.0
462.0 -2150.4
462.0 -2196.0
462.0 -2125.2
462.0 -2116.8
462.0 -2194.8
462.0 -2115.6
462.0 -2148.0
462.0 -2182.8
463.0 -2228.4
463.0 -2196.0
463.0 -2209.2
464.0 -1858.8
464.0 -2233.2
464.0 -2113.2
464.0 -2202.0
464.0 -2241.6
464.0 -2130.0
464.0 -2211.6
464.0 -2218.8
464.0 -2143.2
464.0 -2167.2
465.0 -2251.2
465.0 -2212.8
465.0 -2158.8
465.0 -2092.8
465.0 -2037.6
465.0 -2182.8
465.0 -2146.8
465.0 -1970.4
465.0 -2047.2
465.0 -2230.8
465.0 -2143.2
466.0 -2012.4
466.0 -2168.4
466.0 -2079.6
466.0 -2184.0
466.0 -2220.0
466.0 -2287.2
466.0 -2130.0
467.0 -2161.2
467.0 -1752.0
467.0 -2208.0
467.0 -2161.2
467.0 -2178.0
468.0 -2221.2
468.0 -2161.2
468.0 -2203.2
468.0 -2252.4
468.0 -2215.2
468.0 -2218.8
468.0 -2136.0
468.0 -2240.4
469.0 -1998.0
469.0 -2073.6
469.0 -2206.8
469.0 -2222.4
469.0 -2155.2
469.0 -2061.6
469.0 -2179.2
470.0 -2221.2
470.0 -2052.0
470.0 -2312.4
470.0 -2265.6
470.0 -2269.2
470.0 -2188.8
470.0 -2085.6
470.0 -1728.0
470.0 -2016.0
470.0 -2008.8
470.0 -2283.6
471.0 -1843.2
471.0 -2282.4
471.0 -2145.6
471.0 -1923.6
471.0 -2216.4
472.0 -2132.4
472.0 -2280.0
472.0 -2211.6
472.0 -2282.4
472.0 -2226.0
472.0 -2030.4
472.0 -2227.2
472.0 -1927.2
472.0 -2300.4
472.0 -2335.2
473.0 -1810.8
473.0 -2182.8
473.0 -2257.2
473.0 -2247.6
473.0 -2224.8
473.0 -2143.2
473.0 -2222.4
473.0 -2185.2
474.0 -2310.0
474.0 -2263.2
474.0 -2324.4
474.0 -2264.4
474.0 -2202.0
474.0 -2218.8
474.0 -2226.0
474.0 -2168.4
474.0 -2132.4
475.0 -2240.4
475.0 -1855.2
475.0 -2223.6
475.0 -2101.2
475.0 -2214.0
475.0 -2179.2
475.0 -2277.6
475.0 -2211.6
475.0 -2126.4
475.0 -2198.4
475.0 -2120.4
475.0 -2215.2
475.0 -2295.6
475.0 -2203.2
475.0 -2170.8
476.0 -2248.8
476.0 -2270.4
476.0 -2223.6
476.0 -2260.8
476.0 -2245.2
477.0 -1891.2
477.0 -2276.4
477.0 -2276.4
477.0 -2262.0
477.0 -2362.8
477.0 -2216.4
477.0 -2180.4
477.0 -2185.2
478.0 -2001.6
478.0 -2319.6
478.0 -2082.0
478.0 -2186.4
478.0 -2194.8
478.0 -2274.0
478.0 -2341.2
478.0 -2311.2
478.0 -2350.8
478.0 -2244.0
478.0 -2175.6
478.0 -2254.8
478.0 -2187.6
478.0 -2158.8
478.0 -2168.4
478.0 -2311.2
479.0 -2263.2
479.0 -1825.2
479.0 -2346.0
479.0 -2355.6
479.0 -2204.4
479.0 -2211.6
479.0 -2288.4
480.0 -2186.4
480.0 -2293.2
480.0 -2275.2
480.0 -2186.4
480.0 -2098.8
480.0 -2211.6
480.0 -2268.0
480.0 -2260.8
480.0 -1930.8
480.0 -2311.2
480.0 -2238.0
481.0 -1910.4
481.0 -2182.8
481.0 -2324.4
481.0 -2265.6
481.0 -2168.4
481.0 -2262.0
481.0 -2354.4
481.0 -2356.8
481.0 -2186.4
481.0 -2241.6
482.0 -2022.0
482.0 -1930.8
482.0 -2192.4
482.0 -2257.2
482.0 -2210.4
482.0 -2242.8
482.0 -2218.8
482.0 -2304.0
482.0 -2132.4
482.0 -2204.4
482.0 -2173.2
483.0 -2248.8
483.0 -2368.8
483.0 -2121.6
483.0 -2298.0
483.0 -2178.0
483.0 -2202.0
483.0 -2312.4
483.0 -2215.2
483.0 -2116.8
483.0 -2282.4
483.0 -2203.2
484.0 -1957.2
484.0 -2126.4
484.0 -2296.8
484.0 -2106.0
484.0 -2368.8
484.0 -2248.8
484.0 -1954.8
485.0 -1975.2
485.0 -2131.2
485.0 -2292.0
485.0 -2384.4
485.0 -2214.0
485.0 -2302.8
485.0 -2221.2
485.0 -2082.0
486.0 -2336.4
486.0 -1904.4
486.0 -2259.6
486.0 -2295.6
486.0 -2332.8
486.0 -2332.8
486.0 -2276.4
486.0 -2229.6
486.0 -2133.6
486.0 -2290.8
486.0 -2168.4
486.0 -2288.4
487.0 -1932.0
487.0 -2214.0
487.0 -2367.6
487.0 -2238.0
487.0 -2040.0
487.0 -2245.2
487.0 -2332.8
487.0 -2336.4
487.0 -2278.8
487.0 -2280.0
487.0 -2206.8
488.0 -2169.6
488.0 -2254.8
488.0 -2307.6
488.0 -2356.8
488.0 -2203.2
488.0 -2295.6
488.0 -2228.4
488.0 -2216.4
488.0 -2204.4
488.0 -2103.6
488.0 -2355.6
488.0 -2254.8
488.0 -2248.8
489.0 -2348.4
489.0 -2235.6
489.0 -2269.2
489.0 -2278.8
489.0 -2257.2
489.0 -2391.6
489.0 -2274.0
489.0 -2102.4
489.0 -2306.4
489.0 -2187.6
489.0 -2296.8
489.0 -2302.8
489.0 -2302.8
489.0 -2173.2
489.0 -2270.4
490.0 -2131.2
490.0 -2166.0
490.0 -2301.6
490.0 -2217.6
490.0 -2228.4
490.0 -2250.0
490.0 -2248.8
490.0 -2360.4
490.0 -2122.8
490.0 -2274.0
490.0 -2341.2
490.0 -2200.8
490.0 -2384.4
491.0 -2242.8
491.0 -2229.6
491.0 -2208.0
491.0 -2251.2
491.0 -2332.8
491.0 -2288.4
491.0 -2265.6
491.0 -2305.2
491.0 -2270.4
491.0 -2282.4
491.0 -2226.0
491.0 -2236.8
492.0 -2175.6
492.0 -2240.4
492.0 -2256.0
492.0 -2299.2
492.0 -2192.4
492.0 -2313.6
492.0 -2175.6
492.0 -2340.0
492.0 -2374.8
492.0 -2197.2
492.0 -2172.0
492.0 -2348.4
492.0 -2268.0
493.0 -2239.2
493.0 -2102.4
493.0 -2108.4
493.0 -2016.0
493.0 -2281.2
493.0 -2346.0
493.0 -2335.2
493.0 -2412.0
493.0 -2293.2
493.0 -2172.0
493.0 -2316.0
493.0 -1747.2
493.0 -2254.8
493.0 -2178.0
494.0 -2242.8
494.0 -1833.6
494.0 -2330.4
494.0 -2292.0
494.0 -2280.0
494.0 -2330.4
494.0 -2272.8
494.0 -2350.8
495.0 -2028.0
495.0 -2054.4
495.0 -2055.6
495.0 -2233.2
495.0 -2298.0
495.0 -2349.6
495.0 -2299.2
495.0 -2373.6
495.0 -2252.4
495.0 -2294.4
495.0 -2335.2
495.0 -2332.8
495.0 -2355.6
496.0 -2312.4
496.0 -2265.6
496.0 -2325.6
496.0 -2430.0
496.0 -2390.4
496.0 -2220.0
496.0 -2292.0
496.0 -2292.0
496.0 -2340.0
497.0 -2031.6
497.0 -2301.6
497.0 -2354.4
497.0 -2202.0
497.0 -2316.0
497.0 -2308.8
497.0 -2274.0
497.0 -2204.4
497.0 -2175.6
497.0 -2236.8
497.0 -2426.4
498.0 -2421.6
498.0 -2331.6
498.0 -2264.4
498.0 -2424.0
498.0 -2354.4
498.0 -2412.0
498.0 -2314.8
498.0 -2383.2
498.0 -2365.2
499.0 -2367.6
499.0 -2380.8
499.0 -2262.0
499.0 -2427.6
499.0 -2097.6
499.0 -2364.0
499.0 -2268.0
499.0 -2389.2
499.0 -2328.0
499.0 -2344.8
499.0 -2304.0
499.0 -2298.0
500.0 -2305.2
500.0 -2070.0
500.0 -2090.4
500.0 -2251.2
500.0 -2367.6
500.0 -2378.4
500.0 -2356.8
500.0 -2241.6
500.0 -2205.6
500.0 -2360.4
500.0 -2276.4
501.0 -2244.0
501.0 -2026.8
501.0 -2380.8
501.0 -2437.2
501.0 -2235.6
501.0 -2284.8
501.0 -2296.8
501.0 -2352.0
501.0 -2419.2
501.0 -2031.6
501.0 -2248.8
501.0 -2340.0
501.0 -2383.2
501.0 -2377.2
502.0 -2319.6
502.0 -2349.6
502.0 -2422.8
502.0 -2344.8
502.0 -2487.6
502.0 -2378.4
502.0 -2286.0
502.0 -2394.0
502.0 -2319.6
502.0 -2358.0
502.0 -2396.4
502.0 -1906.8
502.0 -1926.0
502.0 -2368.8
502.0 -2265.6
502.0 -2380.8
503.0 -2280.0
503.0 -2065.2
503.0 -2461.2
503.0 -2413.2
503.0 -2286.0
503.0 -2240.4
503.0 -2338.8
503.0 -2340.0
503.0 -2260.8
503.0 -2390.4
503.0 -2272.8
503.0 -2293.2
504.0 -2466.0
504.0 -2148.0
504.0 -2420.4
504.0 -2472.0
504.0 -2374.8
504.0 -2175.6
504.0 -2432.4
504.0 -2457.6
504.0 -1966.8
504.0 -1983.6
504.0 -2288.4
504.0 -2396.4
504.0 -2151.6
505.0 -2350.8
505.0 -2010.0
505.0 -2289.6
505.0 -2409.6
505.0 -2404.8
505.0 -2341.2
505.0 -2394.0
505.0 -2362.8
505.0 -2325.6
505.0 -2384.4
505.0 -2311.2
505.0 -2325.6
505.0 -2367.6
505.0 -2356.8
505.0 -2293.2
505.0 -2344.8
505.0 -2373.6
505.0 -2286.0
506.0 -1977.6
506.0 -2008.8
506.0 -2385.6
506.0 -2329.2
506.0 -2347.2
506.0 -2144.4
506.0 -2461.2
506.0 -2287.2
506.0 -2379.6
506.0 -2287.2
506.0 -2368.8
507.0 -2187.6
507.0 -2463.6
507.0 -2397.6
507.0 -2241.6
507.0 -2277.6
507.0 -2419.2
507.0 -2400.0
507.0 -2438.4
508.0 -2367.6
508.0 -2428.8
508.0 -2256.0
508.0 -2408.4
508.0 -2230.8
508.0 -2404.8
508.0 -2334.0
509.0 -2452.8
509.0 -2449.2
509.0 -2502.0
509.0 -2248.8
509.0 -2365.2
509.0 -2322.0
509.0 -2401.2
509.0 -2390.4
509.0 -2382.0
509.0 -2338.8
509.0 -2408.4
510.0 -2110.8
510.0 -2145.6
510.0 -2438.4
510.0 -2203.2
510.0 -2454.0
510.0 -2346.0
510.0 -2379.6
510.0 -2181.6
510.0 -2305.2
510.0 -2391.6
510.0 -2462.4
511.0 -2398.8
511.0 -2499.6
511.0 -2419.2
511.0 -2461.2
511.0 -2442.0
511.0 -2412.0
511.0 -2476.8
511.0 -2451.6
511.0 -2404.8
511.0 -2374.8
511.0 -2324.4
511.0 -2366.4
511.0 -2432.4
511.0 -2470.8
512.0 -2242.8
512.0 -2250.0
512.0 -2366.4
512.0 -2443.2
512.0 -2377.2
512.0 -2409.6
512.0 -2422.8
512.0 -2518.8
512.0 -2426.4
512.0 -2479.2
512.0 -2337.6
512.0 -2268.0
512.0 -2431.2
512.0 -2497.2
512.0 -2410.8
512.0 -2392.8
512.0 -2389.2
512.0 -2414.4
512.0 -2385.6
512.0 -2383.2
513.0 -2224.8
513.0 -2314.8
513.0 -2418.0
513.0 -2432.4
513.0 -2331.6
513.0 -2538.0
513.0 -2394.0
513.0 -2468.4
513.0 -2383.2
513.0 -2245.2
513.0 -2389.2
513.0 -2380.8
513.0 -2470.8
513.0 -2282.4
513.0 -2367.6
513.0 -2346.0
513.0 -2426.4
514.0 -2468.4
514.0 -2408.4
514.0 -2418.0
514.0 -2420.4
514.0 -2355.6
514.0 -2419.2
514.0 -2466.0
514.0 -2280.0
514.0 -2421.6
514.0 -2448.0
514.0 -2415.6
514.0 -2444.4
514.0 -2454.0
514.0 -2365.2
514.0 -2386.8
515.0 -2470.8
515.0 -2395.2
515.0 -2448.0
515.0 -2394.0
515.0 -2370.0
515.0 -2439.6
515.0 -2416.8
515.0 -2306.4
515.0 -2520.0
515.0 -2301.6
515.0 -2264.4
515.0 -2461.2
515.0 -2007.6
515.0 -2354.4
515.0 -2239.2
515.0 -2418.0
515.0 -2344.8
515.0 -2318.4
515.0 -2320.8
516.0 -2415.6
516.0 -2440.8
516.0 -2312.4
516.0 -2455.2
516.0 -2418.0
516.0 -2329.2
516.0 -2430.0
516.0 -2396.4
516.0 -2442.0
516.0 -2511.6
516.0 -2344.8
516.0 -2488.8
516.0 -2481.6
516.0 -2442.0
517.0 -2366.4
517.0 -2379.6
517.0 -2515.2
517.0 -2462.4
517.0 -2490.0
517.0 -2456.4
517.0 -2367.6
517.0 -2472.0
517.0 -2454.0
517.0 -2360.4
517.0 -2386.8
517.0 -2230.8
517.0 -2428.8
517.0 -2436.0
518.0 -2418.0
518.0 -2328.0
518.0 -2427.6
518.0 -2436.0
518.0 -2422.8
518.0 -2312.4
518.0 -2401.2
518.0 -2401.2
518.0 -2404.8
518.0 -2259.6
518.0 -2470.8
518.0 -2376.0
518.0 -2384.4
518.0 -2516.4
518.0 -2466.0
518.0 -2466.0
518.0 -2395.2
518.0 -2464.8
518.0 -2379.6
519.0 -2125.2
519.0 -2396.4
519.0 -2404.8
519.0 -2437.2
519.0 -2286.0
519.0 -2460.0
519.0 -2420.4
519.0 -2325.6
520.0 -2418.0
520.0 -2414.4
520.0 -2247.6
520.0 -2372.4
520.0 -2338.8
520.0 -2173.2
520.0 -2330.4
520.0 -2307.6
520.0 -2318.4
520.0 -2552.4
520.0 -2317.2
520.0 -2474.4
520.0 -2394.0
520.0 -2511.6
520.0 -2388.0
520.0 -2450.4
520.0 -2424.0
521.0 -2376.0
521.0 -2175.6
521.0 -2284.8
521.0 -2494.8
521.0 -2518.8
521.0 -2329.2
521.0 -2514.0
521.0 -2560.8
521.0 -2340.0
521.0 -2484.0
521.0 -2449.2
521.0 -2335.2
521.0 -2323.2
521.0 -2378.4
522.0 -2152.8
522.0 -2426.4
522.0 -2420.4
522.0 -2527.2
522.0 -2409.6
522.0 -2428.8
522.0 -2439.6
522.0 -2325.6
523.0 -2439.6
523.0 -2397.6
523.0 -2462.4
523.0 -2476.8
523.0 -2382.0
523.0 -2473.2
523.0 -2415.6
523.0 -2486.4
523.0 -2392.8
523.0 -2533.2
523.0 -2275.2
523.0 -2184.0
523.0 -2436.0
524.0 -2449.2
524.0 -2410.8
524.0 -2457.6
524.0 -2484.0
524.0 -2394.0
524.0 -2490.0
524.0 -2485.2
524.0 -2446.8
524.0 -2464.8
524.0 -2439.6
524.0 -2397.6
524.0 -2502.0
525.0 -2083.2
525.0 -2528.4
525.0 -2460.0
525.0 -2516.4
525.0 -2396.4
525.0 -2112.0
525.0 -2386.8
525.0 -2500.8
525.0 -2091.6
525.0 -2182.8
525.0 -2324.4
525.0 -2527.2
525.0 -2464.8
525.0 -2380.8
525.0 -2329.2
525.0 -2034.0
525.0 -2203.2
525.0 -2461.2
525.0 -2462.4
525.0 -2528.4
525.0 -2504.4
525.0 -2390.4
525.0 -2463.6
526.0 -2392.8
526.0 -2403.6
526.0 -2290.8
526.0 -2155.2
526.0 -2480.4
526.0 -2408.4
526.0 -2362.8
526.0 -2280.0
526.0 -2403.6
526.0 -2396.4
526.0 -2532.0
526.0 -2366.4
526.0 -2462.4
526.0 -2541.6
526.0 -2491.2
526.0 -2490.0
526.0 -2402.4
526.0 -2512.8
527.0 -2484.0
527.0 -2209.2
527.0 -2378.4
527.0 -2419.2
527.0 -2553.6
527.0 -2436.0
527.0 -2571.6
527.0 -2409.6
527.0 -2430.0
527.0 -2424.0
527.0 -2410.8
527.0 -2485.2
527.0 -2437.2
527.0 -2510.4
527.0 -2497.2
528.0 -2529.6
528.0 -2533.2
528.0 -2538.0
528.0 -2205.6
528.0 -2442.0
528.0 -2328.0
528.0 -2571.6
528.0 -2462.4
528.0 -2436.0
528.0 -2457.6
528.0 -2480.4
529.0 -2457.6
529.0 -2488.8
529.0 -2493.6
529.0 -2535.6
529.0 -2590.8
529.0 -2454.0
529.0 -2534.4
529.0 -2404.8
529.0 -2523.6
529.0 -2454.0
529.0 -2490.0
529.0 -2482.8
529.0 -2480.4
529.0 -1962.0
529.0 -2565.6
529.0 -2389.2
529.0 -2319.6
530.0 -2472.0
530.0 -1959.6
530.0 -2151.6
530.0 -2572.8
530.0 -2562.0
530.0 -2463.6
530.0 -2480.4
530.0 -2438.4
530.0 -2558.4
530.0 -2428.8
530.0 -2443.2
531.0 -2592.0
531.0 -2559.6
531.0 -2380.8
531.0 -2409.6
531.0 -2522.4
531.0 -2500.8
531.0 -2469.6
531.0 -2536.8
531.0 -2511.6
531.0 -2602.8
531.0 -2517.6
531.0 -2556.0
531.0 -2484.0
531.0 -2461.2
531.0 -2436.0
532.0 -2476.8
532.0 -2580.0
532.0 -2562.0
532.0 -2426.4
532.0 -2564.4
532.0 -2556.0
532.0 -2541.6
532.0 -2450.4
532.0 -2362.8
532.0 -2534.4
532.0 -2546.4
533.0 -2240.4
533.0 -2529.6
533.0 -2426.4
533.0 -2520.0
533.0 -2421.6
533.0 -2383.2
533.0 -2557.2
533.0 -2481.6
533.0 -2538.0
533.0 -2474.4
533.0 -2533.2
533.0 -2449.2
533.0 -2532.0
533.0 -2557.2
533.0 -2467.2
533.0 -2479.2
533.0 -2486.4
533.0 -2481.6
534.0 -2426.4
534.0 -2469.6
534.0 -2538.0
534.0 -2407.2
534.0 -2330.4
534.0 -2146.8
534.0 -2331.6
534.0 -2494.8
534.0 -2382.0
534.0 -2437.2
534.0 -2611.2
534.0 -2247.6
534.0 -1996.8
534.0 -2373.6
534.0 -2550.0
534.0 -2569.2
535.0 -2474.4
535.0 -2544.0
535.0 -2551.2
535.0 -2444.4
535.0 -2566.8
535.0 -2468.4
535.0 -2530.8
535.0 -2558.4
535.0 -2614.8
535.0 -2512.8
535.0 -2390.4
536.0 -2263.2
536.0 -2492.4
536.0 -2451.6
536.0 -2539.2
536.0 -2382.0
536.0 -2270.4
536.0 -2517.6
536.0 -2396.4
536.0 -2324.4
536.0 -2424.0
536.0 -2504.4
536.0 -2623.2
536.0 -2422.8
537.0 -2190.0
537.0 -2520.0
537.0 -2084.4
537.0 -2473.2
537.0 -2643.6
537.0 -2278.8
537.0 -2523.6
537.0 -2580.0
537.0 -2545.2
537.0 -2468.4
537.0 -2445.6
538.0 -2487.6
538.0 -2569.2
538.0 -2510.4
538.0 -1966.8
538.0 -2444.4
538.0 -2596.8
538.0 -2522.4
538.0 -2505.6
538.0 -2562.0
538.0 -2516.4
538.0 -2434.8
538.0 -2599.2
538.0 -2524.8
538.0 -2470.8
538.0 -2511.6
538.0 -2460.0
539.0 -2468.4
539.0 -2277.6
539.0 -2488.8
539.0 -2647.2
539.0 -2532.0
539.0 -2644.8
539.0 -2318.4
539.0 -2265.6
539.0 -2589.6
539.0 -2556.0
539.0 -2589.6
540.0 -2295.6
540.0 -2493.6
540.0 -2557.2
540.0 -2545.2
540.0 -2568.0
540.0 -2595.6
540.0 -2611.2
540.0 -2534.4
540.0 -2551.2
540.0 -2498.4
541.0 -2557.2
541.0 -2502.0
541.0 -2124.0
541.0 -2241.6
541.0 -2533.2
541.0 -2619.6
541.0 -2524.8
541.0 -2475.6
541.0 -2631.6
542.0 -2584.8
542.0 -2515.2
542.0 -2577.6
542.0 -2521.2
542.0 -2497.2
542.0 -2613.6
542.0 -2580.0
542.0 -2504.4
542.0 -2428.8
542.0 -2482.8
542.0 -2382.0
542.0 -2438.4
542.0 -2468.4
542.0 -2467.2
543.0 -2347.2
543.0 -2572.8
543.0 -2292.0
543.0 -2614.8
543.0 -2522.4
543.0 -2623.2
543.0 -2534.4
543.0 -2568.0
543.0 -2391.6
543.0 -2418.0
543.0 -2424.0
543.0 -2457.6
543.0 -2457.6
543.0 -2485.2
543.0 -2595.6
543.0 -2581.2
543.0 -2680.8
543.0 -2173.2
543.0 -2544.0
543.0 -2516.4
543.0 -2492.4
543.0 -2618.4
544.0 -2374.8
544.0 -2533.2
544.0 -2274.0
544.0 -2374.8
544.0 -2562.0
544.0 -2312.4
544.0 -2538.0
544.0 -2521.2
544.0 -2481.6
544.0 -2552.4
544.0 -2514.0
544.0 -2616.0
544.0 -2604.0
544.0 -2558.4
544.0 -2470.8
545.0 -2640.0
545.0 -2031.6
545.0 -2456.4
545.0 -2608.8
545.0 -2600.4
545.0 -2631.6
545.0 -2652.0
545.0 -2576.4
545.0 -2595.6
545.0 -2522.4
545.0 -2530.8
545.0 -2590.8
545.0 -2510.4
545.0 -2618.4
545.0 -2422.8
546.0 -2629.2
546.0 -2558.4
546.0 -2590.8
546.0 -2470.8
546.0 -2578.8
546.0 -2482.8
546.0 -2660.4
546.0 -2658.0
546.0 -2625.6
547.0 -2070.0
547.0 -2299.2
547.0 -2372.4
547.0 -2553.6
547.0 -2570.4
547.0 -2514.0
547.0 -2419.2
547.0 -2540.4
547.0 -2552.4
547.0 -2542.8
548.0 -2172.0
548.0 -2578.8
548.0 -2649.6
548.0 -2632.8
548.0 -2452.8
548.0 -2599.2
548.0 -2559.6
548.0 -2602.8
548.0 -2317.2
548.0 -2137.2
548.0 -2437.2
548.0 -2574.0
548.0 -2415.6
548.0 -2550.0
548.0 -2586.0
548.0 -2668.8
548.0 -2560.8
548.0 -2564.4
548.0 -2602.8
548.0 -2626.8
548.0 -2612.4
548.0 -2575.2
548.0 -2646.0
548.0 -2602.8
549.0 -2271.6
549.0 -2596.8
549.0 -2655.6
549.0 -2493.6
549.0 -2544.0
549.0 -2620.8
549.0 -2664.0
549.0 -2632.8
549.0 -2246.4
549.0 -2580.0
549.0 -2523.6
549.0 -2581.2
549.0 -2514.0
549.0 -2391.6
550.0 -2632.8
550.0 -2498.4
550.0 -2616.0
550.0 -2616.0
550.0 -2416.8
550.0 -2570.4
550.0 -2540.4
550.0 -2589.6
550.0 -2646.0
550.0 -2364.0
550.0 -2334.0
550.0 -2504.4
550.0 -2545.2
550.0 -2620.8
550.0 -2587.2
550.0 -2654.4
550.0 -2446.8
550.0 -2546.4
550.0 -2564.4
550.0 -2550.0
550.0 -2562.0
550.0 -2592.0
550.0 -2596.8
551.0 -2617.2
551.0 -2563.2
551.0 -2575.2
551.0 -2620.8
551.0 -2202.0
551.0 -2382.0
551.0 -2496.0
551.0 -2583.6
551.0 -2642.4
551.0 -2624.4
552.0 -2421.6
552.0 -2572.8
552.0 -2676.0
552.0 -2630.4
552.0 -2738.4
552.0 -2565.6
552.0 -2346.0
552.0 -2500.8
552.0 -2395.2
552.0 -2259.6
552.0 -2620.8
552.0 -2492.4
552.0 -2553.6
552.0 -2188.8
552.0 -2546.4
552.0 -2557.2
553.0 -2647.2
553.0 -2661.6
553.0 -2628.0
553.0 -2674.8
553.0 -2467.2
553.0 -2578.8
553.0 -2649.6
553.0 -2638.8
553.0 -2553.6
553.0 -2653.2
553.0 -2600.4
553.0 -2550.0
553.0 -2528.4
553.0 -2587.2
553.0 -2462.4
553.0 -2553.6
553.0 -2437.2
554.0 -2338.8
554.0 -2560.8
554.0 -2673.6
554.0 -2401.2
554.0 -2598.0
554.0 -2593.2
554.0 -2673.6
554.0 -2467.2
554.0 -2593.2
554.0 -2296.8
554.0 -2446.8
554.0 -2672.4
555.0 -2640.0
555.0 -2690.4
555.0 -2558.4
555.0 -2665.2
555.0 -2534.4
555.0 -2660.4
555.0 -2695.2
555.0 -2505.6
555.0 -2631.6
555.0 -2412.0
555.0 -2535.6
555.0 -2548.8
555.0 -2559.6
556.0 -2084.4
556.0 -2722.8
556.0 -2667.6
556.0 -2637.6
556.0 -2594.4
556.0 -2640.0
556.0 -2572.8
556.0 -2256.0
556.0 -2485.2
556.0 -2552.4
556.0 -2572.8
556.0 -2578.8
556.0 -2601.6
556.0 -2440.8
557.0 -2289.6
557.0 -2552.4
557.0 -2602.8
557.0 -2667.6
557.0 -2638.8
557.0 -2703.6
557.0 -2684.4
557.0 -2578.8
557.0 -2682.0
557.0 -2631.6
558.0 -2655.6
558.0 -2619.6
558.0 -2721.6
558.0 -2677.2
558.0 -2689.2
558.0 -2510.4
558.0 -2659.2
558.0 -2552.4
558.0 -2522.4
558.0 -2667.6
558.0 -2490.0
558.0 -2661.6
558.0 -2590.8
558.0 -2278.8
558.0 -2587.2
558.0 -2588.4
558.0 -2679.6
559.0 -2452.8
559.0 -2704.8
559.0 -2630.4
559.0 -2716.8
559.0 -2670.0
559.0 -2653.2
559.0 -2661.6
559.0 -2100.0
559.0 -2541.6
560.0 -2342.4
560.0 -2719.2
560.0 -2281.2
560.0 -2728.8
560.0 -2581.2
560.0 -2614.8
560.0 -2521.2
560.0 -2606.4
560.0 -2720.4
560.0 -2707.2
560.0 -2526.0
560.0 -2642.4
560.0 -2509.2
560.0 -2569.2
561.0 -2738.4
561.0 -2352.0
561.0 -2395.2
561.0 -2332.8
561.0 -2616.0
561.0 -2659.2
561.0 -2618.4
561.0 -2539.2
561.0 -2622.0
562.0 -2631.6
562.0 -2648.4
562.0 -2634.0
562.0 -2600.4
562.0 -2617.2
562.0 -2655.6
562.0 -2730.0
562.0 -2197.2
562.0 -2738.4
562.0 -2730.0
563.0 -2324.4
563.0 -2593.2
563.0 -2541.6
563.0 -2660.4
563.0 -2322.0
563.0 -2493.6
563.0 -2692.8
563.0 -2436.0
563.0 -2517.6
563.0 -2689.2
563.0 -2678.4
563.0 -2368.8
563.0 -2552.4
563.0 -2700.0
563.0 -2716.8
563.0 -2538.0
563.0 -2716.8
563.0 -2587.2
563.0 -2514.0
564.0 -2718.0
564.0 -2713.2
564.0 -2626.8
564.0 -2714.4
564.0 -2746.8
564.0 -2664.0
564.0 -2666.4
564.0 -2460.0
564.0 -2528.4
564.0 -2553.6
565.0 -2788.8
565.0 -2670.0
565.0 -2722.8
565.0 -2715.6
565.0 -2686.8
565.0 -2725.2
565.0 -2719.2
565.0 -2730.0
565.0 -2631.6
565.0 -2550.0
565.0 -2688.0
565.0 -2709.6
566.0 -2715.6
566.0 -2670.0
566.0 -2686.8
566.0 -2596.8
566.0 -2718.0
566.0 -2617.2
566.0 -2667.6
566.0 -2588.4
566.0 -2497.2
566.0 -2566.8
567.0 -2647.2
567.0 -2772.0
567.0 -2635.2
567.0 -2578.8
567.0 -2638.8
567.0 -2622.0
567.0 -2601.6
567.0 -2703.6
567.0 -2684.4
567.0 -2636.4
567.0 -2278.8
567.0 -2762.4
567.0 -2790.0
567.0 -2775.6
567.0 -2667.6
567.0 -2722.8
567.0 -2738.4
567.0 -2636.4
567.0 -2683.2
567.0 -2712.0
567.0 -2761.2
567.0 -2646.0
567.0 -2594.4
568.0 -2722.8
568.0 -2528.4
568.0 -2738.4
568.0 -2708.4
568.0 -2628.0
568.0 -2640.0
568.0 -2490.0
568.0 -2580.0
568.0 -2730.0
568.0 -2506.8
569.0 -2724.0
569.0 -2692.8
569.0 -2688.0
569.0 -2450.4
569.0 -2312.4
569.0 -2600.4
569.0 -2695.2
569.0 -2731.2
569.0 -2232.0
569.0 -2350.8
569.0 -2632.8
569.0 -2743.2
570.0 -2320.8
570.0 -2727.6
570.0 -2793.6
570.0 -2462.4
570.0 -2337.6
570.0 -2835.6
570.0 -2618.4
570.0 -2653.2
570.0 -2703.6
570.0 -2368.8
571.0 -2683.2
571.0 -2778.0
571.0 -2667.6
571.0 -2277.6
571.0 -2624.4
571.0 -2724.0
571.0 -2678.4
571.0 -2636.4
571.0 -2703.6
571.0 -2288.4
571.0 -2719.2
571.0 -2593.2
571.0 -2798.4
571.0 -2660.4
572.0 -2702.4
572.0 -2763.6
572.0 -2706.0
572.0 -2630.4
572.0 -2715.6
572.0 -2589.6
572.0 -2720.4
572.0 -2593.2
572.0 -2665.2
572.0 -2355.6
572.0 -2816.4
572.0 -2712.0
572.0 -2774.4
572.0 -2744.4
572.0 -2281.2
572.0 -2623.2
572.0 -2542.8
573.0 -2455.2
573.0 -2746.8
573.0 -2618.4
573.0 -2665.2
573.0 -2677.2
573.0 -2330.4
573.0 -2292.0
573.0 -2589.6
573.0 -2668.8
573.0 -2629.2
573.0 -2731.2
573.0 -2527.2
574.0 -2758.8
574.0 -2782.8
574.0 -2838.0
574.0 -2608.8
574.0 -2473.2
574.0 -2694.0
574.0 -2690.4
574.0 -2673.6
574.0 -2743.2
574.0 -2647.2
574.0 -2666.4
574.0 -2654.4
574.0 -2744.4
575.0 -2662.8
575.0 -2787.6
575.0 -2607.6
575.0 -2653.2
575.0 -2682.0
575.0 -2629.2
575.0 -2604.0
575.0 -2792.4
575.0 -2650.8
575.0 -2688.0
575.0 -2773.2
575.0 -2745.6
575.0 -2839.2
575.0 -2689.2
575.0 -2690.4
575.0 -2796.0
576.0 -2701.2
576.0 -2769.6
576.0 -2646.0
576.0 -2587.2
576.0 -2217.6
576.0 -2476.8
576.0 -2689.2
576.0 -2728.8
577.0 -2727.6
577.0 -2804.4
577.0 -2599.2
577.0 -2750.4
577.0 -2750.4
577.0 -2714.4
577.0 -2740.8
577.0 -2791.2
577.0 -2716.8
577.0 -2660.4
577.0 -2659.2
577.0 -2730.0
577.0 -2641.2
577.0 -2773.2
577.0 -2617.2
578.0 -2462.4
578.0 -2572.8
578.0 -2710.8
578.0 -2416.8
578.0 -2472.0
578.0 -2298.0
578.0 -2326.8
578.0 -2280.0
578.0 -2829.6
578.0 -2737.2
578.0 -2602.8
578.0 -2654.4
578.0 -2844.0
578.0 -2720.4
579.0 -2391.6
579.0 -2692.8
579.0 -2624.4
579.0 -2776.8
579.0 -2871.6
579.0 -2664.0
579.0 -2811.6
579.0 -2654.4
579.0 -2316.0
579.0 -2110.8
579.0 -2665.2
579.0 -2758.8
579.0 -2710.8
579.0 -2722.8
580.0 -2709.6
580.0 -2758.8
580.0 -2677.2
580.0 -2695.2
580.0 -2672.4
580.0 -2805.6
580.0 -2778.0
580.0 -2590.8
580.0 -2736.0
580.0 -2725.2
580.0 -2650.8
580.0 -2685.6
581.0 -2403.6
581.0 -2818.8
581.0 -2726.4
581.0 -2571.6
581.0 -2712.0
581.0 -2581.2
581.0 -2720.4
581.0 -2628.0
581.0 -2770.8
581.0 -2788.8
581.0 -2826.0
581.0 -2761.2
581.0 -2748.0
581.0 -2778.0
581.0 -2806.8
581.0 -2722.8
581.0 -2743.2
581.0 -2833.2
582.0 -2800.8
582.0 -2581.2
582.0 -2752.8
582.0 -2236.8
582.0 -2733.6
582.0 -2788.8
582.0 -2722.8
582.0 -2691.6
582.0 -2601.6
582.0 -2804.4
582.0 -2770.8
582.0 -2757.6
582.0 -2692.8
583.0 -2431.2
583.0 -2740.8
583.0 -2697.6
583.0 -2482.8
583.0 -2680.8
583.0 -2761.2
583.0 -2755.2
583.0 -2797.2
583.0 -2834.4
583.0 -2784.0
583.0 -2800.8
583.0 -2674.8
583.0 -2648.4
584.0 -2518.8
584.0 -2467.2
584.0 -2710.8
584.0 -2822.4
584.0 -2806.8
584.0 -2734.8
584.0 -2683.2
584.0 -2365.2
584.0 -2797.2
584.0 -2672.4
584.0 -2623.2
584.0 -2598.0
584.0 -2793.6
584.0 -2646.0
585.0 -2769.6
585.0 -2709.6
585.0 -2743.2
585.0 -2810.4
585.0 -2806.8
585.0 -2791.2
585.0 -2698.8
585.0 -2637.6
585.0 -2702.4
585.0 -2707.2
585.0 -2803.2
586.0 -2406.0
586.0 -2840.4
586.0 -2666.4
586.0 -2852.4
586.0 -2816.4
586.0 -2745.6
586.0 -2439.6
586.0 -2464.8
586.0 -2761.2
586.0 -2739.6
586.0 -2773.2
586.0 -2787.6
586.0 -2635.2
586.0 -2809.2
586.0 -2814.0
586.0 -2744.4
586.0 -2802.0
586.0 -2665.2
586.0 -2847.6
586.0 -2799.6
586.0 -2268.0
586.0 -2635.2
586.0 -2728.8
586.0 -2743.2
586.0 -2830.8
586.0 -2805.6
586.0 -2866.8
587.0 -2785.2
587.0 -2766.0
587.0 -2653.2
587.0 -2500.8
587.0 -2590.8
587.0 -2718.0
587.0 -2779.2
587.0 -2617.2
587.0 -2822.4
587.0 -2757.6
587.0 -2475.6
587.0 -2719.2
588.0 -2326.8
588.0 -2810.4
588.0 -2744.4
588.0 -2772.0
588.0 -2637.6
588.0 -2817.6
588.0 -2871.6
588.0 -2846.4
588.0 -2816.4
588.0 -2676.0
588.0 -2474.4
588.0 -2450.4
588.0 -2742.0
588.0 -2706.0
588.0 -2811.6
588.0 -2491.2
588.0 -2730.0
589.0 -2841.6
589.0 -2818.8
589.0 -2824.8
589.0 -2784.0
589.0 -2379.6
589.0 -2715.6
589.0 -2857.2
589.0 -2839.2
589.0 -2755.2
589.0 -2764.8
589.0 -2754.0
589.0 -2310.0
590.0 -2764.8
590.0 -2829.6
590.0 -2798.4
590.0 -2835.6
590.0 -2722.8
590.0 -2874.0
590.0 -2757.6
590.0 -2820.0
590.0 -2719.2
590.0 -2774.4
590.0 -2755.2
591.0 -2782.8
591.0 -2733.6
591.0 -2818.8
591.0 -2853.6
591.0 -2827.2
591.0 -2805.6
591.0 -2713.2
591.0 -2899.2
591.0 -2517.6
591.0 -2866.8
591.0 -2755.2
591.0 -2701.2
591.0 -2848.8
591.0 -2569.2
591.0 -2805.6
592.0 -2742.0
592.0 -2655.6
592.0 -2751.6
592.0 -2798.4
592.0 -2540.4
592.0 -2684.4
592.0 -2889.6
592.0 -2899.2
592.0 -2695.2
593.0 -2256.0
593.0 -2859.6
593.0 -2838.0
593.0 -2848.8
593.0 -2835.6
593.0 -2829.6
593.0 -2400.0
593.0 -2792.4
593.0 -2762.4
593.0 -2824.8
593.0 -2847.6
593.0 -2702.4
593.0 -2829.6
593.0 -2635.2
593.0 -2853.6
593.0 -2470.8
593.0 -2896.8
594.0 -2191.2
594.0 -2853.6
594.0 -2785.2
594.0 -2650.8
594.0 -2626.8
594.0 -2821.2
594.0 -2672.4
594.0 -2695.2
594.0 -2646.0
594.0 -2794.8
594.0 -2359.2
594.0 -2656.8
594.0 -2755.2
594.0 -2773.2
595.0 -2530.8
595.0 -2784.0
595.0 -2811.6
595.0 -2815.2
595.0 -2754.0
595.0 -2888.4
595.0 -2838.0
595.0 -2902.8
595.0 -2802.0
595.0 -2901.6
595.0 -2838.0
595.0 -2812.8
596.0 -2742.0
596.0 -2792.4
596.0 -2902.8
596.0 -2929.2
596.0 -2750.4
596.0 -2760.0
596.0 -2523.6
596.0 -2708.4
596.0 -2758.8
596.0 -2625.6
596.0 -2893.2
596.0 -2890.8
596.0 -2798.4
597.0 -2860.8
597.0 -2852.4
597.0 -2767.2
597.0 -2660.4
597.0 -2890.8
597.0 -2734.8
597.0 -2433.6
597.0 -2811.6
597.0 -2816.4
597.0 -2840.4
597.0 -2852.4
597.0 -2877.6
597.0 -2696.4
597.0 -2850.0
598.0 -2622.0
598.0 -2856.0
598.0 -2785.2
598.0 -2805.6
598.0 -2870.4
598.0 -2865.6
598.0 -2811.6
598.0 -2833.2
598.0 -2713.2
598.0 -2883.6
599.0 -2756.4
599.0 -2827.2
599.0 -2916.0
599.0 -2832.0
599.0 -2803.2
599.0 -2818.8
599.0 -2875.2
599.0 -2484.0
599.0 -2480.4
599.0 -2840.4
599.0 -2733.6
599.0 -2823.6
600.0 -2390.4
600.0 -2754.0
600.0 -2913.6
600.0 -2848.8
600.0 -2800.8
600.0 -2817.6
600.0 -2802.0
600.0 -2732.4
600.0 -2822.4
600.0 -2737.2
601.0 -2886.0
601.0 -2823.6
601.0 -2691.6
601.0 -2793.6
601.0 -2949.6
601.0 -2774.4
601.0 -2947.2
601.0 -2403.6
601.0 -2406.0
601.0 -2463.6
601.0 -2724.0
601.0 -2731.2
601.0 -2950.8
601.0 -2781.6
602.0 -2516.4
602.0 -2796.0
602.0 -2805.6
602.0 -2835.6
602.0 -2755.2
602.0 -2792.4
602.0 -2710.8
602.0 -2858.4
602.0 -2896.8
602.0 -2786.4
603.0 -2353.2
603.0 -2790.0
603.0 -2924.4
603.0 -2809.2
603.0 -2964.0
603.0 -2726.4
603.0 -2857.2
603.0 -2853.6
603.0 -2344.8
603.0 -2648.4
603.0 -2530.8
603.0 -2684.4
603.0 -2805.6
603.0 -2751.6
603.0 -2808.0
603.0 -2784.0
604.0 -2806.8
604.0 -2912.4
604.0 -2785.2
604.0 -2928.0
604.0 -2754.0
604.0 -2898.0
604.0 -2810.4
604.0 -2928.0
604.0 -2840.4
604.0 -2934.0
604.0 -2808.0
604.0 -2877.6
604.0 -2743.2
604.0 -2611.2
605.0 -2959.2
605.0 -2925.6
605.0 -2839.2
605.0 -2665.2
605.0 -2535.6
605.0 -2863.2
605.0 -2810.4
605.0 -2805.6
605.0 -2744.4
606.0 -2632.8
606.0 -2893.2
606.0 -2750.4
606.0 -2767.2
606.0 -2881.2
606.0 -2878.8
606.0 -2556.0
606.0 -2880.0
606.0 -2767.2
606.0 -2812.8
606.0 -2896.8
606.0 -2852.4
607.0 -2484.0
607.0 -2653.2
607.0 -2778.0
607.0 -2908.8
607.0 -2908.8
607.0 -2924.4
607.0 -2946.0
607.0 -2923.2
607.0 -2740.8
607.0 -2754.0
607.0 -2864.4
607.0 -2845.2
607.0 -2882.4
607.0 -2670.0
607.0 -2744.4
608.0 -2565.6
608.0 -2836.8
608.0 -2847.6
608.0 -2938.8
608.0 -2684.4
608.0 -2736.0
608.0 -2832.0
608.0 -2883.6
608.0 -2911.2
608.0 -2872.8
608.0 -2904.0
608.0 -2462.4
608.0 -2756.4
609.0 -2413.2
609.0 -2936.4
609.0 -2865.6
609.0 -2983.2
609.0 -2998.8
609.0 -2821.2
609.0 -2955.6
609.0 -2784.0
609.0 -2998.8
609.0 -2887.2
609.0 -3033.6
609.0 -2731.2
609.0 -2773.2
610.0 -2325.6
610.0 -2853.6
610.0 -2824.8
610.0 -2827.2
610.0 -2763.6
610.0 -2926.8
610.0 -2883.6
610.0 -2707.2
610.0 -2854.8
610.0 -2929.2
610.0 -3008.4
610.0 -2354.4
611.0 -2794.8
611.0 -2712.0
611.0 -2877.6
611.0 -2808.0
611.0 -2640.0
611.0 -2835.6
612.0 -2662.8
612.0 -2940.0
612.0 -2830.8
612.0 -2829.6
612.0 -2821.2
612.0 -2778.0
612.0 -2858.4
612.0 -3001.2
612.0 -2797.2
612.0 -2846.4
612.0 -2905.2
612.0 -2511.6
612.0 -2676.0
612.0 -2542.8
612.0 -2773.2
612.0 -2934.0
612.0 -2938.8
613.0 -2424.0
613.0 -2565.6
613.0 -2929.2
613.0 -2658.0
613.0 -2937.6
613.0 -2860.8
613.0 -2522.4
613.0 -2878.8
613.0 -2863.2
613.0 -2796.0
614.0 -2521.2
614.0 -2526.0
614.0 -2722.8
614.0 -2877.6
614.0 -2948.4
614.0 -2841.6
614.0 -2958.0
614.0 -2959.2
615.0 -2971.2
615.0 -2754.0
615.0 -2862.0
615.0 -2781.6
615.0 -2689.2
615.0 -2607.6
615.0 -2989.2
615.0 -3012.0
615.0 -2733.6
616.0 -2937.6
616.0 -2798.4
616.0 -2774.4
616.0 -2943.6
616.0 -2952.0
616.0 -2953.2
616.0 -2934.0
616.0 -2949.6
616.0 -2828.4
617.0 -2493.6
617.0 -2955.6
617.0 -2996.4
617.0 -2853.6
617.0 -2888.4
617.0 -2918.4
617.0 -2911.2
617.0 -2977.2
617.0 -2954.4
618.0 -2898.0
618.0 -2959.2
618.0 -3009.6
618.0 -2929.2
618.0 -2998.8
618.0 -2815.2
618.0 -2648.4
618.0 -2869.2
618.0 -2952.0
618.0 -3007.2
618.0 -2802.0
618.0 -2796.0
619.0 -2523.6
619.0 -2664.0
619.0 -2592.0
619.0 -2875.2
619.0 -2926.8
619.0 -2862.0
619.0 -2913.6
619.0 -2905.2
619.0 -2818.8
619.0 -3024.0
619.0 -2875.2
619.0 -2985.6
619.0 -3027.6
619.0 -2929.2
619.0 -2997.6
620.0 -2896.8
620.0 -2910.0
620.0 -3049.2
620.0 -2823.6
620.0 -2931.6
620.0 -2961.6
620.0 -2877.6
620.0 -2709.6
621.0 -2624.4
621.0 -2592.0
621.0 -2947.2
621.0 -2932.8
621.0 -2949.6
621.0 -2498.4
621.0 -2707.2
621.0 -2980.8
621.0 -3019.2
621.0 -2448.0
622.0 -2750.4
622.0 -3031.2
622.0 -2950.8
622.0 -2968.8
622.0 -2881.2
622.0 -2893.2
622.0 -2919.6
622.0 -2980.8
622.0 -2997.6
622.0 -2929.2
622.0 -2588.4
623.0 -2592.0
623.0 -2972.4
623.0 -2901.6
623.0 -2718.0
623.0 -2967.6
623.0 -2935.2
623.0 -2967.6
623.0 -2665.2
623.0 -2696.4
623.0 -2882.4
623.0 -3009.6
623.0 -2935.2
623.0 -2798.4
624.0 -2894.4
624.0 -2355.6
624.0 -2905.2
624.0 -3033.6
624.0 -2950.8
624.0 -2896.8
624.0 -3034.8
624.0 -2848.8
624.0 -2929.2
624.0 -2821.2
624.0 -2857.2
625.0 -2479.2
625.0 -2840.4
625.0 -2989.2
625.0 -2968.8
625.0 -2878.8
625.0 -2452.8
625.0 -2652.0
625.0 -2780.4
625.0 -2936.4
625.0 -2841.6
626.0 -2593.2
626.0 -2527.2
626.0 -2922.0
626.0 -3063.6
626.0 -3012.0
626.0 -2938.8
626.0 -2942.4
626.0 -2942.4
626.0 -2872.8
627.0 -3003.6
627.0 -3060.0
627.0 -2994.0
627.0 -2799.6
627.0 -2978.4
627.0 -3070.8
627.0 -2979.6
628.0 -3070.8
628.0 -3008.4
628.0 -2865.6
628.0 -2904.0
628.0 -2679.6
628.0 -2950.8
628.0 -2978.4
628.0 -2899.2
628.0 -2905.2
628.0 -2916.0
629.0 -2504.4
629.0 -2677.2
629.0 -2570.4
629.0 -2739.6
629.0 -2616.0
629.0 -2989.2
629.0 -3044.4
629.0 -2914.8
629.0 -3049.2
629.0 -2538.0
629.0 -2998.8
629.0 -2949.6
629.0 -2990.4
629.0 -3037.2
629.0 -2888.4
629.0 -2558.4
630.0 -2624.4
630.0 -2818.8
630.0 -2583.6
630.0 -2978.4
630.0 -2798.4
630.0 -3004.8
630.0 -3048.0
630.0 -3007.2
630.0 -2968.8
630.0 -3016.8
631.0 -2535.6
631.0 -3020.4
631.0 -2912.4
631.0 -3081.6
631.0 -3079.2
631.0 -2990.4
631.0 -2581.2
631.0 -2904.0
631.0 -3001.2
632.0 -2826.0
632.0 -2475.6
632.0 -2811.6
632.0 -2766.0
632.0 -3033.6
632.0 -2988.0
632.0 -2979.6
632.0 -2954.4
632.0 -3061.2
632.0 -3044.4
633.0 -2892.0
633.0 -3004.8
633.0 -2868.0
633.0 -2950.8
634.0 -2678.4
634.0 -2838.0
634.0 -3002.4
634.0 -3032.4
634.0 -2955.6
634.0 -2967.6
634.0 -2850.0
634.0 -2868.0
634.0 -2850.0
634.0 -2976.0
635.0 -2737.2
635.0 -2696.4
635.0 -2587.2
635.0 -2970.0
635.0 -2989.2
635.0 -3082.8
635.0 -2890.8
635.0 -2943.6
635.0 -3015.6
635.0 -2937.6
635.0 -3060.0
635.0 -3020.4
636.0 -2689.2
636.0 -3015.6
636.0 -2989.2
636.0 -3020.4
636.0 -3038.4
636.0 -2929.2
636.0 -2982.0
636.0 -2954.4
636.0 -3060.0
637.0 -2523.6
637.0 -2762.4
637.0 -2713.2
637.0 -2938.8
637.0 -3048.0
637.0 -3010.8
637.0 -2776.8
637.0 -3024.0
637.0 -2910.0
637.0 -2971.2
637.0 -2887.2
638.0 -3013.2
638.0 -3004.8
638.0 -3038.4
638.0 -3001.2
638.0 -2997.6
638.0 -3085.2
638.0 -3097.2
638.0 -2986.8
638.0 -3069.6
639.0 -2979.6
639.0 -3020.4
639.0 -3105.6
639.0 -3004.8
640.0 -2912.4
640.0 -2970.0
640.0 -2704.8
640.0 -2988.0
640.0 -3063.6
640.0 -3046.8
640.0 -3031.2
640.0 -3054.0
641.0 -2731.2
641.0 -2809.2
641.0 -2986.8
641.0 -3069.6
641.0 -2959.2
641.0 -3044.4
641.0 -3049.2
641.0 -3058.8
641.0 -3044.4
641.0 -2841.6
642.0 -2803.2
642.0 -2460.0
642.0 -3004.8
642.0 -3016.8
642.0 -3006.0
642.0 -2972.4
642.0 -3018.0
642.0 -3014.4
642.0 -2596.8
642.0 -2997.6
642.0 -2998.8
642.0 -2984.4
642.0 -2959.2
643.0 -2658.0
643.0 -2970.0
643.0 -3033.6
643.0 -3082.8
643.0 -3147.6
643.0 -3034.8
643.0 -3146.4
643.0 -3055.2
643.0 -2907.6
644.0 -2874.0
644.0 -3045.6
644.0 -3169.2
644.0 -2924.4
644.0 -3014.4
644.0 -3043.2
644.0 -3016.8
644.0 -2791.2
644.0 -2916.0
644.0 -2986.8
644.0 -2878.8
644.0 -3116.4
645.0 -2640.0
645.0 -2644.8
645.0 -2938.8
645.0 -2996.4
645.0 -3072.0
645.0 -2822.4
645.0 -3082.8
645.0 -3080.4
645.0 -3039.6
645.0 -2829.6
645.0 -2942.4
646.0 -2985.6
646.0 -2784.0
646.0 -3086.4
646.0 -3027.6
646.0 -3027.6
646.0 -2928.0
646.0 -2934.0
646.0 -3015.6
646.0 -2980.8
646.0 -3045.6
647.0 -2727.6
647.0 -2798.4
647.0 -3078.0
647.0 -3037.2
647.0 -3043.2
647.0 -3139.2
647.0 -3140.4
647.0 -2780.4
647.0 -3076.8
647.0 -2962.8
647.0 -3085.2
647.0 -2982.0
648.0 -2492.4
648.0 -3034.8
648.0 -3043.2
648.0 -2991.6
648.0 -3114.0
648.0 -3146.4
649.0 -2844.0
649.0 -2811.6
649.0 -2896.8
649.0 -3036.0
649.0 -3032.4
649.0 -2964.0
649.0 -3115.2
649.0 -3114.0
649.0 -3105.6
649.0 -3028.8
649.0 -3057.6
649.0 -3072.0
649.0 -3151.2
649.0 -3031.2
649.0 -3039.6
650.0 -2778.0
650.0 -3018.0
650.0 -2846.4
650.0 -3048.0
650.0 -3067.2
650.0 -3018.0
650.0 -3051.6
650.0 -2898.0
650.0 -2992.8
650.0 -3062.4
650.0 -3002.4
651.0 -3082.8
651.0 -3051.6
651.0 -2929.2
651.0 -3110.4
651.0 -3060.0
651.0 -3094.8
651.0 -3046.8
651.0 -3148.8
651.0 -3108.0
652.0 -2673.6
652.0 -2761.2
652.0 -2744.4
652.0 -3052.8
652.0 -2914.8
652.0 -3020.4
652.0 -3080.4
652.0 -2750.4
652.0 -2558.4
652.0 -2828.4
652.0 -2823.6
652.0 -3092.4
652.0 -3090.0
652.0 -3014.4
652.0 -3086.4
653.0 -2696.4
653.0 -2802.0
653.0 -2643.6
653.0 -2829.6
653.0 -2654.4
653.0 -3038.4
653.0 -2920.8
653.0 -3103.2
653.0 -2906.4
653.0 -3054.0
653.0 -2691.6
653.0 -3048.0
653.0 -3069.6
654.0 -2774.4
654.0 -2674.8
654.0 -2792.4
654.0 -3102.0
654.0 -3128.4
654.0 -3051.6
654.0 -3157.2
654.0 -3075.6
654.0 -2968.8
655.0 -2764.8
655.0 -3051.6
655.0 -3128.4
655.0 -3096.0
655.0 -3115.2
655.0 -3110.4
655.0 -2973.6
655.0 -3084.0
655.0 -3123.6
655.0 -3064.8
656.0 -2836.8
656.0 -2652.0
656.0 -2976.0
656.0 -3076.8
656.0 -2392.8
656.0 -3079.2
656.0 -3103.2
656.0 -2954.4
657.0 -3044.4
657.0 -3098.4
657.0 -3004.8
657.0 -3103.2
657.0 -3033.6
657.0 -3139.2
657.0 -3096.0
657.0 -2893.2
657.0 -3139.2
657.0 -2671.2
658.0 -2948.4
658.0 -3009.6
658.0 -3010.8
658.0 -3062.4
658.0 -3134.4
658.0 -3078.0
658.0 -3186.0
659.0 -2748.0
659.0 -3164.4
659.0 -3157.2
659.0 -3178.8
659.0 -3094.8
659.0 -3152.4
659.0 -3105.6
659.0 -2978.4
659.0 -3040.8
659.0 -3170.4
659.0 -3042.0
659.0 -3152.4
660.0 -3103.2
660.0 -3109.2
660.0 -3118.8
660.0 -3090.0
660.0 -3014.4
660.0 -3063.6
660.0 -3091.2
660.0 -3144.0
661.0 -3136.8
661.0 -3088.8
661.0 -3030.0
661.0 -3081.6
661.0 -3189.6
661.0 -3100.8
662.0 -3092.4
662.0 -3132.0
662.0 -3172.8
662.0 -3166.8
662.0 -3085.2
662.0 -3100.8
662.0 -3078.0
662.0 -3201.6
662.0 -3122.4
663.0 -2794.8
663.0 -3057.6
663.0 -3169.2
663.0 -3190.8
663.0 -3154.8
663.0 -3069.6
663.0 -3069.6
663.0 -2935.2
663.0 -3072.0
664.0 -3165.6
664.0 -3082.8
664.0 -3084.0
664.0 -3108.0
664.0 -3178.8
664.0 -3066.0
664.0 -3025.2
664.0 -3132.0
664.0 -3061.2
664.0 -3088.8
664.0 -2982.0
665.0 -2706.0
665.0 -3195.6
665.0 -3108.0
665.0 -3067.2
665.0 -3090.0
665.0 -3096.0
665.0 -3132.0
665.0 -3174.0
666.0 -3062.4
666.0 -3052.8
666.0 -3165.6
666.0 -3163.2
666.0 -3120.0
667.0 -2494.8
667.0 -2896.8
667.0 -3190.8
667.0 -3096.0
667.0 -3172.8
667.0 -3006.0
667.0 -3046.8
667.0 -3061.2
667.0 -3139.2
667.0 -3108.0
667.0 -2988.0
668.0 -2791.2
668.0 -2678.4
668.0 -2611.2
668.0 -3139.2
669.0 -2588.4
669.0 -3214.8
669.0 -3099.6
669.0 -3157.2
669.0 -3186.0
669.0 -3039.6
669.0 -3175.2
670.0 -2724.0
670.0 -2643.6
670.0 -3256.8
670.0 -3234.0
670.0 -2656.8
670.0 -2677.2
670.0 -2542.8
670.0 -3242.4
670.0 -3175.2
670.0 -3049.2
670.0 -3092.4
670.0 -3204.0
670.0 -3158.4
671.0 -3120.0
671.0 -3238.8
671.0 -3136.8
671.0 -3126.0
671.0 -3051.6
671.0 -3198.0
671.0 -3146.4
671.0 -3153.6
672.0 -3111.6
672.0 -3192.0
672.0 -3076.8
672.0 -3087.6
672.0 -3098.4
672.0 -3200.4
673.0 -2871.6
673.0 -3175.2
673.0 -2617.2
673.0 -2635.2
673.0 -3121.2
673.0 -3177.6
673.0 -3189.6
673.0 -3088.8
673.0 -3168.0
674.0 -2929.2
674.0 -3175.2
674.0 -3187.2
674.0 -3208.8
674.0 -3058.8
674.0 -3105.6
675.0 -3084.0
675.0 -3253.2
675.0 -3190.8
675.0 -3141.6
675.0 -2994.0
675.0 -3012.0
675.0 -3154.8
675.0 -2942.4
675.0 -3048.0
675.0 -3104.4
675.0 -3178.8
676.0 -2750.4
676.0 -3082.8
676.0 -3205.2
676.0 -3195.6
676.0 -3175.2
676.0 -2956.8
676.0 -2997.6
676.0 -3096.0
677.0 -2828.4
677.0 -3105.6
677.0 -3138.0
677.0 -3128.4
677.0 -3201.6
677.0 -2932.8
677.0 -2979.6
677.0 -3111.6
678.0 -2829.6
678.0 -3206.4
678.0 -3199.2
678.0 -3174.0
678.0 -3207.6
678.0 -3008.4
678.0 -3235.2
678.0 -3142.8
678.0 -3163.2
678.0 -3163.2
679.0 -3076.8
679.0 -2904.0
679.0 -2571.6
679.0 -2766.0
679.0 -3090.0
679.0 -3098.4
679.0 -3082.8
679.0 -3123.6
679.0 -3130.8
679.0 -3171.6
680.0 -2920.8
680.0 -2701.2
680.0 -2595.6
680.0 -2746.8
680.0 -3201.6
680.0 -3175.2
680.0 -3165.6
680.0 -3144.0
680.0 -2514.0
681.0 -2625.6
681.0 -3063.6
681.0 -3115.2
681.0 -3170.4
681.0 -2674.8
681.0 -2688.0
681.0 -3139.2
681.0 -3211.2
681.0 -3235.2
681.0 -3159.6
681.0 -3159.6
682.0 -3261.6
682.0 -2733.6
682.0 -2734.8
682.0 -2797.2
682.0 -3169.2
682.0 -3236.4
682.0 -3096.0
682.0 -3193.2
682.0 -3115.2
682.0 -3153.6
682.0 -3157.2
682.0 -3105.6
683.0 -2853.6
683.0 -2694.0
683.0 -3127.2
683.0 -3244.8
683.0 -3100.8
683.0 -3132.0
683.0 -3192.0
683.0 -3133.2
683.0 -3124.8
684.0 -2905.2
684.0 -3154.8
684.0 -3242.4
684.0 -3171.6
684.0 -3136.8
684.0 -3229.2
685.0 -2806.8
685.0 -2906.4
685.0 -3206.4
685.0 -3195.6
686.0 -2683.2
686.0 -3166.8
686.0 -3020.4
686.0 -3234.0
686.0 -3283.2
686.0 -3206.4
686.0 -3136.8
686.0 -3249.6
687.0 -2632.8
687.0 -2844.0
687.0 -3087.6
687.0 -3162.0
688.0 -3260.4
688.0 -2668.8
688.0 -3208.8
688.0 -3114.0
688.0 -3223.2
688.0 -3223.2
688.0 -3162.0
688.0 -3201.6
689.0 -2541.6
689.0 -2938.8
689.0 -2744.4
689.0 -3240.0
689.0 -3204.0
689.0 -3284.4
689.0 -3171.6
689.0 -3171.6
689.0 -3062.4
689.0 -3288.0
690.0 -2792.4
690.0 -2893.2
690.0 -3273.6
690.0 -3129.6
690.0 -3214.8
690.0 -3192.0
690.0 -3169.2
690.0 -3211.2
690.0 -3302.4
690.0 -3133.2
690.0 -3234.0
690.0 -3286.8
690.0 -3106.8
690.0 -3130.8
691.0 -3193.2
691.0 -2794.8
691.0 -2637.6
691.0 -2925.6
691.0 -2960.4
691.0 -3274.8
691.0 -3271.2
691.0 -3279.6
691.0 -3194.4
691.0 -3033.6
691.0 -3100.8
691.0 -3148.8
692.0 -2944.8
692.0 -2720.4
692.0 -3228.0
692.0 -3277.2
692.0 -3067.2
692.0 -3123.6
692.0 -3193.2
692.0 -3088.8
693.0 -2716.8
693.0 -3216.0
693.0 -3146.4
693.0 -3250.8
693.0 -3211.2
693.0 -3213.6
693.0 -3169.2
693.0 -3134.4
694.0 -3176.4
694.0 -3159.6
694.0 -3181.2
695.0 -2976.0
695.0 -2785.2
695.0 -2775.6
695.0 -3246.0
695.0 -3273.6
695.0 -3226.8
695.0 -3169.2
695.0 -3315.6
695.0 -3255.6
696.0 -2877.6
696.0 -3232.8
696.0 -3218.4
696.0 -3157.2
696.0 -3198.0
696.0 -3020.4
697.0 -2906.4
697.0 -2654.4
697.0 -3070.8
697.0 -3174.0
697.0 -3270.0
697.0 -3183.6
697.0 -3204.0
697.0 -3194.4
697.0 -3212.4
698.0 -2787.6
698.0 -2468.4
698.0 -3248.4
698.0 -3121.2
698.0 -3303.6
698.0 -3109.2
698.0 -3175.2
698.0 -3286.8
698.0 -3240.0
698.0 -3165.6
699.0 -2956.8
699.0 -2712.0
699.0 -2817.6
699.0 -2866.8
699.0 -2772.0
699.0 -3181.2
699.0 -3224.4
699.0 -3219.6
699.0 -3208.8
699.0 -3188.4
699.0 -3213.6
699.0 -3314.4
699.0 -3249.6
699.0 -3141.6
700.0 -3246.0
700.0 -3235.2
700.0 -2774.4
700.0 -2892.0
700.0 -2983.2
700.0 -2812.8
700.0 -3246.0
700.0 -3219.6
701.0 -2739.6
701.0 -2954.4
701.0 -2692.8
701.0 -2881.2
701.0 -2803.2
701.0 -2934.0
701.0 -3247.2
701.0 -3142.8
701.0 -3180.0
701.0 -3278.4
702.0 -2883.6
702.0 -2812.8
702.0 -2794.8
702.0 -2820.0
702.0 -2740.8
702.0 -3267.6
702.0 -3082.8
703.0 -2790.0
703.0 -2833.2
703.0 -3242.4
703.0 -3120.0
703.0 -3159.6
703.0 -3207.6
703.0 -3229.2
704.0 -3020.4
704.0 -2660.4
704.0 -2844.0
704.0 -2782.8
704.0 -2784.0
704.0 -2714.4
704.0 -3182.4
704.0 -3280.8
704.0 -3122.4
705.0 -2844.0
705.0 -3136.8
705.0 -3288.0
705.0 -3186.0
705.0 -3320.4
706.0 -2914.8
706.0 -3262.8
706.0 -3271.2
706.0 -3338.4
706.0 -3178.8
706.0 -3243.6
707.0 -2823.6
707.0 -2704.8
707.0 -2886.0
707.0 -3168.0
707.0 -3265.2
707.0 -3231.6
707.0 -3204.0
707.0 -3313.2
707.0 -3201.6
707.0 -3254.4
708.0 -2755.2
708.0 -2900.4
708.0 -2756.4
708.0 -2991.6
708.0 -2869.2
708.0 -2749.2
708.0 -3200.4
708.0 -3160.8
708.0 -3189.6
708.0 -3196.8
708.0 -3204.0
709.0 -2828.4
709.0 -2851.2
709.0 -2871.6
709.0 -2820.0
709.0 -2850.0
709.0 -3237.6
709.0 -3272.4
709.0 -3145.2
709.0 -3261.6
709.0 -3248.4
710.0 -2800.8
710.0 -2792.4
710.0 -2892.0
710.0 -2904.0
710.0 -3295.2
710.0 -3295.2
711.0 -2902.8
711.0 -2752.8
711.0 -2787.6
711.0 -2834.4
711.0 -3212.4
711.0 -3291.6
711.0 -3214.8
712.0 -2746.8
712.0 -2671.2
712.0 -2752.8
713.0 -2744.4
713.0 -3000.0
713.0 -2734.8
713.0 -3320.4
713.0 -3316.8
713.0 -3096.0
714.0 -2956.8
714.0 -2842.8
714.0 -2859.6
714.0 -3141.6
714.0 -3331.2
715.0 -2988.0
715.0 -2793.6
715.0 -2886.0
715.0 -2658.0
715.0 -2834.4
715.0 -2894.4
715.0 -2863.2
715.0 -3226.8
716.0 -2622.0
716.0 -2785.2
716.0 -2676.0
716.0 -2730.0
716.0 -3226.8
716.0 -3272.4
717.0 -2580.0
717.0 -2475.6
717.0 -2901.6
717.0 -2725.2
717.0 -3184.8
717.0 -3202.8
717.0 -3225.6
717.0 -3210.0
718.0 -2995.2
718.0 -2780.4
718.0 -2736.0
718.0 -2743.2
718.0 -2864.4
718.0 -2947.2
718.0 -3271.2
718.0 -3182.4
719.0 -2791.2
719.0 -3024.0
720.0 -2659.2
720.0 -2733.6
720.0 -3042.0
720.0 -3007.2
720.0 -3122.4
720.0 -3254.4
720.0 -3237.6
720.0 -3292.8
721.0 -2715.6
721.0 -3176.4
721.0 -3214.8
721.0 -3313.2
722.0 -2834.4
722.0 -2904.0
722.0 -2688.0
722.0 -3106.8
722.0 -2654.4
722.0 -2646.0
722.0 -3254.4
723.0 -2830.8
723.0 -2839.2
723.0 -2911.2
723.0 -2610.0
723.0 -2670.0
723.0 -2751.6
723.0 -2871.6
723.0 -3280.8
724.0 -2871.6
724.0 -2734.8
724.0 -2695.2
724.0 -2966.4
724.0 -3307.2
724.0 -3375.6
724.0 -3188.4
724.0 -3127.2
724.0 -3211.2
724.0 -3307.2
725.0 -2929.2
725.0 -2914.8
725.0 -2767.2
725.0 -3310.8
725.0 -3304.8
726.0 -2805.6
726.0 -2847.6
726.0 -3042.0
726.0 -2930.4
726.0 -2889.6
726.0 -2882.4
726.0 -2738.4
726.0 -3308.4
726.0 -3324.0
727.0 -2828.4
727.0 -2698.8
727.0 -2905.2
727.0 -2907.6
727.0 -3240.0
727.0 -3360.0
727.0 -3188.4
727.0 -3360.0
727.0 -3315.6
727.0 -3298.8
727.0 -3295.2
728.0 -2894.4
728.0 -2982.0
728.0 -3003.6
728.0 -2764.8
728.0 -2812.8
728.0 -3348.0
729.0 -3068.4
729.0 -2919.6
729.0 -2781.6
729.0 -2871.6
729.0 -2882.4
729.0 -2956.8
729.0 -2938.8
729.0 -2838.0
729.0 -3265.2
730.0 -2908.8
730.0 -2907.6
730.0 -2802.0
730.0 -2492.4
730.0 -2989.2
730.0 -2577.6
730.0 -2930.4
730.0 -3080.4
730.0 -2826.0
730.0 -2706.0
730.0 -3282.0
730.0 -3364.8
731.0 -2869.2
731.0 -2734.8
731.0 -3277.2
731.0 -3343.2
732.0 -2841.6
732.0 -2972.4
732.0 -2916.0
732.0 -2966.4
732.0 -2851.2
732.0 -2834.4
732.0 -3003.6
733.0 -2907.6
733.0 -3087.6
733.0 -3356.4
733.0 -3320.4
734.0 -2857.2
734.0 -2823.6
734.0 -3020.4
734.0 -2769.6
734.0 -2846.4
734.0 -3025.2
734.0 -3346.8
734.0 -3327.6
735.0 -2827.2
735.0 -2881.2
735.0 -3261.6
736.0 -3020.4
736.0 -2817.6
736.0 -2757.6
736.0 -2780.4
736.0 -2822.4
736.0 -2952.0
736.0 -2906.4
736.0 -2922.0
736.0 -2782.8
736.0 -2875.2
736.0 -3343.2
737.0 -2722.8
737.0 -2991.6
737.0 -2824.8
737.0 -2935.2
737.0 -2820.0
738.0 -2976.0
738.0 -2935.2
738.0 -2983.2
738.0 -2842.8
738.0 -2636.4
739.0 -2890.8
739.0 -2811.6
739.0 -2911.2
739.0 -2886.0
739.0 -2973.6
740.0 -2863.2
740.0 -2833.2
740.0 -2932.8
740.0 -2772.0
740.0 -2852.4
741.0 -2714.4
741.0 -2638.8
741.0 -2971.2
741.0 -2946.0
741.0 -2647.2
742.0 -2965.2
742.0 -2920.8
742.0 -2764.8
742.0 -2768.4
743.0 -2684.4
743.0 -2828.4
743.0 -2943.6
743.0 -2949.6
743.0 -3087.6
743.0 -2948.4
743.0 -3354.0
744.0 -2898.0
744.0 -2718.0
744.0 -2864.4
744.0 -3373.2
745.0 -2868.0
745.0 -2880.0
745.0 -2896.8
745.0 -3320.4
746.0 -2996.4
746.0 -2974.8
746.0 -2955.6
746.0 -2756.4
746.0 -2816.4
746.0 -2870.4
746.0 -3373.2
747.0 -2833.2
747.0 -2774.4
747.0 -3080.4
747.0 -2887.2
747.0 -2925.6
747.0 -2757.6
747.0 -2857.2
747.0 -3189.6
747.0 -3385.2
748.0 -3014.4
748.0 -2988.0
748.0 -3007.2
748.0 -2800.8
748.0 -2958.0
748.0 -2820.0
748.0 -2989.2
748.0 -2886.0
748.0 -2946.0
748.0 -2668.8
748.0 -3358.8
748.0 -3398.4
749.0 -2872.8
749.0 -2940.0
749.0 -3312.0
750.0 -2775.6
750.0 -3274.8
750.0 -3258.0
751.0 -2994.0
752.0 -3030.0
752.0 -3014.4
752.0 -3393.6
753.0 -2954.4
753.0 -2808.0
754.0 -3066.0
754.0 -2991.6
754.0 -3397.2
755.0 -2978.4
755.0 -2779.2
756.0 -2737.2
756.0 -2955.6
756.0 -2996.4
757.0 -2749.2
758.0 -3116.4
758.0 -2816.4
759.0 -3022.8
759.0 -2890.8
760.0 -3236.4
760.0 -2880.0
760.0 -3090.0
760.0 -3049.2
760.0 -3002.4
760.0 -2977.2
760.0 -3429.6
761.0 -3158.4
761.0 -2607.6
761.0 -2898.0
761.0 -2946.0
762.0 -2888.4
762.0 -2803.2
763.0 -2823.6
763.0 -2940.0
763.0 -2799.6
764.0 -3015.6
765.0 -3000.0
765.0 -2931.6
766.0 -2816.4
766.0 -2912.4
768.0 -2816.4
769.0 -2893.2
770.0 -2841.6
770.0 -3057.6
771.0 -2955.6
771.0 -2913.6
772.0 -2941.2
772.0 -2979.6
772.0 -2874.0
772.0 -3057.6
775.0 -3006.0
777.0 -2764.8
777.0 -3465.6
778.0 -3158.4
780.0 -3134.4
782.0 -3008.4
784.0 -2974.8
784.0 -2940.0
786.0 -2955.6
788.0 -2916.0
794.0 -3105.6
800.0 -3188.4
