0.0 0.0
0.0 0.0
0.0 0.0
0.0 0.0
0.0 0.0
0.0 0.0
0.0 0.0
0.0 0.0
0.0 0.0
0.0 0.0
0.0 0.0
0.0 0.0
0.0 0.0
0.0 0.0
0.0 0.0
0.0 0.0
0.0 0.0
0.0 0.0
0.0 0.0
0.0 0.0
0.0 0.0
0.0 0.0
0.0 0.0
0.0 0.0
0.0 0.0
0.0 0.0
0.0 0.0
0.0 0.0
0.0 0.0
0.0 0.0
0.0 0.0
0.0 0.0
0.0 0.0
0.0 0.0
0.0 0.0
0.0 0.0
1.0 -27.6
1.0 -27.6
1.0 -27.6
1.0 -27.6
1.0 -27.6
1.0 -27.6
1.0 -27.6
1.0 -27.6
1.0 -27.6
1.0 -27.6
1.0 -27.6
1.0 -27.6
1.0 -27.6
1.0 -27.6
1.0 -27.6
3.0 -32.4
3.0 -32.4
3.0 -32.4
3.0 -32.4
3.0 -32.4
3.0 -32.4
3.0 -32.4
3.0 -32.4
3.0 -32.4
3.0 -32.4
3.0 -32.4
3.0 -32.4
3.0 -32.4
3.0 -32.4
3.0 -32.4
3.0 -32.4
3.0 -32.4
3.0 -32.4
3.0 -32.4
3.0 -32.4
3.0 -32.4
3.0 -32.4
3.0 -32.4
3.0 -32.4
3.0 -32.4
3.0 -32.4
3.0 -32.4
3.0 -32.4
3.0 -32.4
3.0 -32.4
3.0 -32.4
4.0 -60.0
4.0 -60.0
4.0 -60.0
4.0 -60.0
4.0 -60.0
4.0 -60.0
4.0 -60.0
4.0 -60.0
4.0 -60.0
4.0 -60.0
4.0 -60.0
6.0 -43.2
6.0 -43.2
6.0 -43.2
6.0 -43.2
6.0 -43.2
6.0 -43.2
6.0 -43.2
6.0 -43.2
6.0 -37.2
7.0 -33.6
7.0 -70.8
7.0 -44.4
7.0 -70.8
7.0 -64.8
7.0 -70.8
7.0 -33.6
7.0 -64.8
7.0 -44.4
7.0 -44.4
7.0 -70.8
7.0 -44.4
7.0 -70.8
7.0 -70.8
8.0 -66.0
8.0 -49.2
8.0 -66.0
8.0 -66.0
8.0 -39.6
8.0 -49.2
8.0 -42.0
8.0 -66.0
8.0 -39.6
8.0 -39.6
8.0 -49.2
8.0 -66.0
8.0 -28.8
8.0 -42.0
8.0 -39.6
8.0 -66.0
8.0 -42.0
8.0 -66.0
8.0 -39.6
8.0 -28.8
8.0 -66.0
8.0 -66.0
8.0 -49.2
8.0 -66.0
8.0 -39.6
8.0 -49.2
8.0 -28.8
8.0 -39.6
8.0 -66.0
8.0 -61.2
8.0 -72.0
8.0 -66.0
9.0 -93.6
9.0 -60.0
9.0 -76.8
9.0 -69.6
9.0 -69.6
9.0 -75.6
9.0 -60.0
9.0 -67.2
9.0 -67.2
9.0 -56.4
9.0 -60.0
9.0 -93.6
9.0 -69.6
9.0 -67.2
9.0 -60.0
9.0 -69.6
9.0 -75.6
9.0 -67.2
9.0 -76.8
9.0 -93.6
9.0 -93.6
9.0 -69.6
9.0 -60.0
9.0 -60.0
9.0 -93.6
9.0 -76.8
9.0 -76.8
9.0 -93.6
9.0 -93.6
9.0 -67.2
9.0 -93.6
10.0 -60.0
10.0 -87.6
10.0 -60.0
10.0 -33.6
10.0 -61.2
10.0 -76.8
10.0 -60.0
10.0 -103.2
10.0 -66.0
10.0 -60.0
10.0 -28.8
10.0 -103.2
10.0 -97.2
10.0 -76.8
10.0 -97.2
10.0 -60.0
10.0 -66.0
10.0 -61.2
10.0 -87.6
10.0 -103.2
10.0 -87.6
10.0 -97.2
10.0 -61.2
10.0 -60.0
11.0 -48.0
11.0 -72.0
11.0 -61.2
11.0 -72.0
11.0 -74.4
11.0 -33.6
11.0 -87.6
11.0 -74.4
11.0 -72.0
11.0 -87.6
11.0 -74.4
11.0 -64.8
11.0 -104.4
11.0 -61.2
11.0 -61.2
11.0 -87.6
11.0 -48.0
11.0 -61.2
11.0 -61.2
11.0 -104.4
11.0 -72.0
11.0 -72.0
11.0 -74.4
11.0 -74.4
11.0 -72.0
11.0 -33.6
11.0 -87.6
12.0 -99.6
12.0 -75.6
12.0 -61.2
12.0 -99.6
12.0 -66.0
12.0 -102.0
12.0 -61.2
12.0 -102.0
12.0 -61.2
12.0 -88.8
12.0 -102.0
12.0 -102.0
13.0 -108.0
13.0 -32.4
13.0 -31.2
13.0 -31.2
13.0 -66.0
13.0 -76.8
13.0 -92.4
13.0 -92.4
13.0 -92.4
13.0 -92.4
13.0 -70.8
13.0 -92.4
13.0 -92.4
13.0 -76.8
14.0 -82.8
14.0 -88.8
14.0 -76.8
14.0 -76.8
14.0 -109.2
14.0 -106.8
14.0 -60.0
14.0 -93.6
14.0 -82.8
14.0 -93.6
14.0 -60.0
14.0 -82.8
14.0 -109.2
14.0 -120.0
14.0 -88.8
14.0 -120.0
14.0 -75.6
14.0 -66.0
14.0 -60.0
14.0 -66.0
14.0 -60.0
14.0 -106.8
14.0 -120.0
14.0 -85.2
14.0 -120.0
14.0 -104.4
15.0 -112.8
15.0 -110.4
15.0 -136.8
15.0 -136.8
15.0 -75.6
15.0 -93.6
15.0 -110.4
15.0 -130.8
15.0 -104.4
15.0 -110.4
15.0 -99.6
16.0 -148.8
16.0 -148.8
16.0 -103.2
16.0 -97.2
16.0 -148.8
16.0 -103.2
16.0 -104.4
16.0 -76.8
16.0 -127.2
16.0 -148.8
16.0 -91.2
16.0 -98.4
16.0 -78.0
16.0 -114.0
17.0 -109.2
17.0 -135.6
17.0 -117.6
17.0 -64.8
17.0 -93.6
17.0 -176.4
17.0 -99.6
17.0 -115.2
17.0 -176.4
17.0 -76.8
17.0 -111.6
17.0 -126.0
17.0 -91.2
17.0 -73.2
17.0 -98.4
17.0 -99.6
17.0 -76.8
17.0 -142.8
17.0 -98.4
17.0 -45.6
17.0 -111.6
17.0 -88.8
17.0 -64.8
17.0 -93.6
17.0 -109.2
17.0 -136.8
17.0 -98.4
17.0 -99.6
17.0 -135.6
17.0 -130.8
18.0 -109.2
18.0 -73.2
18.0 -139.2
18.0 -99.6
18.0 -98.4
18.0 -92.4
18.0 -126.0
18.0 -126.0
18.0 -121.2
18.0 -73.2
18.0 -127.2
18.0 -132.0
18.0 -67.2
18.0 -99.6
18.0 -129.6
18.0 -78.0
18.0 -121.2
18.0 -121.2
18.0 -132.0
18.0 -104.4
18.0 -126.0
18.0 -126.0
18.0 -109.2
18.0 -121.2
19.0 -93.6
19.0 -120.0
19.0 -114.0
19.0 -114.0
19.0 -135.6
19.0 -135.6
19.0 -153.6
19.0 -103.2
19.0 -90.0
19.0 -135.6
19.0 -120.0
19.0 -99.6
19.0 -129.6
19.0 -108.0
19.0 -114.0
19.0 -80.4
19.0 -129.6
19.0 -146.4
20.0 -108.0
20.0 -109.2
20.0 -93.6
20.0 -81.6
20.0 -130.8
20.0 -121.2
20.0 -144.0
20.0 -163.2
20.0 -163.2
20.0 -144.0
20.0 -121.2
20.0 -94.8
21.0 -106.8
21.0 -135.6
21.0 -124.8
21.0 -134.4
21.0 -116.4
21.0 -99.6
21.0 -72.0
21.0 -134.4
21.0 -60.0
21.0 -105.6
21.0 -134.4
21.0 -135.6
21.0 -134.4
21.0 -112.8
21.0 -103.2
22.0 -122.4
22.0 -148.8
22.0 -127.2
22.0 -159.6
22.0 -106.8
22.0 -127.2
22.0 -192.0
22.0 -162.0
22.0 -151.2
23.0 -128.4
23.0 -136.8
23.0 -178.8
23.0 -64.8
23.0 -100.8
23.0 -204.0
23.0 -213.6
23.0 -126.0
23.0 -219.6
23.0 -135.6
23.0 -147.6
23.0 -219.6
23.0 -147.6
24.0 -166.8
24.0 -146.4
24.0 -105.6
24.0 -168.0
24.0 -177.6
24.0 -153.6
24.0 -164.4
24.0 -170.4
24.0 -136.8
24.0 -141.6
24.0 -139.2
24.0 -175.2
24.0 -148.8
25.0 -225.6
25.0 -153.6
25.0 -147.6
25.0 -153.6
25.0 -102.0
25.0 -111.6
25.0 -133.2
25.0 -138.0
25.0 -180.0
25.0 -135.6
25.0 -177.6
25.0 -177.6
25.0 -171.6
25.0 -133.2
25.0 -208.8
26.0 -178.8
26.0 -112.8
26.0 -105.6
26.0 -151.2
26.0 -208.8
26.0 -128.4
26.0 -210.0
26.0 -111.6
26.0 -175.2
26.0 -124.8
26.0 -158.4
26.0 -158.4
26.0 -210.0
26.0 -190.8
26.0 -198.0
27.0 -105.6
27.0 -164.4
27.0 -223.2
27.0 -159.6
27.0 -116.4
27.0 -76.8
27.0 -169.2
27.0 -153.6
27.0 -164.4
27.0 -132.0
27.0 -188.4
27.0 -153.6
27.0 -176.4
27.0 -177.6
27.0 -126.0
27.0 -164.4
27.0 -153.6
28.0 -144.0
28.0 -195.6
28.0 -133.2
28.0 -124.8
28.0 -136.8
28.0 -250.8
28.0 -165.6
28.0 -136.8
28.0 -205.2
28.0 -180.0
28.0 -151.2
28.0 -192.0
28.0 -117.6
28.0 -170.4
29.0 -225.6
29.0 -193.2
29.0 -118.8
29.0 -180.0
29.0 -182.4
29.0 -200.4
29.0 -164.4
29.0 -201.6
29.0 -66.0
29.0 -186.0
29.0 -181.2
29.0 -176.4
30.0 -127.2
30.0 -148.8
30.0 -134.4
30.0 -220.8
30.0 -160.8
30.0 -186.0
30.0 -204.0
30.0 -194.4
30.0 -170.4
30.0 -163.2
30.0 -258.0
30.0 -159.6
31.0 -163.2
31.0 -171.6
31.0 -261.6
31.0 -187.2
31.0 -211.2
31.0 -134.4
31.0 -219.6
31.0 -172.8
31.0 -152.4
31.0 -180.0
31.0 -174.0
31.0 -176.4
32.0 -186.0
32.0 -206.4
32.0 -151.2
32.0 -126.0
32.0 -147.6
32.0 -198.0
32.0 -218.4
32.0 -206.4
32.0 -175.2
32.0 -219.6
32.0 -182.4
32.0 -172.8
32.0 -252.0
32.0 -180.0
32.0 -253.2
32.0 -217.2
33.0 -123.6
33.0 -201.6
33.0 -243.6
33.0 -242.4
33.0 -96.0
33.0 -142.8
33.0 -139.2
33.0 -206.4
33.0 -205.2
33.0 -135.6
33.0 -212.4
33.0 -172.8
33.0 -147.6
34.0 -140.4
34.0 -165.6
34.0 -176.4
34.0 -165.6
34.0 -193.2
34.0 -237.6
34.0 -204.0
34.0 -162.0
34.0 -218.4
34.0 -193.2
34.0 -241.2
34.0 -280.8
34.0 -270.0
34.0 -213.6
34.0 -84.0
34.0 -280.8
35.0 -200.4
35.0 -230.4
35.0 -190.8
35.0 -190.8
35.0 -219.6
35.0 -153.6
35.0 -159.6
35.0 -165.6
35.0 -196.8
35.0 -188.4
35.0 -132.0
35.0 -195.6
35.0 -186.0
35.0 -224.4
36.0 -256.8
36.0 -248.4
36.0 -266.4
36.0 -159.6
36.0 -216.0
36.0 -231.6
36.0 -163.2
36.0 -270.0
36.0 -256.8
36.0 -229.2
36.0 -202.8
36.0 -214.8
36.0 -216.0
36.0 -205.2
37.0 -283.2
37.0 -181.2
37.0 -224.4
37.0 -278.4
37.0 -178.8
37.0 -216.0
37.0 -198.0
37.0 -211.2
38.0 -43.2
38.0 -289.2
38.0 -151.2
38.0 -200.4
38.0 -214.8
38.0 -278.4
38.0 -217.2
38.0 -225.6
39.0 -259.2
39.0 -32.4
39.0 -98.4
39.0 -242.4
39.0 -249.6
39.0 -216.0
39.0 -242.4
39.0 -223.2
39.0 -224.4
39.0 -141.6
39.0 -261.6
39.0 -285.6
39.0 -259.2
39.0 -200.4
40.0 -290.4
40.0 -248.4
40.0 -120.0
40.0 -225.6
40.0 -200.4
40.0 -182.4
40.0 -265.2
40.0 -244.8
40.0 -213.6
40.0 -174.0
40.0 -228.0
40.0 -284.4
40.0 -208.8
40.0 -274.8
40.0 -240.0
40.0 -273.6
41.0 -207.6
41.0 -170.4
41.0 -226.8
41.0 -312.0
41.0 -207.6
41.0 -264.0
41.0 -262.8
41.0 -312.0
41.0 -322.8
41.0 -237.6
41.0 -219.6
41.0 -220.8
41.0 -278.4
41.0 -231.6
41.0 -231.6
42.0 -176.4
42.0 -162.0
42.0 -278.4
42.0 -270.0
42.0 -162.0
42.0 -134.4
42.0 -301.2
42.0 -142.8
42.0 -208.8
42.0 -262.8
42.0 -284.4
42.0 -225.6
42.0 -309.6
42.0 -193.2
43.0 -315.6
43.0 -208.8
43.0 -192.0
43.0 -188.4
43.0 -326.4
43.0 -278.4
43.0 -283.2
43.0 -228.0
43.0 -244.8
43.0 -163.2
43.0 -234.0
43.0 -320.4
43.0 -280.8
44.0 -262.8
44.0 -28.8
44.0 -277.2
44.0 -242.4
44.0 -271.2
44.0 -206.4
44.0 -273.6
45.0 -327.6
45.0 -99.6
45.0 -224.4
45.0 -213.6
45.0 -163.2
45.0 -268.8
45.0 -249.6
45.0 -259.2
45.0 -267.6
45.0 -344.4
45.0 -237.6
45.0 -303.6
45.0 -336.0
45.0 -290.4
45.0 -326.4
45.0 -278.4
45.0 -241.2
45.0 -272.4
46.0 -313.2
46.0 -177.6
46.0 -276.0
46.0 -259.2
46.0 -297.6
46.0 -164.4
46.0 -361.2
46.0 -206.4
46.0 -266.4
47.0 -175.2
47.0 -339.6
47.0 -258.0
47.0 -357.6
47.0 -141.6
47.0 -270.0
47.0 -271.2
47.0 -174.0
48.0 -314.4
48.0 -292.8
48.0 -350.4
48.0 -210.0
48.0 -144.0
48.0 -211.2
48.0 -309.6
48.0 -298.8
48.0 -271.2
49.0 -314.4
49.0 -363.6
49.0 -289.2
49.0 -70.8
49.0 -330.0
49.0 -264.0
49.0 -236.4
49.0 -356.4
49.0 -297.6
49.0 -345.6
49.0 -222.0
50.0 -314.4
50.0 0.0
50.0 -210.0
50.0 -355.2
50.0 -276.0
50.0 -260.4
50.0 -355.2
50.0 -250.8
50.0 -316.8
50.0 -290.4
50.0 -273.6
50.0 -292.8
51.0 -385.2
51.0 -255.6
51.0 -231.6
51.0 -272.4
51.0 -318.0
51.0 -278.4
51.0 -261.6
51.0 -310.8
51.0 -244.8
52.0 -312.0
52.0 -358.8
52.0 -358.8
52.0 -307.2
52.0 -104.4
52.0 -362.4
52.0 -388.8
53.0 -321.6
53.0 -32.4
53.0 -242.4
53.0 -304.8
53.0 -343.2
53.0 -277.2
53.0 -279.6
53.0 -276.0
53.0 -357.6
53.0 -384.0
53.0 -333.6
54.0 -309.6
54.0 -238.8
54.0 -109.2
54.0 -376.8
54.0 -328.8
54.0 -300.0
54.0 -302.4
55.0 -402.0
55.0 -279.6
55.0 -93.6
55.0 0.0
55.0 -32.4
55.0 -261.6
55.0 -259.2
55.0 -270.0
55.0 -280.8
55.0 -339.6
55.0 -229.2
55.0 -240.0
55.0 -274.8
55.0 -312.0
55.0 -276.0
55.0 -303.6
56.0 -146.4
56.0 -198.0
56.0 -102.0
56.0 -343.2
56.0 -336.0
56.0 -346.8
56.0 -399.6
56.0 -266.4
56.0 -415.2
56.0 -372.0
56.0 -276.0
56.0 -301.2
56.0 -302.4
56.0 -322.8
56.0 -320.4
57.0 -355.2
57.0 -384.0
57.0 -283.2
57.0 -292.8
57.0 -387.6
57.0 -386.4
57.0 -273.6
57.0 -374.4
57.0 -220.8
57.0 -319.2
58.0 -334.8
58.0 -139.2
58.0 -176.4
58.0 -291.6
58.0 -301.2
58.0 -285.6
58.0 -321.6
58.0 -309.6
58.0 -304.8
58.0 -288.0
58.0 -397.2
58.0 -297.6
58.0 -426.0
58.0 -327.6
59.0 -402.0
59.0 -423.6
59.0 -399.6
59.0 -402.0
59.0 -370.8
59.0 -418.8
59.0 -424.8
59.0 -42.0
59.0 -70.8
59.0 -132.0
59.0 -398.4
59.0 -313.2
59.0 -350.4
59.0 -360.0
59.0 -369.6
59.0 -357.6
59.0 -337.2
59.0 -378.0
59.0 -423.6
60.0 -399.6
60.0 -326.4
60.0 -93.6
60.0 -300.0
60.0 -319.2
60.0 -432.0
60.0 -313.2
60.0 -319.2
60.0 -297.6
60.0 -336.0
60.0 -338.4
61.0 -416.4
61.0 -406.8
61.0 -414.0
61.0 -187.2
61.0 -93.6
61.0 -106.8
61.0 -352.8
61.0 -159.6
61.0 -356.4
61.0 -308.4
61.0 -392.4
61.0 -340.8
61.0 -310.8
62.0 -366.0
62.0 -414.0
62.0 -27.6
62.0 0.0
62.0 -193.2
62.0 -265.2
62.0 -264.0
62.0 -342.0
62.0 -406.8
62.0 -393.6
63.0 -410.4
63.0 -302.4
63.0 -410.4
63.0 -394.8
63.0 -403.2
63.0 -286.8
63.0 -27.6
63.0 -33.6
63.0 -415.2
63.0 -354.0
63.0 -271.2
63.0 -355.2
63.0 -429.6
63.0 -326.4
63.0 -304.8
63.0 -308.4
63.0 -298.8
64.0 -391.2
64.0 -432.0
64.0 -27.6
64.0 0.0
64.0 -37.2
64.0 -231.6
64.0 -441.6
64.0 -432.0
64.0 -255.6
64.0 -332.4
65.0 -348.0
65.0 -349.2
65.0 -454.8
65.0 -339.6
65.0 -440.4
65.0 -32.4
65.0 -49.2
65.0 -69.6
65.0 -33.6
65.0 -60.0
65.0 -57.6
65.0 -376.8
65.0 -415.2
65.0 -350.4
65.0 -314.4
65.0 -400.8
65.0 -350.4
66.0 -352.8
66.0 -32.4
66.0 -93.6
66.0 -49.2
66.0 -64.8
66.0 -128.4
66.0 -466.8
66.0 -333.6
67.0 -433.2
67.0 -399.6
67.0 -435.6
67.0 -225.6
67.0 -64.8
67.0 -356.4
67.0 -380.4
67.0 -440.4
67.0 -270.0
68.0 -415.2
68.0 -416.4
68.0 -448.8
68.0 -368.4
68.0 -398.4
68.0 -446.4
68.0 -412.8
68.0 -61.2
68.0 -43.2
68.0 -122.4
68.0 -102.0
68.0 -172.8
68.0 -273.6
68.0 -326.4
68.0 -472.8
68.0 -375.6
68.0 -423.6
68.0 -340.8
69.0 -331.2
69.0 -375.6
69.0 -442.8
69.0 -432.0
69.0 -32.4
69.0 -32.4
69.0 -78.0
70.0 -423.6
70.0 0.0
70.0 -61.2
70.0 -27.6
70.0 0.0
70.0 -164.4
70.0 -98.4
70.0 -72.0
70.0 -463.2
71.0 -492.0
71.0 -451.2
71.0 -109.2
71.0 0.0
71.0 -27.6
71.0 -123.6
71.0 -104.4
71.0 -49.2
71.0 -76.8
71.0 -127.2
71.0 -103.2
71.0 -426.0
71.0 -386.4
71.0 -370.8
71.0 -320.4
72.0 -452.4
72.0 -456.0
72.0 -382.8
72.0 -499.2
72.0 -373.2
72.0 -502.8
72.0 -471.6
72.0 -93.6
72.0 -60.0
72.0 -60.0
72.0 -60.0
72.0 -126.0
72.0 -354.0
72.0 -337.2
72.0 -403.2
72.0 -332.4
73.0 -423.6
73.0 -403.2
73.0 -496.8
73.0 -381.6
73.0 -414.0
73.0 -367.2
73.0 -496.8
73.0 -486.0
73.0 -496.8
73.0 -27.6
73.0 0.0
73.0 -32.4
73.0 -39.6
73.0 -249.6
73.0 -414.0
73.0 -382.8
73.0 -391.2
73.0 -399.6
73.0 -366.0
73.0 -387.6
73.0 -346.8
73.0 -362.4
74.0 -444.0
74.0 -510.0
74.0 -468.0
74.0 -451.2
74.0 -476.4
74.0 -511.2
74.0 -112.8
74.0 -60.0
74.0 -32.4
74.0 -91.2
74.0 -147.6
74.0 -176.4
74.0 -188.4
74.0 -205.2
74.0 -87.6
74.0 -406.8
74.0 -420.0
75.0 -422.4
75.0 -435.6
75.0 -451.2
75.0 -510.0
75.0 -464.4
75.0 -60.0
75.0 -62.4
75.0 -74.4
75.0 -45.6
75.0 -32.4
75.0 -61.2
75.0 0.0
75.0 -488.4
75.0 -421.2
75.0 -339.6
75.0 -381.6
75.0 -380.4
75.0 -463.2
75.0 -338.4
76.0 -489.6
76.0 -453.6
76.0 -446.4
76.0 -488.4
76.0 -458.4
76.0 -49.2
76.0 -32.4
76.0 -148.8
76.0 -67.2
76.0 -104.4
76.0 -366.0
77.0 -475.2
77.0 -426.0
77.0 -428.4
77.0 -506.4
77.0 -433.2
77.0 -446.4
77.0 -459.6
77.0 -513.6
77.0 0.0
77.0 -64.8
77.0 -67.2
77.0 -76.8
77.0 -90.0
77.0 -66.0
77.0 -126.0
77.0 -385.2
77.0 -475.2
78.0 -444.0
78.0 -430.8
78.0 -429.6
78.0 -519.6
78.0 -481.2
78.0 -31.2
78.0 -106.8
78.0 -32.4
78.0 -66.0
78.0 -258.0
78.0 -430.8
78.0 -446.4
78.0 -346.8
78.0 -394.8
78.0 -423.6
79.0 -541.2
79.0 -469.2
79.0 -436.8
79.0 -384.0
79.0 -432.0
79.0 -534.0
79.0 -492.0
79.0 -542.4
79.0 -500.4
79.0 -430.8
79.0 -66.0
79.0 -30.0
79.0 -32.4
79.0 -32.4
79.0 -66.0
79.0 -67.2
79.0 -94.8
79.0 -172.8
79.0 0.0
79.0 -67.2
79.0 -32.4
79.0 -63.6
79.0 -152.4
79.0 -97.2
79.0 -153.6
79.0 -151.2
79.0 -410.4
79.0 -415.2
80.0 -528.0
80.0 -451.2
80.0 -385.2
80.0 -481.2
80.0 -423.6
80.0 -476.4
80.0 -516.0
80.0 -488.4
80.0 -498.0
80.0 -454.8
80.0 -519.6
80.0 -394.8
80.0 -442.8
80.0 -535.2
80.0 -487.2
80.0 -453.6
80.0 -73.2
80.0 -76.8
80.0 -97.2
80.0 -88.8
80.0 -194.4
80.0 -206.4
80.0 -60.0
80.0 -424.8
80.0 -381.6
80.0 -380.4
80.0 -388.8
80.0 -348.0
81.0 -422.4
81.0 -435.6
81.0 -469.2
81.0 -471.6
81.0 -508.8
81.0 -505.2
81.0 -499.2
81.0 -537.6
81.0 -530.4
81.0 -450.0
81.0 -506.4
81.0 -462.0
81.0 -549.6
81.0 -139.2
81.0 0.0
81.0 -142.8
81.0 0.0
81.0 -87.6
81.0 -193.2
81.0 -98.4
82.0 -421.2
82.0 -514.8
82.0 -496.8
82.0 -472.8
82.0 -512.4
82.0 -480.0
82.0 -490.8
82.0 -537.6
82.0 -93.6
82.0 -32.4
82.0 -66.0
82.0 -99.6
82.0 -33.6
82.0 -73.2
82.0 -72.0
82.0 -27.6
82.0 -111.6
82.0 -201.6
82.0 -171.6
82.0 -428.4
82.0 -382.8
82.0 -416.4
82.0 -344.4
83.0 -518.4
83.0 -501.6
83.0 -436.8
83.0 -504.0
83.0 -513.6
83.0 -500.4
83.0 -488.4
83.0 -472.8
83.0 -480.0
83.0 -82.8
83.0 -114.0
83.0 -87.6
83.0 -69.6
83.0 0.0
83.0 -60.0
83.0 -44.4
83.0 -180.0
83.0 -97.2
83.0 -33.6
83.0 -524.4
83.0 -488.4
83.0 -483.6
83.0 -430.8
83.0 -500.4
84.0 -511.2
84.0 -422.4
84.0 -514.8
84.0 -438.0
84.0 -397.2
84.0 -477.6
84.0 -546.0
84.0 -505.2
84.0 -120.0
84.0 -98.4
84.0 -121.2
84.0 -108.0
84.0 -70.8
84.0 -292.8
84.0 -241.2
84.0 -440.4
84.0 -408.0
84.0 -463.2
85.0 -427.2
85.0 -561.6
85.0 -550.8
85.0 -482.4
85.0 -494.4
85.0 -511.2
85.0 -476.4
85.0 -73.2
85.0 -109.2
85.0 -60.0
85.0 -133.2
85.0 -33.6
85.0 -193.2
85.0 -27.6
85.0 -44.4
85.0 -123.6
85.0 -254.4
85.0 -484.8
85.0 -446.4
86.0 -511.2
86.0 -567.6
86.0 -502.8
86.0 -574.8
86.0 -523.2
86.0 -518.4
86.0 -532.8
86.0 -490.8
86.0 -108.0
86.0 -110.4
86.0 -110.4
86.0 -73.2
86.0 -72.0
86.0 -123.6
86.0 -216.0
86.0 -242.4
86.0 -126.0
87.0 -471.6
87.0 -546.0
87.0 -532.8
87.0 -564.0
87.0 -510.0
87.0 -573.6
87.0 -426.0
87.0 -541.2
87.0 -530.4
87.0 -504.0
87.0 -49.2
87.0 -249.6
87.0 -157.2
87.0 -70.8
87.0 -76.8
87.0 -60.0
87.0 -105.6
87.0 -61.2
87.0 -56.4
87.0 0.0
87.0 -99.6
87.0 -172.8
87.0 -217.2
87.0 -559.2
88.0 -619.2
88.0 -570.0
88.0 -471.6
88.0 -471.6
88.0 -506.4
88.0 -519.6
88.0 -564.0
88.0 -522.0
88.0 -417.6
88.0 -543.6
88.0 -459.6
88.0 -552.0
88.0 -234.0
88.0 -66.0
88.0 -110.4
88.0 -56.4
88.0 -99.6
88.0 -60.0
88.0 -139.2
88.0 -62.4
88.0 -133.2
88.0 -74.4
88.0 -61.2
88.0 -145.2
88.0 -340.8
89.0 -438.0
89.0 -559.2
89.0 -579.6
89.0 -307.2
89.0 -552.0
89.0 -534.0
89.0 -33.6
89.0 -115.2
89.0 0.0
89.0 -39.6
89.0 -97.2
89.0 -76.8
89.0 -133.2
89.0 -80.4
89.0 -139.2
89.0 -266.4
89.0 -424.8
89.0 -511.2
90.0 -489.6
90.0 -434.4
90.0 -561.6
90.0 -586.8
90.0 -570.0
90.0 -484.8
90.0 -572.4
90.0 -596.4
90.0 -465.6
90.0 -590.4
90.0 -469.2
90.0 -32.4
90.0 -106.8
90.0 -27.6
90.0 -159.6
90.0 -30.0
90.0 -27.6
90.0 -64.8
90.0 -133.2
90.0 -117.6
90.0 -118.8
90.0 -153.6
90.0 -198.0
90.0 -543.6
90.0 -544.8
90.0 -541.2
90.0 -494.4
91.0 -262.8
91.0 -500.4
91.0 -590.4
91.0 -517.2
91.0 -559.2
91.0 -550.8
91.0 -594.0
91.0 -580.8
91.0 -529.2
91.0 -514.8
91.0 -441.6
91.0 -507.6
91.0 0.0
91.0 -200.4
91.0 -116.4
91.0 -60.0
91.0 -94.8
91.0 -172.8
91.0 -436.8
92.0 -531.6
92.0 -550.8
92.0 -538.8
92.0 -585.6
92.0 -580.8
92.0 -542.4
92.0 -566.4
92.0 -559.2
92.0 -43.2
92.0 -69.6
92.0 -104.4
92.0 -33.6
92.0 -57.6
92.0 -88.8
92.0 -134.4
92.0 -165.6
92.0 -217.2
92.0 -66.0
92.0 -219.6
92.0 -117.6
92.0 -135.6
92.0 -114.0
92.0 -510.0
92.0 -483.6
93.0 -547.2
93.0 -547.2
93.0 -571.2
93.0 -478.8
93.0 -568.8
93.0 -493.2
93.0 -583.2
93.0 -477.6
93.0 -519.6
93.0 -555.6
93.0 -535.2
93.0 -481.2
93.0 -517.2
93.0 -528.0
93.0 -76.8
93.0 -73.2
93.0 -120.0
93.0 -232.8
93.0 -99.6
93.0 -43.2
93.0 -32.4
93.0 -93.6
93.0 -43.2
93.0 -218.4
93.0 -188.4
93.0 -244.8
93.0 -487.2
93.0 -361.2
94.0 -597.6
94.0 -597.6
94.0 -548.4
94.0 -567.6
94.0 -601.2
94.0 -537.6
94.0 -580.8
94.0 -109.2
94.0 -135.6
94.0 -100.8
94.0 -139.2
94.0 -72.0
94.0 -75.6
94.0 -60.0
94.0 -111.6
94.0 0.0
94.0 -61.2
94.0 -207.6
94.0 -208.8
94.0 -439.2
94.0 -506.4
95.0 -582.0
95.0 -578.4
95.0 -522.0
95.0 -553.2
95.0 -596.4
95.0 -610.8
95.0 -555.6
95.0 -548.4
95.0 -592.8
95.0 -538.8
95.0 -559.2
95.0 -607.2
95.0 -620.4
95.0 -97.2
95.0 -105.6
95.0 -60.0
95.0 -33.6
95.0 -64.8
95.0 -164.4
95.0 -39.6
95.0 -91.2
95.0 -100.8
95.0 -254.4
95.0 -120.0
95.0 -72.0
95.0 -591.6
95.0 -454.8
95.0 -507.6
96.0 -597.6
96.0 -585.6
96.0 -603.6
96.0 -535.2
96.0 -577.2
96.0 -648.0
96.0 -621.6
96.0 -608.4
96.0 -582.0
96.0 -622.8
96.0 -430.8
96.0 -495.6
96.0 -577.2
96.0 -582.0
96.0 -530.4
96.0 -139.2
96.0 -39.6
96.0 -144.0
96.0 -32.4
96.0 -136.8
96.0 -302.4
96.0 -314.4
96.0 -140.4
96.0 -481.2
96.0 -464.4
96.0 -446.4
97.0 -542.4
97.0 -643.2
97.0 -596.4
97.0 -582.0
97.0 -574.8
97.0 -583.2
97.0 -552.0
97.0 -438.0
97.0 -579.6
97.0 -565.2
97.0 -589.2
97.0 -612.0
97.0 -640.8
97.0 -135.6
97.0 0.0
97.0 -129.6
97.0 -30.0
97.0 -105.6
97.0 -259.2
97.0 -220.8
97.0 -292.8
97.0 -565.2
98.0 -608.4
98.0 -621.6
98.0 -582.0
98.0 -628.8
98.0 -592.8
98.0 -577.2
98.0 -540.0
98.0 -492.0
98.0 -531.6
98.0 -568.8
98.0 -31.2
98.0 -32.4
98.0 -33.6
98.0 -121.2
98.0 -499.2
98.0 -535.2
99.0 -290.4
99.0 -583.2
99.0 -621.6
99.0 -622.8
99.0 -637.2
99.0 -546.0
99.0 -534.0
99.0 -556.8
99.0 -542.4
99.0 -583.2
99.0 -526.8
99.0 -103.2
99.0 -152.4
99.0 -99.6
99.0 -92.4
99.0 -164.4
99.0 -325.2
99.0 -150.0
99.0 -333.6
99.0 -508.8
99.0 -438.0
100.0 -561.6
100.0 -568.8
100.0 -600.0
100.0 -585.6
100.0 -649.2
100.0 -483.6
100.0 -595.2
100.0 -616.8
100.0 -552.0
100.0 -573.6
100.0 -210.0
100.0 -117.6
100.0 -72.0
100.0 -296.4
100.0 -133.2
100.0 -102.0
100.0 -66.0
100.0 -224.4
100.0 -266.4
100.0 -520.8
100.0 -543.6
101.0 -162.0
101.0 -590.4
101.0 -540.0
101.0 -568.8
101.0 -586.8
101.0 -636.0
101.0 -568.8
101.0 -560.4
101.0 -608.4
101.0 -621.6
101.0 -590.4
101.0 -610.8
101.0 -508.8
101.0 -603.6
101.0 -610.8
101.0 -127.2
101.0 -88.8
101.0 -175.2
101.0 -38.4
101.0 -103.2
101.0 -283.2
101.0 -182.4
101.0 -583.2
101.0 -616.8
101.0 -619.2
102.0 -637.2
102.0 -638.4
102.0 -582.0
102.0 -618.0
102.0 -620.4
102.0 -602.4
102.0 -632.4
102.0 -513.6
102.0 -592.8
102.0 -644.4
102.0 -564.0
102.0 -440.4
102.0 -543.6
102.0 -550.8
102.0 -630.0
102.0 -602.4
102.0 -645.6
102.0 0.0
102.0 -32.4
102.0 -61.2
102.0 -64.8
102.0 -75.6
102.0 -60.0
102.0 -135.6
102.0 -242.4
102.0 -226.8
102.0 -96.0
102.0 -70.8
102.0 -219.6
102.0 -112.8
102.0 -204.0
102.0 -536.4
103.0 -486.0
103.0 -517.2
103.0 -603.6
103.0 -580.8
103.0 -651.6
103.0 -568.8
103.0 -607.2
103.0 -614.4
103.0 0.0
103.0 -81.6
103.0 0.0
103.0 -99.6
103.0 -61.2
103.0 -28.8
103.0 -39.6
103.0 -228.0
103.0 -151.2
103.0 -297.6
103.0 -428.4
103.0 -500.4
103.0 -529.2
104.0 -592.8
104.0 -558.0
104.0 -633.6
104.0 -613.2
104.0 -627.6
104.0 -165.6
104.0 -61.2
104.0 -273.6
104.0 -135.6
104.0 -334.8
105.0 -321.6
105.0 -620.4
105.0 -600.0
105.0 -588.0
105.0 -642.0
105.0 -600.0
105.0 -634.8
105.0 -481.2
105.0 -570.0
105.0 -637.2
105.0 -541.2
105.0 -469.2
105.0 -613.2
105.0 -576.0
105.0 -627.6
105.0 -570.0
105.0 -608.4
105.0 -597.6
105.0 -658.8
105.0 -27.6
105.0 -48.0
105.0 -60.0
105.0 -158.4
105.0 -92.4
105.0 0.0
105.0 -129.6
105.0 -177.6
105.0 -93.6
105.0 -177.6
105.0 -297.6
105.0 -144.0
105.0 -271.2
105.0 -655.2
105.0 -632.4
106.0 -259.2
106.0 -358.8
106.0 -518.4
106.0 -636.0
106.0 -618.0
106.0 -625.2
106.0 -595.2
106.0 -528.0
106.0 -630.0
106.0 -561.6
106.0 -538.8
106.0 -192.0
106.0 -193.2
106.0 -61.2
106.0 0.0
106.0 -170.4
106.0 -110.4
106.0 -159.6
106.0 -210.0
106.0 -87.6
106.0 -145.2
106.0 -638.4
106.0 -528.0
106.0 -510.0
106.0 -608.4
107.0 -294.0
107.0 -552.0
107.0 -624.0
107.0 -661.2
107.0 -619.2
107.0 -625.2
107.0 -666.0
107.0 -664.8
107.0 -664.8
107.0 -565.2
107.0 -709.2
107.0 -562.8
107.0 -614.4
107.0 -601.2
107.0 -640.8
107.0 -122.4
107.0 -136.8
107.0 -90.0
107.0 -241.2
107.0 -103.2
107.0 -243.6
107.0 -288.0
107.0 -522.0
107.0 -554.4
108.0 -442.8
108.0 -308.4
108.0 -639.6
108.0 -652.8
108.0 -650.4
108.0 -637.2
108.0 -633.6
108.0 -679.2
108.0 -657.6
108.0 -648.0
108.0 -549.6
108.0 -579.6
108.0 -679.2
108.0 -618.0
108.0 -70.8
108.0 -60.0
108.0 -79.2
108.0 -82.8
108.0 -75.6
108.0 -135.6
108.0 -558.0
109.0 -391.2
109.0 -630.0
109.0 -600.0
109.0 -537.6
109.0 -655.2
109.0 -606.0
109.0 -661.2
109.0 -624.0
109.0 -574.8
109.0 -650.4
109.0 -740.4
109.0 -612.0
109.0 -75.6
109.0 -170.4
109.0 -292.8
109.0 -356.4
109.0 -241.2
110.0 -489.6
110.0 -247.2
110.0 -300.0
110.0 -358.8
110.0 -608.4
110.0 -687.6
110.0 -668.4
110.0 -568.8
110.0 -674.4
110.0 -634.8
110.0 -688.8
110.0 -645.6
110.0 -652.8
110.0 -585.6
110.0 -586.8
110.0 -106.8
110.0 -31.2
110.0 -42.0
110.0 -73.2
110.0 -108.0
110.0 -66.0
110.0 -67.2
110.0 -259.2
110.0 -338.4
111.0 -368.4
111.0 -330.0
111.0 -612.0
111.0 -568.8
111.0 -674.4
111.0 -652.8
111.0 -652.8
111.0 -745.2
111.0 -656.4
111.0 -639.6
111.0 -614.4
111.0 -573.6
111.0 -580.8
111.0 -687.6
111.0 -690.0
111.0 -585.6
111.0 -110.4
111.0 -129.6
111.0 -162.0
111.0 -153.6
111.0 -147.6
111.0 -60.0
111.0 -171.6
111.0 -212.4
111.0 -249.6
111.0 -301.2
111.0 -313.2
111.0 -117.6
111.0 -556.8
111.0 -480.0
112.0 -283.2
112.0 -654.0
112.0 -655.2
112.0 -670.8
112.0 -703.2
112.0 -650.4
112.0 -594.0
112.0 -658.8
112.0 -656.4
112.0 -93.6
112.0 -28.8
112.0 -168.0
112.0 -163.2
112.0 -102.0
112.0 -147.6
112.0 -324.0
112.0 -586.8
112.0 -422.4
112.0 -666.0
112.0 -577.2
113.0 -314.4
113.0 -476.4
113.0 -458.4
113.0 -433.2
113.0 -724.8
113.0 -622.8
113.0 -663.6
113.0 -637.2
113.0 -642.0
113.0 -636.0
113.0 -690.0
113.0 -636.0
113.0 -616.8
113.0 -607.2
113.0 -643.2
113.0 -657.6
113.0 -82.8
113.0 -76.8
113.0 -93.6
113.0 -151.2
113.0 -109.2
113.0 -201.6
113.0 -141.6
113.0 -298.8
114.0 -440.4
114.0 -720.0
114.0 -696.0
114.0 -613.2
114.0 -609.6
114.0 -670.8
114.0 -620.4
114.0 -724.8
114.0 -592.8
114.0 -532.8
114.0 -682.8
114.0 -98.4
114.0 -32.4
114.0 -70.8
114.0 -276.0
114.0 -177.6
114.0 -650.4
115.0 -380.4
115.0 -636.0
115.0 -688.8
115.0 -690.0
115.0 -639.6
115.0 -712.8
115.0 -649.2
115.0 -638.4
115.0 -651.6
115.0 -574.8
115.0 -732.0
115.0 -633.6
115.0 -553.2
115.0 -576.0
115.0 -39.6
115.0 -121.2
115.0 -135.6
115.0 0.0
115.0 -262.8
115.0 -343.2
115.0 -256.8
115.0 -332.4
116.0 -332.4
116.0 -673.2
116.0 -591.6
116.0 -651.6
116.0 -682.8
116.0 -663.6
116.0 -666.0
116.0 -648.0
116.0 -656.4
116.0 -690.0
116.0 -176.4
116.0 -148.8
116.0 -228.0
116.0 -42.0
116.0 -176.4
116.0 -322.8
116.0 -244.8
116.0 -309.6
116.0 -265.2
116.0 -309.6
116.0 -378.0
117.0 -358.8
117.0 -248.4
117.0 -471.6
117.0 -711.6
117.0 -672.0
117.0 -645.6
117.0 -636.0
117.0 -638.4
117.0 -714.0
117.0 -726.0
117.0 -613.2
117.0 -700.8
117.0 -564.0
117.0 -615.6
117.0 -678.0
117.0 -676.8
117.0 -526.8
117.0 -685.2
117.0 -693.6
117.0 -135.6
117.0 -192.0
117.0 -160.8
117.0 -162.0
117.0 -318.0
117.0 -276.0
117.0 -255.6
117.0 -343.2
117.0 -180.0
117.0 -121.2
117.0 -567.6
117.0 -756.0
117.0 -603.6
118.0 -702.0
118.0 -696.0
118.0 -620.4
118.0 -652.8
118.0 -592.8
118.0 -656.4
118.0 -684.0
118.0 -620.4
118.0 -507.6
118.0 -757.2
118.0 -729.6
118.0 -376.8
118.0 -657.6
118.0 -181.2
118.0 -39.6
118.0 -170.4
118.0 -270.0
118.0 -336.0
118.0 -536.4
118.0 -684.0
119.0 -444.0
119.0 -516.0
119.0 -750.0
119.0 -734.4
119.0 -670.8
119.0 -640.8
119.0 -697.2
119.0 -732.0
119.0 -750.0
119.0 -746.4
119.0 -638.4
119.0 -613.2
119.0 -685.2
119.0 -693.6
119.0 -676.8
119.0 -745.2
119.0 -634.8
119.0 -27.6
119.0 -261.6
119.0 -242.4
119.0 -231.6
119.0 -200.4
119.0 -216.0
119.0 -278.4
119.0 -298.8
120.0 -469.2
120.0 -639.6
120.0 -684.0
120.0 -735.6
120.0 -727.2
120.0 -742.8
120.0 -710.4
120.0 -788.4
120.0 -604.8
120.0 -760.8
120.0 -696.0
120.0 -594.0
120.0 -754.8
120.0 -592.8
120.0 -711.6
120.0 -788.4
120.0 -727.2
120.0 -109.2
120.0 -43.2
120.0 -151.2
120.0 -88.8
120.0 -111.6
120.0 -164.4
120.0 -326.4
120.0 -266.4
120.0 -274.8
121.0 -414.0
121.0 -652.8
121.0 -565.2
121.0 -669.6
121.0 -678.0
121.0 -589.2
121.0 -614.4
121.0 -543.6
121.0 -699.6
121.0 -654.0
121.0 -694.8
121.0 -33.6
121.0 -76.8
121.0 -159.6
121.0 -136.8
121.0 -322.8
121.0 -594.0
121.0 -607.2
122.0 -480.0
122.0 -453.6
122.0 -334.8
122.0 -727.2
122.0 -667.2
122.0 -709.2
122.0 -710.4
122.0 -685.2
122.0 -730.8
122.0 -727.2
122.0 -688.8
122.0 -751.2
122.0 -649.2
122.0 -105.6
122.0 -43.2
122.0 -126.0
122.0 -138.0
123.0 -418.8
123.0 -394.8
123.0 -716.4
123.0 -744.0
123.0 -762.0
123.0 -646.8
123.0 -660.0
123.0 -676.8
123.0 -615.6
123.0 -748.8
123.0 -727.2
123.0 -711.6
123.0 -766.8
123.0 -682.8
123.0 -717.6
123.0 -674.4
123.0 -604.8
123.0 -699.6
123.0 -583.2
123.0 -180.0
123.0 -160.8
123.0 -378.0
123.0 -459.6
124.0 -699.6
124.0 -751.2
124.0 -740.4
124.0 -668.4
124.0 -717.6
124.0 -678.0
124.0 -676.8
124.0 -544.8
124.0 -714.0
124.0 -638.4
124.0 -763.2
124.0 -700.8
124.0 -127.2
124.0 -76.8
124.0 -62.4
124.0 -62.4
124.0 -307.2
125.0 -313.2
125.0 -511.2
125.0 -426.0
125.0 -687.6
125.0 -813.6
125.0 -673.2
125.0 -684.0
125.0 -558.0
125.0 -681.6
125.0 -687.6
125.0 -651.6
125.0 -609.6
125.0 -640.8
125.0 -638.4
125.0 -708.0
125.0 -73.2
125.0 -176.4
125.0 -208.8
125.0 -282.0
125.0 -354.0
125.0 -247.2
126.0 -357.6
126.0 -517.2
126.0 -606.0
126.0 -742.8
126.0 -706.8
126.0 -711.6
126.0 -751.2
126.0 -766.8
126.0 -714.0
126.0 -534.0
126.0 -620.4
126.0 -673.2
126.0 -628.8
126.0 -608.4
126.0 -667.2
126.0 -231.6
126.0 -204.0
126.0 -87.6
126.0 -198.0
126.0 -345.6
126.0 -211.2
126.0 -246.0
126.0 -174.0
126.0 -699.6
126.0 -703.2
127.0 -430.8
127.0 -457.2
127.0 -498.0
127.0 -666.0
127.0 -736.8
127.0 -754.8
127.0 -414.0
127.0 -697.2
127.0 -690.0
127.0 -735.6
127.0 -686.4
127.0 -645.6
127.0 -193.2
127.0 -102.0
127.0 -132.0
127.0 -328.8
127.0 -354.0
127.0 -134.4
128.0 -354.0
128.0 -504.0
128.0 -744.0
128.0 -753.6
128.0 -720.0
128.0 -681.6
128.0 -717.6
128.0 -681.6
128.0 -688.8
128.0 -645.6
128.0 -756.0
128.0 -178.8
128.0 -93.6
128.0 -132.0
128.0 -531.6
128.0 -292.8
128.0 -466.8
128.0 -410.4
128.0 -272.4
128.0 -216.0
128.0 -440.4
129.0 -409.2
129.0 -350.4
129.0 -450.0
129.0 -786.0
129.0 -722.4
129.0 -740.4
129.0 -726.0
129.0 -691.2
129.0 -697.2
129.0 -648.0
129.0 -728.4
129.0 -730.8
129.0 -680.4
129.0 -718.8
129.0 -657.6
129.0 -760.8
129.0 -788.4
129.0 -72.0
129.0 -213.6
129.0 -225.6
129.0 -237.6
129.0 -241.2
129.0 -708.0
130.0 -387.6
130.0 -704.4
130.0 -751.2
130.0 -704.4
130.0 -646.8
130.0 -428.4
130.0 -740.4
130.0 -738.0
130.0 -709.2
130.0 -703.2
130.0 -218.4
130.0 -164.4
130.0 -339.6
130.0 -382.8
131.0 -303.6
131.0 -535.2
131.0 -525.6
131.0 -717.6
131.0 -709.2
131.0 -577.2
131.0 -718.8
131.0 -729.6
131.0 -717.6
131.0 -177.6
131.0 -258.0
131.0 -331.2
131.0 -650.4
131.0 -654.0
132.0 -415.2
132.0 -480.0
132.0 -774.0
132.0 -823.2
132.0 -702.0
132.0 -664.8
132.0 -723.6
132.0 -631.2
132.0 -824.4
132.0 -180.0
132.0 -356.4
132.0 -351.6
132.0 -103.2
133.0 -381.6
133.0 -360.0
133.0 -788.4
133.0 -741.6
133.0 -753.6
133.0 -482.4
133.0 -735.6
133.0 -614.4
133.0 -601.2
133.0 -742.8
133.0 -714.0
133.0 -622.8
133.0 -800.4
133.0 -702.0
133.0 -854.4
133.0 -684.0
133.0 -105.6
133.0 -103.2
133.0 -201.6
133.0 -330.0
134.0 -541.2
134.0 -531.6
134.0 -538.8
134.0 -842.4
134.0 -751.2
134.0 -736.8
134.0 -679.2
134.0 -774.0
134.0 -777.6
134.0 -98.4
134.0 -346.8
134.0 -286.8
135.0 -472.8
135.0 -608.4
135.0 -462.0
135.0 -609.6
135.0 -732.0
135.0 -698.4
135.0 -715.2
135.0 -711.6
135.0 -752.4
135.0 -637.2
135.0 -165.6
135.0 -172.8
135.0 -204.0
135.0 -294.0
136.0 -488.4
136.0 -508.8
136.0 -510.0
136.0 -759.6
136.0 -716.4
136.0 -673.2
136.0 -775.2
136.0 -481.2
136.0 -711.6
136.0 -746.4
136.0 -658.8
136.0 -852.0
136.0 -752.4
136.0 -717.6
136.0 -675.6
136.0 -699.6
136.0 -151.2
136.0 -282.0
136.0 -355.2
137.0 -480.0
137.0 -434.4
137.0 -477.6
137.0 -465.6
137.0 -579.6
137.0 -777.6
137.0 -849.6
137.0 -781.2
137.0 -757.2
137.0 -804.0
137.0 -812.4
137.0 -642.0
137.0 -718.8
137.0 -610.8
138.0 -582.0
138.0 -596.4
138.0 -565.2
138.0 -412.8
138.0 -556.8
138.0 -786.0
138.0 -781.2
138.0 -676.8
138.0 -684.0
138.0 -693.6
138.0 -732.0
138.0 -740.4
138.0 -758.4
138.0 -64.8
138.0 -213.6
139.0 -586.8
139.0 -351.6
139.0 -412.8
139.0 -844.8
139.0 -776.4
139.0 -732.0
139.0 -757.2
139.0 -852.0
139.0 -734.4
139.0 -391.2
139.0 -338.4
139.0 -267.6
140.0 -549.6
140.0 -430.8
140.0 -410.4
140.0 -697.2
140.0 -728.4
140.0 -672.0
140.0 -781.2
140.0 -590.4
140.0 -440.4
140.0 -745.2
140.0 -828.0
140.0 -752.4
140.0 -758.4
140.0 -775.2
140.0 -734.4
140.0 -75.6
140.0 -134.4
140.0 -195.6
140.0 -315.6
141.0 -385.2
141.0 -406.8
141.0 -457.2
141.0 -541.2
141.0 -745.2
141.0 -711.6
141.0 -752.4
141.0 -711.6
141.0 -796.8
141.0 -726.0
141.0 -709.2
141.0 -133.2
141.0 -265.2
142.0 -477.6
142.0 -562.8
142.0 -700.8
142.0 -612.0
142.0 -568.8
142.0 -709.2
142.0 -667.2
142.0 -687.6
142.0 -864.0
142.0 -142.8
142.0 -358.8
142.0 -382.8
142.0 -276.0
143.0 -493.2
143.0 -543.6
143.0 -858.0
143.0 -764.4
143.0 -826.8
143.0 -548.4
143.0 -777.6
143.0 -692.4
143.0 -804.0
143.0 -822.0
143.0 -700.8
143.0 -822.0
143.0 -210.0
143.0 -212.4
143.0 -332.4
144.0 -598.8
144.0 -416.4
144.0 -564.0
144.0 -477.6
144.0 -763.2
144.0 -700.8
144.0 -789.6
144.0 -763.2
144.0 -854.4
144.0 -328.8
144.0 -732.0
145.0 -451.2
145.0 -532.8
145.0 -549.6
145.0 -495.6
145.0 -699.6
145.0 -745.2
145.0 -820.8
145.0 -759.6
145.0 -793.2
145.0 -829.2
145.0 -703.2
145.0 -769.2
145.0 -662.4
145.0 -710.4
145.0 -776.4
145.0 -744.0
145.0 -760.8
145.0 -716.4
145.0 -670.8
146.0 -594.0
146.0 -768.0
146.0 -814.8
146.0 -783.6
146.0 -778.8
146.0 -682.8
146.0 -795.6
146.0 -826.8
146.0 -768.0
146.0 -242.4
146.0 -229.2
147.0 -667.2
147.0 -477.6
147.0 -568.8
147.0 -841.2
147.0 -760.8
147.0 -210.0
148.0 -501.6
148.0 -456.0
148.0 -567.6
148.0 -567.6
148.0 -591.6
148.0 -811.2
148.0 -900.0
148.0 -846.0
148.0 -844.8
148.0 -721.2
148.0 -303.6
149.0 -715.2
149.0 -438.0
149.0 -700.8
149.0 -759.6
149.0 -798.0
149.0 -556.8
149.0 -712.8
149.0 -774.0
149.0 -769.2
149.0 -726.0
149.0 -453.6
150.0 -608.4
150.0 -388.8
150.0 -619.2
150.0 -457.2
150.0 -784.8
150.0 -854.4
150.0 -897.6
150.0 -870.0
150.0 -763.2
151.0 -444.0
151.0 -428.4
151.0 -820.8
151.0 -723.6
151.0 -782.4
151.0 -880.8
151.0 -253.2
151.0 -289.2
152.0 -704.4
152.0 -625.2
152.0 -552.0
152.0 -544.8
152.0 -799.2
152.0 -768.0
152.0 -925.2
152.0 -776.4
152.0 -787.2
152.0 -796.8
152.0 -750.0
152.0 -264.0
153.0 -472.8
153.0 -582.0
153.0 -810.0
153.0 -669.6
153.0 -535.2
153.0 -620.4
153.0 -842.4
153.0 -890.4
153.0 -732.0
153.0 -810.0
153.0 -355.2
154.0 -676.8
154.0 -681.6
154.0 -432.0
154.0 -757.2
154.0 -915.6
154.0 -441.6
154.0 -600.0
155.0 -615.6
155.0 -624.0
155.0 -622.8
155.0 -478.8
155.0 -610.8
155.0 -480.0
155.0 -790.8
155.0 -811.2
155.0 -824.4
155.0 -567.6
155.0 -531.6
155.0 -862.8
155.0 -843.6
155.0 -828.0
156.0 -549.6
156.0 -774.0
156.0 -651.6
156.0 -352.8
156.0 -640.8
156.0 -900.0
156.0 -927.6
156.0 -801.6
156.0 -322.8
156.0 -859.2
157.0 -660.0
157.0 -676.8
157.0 -831.6
157.0 -835.2
157.0 -860.4
157.0 -675.6
157.0 -207.6
158.0 -720.0
158.0 -597.6
158.0 -474.0
158.0 -844.8
158.0 -882.0
158.0 -867.6
158.0 -607.2
158.0 -842.4
158.0 -836.4
158.0 -806.4
158.0 -814.8
159.0 -500.4
159.0 -568.8
159.0 -568.8
159.0 -486.0
159.0 -517.2
159.0 -555.6
159.0 -442.8
159.0 -441.6
159.0 -865.2
159.0 -768.0
160.0 -658.8
160.0 -603.6
160.0 -603.6
160.0 -715.2
160.0 -499.2
160.0 -873.6
160.0 -722.4
160.0 -867.6
160.0 -826.8
160.0 -840.0
160.0 -855.6
161.0 -537.6
161.0 -662.4
161.0 -483.6
161.0 -638.4
161.0 -517.2
161.0 -823.2
161.0 -843.6
161.0 -831.6
162.0 -558.0
162.0 -550.8
162.0 -364.8
162.0 -580.8
162.0 -554.4
162.0 -938.4
162.0 -825.6
162.0 -868.8
162.0 -536.4
162.0 -781.2
162.0 -921.6
163.0 -609.6
163.0 -406.8
163.0 -657.6
163.0 -578.4
163.0 -620.4
163.0 -843.6
163.0 -938.4
163.0 -734.4
163.0 -782.4
163.0 -379.2
164.0 -741.6
164.0 -541.2
164.0 -722.4
164.0 -804.0
164.0 -822.0
164.0 -844.8
164.0 -850.8
164.0 -660.0
164.0 -582.0
164.0 -820.8
164.0 -673.2
164.0 -948.0
164.0 -858.0
165.0 -622.8
165.0 -726.0
165.0 -745.2
165.0 -861.6
165.0 -867.6
165.0 -508.8
165.0 -538.8
165.0 -682.8
165.0 -925.2
165.0 -862.8
165.0 -826.8
165.0 -792.0
166.0 -679.2
166.0 -862.8
166.0 -711.6
166.0 -862.8
166.0 -316.8
167.0 -583.2
167.0 -603.6
167.0 -642.0
167.0 -668.4
167.0 -484.8
167.0 -604.8
167.0 -676.8
167.0 -969.6
167.0 -931.2
167.0 -789.6
167.0 -910.8
167.0 -787.2
167.0 -391.2
167.0 -762.0
168.0 -686.4
168.0 -422.4
168.0 -628.8
168.0 -618.0
168.0 -616.8
168.0 -542.4
168.0 -945.6
168.0 -780.0
168.0 -922.8
168.0 -130.8
169.0 -645.6
169.0 -531.6
169.0 -754.8
169.0 -441.6
169.0 -793.2
169.0 -872.4
170.0 -537.6
170.0 -536.4
170.0 -465.6
170.0 -726.0
170.0 -760.8
170.0 -820.8
170.0 -598.8
170.0 -415.2
171.0 -660.0
171.0 -727.2
171.0 -526.8
171.0 -541.2
171.0 -895.2
171.0 -949.2
171.0 -789.6
171.0 -690.0
172.0 -445.2
172.0 -649.2
172.0 -985.2
172.0 -896.4
172.0 -826.8
172.0 -951.6
172.0 -1006.8
172.0 -909.6
172.0 -927.6
172.0 -823.2
172.0 -831.6
172.0 -902.4
172.0 -594.0
173.0 -403.2
173.0 -608.4
173.0 -638.4
173.0 -902.4
173.0 -949.2
173.0 -945.6
173.0 -526.8
174.0 -519.6
174.0 -720.0
174.0 -862.8
174.0 -916.8
174.0 -861.6
174.0 -928.8
174.0 -984.0
174.0 -926.4
174.0 -825.6
174.0 -894.0
174.0 -1012.8
174.0 -877.2
175.0 -674.4
175.0 -934.8
175.0 -780.0
175.0 -856.8
175.0 -931.2
175.0 -760.8
175.0 -894.0
175.0 -842.4
175.0 -958.8
175.0 -950.4
176.0 -860.4
176.0 -912.0
176.0 -693.6
176.0 -723.6
176.0 -895.2
176.0 -968.4
176.0 -883.2
176.0 -566.4
177.0 -657.6
177.0 -700.8
177.0 -580.8
177.0 -536.4
177.0 -858.0
177.0 -906.0
177.0 -757.2
177.0 -832.8
177.0 -856.8
177.0 -782.4
177.0 -790.8
177.0 -945.6
177.0 -493.2
178.0 -726.0
178.0 -582.0
178.0 -502.8
178.0 -903.6
178.0 -856.8
178.0 -993.6
178.0 -897.6
179.0 -702.0
179.0 -976.8
179.0 -808.8
179.0 -964.8
179.0 -650.4
179.0 -711.6
179.0 -901.2
179.0 -837.6
179.0 -975.6
179.0 -951.6
180.0 -499.2
180.0 -1003.2
180.0 -930.0
180.0 -850.8
180.0 -702.0
181.0 -493.2
181.0 -866.4
181.0 -907.2
181.0 -681.6
181.0 -739.2
181.0 -714.0
182.0 -788.4
182.0 -624.0
182.0 -517.2
182.0 -946.8
182.0 -936.0
182.0 -962.4
182.0 -897.6
182.0 -926.4
182.0 -698.4
182.0 -662.4
182.0 -939.6
183.0 -843.6
183.0 -914.4
183.0 -751.2
183.0 -685.2
183.0 -690.0
183.0 -546.0
183.0 -661.2
183.0 -914.4
183.0 -922.8
183.0 -894.0
183.0 -878.4
184.0 -560.4
184.0 -628.8
184.0 -926.4
184.0 -873.6
184.0 -948.0
184.0 -1002.0
184.0 -883.2
184.0 -930.0
184.0 -793.2
185.0 -608.4
185.0 -877.2
185.0 -981.6
185.0 -933.6
185.0 -981.6
186.0 -1010.4
186.0 -920.4
186.0 -973.2
186.0 -888.0
186.0 -870.0
186.0 -1003.2
186.0 -997.2
186.0 -922.8
187.0 -702.0
187.0 -656.4
187.0 -930.0
187.0 -915.6
187.0 -633.6
187.0 -1030.8
187.0 -954.0
188.0 -814.8
188.0 -645.6
188.0 -494.4
188.0 -801.6
188.0 -642.0
188.0 -914.4
188.0 -973.2
188.0 -888.0
189.0 -646.8
189.0 -890.4
189.0 -1041.6
189.0 -708.0
190.0 -854.4
190.0 -978.0
190.0 -934.8
190.0 -1009.2
190.0 -798.0
190.0 -993.6
191.0 -618.0
191.0 -586.8
191.0 -927.6
191.0 -930.0
191.0 -1004.4
191.0 -924.0
191.0 -1020.0
191.0 -502.8
192.0 -724.8
192.0 -592.8
192.0 -938.4
192.0 -960.0
192.0 -938.4
192.0 -915.6
193.0 -678.0
193.0 -944.4
193.0 -973.2
193.0 -818.4
193.0 -668.4
193.0 -1018.8
193.0 -1086.0
194.0 -777.6
194.0 -926.4
194.0 -852.0
194.0 -826.8
194.0 -733.2
194.0 -740.4
195.0 -896.4
195.0 -987.6
195.0 -914.4
195.0 -1071.6
195.0 -1022.4
196.0 -936.0
196.0 -999.6
196.0 -994.8
196.0 -1046.4
196.0 -981.6
196.0 -997.2
197.0 -783.6
197.0 -1026.0
197.0 -745.2
197.0 -950.4
198.0 -1016.4
198.0 -888.0
198.0 -1027.2
198.0 -978.0
198.0 -832.8
198.0 -1039.2
198.0 -795.6
198.0 -1136.4
199.0 -1022.4
199.0 -942.0
199.0 -870.0
199.0 -976.8
199.0 -1092.0
199.0 -942.0
200.0 -826.8
200.0 -632.4
200.0 -991.2
200.0 -994.8
200.0 -986.4
201.0 -991.2
201.0 -928.8
201.0 -979.2
201.0 -1040.4
201.0 -1087.2
202.0 -985.2
202.0 -1034.4
202.0 -1009.2
202.0 -967.2
202.0 -993.6
202.0 -847.2
202.0 -661.2
202.0 -904.8
202.0 -868.8
202.0 -1070.4
202.0 -1142.4
203.0 -763.2
203.0 -1027.2
203.0 -880.8
203.0 -951.6
203.0 -618.0
204.0 -902.4
204.0 -757.2
204.0 -1023.6
204.0 -724.8
204.0 -1111.2
204.0 -1098.0
205.0 -704.4
205.0 -998.4
205.0 -999.6
205.0 -1023.6
205.0 -1035.6
206.0 -776.4
206.0 -979.2
206.0 -1094.4
206.0 -979.2
206.0 -552.0
206.0 -723.6
207.0 -1032.0
207.0 -726.0
207.0 -678.0
208.0 -865.2
208.0 -1090.8
208.0 -1004.4
208.0 -1056.0
208.0 -876.0
208.0 -1024.8
208.0 -1114.8
209.0 -759.6
209.0 -1039.2
209.0 -1099.2
209.0 -1033.2
209.0 -1120.8
209.0 -1074.0
209.0 -1056.0
210.0 -952.8
210.0 -831.6
210.0 -925.2
210.0 -1022.4
210.0 -960.0
210.0 -894.0
210.0 -1075.2
210.0 -1137.6
211.0 -1063.2
211.0 -1116.0
211.0 -1038.0
211.0 -1045.2
211.0 -1032.0
212.0 -1092.0
212.0 -1106.4
212.0 -680.4
212.0 -986.4
212.0 -1153.2
213.0 -1089.6
213.0 -1058.4
213.0 -1030.8
213.0 -931.2
213.0 -1136.4
213.0 -1063.2
213.0 -1102.8
214.0 -1088.4
214.0 -1082.4
214.0 -958.8
214.0 -1177.2
215.0 -1058.4
215.0 -1058.4
215.0 -1062.0
215.0 -970.8
215.0 -727.2
215.0 -1126.8
216.0 -1138.8
216.0 -1056.0
216.0 -1125.6
216.0 -1113.6
216.0 -1076.4
216.0 -1041.6
216.0 -1017.6
216.0 -1045.2
216.0 -1131.6
217.0 -824.4
217.0 -1046.4
217.0 -1047.6
217.0 -1069.2
217.0 -883.2
217.0 -1040.4
217.0 -1036.8
218.0 -910.8
218.0 -1117.2
218.0 -1074.0
218.0 -1064.4
218.0 -1116.0
219.0 -873.6
219.0 -996.0
219.0 -1088.4
220.0 -1178.4
220.0 -1076.4
220.0 -1144.8
220.0 -964.8
220.0 -1140.0
220.0 -753.6
221.0 -858.0
221.0 -1089.6
221.0 -1154.4
221.0 -1126.8
221.0 -1060.8
221.0 -1050.0
221.0 -1095.6
221.0 -1096.8
222.0 -877.2
222.0 -1011.6
222.0 -1065.6
222.0 -1219.2
222.0 -940.8
222.0 -907.2
222.0 -880.8
222.0 -1017.6
222.0 -1041.6
223.0 -834.0
223.0 -979.2
223.0 -1065.6
223.0 -997.2
223.0 -1106.4
223.0 -1029.6
223.0 -1076.4
223.0 -1058.4
223.0 -1062.0
223.0 -1064.4
224.0 -915.6
224.0 -1130.4
224.0 -1098.0
225.0 -939.6
225.0 -1263.6
225.0 -1161.6
225.0 -1107.6
225.0 -944.4
226.0 -747.6
226.0 -1076.4
226.0 -1090.8
226.0 -1131.6
226.0 -1120.8
226.0 -1196.4
227.0 -753.6
227.0 -1077.6
227.0 -1062.0
227.0 -1005.6
227.0 -1002.0
227.0 -1146.0
228.0 -747.6
228.0 -792.0
228.0 -818.4
228.0 -1148.4
228.0 -1174.8
228.0 -1153.2
229.0 -1113.6
229.0 -1108.8
229.0 -1131.6
229.0 -812.4
230.0 -1183.2
230.0 -1212.0
230.0 -1137.6
230.0 -1114.8
231.0 -963.6
231.0 -850.8
231.0 -1148.4
231.0 -1153.2
231.0 -1114.8
231.0 -1162.8
231.0 -1231.2
232.0 -1068.0
232.0 -1244.4
232.0 -1159.2
232.0 -1023.6
232.0 -1194.0
232.0 -1269.6
233.0 -1222.8
233.0 -1178.4
233.0 -840.0
234.0 -862.8
234.0 -999.6
234.0 -1160.4
234.0 -1101.6
234.0 -1231.2
235.0 -884.4
235.0 -926.4
235.0 -1124.4
235.0 -1284.0
235.0 -1246.8
236.0 -1146.0
236.0 -974.4
236.0 -1174.8
236.0 -1207.2
236.0 -1146.0
236.0 -1113.6
236.0 -1204.8
236.0 -1191.6
237.0 -766.8
237.0 -1179.6
237.0 -1110.0
237.0 -1142.4
237.0 -1106.4
238.0 -1183.2
238.0 -1131.6
238.0 -1137.6
238.0 -1204.8
238.0 -1218.0
238.0 -1144.8
238.0 -1154.4
239.0 -1024.8
239.0 -1126.8
239.0 -1117.2
239.0 -1017.6
239.0 -1261.2
240.0 -1123.2
240.0 -1170.0
240.0 -1204.8
240.0 -1298.4
240.0 -1279.2
240.0 -1203.6
240.0 -1212.0
241.0 -1182.0
241.0 -1221.6
241.0 -1088.4
241.0 -1153.2
241.0 -1215.6
241.0 -1183.2
241.0 -1036.8
241.0 -1162.8
242.0 -1076.4
242.0 -1162.8
242.0 -1098.0
242.0 -1148.4
242.0 -1147.2
242.0 -1252.8
242.0 -1270.8
242.0 -1063.2
242.0 -1316.4
243.0 -942.0
243.0 -1138.8
243.0 -1160.4
243.0 -1156.8
244.0 -852.0
244.0 -705.6
244.0 -1168.8
244.0 -1118.4
244.0 -1087.2
244.0 -1168.8
245.0 -834.0
245.0 -1263.6
245.0 -1164.0
245.0 -1196.4
245.0 -1191.6
246.0 -1040.4
246.0 -1236.0
246.0 -1322.4
247.0 -1262.4
247.0 -1136.4
247.0 -1144.8
248.0 -952.8
248.0 -1003.2
248.0 -1198.8
248.0 -1286.4
248.0 -1064.4
248.0 -1185.6
249.0 -897.6
249.0 -1304.4
249.0 -1251.6
249.0 -1172.4
249.0 -1284.0
249.0 -1366.8
250.0 -943.2
250.0 -967.2
250.0 -1231.2
250.0 -1227.6
250.0 -1141.2
250.0 -1285.2
250.0 -1261.2
250.0 -1294.8
250.0 -1147.2
250.0 -1224.0
251.0 -907.2
251.0 -936.0
251.0 -946.8
251.0 -1310.4
251.0 -1100.4
252.0 -1030.8
252.0 -1176.0
252.0 -1184.4
252.0 -1173.6
252.0 -1232.4
253.0 -945.6
253.0 -1147.2
253.0 -1309.2
253.0 -1140.0
253.0 -1077.6
253.0 -1126.8
254.0 -1249.2
254.0 -1328.4
255.0 -1426.8
255.0 -1263.6
256.0 -930.0
256.0 -1123.2
256.0 -1129.2
256.0 -1320.0
256.0 -1279.2
256.0 -1335.6
256.0 -1207.2
257.0 -1258.8
257.0 -1240.8
257.0 -1206.0
257.0 -1210.8
257.0 -1371.6
257.0 -1350.0
257.0 -1228.8
257.0 -1053.6
258.0 -1248.0
258.0 -1212.0
258.0 -1396.8
258.0 -1189.2
259.0 -1123.2
259.0 -1240.8
259.0 -1272.0
259.0 -1275.6
260.0 -1299.6
260.0 -1316.4
260.0 -1321.2
260.0 -1244.4
260.0 -1243.2
260.0 -1287.6
261.0 -1342.8
261.0 -1219.2
261.0 -1266.0
261.0 -1290.0
262.0 -906.0
262.0 -970.8
262.0 -886.8
262.0 -1360.8
262.0 -1195.2
263.0 -1413.6
263.0 -1365.6
263.0 -1159.2
264.0 -957.6
264.0 -1251.6
265.0 -979.2
265.0 -1264.8
265.0 -1306.8
266.0 -860.4
266.0 -1195.2
266.0 -1216.8
266.0 -1290.0
266.0 -1386.0
266.0 -1308.0
266.0 -1177.2
266.0 -1262.4
267.0 -895.2
267.0 -1292.4
267.0 -1215.6
269.0 -1017.6
269.0 -1362.0
270.0 -1314.0
270.0 -1196.4
270.0 -1441.2
270.0 -1454.4
271.0 -1288.8
271.0 -1334.4
271.0 -1407.6
271.0 -1339.2
271.0 -1222.8
271.0 -986.4
271.0 -1417.2
272.0 -1406.4
272.0 -1239.6
272.0 -1380.0
273.0 -1057.2
273.0 -1002.0
273.0 -1041.6
274.0 -969.6
274.0 -1250.4
274.0 -1294.8
274.0 -1492.8
274.0 -1389.6
275.0 -1298.4
275.0 -1198.8
275.0 -1382.4
275.0 -1291.2
275.0 -1086.0
276.0 -1268.4
277.0 -1246.8
277.0 -1444.8
278.0 -1400.4
279.0 -1363.2
280.0 -1278.0
280.0 -1335.6
281.0 -1080.0
281.0 -1510.8
281.0 -1473.6
281.0 -1374.0
281.0 -1376.4
282.0 -1081.2
282.0 -1280.4
282.0 -1462.8
282.0 -1419.6
282.0 -1266.0
283.0 -1335.6
283.0 -1304.4
283.0 -1346.4
283.0 -1330.8
284.0 -1155.6
284.0 -1314.0
284.0 -1393.2
284.0 -1353.6
285.0 -1377.6
285.0 -1340.4
285.0 -1412.4
286.0 -1270.8
286.0 -1406.4
286.0 -1320.0
286.0 -1446.0
287.0 -1400.4
287.0 -1342.8
287.0 -1282.8
287.0 -1360.8
288.0 -919.2
288.0 -1312.8
289.0 -1148.4
289.0 -1453.2
289.0 -1376.4
290.0 -979.2
290.0 -1104.0
290.0 -1066.8
291.0 -1446.0
292.0 -1227.6
292.0 -1368.0
293.0 -1382.4
294.0 -1389.6
294.0 -1472.4
295.0 -1195.2
295.0 -1101.6
295.0 -1392.0
295.0 -1336.8
296.0 -1204.8
296.0 -1144.8
296.0 -1434.0
297.0 -1410.0
297.0 -1316.4
297.0 -1374.0
297.0 -1503.6
298.0 -1254.0
298.0 -1364.4
299.0 -1084.8
299.0 -1474.8
299.0 -1267.2
299.0 -1515.6
300.0 -1383.6
300.0 -1326.0
300.0 -1549.2
302.0 -1453.2
302.0 -1562.4
303.0 -1125.6
303.0 -1476.0
304.0 -1167.6
304.0 -1500.0
304.0 -1546.8
304.0 -1466.4
304.0 -1509.6
305.0 -1166.4
305.0 -1138.8
305.0 -1509.6
306.0 -1220.4
306.0 -1138.8
306.0 -1584.0
306.0 -1387.2
306.0 -1532.4
306.0 -1540.8
306.0 -1554.0
307.0 -1528.8
308.0 -1231.2
308.0 -1400.4
308.0 -1506.0
309.0 -1512.0
309.0 -1598.4
310.0 -1512.0
310.0 -1520.4
311.0 -1204.8
311.0 -1341.6
311.0 -1567.2
312.0 -1443.6
312.0 -1375.2
312.0 -1545.6
313.0 -1410.0
313.0 -1417.2
313.0 -1489.2
313.0 -1567.2
313.0 -1533.6
313.0 -1527.6
314.0 -1551.6
314.0 -1599.6
315.0 -1460.4
315.0 -1406.4
316.0 -1453.2
316.0 -1572.0
316.0 -1537.2
316.0 -1581.6
317.0 -1329.6
317.0 -1532.4
317.0 -1610.4
317.0 -1543.2
318.0 -1568.4
318.0 -1528.8
318.0 -1591.2
318.0 -1551.6
318.0 -1556.4
318.0 -1502.4
319.0 -1396.8
319.0 -1588.8
319.0 -1612.8
320.0 -1450.8
320.0 -1555.2
321.0 -1375.2
321.0 -1596.0
321.0 -1496.4
321.0 -1615.2
322.0 -1546.8
322.0 -1578.0
322.0 -1597.2
323.0 -1578.0
324.0 -1442.4
324.0 -1519.2
324.0 -1389.6
324.0 -1533.6
325.0 -1222.8
325.0 -1588.8
326.0 -1399.2
326.0 -1623.6
326.0 -1693.2
326.0 -1669.2
327.0 -1168.8
327.0 -1664.4
327.0 -1513.2
327.0 -1610.4
327.0 -1570.8
327.0 -1599.6
328.0 -1306.8
328.0 -1608.0
328.0 -1347.6
328.0 -1599.6
329.0 -1666.8
329.0 -1482.0
329.0 -1647.6
330.0 -1545.6
330.0 -1574.4
330.0 -1602.0
331.0 -1716.0
331.0 -1635.6
331.0 -1626.0
331.0 -1624.8
332.0 -1671.6
332.0 -1611.6
332.0 -1639.2
333.0 -1586.4
333.0 -1562.4
334.0 -1509.6
334.0 -1687.2
334.0 -1634.4
335.0 -1639.2
336.0 -1618.8
336.0 -1675.2
336.0 -1578.0
336.0 -1666.8
337.0 -1645.2
337.0 -1624.8
337.0 -1623.6
337.0 -1684.8
338.0 -1663.2
338.0 -1765.2
339.0 -1723.2
340.0 -1472.4
340.0 -1638.0
340.0 -1668.0
340.0 -1636.8
340.0 -1611.6
340.0 -1776.0
341.0 -1663.2
341.0 -1730.4
341.0 -1700.4
342.0 -1648.8
342.0 -1756.8
343.0 -1665.6
343.0 -1688.4
343.0 -1654.8
344.0 -1710.0
345.0 -1680.0
345.0 -1696.8
345.0 -1568.4
345.0 -1803.6
346.0 -1576.8
346.0 -1582.8
346.0 -1702.8
346.0 -1704.0
346.0 -1665.6
346.0 -1708.8
347.0 -1705.2
347.0 -1668.0
347.0 -1575.6
347.0 -1647.6
347.0 -1759.2
347.0 -1663.2
348.0 -1680.0
348.0 -1726.8
348.0 -1741.2
348.0 -1674.0
348.0 -1728.0
348.0 -1710.0
349.0 -1633.2
349.0 -1776.0
349.0 -1734.0
349.0 -1761.6
350.0 -1419.6
350.0 -1711.2
350.0 -1812.0
350.0 -1734.0
351.0 -1464.0
351.0 -1729.2
351.0 -1651.2
351.0 -1779.6
351.0 -1717.2
351.0 -1521.6
351.0 -1717.2
351.0 -1662.0
352.0 -1496.4
352.0 -1659.6
352.0 -1804.8
352.0 -1650.0
352.0 -1638.0
352.0 -1720.8
352.0 -1705.2
353.0 -1345.2
353.0 -1579.2
353.0 -1814.4
353.0 -1777.2
354.0 -1699.2
354.0 -1756.8
354.0 -1858.8
354.0 -1765.2
354.0 -1696.8
355.0 -1500.0
355.0 -1773.6
355.0 -1693.2
355.0 -1593.6
355.0 -1753.2
355.0 -1761.6
355.0 -1819.2
356.0 -1730.4
356.0 -1706.4
356.0 -1762.8
356.0 -1762.8
357.0 -1464.0
357.0 -1393.2
357.0 -1646.4
357.0 -1730.4
357.0 -1639.2
357.0 -1756.8
357.0 -1628.4
358.0 -1758.0
358.0 -1698.0
358.0 -1786.8
358.0 -1863.6
358.0 -1740.0
358.0 -1712.4
359.0 -1592.4
359.0 -1766.4
359.0 -1684.8
359.0 -1568.4
360.0 -1660.8
360.0 -1878.0
360.0 -1831.2
361.0 -1761.6
361.0 -1569.6
362.0 -1687.2
362.0 -1706.4
362.0 -1734.0
362.0 -1543.2
363.0 -1534.8
363.0 -1710.0
363.0 -1742.4
363.0 -1651.2
363.0 -1869.6
363.0 -1815.6
364.0 -1770.0
364.0 -1816.8
364.0 -1806.0
365.0 -1750.8
365.0 -1758.0
365.0 -1650.0
366.0 -1867.2
366.0 -1746.0
366.0 -1707.6
366.0 -1636.8
366.0 -1773.6
366.0 -1838.4
367.0 -1495.2
367.0 -1698.0
367.0 -1808.4
367.0 -1737.6
367.0 -1747.2
367.0 -1720.8
367.0 -1785.6
368.0 -1852.8
368.0 -1724.4
368.0 -1798.8
368.0 -1794.0
368.0 -1762.8
368.0 -1707.6
369.0 -1554.0
369.0 -1674.0
369.0 -1776.0
369.0 -1752.0
369.0 -1522.8
369.0 -1802.4
369.0 -1857.6
369.0 -1669.2
369.0 -1801.2
369.0 -1854.0
369.0 -1700.4
369.0 -1694.4
370.0 -1747.2
370.0 -1912.8
370.0 -1779.6
371.0 -1872.0
371.0 -1822.8
371.0 -1624.8
371.0 -1766.4
371.0 -1765.2
371.0 -1809.6
371.0 -1837.2
372.0 -1752.0
372.0 -1599.6
372.0 -1824.0
372.0 -1808.4
372.0 -1848.0
372.0 -1771.2
373.0 -1836.0
373.0 -1845.6
373.0 -1766.4
373.0 -1783.2
373.0 -1693.2
373.0 -1821.6
374.0 -1605.6
374.0 -1854.0
374.0 -1870.8
374.0 -1866.0
374.0 -1784.4
374.0 -1585.2
374.0 -1773.6
374.0 -1836.0
374.0 -1621.2
374.0 -1742.4
375.0 -1818.0
375.0 -1813.2
376.0 -1765.2
376.0 -1898.4
376.0 -1812.0
376.0 -1834.8
376.0 -1892.4
376.0 -1810.8
377.0 -1712.4
377.0 -1724.4
377.0 -1876.8
377.0 -1810.8
377.0 -1768.8
377.0 -1828.8
377.0 -1812.0
378.0 -1843.2
378.0 -1758.0
378.0 -1484.4
378.0 -1910.4
379.0 -1534.8
379.0 -1808.4
379.0 -1894.8
379.0 -1536.0
379.0 -1839.6
380.0 -1774.8
380.0 -1885.2
380.0 -1816.8
380.0 -1732.8
380.0 -1854.0
380.0 -1770.0
380.0 -1843.2
381.0 -1848.0
381.0 -1912.8
381.0 -1834.8
381.0 -1840.8
381.0 -1850.4
381.0 -1891.2
382.0 -1450.8
382.0 -1784.4
382.0 -1522.8
382.0 -1777.2
383.0 -1794.0
383.0 -1765.2
383.0 -1808.4
383.0 -1820.4
383.0 -1874.4
383.0 -1670.4
384.0 -1437.6
384.0 -1815.6
384.0 -1809.6
384.0 -1639.2
384.0 -1836.0
384.0 -1857.6
384.0 -1831.2
384.0 -1940.4
384.0 -1791.6
384.0 -1870.8
384.0 -1881.6
384.0 -1659.6
385.0 -1539.6
385.0 -1884.0
385.0 -1974.0
385.0 -1771.2
385.0 -1897.2
385.0 -1914.0
385.0 -1850.4
385.0 -1861.2
385.0 -1908.0
386.0 -1830.0
386.0 -1899.6
386.0 -1881.6
386.0 -1802.4
386.0 -1844.4
387.0 -1536.0
387.0 -1863.6
387.0 -1798.8
387.0 -1678.8
387.0 -1826.4
387.0 -1878.0
388.0 -1755.6
388.0 -1666.8
388.0 -1802.4
388.0 -1839.6
389.0 -1917.6
389.0 -1932.0
389.0 -1765.2
389.0 -1921.2
389.0 -1920.0
389.0 -1786.8
389.0 -1849.2
390.0 -1659.6
390.0 -1634.4
390.0 -1923.6
390.0 -1838.4
390.0 -1580.4
391.0 -1923.6
391.0 -1854.0
391.0 -1825.2
391.0 -1926.0
391.0 -1827.6
391.0 -1906.8
392.0 -1900.8
392.0 -1834.8
392.0 -1891.2
392.0 -1854.0
392.0 -1897.2
393.0 -1596.0
393.0 -1858.8
393.0 -1888.8
393.0 -1808.4
393.0 -1851.6
393.0 -1861.2
393.0 -1902.0
394.0 -1821.6
394.0 -1837.2
394.0 -1874.4
394.0 -1824.0
394.0 -1932.0
394.0 -1852.8
394.0 -1878.0
394.0 -1881.6
394.0 -1923.6
394.0 -1828.8
395.0 -1880.4
395.0 -1828.8
395.0 -2016.0
395.0 -1897.2
395.0 -1896.0
395.0 -1827.6
396.0 -1867.2
396.0 -1857.6
396.0 -1839.6
396.0 -1959.6
396.0 -1898.4
396.0 -1909.2
396.0 -1914.0
396.0 -1870.8
397.0 -1875.6
397.0 -1802.4
397.0 -1891.2
397.0 -1934.4
397.0 -1844.4
397.0 -1980.0
398.0 -1860.0
398.0 -1909.2
398.0 -1630.8
398.0 -1849.2
398.0 -1868.4
398.0 -1882.8
398.0 -1886.4
399.0 -1676.4
399.0 -1948.8
399.0 -1904.4
399.0 -1926.0
400.0 -1965.6
400.0 -1948.8
400.0 -1971.6
400.0 -1828.8
400.0 -1988.4
400.0 -1891.2
401.0 -1752.0
401.0 -1848.0
401.0 -1915.2
401.0 -1882.8
401.0 -1908.0
401.0 -1858.8
401.0 -1892.4
402.0 -1734.0
402.0 -1894.8
402.0 -1869.6
402.0 -1975.2
402.0 -1926.0
403.0 -1966.8
403.0 -1939.2
403.0 -1909.2
403.0 -1954.8
403.0 -1900.8
403.0 -1918.8
403.0 -1873.2
403.0 -1873.2
403.0 -1896.0
404.0 -1582.8
404.0 -1678.8
404.0 -1989.6
404.0 -1972.8
404.0 -1672.8
404.0 -2043.6
404.0 -1840.8
405.0 -1924.8
405.0 -2014.8
405.0 -1891.2
405.0 -1910.4
405.0 -1888.8
405.0 -1922.4
405.0 -1948.8
405.0 -1881.6
406.0 -1995.6
406.0 -1953.6
406.0 -1969.2
406.0 -1681.2
407.0 -1736.4
407.0 -1827.6
407.0 -1755.6
407.0 -1869.6
407.0 -2058.0
407.0 -1923.6
407.0 -1981.2
407.0 -1940.4
408.0 -1750.8
408.0 -2012.4
408.0 -1983.6
408.0 -1958.4
408.0 -1981.2
408.0 -1810.8
408.0 -1974.0
408.0 -1868.4
408.0 -1897.2
409.0 -2023.2
409.0 -1957.2
409.0 -1936.8
409.0 -1843.2
409.0 -1927.2
409.0 -1938.0
409.0 -1664.4
409.0 -1975.2
409.0 -1958.4
410.0 -1741.2
410.0 -1976.4
410.0 -1869.6
410.0 -1699.2
410.0 -1999.2
411.0 -1792.8
411.0 -1982.4
411.0 -1866.0
411.0 -1891.2
411.0 -1845.6
411.0 -1964.4
411.0 -1941.6
411.0 -1963.2
412.0 -1599.6
412.0 -1870.8
412.0 -2041.2
412.0 -1996.8
412.0 -1990.8
412.0 -1915.2
413.0 -1867.2
413.0 -2005.2
413.0 -1857.6
413.0 -1954.8
414.0 -1875.6
414.0 -1990.8
414.0 -2049.6
415.0 -1944.0
415.0 -1938.0
415.0 -1942.8
415.0 -1693.2
415.0 -1836.0
415.0 -2050.8
416.0 -1672.8
416.0 -1737.6
416.0 -1984.8
416.0 -1891.2
416.0 -1968.0
416.0 -2031.6
416.0 -1960.8
417.0 -2013.6
417.0 -1996.8
417.0 -2023.2
417.0 -2011.2
417.0 -2064.0
417.0 -1754.4
417.0 -1980.0
418.0 -1950.0
418.0 -1983.6
418.0 -2038.8
418.0 -1910.4
418.0 -1981.2
418.0 -1954.8
418.0 -1581.6
418.0 -1738.8
418.0 -1971.6
418.0 -2010.0
418.0 -1862.4
418.0 -1965.6
418.0 -1938.0
419.0 -1683.6
419.0 -2114.4
419.0 -1940.4
419.0 -2040.0
419.0 -1970.4
419.0 -2044.8
419.0 -1976.4
419.0 -2046.0
419.0 -1986.0
419.0 -1989.6
419.0 -1944.0
419.0 -2018.4
420.0 -1972.8
420.0 -2043.6
420.0 -1987.2
420.0 -2046.0
420.0 -1980.0
420.0 -2011.2
421.0 -1713.6
421.0 -2006.4
421.0 -2005.2
421.0 -1914.0
421.0 -1990.8
421.0 -1960.8
421.0 -2029.2
421.0 -1898.4
421.0 -2048.4
421.0 -1915.2
421.0 -1999.2
421.0 -1903.2
422.0 -1970.4
422.0 -1993.2
422.0 -2017.2
422.0 -2077.2
422.0 -1987.2
422.0 -2006.4
422.0 -1994.4
422.0 -1910.4
422.0 -1957.2
422.0 -1995.6
422.0 -1969.2
423.0 -1958.4
423.0 -1647.6
423.0 -1696.8
423.0 -1868.4
423.0 -1988.4
423.0 -1749.6
423.0 -1977.6
423.0 -1940.4
423.0 -2106.0
423.0 -1989.6
423.0 -2032.8
423.0 -1945.2
423.0 -1926.0
423.0 -1828.8
424.0 -2098.8
424.0 -1958.4
424.0 -1958.4
424.0 -1999.2
424.0 -2000.4
424.0 -2049.6
424.0 -2022.0
424.0 -2035.2
425.0 -1905.6
425.0 -2001.6
425.0 -2011.2
425.0 -1699.2
425.0 -2089.2
425.0 -2078.4
425.0 -1969.2
425.0 -2032.8
425.0 -2056.8
425.0 -1994.4
426.0 -1872.0
426.0 -1743.6
426.0 -1827.6
426.0 -2080.8
426.0 -2040.0
426.0 -2103.6
426.0 -2024.4
427.0 -1749.6
427.0 -1764.0
427.0 -2007.6
427.0 -2113.2
427.0 -1963.2
427.0 -1860.0
427.0 -2008.8
427.0 -2002.8
427.0 -2048.4
427.0 -1831.2
427.0 -2061.6
427.0 -1951.2
427.0 -2132.4
428.0 -1809.6
428.0 -1862.4
428.0 -1960.8
428.0 -1972.8
428.0 -1965.6
428.0 -2022.0
428.0 -1992.0
428.0 -2032.8
428.0 -2066.4
428.0 -2067.6
428.0 -1831.2
428.0 -2078.4
429.0 -1870.8
429.0 -2056.8
429.0 -2088.0
429.0 -1960.8
429.0 -2025.6
429.0 -2000.4
429.0 -2049.6
429.0 -2050.8
429.0 -1989.6
429.0 -1942.8
429.0 -2078.4
429.0 -1939.2
430.0 -2008.8
430.0 -2091.6
430.0 -1924.8
430.0 -1850.4
430.0 -2008.8
431.0 -1922.4
431.0 -1772.4
431.0 -2098.8
431.0 -2023.2
431.0 -2108.4
431.0 -2050.8
431.0 -1970.4
431.0 -2108.4
431.0 -2047.2
431.0 -2090.4
431.0 -1725.6
432.0 -1788.0
432.0 -2005.2
432.0 -2106.0
432.0 -2041.2
432.0 -1737.6
432.0 -1876.8
432.0 -1888.8
432.0 -2096.4
432.0 -1918.8
432.0 -1988.4
432.0 -1993.2
432.0 -2058.0
432.0 -1964.4
433.0 -2073.6
433.0 -2086.8
433.0 -2053.2
433.0 -1914.0
433.0 -2098.8
433.0 -1944.0
433.0 -2124.0
433.0 -2013.6
433.0 -1708.8
433.0 -2034.0
434.0 -2154.0
434.0 -1796.4
434.0 -1711.2
434.0 -1670.4
434.0 -1868.4
434.0 -1987.2
434.0 -2041.2
434.0 -2032.8
434.0 -1783.2
434.0 -1958.4
435.0 -1934.4
435.0 -2025.6
435.0 -2074.8
435.0 -2133.6
435.0 -2149.2
435.0 -2043.6
435.0 -2077.2
435.0 -2134.8
435.0 -2080.8
435.0 -2029.2
435.0 -1960.8
435.0 -2036.4
436.0 -1777.2
436.0 -1855.2
436.0 -2053.2
436.0 -2180.4
436.0 -2092.8
436.0 -2066.4
437.0 -1854.0
437.0 -1761.6
437.0 -2132.4
437.0 -2139.6
437.0 -1732.8
437.0 -2072.4
437.0 -2020.8
438.0 -2000.4
438.0 -2064.0
438.0 -2085.6
438.0 -1818.0
438.0 -2062.8
439.0 -2080.8
439.0 -2053.2
439.0 -1980.0
439.0 -2040.0
439.0 -2089.2
439.0 -2024.4
439.0 -2126.4
440.0 -1735.2
440.0 -2180.4
440.0 -2110.8
440.0 -2031.6
440.0 -2154.0
441.0 -1767.6
441.0 -2047.2
441.0 -2079.6
441.0 -2085.6
441.0 -2042.4
441.0 -1983.6
441.0 -2068.8
442.0 -1866.0
442.0 -2112.0
442.0 -2002.8
442.0 -2101.2
442.0 -1671.6
442.0 -2019.6
443.0 -2068.8
443.0 -1873.2
443.0 -1934.4
443.0 -1729.2
443.0 -2092.8
443.0 -2104.8
443.0 -2042.4
443.0 -2120.4
443.0 -2130.0
443.0 -1735.2
443.0 -2022.0
443.0 -2125.2
443.0 -2043.6
444.0 -1892.4
444.0 -1760.4
444.0 -2144.4
444.0 -2108.4
444.0 -2126.4
444.0 -2163.6
444.0 -1771.2
444.0 -1960.8
444.0 -2090.4
444.0 -2000.4
444.0 -2077.2
444.0 -1934.4
444.0 -1994.4
445.0 -2152.8
445.0 -2080.8
445.0 -2066.4
446.0 -1970.4
446.0 -1860.0
446.0 -1824.0
446.0 -1975.2
446.0 -2145.6
446.0 -1993.2
447.0 -2036.4
447.0 -2164.8
447.0 -2037.6
447.0 -1941.6
447.0 -2200.8
447.0 -2071.2
447.0 -2050.8
447.0 -1884.0
447.0 -1761.6
448.0 -2130.0
448.0 -1714.8
448.0 -1856.4
448.0 -2079.6
448.0 -2138.4
448.0 -2120.4
448.0 -2124.0
448.0 -2180.4
448.0 -2122.8
448.0 -2139.6
449.0 -1854.0
449.0 -2132.4
449.0 -2181.6
449.0 -2138.4
449.0 -2145.6
449.0 -1897.2
449.0 -2187.6
449.0 -2203.2
449.0 -2042.4
450.0 -1879.2
450.0 -2092.8
450.0 -2041.2
450.0 -2185.2
450.0 -2205.6
450.0 -1869.6
450.0 -1990.8
450.0 -1941.6
450.0 -2178.0
450.0 -2030.4
450.0 -1828.8
450.0 -2031.6
450.0 -2149.2
451.0 -1866.0
451.0 -2143.2
451.0 -2080.8
451.0 -1902.0
451.0 -2241.6
451.0 -2131.2
451.0 -1970.4
451.0 -2058.0
451.0 -2125.2
451.0 -2047.2
452.0 -2214.0
452.0 -2157.6
452.0 -2092.8
452.0 -2073.6
452.0 -2134.8
452.0 -2208.0
452.0 -2220.0
452.0 -2078.4
452.0 -2090.4
453.0 -2065.2
453.0 -2197.2
453.0 -2078.4
453.0 -2146.8
453.0 -2149.2
453.0 -2184.0
453.0 -2124.0
453.0 -2114.4
453.0 -2004.0
453.0 -2005.2
454.0 -2205.6
454.0 -2228.4
454.0 -2071.2
454.0 -2174.4
454.0 -2150.4
454.0 -2023.2
455.0 -1882.8
455.0 -2100.0
455.0 -2211.6
455.0 -2173.2
455.0 -2175.6
456.0 -1891.2
456.0 -2211.6
456.0 -2176.8
456.0 -1855.2
456.0 -1975.2
456.0 -1785.6
456.0 -2091.6
456.0 -2124.0
456.0 -2048.4
456.0 -1982.4
457.0 -2097.6
457.0 -2048.4
457.0 -2077.2
457.0 -2151.6
457.0 -2170.8
457.0 -2151.6
458.0 -2221.2
458.0 -2079.6
458.0 -1969.2
458.0 -2155.2
458.0 -2126.4
458.0 -2060.4
458.0 -2062.8
458.0 -1976.4
458.0 -2170.8
459.0 -2132.4
459.0 -1918.8
459.0 -2116.8
459.0 -2169.6
459.0 -2169.6
459.0 -1976.4
459.0 -2192.4
459.0 -2194.8
459.0 -2148.0
459.0 -2149.2
460.0 -2271.6
460.0 -2170.8
460.0 -2142.0
460.0 -1776.0
460.0 -1912.8
460.0 -2170.8
460.0 -2169.6
461.0 -2092.8
461.0 -2229.6
461.0 -1940.4
461.0 -2148.0
461.0 -2248.8
461.0 -2176.8
461.0 -2181.6
462.0 -2241.6
462.0 -1838.4
462.0 -2211.6
462.0 -2156.4
462.0 -1896.0
462.0 -1868.4
462.0 -2230.8
462.0 -2216.4
462.0 -2168.4
462.0 -2056.8
463.0 -2095.2
463.0 -2164.8
463.0 -2170.8
463.0 -2174.4
463.0 -2118.0
463.0 -1928.4
463.0 -2205.6
463.0 -2043.6
463.0 -2128.8
463.0 -2197.2
463.0 -2158.8
464.0 -2162.4
464.0 -2193.6
464.0 -2162.4
464.0 -2223.6
464.0 -2184.0
464.0 -2085.6
464.0 -2247.6
465.0 -1992.0
465.0 -1933.2
465.0 -2124.0
465.0 -2191.2
465.0 -2100.0
465.0 -1892.4
465.0 -1873.2
465.0 -1988.4
465.0 -2132.4
465.0 -2084.4
465.0 -2128.8
466.0 -2236.8
466.0 -2197.2
466.0 -2194.8
466.0 -2258.4
466.0 -2163.6
466.0 -2185.2
466.0 -2095.2
467.0 -2215.2
467.0 -1890.0
467.0 -2199.6
467.0 -2199.6
467.0 -2211.6
467.0 -2234.4
468.0 -1930.8
468.0 -1945.2
468.0 -1924.8
468.0 -1822.8
468.0 -2224.8
468.0 -2236.8
468.0 -2199.6
468.0 -1974.0
468.0 -1782.0
468.0 -2210.4
468.0 -2163.6
468.0 -2197.2
468.0 -2098.8
468.0 -2284.8
468.0 -2256.0
468.0 -2146.8
468.0 -2134.8
469.0 -2163.6
469.0 -1946.4
469.0 -2155.2
469.0 -2149.2
469.0 -2240.4
469.0 -2289.6
469.0 -2112.0
469.0 -2058.0
469.0 -2114.4
470.0 -2226.0
470.0 -2293.2
470.0 -2241.6
470.0 -2041.2
470.0 -2196.0
470.0 -2226.0
470.0 -2126.4
470.0 -2150.4
470.0 -2215.2
471.0 -2248.8
471.0 -1933.2
471.0 -2208.0
471.0 -2090.4
471.0 -2222.4
471.0 -2284.8
471.0 -2052.0
472.0 -2317.2
472.0 -2286.0
472.0 -2229.6
472.0 -2287.2
472.0 -2266.8
472.0 -2164.8
472.0 -2134.8
472.0 -2132.4
473.0 -2252.4
473.0 -2230.8
473.0 -2205.6
473.0 -2132.4
473.0 -2173.2
473.0 -2334.0
473.0 -2205.6
473.0 -2248.8
473.0 -2211.6
473.0 -2128.8
473.0 -2224.8
474.0 -2053.2
474.0 -2041.2
474.0 -2198.4
474.0 -1878.0
474.0 -1999.2
474.0 -2287.2
474.0 -2262.0
474.0 -2233.2
474.0 -2268.0
474.0 -2259.6
474.0 -2191.2
474.0 -2149.2
474.0 -2170.8
474.0 -2142.0
474.0 -2288.4
474.0 -2107.2
474.0 -2110.8
474.0 -2170.8
475.0 -1900.8
475.0 -2191.2
475.0 -2180.4
475.0 -2205.6
475.0 -2041.2
475.0 -2131.2
475.0 -2245.2
476.0 -2241.6
476.0 -2314.8
476.0 -2060.4
477.0 -2300.4
477.0 -2235.6
477.0 -1924.8
477.0 -2214.0
478.0 -2172.0
478.0 -2296.8
478.0 -2209.2
478.0 -2185.2
479.0 -1867.2
479.0 -2282.4
480.0 -2205.6
480.0 -1969.2
480.0 -2313.6
480.0 -2276.4
480.0 -2049.6
480.0 -1854.0
480.0 -2160.0
480.0 -2236.8
480.0 -2067.6
480.0 -2210.4
481.0 -2108.4
481.0 -2317.2
481.0 -2181.6
481.0 -2340.0
481.0 -1903.2
481.0 -2012.4
481.0 -2241.6
481.0 -2215.2
481.0 -2230.8
482.0 -2235.6
482.0 -1939.2
482.0 -2366.4
482.0 -2298.0
482.0 -2300.4
482.0 -1867.2
482.0 -2086.8
482.0 -2184.0
482.0 -2302.8
482.0 -2234.4
482.0 -2247.6
482.0 -2234.4
483.0 -2116.8
483.0 -2246.4
483.0 -2091.6
483.0 -1944.0
483.0 -2182.8
483.0 -1916.4
483.0 -2244.0
483.0 -2209.2
484.0 -2276.4
484.0 -2238.0
484.0 -2271.6
484.0 -2308.8
484.0 -2172.0
484.0 -2280.0
484.0 -2257.2
484.0 -2289.6
484.0 -2156.4
484.0 -2278.8
485.0 -2254.8
485.0 -2042.4
485.0 -1974.0
485.0 -2187.6
485.0 -1953.6
485.0 -2245.2
485.0 -2254.8
485.0 -2343.6
485.0 -2264.4
486.0 -2196.0
486.0 -2132.4
486.0 -1970.4
486.0 -1875.6
486.0 -2355.6
486.0 -2280.0
486.0 -2194.8
486.0 -2140.8
486.0 -2257.2
487.0 -2259.6
487.0 -2294.4
487.0 -2186.4
487.0 -2299.2
487.0 -2244.0
487.0 -2126.4
488.0 -2395.2
488.0 -2131.2
488.0 -2124.0
488.0 -2221.2
488.0 -2227.2
488.0 -2280.0
488.0 -2260.8
488.0 -2234.4
488.0 -2232.0
488.0 -2250.0
488.0 -2238.0
489.0 -2293.2
489.0 -1570.8
489.0 -2314.8
489.0 -2280.0
489.0 -2145.6
489.0 -2149.2
489.0 -2324.4
489.0 -2214.0
489.0 -2258.4
489.0 -2188.8
490.0 -2170.8
490.0 -2250.0
490.0 -2128.8
490.0 -2020.8
490.0 -2006.4
490.0 -2172.0
490.0 -2331.6
491.0 -2344.8
491.0 -2338.8
491.0 -2126.4
491.0 -2342.4
491.0 -2372.4
491.0 -2398.8
491.0 -2323.2
491.0 -2203.2
491.0 -2368.8
491.0 -2286.0
492.0 -2346.0
492.0 -1981.2
492.0 -2001.6
492.0 -2262.0
492.0 -2096.4
492.0 -2050.8
492.0 -2191.2
492.0 -2341.2
493.0 -2406.0
493.0 -2020.8
493.0 -2002.8
493.0 -2312.4
493.0 -2234.4
493.0 -2362.8
493.0 -2251.2
493.0 -2017.2
493.0 -2329.2
493.0 -2310.0
494.0 -2114.4
494.0 -2091.6
494.0 -2395.2
494.0 -2228.4
494.0 -2276.4
495.0 -2362.8
495.0 -2436.0
495.0 -2102.4
495.0 -2301.6
495.0 -1867.2
495.0 -2352.0
495.0 -2424.0
495.0 -2412.0
495.0 -2226.0
495.0 -2247.6
495.0 -2214.0
495.0 -2214.0
496.0 -2366.4
496.0 -2000.4
496.0 -2272.8
496.0 -2338.8
496.0 -2125.2
496.0 -2230.8
496.0 -2335.2
497.0 -2361.6
497.0 -2398.8
497.0 -2308.8
497.0 -2289.6
497.0 -2144.4
497.0 -2126.4
497.0 -2274.0
497.0 -2310.0
497.0 -2262.0
497.0 -2247.6
497.0 -2235.6
498.0 -1908.0
498.0 -2289.6
498.0 -1976.4
498.0 -2248.8
498.0 -2354.4
498.0 -2266.8
499.0 -2218.8
499.0 -2258.4
499.0 -2064.0
499.0 -2086.8
499.0 -2311.2
499.0 -2352.0
499.0 -2422.8
499.0 -2364.0
499.0 -2380.8
499.0 -2221.2
500.0 -2005.2
500.0 -2332.8
500.0 -2280.0
500.0 -2212.8
500.0 -2247.6
500.0 -2331.6
500.0 -2300.4
500.0 -2340.0
500.0 -2193.6
500.0 -2151.6
500.0 -2296.8
500.0 -2317.2
501.0 -2428.8
501.0 -2191.2
501.0 -2282.4
501.0 -2366.4
501.0 -2311.2
501.0 -2227.2
501.0 -2066.4
501.0 -2283.6
502.0 -2311.2
502.0 -2356.8
502.0 -2305.2
502.0 -2296.8
502.0 -2222.4
503.0 -2444.4
503.0 -1971.6
503.0 -2114.4
503.0 -2368.8
503.0 -2157.6
503.0 -2142.0
503.0 -2328.0
503.0 -2264.4
504.0 -2276.4
504.0 -1845.6
504.0 -2420.4
504.0 -2419.2
505.0 -2107.2
505.0 -2296.8
505.0 -2179.2
505.0 -2380.8
505.0 -2156.4
505.0 -2269.2
505.0 -2402.4
505.0 -2461.2
505.0 -2362.8
505.0 -2257.2
505.0 -2324.4
506.0 -2370.0
506.0 -2442.0
506.0 -2448.0
506.0 -2389.2
506.0 -2071.2
506.0 -2373.6
506.0 -2349.6
506.0 -2358.0
506.0 -2262.0
507.0 -2421.6
507.0 -2377.2
507.0 -2414.4
507.0 -2200.8
507.0 -2228.4
507.0 -2008.8
507.0 -2403.6
507.0 -2462.4
507.0 -2329.2
507.0 -2193.6
507.0 -2306.4
508.0 -1996.8
508.0 -2451.6
508.0 -2221.2
508.0 -2355.6
508.0 -2467.2
508.0 -2328.0
508.0 -2384.4
508.0 -2245.2
508.0 -2386.8
508.0 -2362.8
508.0 -2337.6
508.0 -2316.0
509.0 -2346.0
509.0 -2241.6
509.0 -2210.4
509.0 -2193.6
509.0 -1944.0
509.0 -2217.6
509.0 -2416.8
509.0 -2077.2
509.0 -2128.8
509.0 -2355.6
509.0 -2374.8
510.0 -2416.8
510.0 -2436.0
510.0 -2323.2
510.0 -2365.2
510.0 -2067.6
510.0 -2451.6
510.0 -2449.2
510.0 -2468.4
510.0 -1887.6
510.0 -2305.2
510.0 -2208.0
511.0 -2119.2
511.0 -2178.0
511.0 -2390.4
511.0 -2125.2
511.0 -2361.6
511.0 -2317.2
512.0 -2266.8
512.0 -2343.6
512.0 -2361.6
512.0 -2372.4
512.0 -1944.0
512.0 -2355.6
512.0 -2428.8
512.0 -2354.4
512.0 -2380.8
512.0 -2371.2
512.0 -2416.8
512.0 -2373.6
513.0 -2431.2
513.0 -2112.0
513.0 -2028.0
513.0 -2137.2
513.0 -2361.6
513.0 -2251.2
513.0 -2443.2
514.0 -2307.6
514.0 -2175.6
514.0 -2450.4
514.0 -2437.2
514.0 -2038.8
514.0 -2218.8
514.0 -2314.8
514.0 -2433.6
514.0 -2463.6
514.0 -2301.6
514.0 -2353.2
514.0 -2402.4
515.0 -2343.6
515.0 -2175.6
515.0 -2358.0
515.0 -2474.4
515.0 -2358.0
516.0 -2126.4
516.0 -2426.4
516.0 -2468.4
516.0 -2415.6
516.0 -2437.2
516.0 -2328.0
517.0 -2391.6
517.0 -2383.2
517.0 -2445.6
517.0 -2468.4
517.0 -2450.4
517.0 -2422.8
517.0 -2499.6
517.0 -2432.4
518.0 -2434.8
518.0 -2377.2
518.0 -2362.8
518.0 -2424.0
519.0 -2481.6
519.0 -2353.2
519.0 -2486.4
519.0 -2433.6
519.0 -2404.8
519.0 -2139.6
519.0 -2442.0
519.0 -2094.0
519.0 -2442.0
519.0 -2498.4
519.0 -2353.2
519.0 -2384.4
520.0 -2468.4
520.0 -2428.8
520.0 -2308.8
520.0 -2301.6
520.0 -2337.6
520.0 -2422.8
521.0 -2481.6
521.0 -2490.0
521.0 -2370.0
521.0 -2359.2
521.0 -2040.0
521.0 -2092.8
521.0 -2524.8
521.0 -2384.4
521.0 -2265.6
521.0 -2492.4
521.0 -2445.6
521.0 -2462.4
522.0 -2432.4
522.0 -2308.8
522.0 -2106.0
522.0 -2430.0
522.0 -2542.8
522.0 -2509.2
522.0 -2437.2
522.0 -2162.4
522.0 -2326.8
522.0 -2263.2
523.0 -2506.8
523.0 -2452.8
523.0 -2541.6
523.0 -2245.2
523.0 -2470.8
523.0 -2401.2
523.0 -2298.0
523.0 -2491.2
523.0 -2325.6
523.0 -2451.6
524.0 -2462.4
524.0 -2479.2
524.0 -2356.8
524.0 -2372.4
525.0 -2457.6
525.0 -2536.8
525.0 -2412.0
525.0 -2424.0
525.0 -2391.6
525.0 -2463.6
525.0 -2197.2
525.0 -2460.0
525.0 -2476.8
525.0 -2456.4
525.0 -2385.6
525.0 -2462.4
526.0 -2424.0
526.0 -2451.6
526.0 -2427.6
526.0 -2194.8
526.0 -2202.0
526.0 -2446.8
526.0 -2485.2
526.0 -2378.4
526.0 -2348.4
526.0 -2520.0
526.0 -2187.6
526.0 -2366.4
526.0 -2458.8
527.0 -2482.8
527.0 -2413.2
527.0 -2358.0
527.0 -2434.8
528.0 -2554.8
528.0 -2378.4
528.0 -2538.0
528.0 -2572.8
528.0 -2202.0
528.0 -2476.8
528.0 -2155.2
528.0 -2552.4
528.0 -2467.2
528.0 -2506.8
528.0 -2398.8
529.0 -2491.2
529.0 -2470.8
529.0 -2208.0
529.0 -2572.8
529.0 -2091.6
530.0 -2168.4
530.0 -2436.0
530.0 -2210.4
530.0 -2505.6
530.0 -2425.2
530.0 -2517.6
530.0 -2475.6
530.0 -2498.4
530.0 -2296.8
530.0 -2515.2
530.0 -2338.8
531.0 -2545.2
531.0 -2469.6
531.0 -2545.2
531.0 -2275.2
531.0 -2236.8
531.0 -2218.8
531.0 -2449.2
531.0 -2432.4
531.0 -2527.2
531.0 -2512.8
531.0 -2464.8
531.0 -2499.6
531.0 -2482.8
531.0 -2592.0
532.0 -2527.2
532.0 -2562.0
532.0 -2372.4
533.0 -2233.2
533.0 -2408.4
533.0 -2474.4
533.0 -2420.4
533.0 -2458.8
533.0 -2365.2
534.0 -2278.8
534.0 -2445.6
534.0 -2535.6
534.0 -2529.6
534.0 -2428.8
534.0 -2466.0
534.0 -2454.0
534.0 -2498.4
535.0 -2432.4
535.0 -2468.4
535.0 -2365.2
535.0 -2108.4
535.0 -2337.6
535.0 -2454.0
535.0 -2557.2
535.0 -2518.8
535.0 -2498.4
536.0 -2250.0
536.0 -2300.4
536.0 -2559.6
536.0 -2515.2
536.0 -2420.4
536.0 -2143.2
537.0 -2295.6
537.0 -2587.2
537.0 -2218.8
537.0 -2430.0
537.0 -2584.8
537.0 -2455.2
537.0 -2434.8
538.0 -2616.0
538.0 -2556.0
538.0 -2202.0
538.0 -2085.6
538.0 -2479.2
538.0 -2342.4
538.0 -2116.8
538.0 -2526.0
538.0 -2582.4
538.0 -2554.8
538.0 -2442.0
539.0 -2492.4
539.0 -2544.0
539.0 -2503.2
539.0 -2554.8
539.0 -2108.4
539.0 -2527.2
540.0 -2126.4
540.0 -2216.4
540.0 -2565.6
540.0 -2104.8
540.0 -2131.2
540.0 -2077.2
540.0 -2486.4
540.0 -2468.4
541.0 -2110.8
541.0 -2613.6
541.0 -2593.2
541.0 -2584.8
541.0 -2452.8
541.0 -2589.6
541.0 -2628.0
541.0 -2478.0
541.0 -2511.6
541.0 -2313.6
542.0 -2540.4
542.0 -2559.6
542.0 -2544.0
542.0 -2318.4
542.0 -2580.0
543.0 -2655.6
543.0 -2548.8
543.0 -2041.2
543.0 -2538.0
543.0 -2628.0
543.0 -2528.4
543.0 -2548.8
543.0 -2580.0
544.0 -2463.6
544.0 -2611.2
544.0 -2535.6
544.0 -2224.8
544.0 -2569.2
544.0 -2658.0
544.0 -2276.4
544.0 -2079.6
544.0 -2156.4
544.0 -2514.0
545.0 -2265.6
545.0 -2497.2
545.0 -2527.2
545.0 -2565.6
545.0 -2632.8
545.0 -2595.6
545.0 -2131.2
545.0 -2136.0
545.0 -2485.2
545.0 -2560.8
545.0 -2456.4
545.0 -2535.6
546.0 -2386.8
546.0 -2146.8
546.0 -2606.4
546.0 -2582.4
546.0 -2295.6
546.0 -2620.8
546.0 -2526.0
546.0 -2554.8
547.0 -2401.2
547.0 -2685.6
547.0 -2625.6
547.0 -2623.2
547.0 -1813.2
547.0 -2496.0
547.0 -2503.2
547.0 -2584.8
547.0 -2535.6
547.0 -2530.8
547.0 -2396.4
548.0 -2353.2
548.0 -2563.2
548.0 -2506.8
548.0 -2239.2
548.0 -2494.8
548.0 -2522.4
548.0 -2542.8
548.0 -2562.0
549.0 -2568.0
549.0 -2659.2
549.0 -2246.4
549.0 -1981.2
549.0 -2124.0
549.0 -2158.8
549.0 -2130.0
549.0 -2599.2
549.0 -2445.6
549.0 -2560.8
549.0 -2588.4
549.0 -2473.2
550.0 -1978.8
550.0 -2173.2
550.0 -2620.8
550.0 -2601.6
550.0 -2498.4
550.0 -2517.6
550.0 -2622.0
550.0 -2670.0
550.0 -2562.0
551.0 -2132.4
551.0 -2324.4
551.0 -2638.8
551.0 -2582.4
551.0 -2648.4
551.0 -2695.2
551.0 -2584.8
551.0 -2518.8
551.0 -2480.4
551.0 -2593.2
551.0 -2577.6
551.0 -2491.2
551.0 -2613.6
551.0 -2653.2
551.0 -2635.2
552.0 -2362.8
552.0 -2487.6
552.0 -2630.4
552.0 -2593.2
552.0 -2575.2
552.0 -2626.8
552.0 -2256.0
552.0 -2208.0
552.0 -2613.6
553.0 -2230.8
553.0 -2578.8
553.0 -2624.4
553.0 -2688.0
553.0 -2473.2
553.0 -2222.4
553.0 -2608.8
553.0 -2282.4
553.0 -2203.2
553.0 -2522.4
553.0 -2439.6
553.0 -2662.8
553.0 -2650.8
554.0 -2245.2
554.0 -2496.0
554.0 -2734.8
554.0 -2522.4
554.0 -2636.4
554.0 -2632.8
554.0 -2362.8
554.0 -2157.6
554.0 -2186.4
554.0 -2553.6
554.0 -2650.8
554.0 -2642.4
554.0 -2478.0
554.0 -2580.0
554.0 -2624.4
554.0 -2434.8
554.0 -2602.8
554.0 -2571.6
554.0 -2614.8
555.0 -2190.0
555.0 -2286.0
555.0 -2227.2
555.0 -2564.4
555.0 -2594.4
555.0 -2162.4
555.0 -2510.4
555.0 -2620.8
555.0 -2703.6
556.0 -2631.6
556.0 -2674.8
556.0 -2558.4
556.0 -2680.8
556.0 -2553.6
556.0 -2666.4
556.0 -2547.6
556.0 -2462.4
556.0 -2268.0
556.0 -2430.0
556.0 -2295.6
556.0 -2265.6
556.0 -2583.6
556.0 -2529.6
556.0 -2673.6
556.0 -2554.8
556.0 -2491.2
556.0 -2548.8
557.0 -2391.6
557.0 -2583.6
557.0 -2664.0
557.0 -2655.6
557.0 -2604.0
557.0 -2541.6
557.0 -2652.0
557.0 -2482.8
557.0 -2510.4
558.0 -2311.2
558.0 -2091.6
558.0 -2667.6
558.0 -2690.4
558.0 -1922.4
558.0 -2667.6
558.0 -2558.4
558.0 -2666.4
558.0 -2374.8
558.0 -2168.4
558.0 -2590.8
558.0 -2467.2
558.0 -2616.0
558.0 -2566.8
558.0 -2624.4
559.0 -2715.6
559.0 -2744.4
559.0 -2703.6
559.0 -2631.6
559.0 -2653.2
559.0 -2766.0
559.0 -2642.4
559.0 -2607.6
559.0 -2737.2
559.0 -2588.4
559.0 -2190.0
559.0 -2234.4
559.0 -2454.0
559.0 -2008.8
559.0 -2667.6
560.0 -2433.6
560.0 -2408.4
560.0 -2618.4
560.0 -2647.2
560.0 -2655.6
560.0 -2593.2
560.0 -2661.6
560.0 -2594.4
560.0 -2310.0
560.0 -2582.4
560.0 -2696.4
560.0 -2568.0
560.0 -2619.6
560.0 -2424.0
561.0 -2581.2
561.0 -2691.6
561.0 -2588.4
561.0 -2749.2
561.0 -2607.6
561.0 -2623.2
561.0 -2661.6
561.0 -2505.6
561.0 -2275.2
561.0 -2107.2
561.0 -2517.6
561.0 -2636.4
561.0 -2478.0
562.0 -2784.0
562.0 -2724.0
562.0 -2488.8
562.0 -2674.8
562.0 -2736.0
562.0 -2164.8
562.0 -2359.2
562.0 -2330.4
562.0 -2158.8
562.0 -2148.0
562.0 -2305.2
562.0 -2602.8
562.0 -2678.4
563.0 -2293.2
563.0 -2376.0
563.0 -2682.0
563.0 -2660.4
563.0 -2668.8
563.0 -2623.2
563.0 -2640.0
563.0 -2677.2
563.0 -2625.6
563.0 -2706.0
563.0 -2656.8
563.0 -2516.4
564.0 -2661.6
564.0 -2469.6
564.0 -2622.0
564.0 -2658.0
564.0 -2461.2
564.0 -2594.4
564.0 -2794.8
564.0 -2652.0
564.0 -2532.0
564.0 -2509.2
564.0 -2724.0
565.0 -2634.0
565.0 -2443.2
565.0 -2710.8
565.0 -2590.8
565.0 -2474.4
565.0 -2689.2
566.0 -2665.2
566.0 -2625.6
566.0 -2772.0
566.0 -2716.8
566.0 -2644.8
566.0 -2643.6
566.0 -2648.4
566.0 -2656.8
566.0 -2468.4
566.0 -2648.4
566.0 -2608.8
566.0 -2772.0
566.0 -2607.6
567.0 -2391.6
567.0 -2719.2
567.0 -2744.4
567.0 -2776.8
567.0 -2776.8
567.0 -2689.2
567.0 -2682.0
567.0 -2689.2
567.0 -2421.6
567.0 -2336.4
567.0 -2598.0
567.0 -2594.4
567.0 -2592.0
567.0 -2691.6
567.0 -2643.6
568.0 -2716.8
568.0 -2758.8
568.0 -2649.6
568.0 -2713.2
568.0 -2649.6
568.0 -2648.4
568.0 -2720.4
568.0 -2691.6
568.0 -2523.6
568.0 -2718.0
568.0 -2642.4
568.0 -2733.6
568.0 -2594.4
569.0 -2454.0
569.0 -2743.2
569.0 -2618.4
569.0 -2806.8
569.0 -2757.6
569.0 -2497.2
569.0 -2679.6
569.0 -2685.6
569.0 -2743.2
569.0 -2672.4
569.0 -2230.8
569.0 -2353.2
569.0 -2661.6
569.0 -2612.4
569.0 -2684.4
569.0 -2619.6
569.0 -2761.2
569.0 -2746.8
569.0 -2670.0
569.0 -2714.4
569.0 -2786.4
570.0 -2646.0
570.0 -2716.8
570.0 -2637.6
570.0 -2732.4
570.0 -2630.4
570.0 -2679.6
570.0 -2642.4
571.0 -2340.0
571.0 -2767.2
571.0 -2750.4
571.0 -2710.8
571.0 -2690.4
571.0 -2678.4
572.0 -2560.8
572.0 -2679.6
572.0 -2598.0
572.0 -2616.0
572.0 -2667.6
572.0 -2625.6
572.0 -2517.6
572.0 -2768.4
572.0 -2636.4
572.0 -2770.8
573.0 -2413.2
573.0 -2821.2
573.0 -2652.0
573.0 -2782.8
573.0 -2796.0
573.0 -2617.2
573.0 -2697.6
573.0 -2767.2
573.0 -2751.6
573.0 -2750.4
573.0 -2386.8
573.0 -2716.8
573.0 -2679.6
574.0 -2719.2
574.0 -2817.6
574.0 -2722.8
574.0 -2623.2
574.0 -2676.0
574.0 -2664.0
574.0 -2628.0
574.0 -2570.4
574.0 -2751.6
574.0 -2450.4
574.0 -2770.8
574.0 -2794.8
575.0 -2516.4
575.0 -2366.4
575.0 -2791.2
575.0 -2781.6
575.0 -2814.0
575.0 -2445.6
575.0 -2682.0
575.0 -2646.0
575.0 -2672.4
575.0 -2260.8
575.0 -2763.6
575.0 -2581.2
575.0 -2734.8
575.0 -2598.0
576.0 -2805.6
576.0 -2581.2
576.0 -2608.8
576.0 -2788.8
576.0 -2802.0
576.0 -2720.4
576.0 -2736.0
576.0 -2389.2
576.0 -2707.2
576.0 -2682.0
577.0 -2566.8
577.0 -2382.0
577.0 -2299.2
577.0 -2248.8
577.0 -2612.4
577.0 -2533.2
577.0 -2602.8
577.0 -2719.2
577.0 -2782.8
577.0 -1946.4
577.0 -2743.2
577.0 -2286.0
577.0 -2238.0
577.0 -2761.2
577.0 -2652.0
577.0 -2743.2
577.0 -2556.0
578.0 -2289.6
578.0 -2487.6
578.0 -2506.8
578.0 -2788.8
578.0 -2743.2
578.0 -2779.2
578.0 -2792.4
578.0 -2668.8
578.0 -2830.8
578.0 -2756.4
578.0 -2720.4
578.0 -2787.6
578.0 -2432.4
578.0 -2722.8
578.0 -2652.0
578.0 -2337.6
578.0 -2290.8
578.0 -2758.8
578.0 -2672.4
578.0 -2607.6
579.0 -2361.6
579.0 -2760.0
579.0 -2620.8
579.0 -2764.8
579.0 -2612.4
579.0 -2652.0
579.0 -2841.6
579.0 -2377.2
579.0 -2587.2
579.0 -2626.8
579.0 -2730.0
580.0 -2458.8
580.0 -2788.8
580.0 -2774.4
580.0 -2672.4
580.0 -2757.6
580.0 -2530.8
580.0 -2800.8
580.0 -2607.6
580.0 -2720.4
580.0 -2785.2
580.0 -2781.6
580.0 -2768.4
580.0 -2385.6
580.0 -2408.4
580.0 -2458.8
580.0 -2379.6
580.0 -2716.8
580.0 -2652.0
581.0 -2569.2
581.0 -2496.0
581.0 -2268.0
581.0 -2784.0
581.0 -2768.4
581.0 -2866.8
581.0 -2656.8
581.0 -2658.0
581.0 -2656.8
582.0 -2281.2
582.0 -2548.8
582.0 -2493.6
582.0 -2851.2
582.0 -2872.8
582.0 -2724.0
582.0 -2794.8
582.0 -2658.0
583.0 -2805.6
583.0 -2762.4
583.0 -2784.0
583.0 -2802.0
583.0 -2769.6
583.0 -2809.2
583.0 -2676.0
583.0 -2708.4
583.0 -2320.8
583.0 -2622.0
583.0 -2784.0
583.0 -2676.0
584.0 -2355.6
584.0 -2630.4
584.0 -2722.8
584.0 -2853.6
584.0 -2716.8
584.0 -2367.6
584.0 -2679.6
584.0 -2754.0
585.0 -2347.2
585.0 -2433.6
585.0 -2408.4
585.0 -2767.2
585.0 -2800.8
585.0 -2746.8
585.0 -2733.6
585.0 -2851.2
585.0 -2846.4
585.0 -2764.8
585.0 -2790.0
585.0 -2367.6
585.0 -2323.2
585.0 -2809.2
585.0 -2738.4
585.0 -2691.6
585.0 -2809.2
586.0 -2594.4
586.0 -2416.8
586.0 -2556.0
586.0 -2667.6
586.0 -2720.4
586.0 -2786.4
586.0 -2828.4
586.0 -2671.2
586.0 -2446.8
586.0 -2773.2
586.0 -2733.6
587.0 -2281.2
587.0 -2746.8
587.0 -2751.6
587.0 -2810.4
587.0 -2680.8
587.0 -2781.6
587.0 -2835.6
587.0 -2817.6
587.0 -2703.6
587.0 -2862.0
587.0 -2802.0
587.0 -2528.4
587.0 -2692.8
587.0 -2740.8
587.0 -2866.8
588.0 -2348.4
588.0 -2836.8
588.0 -2876.4
588.0 -2632.8
588.0 -2701.2
588.0 -2714.4
588.0 -2766.0
588.0 -2748.0
588.0 -2779.2
588.0 -2692.8
588.0 -2509.2
588.0 -2355.6
588.0 -2748.0
588.0 -2762.4
589.0 -2714.4
589.0 -2840.4
589.0 -2850.0
589.0 -2752.8
589.0 -2784.0
589.0 -2862.0
589.0 -2662.8
589.0 -2721.6
589.0 -2706.0
589.0 -2736.0
589.0 -2852.4
589.0 -2839.2
589.0 -2670.0
590.0 -2402.4
590.0 -2824.8
590.0 -2679.6
590.0 -2784.0
590.0 -2856.0
590.0 -2734.8
590.0 -2733.6
590.0 -2881.2
590.0 -2426.4
590.0 -2678.4
590.0 -2811.6
590.0 -2815.2
590.0 -2906.4
590.0 -2650.8
591.0 -2432.4
591.0 -2664.0
591.0 -2466.0
591.0 -2770.8
591.0 -2673.6
591.0 -2800.8
591.0 -2665.2
591.0 -2594.4
591.0 -2656.8
591.0 -2770.8
591.0 -2538.0
591.0 -2869.2
591.0 -2718.0
592.0 -2970.0
592.0 -2852.4
592.0 -2812.8
592.0 -2409.6
592.0 -2775.6
592.0 -2694.0
592.0 -2638.8
592.0 -2889.6
592.0 -2791.2
592.0 -2716.8
592.0 -2508.0
593.0 -2634.0
593.0 -2450.4
593.0 -2787.6
593.0 -2822.4
593.0 -2844.0
593.0 -2810.4
593.0 -2764.8
593.0 -2647.2
593.0 -2803.2
593.0 -2762.4
593.0 -2730.0
594.0 -2540.4
594.0 -2308.8
594.0 -2629.2
594.0 -2665.2
594.0 -2958.0
594.0 -2785.2
594.0 -2854.8
594.0 -2788.8
594.0 -2791.2
594.0 -2828.4
594.0 -2786.4
594.0 -2752.8
594.0 -2739.6
594.0 -2839.2
595.0 -2546.4
595.0 -2334.0
595.0 -2805.6
595.0 -2844.0
595.0 -2851.2
595.0 -2928.0
595.0 -2810.4
595.0 -2846.4
595.0 -2677.2
595.0 -2768.4
595.0 -2883.6
595.0 -2402.4
595.0 -2794.8
595.0 -2761.2
595.0 -2799.6
595.0 -2786.4
595.0 -2749.2
596.0 -2532.0
596.0 -2588.4
596.0 -2887.2
596.0 -2899.2
596.0 -2905.2
596.0 -2787.6
596.0 -2841.6
596.0 -2829.6
596.0 -2898.0
596.0 -2746.8
596.0 -2766.0
596.0 -2828.4
596.0 -2787.6
596.0 -2378.4
596.0 -2780.4
596.0 -2833.2
597.0 -2384.4
597.0 -2539.2
597.0 -2320.8
597.0 -2946.0
597.0 -2920.8
597.0 -2767.2
597.0 -2859.6
597.0 -2691.6
597.0 -2484.0
597.0 -2481.6
597.0 -2401.2
597.0 -2604.0
597.0 -2671.2
597.0 -2667.6
597.0 -2721.6
598.0 -2452.8
598.0 -2420.4
598.0 -2720.4
598.0 -2612.4
598.0 -2918.4
598.0 -2863.2
598.0 -2793.6
599.0 -2376.0
599.0 -2414.4
599.0 -2463.6
599.0 -2854.8
599.0 -2719.2
599.0 -2920.8
599.0 -2730.0
599.0 -2785.2
599.0 -2823.6
599.0 -2739.6
599.0 -2806.8
599.0 -2248.8
599.0 -2935.2
599.0 -2160.0
599.0 -2721.6
599.0 -2751.6
600.0 -2592.0
600.0 -2642.4
600.0 -2466.0
600.0 -2767.2
600.0 -2895.6
600.0 -2816.4
600.0 -2944.8
600.0 -2638.8
600.0 -2386.8
600.0 -2580.0
600.0 -2683.2
601.0 -2394.0
601.0 -2893.2
601.0 -2863.2
601.0 -2806.8
601.0 -2198.4
601.0 -2409.6
601.0 -2388.0
601.0 -2478.0
601.0 -2794.8
601.0 -2851.2
602.0 -2626.8
602.0 -2487.6
602.0 -2316.0
602.0 -2426.4
602.0 -2920.8
602.0 -2790.0
602.0 -2817.6
602.0 -2874.0
602.0 -2822.4
602.0 -2670.0
602.0 -2683.2
603.0 -2452.8
603.0 -2478.0
603.0 -2508.0
603.0 -2934.0
603.0 -2848.8
603.0 -2755.2
603.0 -2928.0
603.0 -2734.8
603.0 -2956.8
603.0 -2510.4
603.0 -2288.4
603.0 -2688.0
603.0 -2778.0
604.0 -2574.0
604.0 -2361.6
604.0 -2883.6
604.0 -2847.6
604.0 -2706.0
604.0 -2923.2
604.0 -2767.2
604.0 -2809.2
604.0 -2738.4
604.0 -2385.6
604.0 -2785.2
604.0 -2882.4
604.0 -2872.8
604.0 -2862.0
604.0 -2620.8
604.0 -2910.0
604.0 -2794.8
604.0 -2826.0
604.0 -2842.8
604.0 -2815.2
605.0 -2691.6
605.0 -2583.6
605.0 -2374.8
605.0 -2889.6
605.0 -2887.2
605.0 -3034.8
605.0 -2814.0
605.0 -2826.0
605.0 -2475.6
605.0 -2824.8
606.0 -2637.6
606.0 -2362.8
606.0 -2292.0
606.0 -2410.8
606.0 -2818.8
606.0 -2880.0
606.0 -2850.0
606.0 -2847.6
606.0 -2768.4
606.0 -2834.4
606.0 -2872.8
606.0 -2538.0
606.0 -2347.2
606.0 -2434.8
606.0 -2683.2
606.0 -2881.2
607.0 -2498.4
607.0 -2305.2
607.0 -2974.8
607.0 -2992.8
607.0 -2918.4
607.0 -2739.6
607.0 -2742.0
607.0 -2845.2
607.0 -2853.6
607.0 -2887.2
607.0 -2521.2
607.0 -2437.2
607.0 -2793.6
607.0 -2845.2
608.0 -2632.8
608.0 -2468.4
608.0 -2863.2
608.0 -2899.2
608.0 -2799.6
608.0 -2826.0
608.0 -2940.0
608.0 -2878.8
609.0 -2493.6
609.0 -2514.0
609.0 -2526.0
609.0 -2515.2
609.0 -2916.0
609.0 -2886.0
609.0 -2955.6
609.0 -2953.2
609.0 -2818.8
609.0 -2842.8
609.0 -2928.0
609.0 -2355.6
609.0 -2852.4
609.0 -2770.8
609.0 -2520.0
609.0 -2554.8
609.0 -2804.4
610.0 -2655.6
610.0 -2535.6
610.0 -2760.0
610.0 -2880.0
610.0 -2798.4
610.0 -2554.8
610.0 -2946.0
610.0 -2901.6
610.0 -2872.8
610.0 -2860.8
610.0 -2488.8
610.0 -2733.6
610.0 -2834.4
610.0 -2833.2
610.0 -2890.8
610.0 -2827.2
611.0 -2397.6
611.0 -2533.2
611.0 -2359.2
611.0 -2172.0
611.0 -2864.4
611.0 -2932.8
611.0 -2937.6
611.0 -3072.0
611.0 -2376.0
611.0 -2797.2
611.0 -2800.8
611.0 -2779.2
611.0 -2953.2
611.0 -2196.0
611.0 -2941.2
611.0 -2884.8
612.0 -2820.0
612.0 -2469.6
612.0 -2863.2
612.0 -2802.0
612.0 -2769.6
612.0 -2874.0
612.0 -2967.6
612.0 -2823.6
612.0 -2619.6
612.0 -2563.2
612.0 -2408.4
612.0 -2455.2
612.0 -2898.0
612.0 -2796.0
613.0 -2734.8
613.0 -2533.2
613.0 -2906.4
613.0 -2992.8
613.0 -2724.0
613.0 -2864.4
613.0 -2883.6
613.0 -2828.4
613.0 -2719.2
613.0 -2860.8
614.0 -2947.2
614.0 -2958.0
614.0 -2931.6
614.0 -2910.0
614.0 -2893.2
614.0 -2764.8
615.0 -2300.4
615.0 -2828.4
615.0 -2962.8
615.0 -2862.0
615.0 -2529.6
615.0 -2914.8
615.0 -2653.2
615.0 -2919.6
615.0 -2966.4
616.0 -2643.6
616.0 -2900.4
616.0 -2962.8
616.0 -2937.6
616.0 -2686.8
616.0 -2948.4
616.0 -2730.0
616.0 -2632.8
616.0 -2395.2
616.0 -2888.4
617.0 -2788.8
617.0 -2869.2
617.0 -2972.4
617.0 -2823.6
617.0 -2497.2
617.0 -2846.4
618.0 -2661.6
618.0 -2868.0
618.0 -2956.8
618.0 -2886.0
618.0 -2836.8
618.0 -2925.6
618.0 -2808.0
618.0 -2943.6
619.0 -2706.0
619.0 -2798.4
619.0 -2642.4
619.0 -2934.0
619.0 -2853.6
619.0 -2782.8
619.0 -2872.8
619.0 -3016.8
619.0 -2972.4
619.0 -2895.6
619.0 -2708.4
619.0 -2492.4
620.0 -2659.2
620.0 -2842.8
620.0 -2973.6
620.0 -3081.6
620.0 -2966.4
620.0 -2845.2
620.0 -2401.2
620.0 -2955.6
620.0 -2998.8
620.0 -2827.2
620.0 -2938.8
620.0 -2522.4
620.0 -2518.8
621.0 -2631.6
621.0 -2556.0
621.0 -2895.6
621.0 -2949.6
621.0 -2944.8
621.0 -2827.2
621.0 -2836.8
621.0 -2874.0
621.0 -2998.8
621.0 -3008.4
621.0 -2490.0
621.0 -2956.8
621.0 -2858.4
622.0 -2686.8
622.0 -2857.2
622.0 -2894.4
622.0 -2887.2
622.0 -2918.4
622.0 -3014.4
622.0 -2940.0
622.0 -2864.4
622.0 -2828.4
623.0 -2907.6
623.0 -2821.2
623.0 -2845.2
623.0 -2938.8
623.0 -3010.8
623.0 -2839.2
623.0 -2830.8
623.0 -3033.6
623.0 -2912.4
623.0 -2982.0
623.0 -2392.8
623.0 -2772.0
624.0 -2677.2
624.0 -2534.4
624.0 -2923.2
624.0 -2713.2
624.0 -2977.2
624.0 -2908.8
624.0 -3074.4
624.0 -2590.8
624.0 -2674.8
624.0 -2780.4
624.0 -2934.0
624.0 -2944.8
624.0 -2738.4
624.0 -2689.2
624.0 -2451.6
625.0 -2584.8
625.0 -3036.0
625.0 -2859.6
625.0 -2979.6
625.0 -2982.0
625.0 -2654.4
625.0 -2472.0
625.0 -2841.6
625.0 -2924.4
625.0 -2854.8
625.0 -2860.8
625.0 -2906.4
625.0 -2866.8
625.0 -2953.2
626.0 -2613.6
626.0 -2605.2
626.0 -3058.8
626.0 -3061.2
626.0 -2737.2
626.0 -2464.8
626.0 -2572.8
626.0 -2949.6
626.0 -2908.8
626.0 -2954.4
626.0 -2846.4
626.0 -2898.0
627.0 -2828.4
627.0 -3068.4
627.0 -2901.6
627.0 -2822.4
627.0 -3016.8
627.0 -2932.8
627.0 -2574.0
627.0 -2437.2
627.0 -2809.2
627.0 -2979.6
627.0 -2978.4
628.0 -2445.6
628.0 -2965.2
628.0 -2823.6
628.0 -2896.8
628.0 -2594.4
628.0 -2978.4
628.0 -2937.6
628.0 -3009.6
628.0 -2958.0
628.0 -2889.6
628.0 -2976.0
628.0 -2962.8
629.0 -2473.2
629.0 -2377.2
629.0 -2730.0
629.0 -2967.6
629.0 -2917.2
629.0 -2940.0
629.0 -2929.2
629.0 -3004.8
629.0 -2882.4
629.0 -3034.8
629.0 -2650.8
630.0 -3000.0
630.0 -2853.6
630.0 -2998.8
630.0 -2821.2
630.0 -2866.8
630.0 -2918.4
630.0 -2899.2
630.0 -2796.0
631.0 -2332.8
631.0 -2947.2
631.0 -2983.2
631.0 -2932.8
631.0 -2961.6
631.0 -2988.0
631.0 -3051.6
631.0 -2955.6
631.0 -3003.6
632.0 -2695.2
632.0 -2682.0
632.0 -2731.2
632.0 -2910.0
632.0 -2734.8
632.0 -2588.4
632.0 -2961.6
633.0 -2643.6
633.0 -2469.6
633.0 -2491.2
633.0 -2648.4
633.0 -2625.6
633.0 -3103.2
633.0 -2982.0
633.0 -2842.8
634.0 -2710.8
634.0 -2916.0
634.0 -2948.4
634.0 -2907.6
634.0 -2926.8
634.0 -2823.6
634.0 -2881.2
634.0 -2893.2
634.0 -2977.2
634.0 -2806.8
634.0 -2658.0
634.0 -2839.2
635.0 -2570.4
635.0 -2515.2
635.0 -2929.2
635.0 -2966.4
635.0 -2780.4
635.0 -2835.6
635.0 -2644.8
635.0 -2491.2
635.0 -2742.0
636.0 -2655.6
636.0 -3073.2
636.0 -2682.0
636.0 -2932.8
636.0 -3049.2
636.0 -3009.6
636.0 -2892.0
636.0 -2884.8
636.0 -2995.2
636.0 -2925.6
636.0 -2898.0
637.0 -2583.6
637.0 -2996.4
637.0 -2462.4
637.0 -3042.0
637.0 -3048.0
637.0 -2990.4
637.0 -3024.0
637.0 -3055.2
637.0 -2576.4
637.0 -2655.6
637.0 -3037.2
638.0 -3052.8
638.0 -2901.6
638.0 -2533.2
638.0 -2446.8
638.0 -2847.6
638.0 -2922.0
638.0 -2916.0
638.0 -2859.6
638.0 -3034.8
638.0 -3066.0
638.0 -3037.2
638.0 -3000.0
639.0 -2692.8
639.0 -3096.0
639.0 -3003.6
639.0 -2961.6
639.0 -2914.8
639.0 -3038.4
639.0 -2894.4
639.0 -2622.0
640.0 -2574.0
640.0 -2698.8
640.0 -2625.6
640.0 -2630.4
640.0 -3093.6
640.0 -3024.0
641.0 -2860.8
641.0 -2583.6
641.0 -2506.8
641.0 -2724.0
641.0 -2965.2
641.0 -2349.6
641.0 -2343.6
641.0 -2870.4
641.0 -3064.8
641.0 -2816.4
642.0 -3098.4
642.0 -2422.8
642.0 -2794.8
642.0 -3075.6
642.0 -2998.8
642.0 -2988.0
642.0 -2997.6
642.0 -3015.6
642.0 -2997.6
642.0 -2977.2
642.0 -3039.6
643.0 -2967.6
643.0 -3075.6
643.0 -2860.8
643.0 -2970.0
643.0 -2995.2
644.0 -2598.0
644.0 -2690.4
644.0 -2787.6
644.0 -2490.0
644.0 -2752.8
644.0 -2408.4
644.0 -2926.8
644.0 -3000.0
644.0 -3001.2
644.0 -3001.2
644.0 -3152.4
644.0 -2919.6
644.0 -3118.8
645.0 -2890.8
645.0 -3120.0
645.0 -3009.6
645.0 -2954.4
645.0 -3078.0
645.0 -3026.4
645.0 -3016.8
646.0 -2739.6
646.0 -2536.8
646.0 -2979.6
646.0 -2649.6
646.0 -2599.2
646.0 -3070.8
646.0 -3006.0
646.0 -2924.4
646.0 -3045.6
646.0 -3009.6
646.0 -2605.2
647.0 -2817.6
647.0 -2827.2
647.0 -2774.4
647.0 -2516.4
647.0 -2589.6
647.0 -2934.0
647.0 -2942.4
647.0 -3031.2
648.0 -2696.4
648.0 -2462.4
648.0 -3093.6
648.0 -3015.6
648.0 -3079.2
648.0 -3093.6
648.0 -2959.2
648.0 -2974.8
648.0 -3033.6
648.0 -3052.8
648.0 -3139.2
648.0 -3056.4
648.0 -3074.4
648.0 -2614.8
648.0 -3135.6
649.0 -2742.0
649.0 -2996.4
649.0 -3081.6
649.0 -2928.0
649.0 -3037.2
649.0 -3127.2
649.0 -3049.2
649.0 -3129.6
650.0 -2641.2
650.0 -2709.6
650.0 -3009.6
650.0 -3102.0
650.0 -2950.8
650.0 -3052.8
650.0 -3066.0
650.0 -2940.0
651.0 -2673.6
651.0 -3136.8
651.0 -3087.6
651.0 -2938.8
652.0 -3044.4
652.0 -2642.4
652.0 -2691.6
652.0 -2989.2
652.0 -3060.0
652.0 -3072.0
652.0 -3091.2
652.0 -2950.8
653.0 -2708.4
653.0 -2742.0
653.0 -2746.8
653.0 -3042.0
653.0 -2643.6
653.0 -2473.2
653.0 -3128.4
653.0 -2965.2
653.0 -3021.6
653.0 -3120.0
653.0 -3160.8
653.0 -3057.6
653.0 -3030.0
654.0 -3050.4
654.0 -2637.6
654.0 -3038.4
654.0 -3055.2
654.0 -3090.0
655.0 -2791.2
655.0 -2755.2
655.0 -3001.2
655.0 -3098.4
655.0 -2964.0
655.0 -3108.0
655.0 -2911.2
655.0 -3016.8
655.0 -3012.0
656.0 -2436.0
656.0 -3068.4
656.0 -2898.0
656.0 -2982.0
656.0 -3103.2
656.0 -2852.4
656.0 -3085.2
656.0 -3036.0
657.0 -2586.0
657.0 -2955.6
657.0 -2994.0
657.0 -3057.6
657.0 -3110.4
658.0 -2569.2
658.0 -2686.8
658.0 -2630.4
658.0 -2623.2
658.0 -3027.6
659.0 -3175.2
659.0 -2745.6
659.0 -3140.4
659.0 -3145.2
659.0 -3020.4
659.0 -3134.4
659.0 -3085.2
659.0 -2906.4
659.0 -3055.2
659.0 -3153.6
659.0 -3103.2
659.0 -2979.6
659.0 -3072.0
660.0 -3098.4
660.0 -2902.8
660.0 -2526.0
660.0 -2685.6
660.0 -3120.0
661.0 -2610.0
661.0 -2642.4
661.0 -3178.8
661.0 -3176.4
661.0 -3081.6
661.0 -3004.8
661.0 -3031.2
661.0 -3144.0
661.0 -3094.8
661.0 -2724.0
662.0 -2676.0
662.0 -2751.6
662.0 -2767.2
662.0 -2696.4
662.0 -3031.2
662.0 -3194.4
662.0 -3034.8
662.0 -3028.8
662.0 -2998.8
662.0 -3130.8
662.0 -3019.2
662.0 -3110.4
663.0 -3160.8
663.0 -2784.0
663.0 -2701.2
663.0 -2634.0
663.0 -3116.4
663.0 -3073.2
664.0 -2577.6
664.0 -2582.4
664.0 -2676.0
664.0 -2515.2
664.0 -3132.0
664.0 -3219.6
664.0 -3152.4
664.0 -3178.8
664.0 -3067.2
664.0 -3192.0
664.0 -3136.8
664.0 -3194.4
664.0 -2560.8
665.0 -2655.6
665.0 -2700.0
665.0 -2628.0
665.0 -3193.2
666.0 -3018.0
666.0 -2582.4
666.0 -2524.8
666.0 -2863.2
666.0 -2564.4
666.0 -3199.2
666.0 -2972.4
666.0 -3066.0
666.0 -3121.2
666.0 -3174.0
666.0 -2998.8
666.0 -3106.8
666.0 -3028.8
667.0 -2934.0
667.0 -2758.8
667.0 -2464.8
667.0 -2679.6
667.0 -2718.0
667.0 -3055.2
667.0 -2448.0
668.0 -2683.2
668.0 -3076.8
668.0 -3074.4
668.0 -3057.6
669.0 -3062.4
669.0 -3207.6
669.0 -2997.6
670.0 -2685.6
670.0 -3222.0
670.0 -3128.4
670.0 -3115.2
670.0 -3105.6
670.0 -3141.6
671.0 -3086.4
671.0 -2671.2
671.0 -2721.6
671.0 -2653.2
671.0 -3198.0
671.0 -3044.4
671.0 -2596.8
672.0 -2634.0
672.0 -2862.0
672.0 -2782.8
672.0 -2595.6
672.0 -2808.0
672.0 -2980.8
672.0 -3055.2
672.0 -3123.6
672.0 -3076.8
672.0 -3187.2
672.0 -2937.6
672.0 -3022.8
673.0 -2713.2
673.0 -2709.6
673.0 -2550.0
673.0 -3217.2
673.0 -3132.0
673.0 -3084.0
673.0 -3061.2
673.0 -3062.4
674.0 -2751.6
674.0 -2834.4
674.0 -2506.8
674.0 -2731.2
674.0 -2743.2
674.0 -3092.4
674.0 -3002.4
674.0 -3156.0
674.0 -3226.8
674.0 -3084.0
674.0 -3090.0
674.0 -3090.0
675.0 -2644.8
675.0 -2666.4
675.0 -2756.4
675.0 -3148.8
675.0 -3196.8
675.0 -3148.8
675.0 -3139.2
676.0 -2706.0
676.0 -2712.0
676.0 -2611.2
676.0 -2709.6
676.0 -3013.2
676.0 -3076.8
676.0 -3084.0
676.0 -3045.6
676.0 -3116.4
677.0 -2547.6
677.0 -3088.8
677.0 -2984.4
677.0 -2847.6
677.0 -2748.0
677.0 -3091.2
677.0 -3070.8
677.0 -3062.4
677.0 -3063.6
678.0 -2707.2
678.0 -3186.0
678.0 -3108.0
678.0 -3121.2
678.0 -3146.4
679.0 -2803.2
679.0 -2806.8
679.0 -2926.8
679.0 -3266.4
679.0 -3277.2
679.0 -3135.6
679.0 -3146.4
680.0 -2758.8
680.0 -2908.8
680.0 -2686.8
680.0 -3248.4
680.0 -3104.4
680.0 -3079.2
680.0 -3057.6
681.0 -2680.8
681.0 -2806.8
681.0 -2851.2
681.0 -2730.0
681.0 -2739.6
681.0 -2935.2
681.0 -2774.4
681.0 -3086.4
681.0 -3228.0
681.0 -3080.4
681.0 -3156.0
681.0 -3096.0
681.0 -3025.2
682.0 -2583.6
682.0 -2708.4
682.0 -3202.8
682.0 -3096.0
682.0 -3274.8
682.0 -3138.0
682.0 -3190.8
682.0 -3177.6
682.0 -3214.8
683.0 -2779.2
683.0 -2626.8
683.0 -2782.8
683.0 -3240.0
683.0 -3196.8
683.0 -3207.6
683.0 -3136.8
683.0 -3158.4
683.0 -3230.4
684.0 -2840.4
684.0 -2908.8
684.0 -2708.4
684.0 -2614.8
684.0 -2689.2
684.0 -3177.6
684.0 -3244.8
684.0 -3262.8
685.0 -2761.2
685.0 -2698.8
685.0 -2498.4
685.0 -2733.6
685.0 -3126.0
685.0 -3140.4
685.0 -3187.2
686.0 -2997.6
686.0 -2656.8
686.0 -3066.0
686.0 -3232.8
687.0 -2766.0
687.0 -3122.4
687.0 -2655.6
687.0 -2842.8
687.0 -2895.6
687.0 -2884.8
687.0 -2736.0
687.0 -3229.2
687.0 -3055.2
688.0 -2722.8
688.0 -2902.8
688.0 -2706.0
688.0 -3183.6
688.0 -3195.6
689.0 -2911.2
689.0 -2877.6
689.0 -2773.2
689.0 -3271.2
689.0 -3176.4
689.0 -3302.4
689.0 -3226.8
689.0 -3165.6
690.0 -2787.6
690.0 -2829.6
690.0 -2772.0
690.0 -3285.6
690.0 -3172.8
690.0 -3146.4
690.0 -3162.0
690.0 -3255.6
691.0 -2678.4
691.0 -2866.8
691.0 -2818.8
691.0 -2508.0
691.0 -3207.6
691.0 -3139.2
692.0 -2937.6
692.0 -2856.0
692.0 -2696.4
692.0 -2779.2
692.0 -3145.2
693.0 -2977.2
693.0 -2686.8
693.0 -2884.8
693.0 -2582.4
693.0 -2619.6
693.0 -2780.4
693.0 -3265.2
693.0 -3166.8
694.0 -2784.0
694.0 -2676.0
694.0 -2886.0
694.0 -2895.6
694.0 -3166.8
694.0 -3172.8
695.0 -2863.2
695.0 -2625.6
695.0 -3250.8
696.0 -2703.6
696.0 -2871.6
696.0 -2828.4
696.0 -2877.6
696.0 -3160.8
696.0 -3208.8
696.0 -3187.2
697.0 -2908.8
697.0 -2793.6
697.0 -2804.4
697.0 -2638.8
697.0 -3222.0
697.0 -3228.0
698.0 -2715.6
698.0 -3177.6
698.0 -3158.4
699.0 -2710.8
699.0 -2584.8
699.0 -3177.6
699.0 -3166.8
700.0 -2888.4
700.0 -2679.6
700.0 -2883.6
700.0 -3192.0
700.0 -3154.8
700.0 -3270.0
700.0 -2688.0
701.0 -3126.0
701.0 -3094.8
702.0 -2866.8
702.0 -2894.4
702.0 -2954.4
702.0 -2766.0
702.0 -2779.2
702.0 -3141.6
702.0 -3211.2
702.0 -3096.0
703.0 -2900.4
703.0 -2656.8
703.0 -2785.2
703.0 -2670.0
703.0 -2766.0
703.0 -2950.8
703.0 -3207.6
703.0 -3183.6
703.0 -3314.4
703.0 -3188.4
704.0 -3241.2
704.0 -3170.4
704.0 -3133.2
705.0 -2949.6
705.0 -3189.6
705.0 -3174.0
705.0 -3219.6
706.0 -3211.2
707.0 -2782.8
707.0 -2923.2
708.0 -2959.2
708.0 -2828.4
708.0 -2788.8
708.0 -2931.6
709.0 -3022.8
710.0 -2893.2
710.0 -2828.4
711.0 -2859.6
711.0 -2697.6
711.0 -3302.4
711.0 -3302.4
712.0 -2766.0
712.0 -2839.2
712.0 -2967.6
713.0 -2958.0
713.0 -2845.2
713.0 -2833.2
713.0 -2876.4
713.0 -3195.6
713.0 -3187.2
714.0 -2854.8
714.0 -3154.8
714.0 -3217.2
715.0 -2865.6
715.0 -3001.2
715.0 -2853.6
716.0 -2869.2
716.0 -2907.6
716.0 -2701.2
716.0 -3309.6
717.0 -3259.2
718.0 -2763.6
718.0 -2913.6
718.0 -2820.0
719.0 -2893.2
719.0 -2973.6
720.0 -2846.4
721.0 -2798.4
721.0 -3300.0
722.0 -2954.4
722.0 -2896.8
722.0 -3260.4
723.0 -2829.6
724.0 -3075.6
725.0 -2864.4
725.0 -2791.2
725.0 -2768.4
726.0 -2972.4
727.0 -2904.0
727.0 -2943.6
727.0 -2842.8
727.0 -2734.8
727.0 -3010.8
728.0 -2961.6
728.0 -2786.4
729.0 -2905.2
729.0 -2791.2
729.0 -3127.2
729.0 -2874.0
729.0 -2876.4
729.0 -2755.2
729.0 -2671.2
730.0 -2952.0
731.0 -2812.8
731.0 -2842.8
731.0 -3290.4
732.0 -2866.8
733.0 -2790.0
734.0 -2852.4
736.0 -2929.2
736.0 -2923.2
736.0 -2731.2
737.0 -3032.4
737.0 -2936.4
738.0 -2821.2
739.0 -3008.4
739.0 -3111.6
742.0 -2886.0
743.0 -2874.0
744.0 -3222.0
744.0 -2769.6
750.0 -2840.4
756.0 -2913.6
