0.0 0.0
0.0 0.0
0.0 0.0
1.0 -27.6
1.0 -27.6
1.0 -27.6
1.0 -27.6
1.0 -27.6
1.0 -27.6
1.0 -27.6
1.0 -27.6
1.0 -27.6
1.0 -27.6
3.0 -32.4
3.0 -32.4
3.0 -32.4
4.0 -60.0
4.0 -60.0
4.0 -60.0
6.0 -43.2
6.0 -43.2
7.0 -70.8
7.0 -64.8
7.0 -64.8
7.0 -33.6
7.0 -64.8
7.0 -44.4
7.0 -70.8
8.0 -49.2
8.0 -42.0
8.0 -61.2
8.0 -39.6
8.0 -72.0
9.0 -75.6
9.0 -69.6
9.0 -60.0
9.0 -76.8
9.0 -69.6
9.0 -69.6
9.0 -93.6
9.0 -67.2
9.0 -93.6
9.0 -69.6
9.0 -67.2
9.0 -67.2
9.0 -67.2
9.0 -76.8
9.0 -75.6
9.0 -93.6
9.0 -75.6
9.0 -56.4
9.0 -75.6
9.0 -93.6
10.0 -87.6
10.0 -103.2
10.0 -97.2
10.0 -97.2
10.0 -87.6
10.0 -60.0
10.0 -33.6
10.0 -61.2
10.0 -103.2
10.0 -61.2
10.0 -87.6
10.0 -103.2
11.0 -104.4
11.0 -104.4
11.0 -61.2
11.0 -74.4
11.0 -56.4
11.0 -87.6
11.0 -72.0
11.0 -56.4
11.0 -72.0
11.0 -93.6
11.0 -104.4
11.0 -87.6
11.0 -72.0
11.0 -87.6
11.0 -56.4
11.0 -87.6
12.0 -99.6
12.0 -88.8
12.0 -109.2
12.0 -109.2
12.0 -102.0
12.0 -99.6
12.0 -102.0
12.0 -102.0
12.0 -66.0
12.0 -102.0
12.0 -99.6
12.0 -99.6
13.0 -93.6
13.0 -93.6
13.0 -93.6
13.0 -93.6
13.0 -76.8
13.0 -76.8
13.0 -93.6
13.0 -108.0
13.0 -32.4
13.0 -92.4
13.0 -93.6
14.0 -106.8
14.0 -58.8
14.0 -88.8
14.0 -109.2
14.0 -120.0
14.0 -88.8
14.0 -120.0
14.0 -88.8
14.0 -60.0
14.0 -120.0
14.0 -109.2
14.0 -120.0
14.0 -115.2
14.0 -98.4
14.0 -120.0
14.0 -104.4
14.0 -104.4
14.0 -82.8
14.0 -115.2
14.0 -109.2
14.0 -88.8
14.0 -120.0
14.0 -115.2
15.0 -104.4
15.0 -136.8
15.0 -112.8
15.0 -130.8
15.0 -99.6
15.0 -130.8
15.0 -136.8
15.0 -112.8
15.0 -110.4
15.0 -76.8
15.0 -136.8
15.0 -108.0
16.0 -130.8
16.0 -108.0
16.0 -64.8
16.0 -138.0
16.0 -114.0
16.0 -103.2
16.0 -104.4
16.0 -114.0
16.0 -148.8
16.0 -130.8
16.0 -148.8
16.0 -115.2
16.0 -148.8
16.0 -111.6
16.0 -94.8
16.0 -104.4
17.0 -117.6
17.0 -176.4
17.0 -104.4
17.0 -130.8
17.0 -176.4
17.0 -130.8
17.0 -124.8
17.0 -176.4
17.0 -124.8
17.0 -105.6
17.0 -130.8
17.0 -93.6
17.0 -64.8
17.0 -147.6
17.0 -176.4
17.0 -130.8
17.0 -176.4
17.0 -130.8
17.0 -104.4
17.0 -73.2
17.0 -130.8
17.0 -92.4
17.0 -122.4
17.0 -94.8
17.0 -116.4
17.0 -73.2
17.0 -93.6
17.0 -176.4
17.0 -141.6
17.0 -176.4
17.0 -176.4
17.0 -126.0
18.0 -142.8
18.0 -136.8
18.0 -98.4
18.0 -118.8
18.0 -135.6
18.0 -127.2
18.0 -132.0
18.0 -126.0
18.0 -139.2
18.0 -126.0
18.0 -129.6
18.0 -142.8
18.0 -139.2
18.0 -127.2
18.0 -118.8
18.0 -152.4
18.0 -132.0
18.0 -127.2
18.0 -139.2
18.0 -105.6
18.0 -105.6
18.0 -68.4
18.0 -103.2
18.0 -88.8
18.0 -105.6
18.0 -138.0
19.0 -142.8
19.0 -127.2
19.0 -127.2
19.0 -114.0
19.0 -153.6
19.0 -122.4
19.0 -129.6
19.0 -153.6
19.0 -153.6
19.0 -114.0
19.0 -96.0
19.0 -121.2
19.0 -146.4
19.0 -110.4
20.0 -132.0
20.0 -163.2
20.0 -168.0
20.0 -104.4
20.0 -116.4
20.0 -108.0
20.0 -97.2
20.0 -97.2
20.0 -97.2
20.0 -136.8
20.0 -127.2
20.0 -104.4
20.0 -134.4
20.0 -120.0
20.0 -128.4
20.0 -126.0
20.0 -105.6
20.0 -147.6
20.0 -168.0
20.0 -144.0
20.0 -32.4
20.0 -141.6
21.0 -171.6
21.0 -135.6
21.0 -136.8
21.0 -174.0
21.0 -162.0
21.0 -164.4
21.0 -122.4
21.0 -133.2
21.0 -134.4
21.0 -133.2
21.0 -133.2
21.0 -122.4
21.0 -158.4
21.0 -100.8
21.0 -162.0
21.0 -134.4
21.0 -171.6
21.0 -103.2
21.0 -135.6
21.0 -147.6
22.0 -192.0
22.0 -134.4
22.0 -148.8
22.0 -135.6
22.0 -146.4
22.0 -176.4
22.0 -157.2
22.0 -127.2
22.0 -162.0
22.0 -157.2
22.0 -162.0
22.0 -100.8
22.0 -141.6
22.0 -109.2
22.0 -162.0
22.0 -159.6
22.0 -159.6
22.0 -176.4
22.0 -176.4
22.0 -141.6
23.0 -178.8
23.0 -219.6
23.0 -219.6
23.0 -178.8
23.0 -145.2
23.0 -175.2
23.0 -135.6
23.0 -180.0
23.0 -146.4
23.0 -142.8
23.0 -176.4
23.0 -213.6
23.0 -178.8
23.0 -146.4
23.0 -219.6
23.0 -178.8
23.0 -178.8
23.0 -184.8
23.0 -158.4
23.0 -162.0
23.0 -91.2
23.0 -118.8
23.0 -135.6
23.0 -100.8
23.0 -204.0
23.0 -148.8
23.0 -219.6
23.0 -128.4
24.0 -182.4
24.0 -182.4
24.0 -181.2
24.0 -166.8
24.0 -163.2
24.0 -182.4
24.0 -153.6
24.0 -168.0
24.0 -166.8
24.0 -148.8
24.0 -164.4
24.0 -145.2
24.0 -142.8
24.0 -126.0
24.0 -180.0
24.0 -130.8
24.0 -120.0
24.0 -141.6
24.0 -210.0
24.0 -133.2
24.0 -154.8
24.0 -163.2
24.0 -166.8
24.0 -102.0
24.0 -109.2
24.0 -138.0
24.0 -138.0
25.0 -189.6
25.0 -218.4
25.0 -172.8
25.0 -194.4
25.0 -196.8
25.0 -183.6
25.0 -144.0
25.0 -181.2
25.0 -159.6
25.0 -169.2
25.0 -159.6
25.0 -190.8
25.0 -164.4
25.0 -172.8
25.0 -144.0
25.0 -196.8
25.0 -166.8
25.0 -127.2
25.0 -178.8
25.0 -196.8
25.0 -169.2
25.0 -218.4
25.0 -196.8
25.0 -170.4
25.0 -148.8
25.0 -168.0
25.0 -132.0
25.0 -122.4
25.0 -196.8
25.0 -154.8
25.0 -190.8
25.0 -139.2
25.0 -176.4
25.0 -182.4
25.0 -194.4
25.0 -182.4
25.0 -225.6
25.0 -174.0
25.0 -218.4
26.0 -162.0
26.0 -158.4
26.0 -162.0
26.0 -194.4
26.0 -178.8
26.0 -184.8
26.0 -180.0
26.0 -180.0
26.0 -170.4
26.0 -166.8
26.0 -164.4
26.0 -187.2
26.0 -188.4
26.0 -181.2
26.0 -169.2
26.0 -158.4
26.0 -184.8
26.0 -169.2
26.0 -208.8
26.0 -198.0
26.0 -169.2
26.0 -106.8
26.0 -122.4
26.0 -205.2
26.0 -134.4
26.0 -158.4
26.0 -148.8
26.0 -205.2
26.0 -210.0
26.0 -159.6
26.0 -181.2
26.0 -164.4
26.0 -154.8
26.0 -170.4
26.0 -184.8
27.0 -141.6
27.0 -205.2
27.0 -148.8
27.0 -236.4
27.0 -236.4
27.0 -196.8
27.0 -177.6
27.0 -202.8
27.0 -223.2
27.0 -236.4
27.0 -201.6
27.0 -170.4
27.0 -207.6
27.0 -141.6
27.0 -236.4
27.0 -168.0
27.0 -180.0
27.0 -105.6
27.0 -205.2
27.0 -164.4
27.0 -124.8
27.0 -164.4
27.0 -152.4
27.0 -158.4
27.0 -175.2
27.0 -207.6
27.0 -147.6
27.0 -152.4
27.0 -201.6
27.0 -236.4
27.0 -114.0
27.0 -205.2
27.0 -170.4
27.0 -164.4
27.0 -205.2
27.0 -186.0
28.0 -169.2
28.0 -210.0
28.0 -140.4
28.0 -186.0
28.0 -199.2
28.0 -186.0
28.0 -166.8
28.0 -169.2
28.0 -186.0
28.0 -192.0
28.0 -123.6
28.0 -147.6
28.0 -196.8
28.0 -162.0
28.0 -170.4
28.0 -126.0
28.0 -158.4
28.0 -200.4
28.0 -178.8
28.0 -138.0
28.0 -189.6
28.0 -170.4
28.0 -210.0
28.0 -172.8
28.0 -210.0
28.0 -170.4
28.0 -192.0
28.0 -177.6
28.0 -90.0
28.0 -154.8
28.0 -141.6
28.0 -129.6
28.0 -192.0
28.0 -160.8
28.0 -156.0
28.0 -154.8
28.0 -202.8
28.0 -250.8
28.0 -250.8
28.0 -217.2
28.0 -250.8
28.0 -192.0
29.0 -180.0
29.0 -166.8
29.0 -183.6
29.0 -212.4
29.0 -175.2
29.0 -174.0
29.0 -195.6
29.0 -225.6
29.0 -132.0
29.0 -142.8
29.0 -171.6
29.0 -150.0
29.0 -193.2
29.0 -181.2
29.0 -158.4
29.0 -103.2
29.0 -156.0
29.0 -174.0
29.0 -148.8
29.0 -160.8
29.0 -230.4
29.0 -213.6
29.0 -175.2
29.0 -169.2
29.0 -200.4
29.0 -201.6
29.0 -247.2
29.0 -145.2
30.0 -194.4
30.0 -194.4
30.0 -145.2
30.0 -154.8
30.0 -228.0
30.0 -253.2
30.0 -223.2
30.0 -196.8
30.0 -181.2
30.0 -187.2
30.0 -184.8
30.0 -170.4
30.0 -204.0
30.0 -264.0
30.0 -168.0
30.0 -211.2
30.0 -213.6
30.0 -187.2
30.0 -196.8
30.0 -208.8
30.0 -228.0
30.0 -76.8
30.0 -171.6
30.0 -207.6
30.0 -165.6
30.0 -194.4
30.0 -186.0
30.0 -253.2
30.0 -162.0
30.0 -181.2
30.0 -186.0
30.0 -253.2
30.0 -192.0
30.0 -264.0
30.0 -264.0
30.0 -190.8
30.0 -169.2
31.0 -261.6
31.0 -224.4
31.0 -211.2
31.0 -224.4
31.0 -224.4
31.0 -231.6
31.0 -200.4
31.0 -193.2
31.0 -253.2
31.0 -195.6
31.0 -190.8
31.0 -201.6
31.0 -181.2
31.0 -246.0
31.0 -224.4
31.0 -150.0
31.0 -189.6
31.0 -193.2
31.0 -226.8
31.0 -234.0
31.0 -156.0
31.0 -181.2
31.0 -198.0
31.0 -192.0
31.0 -231.6
31.0 -154.8
31.0 -160.8
31.0 -171.6
31.0 -225.6
31.0 -162.0
31.0 -208.8
31.0 -162.0
31.0 -216.0
31.0 -147.6
31.0 -268.8
31.0 -225.6
31.0 -248.4
32.0 -174.0
32.0 -206.4
32.0 -222.0
32.0 -253.2
32.0 -204.0
32.0 -218.4
32.0 -262.8
32.0 -166.8
32.0 -241.2
32.0 -206.4
32.0 -189.6
32.0 -181.2
32.0 -219.6
32.0 -238.8
32.0 -180.0
32.0 -211.2
32.0 -186.0
32.0 -183.6
32.0 -228.0
32.0 -192.0
32.0 -188.4
32.0 -178.8
32.0 -198.0
32.0 -187.2
32.0 -148.8
32.0 -166.8
32.0 -92.4
32.0 -151.2
32.0 -188.4
32.0 -238.8
32.0 -154.8
32.0 -172.8
32.0 -166.8
32.0 -214.8
32.0 -148.8
32.0 -202.8
32.0 -249.6
32.0 -218.4
33.0 -150.0
33.0 -218.4
33.0 -186.0
33.0 -202.8
33.0 -234.0
33.0 -279.6
33.0 -188.4
33.0 -238.8
33.0 -279.6
33.0 -175.2
33.0 -202.8
33.0 -238.8
33.0 -273.6
33.0 -238.8
33.0 -184.8
33.0 -189.6
33.0 -196.8
33.0 -267.6
33.0 -177.6
33.0 -219.6
33.0 -264.0
33.0 -273.6
33.0 -252.0
33.0 -120.0
33.0 -199.2
33.0 -247.2
33.0 -211.2
33.0 -205.2
33.0 -159.6
33.0 -207.6
33.0 -242.4
33.0 -229.2
33.0 -213.6
33.0 -267.6
33.0 -279.6
33.0 -264.0
33.0 -237.6
33.0 -264.0
33.0 -226.8
33.0 -240.0
33.0 -216.0
34.0 -223.2
34.0 -219.6
34.0 -229.2
34.0 -200.4
34.0 -222.0
34.0 -235.2
34.0 -241.2
34.0 -253.2
34.0 -201.6
34.0 -253.2
34.0 -207.6
34.0 -218.4
34.0 -198.0
34.0 -240.0
34.0 -218.4
34.0 -170.4
34.0 -230.4
34.0 -240.0
34.0 -230.4
34.0 -151.2
34.0 -177.6
34.0 -182.4
34.0 -247.2
34.0 -160.8
34.0 -186.0
34.0 -192.0
34.0 -288.0
34.0 -219.6
34.0 -195.6
34.0 -226.8
34.0 -226.8
34.0 -202.8
34.0 -201.6
34.0 -230.4
34.0 -198.0
34.0 -208.8
34.0 -164.4
34.0 -187.2
34.0 -193.2
35.0 -295.2
35.0 -195.6
35.0 -217.2
35.0 -196.8
35.0 -285.6
35.0 -219.6
35.0 -208.8
35.0 -241.2
35.0 -220.8
35.0 -284.4
35.0 -278.4
35.0 -214.8
35.0 -219.6
35.0 -180.0
35.0 -195.6
35.0 -229.2
35.0 -278.4
35.0 -246.0
35.0 -201.6
35.0 -241.2
35.0 -229.2
35.0 -213.6
35.0 -141.6
35.0 -202.8
35.0 -176.4
35.0 -219.6
35.0 -208.8
35.0 -207.6
35.0 -172.8
35.0 -273.6
35.0 -201.6
35.0 -230.4
35.0 -219.6
35.0 -234.0
35.0 -230.4
35.0 -204.0
35.0 -216.0
35.0 -264.0
35.0 -162.0
35.0 -284.4
35.0 -237.6
35.0 -222.0
36.0 -291.6
36.0 -248.4
36.0 -237.6
36.0 -234.0
36.0 -199.2
36.0 -247.2
36.0 -169.2
36.0 -238.8
36.0 -265.2
36.0 -259.2
36.0 -244.8
36.0 -241.2
36.0 -244.8
36.0 -217.2
36.0 -57.6
36.0 -212.4
36.0 -210.0
36.0 -212.4
36.0 -248.4
36.0 -241.2
36.0 -210.0
36.0 -244.8
36.0 -247.2
36.0 -261.6
36.0 -235.2
36.0 -218.4
36.0 -196.8
36.0 -186.0
36.0 -252.0
36.0 -168.0
36.0 -252.0
36.0 -231.6
36.0 -205.2
36.0 -189.6
36.0 -238.8
36.0 -208.8
36.0 -235.2
36.0 -226.8
36.0 -202.8
36.0 -218.4
36.0 -271.2
36.0 -211.2
36.0 -226.8
36.0 -201.6
37.0 -278.4
37.0 -289.2
37.0 -201.6
37.0 -283.2
37.0 -211.2
37.0 -306.0
37.0 -259.2
37.0 -207.6
37.0 -283.2
37.0 -196.8
37.0 -229.2
37.0 -168.0
37.0 -166.8
37.0 -217.2
37.0 -241.2
37.0 -207.6
37.0 -213.6
37.0 -223.2
37.0 -224.4
37.0 -217.2
37.0 -199.2
37.0 -265.2
37.0 -141.6
37.0 -283.2
37.0 -172.8
37.0 -258.0
37.0 -291.6
37.0 -195.6
37.0 -213.6
37.0 -201.6
37.0 -283.2
37.0 -212.4
37.0 -297.6
37.0 -235.2
37.0 -204.0
37.0 -252.0
37.0 -224.4
37.0 -273.6
37.0 -296.4
38.0 -226.8
38.0 -223.2
38.0 -310.8
38.0 -212.4
38.0 -296.4
38.0 -256.8
38.0 -260.4
38.0 -265.2
38.0 -234.0
38.0 -225.6
38.0 -307.2
38.0 -236.4
38.0 -226.8
38.0 -243.6
38.0 -205.2
38.0 -256.8
38.0 -168.0
38.0 -276.0
38.0 -230.4
38.0 -242.4
38.0 -190.8
38.0 -168.0
38.0 -196.8
38.0 -158.4
38.0 -194.4
38.0 -190.8
38.0 -204.0
38.0 -234.0
38.0 -284.4
38.0 -273.6
38.0 -236.4
38.0 -247.2
38.0 -310.8
38.0 -247.2
38.0 -202.8
39.0 -216.0
39.0 -290.4
39.0 -231.6
39.0 -262.8
39.0 -207.6
39.0 -301.2
39.0 -260.4
39.0 -235.2
39.0 -223.2
39.0 -223.2
39.0 -243.6
39.0 -255.6
39.0 -205.2
39.0 -246.0
39.0 -219.6
39.0 -289.2
39.0 -206.4
39.0 -297.6
39.0 -301.2
39.0 -189.6
39.0 -186.0
39.0 -237.6
39.0 -201.6
39.0 -217.2
39.0 -231.6
39.0 -199.2
39.0 -178.8
39.0 -234.0
39.0 -165.6
39.0 -285.6
39.0 -290.4
39.0 -258.0
39.0 -295.2
39.0 -224.4
39.0 -268.8
40.0 -295.2
40.0 -214.8
40.0 -246.0
40.0 -234.0
40.0 -234.0
40.0 -249.6
40.0 -230.4
40.0 -234.0
40.0 -213.6
40.0 -246.0
40.0 -224.4
40.0 -133.2
40.0 -214.8
40.0 -270.0
40.0 -240.0
40.0 -226.8
40.0 -236.4
40.0 -258.0
40.0 -198.0
40.0 -249.6
40.0 -238.8
40.0 -237.6
40.0 -105.6
40.0 -171.6
40.0 -249.6
40.0 -238.8
40.0 -248.4
40.0 -265.2
40.0 -238.8
40.0 -157.2
40.0 -276.0
40.0 -201.6
40.0 -164.4
40.0 -312.0
40.0 -297.6
40.0 -236.4
40.0 -273.6
40.0 -255.6
40.0 -218.4
40.0 -295.2
41.0 -241.2
41.0 -267.6
41.0 -258.0
41.0 -296.4
41.0 -204.0
41.0 -312.0
41.0 -202.8
41.0 -272.4
41.0 -138.0
41.0 -219.6
41.0 -208.8
41.0 -216.0
41.0 -266.4
41.0 -280.8
41.0 -272.4
41.0 -220.8
41.0 -255.6
41.0 -168.0
41.0 -261.6
41.0 -267.6
41.0 -256.8
41.0 -237.6
41.0 -277.2
41.0 -294.0
41.0 -241.2
41.0 -250.8
41.0 -229.2
41.0 -202.8
41.0 -234.0
41.0 -260.4
41.0 -202.8
41.0 -252.0
41.0 -198.0
41.0 -273.6
41.0 -282.0
42.0 -198.0
42.0 -322.8
42.0 -248.4
42.0 -298.8
42.0 -244.8
42.0 -289.2
42.0 -260.4
42.0 -265.2
42.0 -206.4
42.0 -256.8
42.0 -242.4
42.0 -256.8
42.0 -176.4
42.0 -312.0
42.0 -271.2
42.0 -277.2
42.0 -170.4
42.0 -247.2
42.0 -268.8
42.0 -232.8
42.0 -168.0
42.0 -250.8
42.0 -206.4
42.0 -249.6
42.0 -158.4
42.0 -313.2
42.0 -267.6
42.0 -313.2
42.0 -163.2
42.0 -279.6
42.0 -280.8
42.0 -337.2
42.0 -271.2
42.0 -283.2
42.0 -301.2
42.0 -249.6
42.0 -229.2
42.0 -300.0
42.0 -322.8
43.0 -337.2
43.0 -258.0
43.0 -253.2
43.0 -259.2
43.0 -253.2
43.0 -252.0
43.0 -231.6
43.0 -314.4
43.0 -249.6
43.0 -296.4
43.0 -249.6
43.0 -313.2
43.0 -255.6
43.0 -171.6
43.0 -277.2
43.0 -274.8
43.0 -200.4
43.0 -205.2
43.0 -276.0
43.0 -265.2
43.0 -295.2
43.0 -272.4
43.0 -274.8
43.0 -170.4
43.0 -310.8
43.0 -288.0
43.0 -302.4
43.0 -252.0
43.0 -290.4
43.0 -234.0
43.0 -268.8
43.0 -218.4
43.0 -273.6
43.0 -314.4
43.0 -268.8
43.0 -212.4
43.0 -303.6
43.0 -274.8
43.0 -232.8
43.0 -283.2
43.0 -249.6
43.0 -278.4
43.0 -286.8
43.0 -308.4
43.0 -320.4
43.0 -326.4
43.0 -290.4
43.0 -237.6
44.0 -283.2
44.0 -288.0
44.0 -213.6
44.0 -286.8
44.0 -282.0
44.0 -271.2
44.0 -301.2
44.0 -220.8
44.0 -241.2
44.0 -270.0
44.0 -201.6
44.0 -240.0
44.0 -241.2
44.0 -204.0
44.0 -290.4
44.0 -273.6
44.0 -231.6
44.0 -313.2
44.0 -256.8
44.0 -300.0
44.0 -217.2
44.0 -298.8
44.0 -235.2
44.0 -246.0
44.0 -243.6
44.0 -285.6
44.0 -307.2
44.0 -219.6
44.0 -142.8
44.0 -177.6
44.0 -240.0
44.0 -316.8
44.0 -264.0
44.0 -304.8
44.0 -307.2
44.0 -340.8
44.0 -340.8
44.0 -314.4
45.0 -244.8
45.0 -261.6
45.0 -295.2
45.0 -316.8
45.0 -298.8
45.0 -238.8
45.0 -235.2
45.0 -176.4
45.0 -261.6
45.0 -249.6
45.0 -283.2
45.0 -262.8
45.0 -271.2
45.0 -277.2
45.0 -291.6
45.0 -247.2
45.0 -247.2
45.0 -28.8
45.0 -253.2
45.0 -271.2
45.0 -290.4
45.0 -278.4
45.0 -207.6
45.0 -267.6
45.0 -224.4
45.0 -150.0
45.0 -284.4
45.0 -252.0
45.0 -346.8
45.0 -294.0
46.0 -178.8
46.0 -298.8
46.0 -249.6
46.0 -321.6
46.0 -289.2
46.0 -310.8
46.0 -289.2
46.0 -290.4
46.0 -303.6
46.0 -279.6
46.0 -306.0
46.0 -246.0
46.0 -352.8
46.0 -280.8
46.0 -127.2
46.0 -240.0
46.0 -187.2
46.0 -297.6
46.0 -258.0
46.0 -211.2
46.0 -289.2
46.0 -272.4
46.0 -139.2
46.0 -216.0
46.0 -248.4
46.0 -278.4
46.0 -300.0
46.0 -310.8
46.0 -333.6
46.0 -219.6
46.0 -303.6
46.0 -325.2
46.0 -333.6
46.0 -258.0
46.0 -360.0
46.0 -345.6
47.0 -278.4
47.0 -313.2
47.0 -279.6
47.0 -284.4
47.0 -344.4
47.0 -292.8
47.0 -248.4
47.0 -358.8
47.0 -219.6
47.0 -294.0
47.0 -272.4
47.0 -234.0
47.0 -309.6
47.0 -327.6
47.0 -206.4
47.0 -249.6
47.0 -314.4
47.0 -290.4
47.0 -67.2
47.0 -262.8
47.0 -267.6
47.0 -220.8
47.0 -254.4
47.0 -270.0
47.0 -276.0
47.0 -271.2
47.0 -219.6
47.0 -318.0
47.0 -165.6
47.0 -241.2
47.0 -343.2
47.0 -261.6
47.0 -242.4
47.0 -272.4
47.0 -321.6
47.0 -260.4
47.0 -314.4
48.0 -337.2
48.0 -246.0
48.0 -302.4
48.0 -270.0
48.0 -224.4
48.0 -210.0
48.0 -242.4
48.0 -254.4
48.0 -309.6
48.0 -309.6
48.0 -194.4
48.0 -262.8
48.0 -210.0
48.0 -253.2
48.0 -284.4
48.0 -243.6
48.0 -331.2
48.0 -259.2
48.0 -312.0
48.0 -262.8
48.0 -264.0
48.0 -255.6
48.0 -308.4
48.0 -266.4
48.0 -267.6
48.0 -285.6
48.0 -279.6
48.0 -176.4
48.0 -259.2
48.0 -348.0
48.0 -231.6
48.0 -332.4
48.0 -271.2
48.0 -294.0
48.0 -262.8
48.0 -336.0
48.0 -228.0
48.0 -232.8
48.0 -277.2
48.0 -316.8
48.0 -318.0
48.0 -340.8
48.0 -282.0
48.0 -292.8
48.0 -334.8
48.0 -300.0
48.0 -346.8
48.0 -339.6
49.0 -225.6
49.0 -260.4
49.0 -238.8
49.0 -343.2
49.0 -348.0
49.0 -290.4
49.0 -267.6
49.0 -336.0
49.0 -229.2
49.0 -236.4
49.0 -264.0
49.0 -298.8
49.0 -327.6
49.0 -363.6
49.0 -346.8
49.0 -212.4
49.0 -363.6
49.0 -283.2
49.0 -243.6
49.0 -265.2
49.0 -295.2
49.0 -345.6
49.0 -306.0
49.0 -250.8
49.0 -313.2
49.0 -304.8
49.0 -300.0
49.0 -340.8
49.0 -300.0
49.0 -330.0
49.0 -262.8
49.0 -240.0
49.0 -342.0
49.0 -310.8
49.0 -276.0
49.0 -333.6
49.0 -325.2
49.0 -212.4
49.0 -300.0
49.0 -350.4
49.0 -351.6
49.0 -336.0
50.0 -238.8
50.0 -244.8
50.0 -284.4
50.0 -291.6
50.0 -256.8
50.0 -288.0
50.0 -314.4
50.0 -300.0
50.0 -309.6
50.0 -303.6
50.0 -307.2
50.0 -375.6
50.0 -308.4
50.0 -362.4
50.0 -284.4
50.0 -224.4
50.0 -271.2
50.0 -249.6
50.0 -49.2
50.0 -264.0
50.0 -204.0
50.0 -294.0
50.0 -238.8
50.0 -303.6
50.0 -236.4
50.0 -229.2
50.0 -273.6
50.0 -378.0
50.0 -228.0
50.0 -243.6
50.0 -190.8
50.0 -262.8
50.0 -315.6
50.0 -310.8
50.0 -339.6
50.0 -340.8
50.0 -273.6
50.0 -344.4
50.0 -244.8
50.0 -346.8
51.0 -300.0
51.0 -333.6
51.0 -360.0
51.0 -338.4
51.0 -312.0
51.0 -369.6
51.0 -250.8
51.0 -206.4
51.0 -236.4
51.0 -338.4
51.0 -298.8
51.0 -362.4
51.0 -321.6
51.0 -309.6
51.0 -344.4
51.0 -345.6
51.0 -246.0
51.0 -314.4
51.0 -211.2
51.0 -292.8
51.0 -313.2
51.0 -283.2
51.0 -308.4
51.0 -265.2
51.0 -267.6
51.0 -350.4
51.0 -282.0
51.0 -260.4
51.0 -370.8
51.0 -300.0
51.0 -332.4
51.0 -333.6
51.0 -360.0
51.0 -344.4
51.0 -306.0
51.0 -300.0
51.0 -339.6
51.0 -303.6
51.0 -292.8
51.0 -356.4
52.0 -340.8
52.0 -295.2
52.0 -354.0
52.0 -308.4
52.0 -360.0
52.0 -246.0
52.0 -242.4
52.0 -228.0
52.0 -249.6
52.0 -332.4
52.0 -232.8
52.0 -314.4
52.0 -301.2
52.0 -355.2
52.0 -300.0
52.0 -332.4
52.0 -321.6
52.0 -261.6
52.0 -351.6
52.0 -338.4
52.0 -270.0
52.0 -285.6
52.0 -279.6
52.0 -292.8
52.0 -243.6
52.0 -303.6
52.0 -302.4
52.0 -236.4
52.0 -309.6
52.0 -298.8
52.0 -390.0
52.0 -282.0
52.0 -345.6
52.0 -380.4
52.0 -328.8
52.0 -370.8
52.0 -357.6
52.0 -345.6
53.0 -357.6
53.0 -333.6
53.0 -315.6
53.0 -386.4
53.0 -361.2
53.0 -363.6
53.0 -229.2
53.0 -343.2
53.0 -297.6
53.0 -112.8
53.0 -235.2
53.0 -250.8
53.0 -332.4
53.0 -357.6
53.0 -270.0
53.0 -243.6
53.0 -330.0
53.0 -320.4
53.0 -350.4
53.0 -397.2
53.0 -339.6
53.0 -386.4
53.0 -279.6
53.0 -258.0
53.0 -350.4
53.0 -363.6
53.0 -352.8
53.0 -331.2
53.0 -279.6
53.0 -354.0
53.0 -352.8
53.0 -375.6
53.0 -334.8
53.0 -278.4
53.0 -350.4
53.0 -369.6
54.0 -360.0
54.0 -374.4
54.0 -346.8
54.0 -229.2
54.0 -304.8
54.0 -338.4
54.0 -308.4
54.0 -288.0
54.0 -288.0
54.0 -318.0
54.0 -267.6
54.0 -350.4
54.0 -258.0
54.0 -393.6
54.0 -376.8
54.0 -327.6
54.0 -252.0
54.0 -364.8
54.0 -271.2
54.0 -319.2
54.0 -273.6
54.0 -296.4
54.0 -348.0
54.0 -307.2
54.0 -273.6
54.0 -387.6
54.0 -355.2
54.0 -343.2
54.0 -254.4
54.0 -328.8
54.0 -189.6
54.0 -282.0
54.0 -27.6
54.0 -136.8
54.0 -306.0
54.0 -258.0
54.0 -351.6
54.0 -351.6
54.0 -314.4
54.0 -343.2
54.0 -312.0
54.0 -272.4
55.0 -75.6
55.0 -336.0
55.0 -289.2
55.0 -302.4
55.0 -316.8
55.0 -361.2
55.0 -288.0
55.0 -337.2
55.0 -284.4
55.0 -298.8
55.0 -248.4
55.0 -301.2
55.0 -309.6
55.0 -297.6
55.0 -237.6
55.0 -228.0
55.0 -355.2
55.0 -72.0
55.0 -318.0
55.0 -300.0
55.0 -276.0
55.0 -373.2
55.0 -273.6
55.0 -315.6
55.0 -363.6
55.0 -402.0
55.0 -338.4
55.0 -302.4
55.0 -222.0
55.0 -331.2
56.0 -300.0
56.0 -319.2
56.0 -315.6
56.0 -248.4
56.0 -400.8
56.0 -298.8
56.0 -350.4
56.0 -397.2
56.0 -296.4
56.0 -366.0
56.0 -349.2
56.0 -273.6
56.0 -331.2
56.0 -356.4
56.0 -362.4
56.0 -352.8
56.0 -381.6
56.0 -276.0
56.0 -320.4
56.0 -284.4
56.0 -327.6
56.0 -328.8
56.0 -273.6
56.0 -334.8
56.0 -355.2
56.0 -403.2
56.0 -74.4
56.0 -267.6
56.0 -306.0
56.0 -231.6
56.0 -295.2
56.0 -411.6
56.0 -229.2
56.0 -331.2
56.0 -388.8
56.0 -362.4
56.0 -356.4
56.0 -415.2
56.0 -300.0
56.0 -333.6
56.0 -366.0
56.0 -336.0
56.0 -358.8
56.0 -297.6
56.0 -278.4
57.0 -309.6
57.0 -406.8
57.0 -309.6
57.0 -309.6
57.0 -340.8
57.0 -280.8
57.0 -387.6
57.0 -213.6
57.0 -344.4
57.0 -387.6
57.0 -309.6
57.0 -355.2
57.0 -162.0
57.0 -201.6
57.0 -64.8
57.0 -272.4
57.0 -298.8
57.0 -286.8
57.0 -288.0
57.0 -189.6
57.0 -254.4
57.0 -369.6
57.0 -351.6
57.0 -312.0
57.0 -297.6
57.0 -301.2
57.0 -354.0
57.0 -226.8
57.0 -346.8
57.0 -339.6
57.0 -337.2
57.0 -326.4
57.0 -332.4
57.0 -381.6
57.0 -312.0
57.0 -367.2
57.0 -313.2
58.0 -378.0
58.0 -387.6
58.0 -345.6
58.0 -416.4
58.0 -255.6
58.0 -310.8
58.0 -426.0
58.0 -326.4
58.0 -364.8
58.0 -358.8
58.0 -374.4
58.0 -243.6
58.0 -356.4
58.0 -350.4
58.0 -283.2
58.0 -368.4
58.0 -336.0
58.0 -320.4
58.0 -271.2
58.0 -260.4
58.0 -315.6
58.0 -252.0
58.0 -327.6
58.0 -336.0
58.0 -314.4
58.0 -345.6
58.0 -398.4
58.0 -331.2
58.0 -352.8
58.0 -376.8
58.0 -331.2
58.0 -366.0
58.0 -310.8
58.0 -372.0
58.0 -366.0
59.0 -403.2
59.0 -303.6
59.0 -279.6
59.0 -320.4
59.0 -362.4
59.0 -434.4
59.0 -333.6
59.0 -344.4
59.0 -404.4
59.0 -291.6
59.0 -270.0
59.0 -336.0
59.0 -361.2
59.0 -238.8
59.0 -278.4
59.0 -72.0
59.0 -355.2
59.0 -248.4
59.0 -309.6
59.0 -378.0
59.0 -354.0
59.0 -423.6
59.0 -373.2
59.0 -297.6
60.0 -392.4
60.0 -404.4
60.0 -415.2
60.0 -240.0
60.0 -420.0
60.0 -289.2
60.0 -309.6
60.0 -373.2
60.0 -321.6
60.0 -312.0
60.0 -285.6
60.0 -358.8
60.0 -346.8
60.0 -345.6
60.0 -337.2
60.0 -319.2
60.0 -393.6
60.0 -391.2
60.0 -363.6
60.0 -247.2
60.0 -327.6
60.0 -337.2
60.0 -352.8
60.0 -256.8
60.0 -386.4
60.0 -316.8
60.0 -176.4
60.0 -330.0
60.0 -399.6
60.0 -380.4
60.0 -328.8
60.0 -332.4
60.0 -294.0
60.0 -219.6
60.0 -357.6
60.0 -300.0
60.0 -313.2
60.0 -346.8
60.0 -412.8
60.0 -394.8
60.0 -220.8
60.0 -399.6
60.0 -306.0
60.0 -340.8
61.0 -372.0
61.0 -316.8
61.0 -324.0
61.0 -334.8
61.0 -366.0
61.0 -405.6
61.0 -398.4
61.0 -386.4
61.0 -332.4
61.0 -289.2
61.0 -345.6
61.0 -61.2
61.0 -67.2
61.0 -296.4
61.0 -310.8
61.0 -354.0
61.0 -276.0
61.0 -271.2
61.0 -416.4
61.0 -259.2
61.0 -241.2
61.0 -276.0
61.0 -379.2
61.0 -420.0
61.0 -418.8
61.0 -346.8
61.0 -378.0
61.0 -343.2
62.0 -333.6
62.0 -397.2
62.0 -319.2
62.0 -296.4
62.0 -376.8
62.0 -416.4
62.0 -184.8
62.0 -244.8
62.0 -387.6
62.0 -346.8
62.0 -334.8
62.0 -196.8
62.0 -162.0
62.0 -60.0
62.0 -272.4
62.0 -373.2
62.0 -368.4
62.0 -428.4
62.0 -332.4
62.0 -367.2
62.0 -324.0
62.0 -92.4
62.0 -82.8
62.0 -356.4
62.0 -258.0
62.0 -385.2
62.0 -260.4
62.0 -452.4
62.0 -388.8
62.0 -374.4
62.0 -374.4
62.0 -354.0
62.0 -370.8
62.0 -358.8
62.0 -301.2
62.0 -430.8
62.0 -290.4
63.0 -296.4
63.0 -406.8
63.0 -366.0
63.0 -358.8
63.0 -390.0
63.0 -320.4
63.0 -440.4
63.0 -367.2
63.0 -399.6
63.0 -314.4
63.0 -244.8
63.0 -367.2
63.0 -373.2
63.0 -328.8
63.0 -390.0
63.0 -382.8
63.0 -404.4
63.0 -414.0
63.0 -164.4
63.0 -375.6
63.0 -334.8
63.0 -284.4
63.0 -370.8
63.0 -337.2
63.0 -340.8
63.0 -332.4
63.0 -316.8
63.0 -334.8
63.0 -420.0
63.0 -362.4
63.0 -403.2
64.0 -316.8
64.0 -357.6
64.0 -399.6
64.0 -405.6
64.0 -442.8
64.0 -379.2
64.0 -410.4
64.0 -396.0
64.0 -368.4
64.0 -378.0
64.0 -372.0
64.0 -321.6
64.0 -122.4
64.0 -147.6
64.0 -91.2
64.0 -147.6
64.0 -422.4
64.0 -331.2
64.0 -406.8
64.0 -43.2
64.0 -327.6
64.0 -334.8
64.0 -416.4
64.0 -334.8
64.0 -400.8
64.0 -403.2
64.0 -340.8
64.0 -374.4
64.0 -392.4
64.0 -403.2
64.0 -424.8
64.0 -405.6
65.0 -451.2
65.0 -320.4
65.0 -380.4
65.0 -454.8
65.0 -388.8
65.0 -460.8
65.0 -334.8
65.0 -409.2
65.0 -348.0
65.0 -351.6
65.0 -340.8
65.0 -451.2
65.0 -374.4
65.0 -410.4
65.0 -339.6
65.0 -280.8
65.0 -320.4
65.0 -210.0
65.0 -32.4
65.0 0.0
65.0 -351.6
65.0 -351.6
65.0 -408.0
65.0 -368.4
65.0 -402.0
65.0 -380.4
65.0 -393.6
65.0 -367.2
65.0 -418.8
65.0 -370.8
65.0 -422.4
65.0 -309.6
65.0 -447.6
66.0 -439.2
66.0 -285.6
66.0 -328.8
66.0 -424.8
66.0 -373.2
66.0 -324.0
66.0 -308.4
66.0 -385.2
66.0 -288.0
66.0 -187.2
66.0 -177.6
66.0 -313.2
66.0 -356.4
66.0 -355.2
66.0 -459.6
66.0 -356.4
66.0 -454.8
66.0 -273.6
66.0 -433.2
66.0 -351.6
66.0 -266.4
66.0 -374.4
66.0 -438.0
66.0 -417.6
66.0 -436.8
66.0 -307.2
66.0 -372.0
66.0 -410.4
66.0 -366.0
66.0 -351.6
67.0 -142.8
67.0 -358.8
67.0 -427.2
67.0 -364.8
67.0 -417.6
67.0 -423.6
67.0 -344.4
67.0 -346.8
67.0 -382.8
67.0 -396.0
67.0 -448.8
67.0 -394.8
67.0 -456.0
67.0 -391.2
67.0 -403.2
67.0 -340.8
67.0 -350.4
67.0 -292.8
67.0 -139.2
67.0 -237.6
67.0 -192.0
67.0 -415.2
67.0 -391.2
67.0 -454.8
67.0 -374.4
67.0 -434.4
67.0 -441.6
67.0 -414.0
67.0 -412.8
67.0 -453.6
67.0 -336.0
67.0 -456.0
67.0 -339.6
67.0 -447.6
68.0 -428.4
68.0 -387.6
68.0 -441.6
68.0 -415.2
68.0 -435.6
68.0 -348.0
68.0 -432.0
68.0 -390.0
68.0 -361.2
68.0 -42.0
68.0 -97.2
68.0 -134.4
68.0 -387.6
68.0 -428.4
68.0 -360.0
68.0 -414.0
68.0 -372.0
68.0 -346.8
68.0 -421.2
68.0 -460.8
68.0 -382.8
68.0 -397.2
68.0 -358.8
68.0 -453.6
68.0 -346.8
68.0 -463.2
68.0 -382.8
68.0 -405.6
68.0 -409.2
68.0 -405.6
69.0 -373.2
69.0 -343.2
69.0 -382.8
69.0 -436.8
69.0 -392.4
69.0 -174.0
69.0 -362.4
69.0 -415.2
69.0 -310.8
69.0 -56.4
69.0 -60.0
69.0 -62.4
69.0 -398.4
69.0 -388.8
69.0 -372.0
69.0 -403.2
69.0 -400.8
69.0 -399.6
69.0 -381.6
69.0 -418.8
69.0 -429.6
69.0 -357.6
69.0 -385.2
69.0 -439.2
70.0 -370.8
70.0 -380.4
70.0 -381.6
70.0 -453.6
70.0 -417.6
70.0 -386.4
70.0 -318.0
70.0 -384.0
70.0 -398.4
70.0 -354.0
70.0 -441.6
70.0 -457.2
70.0 -397.2
70.0 -115.2
70.0 -264.0
70.0 -386.4
70.0 -452.4
70.0 -454.8
70.0 -372.0
70.0 -409.2
70.0 -302.4
70.0 -390.0
70.0 -460.8
70.0 -381.6
70.0 -423.6
70.0 -457.2
71.0 -334.8
71.0 -324.0
71.0 -364.8
71.0 -385.2
71.0 -392.4
71.0 -448.8
71.0 -448.8
71.0 -393.6
71.0 -423.6
71.0 -70.8
71.0 -153.6
71.0 -136.8
71.0 -118.8
71.0 -130.8
71.0 -76.8
71.0 -448.8
71.0 -260.4
71.0 -468.0
71.0 -336.0
71.0 -385.2
71.0 -408.0
72.0 -391.2
72.0 -367.2
72.0 -328.8
72.0 -496.8
72.0 -433.2
72.0 -358.8
72.0 -348.0
72.0 -337.2
72.0 -414.0
72.0 -337.2
72.0 -346.8
72.0 -93.6
72.0 -124.8
72.0 -127.2
72.0 -106.8
72.0 -433.2
72.0 -418.8
72.0 -176.4
72.0 -373.2
72.0 -337.2
72.0 -493.2
72.0 -279.6
72.0 -380.4
72.0 -454.8
73.0 -106.8
73.0 -60.0
73.0 -400.8
73.0 -361.2
73.0 -460.8
73.0 -436.8
73.0 -440.4
73.0 -112.8
73.0 -391.2
73.0 -447.6
73.0 -176.4
73.0 -181.2
73.0 -432.0
73.0 -324.0
73.0 -337.2
73.0 -76.8
73.0 -32.4
73.0 -64.8
73.0 -109.2
73.0 -88.8
73.0 -421.2
73.0 -474.0
73.0 -387.6
73.0 -450.0
73.0 -500.4
73.0 -374.4
73.0 -423.6
73.0 -488.4
74.0 -60.0
74.0 -91.2
74.0 -397.2
74.0 -451.2
74.0 -309.6
74.0 -418.8
74.0 -372.0
74.0 -404.4
74.0 -427.2
74.0 -142.8
74.0 -465.6
74.0 -414.0
74.0 -330.0
74.0 -349.2
74.0 -352.8
74.0 -127.2
74.0 -240.0
74.0 -238.8
74.0 -366.0
74.0 -382.8
74.0 -363.6
74.0 -73.2
74.0 -33.6
74.0 -154.8
74.0 -172.8
74.0 -304.8
74.0 -262.8
74.0 -378.0
74.0 -472.8
74.0 -447.6
74.0 -386.4
74.0 -450.0
74.0 -404.4
74.0 -440.4
74.0 -450.0
74.0 -427.2
74.0 -416.4
74.0 -399.6
75.0 -480.0
75.0 -462.0
75.0 -354.0
75.0 -456.0
75.0 -396.0
75.0 -444.0
75.0 -376.8
75.0 -408.0
75.0 -69.6
75.0 -180.0
75.0 -141.6
75.0 -141.6
75.0 -235.2
75.0 -451.2
75.0 -346.8
75.0 -441.6
75.0 -102.0
75.0 -481.2
75.0 -318.0
75.0 -472.8
75.0 -409.2
75.0 -445.2
75.0 -405.6
75.0 -456.0
75.0 -420.0
75.0 -514.8
75.0 -327.6
75.0 -367.2
75.0 -434.4
76.0 -194.4
76.0 -400.8
76.0 -470.4
76.0 -510.0
76.0 -294.0
76.0 -460.8
76.0 -446.4
76.0 -483.6
76.0 -387.6
76.0 -331.2
76.0 -351.6
76.0 -354.0
76.0 -109.2
76.0 -241.2
76.0 -174.0
76.0 -184.8
76.0 -61.2
76.0 -450.0
76.0 -67.2
76.0 -56.4
76.0 -343.2
76.0 -219.6
76.0 -436.8
76.0 -493.2
76.0 -492.0
76.0 -415.2
76.0 -475.2
77.0 -238.8
77.0 -464.4
77.0 -394.8
77.0 -411.6
77.0 -450.0
77.0 -332.4
77.0 -434.4
77.0 -458.4
77.0 -394.8
77.0 -414.0
77.0 -336.0
77.0 -361.2
77.0 -88.8
77.0 -411.6
77.0 -202.8
77.0 0.0
77.0 -80.4
77.0 -387.6
77.0 -404.4
77.0 -452.4
77.0 -488.4
77.0 -264.0
77.0 -421.2
77.0 -450.0
77.0 -500.4
77.0 -417.6
77.0 -325.2
77.0 -477.6
77.0 -433.2
78.0 -172.8
78.0 -524.4
78.0 -399.6
78.0 -403.2
78.0 -424.8
78.0 -373.2
78.0 -465.6
78.0 -531.6
78.0 -229.2
78.0 -133.2
78.0 -444.0
78.0 -410.4
78.0 -488.4
78.0 -420.0
78.0 -393.6
78.0 -420.0
78.0 -94.8
78.0 -435.6
78.0 -405.6
78.0 -94.8
78.0 -416.4
78.0 -513.6
78.0 -493.2
78.0 -505.2
78.0 -434.4
78.0 -474.0
78.0 -459.6
78.0 -477.6
78.0 -493.2
78.0 -446.4
78.0 -490.8
78.0 -460.8
78.0 -495.6
79.0 -385.2
79.0 -424.8
79.0 -453.6
79.0 -382.8
79.0 -492.0
79.0 -538.8
79.0 -424.8
79.0 -457.2
79.0 -313.2
79.0 -241.2
79.0 -139.2
79.0 -158.4
79.0 -438.0
79.0 -387.6
79.0 -519.6
79.0 -438.0
79.0 -432.0
79.0 -459.6
79.0 -468.0
79.0 -460.8
79.0 -488.4
80.0 -207.6
80.0 -426.0
80.0 -350.4
80.0 -301.2
80.0 -526.8
80.0 -458.4
80.0 -460.8
80.0 -396.0
80.0 -471.6
80.0 -441.6
80.0 -61.2
80.0 -115.2
80.0 -144.0
80.0 -76.8
80.0 -429.6
80.0 -410.4
80.0 -130.8
80.0 -130.8
80.0 -27.6
80.0 -33.6
80.0 -129.6
80.0 -159.6
80.0 -186.0
80.0 -190.8
80.0 -476.4
80.0 -495.6
80.0 -458.4
80.0 -418.8
80.0 -430.8
80.0 -476.4
80.0 -474.0
80.0 -480.0
80.0 -392.4
80.0 -534.0
80.0 -513.6
80.0 -453.6
80.0 -477.6
80.0 -460.8
80.0 -434.4
81.0 -158.4
81.0 -416.4
81.0 -463.2
81.0 -435.6
81.0 -169.2
81.0 -229.2
81.0 -104.4
81.0 -354.0
81.0 -388.8
81.0 -105.6
81.0 -210.0
81.0 -186.0
81.0 -481.2
81.0 -433.2
81.0 -428.4
81.0 -160.8
81.0 -72.0
81.0 -136.8
81.0 -439.2
81.0 -412.8
81.0 -422.4
81.0 -525.6
81.0 -435.6
82.0 -223.2
82.0 -295.2
82.0 -176.4
82.0 -157.2
82.0 -492.0
82.0 -418.8
82.0 -308.4
82.0 -484.8
82.0 -462.0
82.0 -373.2
82.0 -381.6
82.0 -182.4
82.0 -429.6
82.0 -337.2
82.0 -526.8
82.0 -141.6
82.0 -205.2
82.0 -472.8
82.0 -441.6
82.0 -510.0
82.0 -440.4
82.0 -506.4
82.0 -458.4
82.0 -211.2
82.0 -477.6
82.0 -415.2
82.0 -472.8
82.0 -512.4
82.0 -396.0
83.0 -514.8
83.0 -506.4
83.0 -321.6
83.0 -475.2
83.0 -414.0
83.0 -444.0
83.0 -385.2
83.0 -486.0
83.0 -501.6
83.0 -354.0
83.0 -381.6
83.0 -466.8
83.0 -511.2
83.0 -458.4
83.0 -169.2
83.0 -172.8
83.0 -168.0
83.0 -72.0
83.0 -91.2
83.0 -177.6
83.0 -103.2
83.0 -242.4
83.0 -193.2
83.0 -506.4
83.0 -460.8
83.0 -416.4
83.0 -471.6
83.0 -459.6
83.0 -512.4
83.0 -493.2
83.0 -468.0
83.0 -411.6
83.0 -454.8
83.0 -478.8
83.0 -475.2
83.0 -433.2
84.0 -196.8
84.0 -375.6
84.0 -508.8
84.0 -468.0
84.0 -453.6
84.0 -464.4
84.0 -463.2
84.0 -141.6
84.0 -237.6
84.0 -184.8
84.0 -133.2
84.0 -106.8
84.0 -73.2
84.0 -420.0
84.0 -499.2
84.0 -446.4
84.0 -510.0
84.0 -522.0
84.0 -481.2
84.0 -418.8
84.0 -483.6
84.0 -488.4
84.0 -346.8
84.0 -513.6
84.0 -516.0
84.0 -451.2
84.0 -548.4
84.0 -537.6
84.0 -535.2
85.0 -218.4
85.0 -240.0
85.0 -129.6
85.0 -379.2
85.0 -458.4
85.0 -337.2
85.0 -474.0
85.0 -368.4
85.0 -136.8
85.0 -457.2
85.0 -428.4
85.0 -262.8
85.0 -170.4
85.0 -120.0
85.0 -262.8
85.0 -471.6
85.0 -92.4
85.0 -141.6
85.0 -128.4
85.0 -216.0
85.0 -529.2
85.0 -526.8
85.0 -439.2
85.0 -454.8
85.0 -528.0
85.0 -510.0
85.0 -501.6
85.0 -514.8
85.0 -216.0
85.0 -546.0
85.0 -537.6
85.0 -547.2
85.0 -444.0
86.0 -338.4
86.0 -321.6
86.0 -457.2
86.0 -511.2
86.0 -412.8
86.0 -500.4
86.0 -429.6
86.0 -519.6
86.0 -423.6
86.0 -201.6
86.0 -97.2
86.0 -241.2
86.0 -524.4
86.0 -495.6
86.0 -64.8
86.0 -158.4
86.0 -135.6
86.0 -242.4
86.0 -166.8
86.0 -523.2
86.0 -472.8
86.0 -501.6
86.0 -508.8
86.0 -135.6
86.0 -277.2
86.0 -222.0
86.0 -450.0
86.0 -505.2
86.0 -420.0
86.0 -524.4
86.0 -495.6
86.0 -562.8
86.0 -505.2
87.0 -202.8
87.0 -206.4
87.0 -504.0
87.0 -307.2
87.0 -530.4
87.0 -406.8
87.0 -159.6
87.0 -27.6
87.0 -218.4
87.0 -249.6
87.0 -151.2
87.0 -423.6
87.0 -181.2
87.0 -75.6
87.0 -234.0
87.0 -56.4
87.0 -544.8
87.0 -517.2
87.0 -433.2
87.0 -546.0
87.0 -470.4
87.0 -525.6
87.0 -487.2
87.0 -470.4
87.0 -435.6
88.0 -476.4
88.0 -374.4
88.0 -367.2
88.0 -488.4
88.0 -378.0
88.0 -441.6
88.0 -241.2
88.0 -43.2
88.0 -530.4
88.0 -448.8
88.0 -378.0
88.0 -261.6
88.0 -409.2
88.0 -499.2
88.0 -72.0
88.0 -132.0
88.0 -106.8
88.0 -198.0
88.0 -213.6
88.0 -483.6
88.0 -547.2
88.0 -214.8
88.0 -534.0
88.0 -496.8
88.0 -524.4
88.0 -513.6
88.0 -555.6
89.0 -94.8
89.0 -166.8
89.0 -144.0
89.0 -526.8
89.0 -512.4
89.0 -556.8
89.0 -249.6
89.0 -592.8
89.0 -519.6
89.0 -502.8
89.0 -426.0
89.0 -232.8
89.0 -217.2
89.0 -190.8
89.0 -200.4
89.0 -136.8
89.0 -445.2
89.0 -162.0
89.0 -199.2
89.0 -163.2
89.0 -94.8
89.0 -92.4
89.0 -456.0
89.0 -526.8
89.0 -540.0
89.0 -258.0
89.0 -145.2
89.0 -544.8
89.0 -490.8
89.0 -594.0
89.0 -541.2
89.0 -541.2
90.0 -486.0
90.0 -178.8
90.0 -166.8
90.0 -508.8
90.0 -379.2
90.0 -487.2
90.0 -102.0
90.0 -90.0
90.0 -177.6
90.0 -133.2
90.0 -122.4
90.0 -525.6
90.0 -76.8
90.0 -148.8
90.0 -91.2
90.0 -99.6
90.0 -76.8
90.0 -274.8
90.0 -165.6
90.0 -88.8
90.0 -148.8
90.0 -494.4
90.0 -565.2
90.0 -446.4
90.0 -453.6
90.0 -315.6
90.0 -174.0
90.0 -565.2
90.0 -507.6
90.0 -553.2
90.0 -537.6
90.0 -574.8
90.0 -511.2
91.0 -219.6
91.0 -229.2
91.0 -486.0
91.0 -488.4
91.0 -378.0
91.0 -583.2
91.0 -591.6
91.0 -544.8
91.0 -104.4
91.0 -99.6
91.0 -568.8
91.0 -519.6
91.0 -129.6
91.0 -186.0
91.0 -183.6
91.0 -294.0
91.0 -603.6
91.0 -144.0
91.0 -378.0
91.0 -93.6
91.0 -174.0
91.0 -146.4
91.0 -232.8
91.0 -418.8
91.0 -498.0
91.0 -553.2
91.0 -474.0
91.0 -517.2
91.0 -520.8
91.0 -444.0
91.0 -468.0
91.0 -264.0
91.0 -126.0
91.0 -542.4
91.0 -517.2
91.0 -540.0
91.0 -466.8
91.0 -582.0
92.0 -237.6
92.0 -572.4
92.0 -472.8
92.0 -498.0
92.0 -510.0
92.0 -223.2
92.0 -298.8
92.0 -224.4
92.0 -328.8
92.0 -216.0
92.0 -273.6
92.0 -440.4
92.0 -141.6
92.0 -206.4
92.0 -103.2
92.0 -210.0
92.0 -116.4
92.0 -73.2
92.0 -279.6
92.0 -148.8
92.0 -489.6
92.0 -454.8
92.0 -307.2
92.0 -138.0
92.0 -542.4
92.0 -578.4
93.0 -411.6
93.0 -426.0
93.0 -481.2
93.0 -538.8
93.0 -384.0
93.0 -72.0
93.0 -513.6
93.0 -523.2
93.0 -214.8
93.0 -218.4
93.0 -243.6
93.0 -216.0
93.0 -150.0
93.0 -164.4
93.0 -212.4
93.0 -471.6
93.0 -531.6
93.0 -488.4
93.0 -523.2
93.0 -433.2
93.0 -484.8
93.0 -164.4
93.0 -268.8
93.0 -546.0
93.0 -566.4
94.0 -398.4
94.0 -181.2
94.0 -201.6
94.0 -560.4
94.0 -366.0
94.0 -456.0
94.0 -97.2
94.0 -153.6
94.0 -528.0
94.0 -428.4
94.0 -88.8
94.0 -162.0
94.0 -66.0
94.0 -207.6
94.0 -166.8
94.0 -180.0
94.0 -219.6
94.0 -294.0
94.0 -237.6
94.0 -204.0
94.0 -454.8
94.0 -534.0
94.0 -58.8
94.0 -132.0
94.0 -98.4
94.0 -307.2
94.0 -182.4
94.0 -219.6
94.0 -542.4
94.0 -414.0
94.0 -421.2
94.0 -432.0
95.0 -212.4
95.0 -174.0
95.0 -415.2
95.0 -439.2
95.0 -537.6
95.0 -108.0
95.0 -153.6
95.0 -466.8
95.0 -273.6
95.0 -296.4
95.0 -146.4
95.0 -108.0
95.0 -181.2
95.0 -158.4
95.0 -166.8
95.0 -178.8
95.0 -285.6
95.0 -93.6
95.0 -285.6
95.0 -224.4
95.0 -460.8
95.0 -153.6
95.0 -105.6
95.0 -124.8
95.0 -98.4
95.0 -316.8
95.0 -219.6
95.0 -70.8
95.0 -465.6
95.0 -549.6
95.0 -561.6
95.0 -464.4
95.0 -543.6
95.0 -544.8
95.0 -652.8
95.0 -570.0
95.0 -493.2
96.0 -255.6
96.0 -200.4
96.0 -262.8
96.0 -514.8
96.0 -554.4
96.0 -109.2
96.0 -135.6
96.0 -585.6
96.0 -470.4
96.0 -482.4
96.0 -242.4
96.0 -171.6
96.0 -276.0
96.0 -92.4
96.0 -280.8
96.0 -129.6
96.0 -157.2
96.0 -103.2
96.0 -577.2
96.0 -543.6
96.0 -552.0
96.0 -489.6
96.0 -459.6
96.0 -488.4
96.0 -496.8
96.0 -482.4
96.0 -264.0
96.0 -160.8
96.0 -586.8
96.0 -576.0
96.0 -452.4
96.0 -409.2
96.0 -571.2
96.0 -436.8
96.0 -601.2
97.0 -319.2
97.0 -380.4
97.0 -568.8
97.0 -262.8
97.0 -183.6
97.0 -130.8
97.0 -153.6
97.0 -513.6
97.0 -523.2
97.0 -283.2
97.0 -265.2
97.0 -168.0
97.0 -258.0
97.0 -160.8
97.0 -152.4
97.0 -86.4
97.0 -176.4
97.0 -154.8
97.0 -104.4
97.0 -201.6
97.0 -139.2
97.0 -93.6
97.0 -104.4
97.0 -500.4
97.0 -531.6
97.0 -561.6
97.0 -553.2
97.0 -589.2
97.0 -568.8
97.0 -542.4
97.0 -493.2
97.0 -610.8
98.0 -184.8
98.0 -308.4
98.0 -301.2
98.0 -518.4
98.0 -186.0
98.0 -493.2
98.0 -306.0
98.0 -301.2
98.0 -117.6
98.0 -174.0
98.0 -172.8
98.0 -220.8
98.0 -134.4
98.0 -224.4
98.0 -117.6
98.0 -120.0
98.0 -596.4
98.0 -484.8
98.0 -554.4
98.0 -590.4
98.0 -542.4
98.0 -528.0
98.0 -634.8
98.0 -544.8
99.0 -186.0
99.0 -360.0
99.0 -180.0
99.0 -380.4
99.0 -97.2
99.0 -157.2
99.0 -340.8
99.0 -385.2
99.0 -520.8
99.0 -570.0
99.0 -415.2
99.0 -181.2
99.0 -175.2
99.0 -201.6
99.0 -218.4
99.0 -114.0
99.0 -166.8
99.0 -330.0
99.0 -565.2
99.0 -550.8
99.0 -476.4
99.0 -489.6
99.0 -498.0
99.0 -482.4
99.0 -554.4
99.0 -536.4
99.0 -594.0
99.0 -226.8
99.0 -278.4
99.0 -218.4
99.0 -535.2
99.0 -498.0
100.0 -240.0
100.0 -333.6
100.0 -519.6
100.0 -571.2
100.0 -530.4
100.0 -145.2
100.0 -291.6
100.0 -445.2
100.0 -536.4
100.0 -211.2
100.0 -170.4
100.0 -373.2
100.0 -327.6
100.0 -250.8
100.0 -127.2
100.0 -66.0
100.0 -219.6
100.0 -163.2
100.0 -169.2
100.0 -462.0
100.0 -579.6
100.0 -600.0
100.0 -580.8
100.0 -591.6
100.0 -595.2
100.0 -564.0
100.0 -589.2
100.0 -534.0
100.0 -286.8
100.0 -250.8
100.0 -139.2
100.0 -494.4
101.0 -541.2
101.0 -519.6
101.0 -423.6
101.0 -470.4
101.0 -531.6
101.0 -202.8
101.0 -219.6
101.0 -187.2
101.0 -619.2
101.0 -532.8
101.0 -210.0
101.0 -186.0
101.0 -266.4
101.0 -306.0
101.0 -183.6
101.0 -168.0
101.0 -328.8
101.0 -290.4
101.0 -193.2
101.0 -103.2
101.0 -504.0
101.0 -592.8
101.0 -565.2
101.0 -481.2
101.0 -532.8
101.0 -523.2
101.0 -314.4
101.0 -273.6
101.0 -632.4
101.0 -544.8
101.0 -586.8
101.0 -552.0
102.0 -289.2
102.0 -472.8
102.0 -420.0
102.0 -546.0
102.0 -218.4
102.0 -138.0
102.0 -207.6
102.0 -170.4
102.0 -607.2
102.0 -108.0
102.0 -273.6
102.0 -129.6
102.0 -508.8
102.0 -524.4
102.0 -498.0
102.0 -544.8
102.0 -590.4
102.0 -472.8
102.0 -550.8
102.0 -555.6
102.0 -631.2
102.0 -470.4
102.0 -522.0
102.0 -290.4
102.0 -354.0
102.0 -375.6
102.0 -351.6
102.0 -537.6
102.0 -543.6
103.0 -145.2
103.0 -253.2
103.0 -499.2
103.0 -508.8
103.0 -571.2
103.0 -205.2
103.0 -219.6
103.0 -600.0
103.0 -178.8
103.0 -169.2
103.0 -494.4
103.0 -273.6
103.0 -192.0
103.0 -324.0
103.0 -93.6
103.0 0.0
103.0 -597.6
103.0 -544.8
103.0 -577.2
103.0 -506.4
103.0 -622.8
103.0 -600.0
103.0 -562.8
103.0 -390.0
103.0 -283.2
103.0 -555.6
103.0 -537.6
103.0 -588.0
104.0 -559.2
104.0 -465.6
104.0 -584.4
104.0 -577.2
104.0 -561.6
104.0 -88.8
104.0 -183.6
104.0 -178.8
104.0 -517.2
104.0 -487.2
104.0 -213.6
104.0 -301.2
104.0 -208.8
104.0 -124.8
104.0 -156.0
104.0 -243.6
104.0 -93.6
104.0 -267.6
104.0 -234.0
104.0 -182.4
104.0 -531.6
104.0 -582.0
104.0 -507.6
104.0 -538.8
104.0 -522.0
104.0 -570.0
104.0 -547.2
104.0 -271.2
104.0 -298.8
104.0 -576.0
104.0 -520.8
104.0 -571.2
104.0 -640.8
104.0 -596.4
105.0 -270.0
105.0 -361.2
105.0 -543.6
105.0 -542.4
105.0 -60.0
105.0 -496.8
105.0 -176.4
105.0 -180.0
105.0 -307.2
105.0 -124.8
105.0 -247.2
105.0 -500.4
105.0 -172.8
105.0 -151.2
105.0 -230.4
105.0 -273.6
105.0 -244.8
105.0 -206.4
105.0 -184.8
105.0 -260.4
105.0 -265.2
105.0 -150.0
105.0 -148.8
105.0 -465.6
105.0 -549.6
105.0 -559.2
105.0 -584.4
105.0 -525.6
105.0 -579.6
105.0 -651.6
105.0 -552.0
106.0 -212.4
106.0 -85.2
106.0 -234.0
106.0 -273.6
106.0 -195.6
106.0 -124.8
106.0 -601.2
106.0 -638.4
106.0 -498.0
106.0 -460.8
106.0 -255.6
106.0 -247.2
106.0 -126.0
106.0 -315.6
106.0 -205.2
106.0 -180.0
106.0 -578.4
106.0 -434.4
106.0 -322.8
106.0 -286.8
106.0 -114.0
106.0 -234.0
106.0 -243.6
106.0 -111.6
106.0 -307.2
106.0 -128.4
106.0 -132.0
106.0 -147.6
106.0 -512.4
106.0 -646.8
106.0 -578.4
106.0 -596.4
106.0 -501.6
106.0 -607.2
106.0 -471.6
106.0 -537.6
106.0 -525.6
106.0 -584.4
106.0 -213.6
106.0 -280.8
106.0 -415.2
106.0 -212.4
106.0 -184.8
106.0 -357.6
106.0 -268.8
106.0 -661.2
106.0 -639.6
107.0 -314.4
107.0 -301.2
107.0 -414.0
107.0 -253.2
107.0 -511.2
107.0 -516.0
107.0 -265.2
107.0 -236.4
107.0 -642.0
107.0 -108.0
107.0 -178.8
107.0 -121.2
107.0 -120.0
107.0 -174.0
107.0 -633.6
107.0 -538.8
107.0 -592.8
107.0 -511.2
107.0 -549.6
107.0 -564.0
107.0 -579.6
107.0 -514.8
107.0 -594.0
107.0 -614.4
107.0 -598.8
107.0 -267.6
107.0 -283.2
107.0 -488.4
107.0 -596.4
108.0 -175.2
108.0 -249.6
108.0 -144.0
108.0 -289.2
108.0 -180.0
108.0 -186.0
108.0 -289.2
108.0 -166.8
108.0 -136.8
108.0 -546.0
108.0 -256.8
108.0 -160.8
108.0 -232.8
108.0 -201.6
108.0 -226.8
108.0 -562.8
108.0 -556.8
108.0 -350.4
108.0 -423.6
109.0 -652.8
109.0 -242.4
109.0 -241.2
109.0 -284.4
109.0 -118.8
109.0 -104.4
109.0 -493.2
109.0 -534.0
109.0 -382.8
109.0 -176.4
109.0 -378.0
109.0 -104.4
109.0 -346.8
109.0 -250.8
109.0 -474.0
109.0 -597.6
109.0 -649.2
109.0 -516.0
109.0 -322.8
109.0 -504.0
110.0 -289.2
110.0 -253.2
110.0 -536.4
110.0 -559.2
110.0 -504.0
110.0 -597.6
110.0 -261.6
110.0 -208.8
110.0 -290.4
110.0 -195.6
110.0 -205.2
110.0 -402.0
110.0 -298.8
110.0 -436.8
110.0 -228.0
110.0 -222.0
110.0 -213.6
110.0 -338.4
110.0 -252.0
110.0 -355.2
110.0 -187.2
110.0 -561.6
110.0 -246.0
110.0 -246.0
110.0 -177.6
110.0 -204.0
110.0 -181.2
110.0 -519.6
110.0 -519.6
110.0 -600.0
110.0 -513.6
110.0 -639.6
110.0 -544.8
110.0 -300.0
110.0 -268.8
110.0 -366.0
110.0 -739.2
110.0 -550.8
110.0 -588.0
110.0 -691.2
111.0 -162.0
111.0 -346.8
111.0 -432.0
111.0 -217.2
111.0 -308.4
111.0 -230.4
111.0 -114.0
111.0 -230.4
111.0 -172.8
111.0 -166.8
111.0 -168.0
111.0 -303.6
111.0 -271.2
111.0 -240.0
111.0 -631.2
111.0 -592.8
111.0 -610.8
111.0 -645.6
111.0 -556.8
111.0 -619.2
111.0 -676.8
111.0 -564.0
111.0 -616.8
111.0 -615.6
111.0 -301.2
111.0 -583.2
111.0 -624.0
111.0 -553.2
112.0 -442.8
112.0 -176.4
112.0 -310.8
112.0 -358.8
112.0 -31.2
112.0 -493.2
112.0 -195.6
112.0 -176.4
112.0 -176.4
112.0 -165.6
112.0 -228.0
112.0 -578.4
112.0 -514.8
112.0 -633.6
112.0 -558.0
112.0 -660.0
112.0 -566.4
112.0 -583.2
112.0 -644.4
112.0 -692.4
112.0 -724.8
113.0 -462.0
113.0 -426.0
113.0 -289.2
113.0 -273.6
113.0 -236.4
113.0 -626.4
113.0 -260.4
113.0 -223.2
113.0 -134.4
113.0 -669.6
113.0 -570.0
113.0 -674.4
113.0 -354.0
113.0 -192.0
113.0 -249.6
113.0 -162.0
113.0 -144.0
113.0 -208.8
113.0 -382.8
113.0 -589.2
113.0 -538.8
113.0 -538.8
113.0 -578.4
113.0 -331.2
113.0 -415.2
113.0 -300.0
113.0 -297.6
113.0 -726.0
113.0 -669.6
114.0 -250.8
114.0 -590.4
114.0 -578.4
114.0 -196.8
114.0 -234.0
114.0 -164.4
114.0 -177.6
114.0 -55.2
114.0 -189.6
114.0 -334.8
114.0 -170.4
114.0 -176.4
114.0 -133.2
114.0 -109.2
114.0 -174.0
114.0 -319.2
114.0 -199.2
114.0 -82.8
114.0 -542.4
114.0 -660.0
114.0 -624.0
114.0 -601.2
114.0 -526.8
114.0 -656.4
114.0 -556.8
114.0 -308.4
114.0 -333.6
114.0 -326.4
114.0 -666.0
115.0 -378.0
115.0 -309.6
115.0 -207.6
115.0 -368.4
115.0 -326.4
115.0 -394.8
115.0 -258.0
115.0 -441.6
115.0 -256.8
115.0 -224.4
115.0 -615.6
115.0 -168.0
115.0 -684.0
115.0 -254.4
115.0 -63.6
115.0 -252.0
115.0 -219.6
115.0 -244.8
115.0 -201.6
115.0 -598.8
115.0 -340.8
115.0 -643.2
115.0 -500.4
116.0 -508.8
116.0 -174.0
116.0 -132.0
116.0 -200.4
116.0 -357.6
116.0 -597.6
116.0 -189.6
116.0 -240.0
116.0 -190.8
116.0 -429.6
116.0 -321.6
116.0 -148.8
116.0 -135.6
116.0 -154.8
116.0 -525.6
116.0 -579.6
116.0 -592.8
116.0 -571.2
116.0 -663.6
116.0 -408.0
116.0 -404.4
116.0 -297.6
116.0 -273.6
116.0 -267.6
116.0 -278.4
117.0 -219.6
117.0 -638.4
117.0 -205.2
117.0 -163.2
117.0 -366.0
117.0 -200.4
117.0 -280.8
117.0 -148.8
117.0 -237.6
117.0 -75.6
117.0 -192.0
117.0 -265.2
117.0 -564.0
117.0 -657.6
117.0 -582.0
117.0 -544.8
117.0 -340.8
118.0 -340.8
118.0 -300.0
118.0 -444.0
118.0 -312.0
118.0 -222.0
118.0 -188.4
118.0 -217.2
118.0 -136.8
118.0 -278.4
118.0 -238.8
118.0 -253.2
118.0 -201.6
118.0 -158.4
118.0 -162.0
118.0 -151.2
118.0 -661.2
118.0 -517.2
118.0 -571.2
118.0 -460.8
118.0 -402.0
118.0 -447.6
118.0 -613.2
119.0 -182.4
119.0 -346.8
119.0 -222.0
119.0 -672.0
119.0 -138.0
119.0 -321.6
119.0 -314.4
119.0 -313.2
119.0 -660.0
119.0 -92.4
119.0 -271.2
119.0 -283.2
119.0 -294.0
119.0 -393.6
119.0 -601.2
119.0 -598.8
119.0 -631.2
119.0 -596.4
119.0 -592.8
119.0 -562.8
119.0 -367.2
119.0 -252.0
119.0 -292.8
119.0 -343.2
119.0 -668.4
119.0 -702.0
119.0 -758.4
120.0 -132.0
120.0 -448.8
120.0 -262.8
120.0 -327.6
120.0 -188.4
120.0 -176.4
120.0 -264.0
120.0 -283.2
120.0 -178.8
120.0 -260.4
120.0 -220.8
120.0 -174.0
120.0 -602.4
120.0 -658.8
120.0 -564.0
120.0 -606.0
120.0 -420.0
120.0 -202.8
120.0 -556.8
121.0 -406.8
121.0 -198.0
121.0 -316.8
121.0 -213.6
121.0 -649.2
121.0 -169.2
121.0 -327.6
121.0 -240.0
121.0 -230.4
121.0 -346.8
121.0 -100.8
121.0 -256.8
121.0 -555.6
121.0 -310.8
121.0 -298.8
121.0 -183.6
121.0 -192.0
121.0 -267.6
121.0 -234.0
121.0 -124.8
121.0 -567.6
121.0 -676.8
121.0 -582.0
121.0 -660.0
121.0 -673.2
121.0 -620.4
121.0 -328.8
121.0 -274.8
121.0 -622.8
121.0 -729.6
121.0 -702.0
121.0 -591.6
122.0 -416.4
122.0 -308.4
122.0 -307.2
122.0 -402.0
122.0 -327.6
122.0 -343.2
122.0 -432.0
122.0 -445.2
122.0 -369.6
122.0 -169.2
122.0 -247.2
122.0 -208.8
122.0 -115.2
122.0 -262.8
122.0 -272.4
122.0 -409.2
122.0 -418.8
122.0 -586.8
122.0 -577.2
122.0 -673.2
122.0 -546.0
122.0 -566.4
122.0 -690.0
122.0 -609.6
122.0 -598.8
122.0 -571.2
122.0 -420.0
123.0 -304.8
123.0 -258.0
123.0 -700.8
123.0 -321.6
123.0 -172.8
123.0 -620.4
123.0 -295.2
123.0 -172.8
123.0 -213.6
123.0 -253.2
123.0 -322.8
123.0 -565.2
123.0 -114.0
123.0 -231.6
123.0 -176.4
123.0 -148.8
123.0 -170.4
123.0 -204.0
123.0 -160.8
123.0 -637.2
123.0 -572.4
123.0 -704.4
123.0 -607.2
123.0 -644.4
123.0 -597.6
123.0 -612.0
123.0 -352.8
123.0 -354.0
123.0 -758.4
124.0 -230.4
124.0 -468.0
124.0 -286.8
124.0 -723.6
124.0 -192.0
124.0 -186.0
124.0 -147.6
124.0 -258.0
124.0 -193.2
124.0 -231.6
124.0 -280.8
124.0 -328.8
124.0 -200.4
124.0 -646.8
124.0 -555.6
124.0 -661.2
124.0 -546.0
124.0 -385.2
124.0 -354.0
124.0 -712.8
124.0 -668.4
124.0 -782.4
125.0 -410.4
125.0 -284.4
125.0 -170.4
125.0 -181.2
125.0 -236.4
125.0 -355.2
125.0 -142.8
125.0 -205.2
125.0 -258.0
125.0 -248.4
125.0 -675.6
125.0 -589.2
125.0 -624.0
125.0 -570.0
125.0 -558.0
125.0 -344.4
125.0 -307.2
125.0 -756.0
126.0 -358.8
126.0 -256.8
126.0 -358.8
126.0 -440.4
126.0 -190.8
126.0 -310.8
126.0 -224.4
126.0 -210.0
126.0 -70.8
126.0 -351.6
126.0 -309.6
126.0 -196.8
126.0 -332.4
126.0 -175.2
126.0 -164.4
126.0 -297.6
126.0 -351.6
126.0 -465.6
126.0 -642.0
126.0 -625.2
126.0 -621.6
126.0 -674.4
126.0 -648.0
126.0 -639.6
126.0 -348.0
126.0 -206.4
126.0 -339.6
126.0 -568.8
127.0 -427.2
127.0 -176.4
127.0 -187.2
127.0 -216.0
127.0 -178.8
127.0 -246.0
127.0 -481.2
127.0 -450.0
127.0 -242.4
127.0 -219.6
127.0 -297.6
127.0 -210.0
127.0 -196.8
127.0 -144.0
127.0 -129.6
127.0 -206.4
127.0 -104.4
127.0 -206.4
127.0 -187.2
127.0 -200.4
127.0 -405.6
127.0 -637.2
127.0 -554.4
127.0 -564.0
127.0 -625.2
127.0 -642.0
127.0 -625.2
127.0 -625.2
127.0 -702.0
127.0 -687.6
127.0 -562.8
127.0 -564.0
127.0 -602.4
127.0 -370.8
127.0 -294.0
127.0 -636.0
128.0 -414.0
128.0 -229.2
128.0 -380.4
128.0 -250.8
128.0 -169.2
128.0 -675.6
128.0 -376.8
128.0 -33.6
128.0 -362.4
128.0 -688.8
128.0 -594.0
128.0 -700.8
128.0 -565.2
128.0 -360.0
128.0 -686.4
128.0 -678.0
128.0 -652.8
129.0 -294.0
129.0 -316.8
129.0 -390.0
129.0 -573.6
129.0 -169.2
129.0 -243.6
129.0 -244.8
129.0 -339.6
129.0 -403.2
129.0 -327.6
129.0 -177.6
129.0 -160.8
129.0 -120.0
129.0 -394.8
129.0 -639.6
129.0 -646.8
129.0 -620.4
129.0 -646.8
129.0 -682.8
129.0 -622.8
129.0 -366.0
129.0 -632.4
129.0 -556.8
130.0 -511.2
130.0 -336.0
130.0 -297.6
130.0 -277.2
130.0 -219.6
130.0 -297.6
130.0 -279.6
130.0 -302.4
130.0 -340.8
130.0 -230.4
130.0 -346.8
130.0 -152.4
130.0 -636.0
130.0 -640.8
130.0 -270.0
130.0 -726.0
130.0 -728.4
130.0 -710.4
130.0 -724.8
131.0 -320.4
131.0 -570.0
131.0 -300.0
131.0 -217.2
131.0 -247.2
131.0 -248.4
131.0 -360.0
131.0 -748.8
131.0 -622.8
131.0 -634.8
131.0 -673.2
131.0 -571.2
131.0 -582.0
131.0 -649.2
131.0 -546.0
131.0 -666.0
131.0 -420.0
131.0 -468.0
131.0 -733.2
132.0 -296.4
132.0 -254.4
132.0 -355.2
132.0 -471.6
132.0 -380.4
132.0 -265.2
132.0 -314.4
132.0 -217.2
132.0 -260.4
132.0 -300.0
132.0 -176.4
132.0 -223.2
132.0 -205.2
132.0 -249.6
132.0 -468.0
132.0 -752.4
132.0 -171.6
132.0 -273.6
132.0 -151.2
132.0 -176.4
132.0 -519.6
132.0 -673.2
132.0 -609.6
132.0 -282.0
132.0 -301.2
133.0 -430.8
133.0 -307.2
133.0 -296.4
133.0 -303.6
133.0 -277.2
133.0 -284.4
133.0 -141.6
133.0 -129.6
133.0 -357.6
133.0 -330.0
133.0 -162.0
133.0 -656.4
133.0 -712.8
133.0 -678.0
133.0 -333.6
133.0 -541.2
133.0 -369.6
133.0 -468.0
133.0 -777.6
134.0 -246.0
134.0 -393.6
134.0 -562.8
134.0 -416.4
134.0 -240.0
134.0 -164.4
134.0 -163.2
134.0 -709.2
134.0 -391.2
134.0 -316.8
134.0 -319.2
134.0 -262.8
134.0 -267.6
134.0 -358.8
134.0 -622.8
134.0 -390.0
134.0 -381.6
134.0 -390.0
135.0 -340.8
135.0 -346.8
135.0 -285.6
135.0 -104.4
135.0 -386.4
135.0 -266.4
135.0 -123.6
135.0 -439.2
135.0 -243.6
135.0 -474.0
135.0 -374.4
135.0 -721.2
135.0 -582.0
135.0 -654.0
135.0 -826.8
135.0 -436.8
135.0 -451.2
135.0 -436.8
135.0 -260.4
135.0 -367.2
136.0 -256.8
136.0 -235.2
136.0 -186.0
136.0 -303.6
136.0 -277.2
136.0 -272.4
136.0 -326.4
136.0 -772.8
136.0 -249.6
136.0 -734.4
136.0 -475.2
136.0 -340.8
136.0 -300.0
136.0 -806.4
137.0 -229.2
137.0 -231.6
137.0 -232.8
137.0 -378.0
137.0 -349.2
137.0 -255.6
137.0 -288.0
137.0 -728.4
137.0 -817.2
137.0 -346.8
137.0 -356.4
137.0 -591.6
137.0 -620.4
137.0 -693.6
137.0 -537.6
137.0 -325.2
137.0 -456.0
138.0 -216.0
138.0 -362.4
138.0 -189.6
138.0 -486.0
138.0 -386.4
138.0 -228.0
138.0 -211.2
138.0 -414.0
138.0 -349.2
138.0 -392.4
138.0 -204.0
138.0 -444.0
138.0 -781.2
138.0 -168.0
138.0 -138.0
138.0 -156.0
138.0 -504.0
138.0 -698.4
138.0 -684.0
138.0 -342.0
138.0 -494.4
138.0 -541.2
138.0 -696.0
139.0 -264.0
139.0 -219.6
139.0 -508.8
139.0 -349.2
139.0 -427.2
139.0 -352.8
139.0 -675.6
139.0 -186.0
139.0 -217.2
139.0 -415.2
139.0 -787.2
139.0 -444.0
139.0 -600.0
139.0 -650.4
139.0 -603.6
139.0 -712.8
139.0 -694.8
139.0 -650.4
139.0 -388.8
139.0 -312.0
139.0 -595.2
140.0 -210.0
140.0 -218.4
140.0 -818.4
140.0 -766.8
140.0 -206.4
140.0 -438.0
140.0 -242.4
140.0 -225.6
140.0 -285.6
140.0 -176.4
140.0 -546.0
140.0 -627.6
140.0 -640.8
140.0 -696.0
140.0 -580.8
140.0 -279.6
140.0 -460.8
140.0 -411.6
140.0 -813.6
140.0 -763.2
140.0 -796.8
141.0 -334.8
141.0 -240.0
141.0 -342.0
141.0 -337.2
141.0 -255.6
141.0 -826.8
141.0 -406.8
141.0 -764.4
141.0 -829.2
141.0 -621.6
141.0 -655.2
141.0 -717.6
141.0 -702.0
142.0 -348.0
142.0 -337.2
142.0 -64.8
142.0 -208.8
142.0 -363.6
142.0 -240.0
142.0 -825.6
142.0 -139.2
142.0 -597.6
142.0 -465.6
142.0 -501.6
142.0 -680.4
142.0 -693.6
142.0 -717.6
142.0 -728.4
142.0 -741.6
143.0 -472.8
143.0 -388.8
143.0 -459.6
143.0 -404.4
143.0 -306.0
143.0 -211.2
143.0 -330.0
143.0 -307.2
143.0 -674.4
143.0 -660.0
143.0 -718.8
143.0 -499.2
143.0 -709.2
143.0 -636.0
143.0 -680.4
143.0 -663.6
143.0 -710.4
143.0 -631.2
143.0 -463.2
143.0 -345.6
144.0 -355.2
144.0 -375.6
144.0 -244.8
144.0 -217.2
144.0 -264.0
144.0 -186.0
144.0 -316.8
144.0 -172.8
144.0 -493.2
144.0 -454.8
144.0 -286.8
144.0 -867.6
144.0 -229.2
144.0 -252.0
144.0 -668.4
144.0 -774.0
144.0 -759.6
144.0 -807.6
144.0 -720.0
144.0 -493.2
144.0 -346.8
144.0 -296.4
144.0 -345.6
144.0 -331.2
145.0 -494.4
145.0 -406.8
145.0 -363.6
145.0 -144.0
145.0 -325.2
145.0 -778.8
145.0 -799.2
145.0 -843.6
145.0 -248.4
145.0 -673.2
145.0 -823.2
145.0 -423.6
146.0 -350.4
146.0 -433.2
146.0 -310.8
146.0 -477.6
146.0 -242.4
146.0 -463.2
146.0 -438.0
146.0 -565.2
146.0 -240.0
146.0 -313.2
146.0 -746.4
147.0 -333.6
147.0 -255.6
147.0 -400.8
147.0 -228.0
147.0 -367.2
147.0 -513.6
147.0 -217.2
147.0 -525.6
147.0 -829.2
147.0 -354.0
147.0 -418.8
147.0 -438.0
147.0 -553.2
147.0 -678.0
147.0 -745.2
147.0 -802.8
147.0 -452.4
147.0 -477.6
148.0 -514.8
148.0 -387.6
148.0 -524.4
148.0 -474.0
148.0 -568.8
148.0 -356.4
148.0 -320.4
148.0 -722.4
148.0 -834.0
148.0 -681.6
149.0 -309.6
149.0 -442.8
149.0 -261.6
149.0 -266.4
149.0 -363.6
149.0 -327.6
149.0 -175.2
149.0 -368.4
149.0 -843.6
149.0 -849.6
149.0 -436.8
149.0 -627.6
149.0 -610.8
149.0 -741.6
149.0 -805.2
149.0 -524.4
149.0 -398.4
150.0 -308.4
150.0 -331.2
150.0 -178.8
150.0 -290.4
150.0 -444.0
150.0 -685.2
150.0 -846.0
150.0 -303.6
150.0 -716.4
150.0 -736.8
150.0 -415.2
151.0 -451.2
151.0 -808.8
151.0 -820.8
151.0 -357.6
151.0 -474.0
151.0 -598.8
151.0 -686.4
151.0 -645.6
151.0 -760.8
151.0 -790.8
151.0 -417.6
152.0 -373.2
152.0 -205.2
152.0 -607.2
152.0 -812.4
152.0 -795.6
152.0 -848.4
152.0 -468.0
152.0 -381.6
152.0 -708.0
152.0 -752.4
152.0 -724.8
152.0 -310.8
152.0 -351.6
153.0 -327.6
153.0 -354.0
153.0 -468.0
153.0 -236.4
153.0 -327.6
153.0 -856.8
153.0 -231.6
153.0 -276.0
153.0 -752.4
153.0 -338.4
154.0 -304.8
154.0 -362.4
154.0 -852.0
154.0 -932.4
154.0 -706.8
154.0 -327.6
154.0 -535.2
154.0 -463.2
154.0 -700.8
154.0 -603.6
155.0 -244.8
155.0 -301.2
155.0 -434.4
155.0 -352.8
155.0 -556.8
155.0 -226.8
155.0 -460.8
155.0 -706.8
155.0 -381.6
155.0 -781.2
155.0 -727.2
155.0 -654.0
155.0 -756.0
155.0 -619.2
156.0 -309.6
156.0 -469.2
156.0 -352.8
156.0 -864.0
156.0 -751.2
156.0 -799.2
157.0 -210.0
157.0 -358.8
157.0 -332.4
157.0 -768.0
157.0 -823.2
157.0 -955.2
157.0 -898.8
157.0 -872.4
157.0 -894.0
157.0 -438.0
157.0 -489.6
157.0 -614.4
157.0 -811.2
157.0 -698.4
157.0 -438.0
157.0 -522.0
157.0 -826.8
158.0 -423.6
158.0 -428.4
158.0 -379.2
158.0 -372.0
158.0 -877.2
158.0 -742.8
158.0 -717.6
158.0 -330.0
158.0 -830.4
159.0 -379.2
159.0 -350.4
159.0 -382.8
159.0 -332.4
159.0 -174.0
159.0 -220.8
159.0 -312.0
159.0 -880.8
159.0 -274.8
159.0 -519.6
159.0 -699.6
159.0 -622.8
160.0 -512.4
160.0 -280.8
160.0 -884.4
160.0 -565.2
160.0 -514.8
160.0 -685.2
160.0 -444.0
160.0 -501.6
161.0 -382.8
161.0 -421.2
161.0 -459.6
161.0 -380.4
161.0 -898.8
161.0 -894.0
161.0 -901.2
161.0 -542.4
161.0 -594.0
161.0 -843.6
161.0 -765.6
161.0 -451.2
161.0 -452.4
162.0 -537.6
162.0 -948.0
162.0 -894.0
162.0 -505.2
162.0 -763.2
162.0 -709.2
163.0 -394.8
163.0 -384.0
163.0 -268.8
163.0 -892.8
163.0 -825.6
163.0 -926.4
163.0 -438.0
164.0 -458.4
164.0 -374.4
164.0 -682.8
164.0 -326.4
164.0 -464.4
164.0 -352.8
164.0 -883.2
164.0 -878.4
164.0 -878.4
164.0 -811.2
164.0 -772.8
164.0 -786.0
164.0 -798.0
164.0 -930.0
164.0 -662.4
164.0 -739.2
165.0 -499.2
165.0 -262.8
165.0 -276.0
165.0 -966.0
165.0 -876.0
165.0 -916.8
165.0 -558.0
165.0 -758.4
166.0 -367.2
166.0 -883.2
166.0 -872.4
166.0 -439.2
166.0 -619.2
166.0 -777.6
166.0 -381.6
166.0 -282.0
167.0 -513.6
167.0 -883.2
167.0 -921.6
167.0 -638.4
168.0 -273.6
168.0 -315.6
168.0 -514.8
168.0 -794.4
168.0 -788.4
168.0 -919.2
168.0 -841.2
168.0 -477.6
168.0 -470.4
168.0 -944.4
169.0 -488.4
169.0 -415.2
169.0 -342.0
169.0 -328.8
169.0 -924.0
169.0 -940.8
169.0 -934.8
169.0 -454.8
169.0 -486.0
169.0 -477.6
170.0 -228.0
170.0 -381.6
170.0 -908.4
170.0 -396.0
170.0 -544.8
170.0 -805.2
171.0 -397.2
171.0 -361.2
171.0 -440.4
171.0 -740.4
171.0 -844.8
171.0 -939.6
171.0 -790.8
171.0 -928.8
171.0 -859.2
171.0 -574.8
171.0 -699.6
172.0 -354.0
172.0 -837.6
172.0 -451.2
172.0 -229.2
172.0 -850.8
172.0 -901.2
172.0 -870.0
172.0 -939.6
172.0 -895.2
172.0 -883.2
172.0 -546.0
172.0 -750.0
173.0 -426.0
173.0 -464.4
173.0 -393.6
173.0 -325.2
173.0 -909.6
173.0 -919.2
173.0 -846.0
173.0 -800.4
173.0 -519.6
173.0 -764.4
173.0 -753.6
174.0 -351.6
174.0 -375.6
174.0 -391.2
174.0 -846.0
174.0 -600.0
174.0 -523.2
174.0 -560.4
175.0 -288.0
175.0 -465.6
175.0 -970.8
175.0 -889.2
175.0 -824.4
175.0 -615.6
176.0 -567.6
176.0 -510.0
176.0 -892.8
176.0 -846.0
176.0 -927.6
176.0 -564.0
176.0 -562.8
176.0 -373.2
177.0 -478.8
177.0 -459.6
177.0 -465.6
177.0 -909.6
177.0 -927.6
177.0 -916.8
177.0 -927.6
177.0 -796.8
177.0 -781.2
177.0 -756.0
178.0 -330.0
178.0 -348.0
178.0 -919.2
178.0 -1036.8
178.0 -922.8
178.0 -531.6
178.0 -660.0
178.0 -643.2
178.0 -825.6
178.0 -926.4
179.0 -400.8
179.0 -520.8
179.0 -466.8
179.0 -914.4
179.0 -956.4
179.0 -936.0
179.0 -922.8
179.0 -782.4
179.0 -579.6
180.0 -315.6
180.0 -338.4
180.0 -999.6
180.0 -788.4
180.0 -770.4
180.0 -1068.0
180.0 -534.0
180.0 -669.6
180.0 -765.6
180.0 -819.6
181.0 -433.2
181.0 -274.8
181.0 -991.2
181.0 -901.2
181.0 -1041.6
181.0 -967.2
181.0 -459.6
181.0 -841.2
182.0 -993.6
182.0 -957.6
182.0 -961.2
182.0 -986.4
182.0 -976.8
183.0 -256.8
183.0 -932.4
183.0 -1034.4
183.0 -590.4
183.0 -814.8
183.0 -967.2
184.0 -381.6
184.0 -492.0
184.0 -354.0
184.0 -914.4
184.0 -1024.8
184.0 -792.0
185.0 -567.6
185.0 -998.4
185.0 -402.0
185.0 -566.4
185.0 -525.6
186.0 -931.2
186.0 -1021.2
186.0 -975.6
187.0 -962.4
187.0 -942.0
187.0 -1022.4
187.0 -501.6
187.0 -560.4
187.0 -652.8
187.0 -885.6
187.0 -796.8
188.0 -960.0
188.0 -996.0
188.0 -933.6
188.0 -918.0
188.0 -1014.0
188.0 -693.6
188.0 -546.0
189.0 -939.6
189.0 -967.2
189.0 -924.0
189.0 -1026.0
189.0 -1060.8
189.0 -913.2
189.0 -969.6
189.0 -967.2
189.0 -933.6
189.0 -598.8
190.0 -660.0
190.0 -1034.4
190.0 -884.4
190.0 -1014.0
190.0 -962.4
190.0 -1069.2
190.0 -896.4
190.0 -978.0
190.0 -592.8
190.0 -607.2
191.0 -560.4
191.0 -942.0
191.0 -1071.6
191.0 -873.6
192.0 -979.2
192.0 -1030.8
192.0 -1020.0
192.0 -1083.6
192.0 -886.8
193.0 -362.4
193.0 -794.4
193.0 -842.4
194.0 -936.0
194.0 -892.8
194.0 -558.0
194.0 -552.0
195.0 -937.2
195.0 -1070.4
195.0 -925.2
195.0 -930.0
195.0 -1078.8
195.0 -954.0
196.0 -792.0
196.0 -901.2
196.0 -1015.2
196.0 -970.8
196.0 -963.6
196.0 -1144.8
196.0 -924.0
196.0 -1024.8
197.0 -1008.0
197.0 -1077.6
197.0 -1039.2
197.0 -1033.2
197.0 -1117.2
197.0 -1017.6
197.0 -894.0
198.0 -924.0
198.0 -1051.2
198.0 -531.6
198.0 -658.8
198.0 -675.6
199.0 -854.4
199.0 -841.2
199.0 -991.2
199.0 -1050.0
199.0 -1087.2
199.0 -1072.8
199.0 -654.0
200.0 -956.4
200.0 -952.8
200.0 -1123.2
201.0 -1012.8
201.0 -1052.4
201.0 -1077.6
201.0 -1035.6
202.0 -954.0
202.0 -1023.6
202.0 -1071.6
202.0 -1068.0
203.0 -1042.8
203.0 -1071.6
203.0 -1046.4
203.0 -1058.4
204.0 -655.2
204.0 -1123.2
204.0 -1150.8
204.0 -772.8
204.0 -873.6
205.0 -320.4
205.0 -1060.8
205.0 -958.8
205.0 -1154.4
205.0 -1075.2
205.0 -1134.0
205.0 -894.0
206.0 -1044.0
206.0 -1070.4
206.0 -979.2
206.0 -992.4
206.0 -1072.8
207.0 -1030.8
207.0 -1005.6
207.0 -1026.0
207.0 -1045.2
207.0 -1135.2
207.0 -988.8
208.0 -1047.6
208.0 -1110.0
208.0 -1035.6
208.0 -1098.0
208.0 -654.0
209.0 -848.4
209.0 -1088.4
209.0 -1062.0
209.0 -1106.4
209.0 -1120.8
209.0 -1000.8
209.0 -885.6
209.0 -925.2
210.0 -990.0
210.0 -1174.8
210.0 -1063.2
210.0 -1107.6
211.0 -1111.2
211.0 -1041.6
211.0 -1099.2
211.0 -1113.6
211.0 -1100.4
211.0 -1113.6
212.0 -831.6
212.0 -1083.6
212.0 -1080.0
212.0 -1002.0
212.0 -1066.8
213.0 -1064.4
213.0 -1011.6
213.0 -1136.4
213.0 -1069.2
213.0 -1126.8
213.0 -1086.0
213.0 -681.6
214.0 -1124.4
214.0 -1142.4
214.0 -1064.4
214.0 -1149.6
215.0 -969.6
215.0 -1141.2
215.0 -1070.4
215.0 -1190.4
216.0 -459.6
216.0 -1066.8
216.0 -1123.2
216.0 -1045.2
216.0 -1119.6
217.0 -1092.0
217.0 -1100.4
217.0 -1016.4
217.0 -1105.2
217.0 -1137.6
217.0 -819.6
218.0 -932.4
218.0 -1207.2
218.0 -1156.8
218.0 -1152.0
218.0 -1044.0
218.0 -1158.0
218.0 -1160.4
219.0 -1114.8
219.0 -1110.0
219.0 -1111.2
219.0 -1012.8
219.0 -726.0
219.0 -699.6
219.0 -1050.0
220.0 -1123.2
220.0 -1122.0
220.0 -1152.0
220.0 -1088.4
220.0 -1117.2
220.0 -1214.4
220.0 -1239.6
220.0 -608.4
220.0 -830.4
221.0 -1184.4
221.0 -1226.4
221.0 -1161.6
221.0 -1070.4
221.0 -1142.4
221.0 -1041.6
221.0 -1191.6
221.0 -1200.0
222.0 -892.8
222.0 -1024.8
222.0 -1176.0
222.0 -1130.4
222.0 -963.6
222.0 -1167.6
223.0 -862.8
223.0 -1116.0
223.0 -690.0
224.0 -1058.4
224.0 -1154.4
224.0 -1122.0
224.0 -1231.2
224.0 -1146.0
225.0 -981.6
225.0 -1202.4
225.0 -1162.8
225.0 -1272.0
226.0 -721.2
226.0 -1153.2
226.0 -1191.6
226.0 -1036.8
226.0 -1110.0
226.0 -1129.2
226.0 -1279.2
227.0 -1179.6
227.0 -1189.2
227.0 -1221.6
227.0 -1183.2
227.0 -1220.4
227.0 -728.4
228.0 -1036.8
228.0 -1209.6
228.0 -1153.2
228.0 -1219.2
228.0 -1138.8
228.0 -1122.0
228.0 -1004.4
229.0 -836.4
229.0 -1102.8
229.0 -1144.8
229.0 -1264.8
229.0 -1195.2
229.0 -1164.0
229.0 -1171.2
229.0 -888.0
230.0 -1106.4
230.0 -1017.6
230.0 -1170.0
230.0 -1150.8
230.0 -1216.8
230.0 -1178.4
230.0 -1278.0
230.0 -1257.6
230.0 -1232.4
231.0 -1078.8
231.0 -1210.8
231.0 -1076.4
231.0 -1186.8
231.0 -1234.8
231.0 -1272.0
231.0 -1120.8
232.0 -1089.6
232.0 -1202.4
232.0 -1263.6
233.0 -1202.4
233.0 -1172.4
233.0 -1172.4
233.0 -975.6
234.0 -1148.4
234.0 -974.4
234.0 -1261.2
234.0 -1153.2
234.0 -1233.6
234.0 -1063.2
235.0 -1179.6
235.0 -1160.4
235.0 -1104.0
235.0 -1189.2
235.0 -1200.0
235.0 -1222.8
236.0 -1036.8
236.0 -1142.4
236.0 -1087.2
236.0 -1129.2
236.0 -1180.8
237.0 -1262.4
237.0 -1294.8
237.0 -1226.4
237.0 -1244.4
238.0 -1118.4
238.0 -1176.0
238.0 -1279.2
238.0 -1218.0
238.0 -1209.6
239.0 -1099.2
239.0 -1096.8
239.0 -1244.4
239.0 -1100.4
239.0 -1299.6
239.0 -1077.6
239.0 -1185.6
240.0 -1256.4
240.0 -1262.4
240.0 -1063.2
240.0 -1052.4
240.0 -1197.6
241.0 -1183.2
241.0 -1246.8
241.0 -1272.0
241.0 -1144.8
241.0 -1262.4
241.0 -1334.4
242.0 -1195.2
243.0 -1146.0
243.0 -1291.2
243.0 -1255.2
244.0 -795.6
244.0 -1286.4
244.0 -1322.4
244.0 -1200.0
245.0 -1216.8
245.0 -1173.6
245.0 -1161.6
245.0 -1185.6
246.0 -1105.2
246.0 -1119.6
246.0 -1138.8
246.0 -1208.4
246.0 -1233.6
246.0 -1300.8
247.0 -1254.0
247.0 -1098.0
247.0 -1093.2
247.0 -1120.8
247.0 -1231.2
248.0 -892.8
248.0 -1250.4
248.0 -1245.6
248.0 -1284.0
248.0 -1345.2
248.0 -1264.8
249.0 -1233.6
249.0 -1183.2
249.0 -1238.4
249.0 -1273.2
249.0 -1150.8
250.0 -1255.2
250.0 -1218.0
250.0 -1302.0
250.0 -1114.8
250.0 -1314.0
250.0 -1274.4
250.0 -1196.4
250.0 -1263.6
250.0 -931.2
251.0 -1219.2
251.0 -1152.0
251.0 -1326.0
252.0 -1138.8
252.0 -1076.4
252.0 -1274.4
253.0 -924.0
253.0 -1254.0
253.0 -1204.8
253.0 -1155.6
254.0 -1362.0
254.0 -1135.2
254.0 -1117.2
254.0 -1318.8
254.0 -1293.6
254.0 -1333.2
255.0 -1284.0
255.0 -1323.6
256.0 -894.0
256.0 -1077.6
256.0 -1250.4
256.0 -1299.6
256.0 -1248.0
256.0 -1374.0
257.0 -1149.6
257.0 -1326.0
257.0 -1258.8
257.0 -1174.8
257.0 -1322.4
257.0 -1294.8
257.0 -1334.4
258.0 -1257.6
258.0 -1184.4
258.0 -1316.4
259.0 -1266.0
259.0 -1108.8
259.0 -1314.0
259.0 -1354.8
260.0 -1382.4
260.0 -1351.2
260.0 -1281.6
261.0 -1057.2
261.0 -1174.8
261.0 -1185.6
261.0 -1251.6
261.0 -1312.8
261.0 -1316.4
261.0 -1344.0
261.0 -1401.6
262.0 -1336.8
262.0 -1359.6
262.0 -1327.2
262.0 -1226.4
262.0 -1298.4
262.0 -1284.0
262.0 -1315.2
263.0 -1186.8
263.0 -1384.8
263.0 -1350.0
263.0 -1299.6
263.0 -1359.6
264.0 -1078.8
264.0 -1330.8
264.0 -1351.2
265.0 -1365.6
265.0 -1300.8
265.0 -1406.4
265.0 -1294.8
265.0 -1310.4
265.0 -1334.4
265.0 -1296.0
265.0 -1322.4
265.0 -1412.4
265.0 -1380.0
266.0 -1298.4
267.0 -1311.6
267.0 -1341.6
267.0 -1374.0
267.0 -1300.8
267.0 -1330.8
268.0 -1315.2
269.0 -1302.0
269.0 -1390.8
269.0 -1279.2
269.0 -1338.0
269.0 -1383.6
269.0 -1310.4
269.0 -1276.8
269.0 -1255.2
269.0 -1368.0
269.0 -1419.6
269.0 -1306.8
270.0 -1159.2
270.0 -1279.2
270.0 -1308.0
270.0 -1345.2
270.0 -1341.6
270.0 -1389.6
271.0 -1236.0
271.0 -1303.2
271.0 -1335.6
271.0 -1459.2
271.0 -1320.0
272.0 -1072.8
272.0 -1377.6
272.0 -1287.6
272.0 -1395.6
273.0 -1083.6
273.0 -1351.2
273.0 -1407.6
273.0 -1374.0
273.0 -1299.6
274.0 -1246.8
274.0 -1255.2
274.0 -1422.0
274.0 -1429.2
274.0 -1333.2
275.0 -1021.2
275.0 -1239.6
275.0 -1316.4
275.0 -1446.0
275.0 -1408.8
275.0 -1328.4
275.0 -1406.4
275.0 -1455.6
275.0 -1298.4
276.0 -1434.0
276.0 -1354.8
276.0 -1455.6
276.0 -1428.0
276.0 -1339.2
277.0 -1298.4
277.0 -1294.8
277.0 -1330.8
277.0 -1413.6
277.0 -1364.4
278.0 -1201.2
278.0 -1364.4
278.0 -1321.2
279.0 -1244.4
279.0 -1359.6
279.0 -1458.0
280.0 -1420.8
280.0 -1383.6
280.0 -1347.6
280.0 -1534.8
280.0 -1410.0
281.0 -1234.8
281.0 -1480.8
281.0 -1296.0
281.0 -1387.2
281.0 -1474.8
281.0 -1471.2
282.0 -1164.0
282.0 -1431.6
282.0 -1296.0
282.0 -1459.2
283.0 -1351.2
283.0 -1293.6
283.0 -1498.8
283.0 -1333.2
284.0 -1422.0
284.0 -1350.0
284.0 -1452.0
285.0 -1336.8
285.0 -1478.4
285.0 -1453.2
285.0 -1407.6
286.0 -1318.8
286.0 -1281.6
286.0 -1452.0
286.0 -1458.0
286.0 -1300.8
287.0 -1462.8
287.0 -1312.8
287.0 -1401.6
288.0 -1344.0
288.0 -1354.8
288.0 -1392.0
288.0 -1402.8
288.0 -1263.6
288.0 -1407.6
289.0 -1429.2
289.0 -1305.6
289.0 -1305.6
289.0 -1525.2
289.0 -1546.8
289.0 -1390.8
289.0 -1440.0
289.0 -1386.0
289.0 -1456.8
290.0 -1424.4
290.0 -1389.6
290.0 -1490.4
291.0 -1321.2
291.0 -1377.6
291.0 -1401.6
291.0 -1495.2
291.0 -1368.0
292.0 -1441.2
292.0 -1426.8
292.0 -1531.2
292.0 -1518.0
292.0 -1272.0
292.0 -1338.0
293.0 -1332.0
293.0 -1377.6
293.0 -1542.0
293.0 -1461.6
293.0 -1345.2
293.0 -1465.2
294.0 -1165.2
294.0 -1485.6
294.0 -1413.6
294.0 -1455.6
294.0 -1518.0
294.0 -1558.8
295.0 -1290.0
295.0 -1252.8
295.0 -1222.8
295.0 -1507.2
295.0 -1502.4
295.0 -1531.2
295.0 -1414.8
295.0 -1399.2
295.0 -1345.2
296.0 -1526.4
296.0 -1435.2
296.0 -1298.4
296.0 -1442.4
296.0 -1410.0
296.0 -1413.6
296.0 -1466.4
296.0 -1461.6
297.0 -1458.0
297.0 -1326.0
297.0 -1246.8
297.0 -1578.0
297.0 -1454.4
297.0 -1560.0
297.0 -1417.2
297.0 -1406.4
297.0 -1404.0
298.0 -1267.2
298.0 -1386.0
298.0 -1456.8
298.0 -1336.8
298.0 -1503.6
298.0 -1486.8
298.0 -1546.8
298.0 -1423.2
298.0 -1470.0
299.0 -1202.4
299.0 -1393.2
299.0 -1347.6
299.0 -1578.0
299.0 -1381.2
299.0 -1476.0
299.0 -1479.6
300.0 -1338.0
300.0 -1468.8
300.0 -1521.6
300.0 -1437.6
300.0 -1465.2
300.0 -1478.4
300.0 -1570.8
301.0 -1504.8
301.0 -1388.4
302.0 -1574.4
302.0 -1363.2
303.0 -1287.6
303.0 -1239.6
303.0 -1518.0
303.0 -1460.4
303.0 -1388.4
303.0 -1432.8
304.0 -1374.0
304.0 -1288.8
304.0 -1506.0
304.0 -1540.8
305.0 -1434.0
305.0 -1516.8
305.0 -1554.0
305.0 -1462.8
305.0 -1468.8
305.0 -1495.2
306.0 -1588.8
306.0 -1569.6
306.0 -1513.2
307.0 -1206.0
307.0 -1582.8
307.0 -1449.6
307.0 -1490.4
308.0 -1509.6
308.0 -1057.2
308.0 -1588.8
308.0 -1496.4
308.0 -1514.4
308.0 -1474.8
308.0 -1362.0
309.0 -1394.4
309.0 -1444.8
309.0 -1530.0
309.0 -1646.4
309.0 -1574.4
310.0 -1524.0
310.0 -1395.6
310.0 -1582.8
311.0 -1278.0
311.0 -1590.0
311.0 -1549.2
311.0 -1633.2
311.0 -1510.8
311.0 -1627.2
312.0 -1578.0
312.0 -1239.6
312.0 -1165.2
312.0 -1533.6
312.0 -1479.6
312.0 -1508.4
312.0 -1489.2
313.0 -1599.6
313.0 -1564.8
313.0 -1494.0
314.0 -1191.6
314.0 -1442.4
314.0 -1660.8
314.0 -1576.8
314.0 -1340.4
314.0 -1498.8
315.0 -1561.2
315.0 -1555.2
315.0 -1443.6
315.0 -1402.8
315.0 -1612.8
316.0 -1585.2
316.0 -1557.6
316.0 -1510.8
317.0 -1443.6
317.0 -1614.0
317.0 -1555.2
317.0 -1399.2
317.0 -1418.4
317.0 -1414.8
317.0 -1500.0
317.0 -1669.2
317.0 -1585.2
317.0 -1604.4
318.0 -1333.2
318.0 -1540.8
318.0 -1480.8
318.0 -1598.4
318.0 -1538.4
318.0 -1652.4
318.0 -1587.6
319.0 -1130.4
319.0 -1532.4
319.0 -1468.8
319.0 -1560.0
319.0 -1597.2
320.0 -1472.4
320.0 -1608.0
320.0 -1616.4
320.0 -1466.4
321.0 -1516.8
321.0 -1308.0
321.0 -1287.6
321.0 -1346.4
321.0 -1525.2
321.0 -1413.6
322.0 -1432.8
322.0 -1334.4
322.0 -1561.2
322.0 -1518.0
322.0 -1435.2
322.0 -1548.0
323.0 -1513.2
323.0 -1496.4
323.0 -1612.8
323.0 -1626.0
323.0 -1554.0
323.0 -1473.6
324.0 -1306.8
324.0 -1566.0
324.0 -1585.2
324.0 -1578.0
324.0 -1558.8
324.0 -1608.0
325.0 -1550.4
325.0 -1556.4
327.0 -1195.2
327.0 -1513.2
327.0 -1740.0
327.0 -1492.8
328.0 -1384.8
328.0 -1096.8
328.0 -1534.8
328.0 -1724.4
328.0 -1561.2
328.0 -1616.4
329.0 -1388.4
329.0 -1653.6
329.0 -1575.6
329.0 -1560.0
330.0 -1551.6
330.0 -1543.2
330.0 -1323.6
330.0 -1471.2
330.0 -1490.4
330.0 -1659.6
330.0 -1580.4
331.0 -1328.4
331.0 -1575.6
332.0 -1617.6
332.0 -1632.0
333.0 -1443.6
333.0 -1370.4
333.0 -1210.8
333.0 -1578.0
333.0 -1659.6
333.0 -1549.2
334.0 -1632.0
334.0 -1347.6
334.0 -1672.8
334.0 -1550.4
334.0 -1555.2
335.0 -1639.2
335.0 -1548.0
335.0 -1633.2
335.0 -1593.6
336.0 -1221.6
336.0 -1632.0
336.0 -1641.6
336.0 -1593.6
337.0 -1435.2
337.0 -1386.0
337.0 -1676.4
337.0 -1653.6
337.0 -1686.0
337.0 -1597.2
337.0 -1468.8
337.0 -1608.0
338.0 -1394.4
338.0 -1716.0
338.0 -1662.0
338.0 -1657.2
338.0 -1546.8
338.0 -1645.2
338.0 -1659.6
338.0 -1609.2
339.0 -1513.2
339.0 -1645.2
339.0 -1728.0
340.0 -1366.8
340.0 -1279.2
340.0 -1542.0
341.0 -1324.8
341.0 -1665.6
341.0 -1546.8
341.0 -1726.8
341.0 -1711.2
341.0 -1692.0
342.0 -1524.0
342.0 -1228.8
342.0 -1635.6
342.0 -1584.0
343.0 -1480.8
343.0 -1591.2
343.0 -1716.0
344.0 -1574.4
344.0 -1722.0
344.0 -1704.0
344.0 -1681.2
345.0 -1597.2
345.0 -1236.0
345.0 -1380.0
345.0 -1202.4
345.0 -1622.4
345.0 -1593.6
345.0 -1620.0
345.0 -1633.2
345.0 -1677.6
345.0 -1716.0
345.0 -1587.6
346.0 -1512.0
346.0 -1622.4
346.0 -1419.6
346.0 -1588.8
346.0 -1645.2
346.0 -1652.4
346.0 -1690.8
347.0 -1502.4
347.0 -1702.8
347.0 -1538.4
348.0 -1752.0
348.0 -1423.2
348.0 -1532.4
348.0 -1644.0
348.0 -1652.4
349.0 -1399.2
349.0 -1614.0
349.0 -1729.2
350.0 -1676.4
350.0 -1322.4
350.0 -1706.4
350.0 -1729.2
350.0 -1534.8
351.0 -1736.4
351.0 -1549.2
351.0 -1742.4
352.0 -1520.4
352.0 -1659.6
352.0 -1732.8
353.0 -1353.6
353.0 -1700.4
353.0 -1695.6
353.0 -1777.2
354.0 -1386.0
354.0 -1600.8
354.0 -1706.4
354.0 -1789.2
354.0 -1622.4
355.0 -1503.6
355.0 -1768.8
355.0 -1694.4
356.0 -1720.8
356.0 -1551.6
356.0 -1742.4
356.0 -1568.4
356.0 -1772.4
356.0 -1746.0
357.0 -1508.4
357.0 -1680.0
357.0 -1754.4
357.0 -1708.8
357.0 -1640.4
357.0 -1720.8
358.0 -1812.0
358.0 -1708.8
358.0 -1831.2
358.0 -1656.0
359.0 -1381.2
359.0 -1335.6
359.0 -1586.4
360.0 -1726.8
360.0 -1815.6
361.0 -1291.2
361.0 -1755.6
361.0 -1840.8
362.0 -1873.2
362.0 -1670.4
363.0 -1509.6
363.0 -1722.0
364.0 -1245.6
364.0 -1725.6
364.0 -1741.2
364.0 -1749.6
365.0 -1634.4
365.0 -1708.8
365.0 -1573.2
366.0 -1435.2
366.0 -1615.2
366.0 -1741.2
366.0 -1734.0
366.0 -1716.0
366.0 -1734.0
367.0 -1855.2
367.0 -1710.0
367.0 -1796.4
367.0 -1760.4
367.0 -1762.8
368.0 -1519.2
368.0 -1682.4
368.0 -1741.2
368.0 -1753.2
369.0 -1678.8
369.0 -1786.8
369.0 -1694.4
369.0 -1708.8
370.0 -1758.0
370.0 -1702.8
370.0 -1694.4
370.0 -1767.6
371.0 -1442.4
371.0 -1694.4
371.0 -1760.4
371.0 -1777.2
372.0 -1863.6
374.0 -1521.6
374.0 -1551.6
374.0 -1597.2
375.0 -1694.4
375.0 -1857.6
375.0 -1688.4
376.0 -1756.8
376.0 -1729.2
376.0 -1860.0
376.0 -1804.8
377.0 -1830.0
377.0 -1765.2
377.0 -1801.2
377.0 -1756.8
378.0 -1856.4
378.0 -1634.4
378.0 -1647.6
378.0 -1766.4
379.0 -1820.4
379.0 -1642.8
379.0 -1926.0
379.0 -1826.4
379.0 -1776.0
380.0 -1696.8
380.0 -1743.6
381.0 -1591.2
381.0 -1677.6
381.0 -1738.8
381.0 -1905.6
382.0 -1441.2
382.0 -1772.4
383.0 -1510.8
384.0 -1567.2
384.0 -1724.4
384.0 -1767.6
384.0 -1794.0
384.0 -1740.0
386.0 -1573.2
386.0 -1610.4
386.0 -1590.0
386.0 -1827.6
388.0 -1845.6
388.0 -1670.4
389.0 -1816.8
390.0 -1927.2
392.0 -1453.2
392.0 -1876.8
393.0 -1839.6
394.0 -1867.2
394.0 -1674.0
394.0 -1864.8
395.0 -1527.6
395.0 -1467.6
395.0 -1480.8
395.0 -1848.0
396.0 -1771.2
396.0 -1947.6
397.0 -1894.8
398.0 -1737.6
398.0 -1795.2
399.0 -1760.4
400.0 -1813.2
401.0 -1698.0
401.0 -1842.0
401.0 -1872.0
402.0 -1917.6
404.0 -1974.0
406.0 -1809.6
406.0 -1778.4
406.0 -1952.4
406.0 -1928.4
407.0 -1652.4
407.0 -1615.2
407.0 -1924.8
407.0 -1873.2
408.0 -1663.2
408.0 -1470.0
408.0 -1933.2
408.0 -1947.6
408.0 -1894.8
408.0 -1980.0
410.0 -1526.4
410.0 -1963.2
411.0 -1544.4
411.0 -1875.6
411.0 -1906.8
412.0 -1677.6
412.0 -1980.0
412.0 -1834.8
412.0 -1886.4
413.0 -1810.8
413.0 -1916.4
414.0 -1632.0
414.0 -1912.8
414.0 -1942.8
415.0 -2010.0
415.0 -1855.2
416.0 -1506.0
419.0 -1492.8
420.0 -1966.8
421.0 -1987.2
421.0 -2044.8
422.0 -1938.0
422.0 -1992.0
426.0 -1550.4
426.0 -1960.8
427.0 -1729.2
427.0 -2031.6
428.0 -1862.4
429.0 -2040.0
429.0 -2148.0
430.0 -1491.6
430.0 -1956.0
430.0 -2083.2
430.0 -2026.8
431.0 -2110.8
432.0 -1993.2
432.0 -2073.6
433.0 -1994.4
434.0 -1998.0
434.0 -2090.4
434.0 -2016.0
435.0 -1899.6
435.0 -2110.8
436.0 -2062.8
436.0 -2055.6
436.0 -2005.2
437.0 -2125.2
438.0 -2194.8
439.0 -2131.2
439.0 -2097.6
440.0 -1969.2
440.0 -2070.0
440.0 -2066.4
440.0 -2110.8
441.0 -1693.2
442.0 -2004.0
442.0 -2078.4
442.0 -2100.0
443.0 -2048.4
443.0 -2085.6
443.0 -2100.0
444.0 -2084.4
444.0 -2058.0
445.0 -1806.0
445.0 -2145.6
445.0 -2107.2
447.0 -2017.2
447.0 -1988.4
447.0 -2169.6
447.0 -2163.6
448.0 -2031.6
450.0 -2090.4
450.0 -1918.8
451.0 -1766.4
451.0 -2079.6
451.0 -2136.0
454.0 -2166.0
454.0 -1966.8
455.0 -2187.6
455.0 -2097.6
456.0 -1567.2
456.0 -2097.6
456.0 -2058.0
457.0 -1873.2
457.0 -2144.4
457.0 -2126.4
457.0 -2185.2
458.0 -2181.6
458.0 -2157.6
458.0 -1982.4
459.0 -1738.8
459.0 -2170.8
459.0 -2155.2
460.0 -1659.6
460.0 -2211.6
461.0 -2109.6
461.0 -2050.8
462.0 -2234.4
462.0 -2170.8
462.0 -2204.4
463.0 -2076.0
463.0 -2180.4
464.0 -1887.6
464.0 -2190.0
464.0 -2118.0
464.0 -2308.8
465.0 -2108.4
465.0 -2209.2
465.0 -2161.2
466.0 -2196.0
467.0 -2145.6
467.0 -2214.0
468.0 -1946.4
468.0 -2094.0
468.0 -2176.8
468.0 -2242.8
468.0 -2185.2
469.0 -2174.4
469.0 -2133.6
470.0 -2298.0
470.0 -2181.6
471.0 -2218.8
471.0 -2239.2
472.0 -2247.6
472.0 -2242.8
473.0 -2172.0
473.0 -2270.4
474.0 -2091.6
474.0 -2187.6
474.0 -2168.4
475.0 -2274.0
475.0 -2181.6
476.0 -2187.6
477.0 -2205.6
477.0 -2158.8
477.0 -2220.0
477.0 -2272.8
478.0 -2245.2
479.0 -1749.6
479.0 -2186.4
480.0 -1892.4
480.0 -2242.8
480.0 -2217.6
481.0 -2226.0
481.0 -2302.8
482.0 -2298.0
482.0 -2188.8
482.0 -2277.6
483.0 -1981.2
483.0 -2241.6
483.0 -2158.8
483.0 -2214.0
483.0 -2341.2
484.0 -2190.0
484.0 -2268.0
485.0 -1963.2
485.0 -2286.0
486.0 -2342.4
487.0 -2294.4
488.0 -2004.0
488.0 -1906.8
488.0 -2377.2
489.0 -2214.0
489.0 -2322.0
490.0 -2342.4
490.0 -2290.8
491.0 -2274.0
491.0 -2173.2
491.0 -2360.4
491.0 -2310.0
492.0 -1962.0
492.0 -2316.0
492.0 -2318.4
493.0 -2262.0
493.0 -2424.0
493.0 -2271.6
493.0 -2310.0
494.0 -2026.8
494.0 -2311.2
494.0 -2401.2
494.0 -2262.0
494.0 -2242.8
494.0 -2290.8
495.0 -2293.2
495.0 -2323.2
495.0 -2358.0
496.0 -2400.0
496.0 -2367.6
496.0 -2265.6
497.0 -2365.2
497.0 -2364.0
497.0 -2319.6
497.0 -2395.2
499.0 -2416.8
499.0 -2246.4
499.0 -2200.8
500.0 -2056.8
500.0 -2338.8
500.0 -2352.0
500.0 -2306.4
501.0 -1962.0
501.0 -2332.8
501.0 -2318.4
501.0 -2071.2
501.0 -2365.2
502.0 -2109.6
502.0 -2391.6
502.0 -2281.2
502.0 -2340.0
503.0 -2200.8
503.0 -2300.4
504.0 -2278.8
504.0 -2342.4
505.0 -2208.0
505.0 -2329.2
505.0 -2406.0
505.0 -2440.8
505.0 -2355.6
505.0 -2362.8
506.0 -2010.0
506.0 -2053.2
506.0 -1993.2
506.0 -2202.0
506.0 -2146.8
506.0 -2074.8
506.0 -2338.8
506.0 -2431.2
506.0 -2416.8
506.0 -2413.2
506.0 -2368.8
506.0 -2461.2
506.0 -2461.2
507.0 -2076.0
507.0 -2336.4
507.0 -2366.4
507.0 -2414.4
507.0 -2406.0
507.0 -2449.2
507.0 -2318.4
507.0 -2349.6
508.0 -2383.2
508.0 -2373.6
509.0 -2022.0
509.0 -2456.4
509.0 -2214.0
509.0 -2370.0
509.0 -2430.0
509.0 -2413.2
510.0 -2214.0
510.0 -2384.4
511.0 -2158.8
511.0 -2470.8
511.0 -2266.8
511.0 -2517.6
512.0 -2529.6
512.0 -2416.8
513.0 -2005.2
513.0 -2313.6
513.0 -2343.6
514.0 -2361.6
514.0 -2475.6
515.0 -2347.2
515.0 -2403.6
516.0 -2395.2
516.0 -2353.2
516.0 -2272.8
516.0 -2486.4
516.0 -2392.8
517.0 -2236.8
517.0 -2064.0
517.0 -2324.4
517.0 -2430.0
518.0 -2443.2
519.0 -2518.8
519.0 -2292.0
519.0 -2413.2
519.0 -2502.0
519.0 -2250.0
520.0 -2086.8
520.0 -2520.0
521.0 -1972.8
521.0 -2074.8
521.0 -2322.0
522.0 -1905.6
523.0 -2376.0
523.0 -2391.6
524.0 -2463.6
524.0 -2359.2
525.0 -2570.4
525.0 -2527.2
525.0 -2374.8
526.0 -2112.0
526.0 -2164.8
526.0 -2304.0
526.0 -2424.0
526.0 -2466.0
526.0 -2368.8
526.0 -2563.2
526.0 -2538.0
526.0 -2424.0
527.0 -2089.2
527.0 -2202.0
527.0 -2332.8
527.0 -2469.6
528.0 -2487.6
528.0 -2502.0
528.0 -2544.0
529.0 -2430.0
529.0 -2434.8
529.0 -2512.8
529.0 -2514.0
529.0 -2472.0
529.0 -2486.4
530.0 -2517.6
530.0 -2496.0
530.0 -2548.8
530.0 -2562.0
531.0 -2487.6
531.0 -2469.6
532.0 -2596.8
532.0 -2552.4
532.0 -2415.6
533.0 -2148.0
533.0 -2496.0
533.0 -2526.0
533.0 -2593.2
534.0 -2336.4
534.0 -2464.8
534.0 -2472.0
534.0 -2475.6
534.0 -2475.6
534.0 -2469.6
535.0 -2094.0
535.0 -2554.8
535.0 -2364.0
535.0 -2502.0
535.0 -2596.8
535.0 -2490.0
536.0 -2502.0
536.0 -2505.6
536.0 -2533.2
536.0 -2539.2
537.0 -2119.2
537.0 -2628.0
537.0 -2406.0
538.0 -2359.2
538.0 -2550.0
538.0 -2595.6
538.0 -2598.0
538.0 -2529.6
539.0 -2265.6
539.0 -2600.4
539.0 -2352.0
539.0 -2505.6
539.0 -2514.0
539.0 -2506.8
540.0 -2298.0
540.0 -2173.2
540.0 -2487.6
540.0 -2484.0
540.0 -2559.6
540.0 -2554.8
540.0 -2425.2
540.0 -2524.8
540.0 -2594.4
540.0 -2498.4
540.0 -2464.8
541.0 -1855.2
541.0 -2344.8
541.0 -2589.6
541.0 -2623.2
542.0 -2323.2
542.0 -2448.0
542.0 -2526.0
543.0 -2226.0
543.0 -2610.0
543.0 -2590.8
543.0 -2640.0
543.0 -2547.6
543.0 -2624.4
543.0 -2540.4
543.0 -2583.6
543.0 -2528.4
544.0 -2184.0
544.0 -2038.8
545.0 -2226.0
545.0 -2626.8
545.0 -2479.2
545.0 -2479.2
546.0 -2000.4
546.0 -2277.6
546.0 -2594.4
546.0 -2640.0
546.0 -2539.2
546.0 -2551.2
546.0 -2581.2
546.0 -2572.8
546.0 -2568.0
547.0 -2216.4
547.0 -2344.8
547.0 -2442.0
548.0 -2246.4
548.0 -2365.2
548.0 -2071.2
548.0 -2526.0
548.0 -2629.2
548.0 -2635.2
549.0 -2418.0
549.0 -2728.8
550.0 -2104.8
550.0 -2458.8
550.0 -2604.0
551.0 -2299.2
551.0 -2563.2
552.0 -2653.2
553.0 -2113.2
553.0 -2079.6
553.0 -2526.0
553.0 -2515.2
553.0 -2606.4
553.0 -2662.8
553.0 -2562.0
553.0 -2641.2
553.0 -2503.2
554.0 -2570.4
554.0 -2630.4
554.0 -2568.0
554.0 -2578.8
555.0 -2564.4
555.0 -2463.6
555.0 -2510.4
556.0 -2517.6
556.0 -2584.8
556.0 -2691.6
556.0 -2578.8
556.0 -2617.2
557.0 -2271.6
557.0 -2426.4
557.0 -2490.0
557.0 -2668.8
557.0 -2506.8
557.0 -2612.4
558.0 -2527.2
559.0 -2251.2
559.0 -2625.6
559.0 -2528.4
560.0 -2541.6
560.0 -2259.6
560.0 -1986.0
560.0 -2499.6
560.0 -2581.2
560.0 -2630.4
560.0 -2677.2
560.0 -2599.2
561.0 -2353.2
561.0 -2350.8
561.0 -2641.2
561.0 -2708.4
562.0 -2034.0
562.0 -2205.6
562.0 -2612.4
562.0 -2678.4
562.0 -2539.2
563.0 -2708.4
563.0 -2618.4
563.0 -2587.2
564.0 -2415.6
564.0 -2660.4
564.0 -2581.2
564.0 -2683.2
565.0 -2197.2
565.0 -2394.0
565.0 -2490.0
565.0 -2666.4
566.0 -2276.4
566.0 -2204.4
566.0 -2176.8
566.0 -2576.4
566.0 -2592.0
566.0 -2670.0
567.0 -2668.8
567.0 -2648.4
567.0 -2694.0
567.0 -2685.6
568.0 -2265.6
568.0 -2638.8
568.0 -2700.0
568.0 -2727.6
569.0 -2672.4
569.0 -2428.8
569.0 -2348.4
569.0 -2678.4
569.0 -2775.6
570.0 -2433.6
570.0 -2308.8
570.0 -2594.4
570.0 -2481.6
570.0 -2608.8
571.0 -2737.2
571.0 -2690.4
571.0 -2606.4
571.0 -2516.4
571.0 -2634.0
571.0 -2706.0
572.0 -2392.8
572.0 -2113.2
573.0 -2613.6
573.0 -2635.2
573.0 -2652.0
573.0 -2504.4
573.0 -2725.2
573.0 -2682.0
574.0 -2799.6
574.0 -2524.8
574.0 -2799.6
574.0 -2778.0
575.0 -2196.0
575.0 -2686.8
575.0 -2630.4
576.0 -2270.4
576.0 -2652.0
576.0 -2626.8
576.0 -2788.8
576.0 -2625.6
576.0 -2706.0
577.0 -2743.2
577.0 -2756.4
577.0 -2851.2
578.0 -2841.6
578.0 -2744.4
579.0 -2734.8
579.0 -2294.4
579.0 -2719.2
579.0 -2685.6
579.0 -2740.8
579.0 -2708.4
579.0 -2714.4
579.0 -2725.2
579.0 -2692.8
579.0 -2707.2
580.0 -2196.0
580.0 -2713.2
580.0 -2776.8
581.0 -2595.6
581.0 -2191.2
581.0 -2527.2
582.0 -2695.2
582.0 -2204.4
582.0 -2767.2
582.0 -2702.4
582.0 -2748.0
582.0 -2812.8
582.0 -2685.6
583.0 -2359.2
583.0 -2312.4
583.0 -2797.2
583.0 -2626.8
583.0 -2860.8
583.0 -2728.8
584.0 -2798.4
585.0 -2347.2
585.0 -2406.0
585.0 -2739.6
586.0 -2811.6
586.0 -2366.4
586.0 -2486.4
586.0 -2748.0
586.0 -2817.6
587.0 -2833.2
587.0 -2094.0
587.0 -2497.2
587.0 -2334.0
588.0 -2706.0
588.0 -2619.6
588.0 -2448.0
588.0 -2846.4
589.0 -2154.0
589.0 -2634.0
589.0 -2762.4
589.0 -2742.0
590.0 -2364.0
590.0 -2842.8
591.0 -2384.4
591.0 -2647.2
591.0 -2818.8
591.0 -2823.6
592.0 -2252.4
592.0 -2900.4
594.0 -2310.0
594.0 -2698.8
594.0 -2750.4
595.0 -2834.4
595.0 -2757.6
595.0 -2845.2
595.0 -2703.6
596.0 -2356.8
596.0 -2742.0
596.0 -2804.4
597.0 -2574.0
597.0 -2772.0
597.0 -2752.8
597.0 -2790.0
598.0 -2416.8
598.0 -2736.0
599.0 -2358.0
600.0 -2762.4
600.0 -2714.4
601.0 -2264.4
601.0 -2570.4
601.0 -2688.0
602.0 -2802.0
602.0 -2829.6
602.0 -2744.4
602.0 -2725.2
602.0 -2830.8
603.0 -2487.6
603.0 -2434.8
603.0 -2715.6
603.0 -2816.4
604.0 -2850.0
604.0 -2552.4
604.0 -2529.6
604.0 -2445.6
604.0 -2929.2
605.0 -2550.0
605.0 -2899.2
606.0 -2460.0
606.0 -2575.2
606.0 -2696.4
606.0 -2764.8
607.0 -2360.4
607.0 -2458.8
607.0 -2764.8
608.0 -2821.2
608.0 -2871.6
608.0 -2575.2
608.0 -2588.4
608.0 -2833.2
609.0 -2862.0
609.0 -2772.0
609.0 -2803.2
610.0 -2937.6
611.0 -2916.0
611.0 -2863.2
611.0 -2719.2
611.0 -2797.2
611.0 -2850.0
611.0 -2852.4
611.0 -2788.8
612.0 -2888.4
612.0 -2623.2
612.0 -2941.2
612.0 -2923.2
612.0 -2854.8
613.0 -2722.8
613.0 -2916.0
614.0 -2894.4
614.0 -2881.2
615.0 -2919.6
616.0 -2574.0
616.0 -2517.6
617.0 -2887.2
617.0 -2877.6
617.0 -2871.6
617.0 -2472.0
617.0 -2575.2
617.0 -2805.6
617.0 -2950.8
617.0 -2994.0
617.0 -2934.0
618.0 -2943.6
618.0 -2937.6
618.0 -2781.6
618.0 -2934.0
618.0 -2936.4
619.0 -2869.2
619.0 -2896.8
619.0 -2977.2
619.0 -2587.2
619.0 -2454.0
620.0 -2856.0
620.0 -2966.4
620.0 -2869.2
621.0 -2486.4
622.0 -2980.8
622.0 -2430.0
622.0 -2990.4
623.0 -2847.6
623.0 -2564.4
624.0 -2467.2
624.0 -3007.2
624.0 -2961.6
624.0 -2940.0
624.0 -2200.8
625.0 -2779.2
625.0 -3001.2
626.0 -2944.8
627.0 -2854.8
627.0 -2775.6
627.0 -2924.4
627.0 -2574.0
627.0 -2887.2
628.0 -2815.2
628.0 -2368.8
628.0 -2428.8
629.0 -2996.4
629.0 -2910.0
629.0 -2966.4
629.0 -2655.6
630.0 -2929.2
630.0 -2979.6
630.0 -2571.6
630.0 -2484.0
630.0 -2473.2
630.0 -3009.6
631.0 -2958.0
631.0 -3012.0
631.0 -2588.4
632.0 -2869.2
633.0 -2990.4
633.0 -2935.2
634.0 -2773.2
634.0 -2850.0
634.0 -2883.6
634.0 -2715.6
635.0 -3066.0
635.0 -3024.0
635.0 -2852.4
635.0 -3103.2
635.0 -2883.6
635.0 -3030.0
636.0 -2960.4
636.0 -2964.0
636.0 -3002.4
636.0 -3037.2
636.0 -2922.0
637.0 -2925.6
637.0 -2925.6
637.0 -2954.4
637.0 -2976.0
638.0 -2888.4
639.0 -3048.0
639.0 -2930.4
639.0 -2967.6
640.0 -2870.4
641.0 -2962.8
641.0 -3022.8
641.0 -3027.6
641.0 -3004.8
641.0 -2620.8
642.0 -2402.4
642.0 -3039.6
642.0 -3086.4
642.0 -3099.6
642.0 -2992.8
642.0 -2647.2
643.0 -2570.4
643.0 -3091.2
643.0 -3057.6
643.0 -2712.0
643.0 -2886.0
643.0 -2814.0
643.0 -3103.2
643.0 -2530.8
644.0 -2840.4
644.0 -2923.2
644.0 -3024.0
644.0 -2938.8
644.0 -2856.0
644.0 -3037.2
645.0 -3070.8
645.0 -3020.4
645.0 -3112.8
645.0 -3154.8
646.0 -3051.6
647.0 -2505.6
647.0 -2976.0
647.0 -2906.4
647.0 -3052.8
647.0 -3001.2
648.0 -2434.8
648.0 -2970.0
648.0 -3109.2
648.0 -3016.8
648.0 -2778.0
649.0 -2985.6
649.0 -2998.8
649.0 -3098.4
649.0 -3099.6
649.0 -2492.4
650.0 -3084.0
650.0 -3136.8
651.0 -3054.0
651.0 -2750.4
652.0 -3020.4
652.0 -3046.8
652.0 -3079.2
652.0 -3058.8
653.0 -3086.4
653.0 -2977.2
653.0 -3066.0
653.0 -2943.6
654.0 -3020.4
654.0 -3073.2
654.0 -3091.2
654.0 -3058.8
654.0 -3117.6
655.0 -3001.2
655.0 -3066.0
655.0 -3163.2
655.0 -3000.0
655.0 -3123.6
656.0 -2995.2
656.0 -3110.4
656.0 -2929.2
656.0 -2948.4
656.0 -3114.0
656.0 -2949.6
656.0 -3076.8
656.0 -3013.2
657.0 -2468.4
657.0 -2960.4
657.0 -2930.4
657.0 -2902.8
657.0 -3001.2
657.0 -2966.4
658.0 -2943.6
658.0 -3096.0
658.0 -2905.2
658.0 -3052.8
658.0 -3064.8
659.0 -2979.6
659.0 -3049.2
659.0 -3110.4
659.0 -3020.4
659.0 -2888.4
659.0 -2942.4
659.0 -3096.0
660.0 -2485.2
660.0 -3138.0
660.0 -3115.2
660.0 -2934.0
660.0 -3067.2
660.0 -2985.6
661.0 -2439.6
661.0 -3036.0
662.0 -3163.2
662.0 -2992.8
662.0 -3188.4
662.0 -2931.6
662.0 -3018.0
662.0 -3182.4
662.0 -3045.6
662.0 -3135.6
662.0 -3139.2
663.0 -2430.0
663.0 -3205.2
663.0 -3158.4
663.0 -3097.2
663.0 -3122.4
663.0 -3078.0
663.0 -2757.6
664.0 -2654.4
664.0 -3051.6
664.0 -2994.0
664.0 -2870.4
664.0 -3027.6
664.0 -3177.6
664.0 -3138.0
664.0 -2971.2
664.0 -3128.4
665.0 -2438.4
665.0 -3099.6
665.0 -3109.2
665.0 -3064.8
665.0 -2974.8
665.0 -3076.8
665.0 -3132.0
665.0 -3037.2
665.0 -2966.4
666.0 -3183.6
666.0 -3069.6
666.0 -3042.0
666.0 -3152.4
666.0 -3160.8
666.0 -2924.4
666.0 -3117.6
666.0 -2960.4
666.0 -3070.8
666.0 -3123.6
667.0 -2548.8
667.0 -3036.0
667.0 -3026.4
667.0 -3064.8
667.0 -3184.8
667.0 -3140.4
668.0 -3051.6
668.0 -3114.0
668.0 -3166.8
668.0 -3120.0
668.0 -2979.6
668.0 -3028.8
668.0 -2500.8
668.0 -2630.4
669.0 -3108.0
669.0 -3000.0
669.0 -3014.4
669.0 -3169.2
669.0 -3100.8
669.0 -3066.0
669.0 -3151.2
669.0 -3099.6
669.0 -3115.2
669.0 -3036.0
670.0 -3088.8
670.0 -3152.4
670.0 -3123.6
670.0 -3061.2
670.0 -3181.2
670.0 -3096.0
671.0 -2736.0
671.0 -2674.8
671.0 -3024.0
671.0 -2959.2
671.0 -2980.8
671.0 -3139.2
672.0 -2575.2
672.0 -3123.6
672.0 -3116.4
672.0 -3192.0
672.0 -3176.4
673.0 -2575.2
673.0 -2522.4
673.0 -3202.8
673.0 -3042.0
673.0 -3170.4
673.0 -3012.0
673.0 -3135.6
673.0 -3153.6
674.0 -3070.8
674.0 -3086.4
674.0 -3158.4
674.0 -3048.0
674.0 -3084.0
674.0 -3129.6
674.0 -3097.2
675.0 -2403.6
675.0 -2592.0
675.0 -3104.4
675.0 -3186.0
675.0 -3000.0
675.0 -3082.8
675.0 -3174.0
675.0 -3027.6
675.0 -3147.6
675.0 -3054.0
676.0 -2575.2
676.0 -2968.8
676.0 -3199.2
676.0 -3157.2
676.0 -3124.8
676.0 -3086.4
676.0 -3157.2
676.0 -3170.4
676.0 -3207.6
677.0 -2721.6
677.0 -3177.6
677.0 -2978.4
677.0 -3188.4
677.0 -3078.0
678.0 -2828.4
678.0 -2706.0
678.0 -3279.6
678.0 -3088.8
678.0 -3072.0
678.0 -3046.8
678.0 -3105.6
678.0 -3058.8
678.0 -2794.8
679.0 -3159.6
679.0 -3194.4
679.0 -3099.6
680.0 -2658.0
680.0 -2820.0
680.0 -3018.0
680.0 -3127.2
680.0 -2964.0
680.0 -3111.6
680.0 -3018.0
680.0 -2974.8
680.0 -3079.2
680.0 -3111.6
680.0 -3006.0
681.0 -2700.0
681.0 -2725.2
681.0 -2707.2
681.0 -2640.0
681.0 -3139.2
681.0 -3153.6
681.0 -3199.2
681.0 -3241.2
681.0 -3226.8
681.0 -3033.6
681.0 -3182.4
681.0 -3127.2
681.0 -3196.8
682.0 -3003.6
682.0 -3158.4
682.0 -3260.4
682.0 -3198.0
682.0 -3160.8
682.0 -3199.2
682.0 -3081.6
682.0 -3032.4
682.0 -3072.0
683.0 -3110.4
683.0 -3171.6
683.0 -3140.4
683.0 -3145.2
683.0 -2977.2
684.0 -2482.8
684.0 -2628.0
684.0 -3174.0
685.0 -2757.6
685.0 -2994.0
685.0 -3181.2
685.0 -3118.8
685.0 -3076.8
685.0 -3114.0
685.0 -2888.4
685.0 -3123.6
685.0 -2804.4
686.0 -2802.0
686.0 -2738.4
686.0 -2737.2
686.0 -2666.4
686.0 -3028.8
686.0 -3124.8
686.0 -3208.8
686.0 -3103.2
686.0 -3070.8
686.0 -3264.0
686.0 -3054.0
686.0 -3154.8
686.0 -2874.0
687.0 -3225.6
687.0 -3153.6
687.0 -3079.2
688.0 -2607.6
688.0 -2696.4
688.0 -2542.8
688.0 -2912.4
688.0 -2571.6
688.0 -3138.0
688.0 -3024.0
688.0 -3256.8
688.0 -3072.0
689.0 -2869.2
689.0 -2668.8
689.0 -2704.8
689.0 -3118.8
689.0 -3141.6
689.0 -3220.8
689.0 -3254.4
689.0 -3061.2
689.0 -3108.0
690.0 -3158.4
690.0 -3076.8
690.0 -3112.8
690.0 -3039.6
690.0 -3212.4
690.0 -3285.6
691.0 -2637.6
691.0 -2628.0
691.0 -3210.0
692.0 -2548.8
692.0 -2762.4
692.0 -3102.0
692.0 -3133.2
692.0 -3248.4
692.0 -3231.6
693.0 -2724.0
693.0 -2672.4
693.0 -3231.6
693.0 -3085.2
693.0 -3178.8
693.0 -3166.8
693.0 -3184.8
694.0 -2587.2
694.0 -2932.8
694.0 -2582.4
694.0 -3194.4
694.0 -3250.8
695.0 -2786.4
695.0 -2670.0
695.0 -2624.4
695.0 -3067.2
695.0 -3106.8
695.0 -3058.8
695.0 -3230.4
695.0 -3086.4
695.0 -3002.4
695.0 -3139.2
695.0 -3082.8
696.0 -2806.8
696.0 -3218.4
696.0 -3159.6
696.0 -3231.6
696.0 -3152.4
696.0 -3124.8
696.0 -3208.8
696.0 -3116.4
696.0 -3193.2
697.0 -2808.0
697.0 -2935.2
697.0 -2704.8
697.0 -3122.4
697.0 -3141.6
697.0 -3177.6
697.0 -3171.6
697.0 -3008.4
698.0 -2736.0
698.0 -2655.6
698.0 -2822.4
698.0 -2846.4
698.0 -2767.2
698.0 -2845.2
698.0 -3250.8
698.0 -3242.4
698.0 -3183.6
699.0 -2846.4
699.0 -2586.0
699.0 -3174.0
699.0 -3199.2
699.0 -3236.4
699.0 -3217.2
700.0 -2644.8
700.0 -2832.0
700.0 -2893.2
700.0 -2505.6
700.0 -3194.4
700.0 -3241.2
701.0 -2623.2
701.0 -2895.6
701.0 -2624.4
701.0 -3198.0
701.0 -3164.4
701.0 -3244.8
701.0 -3270.0
701.0 -3180.0
701.0 -3069.6
701.0 -3160.8
702.0 -2761.2
702.0 -2936.4
702.0 -2740.8
702.0 -2685.6
702.0 -3144.0
702.0 -3058.8
702.0 -3273.6
702.0 -3240.0
702.0 -3274.8
702.0 -3217.2
703.0 -2811.6
703.0 -2746.8
703.0 -2672.4
703.0 -2833.2
703.0 -3154.8
703.0 -3260.4
703.0 -3249.6
703.0 -3205.2
703.0 -3206.4
704.0 -2755.2
704.0 -3230.4
704.0 -3268.8
704.0 -3199.2
704.0 -3248.4
704.0 -3250.8
705.0 -3290.4
705.0 -3195.6
705.0 -3103.2
706.0 -2733.6
706.0 -2780.4
706.0 -2571.6
706.0 -2613.6
706.0 -3309.6
706.0 -3246.0
706.0 -3100.8
707.0 -2578.8
707.0 -2684.4
707.0 -2878.8
707.0 -2694.0
707.0 -2637.6
707.0 -3210.0
708.0 -2631.6
708.0 -2748.0
708.0 -2779.2
708.0 -3223.2
708.0 -3214.8
709.0 -2791.2
709.0 -2485.2
709.0 -2768.4
709.0 -2402.4
709.0 -2674.8
709.0 -3264.0
709.0 -3152.4
710.0 -2868.0
710.0 -2589.6
710.0 -2679.6
710.0 -2900.4
710.0 -3015.6
710.0 -3192.0
710.0 -3310.8
710.0 -3324.0
710.0 -3286.8
711.0 -2658.0
711.0 -2728.8
711.0 -2826.0
711.0 -2809.2
711.0 -3238.8
711.0 -3117.6
711.0 -3220.8
712.0 -2952.0
712.0 -2758.8
712.0 -3102.0
712.0 -3117.6
713.0 -2632.8
713.0 -2719.2
713.0 -2644.8
713.0 -3192.0
713.0 -3285.6
714.0 -2828.4
714.0 -2670.0
714.0 -2739.6
714.0 -2778.0
714.0 -3177.6
714.0 -3162.0
714.0 -3183.6
715.0 -2732.4
715.0 -2815.2
715.0 -2506.8
715.0 -3222.0
716.0 -2918.4
716.0 -2742.0
716.0 -2824.8
716.0 -3324.0
716.0 -3132.0
716.0 -3214.8
716.0 -3188.4
717.0 -2577.6
717.0 -2833.2
717.0 -2732.4
717.0 -3278.4
717.0 -3199.2
717.0 -3231.6
717.0 -3206.4
717.0 -3223.2
718.0 -2644.8
718.0 -2841.6
718.0 -2640.0
718.0 -2548.8
718.0 -3171.6
718.0 -3223.2
718.0 -3246.0
719.0 -2946.0
719.0 -2894.4
719.0 -2815.2
719.0 -2829.6
719.0 -3165.6
719.0 -3219.6
719.0 -3192.0
720.0 -2682.0
720.0 -2460.0
720.0 -2892.0
720.0 -2919.6
720.0 -2491.2
720.0 -2463.6
720.0 -3231.6
720.0 -3098.4
720.0 -3312.0
721.0 -2694.0
721.0 -2557.2
721.0 -2806.8
721.0 -2641.2
721.0 -2857.2
721.0 -3312.0
721.0 -3303.6
721.0 -3232.8
722.0 -2817.6
722.0 -2728.8
722.0 -2919.6
722.0 -2828.4
723.0 -2671.2
723.0 -2876.4
723.0 -2600.4
723.0 -3225.6
723.0 -3212.4
723.0 -3309.6
724.0 -2703.6
724.0 -2670.0
724.0 -2901.6
724.0 -2713.2
724.0 -2782.8
724.0 -3247.2
724.0 -3307.2
725.0 -2491.2
725.0 -2770.8
725.0 -3338.4
726.0 -2582.4
726.0 -2878.8
726.0 -2960.4
726.0 -2743.2
726.0 -3195.6
726.0 -3139.2
727.0 -2785.2
727.0 -2870.4
727.0 -2943.6
727.0 -2659.2
727.0 -2462.4
727.0 -2666.4
727.0 -3315.6
728.0 -2916.0
728.0 -2886.0
728.0 -2656.8
728.0 -2398.8
729.0 -2582.4
729.0 -2691.6
729.0 -2614.8
729.0 -3360.0
730.0 -2838.0
730.0 -2824.8
730.0 -2856.0
730.0 -2841.6
730.0 -2800.8
730.0 -3321.6
731.0 -2858.4
731.0 -2781.6
731.0 -2766.0
731.0 -2848.8
731.0 -2812.8
731.0 -3366.0
732.0 -2961.6
732.0 -3216.0
732.0 -3312.0
732.0 -3364.8
732.0 -3328.8
733.0 -2722.8
733.0 -2823.6
733.0 -2856.0
733.0 -3254.4
734.0 -3350.4
734.0 -3414.0
735.0 -2443.2
735.0 -2628.0
735.0 -2978.4
735.0 -2857.2
736.0 -2655.6
736.0 -2864.4
736.0 -2907.6
736.0 -3016.8
736.0 -2641.2
736.0 -2701.2
736.0 -3246.0
737.0 -2944.8
737.0 -2937.6
737.0 -2899.2
737.0 -3348.0
738.0 -2770.8
738.0 -2832.0
738.0 -3253.2
738.0 -3228.0
739.0 -2839.2
739.0 -3331.2
739.0 -3369.6
740.0 -3013.2
740.0 -3309.6
741.0 -2901.6
741.0 -2680.8
741.0 -2992.8
741.0 -2752.8
741.0 -3360.0
741.0 -3262.8
741.0 -3310.8
742.0 -3117.6
742.0 -2776.8
742.0 -3372.0
742.0 -3373.2
743.0 -2840.4
743.0 -2853.6
744.0 -2810.4
744.0 -2845.2
744.0 -2804.4
744.0 -2866.8
745.0 -3332.4
746.0 -2990.4
746.0 -2859.6
746.0 -2929.2
746.0 -2740.8
746.0 -2900.4
747.0 -3025.2
747.0 -2925.6
748.0 -2620.8
748.0 -2946.0
748.0 -3367.2
749.0 -2738.4
749.0 -2798.4
749.0 -2875.2
750.0 -2968.8
750.0 -2866.8
750.0 -2672.4
750.0 -3397.2
750.0 -3327.6
751.0 -3394.8
751.0 -3328.8
752.0 -2880.0
753.0 -2785.2
753.0 -2611.2
754.0 -2854.8
755.0 -2769.6
756.0 -2994.0
756.0 -2947.2
757.0 -2966.4
757.0 -2846.4
757.0 -2815.2
757.0 -2786.4
757.0 -2815.2
758.0 -2929.2
759.0 -2748.0
759.0 -2630.4
760.0 -2823.6
760.0 -2762.4
761.0 -2889.6
761.0 -2983.2
761.0 -2884.8
761.0 -2854.8
761.0 -2835.6
761.0 -2934.0
762.0 -2816.4
762.0 -2977.2
763.0 -2827.2
764.0 -3012.0
767.0 -2666.4
768.0 -2625.6
768.0 -2832.0
768.0 -2821.2
768.0 -3444.0
769.0 -2946.0
769.0 -2670.0
769.0 -3418.8
770.0 -2991.6
771.0 -2892.0
772.0 -3021.6
773.0 -2875.2
774.0 -3115.2
774.0 -2944.8
776.0 -3061.2
777.0 -2916.0
786.0 -3021.6
787.0 -2887.2
