96.9 5.0 26.0 -14.4
96.9 5.0 26.0 -14.4
97.7 6.0 35.0 -15.6
97.7 6.0 35.0 -15.6
101.7 6.0 35.0 -16.8
101.7 6.0 35.0 -16.8
104.5 5.0 26.0 -15.6
105.1 7.0 33.0 -16.8
105.9 8.0 42.0 -18.0
105.9 8.0 42.0 -18.0
106.6 6.0 26.0 -16.8
106.7 5.0 26.0 -16.8
107.5 8.0 42.0 -19.2
107.5 8.0 42.0 -19.2
108.2 6.0 32.0 -18.0
108.7 8.0 39.0 -19.2
110.0 5.0 25.0 -15.6
110.2 9.0 46.0 -20.4
110.2 9.0 46.0 -20.4
110.3 8.0 39.0 -20.4
111.2 5.0 20.0 -16.8
111.2 5.0 20.0 -16.8
112.3 7.0 41.0 -19.2
112.5 7.0 33.0 -19.2
113.3 9.0 45.0 -21.6
113.3 9.0 45.0 -21.6
114.2 6.0 26.0 -18.0
114.2 6.0 26.0 -18.0
115.2 9.0 40.0 -21.6
115.2 9.0 40.0 -21.6
116.1 8.0 39.0 -21.6
116.8 7.0 33.0 -20.4
117.3 6.0 32.0 -19.2
118.3 8.0 36.0 -21.6
118.3 7.0 29.0 -19.2
119.1 9.0 45.0 -22.8
119.1 9.0 45.0 -22.8
121.6 5.0 25.0 -18.0
121.6 5.0 25.0 -18.0
122.4 6.0 26.0 -19.2
122.8 9.0 40.0 -22.8
123.8 7.0 30.0 -20.4
124.2 10.0 49.0 -24.0
124.2 10.0 49.0 -24.0
124.5 8.0 44.0 -22.8
125.2 8.0 42.0 -22.8
125.3 8.0 33.0 -21.6
125.9 5.0 25.0 -19.2
125.9 5.0 25.0 -19.2
126.7 9.0 45.0 -24.0
126.7 9.0 45.0 -24.0
128.0 6.0 28.0 -20.4
128.6 5.0 20.0 -18.0
128.8 7.0 33.0 -21.6
130.0 10.0 49.0 -25.2
130.1 7.0 32.0 -21.6
131.4 7.0 30.0 -21.6
131.4 7.0 30.0 -21.6
132.1 8.0 44.0 -24.0
132.9 5.0 20.0 -19.2
132.9 8.0 33.0 -22.8
134.1 7.0 29.0 -21.6
134.1 8.0 36.0 -24.0
134.9 9.0 45.0 -25.2
134.9 9.0 45.0 -25.2
135.6 6.0 28.0 -21.6
135.7 7.0 35.0 -22.8
136.8 9.0 40.0 -25.2
137.0 7.0 33.0 -22.8
137.6 10.0 49.0 -26.4
137.6 10.0 49.0 -26.4
140.3 6.0 32.0 -22.8
140.7 7.0 29.0 -22.8
142.3 8.0 44.0 -25.2
142.3 8.0 44.0 -25.2
143.4 8.0 33.0 -24.0
143.4 8.0 33.0 -24.0
144.4 7.0 35.0 -24.0
145.0 9.0 48.0 -26.4
145.4 5.0 25.0 -20.4
145.7 7.0 33.0 -24.0
146.1 6.0 28.0 -22.8
147.0 9.0 40.0 -26.4
147.4 6.0 26.0 -22.8
147.8 10.0 49.0 -27.6
152.0 7.0 35.0 -25.2
152.0 7.0 35.0 -25.2
152.8 8.0 44.0 -26.4
152.8 8.0 44.0 -26.4
154.7 8.0 39.0 -26.4
154.8 8.0 36.0 -26.4
155.5 9.0 48.0 -27.6
155.6 9.0 45.0 -27.6
156.8 11.0 58.0 -28.8
156.8 11.0 58.0 -28.8
157.5 9.0 40.0 -27.6
157.5 9.0 40.0 -27.6
158.3 10.0 49.0 -28.8
158.3 10.0 49.0 -28.8
160.2 5.0 25.0 -21.6
160.2 5.0 25.0 -21.6
161.2 6.0 29.0 -24.0
161.3 6.0 26.0 -24.0
164.4 11.0 58.0 -30.0
164.4 6.0 32.0 -25.2
165.3 7.0 30.0 -25.2
165.9 7.0 35.0 -26.4
165.9 7.0 35.0 -26.4
166.7 8.0 44.0 -27.6
167.2 7.0 33.0 -26.4
168.6 8.0 39.0 -27.6
168.7 8.0 36.0 -27.6
169.4 9.0 48.0 -28.8
169.5 9.0 45.0 -28.8
170.7 5.0 25.0 -22.8
170.7 5.0 25.0 -22.8
171.4 9.0 40.0 -28.8
171.4 9.0 40.0 -28.8
172.2 10.0 49.0 -30.0
172.2 10.0 49.0 -30.0
172.9 7.0 30.0 -26.4
173.1 15.0 85.0 -31.2
174.6 12.0 63.0 -31.2
174.6 12.0 63.0 -31.2
175.9 5.0 25.0 -24.0
176.1 6.0 26.0 -25.2
179.2 6.0 32.0 -26.4
179.6 10.0 45.0 -30.0
180.2 7.0 29.0 -26.4
180.7 7.0 35.0 -27.6
182.0 7.0 33.0 -27.6
182.0 7.0 33.0 -27.6
183.4 8.0 39.0 -28.8
183.6 15.0 85.0 -32.4
184.2 9.0 48.0 -30.0
184.2 9.0 48.0 -30.0
185.6 10.0 41.0 -30.0
186.6 11.0 58.0 -31.2
187.1 8.0 31.0 -27.6
187.3 11.0 50.0 -31.2
190.3 7.0 27.0 -26.4
190.3 7.0 27.0 -26.4
192.2 6.0 28.0 -26.4
192.2 6.0 28.0 -26.4
193.0 5.0 25.0 -25.2
193.1 13.0 77.0 -33.6
193.1 13.0 77.0 -33.6
193.5 6.0 26.0 -26.4
194.4 10.0 45.0 -31.2
194.5 12.0 61.0 -32.4
194.8 13.0 73.0 -33.6
195.2 11.0 54.0 -32.4
196.2 8.0 34.0 -28.8
196.6 6.0 32.0 -27.6
198.1 7.0 35.0 -28.8
198.1 7.0 35.0 -28.8
198.7 12.0 67.0 -33.6
198.9 8.0 44.0 -30.0
199.7 7.0 29.0 -27.6
200.3 9.0 37.0 -30.0
200.3 9.0 37.0 -30.0
200.9 8.0 36.0 -30.0
200.9 8.0 36.0 -30.0
201.9 8.0 31.0 -28.8
201.9 12.0 64.0 -33.6
202.7 11.0 44.0 -31.2
203.0 10.0 41.0 -31.2
203.3 14.0 82.0 -34.8
203.6 9.0 40.0 -31.2
204.4 10.0 49.0 -32.4
204.4 10.0 49.0 -32.4
205.9 14.0 81.0 -34.8
207.0 13.0 77.0 -34.8
207.0 13.0 77.0 -34.8
207.7 7.0 27.0 -27.6
208.0 12.0 59.0 -33.6
208.0 13.0 73.0 -34.8
208.5 11.0 60.0 -33.6
208.6 11.0 46.0 -32.4
209.1 11.0 54.0 -33.6
209.2 8.0 30.0 -28.8
210.4 5.0 25.0 -26.4
210.4 5.0 25.0 -26.4
211.8 10.0 45.0 -32.4
212.0 14.0 71.0 -34.8
212.6 13.0 72.0 -34.8
212.9 13.0 68.0 -34.8
213.0 6.0 26.0 -27.6
213.0 6.0 26.0 -27.6
214.5 7.0 29.0 -28.8
214.5 7.0 29.0 -28.8
215.1 9.0 37.0 -31.2
215.9 16.0 90.0 -36.0
215.9 16.0 90.0 -36.0
216.3 14.0 83.0 -36.0
216.3 14.0 83.0 -36.0
217.0 12.0 69.0 -34.8
217.2 8.0 33.0 -30.0
217.4 12.0 64.0 -34.8
217.8 7.0 35.0 -30.0
218.1 15.0 80.0 -36.0
218.4 8.0 44.0 -31.2
218.9 7.0 33.0 -30.0
220.3 14.0 81.0 -36.0
220.4 8.0 36.0 -31.2
221.2 14.0 78.0 -36.0
221.7 10.0 43.0 -32.4
222.1 10.0 54.0 -33.6
222.5 11.0 46.0 -33.6
222.7 15.0 91.0 -37.2
223.1 9.0 40.0 -32.4
223.8 10.0 50.0 -33.6
223.9 10.0 49.0 -33.6
224.6 14.0 81.0 -37.2
225.1 12.0 57.0 -34.8
225.7 10.0 45.0 -33.6
225.7 10.0 45.0 -33.6
226.5 11.0 54.0 -34.8
226.5 11.0 54.0 -34.8
227.2 7.0 27.0 -28.8
228.3 14.0 69.0 -36.0
228.9 13.0 68.0 -36.0
228.9 13.0 68.0 -36.0
229.5 15.0 80.0 -37.2
229.8 8.0 32.0 -30.0
230.9 13.0 65.0 -36.0
231.3 9.0 35.0 -31.2
231.4 9.0 34.0 -31.2
232.0 12.0 69.0 -36.0
232.9 15.0 91.0 -38.4
232.9 15.0 91.0 -38.4
233.3 13.0 72.0 -37.2
234.0 10.0 39.0 -32.4
234.0 10.0 39.0 -32.4
234.8 12.0 53.0 -34.8
234.8 12.0 53.0 -34.8
235.6 16.0 89.0 -38.4
235.8 6.0 32.0 -30.0
235.8 6.0 32.0 -30.0
236.1 14.0 83.0 -38.4
236.9 9.0 37.0 -32.4
236.9 9.0 37.0 -32.4
237.3 10.0 41.0 -33.6
237.6 12.0 66.0 -36.0
237.8 13.0 62.0 -36.0
238.6 7.0 33.0 -31.2
238.6 7.0 33.0 -31.2
238.7 12.0 63.0 -36.0
239.4 11.0 52.0 -34.8
239.9 11.0 46.0 -34.8
240.1 8.0 36.0 -32.4
240.1 8.0 36.0 -32.4
240.2 13.0 71.0 -37.2
240.7 12.0 55.0 -36.0
240.8 9.0 45.0 -33.6
241.5 10.0 57.0 -34.8
241.7 11.0 60.0 -36.0
242.8 9.0 40.0 -33.6
242.8 9.0 40.0 -33.6
243.1 14.0 69.0 -37.2
243.5 10.0 49.0 -34.8
244.3 11.0 58.0 -36.0
244.4 12.0 64.0 -37.2
246.1 11.0 54.0 -36.0
246.6 17.0 95.0 -39.6
247.1 16.0 92.0 -39.6
247.2 13.0 72.0 -38.4
247.7 15.0 91.0 -39.6
250.1 12.0 51.0 -36.0
250.1 12.0 51.0 -36.0
253.2 13.0 60.0 -37.2
253.5 11.0 44.0 -34.8
254.2 18.0 105.0 -40.8
254.2 18.0 105.0 -40.8
254.5 14.0 77.0 -39.6
255.0 13.0 71.0 -38.4
255.4 12.0 60.0 -37.2
256.1 9.0 39.0 -33.6
256.8 10.0 48.0 -34.8
257.1 17.0 95.0 -40.8
257.7 17.0 91.0 -40.8
258.5 10.0 47.0 -34.8
258.5 12.0 65.0 -38.4
259.0 8.0 42.0 -33.6
259.8 9.0 51.0 -34.8
260.3 12.0 55.0 -37.2
260.5 9.0 45.0 -34.8
261.3 10.0 54.0 -36.0
261.4 11.0 48.0 -36.0
261.9 16.0 92.0 -40.8
262.3 16.0 86.0 -40.8
263.2 10.0 49.0 -36.0
263.2 10.0 49.0 -36.0
264.0 11.0 58.0 -37.2
265.2 14.0 76.0 -39.6
265.2 14.0 76.0 -39.6
265.8 11.0 54.0 -37.2
265.8 11.0 54.0 -37.2
265.9 12.0 63.0 -38.4
266.8 13.0 75.0 -39.6
266.8 11.0 43.0 -34.8
266.8 13.0 75.0 -39.6
267.5 15.0 82.0 -40.8
267.9 17.0 91.0 -42.0
268.7 13.0 70.0 -39.6
268.8 16.0 81.0 -40.8
269.5 12.0 47.0 -36.0
269.5 12.0 47.0 -36.0
270.5 13.0 60.0 -38.4
271.4 10.0 42.0 -34.8
271.4 10.0 42.0 -34.8
271.9 17.0 87.0 -42.0
271.9 17.0 87.0 -42.0
272.5 16.0 86.0 -42.0
272.9 14.0 84.0 -40.8
272.9 11.0 45.0 -36.0
273.0 11.0 44.0 -36.0
273.9 13.0 67.0 -39.6
273.9 13.0 67.0 -39.6
274.7 10.0 46.0 -36.0
274.7 10.0 46.0 -36.0
274.8 14.0 79.0 -40.8
275.6 12.0 49.0 -37.2
275.6 12.0 49.0 -37.2
276.0 12.0 59.0 -38.4
277.4 11.0 50.0 -37.2
277.4 11.0 50.0 -37.2
277.5 11.0 55.0 -38.4
278.0 18.0 96.0 -43.2
278.8 14.0 78.0 -40.8
280.8 13.0 64.0 -39.6
280.8 13.0 64.0 -39.6
282.7 14.0 75.0 -40.8
283.5 16.0 85.0 -42.0
284.1 13.0 72.0 -40.8
284.9 15.0 82.0 -42.0
285.3 15.0 80.0 -42.0
286.2 13.0 69.0 -40.8
286.5 11.0 43.0 -36.0
286.5 11.0 43.0 -36.0
286.9 18.0 105.0 -44.4
287.0 14.0 78.0 -42.0
289.2 12.0 47.0 -37.2
289.2 12.0 47.0 -37.2
289.3 13.0 61.0 -39.6
290.2 13.0 60.0 -39.6
290.7 11.0 49.0 -37.2
290.7 11.0 49.0 -37.2
292.5 16.0 91.0 -43.2
292.8 18.0 96.0 -44.4
293.6 12.0 53.0 -38.4
293.6 12.0 53.0 -38.4
293.9 15.0 73.0 -42.0
295.1 14.0 70.0 -42.0
295.1 14.0 70.0 -42.0
296.0 13.0 58.0 -39.6
296.0 13.0 58.0 -39.6
296.8 14.0 67.0 -40.8
296.8 14.0 67.0 -40.8
297.6 14.0 64.0 -40.8
301.0 15.0 69.0 -42.0
301.2 15.0 79.0 -43.2
301.8 18.0 94.0 -44.4
301.8 16.0 78.0 -43.2
303.0 16.0 91.0 -44.4
303.0 16.0 91.0 -44.4
303.6 13.0 57.0 -39.6
303.6 13.0 57.0 -39.6
304.5 19.0 109.0 -45.6
304.5 19.0 109.0 -45.6
306.0 13.0 64.0 -40.8
306.9 12.0 52.0 -38.4
306.9 12.0 52.0 -38.4
307.3 15.0 77.0 -43.2
307.9 13.0 59.0 -40.8
307.9 13.0 59.0 -40.8
308.8 19.0 106.0 -45.6
308.8 19.0 106.0 -45.6
309.6 13.0 56.0 -39.6
309.6 13.0 56.0 -39.6
310.5 14.0 64.0 -42.0
310.5 14.0 64.0 -42.0
311.3 15.0 73.0 -43.2
311.3 15.0 73.0 -43.2
312.8 20.0 119.0 -46.8
312.8 20.0 119.0 -46.8
314.7 20.0 114.0 -46.8
314.7 20.0 114.0 -46.8
316.7 19.0 103.0 -45.6
317.2 16.0 82.0 -44.4
318.1 18.0 100.0 -45.6
318.1 18.0 100.0 -45.6
318.7 18.0 97.0 -45.6
318.9 19.0 93.0 -45.6
320.7 15.0 69.0 -43.2
320.7 15.0 69.0 -43.2
321.5 16.0 78.0 -44.4
322.5 13.0 57.0 -40.8
322.8 20.0 106.0 -46.8
323.6 17.0 93.0 -45.6
324.7 19.0 105.0 -46.8
324.7 19.0 105.0 -46.8
326.2 18.0 92.0 -45.6
326.2 18.0 92.0 -45.6
326.3 18.0 97.0 -46.8
326.8 15.0 65.0 -43.2
327.3 16.0 76.0 -44.4
327.3 16.0 76.0 -44.4
327.6 16.0 74.0 -44.4
327.9 21.0 126.0 -48.0
327.9 21.0 126.0 -48.0
328.0 14.0 68.0 -43.2
329.5 18.0 86.0 -45.6
329.5 18.0 86.0 -45.6
331.0 20.0 116.0 -48.0
331.0 20.0 116.0 -48.0
332.6 17.0 90.0 -45.6
332.7 14.0 62.0 -42.0
332.7 14.0 62.0 -42.0
333.0 20.0 115.0 -48.0
333.0 20.0 115.0 -48.0
334.8 17.0 87.0 -45.6
335.0 20.0 107.0 -48.0
335.6 17.0 86.0 -45.6
337.9 18.0 93.0 -46.8
338.2 15.0 73.0 -44.4
338.8 16.0 72.0 -44.4
338.8 16.0 72.0 -44.4
339.6 17.0 81.0 -45.6
340.2 15.0 63.0 -43.2
340.5 19.0 98.0 -48.0
340.9 16.0 77.0 -45.6
344.1 22.0 125.0 -49.2
344.1 22.0 125.0 -49.2
345.7 18.0 90.0 -46.8
345.7 19.0 89.0 -46.8
346.0 18.0 97.0 -48.0
348.5 21.0 116.0 -49.2
348.5 21.0 116.0 -49.2
348.6 20.0 106.0 -49.2
349.2 17.0 87.0 -46.8
350.0 18.0 96.0 -48.0
350.0 18.0 96.0 -48.0
350.4 16.0 68.0 -44.4
350.4 16.0 68.0 -44.4
352.1 19.0 106.0 -49.2
353.0 17.0 73.0 -45.6
353.0 17.0 73.0 -45.6
353.8 18.0 82.0 -46.8
353.8 18.0 82.0 -46.8
354.5 16.0 74.0 -45.6
354.5 16.0 74.0 -45.6
354.6 22.0 125.0 -50.4
356.2 19.0 102.0 -49.2
356.2 19.0 102.0 -49.2
356.4 21.0 124.0 -50.4
356.4 21.0 124.0 -50.4
356.8 17.0 84.0 -46.8
357.2 17.0 78.0 -46.8
357.2 17.0 78.0 -46.8
357.6 18.0 93.0 -48.0
358.8 21.0 111.0 -50.4
360.2 19.0 98.0 -49.2
360.2 19.0 98.0 -49.2
360.4 20.0 116.0 -50.4
362.0 20.0 110.0 -50.4
362.0 20.0 110.0 -50.4
365.9 20.0 97.0 -49.2
365.9 20.0 97.0 -49.2
366.3 20.0 107.0 -50.4
367.1 22.0 121.0 -51.6
367.1 22.0 121.0 -51.6
370.4 20.0 103.0 -50.4
370.4 20.0 103.0 -50.4
373.2 22.0 117.0 -51.6
376.5 21.0 112.0 -51.6
376.5 21.0 112.0 -51.6
382.1 19.0 88.0 -48.0
382.1 19.0 88.0 -48.0
383.4 23.0 122.0 -52.8
383.4 23.0 122.0 -52.8
385.2 20.0 94.0 -49.2
385.2 20.0 94.0 -49.2
387.9 19.0 94.0 -49.2
389.3 20.0 100.0 -50.4
389.8 21.0 111.0 -51.6
389.8 21.0 111.0 -51.6
393.4 23.0 121.0 -52.8
393.4 23.0 121.0 -52.8
395.0 19.0 93.0 -49.2
395.0 19.0 93.0 -49.2
397.4 22.0 117.0 -52.8
398.1 20.0 99.0 -50.4
398.1 20.0 99.0 -50.4
399.5 24.0 130.0 -54.0
400.7 21.0 104.0 -51.6
400.7 21.0 104.0 -51.6
401.5 22.0 113.0 -52.8
407.6 23.0 122.0 -54.0
407.6 23.0 122.0 -54.0
