101000011000100110000001000010011010000000000000
101000011000100110000001000010011010000000000000
101000011100100110000001000010011010000000000000
101000011100100110000001000010011010000000000000
101000011100100110000001000010011010000000100000
101000011100100110000001000010011010000000100000
101000011000100110000001000010011010010000000000
101000011000100110001001000000011011000000100000
101000011100100110001001000000011011000000100000
101000011100100110001001000000011011000000100000
001000011000100110001001000010011011000000100000
101000011000100110000001100010011010000000100000
101000011100100110001001000010011011000000100000
101000011100100110001001000010011011000000100000
101000011000100110100001000010011011000000100000
101010011100100110101001000000011010000000100000
011000011000100110000001000010011011000000000000
101000011110100110001001000010011011000000100000
101000011110100110001001000010011011000000100000
101010011100100110101001000010011010000000100000
001000011000100110001001000010011010010000100000
001000011000100110001001000010011010010000100000
101000011100100110000001000010011011010000100000
101000011000100110001001100010011011000000100000
101010011100100110101001000010011011000000100000
101010011100100110101001000010011011000000100000
001000011000100110001001000010011011010000100000
001000011000100110001001000010011011010000100000
101010011010100110101001000010011011000000100000
101010011010100110101001000010011011000000100000
101010011100100110101001100010011010000000100000
101000011000100110101001100010011011000000100000
101000011000100110000001100010011011010000100000
101010011000100110101001100010011011000000100000
011010011000100110001001000010011011000000100000
101010011100100110101001100010011011000000100000
101010011100100110101001100010011011000000100000
011000011000100110000001000010011011010000100000
011000011000100110000001000010011011010000100000
001000111000100110001001000010011011010000100000
101010011010100110101001000010011011010000100000
011000011010100110101001000010011011000000100000
101010111110100110101001000010011011000000100000
101010111110100110101001000010011011000000100000
101010111100100110100001100010011011000000100000
101000011100100110101001100010011011010000100000
011010011010100110101001000010011011000000100000
011000011000100110100001000010011011010000100000
011000011000100110100001000010011011010000100000
101010011100100110101001100010011011010000100000
101010011100100110101001100010011011010000100000
011010111000100110100001000010011011000000100000
001000011000100110001001000010111010010000100000
111000011000100110101001000010011011010000100000
101010111110100110101001100010011011000000100000
011010011010100110100001000010011011010000100000
011000011010100110101001000010011011010000100000
011000011010100110101001000010011011010000100000
101010111100100110100001100010011011010000100000
001000011000100110101001000010111010010000100000
011010011010100110101001000010011011010000100000
011010111000100110001001000010011011010000100000
101010111000100110101001100010011011010000100000
101010111100100110101001100010011011010000100000
101010111100100110101001100010011011010000100000
011010111000100110100001000010011011010000100000
111010111000100110100001000010011011010000100000
101010111010100110101001100010011011010000100000
111000111000100110101001000010011011010000100000
101010111110100110101001100010011011010000100000
101010111110100110101001100010011011010000100000
101100111000100110100001100010011011010000100000
011110011000100110101001000010011011010000100000
111010111100100110100001100010011011010000100000
111010111100100110100001100010011011010000100000
011110011010100110101001000010011011010000100000
011110011010100110101001000010011011010000100000
111110111000100110100001100010011011000000100000
111010111110100110100001100010011011010000100000
011000011000100110100001010010011011010000100000
111100111000100110101001100010011011000000100000
011110111000100110100001000010011011010000100000
111010111010100110101001100010011011010000100000
011100111000100110101001000010011011010000100000
111010111110100110101001100010011011010000100000
111110111000100110100001100010011011010000100000
111110111000100110100001100010011011010000100000
111110111100100110100001100010011011010000100000
111110111100100110100001100010011011010000100000
111110111010100110100001100010011011010000100000
111110111000100110101001100010011011010000100000
111110111110100110100001100010011011010000100000
111110111100100110101001100010011011010000100000
111110111110100110101001100010011011000000100001
111110111110100110101001100010011011000000100001
111110111010100110101001100010011011010000100000
111110111010100110101001100010011011010000100000
111110111110100110101001100010011011010000100000
111110111110100110101001100010011011010000100000
011000011000100110100001010010011011010010100000
011000011000100110100001010010011011010010100000
011100111010100110100101000010011011010000100000
011100111000100110101101000010011011010000100000
111110111110100110101001100010011011010000100001
111100111000100110100101100010011011010000100000
101110111000100110101101100010111010000000100000
111110111000100110100101100010011011010000100000
111110111000100110100101100010011011010000100000
111110111100100110100101100010011011010000100000
111100111000100110101101100010011011010000100000
111110111010100110100101100010011011010000100000
111110111000100110101101100010011011010000100000
111110111110100110100101100010011011010000100000
111110111100100110101101100010011011010000100000
011100011000100110100001010010011011010010100000
011100011000100110100001010010011011010010100000
111110111010100110101101100010011011010000100000
111110111010100110101101100010011011010000100000
111110111110100110101101100010011011010000100000
111110111110100110101101100010011011010000100000
101110111000100110101101100010111010010000100000
101010111110111110101001100010011011100100100001
111110111110100110101001100010011011011000100001
111110111110100110101001100010011011011000100001
011100111000100110100101000010111011010000100000
011100111000100110101101000010011011010010100000
111100111000100110100101100010011011010010100000
111110111010100110101001110010011011010001100000
011110111000100110101101000010111011010000100000
111110111000100110100101100010011011010010100000
111100111000100110101101100010011011010010100000
111100111000100110101101100010011011010010100000
111110111010100110100101100010011011010010100000
101110111110111110101001100010011011100100100001
111110111110100110100101100010011011010010100000
111110111110100110100101100010011011010010100000
111110111010100110101101100010011011010000101000
111110111111100110101101100010011011010000100000
101110111000100110101101100010111010010000101000
111110111110100110101001100010011011010010101000
011100111000100110101101000010011011010010101000
011100111000100110101101000010011011010010101000
011110111000100110100101000010111011010010100000
011110111000100110100101000010111011010010100000
011100111000100110100111000010011011010010100000
111110111111101110101001100010011111010000100001
111110111111101110101001100010011111010000100001
011100111000100110101101000010111011010010100000
111110111010100110101001110010011011010011100000
111110111110100110101101100010011011010000110001
111110111110101110101001110010011011010001100001
111110111110100110101001110010011011010011100000
111100111000100110101101100010011011010010101000
111100111000100110100101100010111011010010100000
111110111000100110100101100010111011010010100000
111110111000100110100101100010111011010010100000
111110111111100110101101100010011111010000100001
111110111100100110100101100010111011010010100000
011110111000100110101101010010111011010000100000
111110111000100110101101100010111011010000101000
111110111000100110101101100010111011010000101000
111110111000100110101101100010111011010010100000
111110111000100110101101100010111011010010100000
101110111000100110101101100010111010010010101000
111110111111100110101101100010011111010000100010
111110111010100110101001100010011011010010111000
111110111010100110101101100010111011010000101000
111110111111101110101001100010011111011000100001
111110111010100110101101100010111011010010100000
111110111110100110101101100010111011010010100000
111110111110100110101101100010111011010010100000
111011011111100110101011100110011111010000100011
111110111111101110101101100010011111010000100001
111110111111101110101101100010011111010000100001
011100111000100110101101000010111011010010101000
111110111110100110101001110010111011011001100000
111110111111100110101101100010011111010000100011
111011111101100110101101100010011111010010100010
111110111010100110101001110010011011010011101000
111110111110100110101101110010011011010011100000
011110111000100110101101000010111011010010101000
011100111000100110100111000010111011010010100000
011100111000100110100111000010111011010010100000
111110111010100110101001110010111011010011100000
111110111110110110101001100010011011111110100000
101011111111100110101011100110011111010010100010
111110111111100110101101100010011111010000101001
011100111000100110101101010010111011010010100000
011100111000100110101101010010111011010010100000
011110111000100110101101010010111011010010100000
011110111000100110101101010010111011010010100000
111110111000100110101101100010111011010010101000
111110111110111110101001110010011011100101100001
111110111110111110101001110010011011100101100001
111110111111101110101101100010011111010000100011
111110111111101110101101100010011111010000100011
111101111111100110101011100110011111010000100010
011110111010100110101101010010111011010010100000
111111111111100110001101100010011111010010100010
111110111000100110100111100010111011010010100000
111110111110110110101001100010011011111110100001
111110111100100110100101110010111011010010100000
111100111000100110101101110010111011010010100000
111111111111100110001011100110011111010000100011
111110111000100110101101110010111011010010100000
111110111111101110101101100010011111010000101001
111110111010100111101101110010011011010010100000
111110111101100110101101100010111111010010100000
111110111010100110101101110010011011010011101000
101111111111101110101011100110011111010000100011
111110111010100110101101110010111011010010100000
111110111100100110101101110010111011010011100000
111110111110100110101101110010111011010010100000
111111111111100110101011100110011111010000100011
111110111110100111101101110010011011010011100000
111110111010100110101101110010111011010011100000
111110111010100110101101110010111011010011100000
111110111110100110101101110010111011010011100000
111110111110100110101101110010111011010011100000
011100111000100110101101010010111011010010101000
111110111110100110101001110010111011011001101001
111110111110100110101001110010111011011011100001
111110111110100110101001110010111011011011100001
111110111111110110101001110010011111110101100000
011100111000100110101101010010111011010011101000
111110111111100110101101100010011111010010101010
011110111000100110101101010010111011010011101000
011110111010100110101101010010111011010010101000
111011111101100110101101100010111111010010100011
111111111111101110101011100110011111010000100011
111111111111101110101011100110011111010000100011
111111111111100110101011100110011111010010100010
011110111010100110101101010010111011010011101000
011110111010100110101101010010111011010011101000
111110111110100110101101100010111011010010111000
111110111110100110101101100010111011010010111000
111110111111110110101001110010011111110101100001
111100111000100110100111110010111011010010100000
111100111000100110100111110010111011010010100000
111111111111101110101101100010011111010010100011
111110111000100110101111110010011011010010101000
111110111000100110101111110010011011010010101000
111110111010100110101101110010111011010010101000
111110111111100110101111110110011111010000100000
111110111111100110101101100010011111010010111000
111100111000100110101111110010111011010010100000
111100111000100110101111110010111011010010100000
111110011111100110101101110010111111010011100000
111111111001100110111111100010011111010000100010
111110111010100110101101110010111011010011101000
111110111000100110101111110010111011010010100000
111110111000100110101111110010111011010010100000
111110111111100110101111110110011111010001100000
111110111110100110101101110010111011010011101000
111110111001100110101101110010111111010010100000
111110111111100110100101110010111111010010100000
111111111001100110101101100010111111010010100011
111110111010100110101111110010111011010010100000
111110111010100110101111110010111011010010100000
111110111110100110101001110010111011011011101001
111110111011100110101101110010111111010010100000
111110111111100110101101110010111111010010100000
111111111011100110101101100010111111010010100011
111110111011100110101101110010111111010011100000
111011111111110110101001110010011111100111100011
111111111111101110101011100110011111010000101011
111111111111100110101111100110011111010010100010
111111111111101110101011100110011111010010100011
111110111010100110101101110010111011011011101000
111110111010100110101101110010111011011011101000
111110111110100110101111110010011011011011101000
111110111010100110101101110010111011010010111000
111111111111111110101001110010011111110101000011
111111111111111110101001110010011111110101000011
111111111111100110101111110110011111010001100010
111110111111100110101111110110011111010011100000
111110111011100110101101110010111111010011100010
111110111000100111101111110010111011010010100000
111110111001100111101101110010111111010010100000
111111111111110110101001110010011111100111100011
101111111111110110101101110010011111111101100010
111100111011100110101111110010011111010010101000
111111111101100110101101110010111111010011100010
111100111001100110101111110010111111010010100000
111100111101100110101111110010111111010010100000
111110111011100110101101110010111111010011101000
111110111001100110101111110010111111010010100000
111110111101100110101111110010111111010010100000
111110111010100111101111110010111011010011100000
111111111111101110101011100110011111010010101011
101111111111110110101101110010011111110111100010
111110111011100110101111110010111111010010100000
111110111011100110101111110010111111010010100000
111110111111100110101111110010111111010010100000
111110111111100110101111110110011111011011100000
111110111111100110101111110110011111011011100000
111110111011100110101111110010111111010011100000
111110111011100110101111110010111111010011100000
111111111011100110101111110110011111010010100010
111111111101101110101101110010111111010011100010
111110111000100111101101110010111011010010111000
111111111101101110101101110010111111010011100010
111111111111100110101111100110011111010010101011
111111111111110110101101110010011111111101100010
111111111101100110101101110010111111011011100010
111111111111110110101101110010011111010101101010
111110111010100111101101110010111011010010111000
111110111010100111101101110010111011010010111000
111110111011100110101101110010111111011011101000
111100111000100111101111110010111011010011101000
111100111000100111101111110010111011010011101000
111111111111110110101101110010011111110101101010
111111111111110110101101110010011111110101101010
111111111111110110101101110010011111110111100010
111111111101101110101101110010111111010011100011
111110111000100111101111110010111011010011101000
111110111010100111101111110010111011010010101000
111101111111100110101101110010111111010011101010
111101111111100110101101110010111111010011101010
111110111001100110101111110010111111010010101000
111110111001100110101111110010111111010010101000
111111111101100110101101110010111111011011100011
111110111010100111101111110010111011010011101000
111110111010100111101111110010111011010011101000
111110111011100110101111110010111111011011100000
111110111011100110101111110010111111010010101000
111110111011100110101111110010111111010010101000
111111111011100110101111110010111111010010100010
111111111111110110101101110010011111110101101011
111111011111100110101111110010111111010011100011
111110111111100110101111110010111111010011101000
111110111111100110101111110010111111010011101000
111111111111100111101111110110011111010010100010
111111111111100111101111100110011111010010101011
111111111111100110101111110110111111010010100010
111111111111100110101111100110111111010010101011
111111111111100111101111110110011111010011100010
111111111011100110101111110010111111010011100011
111110111000100111101111110010111011010010111000
111110111000100111101111110010111011010010111000
111111111111111110101101110010011111110111100011
111111111111100110101111110010111111010011100011
111110111010100111101111110010111011010010111000
111110111010100111101111110010111011010010111000
111110111011100110101111110010111111010011101010
111110111011100110101111110010111111011011101000
111110111001100111101111110010111111010010101000
111110111001100111101111110010111111010010101000
111011111111100110101111110110111111011011100011
111111111111110110101101110010011111110111101011
111110111011100110101111110010111111010010111000
111110111011100110101111110010111111010010111000
111111111111100110101111110010011111010011111010
111111111111100110101111110010111111010011101010
111111111111100110101111110010111111010011101010
111110111011100111101111110010111111010011101000
111110111011100111101111110010111111010011101000
111110111111100111101111110010111111010011101000
111110111111100111101111110010111111010011101000
111111111011100111111111110010111111010001100010
111111111011100110101101110010111111011011111010
111111111111100110101111110010111111010011101011
111111111111110110101101111010011111110111101010
111111111111100110101101110010111111011011111010
111111111111100110101111110110111111011011100011
111111111111100110101111110110111111011011100011
111110111010100110101111110011111011011010111100
111110111010100110101111110011111011011010111100
111111111111110110101011100111011111110110110111
111111111111110110101011100111011111110110110111
111111111101100110101111110010111111010010111010
111110111001100111101111110010111111010010111000
111110111001100111101111110010111111010010111000
111111111111100110101111110010111111011011110010
111111111011100110101111110010111111010010111010
111111111011100110101111110010111111010010111010
111111111111110110101001110011111111110111110011
111111111111110110101001110011111111110111110011
111110111011100111101111110010111111010010111000
111110111011100111101111110010111111010010111000
111111111011100110101111110010111111010011111010
111111111011100110101111110010111111010011111010
111111111111100110101111110010111111010011111010
111111111111100110101111110010111111010011111010
111111111111111110101011100111011111110110110111
111111111111111110101011100111011111110110110111
111111111111110110101011100111011111111110110111
111111111111110110101011100111011111111110110111
111110111111110111101101110011011111110111110101
111111111111100111101111110010111111010011101011
111110111111110110101101110011111111110111110101
111110111111110110101101110011111111110111110101
111111111111110110101101110011111111100111110110
111111111111110111101101110010011111110111111010
111111111011100110101111110010111111011011111010
111111111011100110101111110010111111011011111010
111111111111100110101111110010111111011011111010
111101111011100111111111110010111111010010101010
111111111111110110101011100111011111111110111110
111111111101110110101101110011111111110111110110
111111111111110110101111110111011111110111110010
111111111111110110101111110111011111110111110010
111110111111110110101101110011111111110111111100
111110111111110110101101110011111111110111111100
111111111111110110101101110011111111110111110110
111111111011100110111111110010111111010011111010
111111111111100111101111110010111111010011111010
111111111111100111101111110010111111010011111010
111111111111100110111111110010111111010011111010
111111111111111110101011101111011111110110110111
111111111111111110101011101111011111110110110111
111111111001100110101111110011111111010011111110
111111111011110111101101110010111111111111101010
111111111011110111101101110010111111111111101010
111111111111111110101101110011111111110111110011
111111111111111110101101110011111111110111110011
111110111111100110101111110011111111010011111111
111101111011100111111111110010111111011010101010
111101111011100111111111110010111111011010101010
111111111111111110101111110111011111110111110010
111111111111111110101111110111011111110111110010
111111111111110110101101110011111111010110111110
111111111111110110101011110011011111110111111111
111111111111101111101111110010111111010011111010
111111111111110110101101110011111111110110111110
111111111001100110101111110011111111011011111110
111111111011100111111111110010111111011011110010
111111111011100111111111110010111111011011110010
111111111111100111111111110010111111011011110010
111111111011100111111111110010111111010010111010
111111111111110110101101110011111111110111111110
111111111011100110101111110011111111011011111110
111011111111111110101011100111111111111110111111
111011111111111110101011100111111111111110111111
111111111111100111111111110010111111011011110011
111111111011110111101101110010111111111111111010
111111111111110110101111110011111111110111110110
111111111111111110101011100111111111111110111110
111111111111111110101011100111111111111110111110
111111111111110110101111110111011111110111111110
111111111011101110101111110011111111011011111110
111111111111101110101111110011111111011011111110
111111111111101110101111110011111111011011111110
111111111011100111111111110010111111011010111010
111111111011100111111111110010111111011010111010
111111111111110110101111110011111111110111110111
111111111011100111111111110010111111011011111010
111111111011100111111111110010111111011011111010
111111111111100111111111110010111111011011111010
111111111111100111111111110010111111011011111010
111111111001100110111111110011111111011011111110
111111111001100110111111110011111111011011111110
111111111111111110101011100111111111111110111111
111111111111110110101111110011111111111111110110
111111111111110110101111110011111111111111110110
111111111111111110101111110111011111111110110111
111111111111111110101111110111011111111110110111
111111111011110110101111110011111111110110111110
111111111011100110111111110011111111011011111110
111111111011100110111111110011111111011011111110
111111111111110110101111110011111111110110111110
111111111111110110101111110111011111111111111110
111111111111110110101111110011111111110111111110
111111111111110110101111110011111111110111111110
111111111111111110101111110011111111110111110111
111111111111110110101111110111111111111111110110
111111111111110110101111110111111111111111110110
111111111011110111101101110011111111111111111110
111111111011110111101101110011111111111111111110
111111111111110110101111110011111111110111111111
111111111111111110101111110111011111111111111110
111111111111111110101111110111011111111111111110
111111111111110110101111110011111111111111111110
111111111111110110101111110011111111111111111110
111111111111111110111111110111011111110111111110
111111111111110110101111110011111111111111111111
111111111111110110101111110011111111111111111111
111111111011110111111111110010111111011110111011
111111111011110111111111110010111111011110111011
111111111111111110111111110111011111111111111110
111111111111111110111111110111011111111111111110
111111111011110111111111110010111111111110111011
111111111011110111111111110010111111111110111011
111111111011110111101111111011111111110110111110
111111111001110110111111110011111111111111111111
111111111101110111101111110011111111111111111111
111111111101110111101111110011111111111111111111
111111111111110111101011111111111111111111111110
111111111111110111101011111111111111111111111110
111111111011110111101111111011111111011110111110
111111111011110111101111111011111111011110111110
111111111111110111101111111011111111110111111111
111111111011110111101111111011111111111110111110
111111111011110111101111111011111111111110111110
111111111111110111101011111111111111111111111111
111111111011110111101111111011111111111111111110
111111111011110111101111111011111111111111111110
111111111111110111101111111011111111111111111110
111111111111110111101111111011111111111111111111
111111111111110111101111111011111111111111111111
