101000011000100100000101000000011011010000100000
101000011000100100000101100000011011010000100000
101000011000100100000101100000011011010000100000
101010011001100100101001100000011110000000000000
101010011001100100101001100000011011000000100000
101010011000100100000101100000011011010000100000
101010011000100100000101100000011011010000100000
101010011011100100101001100000011011000000100000
101010011011100100101001100000011011000000100000
101000011000100100100101100000011011010000100000
101000011000100100100101100000011011010000100000
101010111101100100100001000000011110000000100000
101010111101100100100001000000011110000000100000
101010011000100100100101100000011011010000100000
101010011000100100100101100000011011010000100000
101010011100100100100101100000011011010000100000
101010011100100100100101100000011011010000100000
101010011101100100101001000000011111010000100000
101010011101100100101001000000011111010000100000
101010111011100100101001100000011011000000100000
101000111000100100100101100000011011010000100000
101000111001100100101001100000011111000000100000
101000111001100100101001100000011111000000100000
101010011001100100101001100000011111010000100000
101010011101100100101001000000011111010000100001
101010011101100100101001000000011111010000100001
101010011101100110001001000010011111010000100000
111110111010100100101001100000011011000000100000
111010011010100100100101100000011011010000100000
101010011101100110101001000010011111010000100000
101010011101100110101001000010011111010000100000
111110011000100100000101100000011011010000100000
101010011011100110101001000010011111010000100000
111010111000100100001101100000011011010000100000
111010111000100100001101100000011011010000100000
101000111001100110101001100010011111000000100000
101010011001100110101001100010011111010000100000
101010011101100110101001100010011111010000100000
101010011011100110101001100010011111010000100000
101010011011100110101001100010011111010000100000
111110011000100100101101100000011011010000100000
111110011000100100101101100000011011010000100000
111110111000100100000101100000011011010000100000
111110111000100100000101100000011011010000100000
101000111001100110101001100010011111010000100000
101000111001100110101001100010011111010000100000
001110011001100100100011000000011110010000100000
101010011011100110101001100010011111010000100001
101010011011100110101001100010011111010000100001
111110111000100100100101100000011011010000100000
101000111111100110101001100010011111010000100000
101000111111100110101001100010011111010000100000
111010111001100110101001100010011111000000100000
111010111001100110101001100010011111000000100000
101010111111100110101001100010011111010000100000
111110111010100100100101100000011011010000100000
101010011000100110101101110010011011010000100000
101010011000100110101101110010011011010000100000
001100011001100100000011000000111110010000000000
101110111001100110101001100010011110010000100000
001110011001100110100011000000011110010000100000
001100011001100110100011000010011110010000100000
111100111001100110100001100010011111000000100000
101100011001100110100011000010011110010000100000
101100011001100110100011000010011110010000100000
101010111111100110101001100010011111010000100001
101010111111100110101001100010011111010000100001
101010111011100110101001100010011111010000100010
101000111001100110100011100010011110010000100000
101010111111100110101001100010011111010000100010
111010111011100110101001100010011111010000100000
111000011000100110101101110010011011010000100000
111010111111100110101001100010011111010000100000
111110111001100110101001100010011011010000100000
111100111001100110100001100010011111010000100000
111100111001100110100001100010011111010000100000
101011111011100110101001100010011111010000100010
101011111011100110101001100010011111010000100010
101011111111100110101001100010011111010000100010
101011111111100110101001100010011111010000100010
001100011001100110100011000010011110010000100010
111100111001100110101001100010011111010000100000
111100011000100110101101100010011011010010100000
111100011000100110101101100010011011010010100000
111100111101100110101001100010011111010000100000
111100111101100110101001100010011111010000100000
111110111001100110101001100010011111010000100000
111110111001100110101001100010011111010000100000
101110111001100110101001100010011110010010100000
111010111000100110101101110010011011010000100000
111110111011100110101001100010011111010000100000
101011111111100110101001100010011111010000100011
101011111111100110101001100010011111010000100011
001110011001100110100011000000111110010000100000
001110011001100110100011000000111110010000100000
111011111011100110101001100010011111010000100010
111011111011100110101001100010011111010000100010
111011111111100110101001100010011111010000100010
111011111111100110101001100010011111010000100010
101000111001100110100011100010111110010000100000
101000111001100110100011100010111110010000100000
111100111001100110100001100010011111010010100000
101011111111101110101001100010011111010000100011
101011111111101110101001100010011111010000100011
111110111000100110101101110010011011010000100000
101011111111100110101001100010011111011000100011
111101111101100110101001100010011111010000100010
111110111001100110101101100010011111010000100000
111111111001100110101001100010011111010000100010
111111111101100110101001100010011111010000100010
111111111101100110101001100010011111010000100010
111110111011100110101101100010011111010000100000
001000011000100110100111010010111011010000100001
001000011000100110100111010010111011010000100001
101011111111100110101001100010011111010000101011
111100011000100110101101110010011011010010100000
111100011000100110101101110010011011010010100000
001100011001100110100011000000111110010010100000
001100011001100110100011000000111110010010100000
001000111000100110100111010010111011010000100000
101100111001100110100011100010111110010000100000
001110011001100110100011000010111110010000101000
001110011001100110100011000010111110010000101000
111111111111100110101001100010011111010000100011
111111111111100110101001100010011111010000100011
111100111000100110101101110010011011010010100000
111101111001100110101101100010011111010000100010
111110111000100110101101110010011011010000101000
111110111000100110101101110010011011010010100000
111111111001100110101101100010011111010000100010
111110111001100110101101100010011111010010100000
111111111101100110101101100010011111010000100010
111111111011100110101101100010011111010000100010
111110111011100110101101100010011111010010100000
111111111111100110101101100010011111010000100010
111111111111101110101001100010011111010000100011
101100111001100110100011100010111110010010100000
111111111111100110101101100010011111010000100011
111111111111100110101101100010011111010000100011
111111111011100110101001110010011111010001100010
111111111011100110101001110010011111010001100010
111111111111100110101001110010011111010001100010
111110111000100110101101100010111011010010101000
111110111001100110100101100010111111010010100000
111110111001100110100101100010111111010010100000
111111111011100110101101100010011111010000101010
111110111000100110101101110010111011010010100000
111110111000100110101101110010111011010010100000
111111111111100110101101100010011111010000101010
111111111111100110101001110010011111010001100011
111110111011100110100101100010111111010010100000
111111111111100110101101100010011111010010100010
111111111111100110100001100010111111010010100010
111111111001100110101101110010011111010000100010
111110111010100110101101110010111011010010100000
111111111101100110101101110010011111010000100010
111111111101100110101101110010011111010000100010
111111111011100110101101110010011111010000100010
111110111011100110101101110010011111010010100000
111111111111100110101101100010011111010000101011
111111111111110110101001100010011111110100100011
111111111111110110101001100010011111110100100011
111111111011100110101101110010011111010001100010
111110111011100110101101110010011111010011100000
111111111111100110101101110010011111010001100010
111101111001100110100101100010111111010010100010
111111111001100110101101100010011111010010101010
111111111001100110100101100010111111010010100010
111111111001100110100101100010111111010010100010
111111111101100110100101100010111111010010100010
111111111101100110100101100010111111010010100010
111110111000100110101101110010111011010010101000
111110111000100110101101110010111011010010101000
111111111111110110101001100010011111011100100011
111111111111100110101001110010011111010001101011
111111111011100110100101100010111111010010100010
111111111111111110101001100010011111110100100011
111111111111111110101001100010011111110100100011
111111111011100111101101100010011111010000101010
111111111111100111101101100010011111010000101010
111111111111100111101101100010011111010000101010
111110111000100110101101110010111011010011101000
111111111001100110101101110010011111010010100010
111111111111110110101001100010011111111100100011
111111111111100110111101100010011111010010100010
111111111011100110101001100010111111010010101010
111111111011100110101001100010111111010010101010
111111111001100110101101110010011111010011100010
111110111001100110101101110010111111010010100000
111111111101100110101101110010011111010011100010
111011111111101110101101110010011111010011100010
111111111111110110101101100010011111110100100011
111111111011100110101101110010011111010001101010
111110111001100110100111110010111111010000100000
111111111111100110101101110010011111010001101010
111111111111100110101101110010011111010001101010
111100111001100110101111110010111111010000100000
111100111001100110101111110010111111010000100000
111110111011100110101111110010011111010000101000
111110111011100110101111110010011111010000101000
111111111111110110101101100010011111111100100010
111111111111110110101101100010011111111100100010
111111111111100110101011110110011111010001100011
111111111111100110101011110110011111010001100011
111110111000100110101101110010111011011011101000
111111111111101110101001110010011111011001101010
111111111111101110101101110010011111010010100010
111011111111111110101101100010011111111100100011
111011111111111110101101100010011111111100100011
111111111111110110101101100010011111110100101010
111111111111111110101101100010011111110100100011
111101111001100110100111100010111111010010100010
111111111011100110101111110110011111010000100010
111111111111100110101101110010011111010001110011
111111111111110110101101100010011111111100100011
111111111111101110101001110010011111010011101010
111111111001100110100111100010111111010010100010
111111111011100110101101110010011111011011100010
111111111111100110101101110010011111011001101010
111111111111100110101101110010011111011001101010
111111111011100111101101100010111111010010100010
111111111111101110101001110010011111011011100011
111110111001100110101101110010111111010010101000
111111111001100110101101110010111111010010100010
111111111111110110101101100010011111110100101011
111100111001100110100111110010111111010010100000
111111111011100110101101110010011111010011101010
111110111001100110100111110010111111010010100000
111110111001100110100111110010111111010010100000
111111111011100110101111100010111111010010100010
111111111111101110101101110010011111010011100011
111100111001100110101111110010111111010000101000
111111111111100110101101110010111111010010100010
111111111111100110101101110010011111011011100011
111111111111111110101101100010011111111100100011
111110111001100110101111110010111111010010100000
111110111011100110101111110010111111010010100000
111110111011100110101111110010111111010010100000
111111111111110110101101110010011111110101100011
111111111111110110101101110010011111110101100011
111111111111101110101101110010011111010011101010
111111111111101110101101110010011111010011101010
111101111111100110101101110010011111011011101010
111101111111100110101101110010011111011011101010
111111111011100110101101110010011111011011101010
111111111011100110101111100010111111011010100010
111111111011100110101111100010111111011010100010
111111111001100110101101110010111111010010101010
111111111111100110101111110010111111010000100011
111100111001100110100111110010111111010010101000
111101111001100110100111110010111111010010100010
111111111111110110101101110010011111011101100011
111111111011100110101111110110111111010001100010
111011111111110110101101110010011111111101101010
111011111111111110101101110010011111111101100011
111011111111111110101101110010011111111101100011
111111111001100110100111110010111111010010100010
111111111111101110101101110010011111010011101011
111111111111100110101101110010111111010010101010
111100111001100110101111110010111111010010101000
111100111001100110101111110010111111010010101000
111111111011100111101101110010111111010010100010
111111111111100110101101110010011111011011101011
111110111001100110101111110010111111010010101000
111110111001100110101111110010111111010010101000
111111111001100110101111110010111111010010100010
111111111111100110101101110010111111010011101010
111111111111100110101101110010111111010011101010
111101111111100110101111110010111111010010100010
111110111011100110101111110010111111010010101000
111110111011100110101111110010111111010010101000
111111111111110110101101110010011111110101101011
111111111011100110111011110010111111010010100010
111111111011100110101111110010111111010011100010
111111111111111110101101110010011111110111100010
111111111111100110101111110010111111010011100010
111111111111100110101101110010111111010011101011
111111111111111110101101110010011111111101100011
111111111111111110101101110010011111111101100011
111111111111101110111101110010011111011011100011
111111111111101110111101110010011111011011100011
111111111111110110101011110110011111111101100011
111111111111111110101101110010011111110101101011
111101111011100110111101110010111111010010101010
111111111011100110111101110010111111011011100010
111111111011100111101101110010111111010010101010
111111111011100111101101110010111111010010101010
111111111111110110101101110010011111111111100011
111111111111110110101101110010111111110111100010
111111111111100111101101110010011111010011111010
111111111011100111101101110010111111010011101010
111110111001100111101111110010111111010010101000
111110111001100111101111110010111111010010101000
111111111001100110111111110010111111010010100010
111111111001100110111111110010111111010010100010
111111111001100110101111110010111111010011101010
111111111101100110101111110010111111010011101010
111111111111110110101101110010011111110111101011
111111111011100110111111110010111111010010100010
111111111011100110111111110010111111010010100010
111111111011100110101111110010111111010011101010
111111111111101110101111110110111111010011100010
111111111111100110101111110010111111010011101010
111111111111110110101101110010011111111111101010
111111111111111110101101110010011111111111100011
111111111111100110101101110010111111010011111011
111111111111100110101101110010111111010011111011
111111111111111110101101110010111111110111100010
111111111111111110101101110010111111110111100010
111111111111110110101111110110011111111101100011
111111111111101110111101110010111111010011101010
111111111011100110101111110110111111010011101010
111111111111110110101101110010111111111111100010
111111111111100110101111110110111111010011101010
111111111111111110101101110010011111110111101011
111111111111110111101101110010011111110111101010
111111111111110110101101110010011111111111101011
111111111011100110111111110010011111011011101010
111111111111110110101101110010111111110111101010
111111111111100110111111110010011111011011101010
111111111111110110101101110010111111111111100011
111111111011100110111111110010111111011011100010
111111111001100110111111110010111111010011101010
111111111001100110111111110010111111010011101010
111111111011100110111111110010111111010010101010
111111111011100110111111110010111111010010101010
111111111111110111101101110010011111110111101011
111111111111100111101111110110111111010011100011
111111111111110110101111110010111111110111100010
111111111111100110111111110010011111011011101011
111111111011100110111111110010111111010011101010
111111111011100110111111110010111111010011101010
111111111111110110101111110110111111111101100010
111111111111111110101101110010011111111111101011
111111111111100110111111110010111111010011101010
111111111111100110111111110010111111010011101010
111111111111110110111101110010111111110101101011
111111111111110111101101110010111111110111100011
111111111111111110101111110110011111110111100011
111111111111111110101111110110011111110111100011
111111111111111110101101110010111111110111101010
111111111111110111101101110010011111111111101010
111111111111110111101101110010011111111111101010
111111111011110110101101110010111111111111101010
111111111111110110101111110110011111111101101011
111111111111110110101101110010111111111111101010
111111111011110110101111110110111111110111100010
111111111111110110101111110110111111110111100010
111111111111110110101111110110111111110111100010
111111111011100110111111110110111111010011101010
111111111011100110111111110110111111010011101010
111111111111100111101111110110111111010011101010
111111111111100110111111110110111111010011101010
111111111111111110111101110010011111110111101011
111111111111111110111101110010011111110111101011
111111111111111110101101110010111111110111101011
111111111111111110101101110010111111110111101011
111111111111110110101101110010011111111111111011
111111111111110110111101110010011111111111101011
111111111111110110111101110010011111111111101011
111111111111110110101111110010111111111111100010
111111111011100110111111110010111111011011101010
111111111011100110111111110010111111011011101010
111111111111110110101111110110111111110111100011
111111111111100110111111110010111111011011101010
111111111111111110101111110110011111111111100011
111111111111110110101111110010111111110111101010
111111111001100111111111110010111111010011101010
111111111001100111111111110010111111010011101010
111111111111110110101111110110111111111101101010
111111111111110110101111110110111111111101101010
111111111111110110101111110110111111111111100010
111111111111111110101111110110011111110111101011
111111111011100110111111110110111111011011101010
111111111011100110111111110110111111011011101010
111111111111100110111111110110111111011011101010
111111111111111110111101110010011111111111101011
111111111111100110111111110010111111010011111010
111111111111111110111101110010011111111111101011
111111111111111110101101110010111111111111101011
111111111111110111111101110010011111111111101010
111111111111110111111101110010011111111111101010
111111111111110110111111110110011111111101101011
111111111111110110111111110110011111111101101011
111111111111110110111111110110011111111111100011
111111111111110110111101110010111111111111101010
111111111111110111101111110110111111110111100010
111111111111110110101111110110111111111111100011
111111111011100110111111110110111111010011111010
111111111011100110111111110110111111010011111010
111111111011110110101111110010111111111111101010
111111111011110110101111110010111111111111101010
111111111111100110111111110110111111010011111010
111111111111110110101111110010111111111111101010
111111111111110110101111110110011111110111111011
111111111111110110101111110110011111110111111011
111111111111110110101111110110111111110111101011
111111111111110110101111110110111111110111101011
111111111111110110111101110010111111110111111010
111111111111110110111101110010111111111111101011
111111111111111110101111110110011111111111101011
111111111011110111101111110010111111110111101010
111111111011110110111111110010111111110111101010
111111111111110110101111110110111111111111101010
111111111111110110101111110110111111111111101010
111111111111110110111111110010111111110111101010
111111111111111110101111110110111111110111101011
111111111111110110111111110110011111110111111010
111111111011110110111111110110111111110111101010
111111111111110111101111110110111111110111101010
111111111111110110101111110110111111111111101011
111111111011110110111111110010111111011111101010
111111111011110110111111110010111111011111101010
111111111111110110111101110010111111111111111010
111111111011110111101111110010111111111111101010
111111111011110111101111110010111111111111101010
111111111011110110111111110010111111111111101010
111111111111110111101111110010111111111111101010
111111111111110110111111110010111111111111101010
111111111111110110111111110110011111110111111011
111111111111110110111111110110011111110111111011
111111111111110110101111110110111111110111111011
111111111111111110101011110111111111111101111011
111111111111110110111101110010111111111111111011
111111111111110110111101110010111111111111111011
111111111111111110111101110011011111110111111111
111111111111111110101111110110111111111111101011
111111111111110111111111110110011111111111101010
111111111011110110111111110110111111111111101010
111111111011110110111111110110111111111111101010
111111111011110110111111110010111111110111111010
111111111011110110111111110010111111110111111010
111111111111110110101111110110111111111111111010
111111111111110110111111110110111111111111101010
111111111111110110111111110010111111110111111010
111111111111111110111111110110111111110111101011
111111111111110111111111110110011111111111101011
111111111011110110111111110110111111110111111010
111111111111110111111111110110111111110111101010
111111111111110110111111110110111111111111101011
111111111111111110111101110011011111111111111111
111111111011110111101111110010111111111111111010
111111111011110111101111110010111111111111111010
111111111011110111111111110010111111111111101010
111111111111110111111111110010111111111111101010
111111111111110111111111110010111111111111101010
111111111111110110111111110110111111110111111011
111111111111111110101111111110111111111111101011
111111111111111110101111110110111111111111111011
111111111111111110111111110110111111111111101011
111111111011110111111101110011011111111111111111
111111111111111110111101110011111111110111111111
111111111011110111111111110110111111111111101010
111111111011110111111111110010111111110111111010
111111111011110111111111110010111111110111111010
111111111111110111111101110011011111111111111111
111111111111110111111111110110111111111111101010
111111111111110111111111110010111111110111111010
111111111111110110111111110011011111111111111111
111111111011110111111111110110111111110111111010
111111111011110111111111110110111111110111111010
111111111111111110111111110111011111111111111011
111111111111111110111111110111011111111111111011
111111111111111111111101110011011111111111111111
111111111111111110101111110111111111111111111011
111111111111111110101111110111111111111111111011
111111111011110110101111110111111111111111111111
111111111011110110101111110111111111111111111111
111111111111110110111111111010111111111111111010
111111111011110111111111110010111111111111111010
111111111011110111111111110010111111111111111010
111111111111110111111111110010111111111111111010
111111111111110111111111110010111111111111111010
111111111111111111111111110110111111111111101011
111111111111111111111111110110111111111111101011
111111111011110111111111110110111111111111111010
111111111011110111111111110110111111111111111010
111111111111110111111111110110111111111111111010
111111111111110111111111110110111111111111111010
111111111111111110101111110111111111111111111111
111111111111111110101111110111111111111111111111
111111111111111111111111110110111111110111111011
111111111111111111111111110110111111110111111011
111111111111110111111111110110111111111111111011
111111111111110111111111110110111111111111111011
111111111011110110111111110111111111111111111111
111111111011110111111111110111111111111111111010
111111111011110111111111111110111111111111111010
111111111011110111111111111110111111111111111010
111111111111111111111111110110111111111111111011
111111111111110111111111110111111111111111011111
111111111111110111111111110111111111111111011111
111101111111110111111111110111111111111111111111
111111111111111111111111110111111111111111111011
111111111111111111111111110111111111111111111011
111111111011110111111111110111111111111111111111
111111111111110111111111110111111111111111111111
111111111111110111111111110111111111111111111111
111111111111111111111111110111111111111111111111
111111111111111111111111110111111111111111111111
