100.3 5.0 20.0 -15.6
101.7 4.0 19.0 -15.6
108.0 6.0 27.0 -18.0
108.0 6.0 27.0 -18.0
108.9 9.0 48.0 -20.4
108.9 9.0 48.0 -20.4
110.8 5.0 20.0 -16.8
110.8 5.0 20.0 -16.8
113.8 6.0 27.0 -19.2
113.8 6.0 27.0 -19.2
115.6 4.0 19.0 -16.8
116.5 9.0 48.0 -21.6
116.5 9.0 48.0 -21.6
116.8 7.0 33.0 -20.4
116.8 7.0 33.0 -20.4
118.1 5.0 22.0 -18.0
118.1 5.0 22.0 -18.0
119.5 8.0 37.0 -21.6
121.4 6.0 27.0 -20.4
121.4 6.0 27.0 -20.4
122.6 10.0 57.0 -22.8
122.6 10.0 57.0 -22.8
123.1 7.0 35.0 -21.6
123.1 7.0 35.0 -21.6
124.4 7.0 33.0 -21.6
124.4 7.0 33.0 -21.6
125.6 5.0 20.0 -18.0
127.0 9.0 48.0 -22.8
127.1 8.0 37.0 -22.8
128.4 10.0 57.0 -24.0
129.5 9.0 48.0 -24.0
130.1 7.0 32.0 -21.6
130.1 7.0 32.0 -21.6
130.9 8.0 36.0 -22.8
131.3 7.0 35.0 -22.8
132.0 5.0 22.0 -19.2
132.0 5.0 22.0 -19.2
132.6 9.0 45.0 -24.0
132.9 5.0 22.0 -20.4
134.6 7.0 33.0 -22.8
135.3 10.0 49.0 -25.2
135.3 10.0 49.0 -25.2
135.6 8.0 45.0 -24.0
135.7 6.0 23.0 -21.6
136.0 8.0 39.0 -24.0
136.0 8.0 39.0 -24.0
136.7 8.0 36.0 -24.0
136.8 9.0 48.0 -25.2
138.7 7.0 29.0 -22.8
138.8 9.0 40.0 -25.2
139.4 4.0 19.0 -18.0
139.9 10.0 49.0 -26.4
140.0 6.0 32.0 -22.8
140.0 6.0 32.0 -22.8
140.8 7.0 41.0 -24.0
141.0 4.0 19.0 -19.2
141.5 7.0 35.0 -24.0
142.6 8.0 44.0 -25.2
142.8 7.0 33.0 -24.0
144.3 8.0 36.0 -25.2
144.3 8.0 36.0 -25.2
145.0 9.0 48.0 -26.4
145.0 9.0 48.0 -26.4
145.9 11.0 59.0 -27.6
146.8 5.0 22.0 -21.6
147.4 6.0 21.0 -20.4
147.8 10.0 49.0 -27.6
148.9 7.0 29.0 -24.0
148.9 7.0 29.0 -24.0
149.6 6.0 23.0 -22.8
149.8 9.0 45.0 -26.4
150.5 6.0 32.0 -24.0
151.6 8.0 33.0 -25.2
152.0 7.0 35.0 -25.2
152.8 8.0 44.0 -26.4
153.3 7.0 33.0 -25.2
154.1 8.0 42.0 -26.4
154.7 8.0 39.0 -26.4
155.5 9.0 48.0 -27.6
155.8 4.0 19.0 -20.4
156.1 11.0 59.0 -28.8
156.8 9.0 46.0 -27.6
156.8 9.0 46.0 -27.6
157.5 9.0 40.0 -27.6
157.5 9.0 40.0 -27.6
158.2 8.0 36.0 -26.4
158.5 5.0 25.0 -22.8
160.0 6.0 28.0 -24.0
160.0 6.0 28.0 -24.0
160.6 6.0 27.0 -24.0
160.6 6.0 27.0 -24.0
162.2 6.0 26.0 -24.0
162.7 7.0 32.0 -25.2
162.8 7.0 29.0 -25.2
164.4 6.0 32.0 -25.2
164.7 7.0 24.0 -24.0
164.8 4.0 19.0 -21.6
164.8 4.0 19.0 -21.6
165.5 8.0 33.0 -26.4
165.9 7.0 35.0 -26.4
166.7 8.0 44.0 -27.6
167.2 7.0 33.0 -26.4
168.0 8.0 42.0 -27.6
168.6 8.0 39.0 -27.6
168.7 8.0 36.0 -27.6
169.5 9.0 45.0 -28.8
170.0 11.0 59.0 -30.0
171.4 9.0 40.0 -28.8
171.4 9.0 40.0 -28.8
172.2 10.0 49.0 -30.0
173.3 5.0 25.0 -24.0
173.7 5.0 22.0 -22.8
174.4 5.0 20.0 -22.8
174.4 5.0 20.0 -22.8
177.6 7.0 29.0 -26.4
178.0 12.0 64.0 -31.2
178.0 12.0 64.0 -31.2
178.3 11.0 58.0 -31.2
178.3 11.0 58.0 -31.2
179.2 6.0 32.0 -26.4
179.6 6.0 23.0 -24.0
180.0 7.0 41.0 -27.6
180.7 7.0 35.0 -27.6
180.7 7.0 35.0 -27.6
181.5 8.0 44.0 -28.8
182.5 12.0 64.0 -32.4
183.5 8.0 36.0 -28.8
184.2 9.0 48.0 -30.0
184.3 9.0 45.0 -30.0
186.2 9.0 40.0 -30.0
186.2 9.0 40.0 -30.0
187.0 10.0 49.0 -31.2
190.7 5.0 25.0 -25.2
190.7 5.0 25.0 -25.2
191.5 11.0 61.0 -32.4
191.8 8.0 30.0 -27.6
192.6 11.0 58.0 -32.4
193.0 12.0 64.0 -33.6
193.8 7.0 24.0 -25.2
193.8 7.0 24.0 -25.2
195.8 6.0 26.0 -26.4
195.9 11.0 55.0 -32.4
196.5 5.0 20.0 -24.0
197.0 6.0 23.0 -25.2
197.4 7.0 41.0 -28.8
198.9 8.0 44.0 -30.0
199.4 7.0 33.0 -28.8
199.5 16.0 90.0 -34.8
200.3 10.0 48.0 -31.2
201.0 15.0 81.0 -34.8
201.5 9.0 50.0 -31.2
201.7 9.0 45.0 -31.2
202.4 10.0 43.0 -31.2
202.4 10.0 43.0 -31.2
203.4 10.0 51.0 -32.4
203.4 10.0 51.0 -32.4
204.1 11.0 63.0 -33.6
204.4 10.0 49.0 -32.4
205.4 11.0 61.0 -33.6
206.1 11.0 55.0 -33.6
206.6 7.0 29.0 -27.6
206.9 12.0 64.0 -34.8
209.1 17.0 95.0 -36.0
209.1 17.0 95.0 -36.0
209.7 16.0 90.0 -36.0
211.3 5.0 20.0 -25.2
211.3 5.0 20.0 -25.2
211.5 15.0 81.0 -36.0
213.0 13.0 73.0 -36.0
213.6 8.0 34.0 -30.0
214.1 10.0 45.0 -32.4
215.3 6.0 26.0 -27.6
215.3 6.0 26.0 -27.6
216.2 10.0 59.0 -33.6
216.7 9.0 48.0 -32.4
217.5 10.0 57.0 -33.6
217.6 16.0 90.0 -37.2
218.4 9.0 38.0 -31.2
219.0 11.0 60.0 -34.8
219.9 10.0 41.0 -32.4
220.6 8.0 36.0 -31.2
220.9 14.0 72.0 -36.0
221.1 13.0 65.0 -36.0
221.3 14.0 83.0 -37.2
221.7 12.0 64.0 -36.0
222.7 11.0 52.0 -33.6
223.3 9.0 40.0 -32.4
223.5 11.0 55.0 -34.8
225.5 6.0 21.0 -26.4
226.1 10.0 49.0 -33.6
226.1 10.0 49.0 -33.6
227.2 14.0 74.0 -37.2
227.8 16.0 90.0 -38.4
228.0 10.0 45.0 -33.6
228.7 11.0 54.0 -34.8
229.0 13.0 69.0 -37.2
229.5 7.0 27.0 -28.8
229.5 7.0 27.0 -28.8
231.0 8.0 30.0 -30.0
231.0 8.0 30.0 -30.0
231.5 15.0 88.0 -38.4
232.4 11.0 52.0 -34.8
232.4 11.0 52.0 -34.8
233.2 12.0 61.0 -36.0
233.6 10.0 59.0 -34.8
235.1 14.0 78.0 -38.4
235.1 12.0 56.0 -36.0
235.9 13.0 65.0 -37.2
236.9 9.0 37.0 -32.4
238.3 11.0 55.0 -36.0
238.6 7.0 33.0 -31.2
238.6 7.0 33.0 -31.2
239.5 10.0 42.0 -33.6
239.6 10.0 41.0 -33.6
240.3 8.0 44.0 -32.4
240.8 9.0 45.0 -33.6
242.0 14.0 74.0 -38.4
242.2 11.0 46.0 -34.8
242.8 9.0 40.0 -33.6
242.9 17.0 97.0 -39.6
243.8 16.0 86.0 -39.6
243.8 16.0 86.0 -39.6
245.2 13.0 73.0 -38.4
245.2 13.0 73.0 -38.4
246.1 11.0 54.0 -36.0
246.4 13.0 69.0 -38.4
248.7 12.0 53.0 -36.0
248.7 12.0 53.0 -36.0
250.4 15.0 81.0 -39.6
251.0 11.0 53.0 -36.0
251.4 13.0 57.0 -37.2
251.9 11.0 52.0 -36.0
252.5 12.0 56.0 -37.2
253.3 13.0 65.0 -38.4
253.6 9.0 48.0 -34.8
254.4 15.0 80.0 -39.6
254.4 15.0 80.0 -39.6
255.1 10.0 51.0 -36.0
255.7 18.0 98.0 -40.8
255.7 18.0 98.0 -40.8
255.8 11.0 63.0 -37.2
256.5 17.0 95.0 -40.8
257.0 10.0 41.0 -34.8
258.1 14.0 75.0 -39.6
258.6 12.0 64.0 -38.4
259.4 14.0 74.0 -39.6
259.4 14.0 74.0 -39.6
260.6 14.0 70.0 -39.6
262.0 16.0 86.0 -40.8
263.0 9.0 39.0 -33.6
263.0 9.0 39.0 -33.6
264.7 17.0 95.0 -42.0
264.7 13.0 63.0 -38.4
266.7 16.0 82.0 -40.8
267.3 11.0 60.0 -37.2
268.5 13.0 68.0 -39.6
268.8 17.0 91.0 -42.0
269.4 15.0 80.0 -40.8
270.0 15.0 77.0 -40.8
270.5 8.0 47.0 -34.8
270.9 13.0 57.0 -38.4
271.4 14.0 74.0 -40.8
271.6 11.0 52.0 -37.2
272.5 16.0 86.0 -42.0
273.0 11.0 44.0 -36.0
273.3 9.0 48.0 -36.0
274.0 12.0 58.0 -38.4
274.0 12.0 58.0 -38.4
274.2 19.0 108.0 -43.2
274.2 19.0 108.0 -43.2
274.8 10.0 51.0 -37.2
274.8 10.0 51.0 -37.2
276.4 13.0 63.0 -39.6
276.4 13.0 63.0 -39.6
277.1 18.0 101.0 -43.2
277.5 14.0 70.0 -40.8
278.3 12.0 64.0 -39.6
278.6 17.0 95.0 -43.2
280.5 11.0 62.0 -38.4
280.9 13.0 69.0 -40.8
281.2 16.0 84.0 -42.0
281.5 12.0 56.0 -38.4
282.5 16.0 81.0 -42.0
282.7 17.0 91.0 -43.2
283.3 12.0 63.0 -39.6
283.6 15.0 79.0 -42.0
284.4 16.0 78.0 -42.0
285.0 11.0 56.0 -38.4
285.5 12.0 55.0 -38.4
285.9 13.0 68.0 -40.8
286.7 14.0 77.0 -42.0
286.7 17.0 87.0 -43.2
287.5 10.0 49.0 -37.2
287.5 10.0 49.0 -37.2
288.1 19.0 108.0 -44.4
288.1 19.0 108.0 -44.4
288.2 13.0 59.0 -39.6
288.8 18.0 100.0 -44.4
289.0 11.0 52.0 -38.4
289.9 16.0 86.0 -43.2
290.3 13.0 65.0 -40.8
291.1 14.0 74.0 -42.0
291.7 12.0 56.0 -39.6
292.7 14.0 64.0 -40.8
293.5 15.0 73.0 -42.0
293.7 16.0 83.0 -43.2
296.1 14.0 73.0 -42.0
296.1 14.0 73.0 -42.0
296.9 18.0 92.0 -44.4
296.9 18.0 92.0 -44.4
298.2 17.0 96.0 -44.4
298.3 17.0 95.0 -44.4
299.2 20.0 113.0 -45.6
299.2 20.0 113.0 -45.6
299.3 16.0 82.0 -43.2
300.1 17.0 91.0 -44.4
301.0 15.0 63.0 -40.8
301.0 16.0 81.0 -43.2
301.0 15.0 63.0 -40.8
302.2 15.0 82.0 -43.2
302.6 14.0 71.0 -42.0
302.7 15.0 80.0 -43.2
303.0 16.0 91.0 -44.4
303.8 11.0 50.0 -38.4
303.8 11.0 50.0 -38.4
303.9 19.0 107.0 -45.6
304.4 14.0 62.0 -40.8
304.5 14.0 60.0 -40.8
305.3 12.0 53.0 -39.6
305.3 12.0 53.0 -39.6
306.4 17.0 87.0 -44.4
306.6 18.0 105.0 -45.6
307.0 16.0 87.0 -44.4
308.4 15.0 79.0 -43.2
308.8 14.0 66.0 -42.0
308.8 14.0 66.0 -42.0
309.6 16.0 86.0 -44.4
309.6 16.0 86.0 -44.4
310.7 18.0 101.0 -45.6
310.8 18.0 99.0 -45.6
311.1 16.0 83.0 -44.4
312.0 18.0 98.0 -45.6
312.2 20.0 117.0 -46.8
312.2 20.0 117.0 -46.8
312.3 15.0 76.0 -43.2
313.1 20.0 113.0 -46.8
313.1 19.0 95.0 -45.6
314.3 18.0 92.0 -45.6
314.3 18.0 92.0 -45.6
315.4 13.0 60.0 -40.8
315.4 17.0 94.0 -45.6
315.7 16.0 74.0 -43.2
315.9 19.0 113.0 -46.8
316.8 19.0 110.0 -46.8
317.3 17.0 82.0 -44.4
319.0 20.0 104.0 -46.8
319.0 16.0 82.0 -44.4
319.9 15.0 72.0 -43.2
320.7 16.0 81.0 -44.4
321.5 18.0 103.0 -46.8
321.5 18.0 103.0 -46.8
322.7 18.0 88.0 -45.6
322.7 18.0 88.0 -45.6
324.4 19.0 102.0 -46.8
324.8 19.0 101.0 -46.8
325.4 17.0 79.0 -44.4
325.6 17.0 89.0 -45.6
326.1 20.0 118.0 -48.0
326.1 20.0 118.0 -48.0
326.5 16.0 77.0 -44.4
327.1 19.0 100.0 -46.8
327.3 21.0 114.0 -48.0
327.3 21.0 114.0 -48.0
328.1 18.0 101.0 -46.8
330.3 20.0 111.0 -48.0
330.9 14.0 64.0 -42.0
330.9 14.0 64.0 -42.0
331.4 18.0 97.0 -46.8
331.7 18.0 95.0 -46.8
332.7 17.0 76.0 -44.4
332.7 17.0 76.0 -44.4
333.3 15.0 70.0 -43.2
333.6 15.0 68.0 -43.2
334.0 18.0 92.0 -46.8
334.2 20.0 110.0 -48.0
335.5 18.0 84.0 -45.6
335.9 16.0 75.0 -44.4
336.2 16.0 73.0 -44.4
336.7 17.0 84.0 -45.6
337.5 19.0 106.0 -48.0
337.8 19.0 104.0 -48.0
337.8 19.0 104.0 -48.0
338.6 21.0 121.0 -49.2
338.8 19.0 102.0 -48.0
339.0 17.0 81.0 -45.6
339.2 15.0 85.0 -44.4
339.3 17.0 79.0 -45.6
339.8 18.0 90.0 -46.8
340.1 18.0 88.0 -46.8
340.7 16.0 88.0 -45.6
340.7 16.0 88.0 -45.6
342.6 16.0 83.0 -45.6
342.6 16.0 83.0 -45.6
343.4 17.0 92.0 -46.8
343.4 17.0 92.0 -46.8
344.9 20.0 101.0 -48.0
345.0 20.0 100.0 -48.0
346.2 21.0 116.0 -49.2
346.8 20.0 115.0 -49.2
346.8 20.0 115.0 -49.2
347.1 15.0 67.0 -43.2
347.1 15.0 67.0 -43.2
347.2 18.0 87.0 -46.8
348.0 20.0 109.0 -49.2
348.3 19.0 100.0 -48.0
349.2 18.0 86.0 -46.8
349.5 18.0 84.0 -46.8
349.7 16.0 72.0 -44.4
349.8 16.0 71.0 -44.4
350.3 19.0 93.0 -48.0
351.7 20.0 107.0 -49.2
351.9 22.0 126.0 -50.4
351.9 22.0 126.0 -50.4
352.0 20.0 105.0 -49.2
352.1 17.0 78.0 -45.6
352.2 17.0 76.0 -45.6
352.2 17.0 76.0 -45.6
353.6 18.0 97.0 -48.0
353.6 18.0 97.0 -48.0
354.5 17.0 87.0 -46.8
355.1 21.0 125.0 -50.4
355.1 21.0 125.0 -50.4
356.0 20.0 103.0 -49.2
356.1 20.0 101.0 -49.2
356.3 19.0 91.0 -48.0
357.6 18.0 93.0 -48.0
357.6 18.0 93.0 -48.0
358.5 22.0 122.0 -50.4
358.9 17.0 84.0 -46.8
359.7 21.0 117.0 -50.4
359.7 21.0 117.0 -50.4
361.0 22.0 113.0 -50.4
361.0 21.0 116.0 -50.4
361.0 22.0 113.0 -50.4
361.2 21.0 112.0 -50.4
362.1 20.0 99.0 -49.2
362.1 20.0 99.0 -49.2
362.3 18.0 83.0 -46.8
363.1 16.0 70.0 -44.4
363.1 16.0 70.0 -44.4
363.4 19.0 90.0 -48.0
365.4 19.0 89.0 -48.0
365.4 19.0 89.0 -48.0
365.7 19.0 87.0 -48.0
366.2 20.0 98.0 -49.2
366.5 24.0 139.0 -51.6
366.5 24.0 139.0 -51.6
366.5 20.0 96.0 -49.2
367.9 23.0 129.0 -51.6
367.9 23.0 129.0 -51.6
368.2 23.0 127.0 -51.6
368.2 23.0 127.0 -51.6
370.5 18.0 90.0 -48.0
370.9 21.0 110.0 -50.4
371.5 19.0 85.0 -48.0
371.5 20.0 95.0 -49.2
371.6 17.0 82.0 -46.8
371.6 17.0 82.0 -46.8
372.0 21.0 106.0 -50.4
372.3 21.0 104.0 -50.4
372.3 20.0 94.0 -49.2
372.5 20.0 103.0 -50.4
373.1 18.0 85.0 -48.0
373.1 18.0 85.0 -48.0
373.5 22.0 126.0 -51.6
373.8 22.0 125.0 -51.6
373.9 19.0 94.0 -49.2
373.9 19.0 94.0 -49.2
374.1 23.0 136.0 -52.8
375.1 22.0 112.0 -51.6
375.1 22.0 112.0 -51.6
379.9 23.0 134.0 -52.8
379.9 23.0 134.0 -52.8
382.2 23.0 128.0 -52.8
382.2 23.0 128.0 -52.8
387.4 22.0 111.0 -51.6
389.0 23.0 127.0 -52.8
389.9 20.0 97.0 -50.4
390.1 24.0 139.0 -54.0
392.8 21.0 114.0 -51.6
392.8 21.0 114.0 -51.6
393.2 23.0 122.0 -52.8
393.5 23.0 120.0 -52.8
393.5 23.0 120.0 -52.8
397.3 24.0 137.0 -54.0
398.2 24.0 131.0 -54.0
398.2 21.0 107.0 -51.6
398.2 24.0 131.0 -54.0
399.5 23.0 127.0 -54.0
399.5 23.0 127.0 -54.0
