101000011000100110000001000000011011000000000000
001000011000100110100001000010011011010000100000
001000011000100110100001000010011011010000100000
001000011000100110100001000010011011010000100000
101010111110100110001001000000011011000000100000
101000011101100110000001100010011011000000000000
101000011101100110000001100010011011000000000000
101110111110100110000001000000011011000000000000
001000111000100110100001000010011011010000100000
101110111010100110001001000000011011000000000000
111000011000100110100001000010011011010000100000
111000011000100110100001000010011011010000100000
101010111100100110100001000010011011010000100000
101010111100100110100001000010011011010000100000
111000011100100110100001000010011011010000100000
111000111010100110101001000010011011000000000000
111000111010100110101001000010011011000000000000
111000011000100110101001000010011011010000100000
111010111010100110101001000010011011000000000000
001000011010100110101001000010111011000000100000
111010011010100110101001000010011011010000100000
001000011000100110101001010010011010010000100000
001000011000100110101001010010011011010000100000
001000011000100110101001010010011011010000100000
111100111010100110101001000010011011000000000000
101010011101100110101001100010011111000000100000
101010011101100110101001100010011111000000100000
101010111100100110100101000010011011010000100000
111110111110100110101001000010011011000000000000
111110111110100110101001000010011011000000000000
101000011000100110100001110010011011010000100000
101000011000100110100001110010011011010000100000
111000011000100110101001000010011011010010100000
111110111100100110101001100010011011000000000000
111110111010100110101001000010011011000000100000
111110111010100110101001000010011011000000100000
111100111000100110100001000010011011010000100000
011000011000100110100001010010011011010000100000
011000011000100110100001010010011011010000100000
111110111000100110100001000010011011010000100000
111110011000100110101001100010011011010000100000
111110011000100110101001100010011011010000100000
101010011101100110101001100010011111010000100000
101010011101100110101001100010011111010000100000
111010111110100110101001100010011011010000100000
011000011000100110101001010010011011010000100000
011000011000100110101001010010011011010000100000
001000111010100110101001010010011011010000100000
111110011010100110101001100010011011010000100000
111110011010100110101001100010011011010000100000
101000011000100110101001100010011011010010101000
101000011000100110101001100010011011010010101000
011000111010100110101101000010011011010000100000
111010111110100110101001100010011011010000100001
001000011000100110101011010010011010010000100000
001000011000100110101011010010011010010000100000
111110111110100110100001100010011011010000100000
111110111110100110100001100010011011010000100000
111100111110100110101001100010011011010000100000
111100111110100110101001100010011011010000100000
111110111010100110101001100010011011010000100000
111110111010100110101001100010011011010000100000
001000111001100110101101000010011110010000100000
111110111110100110101001100010011011010000100000
111110111110100110101001100010011011010000100000
011000011000100110100001010010011011010010100000
011000011000100110100001010010011011010010100000
011000011000100110100001010010011011010010100000
111110111000100110101001000010011011010000101000
011100111010100110101101000010011011010000100000
101110111000100110101001110010011011010000100000
101110111000100110101001110010011011010000100000
011100111000100110101001010010011011010000100000
011100111000100110101001010010011011010000100000
101010111111100110101001100010011111010000100010
101010111111100110101001100010011111010000100010
111010111111100110101001100010011111010000100000
111010111111100110101001100010011111010000100000
111110111010100110100001100010011011010010100000
111110111010100110100001100010011011010010100000
111110111000100110100001110010011011010000100000
111110111000100110100001110010011011010000100000
111110111110100110101101100010011011010000100000
101011111111100110101001100010011111010000100010
111100011000100110101001100010011011010010101000
111110111000100110101001110010011011010000100000
111110111000100110101001110010011011010000100000
111010111111100110101001100010011111011000100000
111010111111100110101001100010011111011000100000
111110111111100110101001100010011111010000100000
111110111111100110101001100010011111010000100000
011100111001100110100101000010011111010000100000
011100111001100110100101000010011111010000100000
011100111000100110101101010010011011010000100000
011100111000100110101101010010011011010000100000
111011111111100110101001100010011111000000100011
011110111010100110101101010010011011010000000000
011110111010100110101101010010011011010000000000
111100111000100110101001010010011011010010100000
111011111111100110101001100010011111010000100010
111011111111100110101001100010011111010000100010
011100111010100110101101010010011011010000100000
011110111010100110101101010010011011010000100000
011110111010100110101101010010011011010000100000
111110111010100110101001100010011011010010101000
111110111000100110101001100010111011010010100000
111110111110100110101001100010011011010010101000
111111111101100110100001100010011111010000100010
111111111101100110100001100010011111010000100010
111110111111100110101001100010011111011000100000
111110111111100110101001100010011111011000100000
111110111001100110101101100010011111010000100000
111110111001100110101101100010011111010000100000
111110111101100110101101100010011111010000100000
111110111101100110101101100010011111010000100000
111111111111100110100001100010011111010000100010
111111111101100110101001100010011111010000100010
111111111101100110101001100010011111010000100010
111110111110100110101001100010111011010010100000
111011111111101110101001100010011111010000100010
111011111111101110101001100010011111010000100010
111110111010100110101101110010011011010000100000
111110111010100110101101110010011011010000100000
111110111000100110100011110010011011010000100000
111110111111100110101101100010011111010000100000
111110111111100110101101100010011111010000100000
111111111111100110101001100010011111010000100010
111111111111100110101001100010011111010000100010
111110111010100110101101110010011011010001100000
111110111010100110101101110010011011010001100000
011100111000100110101101010010011011010000101000
111100111000100110101111000010011011010010100000
111100111000100110101111000010011011010010100000
011110111010100110100101010010011011010010100000
111110111110100110101001110010111011010001100000
111110111110100110101001110010111011010001100000
011100111010100110101101010010011011010010100000
011100111001100110100101010010011111010000100000
011110111010100110101101010010011011010000101000
011110111010100110101101010010011011010000101000
111100111001100110100101100010011111010010100000
011110111010100110101101010010011011010010100000
011110111010100110101101010010011011010010100000
111110111111100110101001110010011111010001100000
111110111111100110101001110010011111010001100000
111110111001100110100101100010011111010010100000
111110111001100110100101100010011111010010100000
111111111111101110101001100010011111010000100010
111111111111101110101001100010011111010000100010
111100111000100110101111100010011011010010100000
111100111000100110101111100010011011010010100000
111100111111100110100101100010011111010010100000
111110111001100110101101100010011111010010100000
111110111001100110101101100010011111010010100000
111100111010100110101101110010011011010010100000
111110111111100110100101100010011111010010100000
111110111111100110100101100010011111010010100000
111110111110100110101001100010111011010010101000
111110111101100110101101100010011111010010100000
111110111010100110101101110010011011010010100000
111110111010100110101101110010011011010010100000
111110111011100110101101100010011111010010100000
111110111011100110101101100010011111010010100000
111110111111100110101001110010011111010001100001
111111111111100110101101100010011111010000100010
111111111111100110101101100010011111010000100010
111111111111101110101001100010011111010000100011
111110111111100110101101100010011111010010100000
011100111000100110101101010010011011010010101000
111110111010100110101101110010111011010001100000
011110111000100110101101010010011011010010101000
111110111110100110101101110010111011010001100000
111110111110100110101101110010111011010001100000
011100111001100110100101010010011111010010100000
011100111001100110100101010010011111010010100000
011110111010100110101101010010011011010010101000
011110111010100110101101010010011011010010101000
111110111000100110101101010010111011010010100000
111110111111100110101101110010011111010001100000
111110111111100110101101110010011111010001100000
111111111111100110101001110010011111010001100010
011100111010100110101101010010111011010010100000
011100111010100110101101010010111011010010100000
011110111010100110101101010010111011010010100000
011110111010100110101101010010111011010011100000
011110111010100110101101010010111011010011100000
111110111010100110101101110010011011010010101000
111110111010100110101101110010011011010010101000
111100111101100110101101100010111111010010100000
111100111101100110101101100010111111010010100000
111110111001100110101101100010111111010010100000
111110111001100110101101100010111111010010100000
111110111011100110101101110010011111010001100010
111100111111100110101101100010111111010010100000
111110111010100110101001110010111011011001110000
111111111111101110101001100010011111010000110011
111111111111101110101001100010011111010000110011
111111111101100110101101110010011111010000100010
111111111101100110101101110010011111010000100010
111110111110100110101101110010111011010010100000
111100111001100110101101110010111111010000100000
111110111111100110101101100010111111010010100000
111110111111100110101101100010111111010010100000
111110111111100110101101110010011111011001100000
111110111111100110101101110010011111011001100000
111111111011100110101101110010011111010000100010
111111111011100110101101110010011111010000100010
111111111101100110101101110010011111010001100010
111111111101100110101101110010011111010001100010
111111111111100110101101110010011111010000100010
111110111111110110101101100010011111110100100001
111110111010100110101001110010111011010011110000
111110111010100110101001110010111011010011110000
111111111011100110101101110010011111010001100010
111111111011100110101101110010011111010001100010
111111111111100110101101110010011111010001100010
111111111111100110101101110010011111010001100010
011100111001100110100101010010111111010010100000
011100111001100110100101010010111111010010100000
111100111001100110100101010010111111010010100000
111100111001100110100101010010111111010010100000
111110111111111110101001100010011111110100100011
111110111011100110101101110010111111010001100000
011110111010100110101101010010111011010010101000
011110111001100110100101010010111111010010100000
011110111001100110100101010010111111010010100000
011100111001100110101111000010111111010010100000
011100111001100110101111000010111111010010100000
111111111111110110101101100010011111100100100011
111111111111110110101101100010011111100100100011
011110111001100110101111000010111111010010100000
111110111001100110101101100010111111010010101000
111110111001100110101101100010111111010010101000
011110111010100110101111010010111011010010100000
011110111010100110101111010010111011010010100000
111111111111101110101101100010011111010000110011
111110111111100110101101100010111111010010101000
111110111111100110101101100010111111010010101000
111100111001100110101101110010111111010010100000
111100111001100110101101110010111111010010100000
111110111111100110101101110010011111011011100000
111110111111100110101101110010011111011011100000
111100111101100110101101110010111111010010100000
111100111101100110101101110010111111010010100000
111110111111100110101101110010011111011001100011
111110111011100110101101110010011111010010101000
111110111001100110101101110010111111010010100000
111110111101100110101101110010111111010010100000
111110111101100110101101110010111111010010100000
111110111010100110101111110010111011010010100000
111110111010100110101111110010111011010010100000
111110111110100110101001110010111011010011111000
111111111011100110101101110010011111010011100010
111111011111100110101101110010011111010001110011
111111111111100110101101110010011111010001101010
111111111111100110101101110010011111010001101010
111110111001100110101101110010111111010011100000
111110111011100110101101110010111111010010100000
111110111101100110101101110010111111010011100000
111110111111100110101101110010111111010010100000
111110111111111110101101100010011111110100100011
111110111111111110101101100010011111110100100011
111110111011100110101101110010111111010011100000
011110111001100110101101010010111111010010101000
111111111111100110101101110010011111010011100011
111110111001100110101101110010111111010010101000
111110111001100110101101110010111111010010101000
111111111111100110101101010010111111010011100010
111110111001100110100111110010111111010010100000
111110111011100110101101110010111111010010101000
111111111111110110111001100010011111110100101011
111110111101100110100111110010111111010010100000
111110111101100110100111110010111111010010100000
111111111111100110101101110010111111010010100010
111111111111100110101101110010111111010010100010
111100111001100110101111110010111111010010100000
111110111011100110101101110010011111010011111000
111111111111100110101101110010011111010001111010
101111111111111110101111100010011111110100100011
111100111101100110101111110010111111010010100000
111100111101100110101111110010111111010010100000
111111111111111110101101100010011111110100110010
111110111011100110101101110010111111010011101000
111110111001100110101111110010111111010010100000
111110111001100110101111110010111111010010100000
111110111111100110100111110010111111010010100000
111110111111100110100111110010111111010010100000
111100111101100110101111110010111111010011100000
111110111011100110101111110010111111010010100000
111110111011100110101111110010111111010010100000
111110111111100110101111110010111111010010100000
111110111111100110101111110010111111010010100000
111110111011100110101111110010111111010011100000
111111111111111110101101100010011111110100110011
111111111111111110101101100010011111110100110011
111110111111100110101101110010111111011011100010
111110111111100110101001110011011111010011110111
111110111111100110101001110011011111010011110111
111111111111110111101101100010011111110100110010
111111111011110110101101110010011111010101101010
111110111010110110101101110010111011110111101000
111110111010110110101101110010111011110111101000
111110111010100110101101110011011011011011111100
111110111010100110101101110011011011011011111100
111111111111110110101101110010011111010111100010
111111111111110110101101110010011111010111100010
111111111111111110101111100010011111110100100011
111111111111111110101111100010011111110100100011
111111111111111110101101100010011111111100110010
111111111111100110101101110010111111011011100010
111111111111100110101101110010111111011011100010
111011111111110110101001110010111111110111100011
111011111111110110101001110010111111110111100011
111111111111110110101101100010011111110100111011
111111111111110110101101100010011111110100111011
111111111111110110111101100010011111110100101011
111110111010100110101111110011011011011011110100
111110111010100110101111110011011011011011110100
111110111001100110101111110010111111010010101000
111110111001100110101111110010111111010010101000
111110111011100110101111110010111111010011100010
111110111011100110101111110010111111010011100010
111111111111110110101001110010111111110111100010
111111111111111110101101100010011111111100110011
111111111111100110101101110010111111010011110010
111110111111100110101111110010111111010010101000
111110111111100110101111110010111111010010101000
111110111010110110101101110010111011111111101000
111110111011100111101111110010111111010010100000
111110111011100111101111110010111111010010100000
111111111011100110101111110010111111010011100010
111111111011100110101111110010111111010011100010
111111111111111110111101100010011111110100101011
111110111011100111101111110010111111010011100000
111110111011100111101111110010111111010011100000
111111111111110110101101110010011111111111100010
101111111111111110101001110011011111111101110011
101111111111111110101001110011011111111101110011
111111111111110110101001110011011111111101110011
111111111111110110111101110010011111010101110010
111111111111110110111101110010011111010101110010
111111111111100111101111110010111111010001100011
111111111111110110101101110010011111111111100011
111111111111110110111101110010011111110101110010
111111111111110110111101110010011111110101110010
111110111001100111101111110010111111010010101000
111110111001100111101111110010111111010010101000
111110111011100110101101110011111111010011110110
111110111011100110101101110011111111010011110110
111110111011100110101101110011111111011011110100
111110111011100110101101110011111111011011110100
111110111111100110101101110011111111011011110100
111110111111100110101101110011111111011011110100
111111111111111110101001110011011111111101110011
111111111111111110101001110011011111111101110011
111110111011100111101111110010111111010010110000
111101111111100110101111110010111111010011110010
111101111111100110101111110010111111010011110010
111111111111110110101101110010011111011111110010
111111111111110110101101110010011111011111110010
111110111011100110101111110010111111010011111000
111111111011100110101111110010111111010011110010
111111111011100110101111110010111111010011110010
111111111111100110101111110010111111010011110010
111111111111100110101111110010111111010011110010
111011111111110110101101110011011111110111110110
111111111111110110101101110010011111111111110010
111111111111110110101101110010011111111111110010
111111111111110110101101110011011111111101110011
111111111111110110101101110011011111111101110011
111111111111110110111101110010011111010101111010
111111111111110110111101110010011111010101111010
111110111110110110101101110011111011111111110100
111110111110110110101101110011111011111111110100
111011111111100110101111110010111111011011110011
111011111111100110101111110010111111011011110011
111111111111110110101101110010011111111111101011
111111111111110110101101110010111111010111110010
111111111111100110101111110010111111010011110011
111111111111100110101111110010111111010011110011
111111111111110110101101110010111111110111110010
111111111111110110101101110010111111110111110010
111111111111100110101111110010111111011011110010
111111111111100110101111110010111111011011110010
111111111111110110101101110011011111110111110110
111111111011100110101111110010111111010011111010
111111111111100110101111110110111111011011110010
111111111111111110101101111011011111110101110011
111111111111111110101101111011011111110101110011
111111111111110110111101110010011111111111110010
111111111111110110101101111011011111111101110011
111111111111110110101101111011011111111101110011
111111111111110110101101110011011111011111110110
111111111111110110101101110010111111010111111010
111111111111111110101111110110011111111101110010
111111111111111110101111110110011111111101110010
111111111111110110101101110011011111111111110110
111111111111110110101101110011011111111111110110
111111111111100110111111110010111111010011110011
111111111111110110101101110010111111110111111010
111110111010110110101111110011111011110111111100
111110111010110110101111110011111011110111111100
111111111111110110101101110011011111111111110111
111111111111110110101111110011011111110110110110
111111111111110110101101110011011111010111111111
111111111111110110101101110011011111010111111111
111111111011100110101111110010111111011011111011
111111111011100110101111110010111111011011111011
111111111111100110101111110010111111011011111011
111111111111110110101111110011011111110111110110
111111111111110110101111110011011111110111110110
111110111010110110101111110011111011011111111100
111111111111110110101101110011111111110111110111
111111111111110110101101110011111111110111110111
111111111111110110101111110011011111011111110110
111111111111110110101111110011011111011111110110
111111111111110110101111110011011111111111110110
111111111111110110101111110011011111111111110110
111110111001110110101111110011111111010111111100
111110111001110110101111110011111111010111111100
111110111001110110101111110011111111010111111100
111111111111111110101101110011111111110111110111
111110111011110111101101110011111111110111111100
111110111011110111101101110011111111110111111100
111111111111110110111101110011011111111111110111
111110111111110110101111110011111111010111111100
111111111111110110101111110011011111111111110111
111111111111110110111111110011011111110111110110
111110111011110110101111110011111111110111111100
111110111011110110101111110011111111110111111100
111111111111110110101101110011111111110111111111
111111111111110110101101110011111111110111111111
111110111111110111101111110011111111110111110100
111110111111110111101111110011111111110111110100
111110111011110111101101110011111111110111111110
111110111011110111101101110011111111110111111110
111111111111110110101111110111111111110111110110
111111111111110110101111110111111111110111110110
111110111011110110101111110011111111011111111100
111110111011110110101111110011111111011111111100
111111111111111110101111110111011111111111110110
111111111111111110101111110111011111111111110110
111110111111110110101111110011111111011111111100
111110111011110110101111110011111111110111111110
111110111001110111101111110011111111010111111100
111110111001110111101111110011111111010111111100
111110111011110110101111110011111111111111111100
111111111111110111101101110011011111111111111111
111110111111110110101111110011111111111111111100
111110111111110110101111110011111111111111111100
111111111111110110101111110011111111111111110110
111111111111111110101111110111011111111111110111
111111111111110110101111110011011111111111111111
111111111111110110111111110011011111110111111110
111111111111111110101111110111111111110111110110
111111111111110110101111110011111111110111111110
111110111111110111101111110011111111110111111100
111110111111110111101111110011111111110111111100
111111111111111110101111110011111111111111110110
111111111111110110111111110011011111110111111111
111111111111110110111111110011011111110111111111
111110111001110111101111110011111111011111111100
111110111001110111101111110011111111011111111100
111111111111110111101111110111111111110111110110
111111111111110111101111110111111111110111110110
111111111111110110111111110111111111110111110110
111111111111110110111111110111111111110111110110
111110111011110111101111110011111111011111111100
111111111111111111101101111011011111110111111111
111111111111111111101101111011011111110111111111
111110111111110111101111110011111111011111111100
111110111111110111101111110011111111011111111100
111111111111111110111111110011011111111111110111
111111111111111110111111110011011111111111110111
111110111011110111101111110011111111111111111100
111110111011110111101111110011111111111111111100
111111111111110111111111110011111111110111110110
111111111111110111111111110011111111110111110110
111111111111111111111101111010111111110111111011
111111111111111111111101111010111111110111111011
111110111011110111111111110011111111111111110110
111111111111110111111111110111011111010111111111
111111111111110111111111110111111111110111110110
111111111111110111111111110111111111110111110110
111111011111111111101111111111011111111111111011
111110111011110111111111110011111111110111111110
111111111111111111101111111011011111111111111011
111111111111111111101111111011011111111111111011
111111111111111111101111110011111111111111111011
111111111111111111101111111111111111110111110110
111111111111111111101111111111111111110111110110
111111111111110111111111110011111111110111111110
111111111111110111111111110011111111110111111110
111111111111111111101111111111011111111111111011
111111111111110111101111111111111111110111111110
101111111111111111101111111111111111110111111111
101111111111111111101111111111111111110111111111
111111111111110111101111111111111111110111111111
111111111111111111101111111111111111110111111111
111111111111111111101111111111111111110111111111
