114.0 6.0 29.0 -15.6
114.0 6.0 29.0 -15.6
117.0 7.0 35.0 -16.8
117.3 6.0 35.0 -16.8
117.3 6.0 35.0 -16.8
118.0 6.0 29.0 -16.8
118.0 6.0 29.0 -16.8
118.8 7.0 38.0 -18.0
118.8 7.0 38.0 -18.0
120.1 7.0 36.0 -18.0
120.1 7.0 36.0 -18.0
121.1 8.0 42.0 -19.2
121.6 8.0 39.0 -19.2
122.1 9.0 54.0 -20.4
122.3 6.0 37.0 -18.0
122.4 7.0 44.0 -19.2
122.8 7.0 38.0 -19.2
123.5 9.0 50.0 -20.4
123.6 10.0 57.0 -21.6
123.6 10.0 57.0 -21.6
124.0 6.0 29.0 -18.0
124.1 7.0 36.0 -19.2
125.2 8.0 45.0 -20.4
125.3 9.0 46.0 -21.6
125.9 8.0 36.0 -22.8
127.0 7.0 35.0 -19.2
127.0 7.0 35.0 -19.2
130.5 6.0 37.0 -19.2
130.6 7.0 41.0 -22.8
131.5 9.0 40.0 -24.0
131.6 6.0 29.0 -19.2
132.6 7.0 36.0 -20.4
133.1 7.0 33.0 -21.6
136.1 8.0 36.0 -24.0
137.2 6.0 26.0 -21.6
137.2 6.0 26.0 -21.6
139.6 10.0 49.0 -26.4
139.7 9.0 40.0 -25.2
140.5 5.0 20.0 -20.4
140.5 5.0 20.0 -20.4
142.4 7.0 36.0 -22.8
143.1 7.0 33.0 -24.0
146.6 8.0 36.0 -25.2
146.6 8.0 36.0 -25.2
148.1 5.0 20.0 -21.6
148.1 5.0 20.0 -21.6
149.8 11.0 58.0 -27.6
149.8 11.0 58.0 -27.6
149.9 9.0 40.0 -26.4
150.7 10.0 49.0 -27.6
151.1 6.0 26.0 -22.8
153.3 7.0 33.0 -25.2
153.8 7.0 30.0 -24.0
154.1 8.0 42.0 -26.4
154.8 8.0 36.0 -26.4
154.8 8.0 36.0 -26.4
157.5 9.0 40.0 -27.6
158.0 11.0 58.0 -28.8
163.3 11.0 55.0 -28.8
163.3 11.0 55.0 -28.8
165.5 5.0 20.0 -22.8
165.6 6.0 27.0 -24.0
165.6 6.0 27.0 -24.0
167.1 7.0 30.0 -25.2
167.3 12.0 64.0 -30.0
167.3 12.0 64.0 -30.0
167.7 10.0 49.0 -28.8
168.2 11.0 58.0 -30.0
171.7 10.0 41.0 -28.8
172.3 12.0 64.0 -31.2
172.9 5.0 26.0 -24.0
172.9 5.0 26.0 -24.0
173.7 8.0 42.0 -27.6
173.7 8.0 42.0 -27.6
175.2 9.0 45.0 -28.8
175.2 9.0 45.0 -28.8
175.9 6.0 32.0 -25.2
175.9 6.0 32.0 -25.2
176.6 7.0 29.0 -25.2
177.2 10.0 55.0 -30.0
177.6 8.0 34.0 -26.4
177.9 10.0 49.0 -30.0
178.7 11.0 58.0 -31.2
178.8 6.0 31.0 -25.2
179.7 6.0 21.0 -24.0
179.8 7.0 28.0 -25.2
180.3 5.0 20.0 -24.0
180.4 7.0 37.0 -26.4
181.7 7.0 35.0 -26.4
182.5 12.0 64.0 -32.4
182.6 8.0 36.0 -27.6
183.4 7.0 29.0 -26.4
183.8 9.0 37.0 -28.8
184.6 11.0 55.0 -31.2
185.2 8.0 33.0 -27.6
185.6 7.0 28.0 -26.4
185.6 6.0 26.0 -25.2
187.6 8.0 42.0 -28.8
187.6 8.0 42.0 -28.8
188.9 12.0 63.0 -32.4
189.1 9.0 45.0 -30.0
190.3 11.0 60.0 -32.4
190.3 11.0 60.0 -32.4
191.1 10.0 55.0 -31.2
191.1 10.0 55.0 -31.2
191.8 10.0 49.0 -31.2
191.9 14.0 83.0 -33.6
191.9 14.0 83.0 -33.6
192.7 13.0 69.0 -33.6
193.3 8.0 39.0 -28.8
193.7 6.0 34.0 -26.4
193.7 6.0 34.0 -26.4
194.5 6.0 21.0 -25.2
194.5 6.0 21.0 -25.2
196.1 8.0 31.0 -27.6
196.4 7.0 41.0 -27.6
197.3 7.0 29.0 -27.6
197.3 7.0 29.0 -27.6
197.4 8.0 36.0 -28.8
198.3 12.0 64.0 -33.6
199.1 13.0 73.0 -34.8
199.1 13.0 73.0 -34.8
200.0 8.0 33.0 -28.8
200.0 8.0 33.0 -28.8
200.7 9.0 42.0 -30.0
200.7 9.0 42.0 -30.0
202.0 11.0 54.0 -32.4
202.4 12.0 60.0 -33.6
203.0 6.0 26.0 -26.4
203.2 13.0 69.0 -34.8
204.7 5.0 20.0 -25.2
205.4 11.0 61.0 -33.6
205.9 6.0 27.0 -27.6
206.5 9.0 40.0 -30.0
207.1 8.0 42.0 -30.0
207.2 13.0 65.0 -34.8
210.7 7.0 24.0 -26.4
210.7 7.0 24.0 -26.4
210.8 10.0 55.0 -32.4
211.3 10.0 49.0 -32.4
212.7 10.0 43.0 -31.2
213.0 13.0 73.0 -36.0
213.9 7.0 35.0 -28.8
214.2 6.0 21.0 -26.4
214.2 9.0 34.0 -30.0
214.2 9.0 34.0 -30.0
214.8 8.0 36.0 -30.0
216.3 12.0 60.0 -34.8
216.8 11.0 54.0 -33.6
217.1 13.0 69.0 -36.0
219.7 8.0 45.0 -31.2
220.1 9.0 43.0 -31.2
220.1 9.0 43.0 -31.2
220.9 11.0 55.0 -34.8
221.1 13.0 65.0 -36.0
221.7 12.0 64.0 -36.0
222.9 12.0 53.0 -33.6
223.0 10.0 60.0 -33.6
223.2 14.0 78.0 -37.2
223.7 10.0 54.0 -33.6
225.1 11.0 48.0 -32.4
225.1 11.0 48.0 -32.4
225.2 11.0 52.0 -33.6
225.2 11.0 52.0 -33.6
226.1 8.0 39.0 -31.2
226.1 8.0 39.0 -31.2
227.2 14.0 74.0 -37.2
227.4 10.0 48.0 -32.4
227.8 13.0 73.0 -37.2
228.9 9.0 40.0 -32.4
228.9 9.0 40.0 -32.4
229.5 7.0 27.0 -28.8
231.3 8.0 47.0 -32.4
231.9 13.0 69.0 -37.2
231.9 13.0 69.0 -37.2
232.8 9.0 50.0 -33.6
234.2 11.0 54.0 -34.8
234.4 17.0 95.0 -38.4
234.4 12.0 62.0 -36.0
235.1 12.0 56.0 -36.0
235.1 12.0 56.0 -36.0
235.9 13.0 65.0 -37.2
236.3 16.0 89.0 -38.4
238.0 8.0 44.0 -32.4
238.0 14.0 78.0 -38.4
239.1 10.0 45.0 -33.6
239.4 17.0 95.0 -39.6
239.7 11.0 68.0 -36.0
240.1 14.0 74.0 -38.4
241.1 10.0 54.0 -34.8
243.1 10.0 41.0 -33.6
243.5 10.0 49.0 -34.8
244.6 11.0 61.0 -36.0
245.3 13.0 61.0 -37.2
245.3 13.0 61.0 -37.2
246.1 14.0 70.0 -38.4
246.3 15.0 88.0 -39.6
246.3 15.0 88.0 -39.6
247.7 18.0 105.0 -40.8
248.1 16.0 86.0 -39.6
248.4 12.0 55.0 -36.0
249.1 7.0 35.0 -30.0
249.5 13.0 74.0 -38.4
249.9 17.0 95.0 -40.8
251.1 13.0 59.0 -37.2
251.1 13.0 59.0 -37.2
252.1 11.0 52.0 -36.0
252.2 9.0 45.0 -33.6
253.1 7.0 35.0 -31.2
253.1 7.0 35.0 -31.2
253.3 11.0 46.0 -34.8
254.0 15.0 81.0 -39.6
254.0 9.0 39.0 -32.4
254.6 8.0 38.0 -32.4
254.6 8.0 38.0 -32.4
255.3 10.0 51.0 -36.0
255.7 14.0 78.0 -39.6
256.8 12.0 58.0 -37.2
257.3 9.0 42.0 -33.6
257.8 15.0 77.0 -39.6
258.2 18.0 105.0 -42.0
260.1 18.0 100.0 -42.0
260.4 16.0 84.0 -40.8
260.9 12.0 64.0 -38.4
263.2 10.0 49.0 -36.0
263.8 17.0 95.0 -42.0
265.0 13.0 61.0 -38.4
265.0 13.0 61.0 -38.4
266.7 13.0 72.0 -39.6
266.7 13.0 72.0 -39.6
268.8 9.0 39.0 -33.6
268.8 9.0 39.0 -33.6
269.4 15.0 80.0 -40.8
269.9 15.0 79.0 -40.8
270.6 16.0 76.0 -40.8
271.5 10.0 43.0 -34.8
271.5 10.0 43.0 -34.8
272.1 18.0 105.0 -43.2
272.5 11.0 55.0 -37.2
273.1 12.0 53.0 -37.2
273.6 12.0 62.0 -38.4
274.3 12.0 56.0 -38.4
274.7 10.0 46.0 -36.0
274.8 10.0 51.0 -37.2
274.8 13.0 67.0 -39.6
275.4 18.0 103.0 -43.2
277.1 18.0 101.0 -43.2
277.4 11.0 50.0 -37.2
277.6 15.0 78.0 -40.8
278.3 12.0 64.0 -39.6
278.9 18.0 96.0 -43.2
279.1 14.0 74.0 -40.8
280.3 16.0 82.0 -42.0
280.8 17.0 96.0 -43.2
281.2 14.0 70.0 -40.8
283.2 17.0 94.0 -43.2
283.7 19.0 113.0 -44.4
283.7 19.0 113.0 -44.4
285.9 13.0 68.0 -40.8
286.2 17.0 91.0 -43.2
287.2 19.0 112.0 -44.4
287.8 12.0 55.0 -38.4
288.8 17.0 87.0 -43.2
288.8 17.0 87.0 -43.2
289.5 15.0 82.0 -42.0
290.6 13.0 57.0 -39.6
290.6 13.0 57.0 -39.6
290.7 11.0 49.0 -37.2
290.7 11.0 49.0 -37.2
291.0 11.0 54.0 -38.4
291.3 19.0 102.0 -44.4
291.4 14.0 66.0 -40.8
292.2 16.0 86.0 -43.2
292.4 13.0 66.0 -40.8
292.5 13.0 65.0 -40.8
293.4 12.0 53.0 -38.4
293.4 18.0 99.0 -44.4
294.3 19.0 97.0 -44.4
294.3 13.0 61.0 -40.8
294.3 13.0 61.0 -40.8
294.6 16.0 80.0 -42.0
295.1 14.0 70.0 -42.0
295.4 18.0 96.0 -44.4
296.1 17.0 83.0 -43.2
296.1 17.0 83.0 -43.2
296.9 18.0 92.0 -44.4
297.2 16.0 85.0 -43.2
297.2 16.0 85.0 -43.2
298.0 17.0 94.0 -44.4
298.0 17.0 94.0 -44.4
298.9 21.0 112.0 -45.6
299.7 16.0 81.0 -43.2
300.0 20.0 114.0 -45.6
300.4 19.0 108.0 -45.6
302.2 14.0 69.0 -42.0
302.2 17.0 79.0 -43.2
302.9 18.0 90.0 -44.4
303.0 15.0 78.0 -43.2
304.1 18.0 103.0 -45.6
304.5 20.0 102.0 -45.6
305.2 12.0 55.0 -39.6
305.2 12.0 55.0 -39.6
305.2 19.0 102.0 -45.6
305.9 17.0 89.0 -44.4
306.6 14.0 60.0 -40.8
306.6 14.0 60.0 -40.8
306.9 12.0 52.0 -38.4
306.9 12.0 52.0 -38.4
307.8 13.0 60.0 -40.8
307.9 13.0 59.0 -40.8
308.4 18.0 101.0 -45.6
308.7 20.0 118.0 -46.8
308.7 20.0 118.0 -46.8
309.2 15.0 65.0 -42.0
309.6 16.0 86.0 -44.4
310.2 18.0 96.0 -45.6
310.3 14.0 64.0 -42.0
310.6 15.0 75.0 -43.2
311.3 15.0 73.0 -43.2
311.3 15.0 73.0 -43.2
312.2 18.0 95.0 -45.6
313.2 19.0 93.0 -45.6
313.2 19.0 93.0 -45.6
314.3 19.0 108.0 -46.8
314.3 18.0 92.0 -45.6
315.7 17.0 95.0 -45.6
317.2 17.0 84.0 -44.4
317.4 20.0 107.0 -46.8
317.4 20.0 107.0 -46.8
318.3 19.0 104.0 -46.8
318.3 19.0 104.0 -46.8
319.2 19.0 91.0 -45.6
319.8 17.0 91.0 -45.6
319.9 15.0 72.0 -43.2
320.1 18.0 90.0 -45.6
320.4 18.0 88.0 -45.6
321.2 13.0 58.0 -40.8
321.2 13.0 58.0 -40.8
321.5 18.0 103.0 -46.8
322.4 19.0 100.0 -46.8
322.4 19.0 100.0 -46.8
322.8 15.0 63.0 -42.0
323.0 16.0 78.0 -44.4
323.8 17.0 87.0 -45.6
323.9 14.0 62.0 -42.0
323.9 14.0 62.0 -42.0
325.9 18.0 100.0 -46.8
326.1 20.0 118.0 -48.0
326.6 20.0 114.0 -48.0
328.8 17.0 86.0 -45.6
328.9 21.0 112.0 -48.0
329.6 18.0 95.0 -46.8
330.0 15.0 71.0 -43.2
330.0 15.0 71.0 -43.2
330.6 19.0 93.0 -46.8
330.6 19.0 93.0 -46.8
331.7 19.0 108.0 -48.0
331.7 19.0 108.0 -48.0
333.5 15.0 69.0 -43.2
333.5 15.0 69.0 -43.2
333.6 15.0 68.0 -43.2
334.4 16.0 77.0 -44.4
334.4 16.0 77.0 -44.4
335.0 17.0 85.0 -45.6
335.8 18.0 82.0 -45.6
336.1 16.0 75.0 -44.4
336.2 16.0 73.0 -44.4
336.7 17.0 84.0 -45.6
337.0 17.0 82.0 -45.6
337.8 18.0 94.0 -46.8
337.9 14.0 75.0 -43.2
337.9 14.0 75.0 -43.2
339.0 17.0 81.0 -45.6
339.0 17.0 81.0 -45.6
339.7 18.0 89.0 -46.8
340.0 20.0 118.0 -49.2
340.0 19.0 105.0 -48.0
340.5 19.0 98.0 -48.0
342.5 16.0 84.0 -45.6
342.6 21.0 117.0 -49.2
342.6 21.0 117.0 -49.2
342.9 17.0 91.0 -46.8
344.9 21.0 111.0 -49.2
345.1 18.0 87.0 -46.8
345.2 17.0 88.0 -46.8
345.9 19.0 96.0 -48.0
346.0 20.0 116.0 -49.2
346.3 17.0 80.0 -45.6
346.8 20.0 115.0 -49.2
346.9 15.0 67.0 -43.2
346.9 15.0 67.0 -43.2
347.7 20.0 111.0 -49.2
348.0 20.0 109.0 -49.2
348.0 20.0 109.0 -49.2
348.1 15.0 80.0 -44.4
348.7 18.0 99.0 -48.0
348.8 23.0 130.0 -50.4
348.8 23.0 130.0 -50.4
349.2 18.0 86.0 -46.8
349.6 16.0 71.0 -44.4
349.6 16.0 71.0 -44.4
349.9 19.0 94.0 -48.0
350.7 20.0 103.0 -49.2
351.0 22.0 120.0 -50.4
351.0 22.0 120.0 -50.4
352.1 15.0 76.0 -44.4
352.1 17.0 78.0 -45.6
352.1 17.0 78.0 -45.6
352.2 17.0 76.0 -45.6
353.1 18.0 96.0 -48.0
353.1 18.0 96.0 -48.0
355.1 21.0 125.0 -50.4
355.2 18.0 84.0 -46.8
355.3 18.0 82.0 -46.8
355.4 18.0 93.0 -48.0
355.4 18.0 93.0 -48.0
356.1 19.0 91.0 -48.0
356.2 19.0 102.0 -49.2
356.8 21.0 112.0 -50.4
356.8 20.0 99.0 -49.2
358.8 21.0 111.0 -50.4
359.3 23.0 130.0 -51.6
359.4 18.0 89.0 -48.0
362.9 21.0 108.0 -50.4
362.9 21.0 108.0 -50.4
364.9 22.0 120.0 -51.6
365.4 17.0 87.0 -46.8
365.5 19.0 98.0 -49.2
366.3 20.0 96.0 -49.2
366.3 20.0 96.0 -49.2
367.0 21.0 104.0 -50.4
368.4 18.0 79.0 -46.8
368.4 18.0 79.0 -46.8
369.2 19.0 88.0 -48.0
369.2 19.0 88.0 -48.0
369.6 19.0 94.0 -49.2
370.4 20.0 103.0 -50.4
370.4 20.0 103.0 -50.4
371.5 19.0 85.0 -48.0
372.3 18.0 86.0 -48.0
373.1 22.0 113.0 -51.6
373.2 23.0 130.0 -52.8
374.3 20.0 93.0 -49.2
374.3 20.0 93.0 -49.2
375.4 19.0 92.0 -49.2
375.4 19.0 92.0 -49.2
376.2 20.0 101.0 -50.4
376.2 21.0 111.0 -51.6
380.0 23.0 127.0 -52.8
380.0 23.0 127.0 -52.8
380.9 23.0 123.0 -52.8
381.2 23.0 121.0 -52.8
381.2 23.0 121.0 -52.8
382.3 22.0 120.0 -52.8
382.3 22.0 120.0 -52.8
382.5 21.0 99.0 -50.4
385.6 20.0 97.0 -50.4
385.6 20.0 97.0 -50.4
386.4 21.0 106.0 -51.6
386.7 21.0 104.0 -51.6
388.3 24.0 137.0 -54.0
388.3 24.0 137.0 -54.0
391.3 22.0 118.0 -52.8
391.3 22.0 118.0 -52.8
391.7 20.0 93.0 -50.4
391.7 20.0 93.0 -50.4
392.2 22.0 114.0 -52.8
392.8 22.0 113.0 -52.8
395.5 23.0 132.0 -54.0
395.5 23.0 132.0 -54.0
396.0 24.0 130.0 -54.0
397.4 23.0 127.0 -54.0
397.4 23.0 127.0 -54.0
398.3 23.0 123.0 -54.0
398.3 23.0 123.0 -54.0
399.6 21.0 101.0 -51.6
401.9 21.0 98.0 -51.6
401.9 21.0 98.0 -51.6
402.7 22.0 107.0 -52.8
402.7 22.0 107.0 -52.8
405.7 24.0 137.0 -55.2
405.7 24.0 137.0 -55.2
406.6 24.0 133.0 -55.2
407.3 23.0 121.0 -54.0
407.3 23.0 121.0 -54.0
407.7 22.0 106.0 -52.8
407.7 22.0 106.0 -52.8
408.5 23.0 115.0 -54.0
413.4 24.0 130.0 -55.2
413.4 24.0 130.0 -55.2
421.7 25.0 140.0 -56.4
421.7 25.0 140.0 -56.4
422.1 24.0 125.0 -55.2
422.8 23.0 113.0 -54.0
422.8 23.0 113.0 -54.0
423.6 24.0 122.0 -55.2
423.6 24.0 122.0 -55.2
429.7 25.0 131.0 -56.4
429.7 25.0 131.0 -56.4
438.0 26.0 141.0 -57.6
