102.6 9.0 48.0 -19.2
102.6 9.0 48.0 -19.2
108.7 10.0 57.0 -20.4
112.8 10.0 53.0 -20.4
112.8 10.0 53.0 -20.4
115.6 11.0 54.0 -21.6
116.3 9.0 41.0 -19.2
116.3 9.0 41.0 -19.2
117.2 7.0 28.0 -18.0
117.5 8.0 40.0 -19.2
117.7 8.0 36.0 -20.4
118.6 10.0 53.0 -21.6
120.2 8.0 34.0 -19.2
120.2 8.0 34.0 -19.2
122.0 6.0 28.0 -18.0
123.2 11.0 54.0 -22.8
123.6 7.0 37.0 -19.2
123.6 7.0 37.0 -19.2
125.0 7.0 33.0 -19.2
125.0 7.0 33.0 -19.2
126.2 7.0 28.0 -19.2
126.2 7.0 28.0 -19.2
126.6 9.0 53.0 -21.6
129.2 5.0 22.0 -18.0
129.2 5.0 22.0 -18.0
130.4 8.0 34.0 -20.4
130.4 8.0 34.0 -20.4
130.5 9.0 41.0 -21.6
131.3 7.0 35.0 -22.8
137.1 11.0 63.0 -24.0
137.1 11.0 63.0 -24.0
141.1 9.0 45.0 -24.0
145.4 12.0 57.0 -25.2
145.4 12.0 57.0 -25.2
149.7 6.0 34.0 -19.2
149.7 6.0 34.0 -19.2
150.3 9.0 44.0 -24.0
151.6 12.0 60.0 -26.4
152.2 11.0 58.0 -27.6
152.6 8.0 42.0 -24.0
152.6 8.0 42.0 -24.0
153.2 11.0 51.0 -25.2
153.8 10.0 51.0 -25.2
153.8 10.0 51.0 -25.2
154.8 11.0 51.0 -26.4
154.8 11.0 51.0 -26.4
155.3 10.0 48.0 -25.2
155.3 10.0 48.0 -25.2
156.2 7.0 35.0 -24.0
156.2 7.0 35.0 -24.0
156.6 9.0 45.0 -25.2
157.3 6.0 34.0 -20.4
157.3 6.0 34.0 -20.4
159.0 6.0 34.0 -21.6
159.6 10.0 51.0 -26.4
159.6 10.0 51.0 -26.4
161.2 8.0 42.0 -25.2
161.2 8.0 42.0 -25.2
162.3 9.0 48.0 -26.4
162.7 11.0 58.0 -28.8
163.5 8.0 42.0 -26.4
163.8 10.0 51.0 -27.6
164.0 9.0 51.0 -27.6
165.5 10.0 54.0 -28.8
166.4 5.0 22.0 -19.2
166.4 8.0 40.0 -25.2
166.4 5.0 22.0 -19.2
166.4 8.0 40.0 -25.2
167.8 5.0 28.0 -20.4
168.8 10.0 51.0 -28.8
168.8 10.0 51.0 -28.8
171.0 15.0 84.0 -30.0
171.2 9.0 50.0 -27.6
172.2 8.0 38.0 -25.2
172.4 8.0 44.0 -27.6
172.4 8.0 44.0 -27.6
173.7 8.0 42.0 -27.6
173.7 8.0 42.0 -27.6
174.8 11.0 60.0 -30.0
177.5 9.0 48.0 -28.8
178.3 5.0 28.0 -21.6
178.7 11.0 58.0 -31.2
179.0 10.0 51.0 -30.0
181.1 6.0 34.0 -22.8
181.1 6.0 34.0 -22.8
183.9 6.0 35.0 -24.0
184.0 11.0 55.0 -31.2
184.0 11.0 55.0 -31.2
185.4 12.0 64.0 -32.4
186.0 7.0 41.0 -25.2
186.7 7.0 41.0 -26.4
187.6 8.0 42.0 -28.8
188.0 9.0 48.0 -30.0
188.8 10.0 57.0 -31.2
188.8 10.0 57.0 -31.2
189.5 10.0 51.0 -31.2
189.5 10.0 51.0 -31.2
190.3 11.0 60.0 -32.4
190.3 11.0 60.0 -32.4
191.1 13.0 74.0 -33.6
191.1 13.0 74.0 -33.6
192.0 7.0 41.0 -27.6
192.2 11.0 55.0 -32.4
193.0 12.0 64.0 -33.6
193.3 6.0 31.0 -22.8
193.3 6.0 31.0 -22.8
193.9 7.0 37.0 -25.2
193.9 7.0 37.0 -25.2
199.1 13.0 73.0 -34.8
199.1 13.0 73.0 -34.8
201.3 6.0 35.0 -25.2
201.4 10.0 59.0 -32.4
201.8 5.0 22.0 -24.0
203.2 13.0 69.0 -34.8
203.6 8.0 38.0 -26.4
204.1 7.0 36.0 -26.4
204.3 10.0 49.0 -31.2
206.9 12.0 64.0 -34.8
207.1 8.0 42.0 -30.0
207.7 9.0 48.0 -31.2
207.7 9.0 48.0 -31.2
211.2 15.0 81.0 -36.0
211.2 15.0 81.0 -36.0
214.1 8.0 38.0 -27.6
214.1 8.0 38.0 -27.6
216.2 6.0 31.0 -25.2
216.2 6.0 31.0 -25.2
216.9 11.0 60.0 -33.6
217.3 16.0 90.0 -37.2
217.3 16.0 90.0 -37.2
218.3 15.0 80.0 -36.0
218.5 11.0 52.0 -33.6
218.6 14.0 75.0 -36.0
218.6 14.0 75.0 -36.0
219.4 14.0 72.0 -36.0
219.4 14.0 72.0 -36.0
220.8 13.0 74.0 -36.0
221.5 7.0 37.0 -27.6
222.2 6.0 31.0 -26.4
222.2 6.0 31.0 -26.4
224.2 8.0 41.0 -28.8
224.3 8.0 38.0 -28.8
224.3 8.0 38.0 -28.8
224.4 8.0 47.0 -31.2
225.9 9.0 50.0 -32.4
225.9 10.0 57.0 -33.6
227.0 7.0 41.0 -28.8
227.8 16.0 90.0 -38.4
227.8 16.0 90.0 -38.4
228.6 10.0 54.0 -33.6
228.6 7.0 41.0 -30.0
229.4 11.0 63.0 -34.8
229.6 15.0 75.0 -37.2
231.3 12.0 60.0 -34.8
231.4 13.0 61.0 -36.0
231.7 11.0 62.0 -34.8
231.9 16.0 86.0 -38.4
231.9 16.0 86.0 -38.4
232.5 14.0 75.0 -37.2
232.5 14.0 75.0 -37.2
233.3 14.0 72.0 -37.2
233.4 9.0 45.0 -31.2
234.7 13.0 74.0 -37.2
235.5 12.0 57.0 -34.8
235.6 15.0 81.0 -38.4
236.1 17.0 100.0 -39.6
236.1 17.0 100.0 -39.6
236.8 9.0 47.0 -32.4
236.8 9.0 47.0 -32.4
236.9 12.0 58.0 -36.0
237.4 10.0 51.0 -33.6
238.0 17.0 95.0 -39.6
238.0 17.0 95.0 -39.6
238.8 7.0 41.0 -31.2
238.9 11.0 54.0 -34.8
240.7 15.0 80.0 -38.4
240.7 15.0 80.0 -38.4
241.6 7.0 37.0 -30.0
241.9 12.0 56.0 -36.0
242.4 13.0 67.0 -37.2
243.0 15.0 77.0 -38.4
243.0 15.0 77.0 -38.4
243.7 12.0 65.0 -37.2
244.1 14.0 74.0 -38.4
245.8 16.0 86.0 -39.6
246.4 13.0 69.0 -38.4
246.4 13.0 69.0 -38.4
247.6 14.0 64.0 -37.2
248.0 18.0 105.0 -40.8
248.0 18.0 105.0 -40.8
249.6 9.0 50.0 -33.6
249.6 9.0 50.0 -33.6
249.6 12.0 64.0 -37.2
249.9 17.0 95.0 -40.8
250.4 15.0 81.0 -39.6
250.4 15.0 81.0 -39.6
252.1 13.0 61.0 -37.2
252.5 14.0 78.0 -39.6
252.5 14.0 78.0 -39.6
253.1 12.0 55.0 -36.0
253.1 12.0 55.0 -36.0
253.6 9.0 48.0 -34.8
254.0 14.0 68.0 -38.4
254.3 12.0 53.0 -36.0
254.8 8.0 44.0 -32.4
255.1 13.0 67.0 -38.4
255.5 15.0 75.0 -39.6
256.2 7.0 41.0 -32.4
256.2 7.0 41.0 -32.4
257.4 17.0 91.0 -40.8
257.8 14.0 66.0 -38.4
258.2 18.0 105.0 -42.0
260.1 13.0 65.0 -38.4
260.8 15.0 88.0 -40.8
261.2 13.0 69.0 -39.6
261.8 11.0 59.0 -36.0
261.8 11.0 59.0 -36.0
263.5 18.0 100.0 -42.0
263.8 17.0 95.0 -42.0
264.6 16.0 82.0 -40.8
264.6 16.0 82.0 -40.8
266.3 14.0 62.0 -38.4
267.8 15.0 81.0 -40.8
268.4 19.0 110.0 -43.2
268.4 19.0 110.0 -43.2
269.4 15.0 80.0 -40.8
269.4 15.0 80.0 -40.8
271.1 11.0 54.0 -37.2
271.1 16.0 78.0 -40.8
271.7 15.0 77.0 -40.8
271.8 13.0 61.0 -38.4
271.9 17.0 87.0 -42.0
272.4 19.0 106.0 -43.2
272.7 13.0 59.0 -38.4
273.3 12.0 64.0 -38.4
274.0 18.0 100.0 -43.2
274.0 18.0 100.0 -43.2
274.9 13.0 65.0 -39.6
274.9 13.0 65.0 -39.6
275.7 11.0 52.0 -36.0
275.7 11.0 52.0 -36.0
276.4 10.0 58.0 -36.0
276.4 10.0 58.0 -36.0
278.0 18.0 96.0 -43.2
278.3 12.0 64.0 -39.6
278.6 17.0 95.0 -43.2
279.6 16.0 85.0 -42.0
279.6 16.0 85.0 -42.0
280.4 15.0 75.0 -40.8
280.9 17.0 83.0 -42.0
281.2 15.0 73.0 -40.8
281.9 16.0 82.0 -42.0
282.1 18.0 92.0 -43.2
282.3 19.0 110.0 -44.4
282.7 17.0 91.0 -43.2
283.6 16.0 81.0 -42.0
283.8 14.0 74.0 -40.8
284.6 10.0 53.0 -36.0
285.1 14.0 70.0 -40.8
285.1 14.0 70.0 -40.8
285.9 11.0 52.0 -37.2
285.9 11.0 52.0 -37.2
286.7 17.0 87.0 -43.2
286.7 17.0 87.0 -43.2
287.2 19.0 106.0 -44.4
287.4 12.0 55.0 -38.4
287.4 12.0 55.0 -38.4
287.5 10.0 49.0 -37.2
288.2 19.0 101.0 -44.4
288.2 19.0 101.0 -44.4
288.8 18.0 100.0 -44.4
289.1 15.0 77.0 -42.0
289.9 16.0 86.0 -43.2
290.0 13.0 60.0 -39.6
290.5 15.0 69.0 -40.8
290.6 14.0 64.0 -40.8
292.4 13.0 59.0 -39.6
292.8 18.0 96.0 -44.4
293.5 15.0 73.0 -42.0
293.6 11.0 58.0 -38.4
295.1 21.0 121.0 -45.6
296.0 17.0 95.0 -44.4
296.4 17.0 83.0 -43.2
296.9 18.0 92.0 -44.4
297.1 19.0 110.0 -45.6
299.3 16.0 82.0 -43.2
300.4 12.0 62.0 -39.6
300.4 12.0 62.0 -39.6
301.1 19.0 106.0 -45.6
301.5 13.0 58.0 -39.6
301.6 13.0 56.0 -39.6
302.4 17.0 91.0 -44.4
302.9 18.0 90.0 -44.4
303.1 13.0 66.0 -40.8
303.1 13.0 66.0 -40.8
303.9 14.0 75.0 -42.0
304.3 18.0 105.0 -45.6
305.3 12.0 53.0 -39.6
305.3 12.0 53.0 -39.6
305.7 14.0 71.0 -42.0
305.9 17.0 89.0 -44.4
306.5 15.0 80.0 -43.2
306.5 15.0 80.0 -43.2
307.7 13.0 59.0 -40.8
308.0 13.0 57.0 -40.8
308.0 13.0 57.0 -40.8
308.2 18.0 99.0 -45.6
308.2 18.0 99.0 -45.6
308.8 14.0 66.0 -42.0
308.8 14.0 66.0 -42.0
309.0 21.0 121.0 -46.8
309.1 19.0 97.0 -45.6
309.6 16.0 86.0 -44.4
309.6 16.0 86.0 -44.4
310.2 18.0 96.0 -45.6
310.2 18.0 96.0 -45.6
311.3 20.0 111.0 -46.8
311.3 20.0 111.0 -46.8
311.3 15.0 76.0 -43.2
312.9 19.0 95.0 -45.6
313.5 17.0 83.0 -44.4
313.5 17.0 83.0 -44.4
314.3 19.0 108.0 -46.8
314.3 19.0 108.0 -46.8
315.4 17.0 94.0 -45.6
315.4 17.0 94.0 -45.6
316.2 16.0 75.0 -43.2
316.5 16.0 73.0 -43.2
318.5 19.0 106.0 -46.8
319.0 20.0 104.0 -46.8
319.0 16.0 82.0 -44.4
319.8 17.0 91.0 -45.6
320.3 18.0 90.0 -45.6
320.5 15.0 63.0 -42.0
320.7 16.0 81.0 -44.4
322.4 19.0 100.0 -46.8
322.4 19.0 100.0 -46.8
323.8 21.0 121.0 -48.0
323.8 21.0 121.0 -48.0
323.9 14.0 62.0 -42.0
324.0 18.0 105.0 -46.8
324.5 17.0 79.0 -44.4
325.0 15.0 69.0 -43.2
325.0 16.0 80.0 -44.4
325.0 15.0 69.0 -43.2
325.3 18.0 88.0 -45.6
325.8 17.0 89.0 -45.6
325.9 17.0 87.0 -45.6
326.4 19.0 99.0 -46.8
326.4 19.0 99.0 -46.8
327.3 21.0 114.0 -48.0
328.5 20.0 109.0 -48.0
328.6 19.0 98.0 -46.8
328.6 19.0 98.0 -46.8
329.2 20.0 107.0 -48.0
329.8 18.0 84.0 -45.6
330.6 19.0 93.0 -46.8
332.5 17.0 76.0 -44.4
332.5 17.0 76.0 -44.4
333.2 17.0 83.0 -45.6
333.5 21.0 121.0 -49.2
333.6 15.0 68.0 -43.2
333.9 19.0 109.0 -48.0
334.0 13.0 72.0 -42.0
334.4 16.0 77.0 -44.4
336.2 16.0 73.0 -44.4
336.2 16.0 73.0 -44.4
336.4 14.0 84.0 -43.2
336.4 19.0 91.0 -46.8
336.5 19.0 102.0 -48.0
336.7 14.0 76.0 -43.2
336.8 21.0 119.0 -49.2
337.0 17.0 82.0 -45.6
337.9 15.0 87.0 -44.4
337.9 15.0 87.0 -44.4
339.0 18.0 91.0 -46.8
339.7 18.0 89.0 -46.8
339.8 19.0 100.0 -48.0
339.8 15.0 82.0 -44.4
339.8 15.0 82.0 -44.4
340.5 19.0 98.0 -48.0
342.1 16.0 82.0 -45.6
342.1 16.0 82.0 -45.6
342.6 20.0 111.0 -49.2
342.9 17.0 91.0 -46.8
344.8 21.0 110.0 -49.2
345.1 18.0 87.0 -46.8
345.9 20.0 109.0 -49.2
345.9 20.0 109.0 -49.2
346.2 19.0 97.0 -48.0
346.9 15.0 67.0 -43.2
346.9 15.0 67.0 -43.2
348.5 18.0 81.0 -45.6
348.8 20.0 108.0 -49.2
349.4 14.0 74.0 -43.2
349.4 18.0 86.0 -46.8
349.5 16.0 72.0 -44.4
349.6 16.0 71.0 -44.4
349.6 16.0 71.0 -44.4
350.2 19.0 95.0 -48.0
350.7 20.0 103.0 -49.2
350.9 21.0 121.0 -50.4
351.0 15.0 74.0 -44.4
351.2 18.0 101.0 -48.0
352.1 19.0 106.0 -49.2
352.2 17.0 76.0 -45.6
352.9 18.0 84.0 -46.8
352.9 18.0 84.0 -46.8
353.5 22.0 120.0 -50.4
353.6 18.0 97.0 -48.0
353.7 16.0 78.0 -45.6
354.2 21.0 119.0 -50.4
354.2 21.0 119.0 -50.4
354.5 17.0 87.0 -46.8
354.9 21.0 117.0 -50.4
354.9 21.0 117.0 -50.4
355.3 18.0 82.0 -46.8
356.0 19.0 90.0 -48.0
356.3 17.0 83.0 -46.8
356.8 21.0 112.0 -50.4
357.1 18.0 92.0 -48.0
359.4 18.0 89.0 -48.0
359.4 18.0 89.0 -48.0
360.2 19.0 98.0 -49.2
360.2 19.0 98.0 -49.2
360.9 21.0 111.0 -50.4
362.3 20.0 111.0 -50.4
362.4 18.0 81.0 -46.8
362.9 21.0 108.0 -50.4
362.9 21.0 108.0 -50.4
364.9 21.0 107.0 -50.4
365.1 22.0 122.0 -51.6
365.1 22.0 122.0 -51.6
365.5 19.0 87.0 -48.0
366.3 20.0 96.0 -49.2
366.3 20.0 96.0 -49.2
366.5 18.0 88.0 -48.0
366.7 21.0 106.0 -50.4
367.3 19.0 97.0 -49.2
367.3 19.0 97.0 -49.2
368.4 18.0 79.0 -46.8
368.4 18.0 79.0 -46.8
368.5 16.0 76.0 -45.6
368.5 16.0 76.0 -45.6
368.5 20.0 108.0 -50.4
369.6 19.0 94.0 -49.2
369.6 19.0 94.0 -49.2
370.0 17.0 79.0 -46.8
370.0 17.0 79.0 -46.8
370.4 20.0 103.0 -50.4
370.9 22.0 120.0 -51.6
370.9 22.0 120.0 -51.6
371.5 19.0 85.0 -48.0
372.1 21.0 115.0 -51.6
372.1 21.0 115.0 -51.6
373.1 18.0 85.0 -48.0
373.1 18.0 85.0 -48.0
375.1 22.0 112.0 -51.6
375.7 19.0 90.0 -49.2
375.7 19.0 90.0 -49.2
376.2 20.0 101.0 -50.4
376.2 20.0 101.0 -50.4
376.5 20.0 99.0 -50.4
378.6 19.0 84.0 -48.0
378.6 19.0 84.0 -48.0
381.1 23.0 125.0 -52.8
381.1 23.0 125.0 -52.8
381.5 20.0 98.0 -50.4
382.3 21.0 110.0 -51.6
382.3 21.0 110.0 -51.6
382.6 21.0 108.0 -51.6
384.8 22.0 122.0 -52.8
384.8 22.0 122.0 -52.8
385.3 22.0 107.0 -51.6
385.6 20.0 97.0 -50.4
385.9 20.0 95.0 -50.4
386.0 18.0 82.0 -48.0
386.0 18.0 82.0 -48.0
386.4 21.0 106.0 -51.6
386.7 21.0 104.0 -51.6
388.6 19.0 87.0 -49.2
388.6 19.0 87.0 -49.2
391.4 23.0 116.0 -52.8
391.7 20.0 93.0 -50.4
392.2 22.0 114.0 -52.8
392.2 22.0 114.0 -52.8
392.5 22.0 112.0 -52.8
392.5 21.0 102.0 -51.6
398.6 23.0 121.0 -54.0
398.6 23.0 121.0 -54.0
398.8 20.0 92.0 -50.4
398.8 20.0 92.0 -50.4
401.9 21.0 98.0 -51.6
401.9 21.0 98.0 -51.6
402.7 22.0 107.0 -52.8
402.7 22.0 107.0 -52.8
407.9 23.0 120.0 -54.0
407.9 23.0 120.0 -54.0
408.8 23.0 116.0 -54.0
408.8 23.0 116.0 -54.0
