101000011100110110101001000010011011100100000000
101000011000110110101001000010011010100100100000
101000011000110110101001000010011010100100100000
101010011100110110101001000010011011100100000000
111000011000110110100001000000011011000100000000
101000011100110110101001000010011011100100100000
101010011110110110101001000010011011100100000000
101010011110110110101001000010011011100100000000
101010011100110110101001000010011011100100100000
111000011000110110100001000000011011000100100000
111000011000110110100001000000011011000100100000
101000011000110110101001100010011011000100100000
101000011100110110101001000010011011010100100000
101000011100110110101001000010011011010100100000
101010011100110110101001000010011011010100100000
101000011000110110100001100010011011010100100000
101000011000110110100001100010011011010100100000
101010011100110110101001000010011011110100100000
111010011000110110000001100010011011100100100000
111000011100110110100001100010011011000100100000
111010011000110110100001100010011011000100100000
101110111100100110101101100010011011000000100000
101010011110110110101001000010011011110100100000
101010011100110110101001100010011011110100100000
101010011100110110101001100010011011110100100000
111000111000110110001001100010011011000100100000
111000011000110110100001100010011011010100100000
101110111100100110101101100010011011010000100000
111000111000110110101001100010011011000100100000
111000111000110110101001100010011011000100100000
101010111100110110101001100010011011110100100000
101010111100110110101001100010011011110100100000
101000011001100100100011100000011111010010100000
101110111010110110101001100010011011100100100000
111100111000110110100001100010011011000100100000
101010011111110110101001100010011111100100100000
101010011111110110101001100010011111100100100000
111110011110110110101001100010011011100100100000
111010111000110110101001100010011011110100100000
111010111100110110101001100010011011110100100000
111010111100110110101001100010011011110100100000
111000111000110110101101100010011011000100100000
111010111010110110101001100010011011110100100000
111000011001100100100011100000011111010010100000
111000011001100100100011100000011111010010100000
101010011111110110101001100010011111110100100000
101010011111110110101001100010011111110100100000
111110111110110110101001100010011011100100100000
111110111110110110101001100010011011100100100000
111110111000110110101001100010011011010100100000
111110111110110110100001100010011011010100100000
111110111110110110100001100010011011010100100000
111110111100110110101001100010011011010100100000
111110111000110110101001100010011011110100100000
111010111010110110101001100010011011111100100000
101010011111110110101001100010011111100100100011
101010011111110110101001100010011111100100100011
111100011001100100100011100000011111010010100000
111100011001100100100011100000011111010010100000
101010011111110110101001100010011111110100100010
111010111001100110100111000000011111010000100000
101110011111110110101001100010011111110100100000
101110011111110110101001100010011111110100100000
011010111001100110100111000010011111010000100000
111010111001100110100111000010011111010000100000
111011111111100110101101000010011111010000100010
111110111000110110101001100010011011011100100000
111010111001100110101111000010011111010000100000
111010111001100110101111000010011111010000100000
111110111010110110101001100010011011011100100000
111110111010110110101001100010011011011100100000
111000111001100110100111100010011111010000100000
111110111010110110100101100010011011010100100000
101010111111110110101001100010011111100100100011
111110111100110110101101100010011011010100100000
111010111011100110101111000010011111010000100000
111010111001100110100111100010011111010000100000
111010111111110110101001100010011111110100100000
111111111011100110101101000010011111010000100010
101011111111110110101001100010011111110100100010
101011111111110110101001100010011111110100100010
111100111101100110101111000010011111010000100000
111110111010110110101011100010011011010100100000
111110111001100110101111000010011111010000100000
111010111111110110101001100010011111011100100000
111011111101110110101001100010011111010100100010
111010111011110110101001100010011111110100100010
111110111001100110100111100010011111010000100000
111110111001100110100111100010011111010000100000
111110111011110110101001100010011111110100100000
101011111111110110101001100010011111110100100011
101011111111110110101001100010011111110100100011
111110111111110110101001100010011111110100100000
111100111101100110101111000110011111010000100000
111100111101100110101111000110011111010000100000
101010111001100110100111100000011110010010101000
101010111001100110100111100000011110010010101000
111011111011110110101001100010011111110100100010
111011111011110110101001100010011111110100100010
111011111111110110101001100010011111110100100010
111011111111110110101001100010011111110100100010
111110111001100110101111000010011111010000100010
101010111001100110101111100000011110010010101000
111110111010110110101001100010011011010110110000
111110111010110110101001100010011011010110110000
111111111001110110101001100010011111010100100010
111111111001110110101001100010011111010100100010
111111111101110110101001100010011111010100100010
111111111101110110101001100010011111010100100010
111111111011100110111101000010011111010000100010
111110111010110110101011100010011011010100101000
111111111011110110101001100010011111010100100010
111111111011110110101001100010011111010100100010
111111111111110110101001100010011111010100100010
111010111111100110101101110010111111010000100000
011110111011100110101001010010111111010010000000
111111111111110110101001100010011111100100100011
111111111011110110101001100010011111110100100010
101011111111100110101011100010011111010010101010
111011111111110110101001100010011111111100100010
111111111111110110101001100010011111110100100010
111000111000110110100011110010111011010100100000
111100111001100110100111110000011111010000100000
111100111001100110100111110010011111010000100000
011111111011100110101111000110011111010000100010
111111111011100110101111000110011111010000100010
111110111000110110101111110010011011000100100000
111111111111100110101111000010011111010000100011
111111111111100110101111000010011111010000100011
111111111111110110101001100010011111110100100011
111111111111110110101001100010011111110100100011
111110111001100110100111100000011111010010100010
111110111010110110101111110010011011000100100000
111111111001110110101101100010011111010100100010
111100111000110110101101110010111011010100100000
111011111111110110101001110010011111010101100010
111011111111110110101001110010011111010101100010
111101111111110110101101100010011111010100100010
111110111010110110101001100010111011010110110000
111110111010110110101011100010011011010110101000
111111111001100110101111000010011111010010100010
111111111111110110101101100010011111010100100010
111110111000110110101111110010011011010100100000
011110111011100110101101010010111111010010000000
111110111111100110101101100010111111010010100010
111111111011110110101101100010011111110100100010
111111111011110110101101100010011111110100100010
111111111111110110101101100010011111110100100010
111111111111110110101101100010011111110100100010
111110111011110110101101110010011111010100100000
011110111011100110101101010010111111010010100000
111111111111110110101001100010011111111100100011
111111111111110110101001100010011111111100100011
111110111001100110100111110000011111010010100000
111110111111100110101101110010011111010011100010
111100111001100110101111110000011111010010100000
111111111011100110101111000110011111010010100010
111111111111110110101001110010011111010101100010
111111111111110110101101100010011111110100100011
111111111111110110101101100010011111110100100011
111111111011110110101001110010011111110101100010
111000111001100110100111110010111111010010100000
111111111011110110101101100010011111010100101010
111111111111111110101001100010011111111100100011
111111111111111110101001100010011111111100100011
111111111111110110101101100010011111010100101010
111111111111110110101101100010011111010100101010
111111111111110110101101100010011111010110100010
111111111111110110101101100010011111010110100010
111011111111100110101101110010111111010010100010
111111111011110110101101100010011111110100101010
111111111111110110101101100010011111110100101010
111111111111110110101001110010011111110101100011
111111111111110110101101100010011111110110100010
111110111000110110101111110010111011010100100000
011111111001100110101111010010011111010010100010
111111111011110110101001100010111111110110100010
111111111011110110101001100010111111110110100010
111111111001100110101101110010011111010010110010
111000111001101110100111110010111111010010100000
111111111011110110101001110010011111010111100010
111111111111110110101001110010011111010111100010
111111111011110110101101110010011111110101100010
111000111011100110111101110010111111010010100010
111111111001100110101111110010011111010010100010
111111111011100110101101110010111111010010100010
111111111111110110111101100010011111110100100011
111111111111111110101001110010011111110101100011
111100111001100110100111110100111111010010100000
111111111011110110101101100010011111010110101010
111111111111100110101111110010011111010010100010
111111111111110110101101100010011111010110101010
111111111111110110101101100010011111010110101010
111111111111110110101101110010011111110101100011
111111111111110110101101100010011111110110101010
111110111000110110101111110010111011010100101000
111111111101110110101101100010111111110110100010
111110111000110110101111110010111011010100101000
111111111101110110101101100010111111110110100010
111110111000110110101111110010111011010110100000
111110111000110110101111110010111011010110100000
111111111011110110101101100010111111110110100010
111111111111100110101111110010011111010010100011
111111111111110110101101100010111111110110100010
111111111111110110101101100010111111110110100010
111111111111110110101001110010011111111111100010
111111111111110110101001110010011111111111100010
111111111111110110101101110010011111010111100010
111111111111110110101101110010011111010111100010
111111111011110110101101110010011111110101101010
111111111011110110101101110010011111110111100010
111111111111110110101101110010011111110101101010
111111111111110110101101110010011111110111100010
111111111111110110101101110010011111110111100010
111111111111110110101101110010011111111101100011
111111111011100110111101110010111111010010100010
111111111001100110101111110010111111010010100010
111111111001100110101111110010111111010010100010
111111111011110110111101100010011111010110101010
111111111011100110101111110010111111010010100010
111111111011100110101111110010111111010010100010
111111111011110110101101100010111111010110101010
111111111011110110101101100010111111010110101010
111111111111100110101011110010111111010010101010
111111111111100110101011110010111111010010101010
111111111011110110101101110010011111011111100010
111111111011110110111101100010011111110110101010
111111111011110110111101100010011111110110101010
111111111111110110111101100010011111110110101010
111111111111110110111101100010011111110110101010
111100111001110110100111110010111111010110100000
111100111001110110100111110010111111010110100000
111111111011110110101101110010011111010111101010
111111111011110110101101110010011111010111101010
111011111111111110101011110110011111111101100011
111111111111111110101011110110011111110101100011
111111111111110110101011110110011111110111100010
111111111111110110101101110010111111010110100010
111111111111110110101011110110011111111101100011
111111111011110110101101110010111111010111100010
111111111111110110101101110010011111110111101010
111111111111110110101101110010111111010111100010
111111111011110110111101110010011111110101101010
111111111011110110111101110010011111110101101010
111111111011110110101001110010111111110111101010
111111111111110110101101110010111111110111100010
111111111111110110101011110110011111110111100011
111111111111110110101011110110011111110111100011
111111111001100110101111110010111111010010110010
111111111001100110101111110010111111010010110010
111111111111110110101101110010111111111101100011
111111111001110110111101100010111111010110101010
111111111111110110101101110010011111110111101011
111111111011110110101101110010011111011111101010
111111111111111110101011110110011111111101100011
111111111111111110101011110110011111111101100011
111111111001110110101101110010111111010110101010
111111111001110110101101110010111111010110101010
111111111111110110101101110010111111110111100011
111111111011110111101111100010011111010110101010
111111111011110110111101110010011111010110101010
111111111111110110101101110010011111111111101010
111111111111110110101101110010011111111111101010
111111111111111110101011110110011111110101101011
111111111111110110101111110110011111110111100010
111111111111110110101101110010111111010110101010
111101111101110110101111110010111111010110100010
111101111101110110101111110010111111010110100010
111111111011110110100111110010111111010110100010
111111111111110110100111110010111111010110100010
111111111101110110101111110010111111010110100010
111111111011110110111101110010011111110111101010
111111111111110111101101110010011111110111101010
111111111011110110101111110010111111010110100010
111111111111110110101111110110011111110101101011
111111111111110111101111100010111111110110100010
111111111011100111101111110010111111011010100010
111111111111110110101101110010111111110111101010
111111111111111110101101110010111111110111100011
111111111111111110101101110010011111111111101010
111111111111110110101111110010011111010111110010
111111111011110110101111110010111111010111100010
111111111111110110101111110010111111010111100010
111111111111110110101111110010111111010111100010
111111111111111110101111110110011111111101100011
111111111111111110101111110110011111111101100011
111111111111110110101111110010011111111101101011
111111111111110110101111110010011111111101101011
111111111111110110101011110110011111111111101010
111111111011110110101111110010111111110111100010
111111111111110110101101110010111111110111101011
111111111111110110101101110010111111110111101011
111111111111111110101111110110011111110101101011
111111111111111110101111110110011111110101101011
111111111011110110111101110010011111111111101010
111111111011110110111101110010011111111111101010
111101111001110110101111110010111111010110101010
111111111111110110111101110010011111111111101010
111111111001110110111101110010111111010111101010
111111111011110110111101110010111111010110101010
111111111111110110101111110110111111110111100010
111111111011110110101111110010011111111111101010
111111111011110110101111110010111111011111100010
111111111011110110111101110010111111010111101010
111111111111110110101111110010011111111111101010
111111111011110110101111110010111111010110101010
111111111011110110101111110010111111010110101010
111111111111110110101111110110011111110111101011
111111111111110110101111110110011111110111101011
111111111011110110101101110010111111110111111010
111111111011110110101111110010111111010111101010
111111111111110110101101110010111111110111111010
111111111111110110101101110010111111111111101011
111111111111110110101111110010111111010111101010
111111111111110110101111110110111111110111100011
111111111011110110111111110010011111110111101010
111111111111110110101111110110011111111111101010
111111111111111110101111110110011111111111100011
111111111011110110101111110010111111110111101010
111111111111110110101111110010111111110111101010
111111111111110110101111110010111111110111101010
111111111111110110101111110110111111111111100010
111111111111110110101111110110111111111111100010
111111111111110110101101110011111111110111110110
111111111111110110101011110111011111110111110111
111111111111110110111111110110011111110111101010
111111111111110110111111110110011111110111101010
111101111001110110111111110010111111010110101010
111101111001110110111111110010111111010110101010
111111111111111110101111110110111111110111100011
111111111111110110101111110010111111110111101011
111111111111110110101111110110011111111111110011
111111111001110111101111110010111111010110101010
111111111111111110101111110110011111111111101010
111111111001110110111111110010111111010110101010
111111111001110110111111110010111111010110101010
111111111111110110101111110110111111111101101011
111101111001110110100111110011111111010110110110
111101111001110110100111110011111111010110110110
111111111111110110101001110011111111110111111111
111111111111110110111111110010011111111111101010
111111111011110111101111110010111111010110101010
111111111001110110111111110010111111010111101010
111111111011110110111111110010111111010110101010
111111111011110110111111110010111111010110101010
111111111111111110101111110110111111111111100010
111111111111110110111111110010111111010110101010
111111111111110110111111110110011111110111101011
111111111101110110100111110011111111010110110110
111111111111111110101011110111011111110111110111
111101111001110110101111110011111111010110110110
111101111001110110101111110011111111010110110110
111111111011110110111111110010111111010111101010
111111111011110110111111110010111111010111101010
111111111001110110101111110011111111010110110110
111111111001110110101111110011111111010110110110
111111111111110110101101110011111111010111111110
111111111111110110100111110011111111010110110110
111111111111110110100111110011111111010110110110
111111111111110111101111110110111111110111100011
111111111101110110101111110011111111010110110110
111111111111110110101011110111111111110111110110
111111111011110110111111110010011111110111111010
111111111111110111101111110110011111111111101010
111111111111111110101111110110011111111111110011
111111111011110110101111110110111111111111101010
111111111001110110101111110011111111010111110110
111111111111110110101111110110111111111111101010
111111111101110110101111110011111111010111110110
111011111111110110101011110111011111111111111111
111111111111110110101101110011111111110111111110
111111111111110110101011110111011111110111111111
111111111111110110101011110111011111110111111111
111111111011110110101111110011111111010111110110
111111111111110110101111110011111111010111110110
111111111111110110101111110011111111010111110110
111111111111111110101111110110111111110111101011
111111111111111110101111110110111111110111101011
111111111111110110101111110110011111111111111011
111111111011110110111111110110111111110111101010
111111111111110110111111110110111111110111101010
111111111111110110101111110011111111110111110110
111111111111110110111001110011111111110111111111
111111111111111110101011110111011111110111111111
111111111111111110101011110111011111110111111111
111111111011110111101111110010111111111111101010
111101111001110110101111110011111111010110111110
111111111001110111111111110010111111010111101010
111111111111111111101111110110111111111111100010
111111111111110111111111110010111111010110101010
111111111111110110101011110111011111111111111111
111111111001110110101111110011111111010110111110
111111111111110111101111110110111111110111101011
111111111011110111111111110010111111010111101010
111111111111111110101111110111011111111111110110
111111111111111110101111110111011111111111110110
111111111001110110101111110011111111010111111110
111111111011110110101111110011111111010110111110
111111111111111110101111110110111111111111101011
111111111111110110101111110011111111010110111110
111111111111110110111111110110011111111111111010
111111111011110110101111110011111111111111110110
111111111011110110101111110011111111111111110110
111111111011110110111101110011111111110111111110
111111111011110110101111110011111111010111111110
111111111111110110101011110011111111111111111110
111111111111110110111011110111011111110111111111
111111111111110110111011110111011111110111111111
111111111111110110101111110011111111010111111110
111111111111110110101111110011111111010111111110
111111111111110110101011110111111111110111111111
111111111111110110101011110111111111110111111111
111111111111111110101111110111011111111111110111
111111111111111110101111110111011111111111110111
111111111111110110101111110011111111110111111110
111111111111110110101111110011111111110111111110
111111111111110110111111110110011111111111111011
111111111111110110111111110110011111111111111011
111111111111110110111111110110111111111111101011
111111111111110110111111110110111111111111101011
111111111011110110111101110011111111011111111110
111111111011110110111101110011111111011111111110
111101111001110110111111110011111111010110111110
111101111001110110111111110011111111010110111110
111111111111110110101111110111111111110111111110
111111111011110111111101110011111111010110111110
111111111111110111101111110111011111111111110111
111111111001110111101111110011111111010110111110
111111111001110110111111110011111111010110111110
111111111001110110111111110011111111010110111110
111111111111110110101011110111111111111111111111
111111111001110111111111110010111111110111111010
111111111011110111111111110010111111110110111010
111111111011110110101111110011111111111111111110
111111111011110110111111110011111111010110111110
111111111111110110101111110011111111111111111110
111111111111110110111111110011111111010110111110
111111111111110110111111110011111111010110111110
111111111111110110101111110111111111110111111111
111111111011110110111111110011111111010111111110
111111111111110111111101110011111111110111111110
111111111111110110111111110011111111010111111110
111111111111110110111111110011111111010111111110
111111111011110110111111110011111111110111111110
111111111111110110111111110011111111110111111110
111111111111110110111111110011111111110111111110
111111111111111110101011110111111111111111111111
111111111111111110101011110111111111111111111111
111111111111110111101111110111111111111111110110
111111111111110111101111110111111111111111110110
111111111111110110111111110011111111111111110111
111111111111111111101111110111011111110111111111
111111111111110111101111110111011111111111111111
111111111111110111101111110111011111111111111111
111111111011110110101111110111111111111111111111
111111111011110110101111110111111111111111111111
111111111111110110101111110111111111111111111111
111111111111110110101111110111111111111111111111
111111111111110110111111110011111111110111111111
111111111001110111111111110011111111010110111110
111111111001110111111111110011111111010110111110
111111111011110111101111110011111111111111111110
111111111001110111111111110011111111010111111110
111111111011110111111111110011111111010110111110
111111111011110111111111110011111111010110111110
111111111111110110111111110011111111111111111110
111111111111110110111111110011111111111111111110
111111111111110111111111110111011111110111111111
111111111011110111111111110011111111010111111110
111111111011110111111111110011111111010111111110
111111111111110111111111110011111111010111111110
111111111111110111111111110011111111010111111110
111111111111111111101111110111111111110111111110
111111111111111110101111110111111111111111111111
111111111111110110101111111111111111111111111110
111111111011110111111111110011111111110111111110
111111111011110111111111110011111111110111111110
111111111011110110111111110111111111111111111110
111111111111110111111111110011111111110111111110
111111111111110111111111110011111111110111111110
111111111111110110111111110111111111111111111110
111111111111110110101111111111111111111111111111
111111111111110110101111111111111111111111111111
111111111111110111101111110111111111111111111111
111111111111110111101111110111111111111111111111
111111111111110110111111110111111111111111111111
111111111111110111111111110011111111110111111111
111111111111110111111111110011111111111111111110
111111111111111110101111111111111111111111111111
111111111111111110101111111111111111111111111111
111111111111111111101111110111111111111111111111
111111111111110111101111111111111111111111111111
111111111111110111101111111111111111111111111111
111111111111110110111111111111111111111111111111
111111111011110111111111110111111111111111111111
111111111011110111111111110111111111111111111111
111111111011110111111111111111111111111111111111
111111111011110111111111111111111111111111111111
111111111111110111111111111111111111111111111111
111111111111110111111111111111111111111111111111
