137.2 8.0 34.0 -19.2
137.3 9.0 41.0 -20.4
137.3 9.0 41.0 -20.4
140.3 10.0 47.0 -21.6
141.1 7.0 39.0 -18.0
141.5 8.0 34.0 -20.4
143.1 9.0 41.0 -21.6
143.1 9.0 41.0 -21.6
147.1 9.0 44.0 -22.8
147.1 9.0 44.0 -22.8
147.8 10.0 47.0 -24.0
148.9 7.0 37.0 -21.6
148.9 7.0 37.0 -21.6
151.7 8.0 38.0 -22.8
152.0 13.0 69.0 -25.2
152.0 13.0 69.0 -25.2
153.2 10.0 50.0 -25.2
154.7 7.0 37.0 -22.8
156.0 13.0 69.0 -26.4
156.0 13.0 69.0 -26.4
157.3 9.0 44.0 -24.0
157.3 9.0 44.0 -24.0
157.9 10.0 55.0 -26.4
157.9 9.0 51.0 -25.2
158.3 10.0 47.0 -25.2
158.3 10.0 47.0 -25.2
160.7 10.0 52.0 -26.4
161.0 11.0 51.0 -26.4
161.1 14.0 75.0 -27.6
161.1 14.0 75.0 -27.6
161.7 11.0 55.0 -27.6
161.7 11.0 55.0 -27.6
162.2 10.0 55.0 -27.6
162.2 10.0 55.0 -27.6
162.7 10.0 47.0 -26.4
162.7 10.0 47.0 -26.4
165.1 14.0 75.0 -28.8
165.1 14.0 75.0 -28.8
165.7 11.0 53.0 -27.6
166.7 9.0 50.0 -26.4
168.5 9.0 49.0 -25.2
168.8 10.0 51.0 -28.8
169.3 13.0 69.0 -30.0
169.3 8.0 46.0 -24.0
169.7 8.0 40.0 -24.0
169.8 9.0 47.0 -25.2
170.4 12.0 64.0 -30.0
171.5 11.0 55.0 -30.0
171.5 11.0 55.0 -30.0
172.1 9.0 41.0 -25.2
172.1 9.0 41.0 -25.2
173.2 9.0 49.0 -27.6
173.2 9.0 49.0 -27.6
174.4 7.0 37.0 -24.0
177.0 15.0 84.0 -31.2
177.0 15.0 84.0 -31.2
178.0 12.0 64.0 -31.2
178.0 12.0 64.0 -31.2
180.2 8.0 40.0 -25.2
180.3 9.0 47.0 -26.4
181.7 11.0 55.0 -31.2
181.7 11.0 55.0 -31.2
183.4 9.0 50.0 -28.8
183.4 10.0 47.0 -27.6
184.0 10.0 42.0 -26.4
184.0 10.0 42.0 -26.4
184.1 13.0 73.0 -32.4
184.1 13.0 73.0 -32.4
184.6 9.0 41.0 -27.6
188.7 12.0 64.0 -32.4
189.1 10.0 52.0 -30.0
189.1 10.0 52.0 -30.0
192.2 11.0 55.0 -32.4
192.2 11.0 55.0 -32.4
192.9 10.0 51.0 -31.2
193.0 12.0 64.0 -33.6
194.3 9.0 48.0 -30.0
194.3 9.0 48.0 -30.0
194.9 8.0 46.0 -26.4
194.9 8.0 46.0 -26.4
197.1 10.0 44.0 -28.8
197.1 10.0 44.0 -28.8
198.5 9.0 41.0 -28.8
198.5 9.0 41.0 -28.8
199.5 16.0 90.0 -34.8
199.5 16.0 90.0 -34.8
201.0 15.0 81.0 -34.8
201.0 15.0 81.0 -34.8
201.4 7.0 39.0 -25.2
201.6 10.0 47.0 -30.0
201.9 9.0 48.0 -31.2
201.9 9.0 48.0 -31.2
202.4 12.0 60.0 -33.6
202.4 12.0 60.0 -33.6
203.2 13.0 69.0 -34.8
203.4 10.0 51.0 -32.4
204.0 8.0 44.0 -27.6
205.0 8.0 42.0 -30.0
206.1 11.0 55.0 -33.6
206.1 11.0 55.0 -33.6
206.9 12.0 64.0 -34.8
207.1 16.0 90.0 -36.0
209.0 8.0 40.0 -26.4
209.0 8.0 40.0 -26.4
211.2 15.0 81.0 -36.0
211.2 15.0 81.0 -36.0
213.0 13.0 73.0 -36.0
213.0 13.0 73.0 -36.0
213.3 9.0 41.0 -30.0
213.3 9.0 41.0 -30.0
216.1 9.0 47.0 -31.2
217.1 13.0 69.0 -36.0
217.3 16.0 90.0 -37.2
218.0 9.0 50.0 -32.4
218.2 10.0 51.0 -33.6
218.4 12.0 61.0 -34.8
220.3 12.0 56.0 -34.8
220.3 12.0 56.0 -34.8
221.4 16.0 86.0 -37.2
221.6 11.0 60.0 -34.8
221.7 15.0 81.0 -37.2
223.2 14.0 78.0 -37.2
223.2 13.0 65.0 -36.0
223.5 11.0 55.0 -34.8
224.3 12.0 64.0 -36.0
224.3 12.0 64.0 -36.0
225.3 7.0 39.0 -26.4
225.6 17.0 100.0 -38.4
225.6 17.0 100.0 -38.4
227.8 16.0 90.0 -38.4
227.8 16.0 90.0 -38.4
229.3 7.0 39.0 -27.6
229.3 7.0 39.0 -27.6
230.9 10.0 49.0 -33.6
230.9 10.0 49.0 -33.6
231.1 12.0 60.0 -36.0
231.9 16.0 86.0 -38.4
231.9 16.0 86.0 -38.4
232.4 11.0 52.0 -34.8
232.5 14.0 75.0 -37.2
233.0 9.0 41.0 -31.2
233.0 9.0 41.0 -31.2
233.3 8.0 44.0 -31.2
233.3 8.0 44.0 -31.2
233.5 13.0 74.0 -37.2
233.7 15.0 71.0 -37.2
234.1 9.0 48.0 -33.6
234.1 9.0 48.0 -33.6
234.8 14.0 72.0 -37.2
234.8 14.0 72.0 -37.2
235.1 12.0 56.0 -36.0
235.4 13.0 69.0 -37.2
235.6 9.0 47.0 -32.4
236.1 17.0 100.0 -39.6
236.3 11.0 63.0 -36.0
236.3 11.0 63.0 -36.0
237.4 14.0 66.0 -37.2
238.0 17.0 95.0 -39.6
238.0 17.0 95.0 -39.6
238.3 11.0 55.0 -36.0
239.1 12.0 64.0 -37.2
239.1 12.0 64.0 -37.2
239.6 14.0 83.0 -38.4
240.7 15.0 80.0 -38.4
240.7 15.0 80.0 -38.4
241.5 14.0 78.0 -38.4
241.7 16.0 90.0 -39.6
243.8 16.0 86.0 -39.6
243.8 16.0 86.0 -39.6
245.0 15.0 77.0 -38.4
245.2 13.0 73.0 -38.4
247.5 10.0 51.0 -34.8
248.5 12.0 60.0 -37.2
248.5 12.0 60.0 -37.2
249.0 10.0 44.0 -32.4
249.3 13.0 69.0 -38.4
249.3 13.0 69.0 -38.4
249.8 11.0 52.0 -36.0
249.8 11.0 52.0 -36.0
249.9 17.0 95.0 -40.8
250.4 15.0 81.0 -39.6
250.6 10.0 49.0 -34.8
251.4 13.0 57.0 -37.2
252.2 14.0 66.0 -38.4
252.2 14.0 66.0 -38.4
253.3 13.0 65.0 -38.4
253.3 13.0 65.0 -38.4
253.6 9.0 48.0 -34.8
253.6 9.0 48.0 -34.8
254.6 12.0 56.0 -37.2
254.6 15.0 80.0 -39.6
255.1 10.0 51.0 -36.0
255.1 10.0 51.0 -36.0
255.4 14.0 78.0 -39.6
255.4 14.0 78.0 -39.6
255.9 17.0 91.0 -40.8
255.9 17.0 91.0 -40.8
256.5 16.0 90.0 -40.8
256.5 16.0 90.0 -40.8
258.2 18.0 105.0 -42.0
258.2 18.0 105.0 -42.0
258.6 12.0 64.0 -38.4
258.6 16.0 86.0 -40.8
261.5 15.0 76.0 -39.6
261.6 14.0 75.0 -39.6
262.7 11.0 55.0 -37.2
262.7 13.0 61.0 -38.4
263.5 14.0 70.0 -39.6
263.5 14.0 70.0 -39.6
263.8 17.0 95.0 -42.0
263.8 17.0 95.0 -42.0
264.6 16.0 82.0 -40.8
264.6 16.0 82.0 -40.8
264.9 13.0 73.0 -39.6
264.9 13.0 73.0 -39.6
266.1 12.0 53.0 -37.2
266.1 12.0 53.0 -37.2
267.8 15.0 81.0 -40.8
267.9 17.0 91.0 -42.0
268.7 13.0 59.0 -38.4
268.7 13.0 59.0 -38.4
269.4 15.0 80.0 -40.8
269.6 15.0 79.0 -40.8
269.6 15.0 79.0 -40.8
271.4 14.0 74.0 -40.8
272.5 16.0 86.0 -42.0
272.5 16.0 86.0 -42.0
274.0 18.0 100.0 -43.2
274.0 18.0 100.0 -43.2
277.0 15.0 68.0 -39.6
277.0 15.0 68.0 -39.6
277.5 15.0 83.0 -42.0
278.1 14.0 67.0 -39.6
278.1 14.0 67.0 -39.6
278.6 17.0 95.0 -43.2
278.6 17.0 95.0 -43.2
281.2 15.0 73.0 -40.8
281.2 15.0 73.0 -40.8
281.5 13.0 71.0 -39.6
281.5 13.0 71.0 -39.6
281.9 12.0 63.0 -38.4
282.0 16.0 82.0 -42.0
282.8 15.0 72.0 -40.8
283.0 12.0 62.0 -38.4
283.0 18.0 92.0 -43.2
283.2 17.0 94.0 -43.2
283.3 13.0 67.0 -39.6
283.4 13.0 66.0 -39.6
283.6 16.0 81.0 -42.0
285.3 17.0 91.0 -43.2
285.3 17.0 91.0 -43.2
285.6 19.0 108.0 -44.4
285.6 19.0 108.0 -44.4
285.9 16.0 78.0 -42.0
286.0 14.0 71.0 -40.8
286.4 15.0 82.0 -42.0
286.7 17.0 87.0 -43.2
286.8 15.0 80.0 -42.0
287.8 10.0 47.0 -33.6
287.8 10.0 47.0 -33.6
288.2 19.0 101.0 -44.4
288.2 19.0 101.0 -44.4
288.8 18.0 100.0 -44.4
288.8 18.0 100.0 -44.4
289.1 15.0 77.0 -42.0
289.1 15.0 77.0 -42.0
289.9 16.0 86.0 -43.2
289.9 16.0 86.0 -43.2
290.4 14.0 70.0 -40.8
291.7 14.0 64.0 -39.6
291.9 12.0 66.0 -39.6
292.8 18.0 96.0 -44.4
292.8 18.0 96.0 -44.4
293.4 12.0 60.0 -38.4
293.4 12.0 60.0 -38.4
294.3 14.0 77.0 -42.0
294.4 15.0 68.0 -40.8
294.9 13.0 63.0 -39.6
296.0 17.0 95.0 -44.4
296.1 17.0 83.0 -43.2
296.9 15.0 82.0 -43.2
297.5 14.0 68.0 -40.8
297.6 19.0 113.0 -45.6
297.6 19.0 113.0 -45.6
298.0 13.0 58.0 -38.4
298.0 13.0 58.0 -38.4
298.5 15.0 76.0 -42.0
298.5 15.0 76.0 -42.0
298.9 11.0 59.0 -38.4
298.9 11.0 59.0 -38.4
299.5 16.0 75.0 -42.0
299.7 19.0 110.0 -45.6
300.1 17.0 91.0 -44.4
300.2 15.0 72.0 -42.0
300.4 12.0 62.0 -39.6
300.4 12.0 62.0 -39.6
301.0 16.0 81.0 -43.2
301.2 13.0 71.0 -40.8
301.8 16.0 78.0 -43.2
302.7 18.0 90.0 -44.4
302.7 18.0 90.0 -44.4
303.0 18.0 88.0 -44.4
303.2 19.0 106.0 -45.6
304.1 18.0 103.0 -45.6
304.1 17.0 87.0 -44.4
306.2 18.0 100.0 -45.6
306.5 15.0 80.0 -43.2
307.4 15.0 75.0 -43.2
308.2 18.0 99.0 -45.6
308.2 18.0 99.0 -45.6
309.6 16.0 86.0 -44.4
309.7 13.0 61.0 -39.6
310.1 14.0 60.0 -40.8
310.2 18.0 96.0 -45.6
311.1 16.0 83.0 -44.4
311.1 16.0 83.0 -44.4
312.2 18.0 95.0 -45.6
312.4 21.0 124.0 -46.8
312.4 14.0 64.0 -42.0
313.1 20.0 113.0 -46.8
313.1 12.0 60.0 -39.6
313.9 20.0 111.0 -46.8
313.9 20.0 111.0 -46.8
314.3 19.0 108.0 -46.8
314.6 13.0 63.0 -40.8
314.6 13.0 63.0 -40.8
314.9 12.0 57.0 -38.4
314.9 12.0 57.0 -38.4
315.4 17.0 94.0 -45.6
315.4 17.0 94.0 -45.6
316.5 16.0 73.0 -43.2
316.6 18.0 92.0 -45.6
317.7 13.0 58.0 -39.6
317.7 13.0 58.0 -39.6
318.2 18.0 82.0 -44.4
318.2 18.0 82.0 -44.4
319.0 20.0 104.0 -46.8
319.0 20.0 104.0 -46.8
319.3 17.0 81.0 -44.4
319.3 17.0 81.0 -44.4
319.6 17.0 79.0 -44.4
319.9 15.0 72.0 -43.2
319.9 15.0 72.0 -43.2
320.1 18.0 90.0 -45.6
320.4 19.0 101.0 -46.8
320.4 18.0 88.0 -45.6
320.7 16.0 81.0 -44.4
321.5 18.0 103.0 -46.8
321.5 18.0 103.0 -46.8
322.6 15.0 69.0 -43.2
323.0 16.0 78.0 -44.4
323.1 19.0 98.0 -46.8
323.1 19.0 98.0 -46.8
323.8 17.0 87.0 -45.6
324.0 14.0 60.0 -42.0
325.6 18.0 99.0 -46.8
325.6 18.0 99.0 -46.8
326.6 22.0 125.0 -48.0
326.6 22.0 125.0 -48.0
327.1 17.0 86.0 -45.6
327.3 21.0 114.0 -48.0
327.3 21.0 114.0 -48.0
328.5 20.0 109.0 -48.0
329.2 20.0 96.0 -46.8
329.4 13.0 61.0 -40.8
329.6 18.0 95.0 -46.8
329.8 19.0 113.0 -48.0
330.1 16.0 77.0 -44.4
331.4 20.0 108.0 -48.0
331.4 20.0 108.0 -48.0
332.5 17.0 76.0 -44.4
332.5 17.0 76.0 -44.4
332.9 19.0 93.0 -46.8
332.9 19.0 93.0 -46.8
333.2 17.0 83.0 -45.6
333.2 17.0 83.0 -45.6
333.6 15.0 68.0 -43.2
333.6 15.0 68.0 -43.2
334.0 18.0 92.0 -46.8
334.0 18.0 92.0 -46.8
335.7 19.0 104.0 -48.0
335.9 16.0 75.0 -44.4
336.2 16.0 73.0 -44.4
336.2 16.0 73.0 -44.4
336.6 19.0 91.0 -46.8
336.6 19.0 91.0 -46.8
337.0 17.0 82.0 -45.6
337.0 17.0 82.0 -45.6
338.4 20.0 103.0 -48.0
338.7 20.0 101.0 -48.0
338.7 20.0 101.0 -48.0
339.0 17.0 81.0 -45.6
339.3 17.0 79.0 -45.6
339.3 17.0 79.0 -45.6
339.8 19.0 100.0 -48.0
339.8 19.0 100.0 -48.0
340.1 18.0 88.0 -46.8
340.1 18.0 88.0 -46.8
344.0 22.0 125.0 -49.2
344.0 22.0 125.0 -49.2
344.5 20.0 99.0 -48.0
344.5 20.0 99.0 -48.0
344.8 21.0 110.0 -49.2
344.9 20.0 120.0 -49.2
345.1 18.0 87.0 -46.8
345.6 19.0 98.0 -48.0
345.8 20.0 116.0 -49.2
345.9 20.0 109.0 -49.2
346.4 17.0 78.0 -45.6
346.4 17.0 78.0 -45.6
346.6 20.0 96.0 -48.0
346.9 15.0 67.0 -43.2
346.9 15.0 67.0 -43.2
347.7 22.0 122.0 -50.4
347.7 22.0 122.0 -50.4
349.2 18.0 86.0 -46.8
349.2 18.0 86.0 -46.8
349.5 16.0 72.0 -44.4
349.6 16.0 71.0 -44.4
350.2 19.0 95.0 -48.0
350.3 19.0 93.0 -48.0
351.7 20.0 107.0 -49.2
351.7 20.0 107.0 -49.2
352.2 17.0 76.0 -45.6
352.2 17.0 76.0 -45.6
354.6 21.0 106.0 -49.2
354.7 21.0 104.0 -49.2
355.3 19.0 92.0 -48.0
355.3 18.0 82.0 -46.8
355.8 20.0 103.0 -49.2
355.8 20.0 103.0 -49.2
356.0 21.0 121.0 -50.4
356.1 20.0 101.0 -49.2
356.1 19.0 91.0 -48.0
360.8 22.0 113.0 -50.4
361.0 21.0 116.0 -50.4
361.9 21.0 112.0 -50.4
361.9 21.0 112.0 -50.4
361.9 20.0 99.0 -49.2
362.2 21.0 110.0 -50.4
362.2 21.0 110.0 -50.4
362.4 18.0 81.0 -46.8
363.1 16.0 70.0 -44.4
363.1 16.0 70.0 -44.4
365.4 19.0 89.0 -48.0
365.4 19.0 89.0 -48.0
365.5 19.0 87.0 -48.0
365.8 17.0 74.0 -45.6
365.8 17.0 74.0 -45.6
366.2 20.0 98.0 -49.2
366.3 20.0 96.0 -49.2
368.0 21.0 108.0 -50.4
368.0 21.0 108.0 -50.4
368.4 18.0 79.0 -46.8
368.4 18.0 79.0 -46.8
369.3 22.0 126.0 -51.6
369.3 22.0 126.0 -51.6
370.2 22.0 122.0 -51.6
370.2 22.0 122.0 -51.6
370.5 22.0 120.0 -51.6
370.5 22.0 120.0 -51.6
371.3 20.0 95.0 -49.2
371.3 20.0 95.0 -49.2
371.5 19.0 85.0 -48.0
372.0 21.0 106.0 -50.4
372.1 21.0 104.0 -50.4
377.0 22.0 119.0 -51.6
377.0 22.0 119.0 -51.6
377.3 20.0 93.0 -49.2
377.3 20.0 93.0 -49.2
378.1 21.0 102.0 -50.4
378.1 21.0 102.0 -50.4
378.2 22.0 113.0 -51.6
378.6 19.0 84.0 -48.0
378.6 19.0 84.0 -48.0
381.7 20.0 90.0 -49.2
381.7 20.0 90.0 -49.2
382.5 21.0 99.0 -50.4
382.5 21.0 99.0 -50.4
384.2 22.0 111.0 -51.6
384.2 22.0 111.0 -51.6
386.5 23.0 123.0 -52.8
388.3 22.0 107.0 -51.6
388.3 22.0 107.0 -51.6
388.9 23.0 121.0 -52.8
388.9 23.0 121.0 -52.8
392.2 21.0 98.0 -50.4
396.6 23.0 117.0 -52.8
396.6 23.0 117.0 -52.8
396.8 21.0 97.0 -50.4
396.8 21.0 97.0 -50.4
402.9 22.0 106.0 -51.6
402.9 22.0 106.0 -51.6
403.7 23.0 115.0 -52.8
403.7 23.0 115.0 -52.8
407.1 24.0 125.0 -54.0
407.1 24.0 125.0 -54.0
413.2 25.0 134.0 -55.2
413.2 25.0 134.0 -55.2
413.4 23.0 114.0 -52.8
