141.4 13.0 63.0 -17.0
144.5 8.0 46.0 -16.0
150.0 11.0 46.0 -14.0
160.3 14.0 81.0 -19.0
167.1 13.0 75.0 -18.0
171.6 14.0 83.0 -20.0
172.3 14.0 81.0 -21.0
185.9 15.0 80.0 -22.0
190.1 12.0 66.0 -22.0
196.6 14.0 67.0 -23.0
197.0 14.0 74.0 -22.0
201.1 13.0 70.0 -23.0
203.3 14.0 69.0 -21.0
203.8 12.0 67.0 -21.0
203.9 12.0 73.0 -20.0
207.0 15.0 81.0 -21.0
207.2 15.0 88.0 -23.0
209.1 15.0 89.0 -21.0
211.1 16.0 101.0 -25.0
211.3 16.0 100.0 -24.0
213.9 14.0 88.0 -22.0
213.9 14.0 70.0 -23.0
214.4 14.0 67.0 -22.0
223.9 16.0 94.0 -24.0
225.1 18.0 93.0 -25.0
227.8 14.0 76.0 -22.0
231.4 18.0 104.0 -26.0
248.6 18.0 100.0 -26.0
254.2 16.0 82.0 -26.0
264.5 17.0 91.0 -25.0
