91.7 7.0 39.0 -12.0
138.6 10.0 59.0 -16.0
150.6 12.0 66.0 -16.0
166.3 12.0 60.0 -19.0
168.5 11.0 58.0 -15.0
179.5 12.0 57.0 -20.0
186.8 8.0 45.0 -18.0
187.9 11.0 50.0 -20.0
195.4 14.0 84.0 -22.0
198.0 16.0 83.0 -20.0
198.1 15.0 90.0 -24.0
198.3 16.0 102.0 -23.0
198.5 14.0 72.0 -24.0
200.6 12.0 81.0 -24.0
205.3 16.0 91.0 -20.0
207.3 12.0 56.0 -22.0
208.2 13.0 77.0 -19.0
208.7 17.0 81.0 -22.0
209.7 14.0 80.0 -23.0
216.7 17.0 92.0 -23.0
221.9 16.0 93.0 -23.0
226.9 18.0 100.0 -25.0
227.6 19.0 110.0 -25.0
234.6 19.0 97.0 -23.0
249.3 16.0 90.0 -27.0
257.0 13.0 78.0 -24.0
262.7 19.0 97.0 -27.0
265.2 18.0 102.0 -27.0
278.8 18.0 96.0 -28.0
291.8 19.0 103.0 -29.0
