1101100000100000000000011110110000000000100
1001110100001100000010100111000101000010001
0000001000011101011111000100010110001001000
1001110001100001011111010000110000000011101
0100110000000011000110010010001110101001000
0111000101101101010010000001011100010100111
0100101001001100001000100001100110011011011
0001000111101101010001010001111011010000110
1111000011011101101010110010110010101010000
0011101110100011010110110010001011001001000
1011000110111011001011001100110010111100011
1101111000010110011110101011110011010000001
1011010101101010011010010001100110100111111
1100011010101011110010000011100111011111001
1011011000100000111001100010011000101101110
0010100111111000001111000000110010111011101
0110011100001010010001101011000100100011110
0111010100010110010100111001001010101111100
0111001011101111001110011011000000010110011
1100010000111110110101011110111000101001001
0111101010110111000000001111000101110001111
0001101110010111100111101101001101100111001
0001001011111111111100000110001011001101111
0110011100010110011100111000111011110000011
0101100010111110010101101111011111110011100
1100110000101011000101111011101111101100010
1110011010000110110111110011011101110101101
0111111101101111110011100110101001000111100
1000101101111101011100111011111111101101000
1011101010101101010111111110010101110111011
