0010100100010000110000110001001100000110111
1100000000010000010100100001011011010010011
1001100010011110011110000011101000100010101
0001100011001000001110000011101011000111000
1100011010100000111011110001011100001000010
0010000100010011100101101011110100010110000
0001101001110011000011100101011101000010001
1000000011010100001101001101110100010101101
1100010110111100101000001100111110000110011
1101000011100100110110100010000110100101000
1000001100111011111100011110000000001111011
1010001100111100100100011101100101000011010
0011110110001000000001100110000011101000010
0001101110010011110101001110000011101000001
1101101100010110100011101110000101011100100
1000101110101011001100001010000111110011000
0010100011010000001011111010001110001110011
1001111001111011000000110101011101001111000
1110011101100110011000001100110001010111001
1011001010011001000100100011100101101111100
1100011010110101000011000110001100101011001
0000110101000111011100000011101001110101100
0001101001011011011100111000100111110110010
0000111100111100111011001111111100100011001
1011001100000101101011100001001010100111111
0000101011101011011101010100001001101011011
1111000100111011110100011100011111100101010
0101100110010110000011110011011011110101110
0111010110110011111101011101111101100111110
1100100101011101011011110011111111111100110
