80.7 5.0 39.0 -9.0
133.4 10.0 53.0 -16.0
133.4 12.0 71.0 -17.0
156.0 9.0 34.0 -16.0
161.4 9.0 50.0 -19.0
162.4 14.0 76.0 -20.0
170.5 12.0 63.0 -18.0
171.9 10.0 60.0 -20.0
178.1 11.0 61.0 -17.0
179.3 14.0 68.0 -20.0
180.6 14.0 87.0 -19.0
183.1 14.0 65.0 -21.0
184.3 11.0 58.0 -19.0
187.0 11.0 66.0 -21.0
188.2 14.0 78.0 -20.0
188.7 14.0 74.0 -21.0
188.9 13.0 66.0 -20.0
189.0 14.0 80.0 -20.0
199.9 15.0 80.0 -22.0
202.2 16.0 89.0 -24.0
205.1 13.0 62.0 -23.0
205.5 18.0 109.0 -25.0
207.0 17.0 106.0 -23.0
211.1 18.0 94.0 -24.0
212.3 15.0 81.0 -22.0
219.0 16.0 86.0 -23.0
235.5 16.0 90.0 -25.0
239.0 13.0 70.0 -22.0
254.6 18.0 102.0 -26.0
284.3 16.0 80.0 -27.0
