0000100000110000101100100001000100000101110
1000000010010000011001001101101001000101101
0100110011010100011000011100010000001011101
1101010001001110101010010000010010101001000
1000001011101010100011100011001000010001100
0000001010011111111010010111000010111010110
1001111101001010111010000010001000110011001
0010011110100001001011001101011100010011001
0110111000101110000110001000000011000011101
0110010110110010101110000100011111011000111
0010011000100110101000101000111010111011000
0000111010000100110100011101101011000101011
0011100101011101101100011001001100011001001
0011111100101011100111010000101100100110001
0111000010001101011001101100010000101011011
0000101101010001011111100111001011010110000
0100101000010101100110110000011111111100001
1111010111001011111000000111011001011110101
1001000101111000001101111001011111001110010
0110001010011010110001001010111011110101100
0100010110000110111011010101011011111110111
0010001111010001000110110110110011110001000
0110101000010111001000010111111100111111110
0110010101100100111111111000111100100001001
0000100001101100001101101111101110011001110
0101111111110011100101100111011000010111101
1011110001111011001111110011100011011101000
0011001000011111100011101111100011011111110
1001111100101001011111110010111011010000111
1011110101001110111010111010110011001111011
