102.0 10.0 53.0 -14.0
138.4 13.0 83.0 -16.0
148.7 10.0 57.0 -17.0
150.2 12.0 56.0 -20.0
160.1 12.0 63.0 -18.0
165.1 14.0 82.0 -21.0
170.5 10.0 50.0 -17.0
176.0 13.0 91.0 -22.0
181.5 14.0 80.0 -20.0
181.8 9.0 48.0 -19.0
188.4 12.0 72.0 -19.0
191.0 12.0 64.0 -18.0
192.2 11.0 61.0 -20.0
197.7 12.0 70.0 -20.0
204.1 15.0 84.0 -22.0
206.8 13.0 66.0 -21.0
208.4 16.0 95.0 -25.0
208.8 14.0 73.0 -24.0
213.1 13.0 65.0 -24.0
214.0 16.0 86.0 -22.0
217.1 14.0 75.0 -22.0
217.3 13.0 78.0 -25.0
217.5 13.0 73.0 -22.0
224.7 17.0 84.0 -27.0
226.7 13.0 79.0 -23.0
228.4 16.0 89.0 -24.0
249.6 14.0 77.0 -27.0
254.2 18.0 93.0 -23.0
270.2 17.0 87.0 -25.0
272.5 14.0 69.0 -26.0
