69.0 4.0 19.0 -8.0
69.0 4.0 19.0 -8.0
69.0 4.0 19.0 -8.0
69.0 4.0 19.0 -8.0
69.0 4.0 19.0 -8.0
69.0 4.0 19.0 -8.0
69.0 4.0 19.0 -8.0
69.0 4.0 19.0 -8.0
69.0 4.0 19.0 -8.0
69.0 4.0 19.0 -8.0
69.0 4.0 19.0 -8.0
69.0 4.0 19.0 -8.0
69.0 4.0 19.0 -8.0
69.0 4.0 19.0 -8.0
69.0 4.0 19.0 -8.0
69.0 4.0 19.0 -8.0
69.0 4.0 19.0 -8.0
69.0 4.0 19.0 -8.0
69.0 4.0 19.0 -8.0
69.0 4.0 19.0 -8.0
69.0 4.0 19.0 -8.0
69.0 4.0 19.0 -8.0
69.0 4.0 19.0 -8.0
69.0 4.0 19.0 -8.0
69.0 4.0 19.0 -8.0
69.0 4.0 19.0 -8.0
69.0 4.0 19.0 -8.0
69.0 4.0 19.0 -8.0
69.0 4.0 19.0 -8.0
73.0 4.0 19.0 -9.0
