117.4 8.0 38.0 -18.0
123.8 11.0 51.0 -19.2
130.9 9.0 40.0 -19.2
131.1 8.0 38.0 -20.4
136.3 9.0 43.0 -21.6
140.4 7.0 37.0 -19.2
142.1 10.0 47.0 -22.8
145.5 7.0 37.0 -20.4
149.9 10.0 45.0 -22.8
150.5 11.0 59.0 -24.0
150.6 8.0 38.0 -21.6
155.1 11.0 50.0 -24.0
156.3 12.0 63.0 -25.2
158.7 11.0 55.0 -25.2
164.1 9.0 40.0 -22.8
164.5 12.0 59.0 -26.4
167.1 8.0 41.0 -22.8
169.9 10.0 44.0 -24.0
172.2 9.0 42.0 -24.0
172.2 12.0 57.0 -26.4
172.9 13.0 71.0 -27.6
173.5 13.0 70.0 -27.6
177.9 13.0 67.0 -27.6
178.7 14.0 75.0 -28.8
183.3 14.0 66.0 -28.8
185.7 10.0 44.0 -25.2
189.6 15.0 81.0 -30.0
192.2 15.0 77.0 -30.0
192.4 13.0 71.0 -28.8
196.2 12.0 54.0 -27.6
197.5 16.0 82.0 -31.2
198.2 14.0 75.0 -30.0
199.0 10.0 46.0 -26.4
206.6 12.0 53.0 -27.6
208.4 17.0 88.0 -32.4
213.2 14.0 65.0 -30.0
215.0 17.0 86.0 -32.4
218.5 10.0 46.0 -27.6
221.9 18.0 90.0 -33.6
224.4 14.0 61.0 -30.0
225.9 16.0 83.0 -32.4
226.7 12.0 52.0 -28.8
231.1 17.0 88.0 -33.6
232.0 11.0 48.0 -28.8
236.0 19.0 96.0 -34.8
237.2 12.0 53.0 -30.0
239.1 15.0 80.0 -32.4
242.0 18.0 94.0 -34.8
243.0 13.0 57.0 -31.2
243.1 16.0 72.0 -33.6
250.2 15.0 80.0 -33.6
250.8 13.0 55.0 -31.2
252.5 18.0 93.0 -34.8
253.7 17.0 89.0 -34.8
255.5 19.0 96.0 -36.0
256.0 14.0 60.0 -32.4
258.0 16.0 81.0 -34.8
261.8 15.0 64.0 -33.6
262.6 16.0 72.0 -34.8
266.0 19.0 95.0 -36.0
269.0 17.0 87.0 -36.0
273.0 20.0 100.0 -37.2
274.8 19.0 92.0 -37.2
279.3 16.0 68.0 -34.8
281.1 17.0 82.0 -36.0
285.7 20.0 98.0 -38.4
288.3 17.0 79.0 -36.0
293.5 18.0 84.0 -37.2
294.3 19.0 92.0 -38.4
304.5 19.0 90.0 -38.4
305.2 20.0 98.0 -39.6
