151.9 13.0 82.0 -24.0
157.0 13.0 82.0 -25.2
159.2 13.0 81.0 -25.2
159.9 14.0 89.0 -26.4
162.2 15.0 88.0 -26.4
165.0 15.0 90.0 -27.6
170.1 14.0 87.0 -26.4
170.2 16.0 95.0 -28.8
181.6 16.0 98.0 -30.0
186.8 17.0 103.0 -31.2
188.4 12.0 67.0 -26.4
192.6 18.0 107.0 -32.4
194.2 13.0 71.0 -27.6
199.4 14.0 76.0 -28.8
203.5 19.0 113.0 -33.6
207.0 17.0 106.0 -32.4
210.0 13.0 71.0 -28.8
211.4 20.0 114.0 -34.8
217.8 18.0 108.0 -33.6
222.3 21.0 120.0 -36.0
224.9 21.0 116.0 -36.0
226.9 18.0 100.0 -32.4
227.8 19.0 111.0 -34.8
229.5 13.0 71.0 -30.0
231.7 17.0 85.0 -32.4
235.8 22.0 122.0 -37.2
243.7 17.0 92.0 -33.6
249.8 20.0 117.0 -37.2
254.7 19.0 101.0 -36.0
257.5 22.0 124.0 -38.4
257.8 13.0 60.0 -31.2
258.5 14.0 68.0 -32.4
263.6 14.0 64.0 -32.4
268.6 22.0 124.0 -39.6
270.3 22.0 118.0 -38.4
276.6 15.0 67.0 -33.6
280.6 21.0 110.0 -38.4
282.1 23.0 126.0 -40.8
282.4 16.0 71.0 -34.8
287.3 21.0 116.0 -39.6
288.1 22.0 124.0 -40.8
294.6 15.0 72.0 -34.8
296.2 24.0 132.0 -42.0
298.9 17.0 79.0 -37.2
302.2 23.0 130.0 -42.0
304.0 17.0 75.0 -37.2
304.8 23.0 126.0 -42.0
310.6 16.0 74.0 -36.0
312.8 25.0 142.0 -43.2
313.2 25.0 140.0 -43.2
313.7 25.0 136.0 -43.2
315.7 24.0 132.0 -43.2
318.1 18.0 81.0 -38.4
321.5 18.0 79.0 -38.4
324.8 23.0 119.0 -43.2
326.7 19.0 84.0 -39.6
329.8 26.0 150.0 -44.4
330.3 26.0 146.0 -44.4
332.3 25.0 142.0 -44.4
333.2 25.0 136.0 -44.4
340.8 20.0 90.0 -40.8
341.8 24.0 127.0 -44.4
343.7 21.0 97.0 -42.0
344.5 22.0 105.0 -43.2
345.2 23.0 113.0 -44.4
347.3 27.0 154.0 -45.6
349.3 26.0 150.0 -45.6
349.8 26.0 146.0 -45.6
359.3 25.0 131.0 -45.6
362.2 24.0 121.0 -45.6
366.8 27.0 154.0 -46.8
378.8 25.0 131.0 -46.8
