1000000000100000110110011010100100001100100011100110001001001111001010000100010010000100100101000000
1100001001011000110001111100001010001100100000000100110000101111000110010101101001100000010001010000
1011000000110101110011110000010101011000000010100110001000100101110101000001011100001011100100010000
1111110010110001011101011000011000010000000010101011001000100101110110100111001000001101010001111000
1011101000111000010011111000000000011110100011101001100001100111011101110011011000100001100001011010
1011100001010010011010110000101011010000000001000110110110101111110010001000111000001001110001111100
1001101001001110010000010000000001011100101001100001010000000011000100100101111000001001000001010110
1100100000000001111101111101001100001000101010100010001000100111111100000100100101000001000000000101
1110000010101010110111010010011111000000001000100101011000011001101111111100110001000010001000011000
1010000000101101100100101001011011001100000010000110110100000111101010101100111000000101110000010000
1010001000001110000010100000111010011000010000000110110100011011000100001100100101101101010001010100
1000001000001110110111000110000001011000001000101000101011110100010000100001111101001001010001000000
1011101001111001011100100000111011001100100010100010000100101101010000010101010110001011010001001100
1111100001110100111001010010100000000010100010100010001000101001110010000000101100110010110100010000
1010000001110110111111110000000010001100000100100111011000100101010100010110111100001010100010101000
1001000010011110011010000000111100001000101010000010010110100101100011000100110010001101011000010110
0010011000110101110101110110100101011100001001100000000100101111011000001101111100100011010000001000
1100010011111011011000110110010000011000100010100111000010110101011101000001110101100010101001100001
1011111011101000001100000011011101011000111000010010000100100100011000000101111001000001011101011000
1000100001011010100000110110111001000010010011101010000000011011000100100101111101000001110001010000
1000000110111101011100110010011001001000101100000100000001010011101101111101011100110011001001010100
1010100110111001110100000000010101011100000010010110010000101011110011101000111100000001000010010000
1001100001100100101101010010000000011110110001001011111000100111110101010100111101000100110001011100
1000001010110100111011010010111101001100100010110011100010001101010111000101011101000101010010001000
1101000011100110101100110010101111011100001001001100000010101111010110101100111000101001001001010000
1101011010111000100011110010000101011100111010000010101100100101101100000000111100000101100010110000
1101001001100010010111000110010101001100010110100011101110000100000001001011100100101001000001010110
1010000011111100110000001010010101001100111010100100110101000111100001001110101111001001001000011010
1110100000110110010010111010000011001100000010100111110001101101110010001001101111001001011010000010
1100000010111110011010010010101000001100101110101111000010110101010100010010101100001101000000010100
