0100100000100011010000001101000110100100100011100000010101101101110001000001000000000001001001110001
0110101001111001111000111101000111000000001011100100101110100000010110010000011001000100001000101010
1000101000000100000100111000110000000100000101000110001110100110001110001000101001100010110100110011
1100000001001000010000111000000010110101101011111100010110101110101001010001011000000010001000101001
0010000000011000010100111100010110100100010001000111110110001000001000011000011000101001101001101110
1000010010011010010111001100110000110100001011101111100101100110111000010101011001100010110001110110
1110100010010010011110111101100010110000000001110110011000101010100100000001000000100110101000110001
1000100101010010001100011010100110010000100101100101101110110010000110011001011000000001100101110100
1110000000100001000011110100101001000001010000101010001110011110000110011101000000001011001100000101
1010001010010011001110110011000101000000010100101010000111111111011101010001010000000011001001100100
1110101001111010010110110110101101001000000011001110010111010111001000000000001010000000010001111010
1110001010011000010110110010000001000000100011001101000110100011010100101000100001001001001000101100
0111001001001100001110100000110001010011010010001111000110101010000010101100001001000010111100100111
1000011011101010001110100110110000000010000101100100110110101011010010110101011001001011100011001001
1100001010011000010100111100100010010100111001000101100111100110101101100001100000010001001100111101
0011001111111010011100010100100110001110001001000000010110111111000100001101000101001000100001000100
1100001000111100110000111111100110010000000000101010110110110100110010000011001011000001011001111101
1010000100111001100001001001010000110110101000101110010100011010110010011000001001101001100000111111
0100101010010001110110001101000111010100000101101101011100010010101000111010011000000111111100111011
0100101000001011101101100101011011000001000001110111000110100010101010000101011000010101000100111001
1110100000111010111000111101000100001011101011000011101001000010111110010101001000001001000000110010
1000110011010000100010011110100001000100010001100010100100101010000010100000001100100111101010101100
1011001010011111100011110001010000111000101000100010010100101110010100100100010001001101100111101001
1110101011000100000100101111100001010110010101001110110110110010000111100101001001110001100100101100
1110001110010011010101110110100000001000100011000011000000110010101100000001111011001010010101001111
1110101000011111011010110101110110110110001101101100011101101010100110000101001000001011010100001111
1010110011101000010100100010110010001001000001001111100101011101010101110101000110001000101101101101
0111000001001101010000000111111001010011000011001010100001111010100100001000011010101001100100111111
1000100110101011010110111010010010110010101101100111010100101010000110000000001011000111100101100101
1001000011011000110010011100110011001101000010100110000111111110100010011100001110101001100000101010
