0001001001110001100001101110111100000100110011100001011001001111100101100001011001101001100011010000
0001001010100001101010000000101000001100101110100010111011000001001101101000000100101001010011110001
0010000001011000000010000100101100001100010100011010011000001000001110010010010101000111110100110010
1101001001010011111010001001011010001100011110100010100001001110100011000101000100010000000001011001
0101001001001000000010100110010000011110010111000001000100101100111111000101010001010001010101000100
0010000000101011111010101101001000001000110000100110101100010111110010000010011101001001000110000010
1000110001000001000001100100011001010010001111100101101101000010011001110000010101001011110010100011
0010010001011010111010110101111010001000011010001100101011001111010001000100011100100000101111000001
0010000001001110101010010010011011000110000011001010000001000101011111000000000101001000100010011010
0111001000001001000001100110111110001000111011100010101110110111010011000001011001001101000111111010
1001001000010110010010010001100011001000001011000100001111000000111101000001011100101011110111001011
0000001001110010000111101111000111001100111011001100101100000000111111100100010100010011000000011100
0010110010110011011011010001111001001100100111001101110101000000011101010001000010000001110110010010
1000000100101001101110100010001101011000100010010101010000100001010111000000000101000001010001111011
0001001000010000110110101111101010001100011111110111010111000001100000000000010101000101000000110011
0010001000011000100110100010110010001000100111011101001100001101000101001010010001000101111011100010
0000001001011111101010100100011001000110000111001111100000000101101000000001110001000110100001000111
1010110001001110111011001101010000001000010010010011101101000011001011000001011110001011000010010000
0001001001010001000010101010111111000010010101000101010001010110111000011100110000101001010110100011
0001101010100011100010100110101001001100111110001001110010000001100100100100000101000101000111101000
0001010001011001010111100001100101010110000001010011000011000111010000010110010101010001001001000011
1011001001011011100010010100011000000110100010010100001010011110001101001010010000001011110000010011
1010000010011101110011100100101001000110011011100101010001100001001110100000110001110001001010010001
0010110001010000010111110111010011001100010111011110000000000001000110000101010100000001010011110110
1001001010011100100010011111011011001000100110100010001010100101110101100100100000000010100011000011
0010001010101001100100101011000001101000111000100010101100000001111101100100110101000101110110110001
1011001001100111101101110011101011010010101011000001011011110011000100100101110001101011110000110000
0101110011010001010010111000111111001000000111000111111110000100101100111100100000001001001110111011
1010001101011111111000100101101111001000101011000000011010010000010111010101110100000101100011001001
1011010011011111010010000001101001001000001010000001111110000101001001110110100000010101110101000011
