0010001010000010001100011010100110100000001101000001010010000100100001010100010000000000001000011000
1001010001000111001100001101000011000100010101100011111100001000000101000101000000100001000101011000
1001000000010011011001001001100111011010010000100001100000101000000100000000011000000010010001011011
1011001001100001001000000100100001010000010100011001100101001101101100000101000101100001101001000100
1101000011000101000100000110101000000000111111000011000010000101100001111011011000000000110101111000
1010000000100110001110000011000110011000000010100000010101000110101101110001000010100100101000111100
1011000000010011001001101101101000010010010100001010010010011010110101011100010010000010010001110111
1000001010101110000001011001100111000100110101000101000101001010100111001000110000001000011000011000
1100000010000111001100111000000000111000100010100011100010011000001100010101011110100000001001010000
1101100000010001101101011111100101100000110101100101000110010010100101100100000001000001010100010011
1000000010011110011011111101100111001100011111000001000010001001110001010100010011001010000001010101
1000000001100110010011001001001101001000010000000000000101001100011101100000110101101000110000111100
1110000011010001101010111110010110010000010101010010000110100000100100011100001101000101000001101010
0100000011000111001100100011110011000000010011000000101001100101100101111110111000000011000000010100
1000000100010001001000110000100001101100000110101110000100001000011001000101101010101001000001011010
1010001001000110111011001000100111001100000010101000001010011110001000000100010100000101000001010011
1010001011010010100100111001101111001100010011000001001111100000001101010010011011101010010001010010
1011100011101001001011011111100000000000101110100000110001000111000000001101101010100111100000110101
1000001001011001111101101010010101101000011100100000000110101011001110101101001000001001011101010110
0011111001000110001101001010011110101010111111000000100011100111100011100101010010010000100001110000
1001100010001111101111010100000001001010010010100011000000101011001100100100011110101000010000001001
1011000010010011001100000011110100011000010110001000000110100001111100010101110000001001100001111111
1100011001000000100001111100001110010010110010000001000111001110000100011001010100100011010101011011
1100000011001000100011101101000101001100011111000001010010101100010101010100010111100001010101100011
1100000010011011001111100111000111001100110110100001010000101111100000000000111100100010101001000000
1000011011000111000010010010000001001000001001000011110110111110011111001101010011110010000101011111
0000000010110011011100111100101001101100001110000011101110011101011110000100110000010011000100110010
1011001011001001011000111110000001101000100100100101011110110110000011001100111001000101010001010100
1011000011100100101100011111110100001000000010000000011110100110000011010110110010100011010000111100
1010001000100100101000001000101011001100101010100010011111001010111011000101111110100011000010110101
