443.0 -490.0
450.0 -297.0
452.0 -293.0
454.0 -269.0
455.0 -358.0
456.0 -349.0
457.0 -302.0
458.0 -407.0
461.0 -319.0
466.0 -323.0
468.0 -382.0
471.0 -306.0
472.0 -241.0
475.0 -496.0
476.0 -391.0
477.0 -328.0
480.0 -430.0
482.0 -420.0
488.0 -326.0
494.0 -450.0
496.0 -454.0
500.0 -341.0
501.0 -440.0
503.0 -505.0
504.0 -469.0
506.0 -371.0
508.0 -393.0
509.0 -483.0
512.0 -408.0
514.0 -337.0
514.0 -395.0
516.0 -401.0
523.0 -489.0
524.0 -400.0
525.0 -432.0
525.0 -667.0
528.0 -538.0
531.0 -510.0
532.0 -339.0
533.0 -438.0
538.0 -448.0
539.0 -448.0
539.0 -416.0
541.0 -204.0
541.0 -431.0
545.0 -449.0
547.0 -486.0
549.0 -426.0
551.0 -637.0
552.0 -390.0
553.0 -472.0
553.0 -457.0
556.0 -578.0
559.0 -297.0
559.0 -365.0
561.0 -428.0
562.0 -535.0
564.0 -332.0
567.0 -384.0
569.0 -433.0
573.0 -361.0
573.0 -381.0
573.0 -622.0
574.0 -349.0
580.0 -475.0
580.0 -429.0
581.0 -433.0
584.0 -373.0
585.0 -493.0
585.0 -395.0
586.0 -396.0
586.0 -482.0
587.0 -708.0
588.0 -462.0
588.0 -427.0
589.0 -349.0
589.0 -291.0
590.0 -313.0
590.0 -469.0
592.0 -547.0
594.0 -485.0
598.0 -427.0
599.0 -416.0
601.0 -324.0
603.0 -474.0
604.0 -393.0
609.0 -499.0
610.0 -490.0
611.0 -326.0
611.0 -340.0
616.0 -359.0
617.0 -396.0
619.0 -1029.0
623.0 -454.0
627.0 -493.0
631.0 -995.0
637.0 -558.0
641.0 -1012.0
650.0 -458.0
651.0 -613.0
652.0 -1077.0
657.0 -957.0
662.0 -1105.0
663.0 -918.0
670.0 -1223.0
672.0 -494.0
672.0 -997.0
673.0 -923.0
674.0 -1052.0
675.0 -459.0
679.0 -1122.0
685.0 -949.0
686.0 -1012.0
694.0 -1111.0
695.0 -540.0
696.0 -918.0
697.0 -1179.0
698.0 -1154.0
703.0 -1100.0
704.0 -1076.0
705.0 -1115.0
708.0 -927.0
710.0 -1178.0
711.0 -928.0
712.0 -1018.0
715.0 -1095.0
720.0 -999.0
720.0 -1014.0
722.0 -1055.0
722.0 -1175.0
723.0 -1259.0
724.0 -901.0
730.0 -1194.0
731.0 -1068.0
733.0 -903.0
734.0 -950.0
735.0 -928.0
735.0 -1159.0
736.0 -1049.0
737.0 -1077.0
739.0 -1029.0
741.0 -1124.0
742.0 -1134.0
747.0 -1224.0
749.0 -1032.0
749.0 -1222.0
750.0 -969.0
751.0 -1222.0
752.0 -1055.0
754.0 -861.0
756.0 -1115.0
756.0 -1141.0
758.0 -1137.0
758.0 -1033.0
759.0 -1033.0
760.0 -1187.0
761.0 -1057.0
764.0 -1015.0
765.0 -1313.0
766.0 -1083.0
766.0 -1119.0
770.0 -1109.0
770.0 -1293.0
774.0 -1120.0
775.0 -1182.0
778.0 -1025.0
782.0 -1051.0
782.0 -1017.0
783.0 -1113.0
788.0 -1012.0
789.0 -1236.0
793.0 -1072.0
794.0 -984.0
794.0 -1038.0
795.0 -1174.0
795.0 -1264.0
796.0 -1251.0
796.0 -1115.0
797.0 -1234.0
799.0 -1153.0
801.0 -1180.0
804.0 -1339.0
805.0 -1099.0
806.0 -1248.0
807.0 -929.0
815.0 -1126.0
816.0 -1174.0
816.0 -1177.0
819.0 -1114.0
820.0 -1342.0
822.0 -1286.0
823.0 -1072.0
826.0 -1177.0
828.0 -1041.0
830.0 -1180.0
835.0 -1200.0
837.0 -1134.0
839.0 -1247.0
839.0 -1170.0
840.0 -1178.0
846.0 -1136.0
846.0 -1114.0
848.0 -1161.0
848.0 -1212.0
851.0 -1019.0
858.0 -1157.0
859.0 -1236.0
859.0 -1190.0
862.0 -1194.0
863.0 -1173.0
864.0 -1250.0
868.0 -1261.0
869.0 -1245.0
869.0 -1307.0
869.0 -1194.0
870.0 -1181.0
881.0 -1363.0
881.0 -1151.0
881.0 -1332.0
883.0 -1243.0
888.0 -1151.0
889.0 -1131.0
893.0 -1282.0
894.0 -1155.0
894.0 -1430.0
895.0 -1280.0
897.0 -1202.0
900.0 -1268.0
900.0 -1260.0
901.0 -1199.0
902.0 -1238.0
902.0 -1175.0
902.0 -1357.0
904.0 -1255.0
906.0 -1241.0
909.0 -1331.0
911.0 -1233.0
911.0 -1331.0
915.0 -1415.0
917.0 -1244.0
918.0 -1303.0
918.0 -1319.0
923.0 -1341.0
923.0 -1154.0
924.0 -1313.0
924.0 -1190.0
924.0 -1298.0
926.0 -1257.0
927.0 -1290.0
927.0 -1425.0
929.0 -1186.0
932.0 -1238.0
935.0 -1114.0
939.0 -1229.0
940.0 -1338.0
940.0 -1296.0
943.0 -1283.0
943.0 -1386.0
944.0 -1580.0
946.0 -1252.0
947.0 -1354.0
948.0 -1296.0
950.0 -1177.0
951.0 -1272.0
951.0 -1209.0
957.0 -1170.0
959.0 -1494.0
961.0 -1232.0
961.0 -1445.0
961.0 -1289.0
963.0 -1148.0
966.0 -1100.0
967.0 -1339.0
968.0 -1376.0
973.0 -1274.0
975.0 -1311.0
977.0 -1300.0
978.0 -1146.0
980.0 -1253.0
985.0 -1134.0
993.0 -1238.0
996.0 -1286.0
996.0 -1411.0
998.0 -1259.0
998.0 -1235.0
1003.0 -1274.0
1006.0 -1438.0
1017.0 -1503.0
1018.0 -983.0
1018.0 -1272.0
1019.0 -1189.0
1020.0 -1319.0
1026.0 -1229.0
1030.0 -1382.0
1047.0 -1286.0
1049.0 -1402.0
1065.0 -1395.0
1068.0 -1362.0
1083.0 -1457.0
1113.0 -1215.0
1831.0 -2320.0
1927.0 -2563.0
1932.0 -2323.0
1965.0 -2171.0
1969.0 -2425.0
1972.0 -2510.0
1981.0 -2357.0
1983.0 -2324.0
2006.0 -2204.0
2006.0 -2268.0
2012.0 -2186.0
2012.0 -2529.0
2014.0 -2497.0
2017.0 -2567.0
2023.0 -2555.0
2024.0 -2617.0
2029.0 -2617.0
2029.0 -2197.0
2030.0 -2475.0
2030.0 -2392.0
2034.0 -2397.0
2046.0 -2495.0
2047.0 -2045.0
2048.0 -2289.0
2049.0 -2399.0
2051.0 -2591.0
2056.0 -2478.0
2058.0 -2228.0
2063.0 -2438.0
2065.0 -2390.0
2065.0 -2450.0
2071.0 -2601.0
2073.0 -2260.0
2074.0 -2466.0
2075.0 -2599.0
2076.0 -2312.0
2077.0 -2571.0
2081.0 -2390.0
2081.0 -2538.0
2082.0 -2585.0
2083.0 -2509.0
2083.0 -2627.0
2084.0 -2410.0
2086.0 -2666.0
2086.0 -2408.0
2087.0 -2627.0
2089.0 -2560.0
2090.0 -2563.0
2091.0 -2583.0
2092.0 -2439.0
2092.0 -2244.0
2093.0 -2666.0
2093.0 -2377.0
2094.0 -2514.0
2096.0 -2470.0
2096.0 -2485.0
2097.0 -2622.0
2098.0 -2724.0
2102.0 -2340.0
2102.0 -2532.0
2105.0 -2707.0
2105.0 -2614.0
2107.0 -2502.0
2108.0 -2231.0
2108.0 -2561.0
2111.0 -2457.0
2113.0 -2644.0
2114.0 -2741.0
2114.0 -2594.0
2115.0 -2436.0
2115.0 -2613.0
2116.0 -2477.0
2117.0 -2493.0
2117.0 -2356.0
2120.0 -2384.0
2122.0 -2240.0
2123.0 -2716.0
2124.0 -2386.0
2124.0 -2424.0
2126.0 -2599.0
2126.0 -2484.0
2128.0 -2296.0
2129.0 -2666.0
2130.0 -2480.0
2131.0 -2583.0
2131.0 -2571.0
2133.0 -2444.0
2134.0 -2310.0
2134.0 -2574.0
2135.0 -2628.0
2137.0 -2624.0
2140.0 -2650.0
2140.0 -2522.0
2142.0 -2426.0
2142.0 -2645.0
2143.0 -2773.0
2144.0 -2821.0
2145.0 -2161.0
2147.0 -2499.0
2149.0 -2390.0
2149.0 -2584.0
2151.0 -2370.0
2151.0 -2548.0
2155.0 -2439.0
2156.0 -2788.0
2157.0 -2550.0
2158.0 -2630.0
2158.0 -2822.0
2160.0 -2149.0
2160.0 -2632.0
2162.0 -2572.0
2163.0 -2303.0
2164.0 -2455.0
2166.0 -2654.0
2167.0 -2520.0
2170.0 -2497.0
2171.0 -2366.0
2173.0 -2588.0
2175.0 -2889.0
2176.0 -2781.0
2178.0 -2576.0
2185.0 -2563.0
2187.0 -2584.0
2189.0 -2520.0
2191.0 -2471.0
2192.0 -2615.0
2192.0 -2779.0
2195.0 -2496.0
2195.0 -2731.0
2197.0 -2275.0
2199.0 -2388.0
2199.0 -2720.0
2200.0 -2742.0
2204.0 -2603.0
2205.0 -2500.0
2205.0 -2525.0
2206.0 -2424.0
2207.0 -2399.0
2207.0 -2724.0
2208.0 -2571.0
2208.0 -2441.0
2210.0 -2234.0
2210.0 -2373.0
2210.0 -2356.0
2213.0 -2322.0
2214.0 -2743.0
2216.0 -2535.0
2216.0 -2561.0
2221.0 -2629.0
2226.0 -2604.0
2227.0 -2793.0
2229.0 -2703.0
2230.0 -2625.0
2230.0 -2407.0
2230.0 -2601.0
2232.0 -2623.0
2233.0 -2514.0
2233.0 -2830.0
2234.0 -2522.0
2234.0 -2597.0
2237.0 -2762.0
2237.0 -2672.0
2238.0 -2642.0
2239.0 -2295.0
2247.0 -2717.0
2247.0 -2942.0
2249.0 -2774.0
2253.0 -2612.0
2253.0 -2951.0
2254.0 -2703.0
2254.0 -2612.0
2256.0 -2556.0
2257.0 -2566.0
2261.0 -2516.0
2262.0 -2673.0
2266.0 -2571.0
2268.0 -2708.0
2272.0 -2600.0
2275.0 -2816.0
2277.0 -2616.0
2282.0 -2574.0
2284.0 -2511.0
2285.0 -2577.0
2288.0 -2539.0
2292.0 -2843.0
2295.0 -2440.0
2296.0 -2617.0
2302.0 -2722.0
2303.0 -2969.0
2310.0 -2664.0
2312.0 -2535.0
2313.0 -2701.0
2315.0 -2543.0
2341.0 -2792.0
2342.0 -2532.0
2344.0 -2491.0
2351.0 -2937.0
2381.0 -2930.0
2385.0 -2583.0
2390.0 -2805.0
2399.0 -2809.0
2405.0 -2604.0
2406.0 -2849.0
2421.0 -2747.0
2430.0 -2656.0
2431.0 -2887.0
2442.0 -2683.0
2445.0 -2855.0
2447.0 -2962.0
2453.0 -2765.0
2453.0 -2982.0
2456.0 -2686.0
2462.0 -2913.0
2463.0 -2703.0
2474.0 -2651.0
2474.0 -2855.0
2480.0 -2639.0
2487.0 -2931.0
2488.0 -2694.0
2501.0 -3129.0
2504.0 -2791.0
2506.0 -2850.0
2510.0 -2708.0
2511.0 -3033.0
2514.0 -2904.0
2515.0 -2941.0
2516.0 -2837.0
2518.0 -2753.0
2520.0 -3051.0
2520.0 -3041.0
2521.0 -2676.0
2523.0 -2865.0
2527.0 -2960.0
2528.0 -2799.0
2535.0 -3080.0
2535.0 -2855.0
2535.0 -2769.0
2536.0 -2802.0
2540.0 -2737.0
2540.0 -2641.0
2544.0 -2813.0
2545.0 -2858.0
2548.0 -2640.0
2549.0 -3072.0
2553.0 -2655.0
2558.0 -2932.0
2559.0 -2771.0
2563.0 -2932.0
2573.0 -2727.0
2578.0 -2781.0
2582.0 -3087.0
2589.0 -2868.0
2589.0 -3057.0
2591.0 -3157.0
2596.0 -2904.0
2596.0 -3040.0
2599.0 -2817.0
2602.0 -2998.0
2605.0 -3022.0
2605.0 -2984.0
2607.0 -2988.0
2608.0 -2691.0
2608.0 -2938.0
2613.0 -2919.0
2620.0 -2967.0
2621.0 -3168.0
2626.0 -2695.0
2636.0 -2999.0
2636.0 -3061.0
2638.0 -2722.0
2639.0 -2855.0
2642.0 -2923.0
2643.0 -2872.0
2644.0 -2698.0
2646.0 -2794.0
2650.0 -3047.0
2651.0 -2822.0
2653.0 -2986.0
2659.0 -3030.0
2666.0 -2743.0
2671.0 -2878.0
2671.0 -2768.0
2675.0 -2988.0
2678.0 -2896.0
2678.0 -2927.0
2682.0 -2823.0
2682.0 -2918.0
2684.0 -2902.0
2688.0 -3071.0
2689.0 -3188.0
2691.0 -2963.0
2693.0 -2832.0
2695.0 -2937.0
2700.0 -2967.0
2711.0 -2889.0
2715.0 -2880.0
2717.0 -3128.0
2720.0 -3062.0
2721.0 -2984.0
2729.0 -2930.0
2732.0 -2973.0
2734.0 -2795.0
2745.0 -2876.0
2762.0 -2871.0
2763.0 -2740.0
2763.0 -3040.0
2767.0 -2740.0
2769.0 -2991.0
2775.0 -2764.0
2776.0 -3243.0
2777.0 -2824.0
2779.0 -2930.0
2781.0 -3087.0
2786.0 -2842.0
2786.0 -2970.0
2794.0 -2921.0
2801.0 -3165.0
2802.0 -3090.0
2802.0 -3081.0
2802.0 -3195.0
2802.0 -3119.0
2803.0 -2916.0
2803.0 -2908.0
2810.0 -3002.0
2813.0 -3104.0
2814.0 -3008.0
2815.0 -3073.0
2816.0 -2896.0
2818.0 -2877.0
2823.0 -2987.0
2824.0 -2736.0
2825.0 -3145.0
2827.0 -2994.0
2827.0 -3118.0
2827.0 -3093.0
2828.0 -2685.0
2831.0 -2900.0
2831.0 -3077.0
2832.0 -3023.0
2839.0 -3166.0
2841.0 -2701.0
2843.0 -3137.0
2844.0 -3029.0
2847.0 -2849.0
2848.0 -2960.0
2848.0 -3013.0
2849.0 -3115.0
2850.0 -2929.0
2851.0 -3065.0
2852.0 -2847.0
2853.0 -2821.0
2854.0 -2919.0
2854.0 -2861.0
2855.0 -3126.0
2855.0 -3025.0
2858.0 -2967.0
2858.0 -3019.0
2859.0 -2816.0
2860.0 -2838.0
2860.0 -3098.0
2860.0 -2909.0
2861.0 -3182.0
2862.0 -2827.0
2864.0 -3165.0
2864.0 -2769.0
2868.0 -2977.0
2868.0 -3058.0
2868.0 -3029.0
2868.0 -3057.0
2868.0 -3116.0
2869.0 -3140.0
2870.0 -2906.0
2872.0 -2889.0
2873.0 -3044.0
2873.0 -3143.0
2874.0 -2923.0
2875.0 -3003.0
2877.0 -2906.0
2877.0 -3265.0
2878.0 -2829.0
2878.0 -3094.0
2882.0 -2993.0
2882.0 -3059.0
2882.0 -3086.0
2883.0 -3017.0
2884.0 -3093.0
2884.0 -2949.0
2884.0 -3199.0
2884.0 -3120.0
2884.0 -3213.0
2886.0 -2841.0
2888.0 -3240.0
2889.0 -2708.0
2890.0 -2673.0
2890.0 -3253.0
2891.0 -3029.0
2891.0 -3020.0
2892.0 -3025.0
2895.0 -3085.0
2895.0 -2893.0
2896.0 -3045.0
2897.0 -2897.0
2898.0 -3059.0
2898.0 -3071.0
2898.0 -2937.0
2899.0 -2791.0
2900.0 -3008.0
2900.0 -2983.0
2901.0 -3056.0
2901.0 -3153.0
2902.0 -3007.0
2904.0 -2972.0
2904.0 -2963.0
2905.0 -2893.0
2906.0 -3028.0
2907.0 -2912.0
2908.0 -2854.0
2908.0 -3100.0
2908.0 -3235.0
2908.0 -3065.0
2910.0 -3045.0
2910.0 -3270.0
2910.0 -2973.0
2911.0 -3060.0
2911.0 -2736.0
2913.0 -3214.0
2915.0 -2870.0
2915.0 -3241.0
2915.0 -3096.0
2916.0 -3101.0
2918.0 -3172.0
2919.0 -2677.0
2919.0 -2981.0
2920.0 -3129.0
2922.0 -3165.0
2923.0 -3096.0
2923.0 -2798.0
2923.0 -3274.0
2923.0 -2969.0
2924.0 -2996.0
2924.0 -2875.0
2927.0 -2874.0
2927.0 -3430.0
2930.0 -2822.0
2932.0 -2875.0
2935.0 -2966.0
2937.0 -3110.0
2937.0 -3046.0
2938.0 -3212.0
2938.0 -3074.0
2939.0 -2887.0
2939.0 -2868.0
2940.0 -2906.0
2940.0 -2941.0
2941.0 -2840.0
2941.0 -2879.0
2941.0 -3064.0
2942.0 -2972.0
2943.0 -3104.0
2944.0 -3098.0
2944.0 -3193.0
2944.0 -3301.0
2945.0 -2879.0
2946.0 -3077.0
2946.0 -3040.0
2947.0 -2948.0
2947.0 -3040.0
2947.0 -3045.0
2950.0 -3126.0
2953.0 -3022.0
2953.0 -2842.0
2953.0 -3359.0
2955.0 -3087.0
2955.0 -3198.0
2957.0 -3041.0
2960.0 -2815.0
2961.0 -2908.0
2961.0 -2914.0
2962.0 -2805.0
2962.0 -2933.0
2966.0 -2915.0
2966.0 -3079.0
2967.0 -2813.0
2967.0 -3149.0
2968.0 -3177.0
2971.0 -2968.0
2972.0 -3289.0
2973.0 -2957.0
2974.0 -3000.0
2974.0 -2890.0
2974.0 -3038.0
2975.0 -3050.0
2976.0 -2780.0
2977.0 -2843.0
2977.0 -2859.0
2978.0 -2933.0
2979.0 -3012.0
2980.0 -2892.0
2982.0 -3026.0
2983.0 -3110.0
2984.0 -3074.0
2985.0 -3012.0
2985.0 -3191.0
2987.0 -3130.0
2988.0 -2621.0
2988.0 -2945.0
2990.0 -2953.0
2990.0 -3112.0
2992.0 -3007.0
2993.0 -3228.0
2997.0 -3093.0
2998.0 -3259.0
2998.0 -3196.0
2999.0 -2962.0
3002.0 -3069.0
3003.0 -3064.0
3004.0 -3058.0
3004.0 -2919.0
3006.0 -3030.0
3006.0 -3194.0
3006.0 -2993.0
3006.0 -2842.0
3007.0 -3108.0
3007.0 -2918.0
3008.0 -2983.0
3009.0 -2906.0
3009.0 -3195.0
3009.0 -3043.0
3009.0 -3137.0
3011.0 -3018.0
3013.0 -2794.0
3013.0 -2897.0
3014.0 -2814.0
3014.0 -3003.0
3014.0 -2937.0
3014.0 -3129.0
3016.0 -3041.0
3017.0 -3159.0
3017.0 -3057.0
3019.0 -3124.0
3022.0 -3140.0
3024.0 -3121.0
3025.0 -3132.0
3026.0 -2932.0
3026.0 -2936.0
3027.0 -3118.0
3028.0 -2979.0
3034.0 -2957.0
3035.0 -2996.0
3035.0 -3007.0
3039.0 -3148.0
3040.0 -3182.0
3041.0 -3049.0
3042.0 -3047.0
3042.0 -3024.0
3043.0 -3078.0
3045.0 -3083.0
3046.0 -2999.0
3046.0 -3079.0
3048.0 -2862.0
3051.0 -3137.0
3051.0 -3059.0
3052.0 -2988.0
3052.0 -3113.0
3052.0 -2789.0
3052.0 -3077.0
3052.0 -3106.0
3053.0 -3114.0
3053.0 -2758.0
3054.0 -2992.0
3054.0 -3163.0
3055.0 -3063.0
3058.0 -3075.0
3058.0 -2907.0
3058.0 -2922.0
3059.0 -2912.0
3060.0 -3027.0
3061.0 -3102.0
3065.0 -2827.0
3066.0 -3041.0
3067.0 -2691.0
3067.0 -3097.0
3069.0 -2981.0
3070.0 -3022.0
3070.0 -3092.0
3071.0 -3079.0
3071.0 -3029.0
3072.0 -2917.0
3073.0 -2966.0
3073.0 -3088.0
3073.0 -3201.0
3077.0 -2934.0
3077.0 -2921.0
3077.0 -3105.0
3078.0 -3289.0
3080.0 -3065.0
3080.0 -2857.0
3084.0 -3264.0
3086.0 -2933.0
3087.0 -3129.0
3088.0 -2974.0
3088.0 -2832.0
3091.0 -3026.0
3091.0 -2964.0
3093.0 -3010.0
3094.0 -2890.0
3098.0 -2955.0
3099.0 -3010.0
3099.0 -2962.0
3099.0 -3286.0
3099.0 -3414.0
3100.0 -3007.0
3100.0 -2952.0
3101.0 -3009.0
3102.0 -3161.0
3104.0 -2990.0
3105.0 -3061.0
3108.0 -3098.0
3110.0 -3213.0
3110.0 -2978.0
3111.0 -3109.0
3112.0 -3062.0
3115.0 -2943.0
3117.0 -2860.0
3118.0 -3087.0
3119.0 -3257.0
3120.0 -2992.0
3123.0 -2832.0
3124.0 -2955.0
3128.0 -2950.0
3128.0 -3170.0
3129.0 -3047.0
3130.0 -3212.0
3131.0 -3135.0
3134.0 -2950.0
3135.0 -3058.0
3138.0 -2974.0
3142.0 -2909.0
3143.0 -3066.0
3144.0 -3168.0
3147.0 -3322.0
3148.0 -2935.0
3151.0 -3005.0
3152.0 -2961.0
3153.0 -2964.0
3154.0 -3019.0
3159.0 -3015.0
3167.0 -3115.0
3172.0 -2859.0
3172.0 -2994.0
3172.0 -3245.0
3177.0 -3183.0
3177.0 -3030.0
3179.0 -3145.0
3181.0 -3031.0
3181.0 -3089.0
3183.0 -3083.0
3185.0 -3193.0
3185.0 -3205.0
3187.0 -2990.0
3190.0 -3015.0
3193.0 -3063.0
3194.0 -2869.0
3194.0 -3293.0
3195.0 -3021.0
3195.0 -2996.0
3196.0 -2954.0
3197.0 -2888.0
3198.0 -2953.0
3199.0 -3072.0
3200.0 -3079.0
3202.0 -3206.0
3203.0 -3076.0
3204.0 -3314.0
3206.0 -3087.0
3206.0 -3228.0
3211.0 -3051.0
3220.0 -3151.0
3223.0 -3116.0
3224.0 -2717.0
3225.0 -2944.0
3225.0 -3185.0
3231.0 -3332.0
3239.0 -3238.0
3240.0 -2967.0
3242.0 -3164.0
3243.0 -3242.0
3244.0 -3136.0
3247.0 -3230.0
3251.0 -3125.0
3257.0 -2976.0
3265.0 -3163.0
3269.0 -2977.0
3269.0 -3140.0
3282.0 -2919.0
3288.0 -3020.0
3292.0 -2822.0
3293.0 -3123.0
3300.0 -3202.0
3316.0 -3170.0
