00010000001000101010001010101100000100110000100001
00000000110110110001111000010000011000000000100101
00100011001110000101001110010101010011000000010000
00100010101001100010001000111010111100100010011001
00000000110110110001111000011001010101010000010001
00100100001101100000010000100100101000110010101100
01110000001001000110100010101001001100010000000010
00010001100101000110100010101001001100010000000010
00101001001010111001000110010001010001100000000010
00100010010111010000100101110010000101000010010110
00010000001000100110101100011011000000101010100001
10110000001001101000100100101100010010010010101011
00100100001101100000010000100100110101001000001011
00100011000100110101010000100101100111000000100110
00100001001100110010010001110101110011110000011000
10000111001100011010010110011001000100010000000011
01000110000001001101101100111101000100010000000010
10010000000100111011011000100010010000100101000010
10101001010011000010011110010000110000000001000000
01000000110001000010011110011010100101010000101011
10110000110000011100010000010000000100100000100001
00101000001000101010110001110101110011110000011000
01001011000110010001000111111000011010010000000010
00000110000001001101001100000100110100010101110000
01110010100001000001010001110001010000000111100010
01001010001001010100100000101000110011000000011001
00001110001001000000110000100011111011001000000010
00001110001000101110011100110010101100010000000010
00001001010101010000100101110010000101000010010110
11100010000101111100010000010100011010010000000011
10110000110000010100010000001000010101010000100010
01001010001001010111101011111010000000000010010001
10100000101010000001011011010011111011001000000010
00010000001000111011011100010111100011100001010110
00110110000010001010000000101011011000010100111011
11100110001111000001010100000011000100010000110010
01000100111001000000010000000100010010010000001111
00101010100010110111001000111101000100010000100111
00000010111000100100010001111100110110000010101100
10100000101010000001011011010001111111110000101000
10100000101010000001011011010001111101000100110010
10101000101011000011110001100100001111000000100001
00100011000100110101100000010111110000110100111010
01100011010100101010011000101001001100100010101010
00000011100101000010011110011010001111101010100000
00010100101011100100000101100011110010000000110000
10101011100111010001110000010001011100000010100010
01110010001000101110011000110011010100110000100001
01001000001000100000011100000010111110010110001101
00011101000000110110011000001100001100010000000010
00000001010101110111001100001000000010101000001010
00111000101000000110101010110010111100010000011010
00110010111001010001001000101011110110001001100000
00001010101000101000110101100101010011110100010000
10010000000100111010010111101100100100000100101100
01000000110001101000100100001001000010101010111000
10010000101111100011001000110011001101110001000000
00001010101000101000101101101000110001000110100111
01100000001001000110100011110000010110110111000010
10010110000010001100100011010101100111000000000001
01100011001001000011000110111001110011000101101000
00100000011101010100001110101101001001100111110010
10010001011111001011101000010010000101010000000010
11100010011000101000010001110011101001010000011010
01100111011001100010100000101010110100010000000010
00101001001011110110110001101000000110100000001011
00001100010010000000110001010111111100000010110111
11000000001001101000100100011010011101110001110011
11100110001111000001000110010001010001100000100010
01101011101001100010001101011001001100100000000010
01110010111001010001001000111011011110000000101000
01101110100000100000110001001100011000100000101001
10100010010111001110011101100100111000010001000011
01010010011001110101001000010100000001110000100000
00111110001001000000101010000010010111100011010000
00111101000000010100011001111001101010000000010010
10110000000001001111011000010000011010010100000100
00110110000010001111011000100010010000100101000010
01101110100000100000110001001100010000100010011001
01001111001101001100000000110000111000000000100000
10100110000111010001111100010111110000100010100110
10101011101001001010011010011000010101010000100010
10010001100101000010011110011010100101010000100110
10100010011100101010101010000010010110110111000010
11100101001101000000010000000000111100010001011010
10100011000100110101010000100100110101001000001011
00101011001100001110110011111001000000000111110001
10101110000110001100000101100011101001000010100010
11101110000000100001101001100001110100000010100011
00100101010100010000101100000100110100010110011101
01101010100010110111001000111101000100010000000110
10001001010010010000011100000010111110010001100110
11100001111100101001110100111101000100010000000010
10001111001011011000001010101100000100110000100001
00110010011000111001101001100111001100110101001001
01000011110101100011100000010100000011100001001011
10101011000010000111100000110011000110000110110000
11101001000100101001100000010111010100010001111001
10101011101001001010010101100001010001110000100000
01000100100111111000111101100100000110100000010011
01100011001011111001001000110101101000110010101100
11000100100100100011011011010001010000110010001001
00000100100111111000110001101000100001011010000110
00101010001000100101000000110011100111011100110010
01000110000001001101111001101000000100100000010111
00100010011001100010011011011110101111000011111110
01000101000000110110110001101001011111000000100000
10100011000110000110100110110010011111010010000110
10100010010100100111110111111011111101000000000011
11100010000101101011100001010010110000111000100001
00111100101001101010000000111011111010000010110001
11100000001001000010110100000010110110101000100111
10111011000000100000011100001001010001001010001011
00101000110001101100000011000010101100110000100111
00100010010110000010011101110011111011100110001101
01100011000111011100010010010110011010001010001000
00100011100111110000010000111011000111100111011011
01100011110000001100011100010011110101010001000011
01001110110001000001001000010100000000100010010101
10000011001010011111010010010110011010001010001000
00100011001111000001110011111010111100111010110001
01000100100111111000111101100100000110100000011001
01000110111001010001001000101000001010000101110010
01100011101010001101001001110101100011010001100011
10100110011001010101001000010100000011100000011001
01100000100111101000011100001000110111010001111101
01110011000001010110000110101001001100100000100111
10101001000010100010010111101101110101110010001010
10101011000011010110111011111001010010000000110000
10101001000100101001110110010100110101001000001011
00010001100101000110111100010111100001110101000010
11000000001000111000110000010101010011110100010110
11100100000001000001011101110011110011000010100111
10110001101001110100011001000101110000100001001000
01110010101011001010101100110101010110010010111010
10011100100001101000100011010101100111000000000010
10000000000100101001100011110001011110111001101111
10000000101010101010110001011010111100111010110000
10110000110000011100010000100010101100110000100111
10010001100101000010011110011010101000010110001101
11100010000101111100010000010101010110000010011111
00111110001001000000101000110000111111100010011010
00001100011001100011111000000001010011100100010000
10001110000000111001010100000100110100001100100001
01100001111100000001011011010001111101100000110010
10001110010100101010000000100011111000100000001101
11110000000010110100111100110000110011010000101001
10101011111001100011011110101100001100010000000010
10000001010101110010010001101001010110101001001010
01010010011001110101001000100100101110000000101100
00100011001111100010010101100001001010101010111110
10101010100010110111001000100001010001110010101010
00001111000111000011011001111010111100010001011010
00111011000111011100011000100010001110000010101100
01000011111000100000111000001111000001001010001101
01100011000111011100011000000100100111010111001000
11110000000010111101101001110011101001010000100010
11000010011001101101001100001111011111000000100000
00100001000100101011001001111110011101110101110110
00100011001110100000101101101110011001001110100111
00001111111000010100010010001001100101010001000011
11100101001101000000010000000101011010010001011110
11111010101000101000010000111011011110000000101000
01000101000000110000010011010011001100111011000100
01010101010100100010010100001001000111010011001000
01100001101001101000000001010100010111100100111001
01100011110010111110011100010001001001000010100010
01110010100001000001010001111001011100011101000011
10101001000100101001110110010100110100101001010011
00000011100111101111111001111111110000000111000010
00100101010111000110100010101001001100100010101100
01010001100010110100010011111001010001110010000010
10110100101001111011101000010010011100110000100000
00000001101101110111010100101011001110101000011010
01000110000010001101111010101001000101001011001010
01100001111100101010100000010101010110000101000110
10101001101010100010010111000010101000000100001111
10110100101011001001000000101010110111100001001000
10110011001101100000010011010010111111100010110001
01000010111000101111111101010010110000000100100010
01000010111000010111100000100100101111010000010111
01110011110001011001001000110101101000010110000011
01001100100111100000010001101011101010010100110000
01100011110010010011110001100101001010000101110010
01100001001001110010100001100001000111101000101101
01100001101001000001010100000010111110001100100110
00011101000000110110011000001100001100010010101100
10101001001011010110110001101001001101110001000000
00100011000010101111010110000101000101101010101100
11000100001101100000100000101001001110001101001010
01100001111101100010101000101000000110001100100010
10010000101110100011111101000010000001101000000101
11100110101000000100101001111000100000010101001001
00101000100101101110010001101011110100101011001010
00111001110010110111100100010111101000000000101001
00010011010010100110101100011011000000101010100100
01001010001001010001000111111011101111001100100010
01100001111100101001110011110010000010010001011110
10010100101001011001000001010111011110000010110101
00011101001101000000000010010001000111010110101100
10011001110011100010000000110010101100010000000110
11000101010100100000001101111011101011000000011001
01100011000111011100001100000100110100101001101011
10101111000100001100111011101000000100100010001011
00010000001000101010000101100010101011111101010111
00001110000010001001101011110011010110101000101101
00111101101001000111101100010010101100010000000011
01011011101100100000110001101101011110000000111000
10000111010000100110100000011011000000110101010010
10110111000101100000001000011011011010100101010001
11000010000100101001110110010001010111100111011011
01010110101000000100101001110000001001100100000011
10110000011010110010010001000110111110010111110000
10110010100010000111000001100100001111100010010110
10100111110001101000100100101100010010100010011001
01000010000001001111011001000011000111001100111011
00110011100101110100101101110011001010010001011110
01110010101011100000001110101101001001100111110001
10110000000010111101101001110010100001110111010000
01100011001111100010010001111100110101110100101000
01110100000001000110010011010000000110001100100010
01000110000001001101100000010010111001011110000010
10010100001001110011110111110010000010010001011110
01001110100001101010110111000000010100010001111001
00101110101001000111110100000010101100110000100111
10100111010001110001000001101110110111010001100011
00111000001100110110110110010101101101110010100110
00001100111000100000111000001000110001111010110001
11101011101001001010010101100001000000100000100111
01001010001011110111000100010101010001010111001010
01111010101110000000100100011010011101110001110011
10101001000000010100011001111000010101000111101100
11101001000100101001100000010111111011100010000101
10111001101001111011101011111010000000000010011001
10001110110001000000100000000010000101110111010001
01000110110011111000110011110010011100110000100000
00011111000101101000100100101100010010000111000101
00100011101100101000101110111000111101111000001110
10000001101010010100100000111001111111100111100010
10010001100101101001110011111110110110000111000010
10101011000010000111100000111001000010101000010110
01001101000001100011100000101000000100111000000110
00101000110001101011100001010010110001100111011011
10010110000010001110110111000001011010100010101011
00001101001000100111011000000100110100101001010011
10010000101110100011110100010101010011110100000110
00111101101001010100100000101000110011000000011010
11101000011010101011001000111011000100110011011001
10110100101001111011001001111101010110000010011010
00110111100001010010011001001100001010000101110110
10110000111001111011001001111110110011000010110010
00011110101000101101000001010000100100010110101010
00001101000001001111010011111110110110000111000010
00001111001101100011001000110011001101110101010010
01101110011101000101000111101100000000000000101101
10100111101000110010001100001000000010101000101110
01000001110011111001110011110011111000100010011010
00100011100111100000110110000101110011011100001111
11101011000110010110000001000100011001000100100010
11100110001111000000011010010101011110010100000111
11110101000000100000001000011011111010100100001011
01110011101110101001010000010100010010011000111001
01100101011000110010010001110101110011110000011000
01100110001000100100101110110001000010111111000010
11101011010010101111000000101001101010010000000010
11100010000101111111010001111010101111010011001000
00000001101101110111010100101011001110101000101110
00000110111001010001001000101000000011111110101011
10001000111110011100010000011001010011100100010000
00001111011010111010101001100001011100010000100110
00111110001000011111010010010110011010001010001000
00111110001001111011010010000010000101101010100001
10101011110010101010000000101000100111110000000101
10101110101111101000010000100101000100100101010011
01011000100110110000101010111001011010001101100000
00001111101010010100101000110101101000110010101100
10100111100011110111000010110001010000000111100000
01101010001001010001000110011011111010101001011111
00000001010101110111001100100010010110111111000010
11101110000000100001101000000100110100101001010011
00100110110010101011111100101001000010101000010110
00001011101001100010011011011110101111000011111110
11101001100001101010100101111110001001010000011010
00111100110000011001110111000001011010100010101011
00101011001100001110110010000010110101111010110011
01000000110001101001110100110100111110101010111001
10000001010101110010010101111110110001110100111010
10111100101001101010001010010011001101110001000000
10010000000100111011011001100001110110011001111111
01000011011011111000110001101000100001011010000110
01011011101101011100100010010001000100010100001000
00010011101111100110101111101010011110000000100111
00010100101011100100000101100011000000110111010110
10100110001100101010010011110010101000001101010110
01001001101000101100100001011111000010001001001100
01100011101000010001011101010111001111100111011011
11100010011000101000000001010100010111100100110101
01110101000000100000011100000010111110001111000011
01001001011001110010001000000010111000001111100011
00001111001100100011100001000000011001001111010001
00100101010111000110100010100101011111000011001110
10111100010011001001000110100010001110000010101100
10001110110001000001011000000100110100101001001010
01011110101101100010100101111110001001000010100010
00111110001001000110111101000100110000010011010111
11000100100100100011011010100001111110010100000111
01101011100110111110110100000010111110010001000010
10110010111011010110110001000011000111010001100011
10100110001100101011001110001100001011010110111101
00011101001100011111001001110110010100010000100110
00111000001100111010101010010000101111111011000110
01100000100110011111010010010110011111101010001010
00111111111100100110001110011001000100010000000010
10001100011011001110011101100100111000010001000011
01111100000010101000110001000100110100101001000011
10010100000011001101001110011011111010100100001011
01000001111101100010100111111111010100101000101000
00101000011111111111001111010111001100010001010111
11100111001000011000000011000010001000001100111011
00011000101011000011110001100100011011100110001101
01110110101000000010001111011110100011000101111001
01111000011100000000011100100011111101100110011010
10010000011001100010010001100101110001001111011010
10100101100111111000110001101001011101001000100000
00111110110001101111001100010001000010110000000011
00001111111101000110011000101001001100100010101010
00111110110100011010110101101010001100000010101100
10101011011010001100011010010011110010110010000110
00111111000001010001000100010010111001011110000010
01111001010001000010010001111011101101011010000000
11000010011001101101000001100110011100110010100110
10111110001111001001101001101011000111010001100011
10110010100010100111010010001100111000001010101110
00111110110100001011101100110000100111100000110010
01001010001100100011100001110101011001101011001111
01000110000001000101100001111111100111011101000011
00101110010010101010001000110101110111001000001110
00110110000010001100100011010010101110011100000111
10000111010000011101110011101100001000000111110001
01011100101001000011110101111101000100010000001111
01011000011101010111011010010100101001010010110011
11100110001111000001010010011010010101000111100110
11111110010100100010000000110010101100010000000110
10101110100000100000110000000101101101011000011111
00011011111110001100010010101011001011100010010001
00000111100110000110011000100100001101101011000111
11101000011100100001011011111011101101100010000110
01111111100000000010000100111011000100111000100001
01111011100000000010000100111011111011001001011000
01111100011001001000110001000101100111000000100110
00011100011001110001010001101011100010001100101001
01110010100101010100000011101010000011100111001110
01110011111001100011011110011011110001000010011010
01000101111000000100010001111010000111010010101100
01100001110101011001111001001101101101110100010001
01000010111000010111100000100100011111100101011010
01100101110000110000101001001000000010101000101110
00101111111000101011111100101001001100100010101011
01111101001010101011001001000011000100110001001011
10110110101001000011110101100001010001110010100111
11101011101001001010010101100001010011100001001011
00101011110111110110010001010100011110010100000010
00111110001001101010110100000010111110001100100010
01101001101010110001000110011010111101001010000110
11000111010010001011011100000100000100111000000011
11111011100111111100000000111000011000000000100000
10111100101000110010001010010001010110111000100001
00001101001000100100100011010001010111100111011011
00111101101001010101001000010100000000000110101111
00101010100010110111001000111100111110001100100110
01110011111001100011011110011011110011100000100001
00001110001001110100100100010101001101011110000101
01000101111000000100010001111010000111010011100110
10101100001110100010111010010101011110010101010101
00010001101010100011101001110001111101101000101101
10000111010001010010110100000010110110101000100111
01110011111001100011011110011011110011100010000010
10101001110001101111001110001111000010000100101010
11010011100010101011101100110101010110010010111010
00001100110011100011011110110000100011110011100110
10010111010110000011000110001001010011101000100000
10110110100100011111110101001011110001000010011010
01000110000010111101101001110010100001101010100100
10101011110010101010000000101000100111100011010101
00111011000110010110100100111011111011001001011000
01100011110000010100010000001100010011011100000110
11001101010010000011011001111001010000110010001001
11000000001001101101001110110100000101101001110101
00010011010010100110101100011011000011100111001110
00100101111001001111010100110100001100111000100010
01110110110110110001111001000011111010000010110011
01101101101011111001111100001000000100010000001111
10100111100011000000010011010100001011010110111100
01000100111011111011110100011011000001110100100000
00101111111000101100010010101011001011100010010001
00101111001000001001101010010101011001101011001111
00111110110100001011101100110000100111100011001011
01110000110100000111001000111000100010101010110110
11101001011001101010000000101011011000010100111011
11101001101010110111000000000100111000010001100101
10001000100001001111010100110100111110101010111001
10001001000000111110011111111010110110110111000010
01110011001100001110110010011011101101011000110011
01101001101000110110110011010110011010001000110010
00110000011001111010101110011011111010101001011111
01110011110001111001001000110101110101001000001010
00111011000000010111101001111111010011100110011010
10100110100101001110110111000010001000101010100101
01111011101100100000110001110111101100111000100000
11000111010001110001000001101110110111010001101000
11100010010110000010011101110011111111001010000111
00101101001100110101011100110000111011011010110000
00011100011001110001010000100010111100111010101011
01001100100111001000011000110000111111001010000110
01100110110100011010110101101011011000110110101010
01010111110000010010010010100100001101101000000010
11100110100101111100010000010101010110000100000110
00011100011101110110000000000110011101110000011011
00101101001100110101011100001111011111000100100101
11010111010000010100010010001001000111010011001000
00010001101010100011101001110001100111001101110100
11110011111001010000100101110010000101000101001000
10100111100011110111000010110001010000000111011011
10100101100000000000100100111010111100011101011111
01000011111101110110000000000110011101110000100111
00000111010001101001010000110101101100111010111111
11101001101011011001000001010111011110000010110101
00101111011001001101000110101011011010010001010111
10100111100011001100000000111000011111100101000011
10000001010101110111001100001101100011100111100110
11000111101001101000011000000011110101010000110111
01101110000000100001101001100001110110011001111111
01110010101011001010111001111000010110101000100111
00010111010001110001000001101110110001101010100100
10010100111000110010010100000010111110001100100010
01011100001100100011100000110100110110011010100110
01100011001011110111100100010001000111100111111001
00011011110000101110010000011011011110110000100101
01001100100111001110110011111011101111000000001011
10101011000010000111110011111111000111001010000110
01110011111010101110010000001010011010110000010011
10111100101010110010100001100001110111100001001010
10000111010001010110111000000100110100101001010011
01111111101100101011001000111011000100100000011001
10001011100110000010011101110011111111001010000111
10111111101010101000100000000111000011110000011001
10101011001111000001000111111100111101110111001010
00101011111101111101111110000010100111000000100110
00010101101100101101010111011000001111001010100001
01110100000001000001110011110001011110111001101100
00011001111011000011100000000101000100011101111010
00111001011001100011011110110000100010001100100111
01110011111001100011011110011011110011100010001010
00010101010000100110010111001011000010111100010000
00001111110001100001101001111100101000110110101011
11100100110000100111111010001000110010011000000010
00001100111101110110000000000110010101000111100110
00001111000001100011110000100001100111001101110100
01111110110100011000010100010111101110000001111011
00011111000101111010100001111011011000110111001000
00011111101011010100000011101010000011100010110011
01000100100101100110100011101101010111100001101111
10111000111111011100101001111000011000000000100111
10110001010001010101001111011111000101110100110010
10110001110010010111110001101001000011100100010000
00010011011010011111110111101010111100100101000011
10001000101001110101110111000010001101101010011011
10011100110001110010010100100001101101100010000100
01011011110001010000000010010001000111010110101100
10000111001100011000101011111100001101001110001101
01010011110000100101110000000010111110010111110000
00101000110001111110100111111111011100110111100010
11101011010111101010110001011101000100010000001111
11110011111001001001101001110011101001010000011010
11110101000000100100000011010100010010011010101011
10111011010000000110011101100100000110110010101100
01011100011001000110100010101011001011100011100010
11100101011111000101001000010100000011010011000101
11101001111100101000101110011001011100100000001100
10111001011001001101000110101000100100010110000111
11100100110000100111100100010111101000000100001110
10111111101010000001011011010001110001010011001011
11000100100001101010110101100001000100101001110110
00111111101010001111000111110010110111000000100000
01100011011011111001111100011011000000101100000111
11101011000010000111100000110011000111001000001110
01100111100010010101001000100001101101101010011010
11110011111001010000100101110010000101000010011110
10101001000001001111011001000011000111001100111011
01000100111010100100100000111001000010001100011101
10000101110010101011000001010000101010101010100101
00001100010010000000100001010001011111011111111100
01001111010100010000101100011010101111100001110101
10110011101001101110010100111000110111000110101000
10000001010110001001101001110110010111110101111111
10101101010001011001111100000011110010110010011100
10011001000100110101100011110000010100101001010100
10111001000100101001100000010111111101011010101111
10101001010011110110011110011001000100011000001110
01100001101001111111111010001000110001010100011100
01001100100110110111001001011100011000010100111011
01011001100101000010011110011010001111010110101100
01101011111000101001001011000010000101100111011010
10101110101001000111110100100011111000100110110001
00111111001000001001101101110011110011100010111101
01000100111010100110110011111011100111000000110110
01001001101000110000010000011010010001111110110111
10110001100111100111001010010001011000001111100011
10010000011001100010100101111100011111100101011101
01111011011000111000011000010010001111000101111001
11100110000110010110100100000010000101011100100101
11100001110010010101011010010001011110100101010001
01111101100110000101000111101100000001010000100101
00011100000011000001111001111011010111101010101110
00100111010011111001111100001000110101101110000010
01001111010100010000100110101100101101011001000110
01001101010101111111010000101001001100100010101010
01010100101110101010010101100001010001100110010110
10111110110011101010011000101001001100100010101010
01101000100111111011001110110111101011110110000110
10001001000000111110011111101011110101001001001110
01011011110000000110100010101001001100100011001111
11101110011101000101000111101111110110000000101000
11010011001001110100110001100100010011110100010000
11100100110000000111000001100100001111100101001000
01110000110100000111001010111011111111001010000110
01011111000001010010011001000111110000110100111010
01000100100101001111000011010010000101001110001111
01110000110100000111001000111001010111100111100110
00000111100111010111100001110011101000011110000111
01000011111000100001111010001000110001111101101011
00101101101110000110111011111001011000000111100110
01011111011001010101001000010100000011100000001011
11100110001111101000000001010100010111100100110101
01110010101010101010101001101000111011001000111111
01001111001101110111000010110001010000000110001111
00011101001011010110110001101001011101010100010010
01001111010100010000101100000100110111001001001101
10110011111111001011010001101100100100101000101001
01111110101010101011001000111011000100100010110111
10110100100000011100010000010101000011111110101011
11101001101010110111000000000100111000110010101100
01111011011010001100011010010011110010110010000110
10100110000111101001100011111011010011011011011111
00101100000010001100100011010111111110111100010101
11100110100101111100011010000010010110110111000010
10000111010001010111001001111100011110010100000111
01011100010011111001111100001000110111010011001000
01111011010100101010110001011010010001100111010000
00001111111000110110110110010101101101110010100010
00101111101001101110010100111000110111000110101000
00101101001110100011001111100100110101111000001110
00001111101010010100100000111001111111100111101000
10110011110101100110001110001100001000001111000011
01111100000010101000110001000100110100101011001110
00001110001001001010100111110010011111111001011110
10101100110110011000000011000001011011011100001001
10011001000100110101100011110000010100111001111011
10011001010010001100010010100001110010101000010111
01000011111000100001111010001000110001111101000110
00011011100111010001110000010000010111101100001100
00001101001001110101110111000010001111001111000010
10000111010010110111101000110001011010011011001011
10111111101010101010001000111001001001100100000011
01001101100111001001010101000100111001110100110000
01111101001010101011001001000011000100110001101111
11111110101000010100010001101011000111010001100011
01000111110101010111001100000100010011010011010101
01010011110000100101110000001001000010001100011101
00111111101010101011010000010010001101110010001111
11100100110000110001000110011011111000001111101011
11011001000000110000100011000011111000001111100110
10011100101011010111100101011100101111010010000010
00011100011101110110000000000110011111100001010111
01100111000111001010101101010111101011111000000111
00111111101010111001010001111011101101011010000000
00111110110100001001011000101000000110001101010111
11100010010100000010111010101000001111101101101110
10001101010010000011011001111010011111010111100011
11011011101010010101010010001100010011100000101010
01101110100000100000110001001100011000111101010101
10001110000000111001010100010010111100111100101111
01111010101110100000101101101110011001101110000010
01100001111001110010010000111010111100011101010110
01111100010000010111001111100100110000010011010111
00111100110000011111110101001011110011100010001011
11100001111100101001110011011000001111000111011010
00011101110110000110110110001011011101010000000101
11111010101000111001011001001101111000100111100011
10001100110100010100101011100111001000001100111011
11111001101010110001000110011011111010100100001010
10011111100111111011011000000100110001010000011010
00100101111001001111010100110100110000111000010111
11101001101000100010010111010001000010111111001010
11111001010110001001010100100010111100110110001000
10111110110101111110011100010001001001000010100010
01011111010001110001000000100010110000011001001100
11101100110110101011000001000100110000010011010111
01110001110000000110100011110000111101011011010011
00101011111001100011101010010101000011111110101011
11111001101010110001000110011011011010100101010001
00011101110001101111001110001111000010000100101011
11101001111011000011100100001100110101001000010011
10000100110000011111101010001011111001001001101110
10101011110010011111010010010110011010010001011110
10101110101101100010101000101000010001001111100110
01011100011101010100010000000010000101100111011010
00011111010001110001000001011011001011100101001100
01100001111100101010101010000010010111001111100111
01010111010000010100010010011011011001011110000010
11101101000000010100011001111000011101110000100111
00011101001100011111010010110001010001100110010110
10101011000100110101110000000010011101111110101011
00101111111000101011111101000101000101101010100010
01011111010001010110000000101011011001100001001011
01011110000100101110010000101001001110001101001011
11000100110001110010101101010111101011111000000011
01111011110001100000011111101101011001011010000010
01000011010010101010010001110011001100111111101111
01010001110100001110001101010101011111100011001100
00101101101110000111100001110011101000011110000110
01111100001010001111011010010011010110001000100110
10000110001011010111100101011100011111100111011011
10001001111000101011001111100101000100011101111010
11101001101010110001001110000100101110001111101001
11110011111000010110000001101000110000000101001101
01111101100110000110011000101001001100100010101101
00101101001100101111101011000011111101100110011010
00111100000001110010010001101001010111101110101100
11100100110000100111010000011011000110011001001110
10010011110111110111000100010111101100111000100000
11100111010011001111000111110010110111000000010000
00100111110011110100010110110000101101111010110000
00011101001011010000010011010101110001011110010110
10011110000001001101001100000100110100101001110110
11101001011101010101100001111111100101001010100001
10111011110001100001101001111010001100100110000111
11101001010101101000000001010100010111100100110101
11011001110100010000101100000100110100010110011101
01001101010100010101000110101111110110001001100101
11101001100001101010101100111111100001100111100110
10111111011101000101000111101111110110000000101000
11111111101011000111111000100000000100010000000011
10111111101010101011010000010011000100110001001111
11101011011010001100010101101001000101001011001010
01000110110011001101100001000000011001001111010001
00011101001100011111010010111111110111100001100110
01110100000001000110010011011000011110111001101111
01111111100000000010011001111100001111101000100010
11101001011101011111011000010000011010010100000100
10111111101010101011001100000100000100111001000011
11110101011111001001101001110011101001010000011010
00101101001011111011011001111000010101001001011111
01001101000001100011100000101001100111111100000111
00100111011101110111000010010101011001111000100111
11100100110000100111100100010111000101110111010001
11101001110110001011111100101001000000101010100101
11100110001111000001000110011111101110111101000101
01000100111010100011001111100100110111011010101100
00110111100000000110101010110010111110011001111111
01001111001001110110101110001100001011000111000101
11100110010010010101011001000001101011001001001101
01001100100111000011110110100100001101101011001111
01011011110001010110111101000101110101010000101011
10111111101010101011001000111011000100100010110111
11100100110000110001000110011100100101111011111011
10111101011001001101010001101011000110010010100110
11101011010111110010010001110101100110001100100010
10010100101101111110011000010010101101100111110001
10001001010101110111001100001101011000111110001011
01011100110000010100110010111111110111100001001011
01000111011010001001101001110011101000101110100111
01011011110001010110111101010000100100010110101010
11110101000010101001101010101011001101010110101100
10111011010100110101100000101001001110001101001011
11000111101001101000011000000010110000001111010111
00001100011001110111010100111011111000111110001011
00111001111001110111001100001011101101011000101011
11100101011111001001111001110010010001100111100000
01101011100110111110000101100010100101001111100001
00011111010001110011011001111110111100110110001000
11110101011001101000101110011001001000001010100110
01001100011001110111010111010101111101100000000101
10011100110001110010010100100001111000101010100101
01111111101101010100000011101010000011100010110011
00111111101010001111001110001100001001100001010111
00111101111101110100111000111011011110000000100101
11101011011010001100001101101000110001000110100110
00011101001100011111001100000100110100101001110111
01011011000010000111100101011010010001100110011111
10101101101011111001111100010101101100001000001111
10110100111000110111001110101011001101101010100000
01011110100111111111001011100011101111000000100001
10110011110001010111100110000100001111101010001011
11100001011111001010010011110010101000001101011110
01011101100111001111011000010000011010010100001001
11101011110111110111000100001101011110000000111000
01001110100001101010110111000001001010101100110100
00111111001011110111000100110101010001010111011010
01000110110011001101110100010101010011110101000110
10100110111111000111111100011011111000000111100110
01011001010000011110011000011110111100111010101011
10100111011001010110011110000010011101101010110011
01101100101100100110111111111100110101110000100111
00111101101001010101001000010101011011010101010111
10000011100111101111111101111110110001110100111010
00111001011000011111100001001100010010011101010110
01011110101001000111110101000100101000110111100010
01110101000010001111001110001100001011010110111101
11101001010101111111100100010111101000000100001111
01111011011000111000011011111001101000110111100101
11100001111100101001110011110001101011011010100111
01011111100111110000011100101011011110001010101000
11011010011000111001101001110011101001000101011100
01011111010010110010101100010010101111110001001011
01010111010000010100010011010100001011010110111100
11101110001011111100101101111011101011010010011000
11101011010010101111011001111010111100010001011010
00101111011000111010101101010101011111100111000100
01011111110001101000100100101100010010000111000101
10000111010001010111100100100001001010101100110101
10010110000010001100100011010111111110111100000111
00011111000101111010110011111011101111001100100010
01000101111000000100010001101100010111100100111110
01110001110000000110100011110001001010101100110101
00111110110100001011111001111000010101001001001111
01001111001101110111001001000011011011001001011000
00101111110010101001110101111000101000110100011111
11101011010111101010110001011001101100001000001111
10111100101001101010001101110011110011100010111101
01010111110000110110000000110101101100111010101000
10111100110110010100010101000011011000110110101010
11011111111001100011011100110001000111000000100000
10101001110001101111001110001000110001111010110001
01000100111010100110110011100111001110001110000110
01100101110001110011101011111100001101001111000010
10010100111000110010010010111100001000111101010111
11011011000010000111100111111011101100101000101001
10101101010001011001111100010011110110011101101001
01111111100000000010000100000010000101011100111110
01011110101101100010101100111000010101001111100001
10111110001111000110010000100100110101001110110000
01010111110000010100010000111000001011101110000010
00111110110100001110010101111010110110101000110010
11101011101001001010010101100001010111100111100101
00111001011000011111101100110010010110001101001111
01111110101000101010001000110101011100101001110110
11000100011101110101101101100111001001101010110010
10111100101000110100010000010011110110011101101011
01011110000100101110010001110011101000011110000111
11101001010001111111010001111001011010001000110011
01011001011011010111100110011011101111001000001010
10101001000100101100111010010011110101111101010111
11000100101011010111100101001111100001100111100110
11111110100111000000101000110000111111100101000011
10101101110100101010110001101000110001000110111100
11111110101101001001001110011010101111100001110010
10100101111010011111110110001100001010000101110110
11011111010001110001000000100010110000011001000110
11001100101001000011110101111010110110101000100111
01110011110001111001000000111001111111100111100101
11111011101001101100100011010001010111100011100000
10111111101010101010001000100010000001101010101100
11101000011101111011011001101001000111001011101101
11100101001101111110011000010010101101100111110001
10101110101001000111110100010001100110101001011111
11101011110101110010010011011110101110010111001011
01110011110001111111110000010111110011001000110010
10111111001111100010010011110010101000110110111010
01001001011001110011011101010101110001011110010110
01011111000111101010110100000010111110001100100010
11111111001011011000000010110111101110101000100001
11101011010111101010111100010111100010011010101100
01010111110001011101101010111011011100010001001110
01111110101010101010110001011010111100111010100010
01011100001100100011111001111100001111101000101110
01110100110101011111100011001100101000110110101011
01101011111000101001001011111000001011001110100111
01101001011101010101110111011000001110011100000111
11101001101010110111100100010111101001001001010100
01011101100111000100111100101001001101110010100110
00011001011000011111101111110010010011011100000110
11000010111000100101011001001101101101011111000110
01111110110111111010100000101101110101110010001010
01011111100011100011010111101100011110100000100110
11100101111111001001111001110010010000100111101010
10101011111110001011111101000101000101101010101100
11101001101001110100011001000101110000111101010001
11100001111100101001110011110001011011011100101011
10011000111111110100111100110000111000010110011101
11101001001001110011111110010011110110111111100001
01001110101001110110110011110010110101011011010011
11101101110100011110100001101011110001110010000010
11110110001010111011000111100100010010011101011010
11011001110001011111100011001011110011000000011001
10011101101001011001110001101000100010101010110110
01011110100110100110110011111011100111000000111101
00111001111001110111001100001011111111001010000110
00101111110010101001110101010111101011111000000111
01001100100111001110100001111011011000110101111101
01010111110000001000110100000010111111100111001110
01111110101001000111110101000011010110001000100111
11011110000111111000110000000010111111100111001000
01111001110001101111001110010000110011000010011111
01111011110000000110100011110010101000110110110110
10011111101000100010111011010001111101010111110001
11101110101010101010110001011010111100111010110000
11100010010100001110010001110010011101111100101111
11101110001010111100101101111011001110101001001010
11111011101101010101110111011000111000010111000001
10111100011001100011110001101011110101001001001110
10111111111001100011111000000001010011100100010000
11111110101101001001001110000100110100010110011101
01011110101100101001110011110001011011011100001001
01111011110001100000011111101100010010011101011010
01110101110010011011100010110011100100110111001111
00111101111101110100111000101111110111100001001011
11111110010100101010011010101100101000001111100010
01011011110000000110100010101001001001111101101000
01111011110000000110100001111011011011110011001110
11011000111111111101101001110011101001010000011010
00100101111011010111011001000010011101111111000001
11111101101100101101000001000111000011110000011001
11011101111001000001010001110001010000000111100110
01001101010101010011110001100101000011111110101011
01011110110011100011001110001100111000001010101110
11011101110000101110010000001010011010110000010011
11011001110010011111011101001011101011010010001010
11111110101001000011011001111110111100110110001000
11101011000001111101010110111111100111011101000011
11011111000010111001000000010111111001011110000010
01011100110000010100010100100011101111101000001111
11011110000111111011000001010000101010101010100110
11011100111111110100111001000010000000010010101100
00111110110100001110010101111010110101001001001111
11111011100111110000010010001001101101101000010110
10111111001111010111000011000011000001100111000101
10111110110110010110100100000010001111011000000110
11100110101000000100101001111000010111111110000111
11110101111100101001011101110011110011000010100111
01110111111000111110010000010111111101011000000010
01101101101011111001111001110011101001011000001111
10111101100111110000010011010100001011010110111100
11011110100100011101000011011111010010000111111011
01011110110111110000011100101011011110001010100111
10110011111100100110001110011001000111111101010001
11010111101000111001010111000100100110001011101101
00100111110101001011101001110011101111011110110111
01101101101011111001111100010110110110101000100111
00100101111011010111011001000011001011111110101011
11110101000010101100100011010001010111100111011010
11111110110100010111001100000100000100111001000011
11101011110111110001011010111001000100011101011010
10011111100111010111100000010111110000110100111010
00011101001101101101111001100011111011100110001101
11110111111001110101010100110011011101000000110010
11111010101000101000010000110101101011111101001101
11101001111011000011100100001101000100011101110111
11100101011111001001110001101001010111100111011011
01110111010000111000010000011010010001111110110111
11111111101011000001000001011011001110101001001010
01011011110001010110111101001000110001010100011100
01011101100111001101111010100101010011110100010000
01101110010101110111001100001101100011101110101001
01111111100010001100010011010010011111010111100011
11011010011000111001101111111110111100111010101011
11111100110000010100000011000010000010111100011000
11101011010111100110101100011011101111101000001010
11001110100001101010110111000001001010101100110101
01111111101001100111010111101100011110110010100010
11111110100111111011000001010001110011000010011111
10101100011001100011110001111010110111001111100111
01011100110000010100010101101011100010001100111111
00011101001100111110010100111110001111101100000111
10111111101010101011001000111011000011100111001110
10110100111000110111001111110011010110101000101101
01011110110101111100111011101010001100001011010001
01011001010010101010010001110011001100111111101111
11101101001001110101001111101100111000001111001000
11110101011111001001101001110011101110001001100101
01111011100100001100111011101101000011111110101011
11101110010100100001101111011111110001111001001101
10010000110111110111000100010111101011111101010100
11111110010100100001100100001100100111110111001101
00011111111111000010001111011110100010101001110111
01001101100111111011010001101001010011101110101001
10111111010010110111001010100010001101110011100101
11100111001011111001101111000010000111011110100110
11101011010111100110101100011010111100111010101011
10100110111111011000100101101001011111011110110110
10111101011001001101011010010001010110011001001110
10111111111011001110011101100100111000010010000101
11101101110001111011011001000011000100100111111001
01111110101011010111000011000010001111001111000010
01111111110000000110100011110010101000110110111010
10111011010001110010011101000011100111011101110110
01110100110110010111101001111111010011100110010110
11100110000101101110010001111111101111110110111101
11111111100110000101000001100000000110101100100010
11001100011001110111010100101001100111011101000011
11011101101000010001011101010111001111010110010111
10111111001111100010010001111010000110001100111111
11011101111101010100000011101010000000110111010000
01011001100000011111001000111111111110111100010101
11110111111000110101011001000010011100010001011101
11101101110110000110110110001010011100110100110010
01110011110010011011100010110011111100111101101110
11011101111100101011100001010010110000111010000010
10111111111010000010011101110000101011100111101010
11111111101011011010010001111001011010001000110011
11011000100111100111111000100000011001011100010101
11111110111000001011101111011110100010001100100010
11101011000100110101110000000010011101111111001111
01011110110111001001010101000100111001110100110101
11011000111111110100111100110000111011001000000101
11011101111101010100000011101010000100100010110111
10001110110100000111001000111111111110111100010101
11011100011101110101100001101011001110101001001010
01011001010101001011101001110011101111011110110111
01011110110111001011011001011001111011001000010110
01011011001111000001110001110011110111111110011101
10111110110011100010100101111100011111100101011010
11100001110010010110101100011010110110111101101110
01100101111011010111011001101001011111000111001111
10111111101010010100100000111001111110111000001111
11111110111000010111010111001100001011100010011010
11011100110000011111110101001011110001010111001000
01011110110111001011011001000011100111011100110010
01110001011111101111111100001111011111000100111111
10111111101010101010010110011001011001011100010100
10111110001111000111011111111010111100111000001101
11111110100111111011010010000010000101110110100111
00011110101000101101001111110011001011111101010111
11101001100111100111000100010110011101111111001010
11011011110001110111001000011111110001110100110010
11111011101001101010100111111111011100110111111001
11010111110000001000110100000010011101111110000110
01101110101101111101010001101011000100111111110100
11101001010101111111111010000100110000001111010111
01111110101010000001010101110011101011111101101110
00011101111001011111001011111100001101001011010101
10111111001101110100100000110101110011011100001111
01011011110001010110111101000100110101111000001110
11011101111100100111000100010111101100111000100000
10001111111000010100010010001001101101101111001110
01111100001010001111011001001101100001111101101110
11111111001011011000110001001111101000001111100110
01001111010010101101101011100100100111110111001101
11110101011111001011001111111111101011001010111001
11111110101001001111010100110100110110000110111100
10001101011010111100101101111011101011001111011010
01010111110001111101101000111001010111100111011011
11110111111001110101010100110010011100110100110010
01001101110010101001110101110010011101111110101010
11011001110010010111101001111111010011100110011010
11111110100111111011010001010111111100100111000100
01110001011111101111111100110000111011001101010100
11111110100101100110100011101101010111100001101111
01110011111010001100011100010011111101101111001110
11001111101011111011011001101100101100110111111001
11011001110011111001110011110011111000010110111101
11000100101011010111100101001000011011111101010111
11000100101011010111100101001001101011111101101110
01101110101101111101010001101011000100111111111100
11111110001000100111001110010111010011011111000110
10111100110001101111001110010101111011011010100111
11011111010011000010110011111000101011011010100111
01111111100111101111100000111001011011001000001110
11011001110010101101101011100101000100011101111010
10011111110001111010100001111011011000110101111101
01011110100111111111001011100011111111001010000111
10111111010101110111001100001101100011101110100011
11111110110010101011111100101001011011001000001110
11111110110001110111001000011111110001110100110010
10111111001101110110111011100011111011100110001101
11101100110110101011001111110010011101111111000001
01111111111111101111101100001001011010001000110010
10111111111000100111110111111011111111110000101000
01111111110000001111010101110011011111000100001111
01111110110100010111001000111011000111011110110111
11101101101011000101100100010110011101111111001010
01001101100111111011010001101001011111011111110110
11111001011000011111101110110001011110111111100001
10001101010110111100111011101011011111011110100110
11000101111010001111011110010111010011011111000110
01011101111001111101101000010000111111100111000100
01011101100111001010101101110010011101111100101111
01011110110101111011001001111110011101110101111101
10111100110000011111110101001011111101011111000110
11111110111101111101000100111001101100111010110011
11111110111000010111010111001100001011010110111100
00111101111101110100111000110101101011111101010100
01011001110001101111001110010000011111011111111100
10111110001111000111011101110011110111111110011101
11111111110011111000000001101001111011010110111101
01001111111011010111011001000011001011111101010111
10111100111101111110101100011010110110111101101110
10111111010101110111001100001101101111011111111100
01011110110111111011010001101001011111011111111100
11111110100111111011000001010001011111011111111111
