301.0 -76.0
368.0 -98.0
384.0 -94.0
389.0 -111.0
392.0 -114.0
398.0 -90.0
398.0 -83.0
398.0 -89.0
402.0 -97.0
402.0 -101.0
416.0 -86.0
416.0 -110.0
419.0 -97.0
421.0 -107.0
424.0 -115.0
429.0 -99.0
435.0 -93.0
441.0 -100.0
445.0 -92.0
445.0 -110.0
447.0 -87.0
449.0 -109.0
450.0 -102.0
456.0 -83.0
461.0 -104.0
462.0 -93.0
462.0 -87.0
462.0 -89.0
464.0 -97.0
465.0 -108.0
466.0 -93.0
468.0 -97.0
469.0 -111.0
471.0 -121.0
475.0 -104.0
480.0 -104.0
481.0 -78.0
482.0 -115.0
483.0 -102.0
484.0 -119.0
484.0 -119.0
485.0 -112.0
487.0 -119.0
490.0 -117.0
490.0 -111.0
496.0 -98.0
497.0 -126.0
498.0 -109.0
499.0 -90.0
499.0 -86.0
499.0 -90.0
501.0 -107.0
502.0 -116.0
505.0 -102.0
505.0 -114.0
507.0 -97.0
508.0 -122.0
509.0 -110.0
509.0 -90.0
511.0 -96.0
511.0 -119.0
512.0 -121.0
513.0 -108.0
513.0 -118.0
514.0 -101.0
515.0 -109.0
515.0 -109.0
516.0 -127.0
516.0 -109.0
517.0 -108.0
517.0 -124.0
519.0 -104.0
520.0 -123.0
520.0 -95.0
522.0 -92.0
522.0 -105.0
522.0 -88.0
522.0 -93.0
523.0 -101.0
523.0 -90.0
525.0 -134.0
525.0 -115.0
525.0 -123.0
525.0 -102.0
527.0 -106.0
528.0 -120.0
529.0 -115.0
530.0 -107.0
530.0 -108.0
535.0 -103.0
536.0 -113.0
538.0 -108.0
538.0 -134.0
538.0 -105.0
539.0 -122.0
540.0 -117.0
540.0 -100.0
542.0 -129.0
542.0 -110.0
543.0 -126.0
544.0 -133.0
545.0 -108.0
546.0 -116.0
546.0 -101.0
546.0 -99.0
546.0 -135.0
546.0 -107.0
547.0 -116.0
547.0 -142.0
548.0 -117.0
549.0 -126.0
549.0 -107.0
549.0 -111.0
550.0 -100.0
550.0 -125.0
551.0 -115.0
551.0 -147.0
552.0 -123.0
553.0 -85.0
554.0 -108.0
554.0 -143.0
555.0 -126.0
555.0 -103.0
555.0 -131.0
556.0 -99.0
558.0 -141.0
558.0 -115.0
559.0 -131.0
560.0 -123.0
561.0 -131.0
561.0 -124.0
562.0 -112.0
563.0 -126.0
564.0 -121.0
564.0 -138.0
565.0 -109.0
565.0 -125.0
566.0 -127.0
566.0 -115.0
567.0 -122.0
567.0 -127.0
568.0 -114.0
568.0 -90.0
569.0 -100.0
570.0 -134.0
570.0 -101.0
572.0 -132.0
573.0 -124.0
574.0 -118.0
575.0 -108.0
575.0 -123.0
575.0 -119.0
576.0 -132.0
577.0 -117.0
578.0 -113.0
578.0 -119.0
579.0 -137.0
580.0 -120.0
580.0 -140.0
580.0 -133.0
581.0 -105.0
581.0 -112.0
581.0 -129.0
581.0 -98.0
581.0 -106.0
582.0 -119.0
583.0 -128.0
584.0 -124.0
584.0 -135.0
584.0 -149.0
584.0 -109.0
585.0 -125.0
586.0 -124.0
587.0 -131.0
587.0 -112.0
587.0 -116.0
588.0 -113.0
588.0 -125.0
588.0 -139.0
589.0 -116.0
589.0 -115.0
590.0 -132.0
590.0 -117.0
591.0 -130.0
591.0 -113.0
592.0 -111.0
592.0 -99.0
592.0 -121.0
593.0 -115.0
594.0 -105.0
596.0 -111.0
596.0 -116.0
597.0 -106.0
598.0 -129.0
598.0 -135.0
599.0 -105.0
600.0 -123.0
600.0 -131.0
600.0 -125.0
600.0 -92.0
602.0 -111.0
602.0 -128.0
603.0 -131.0
603.0 -113.0
604.0 -110.0
604.0 -109.0
605.0 -115.0
605.0 -134.0
605.0 -97.0
606.0 -124.0
606.0 -137.0
606.0 -97.0
606.0 -127.0
607.0 -113.0
608.0 -125.0
608.0 -108.0
608.0 -140.0
608.0 -143.0
609.0 -129.0
609.0 -140.0
610.0 -84.0
610.0 -98.0
610.0 -124.0
610.0 -115.0
610.0 -113.0
610.0 -138.0
611.0 -137.0
612.0 -109.0
613.0 -117.0
613.0 -118.0
614.0 -144.0
614.0 -115.0
615.0 -135.0
615.0 -141.0
615.0 -92.0
616.0 -127.0
616.0 -113.0
616.0 -143.0
616.0 -137.0
617.0 -151.0
617.0 -106.0
618.0 -91.0
618.0 -130.0
619.0 -116.0
619.0 -104.0
620.0 -130.0
620.0 -117.0
623.0 -133.0
623.0 -143.0
624.0 -120.0
625.0 -155.0
625.0 -98.0
625.0 -118.0
626.0 -121.0
626.0 -106.0
626.0 -107.0
626.0 -153.0
626.0 -137.0
626.0 -109.0
627.0 -122.0
629.0 -122.0
629.0 -136.0
629.0 -126.0
629.0 -101.0
629.0 -116.0
629.0 -148.0
630.0 -135.0
630.0 -109.0
631.0 -115.0
631.0 -114.0
631.0 -107.0
631.0 -114.0
631.0 -117.0
632.0 -129.0
632.0 -130.0
632.0 -119.0
633.0 -122.0
634.0 -136.0
634.0 -112.0
634.0 -113.0
634.0 -123.0
634.0 -145.0
635.0 -142.0
635.0 -128.0
635.0 -125.0
636.0 -144.0
636.0 -149.0
636.0 -119.0
637.0 -142.0
637.0 -124.0
637.0 -108.0
637.0 -141.0
638.0 -105.0
638.0 -119.0
638.0 -108.0
638.0 -149.0
638.0 -112.0
639.0 -115.0
639.0 -112.0
639.0 -102.0
639.0 -124.0
640.0 -110.0
640.0 -106.0
640.0 -135.0
641.0 -116.0
641.0 -123.0
642.0 -139.0
642.0 -133.0
642.0 -129.0
643.0 -116.0
643.0 -128.0
643.0 -138.0
643.0 -112.0
643.0 -118.0
645.0 -117.0
646.0 -128.0
646.0 -139.0
647.0 -144.0
647.0 -106.0
648.0 -122.0
648.0 -132.0
648.0 -132.0
649.0 -123.0
649.0 -145.0
650.0 -110.0
650.0 -118.0
650.0 -129.0
651.0 -117.0
651.0 -113.0
651.0 -123.0
652.0 -117.0
653.0 -143.0
653.0 -132.0
653.0 -132.0
653.0 -132.0
653.0 -121.0
653.0 -118.0
653.0 -103.0
654.0 -124.0
654.0 -129.0
655.0 -136.0
656.0 -132.0
657.0 -110.0
658.0 -123.0
658.0 -131.0
658.0 -118.0
659.0 -143.0
659.0 -115.0
659.0 -135.0
660.0 -115.0
660.0 -116.0
661.0 -123.0
661.0 -155.0
662.0 -108.0
662.0 -153.0
663.0 -122.0
663.0 -107.0
664.0 -143.0
664.0 -120.0
665.0 -134.0
665.0 -134.0
665.0 -125.0
665.0 -117.0
666.0 -139.0
666.0 -108.0
666.0 -137.0
667.0 -114.0
667.0 -110.0
668.0 -112.0
668.0 -132.0
668.0 -154.0
669.0 -105.0
669.0 -114.0
669.0 -131.0
670.0 -143.0
670.0 -116.0
670.0 -151.0
670.0 -127.0
671.0 -153.0
671.0 -130.0
671.0 -113.0
671.0 -149.0
671.0 -119.0
671.0 -130.0
672.0 -147.0
672.0 -105.0
673.0 -119.0
673.0 -128.0
673.0 -123.0
673.0 -122.0
673.0 -154.0
674.0 -136.0
674.0 -122.0
674.0 -136.0
675.0 -125.0
675.0 -128.0
675.0 -139.0
675.0 -123.0
675.0 -132.0
676.0 -129.0
676.0 -136.0
677.0 -135.0
677.0 -149.0
677.0 -130.0
677.0 -154.0
679.0 -148.0
679.0 -139.0
679.0 -118.0
680.0 -143.0
680.0 -136.0
680.0 -144.0
681.0 -134.0
681.0 -127.0
681.0 -125.0
681.0 -143.0
681.0 -112.0
683.0 -124.0
684.0 -120.0
684.0 -137.0
684.0 -109.0
684.0 -133.0
684.0 -130.0
684.0 -137.0
684.0 -134.0
684.0 -131.0
685.0 -138.0
685.0 -146.0
685.0 -126.0
686.0 -130.0
686.0 -137.0
686.0 -137.0
687.0 -126.0
687.0 -142.0
688.0 -125.0
689.0 -116.0
689.0 -120.0
690.0 -143.0
690.0 -126.0
690.0 -147.0
691.0 -133.0
691.0 -133.0
691.0 -136.0
692.0 -120.0
692.0 -141.0
692.0 -145.0
692.0 -129.0
692.0 -155.0
692.0 -145.0
692.0 -132.0
693.0 -127.0
693.0 -119.0
693.0 -125.0
693.0 -156.0
694.0 -96.0
694.0 -137.0
695.0 -115.0
695.0 -113.0
695.0 -116.0
695.0 -154.0
695.0 -137.0
695.0 -126.0
696.0 -140.0
697.0 -145.0
697.0 -141.0
698.0 -130.0
698.0 -148.0
699.0 -134.0
699.0 -123.0
700.0 -111.0
700.0 -131.0
700.0 -127.0
701.0 -153.0
701.0 -145.0
701.0 -152.0
701.0 -112.0
703.0 -112.0
703.0 -118.0
703.0 -119.0
703.0 -139.0
704.0 -119.0
704.0 -123.0
704.0 -143.0
705.0 -126.0
705.0 -131.0
705.0 -144.0
705.0 -118.0
706.0 -131.0
706.0 -139.0
707.0 -123.0
707.0 -107.0
707.0 -116.0
708.0 -106.0
708.0 -138.0
709.0 -147.0
709.0 -150.0
709.0 -132.0
709.0 -120.0
710.0 -155.0
710.0 -127.0
710.0 -141.0
711.0 -136.0
711.0 -134.0
712.0 -125.0
712.0 -136.0
712.0 -145.0
713.0 -139.0
713.0 -129.0
713.0 -143.0
713.0 -141.0
714.0 -139.0
714.0 -110.0
714.0 -137.0
715.0 -127.0
715.0 -137.0
715.0 -140.0
716.0 -127.0
716.0 -134.0
717.0 -130.0
717.0 -141.0
717.0 -161.0
717.0 -141.0
717.0 -123.0
717.0 -134.0
717.0 -124.0
718.0 -108.0
718.0 -142.0
718.0 -127.0
720.0 -111.0
720.0 -137.0
720.0 -133.0
721.0 -140.0
721.0 -140.0
721.0 -113.0
721.0 -131.0
721.0 -153.0
721.0 -121.0
722.0 -128.0
722.0 -120.0
722.0 -153.0
722.0 -146.0
723.0 -126.0
724.0 -131.0
724.0 -126.0
724.0 -158.0
725.0 -118.0
725.0 -130.0
725.0 -123.0
725.0 -142.0
725.0 -137.0
726.0 -140.0
726.0 -137.0
726.0 -133.0
727.0 -139.0
727.0 -133.0
727.0 -124.0
728.0 -126.0
728.0 -117.0
729.0 -139.0
729.0 -117.0
729.0 -128.0
730.0 -127.0
730.0 -118.0
730.0 -134.0
730.0 -138.0
730.0 -136.0
732.0 -130.0
733.0 -136.0
733.0 -127.0
733.0 -114.0
734.0 -139.0
734.0 -149.0
734.0 -125.0
734.0 -140.0
735.0 -125.0
735.0 -147.0
735.0 -152.0
735.0 -123.0
735.0 -134.0
736.0 -139.0
736.0 -137.0
736.0 -119.0
736.0 -131.0
737.0 -146.0
737.0 -147.0
738.0 -127.0
738.0 -145.0
738.0 -155.0
738.0 -131.0
738.0 -162.0
740.0 -126.0
740.0 -153.0
740.0 -151.0
741.0 -134.0
741.0 -123.0
742.0 -139.0
742.0 -143.0
743.0 -113.0
743.0 -135.0
744.0 -139.0
744.0 -139.0
744.0 -153.0
744.0 -130.0
744.0 -145.0
745.0 -139.0
745.0 -144.0
745.0 -130.0
746.0 -113.0
746.0 -123.0
746.0 -137.0
747.0 -118.0
747.0 -134.0
747.0 -127.0
747.0 -140.0
747.0 -136.0
747.0 -129.0
747.0 -121.0
748.0 -143.0
748.0 -147.0
748.0 -138.0
749.0 -137.0
749.0 -125.0
749.0 -121.0
749.0 -148.0
750.0 -134.0
750.0 -145.0
751.0 -126.0
751.0 -136.0
751.0 -140.0
752.0 -125.0
752.0 -123.0
752.0 -150.0
753.0 -135.0
753.0 -144.0
754.0 -127.0
754.0 -119.0
754.0 -154.0
754.0 -143.0
754.0 -131.0
755.0 -133.0
755.0 -134.0
755.0 -163.0
756.0 -142.0
756.0 -128.0
756.0 -142.0
757.0 -132.0
757.0 -115.0
757.0 -157.0
757.0 -127.0
758.0 -135.0
758.0 -122.0
758.0 -131.0
758.0 -158.0
759.0 -154.0
759.0 -121.0
759.0 -140.0
759.0 -135.0
760.0 -147.0
762.0 -145.0
762.0 -132.0
762.0 -143.0
762.0 -125.0
762.0 -126.0
762.0 -144.0
763.0 -150.0
764.0 -154.0
764.0 -156.0
764.0 -127.0
765.0 -146.0
765.0 -153.0
765.0 -137.0
765.0 -153.0
766.0 -134.0
766.0 -132.0
767.0 -147.0
767.0 -139.0
767.0 -129.0
767.0 -140.0
767.0 -154.0
767.0 -149.0
767.0 -144.0
768.0 -146.0
769.0 -137.0
769.0 -137.0
769.0 -133.0
769.0 -141.0
769.0 -141.0
770.0 -156.0
772.0 -130.0
772.0 -134.0
773.0 -133.0
773.0 -162.0
774.0 -142.0
774.0 -153.0
774.0 -142.0
774.0 -145.0
775.0 -127.0
777.0 -157.0
777.0 -117.0
778.0 -148.0
778.0 -134.0
778.0 -161.0
779.0 -147.0
780.0 -139.0
780.0 -160.0
780.0 -139.0
780.0 -181.0
780.0 -121.0
780.0 -129.0
780.0 -136.0
780.0 -153.0
781.0 -155.0
781.0 -164.0
781.0 -155.0
781.0 -147.0
781.0 -146.0
782.0 -118.0
782.0 -159.0
782.0 -160.0
782.0 -138.0
782.0 -129.0
783.0 -118.0
783.0 -128.0
784.0 -157.0
784.0 -124.0
784.0 -123.0
785.0 -149.0
786.0 -130.0
786.0 -153.0
787.0 -155.0
787.0 -156.0
788.0 -133.0
788.0 -135.0
788.0 -138.0
788.0 -144.0
788.0 -122.0
789.0 -151.0
789.0 -138.0
790.0 -149.0
790.0 -149.0
791.0 -112.0
791.0 -144.0
791.0 -131.0
791.0 -120.0
792.0 -143.0
792.0 -144.0
793.0 -136.0
793.0 -143.0
793.0 -149.0
793.0 -139.0
794.0 -126.0
795.0 -154.0
796.0 -148.0
796.0 -151.0
796.0 -149.0
796.0 -152.0
797.0 -145.0
797.0 -165.0
797.0 -148.0
797.0 -122.0
797.0 -146.0
797.0 -170.0
799.0 -145.0
799.0 -128.0
799.0 -158.0
799.0 -158.0
799.0 -139.0
799.0 -167.0
799.0 -166.0
799.0 -153.0
800.0 -143.0
800.0 -139.0
801.0 -151.0
801.0 -157.0
801.0 -154.0
801.0 -152.0
801.0 -147.0
802.0 -152.0
802.0 -142.0
804.0 -137.0
804.0 -155.0
805.0 -149.0
805.0 -126.0
806.0 -139.0
806.0 -167.0
806.0 -150.0
807.0 -160.0
809.0 -152.0
809.0 -141.0
809.0 -164.0
809.0 -157.0
810.0 -162.0
810.0 -150.0
810.0 -147.0
812.0 -142.0
812.0 -151.0
812.0 -143.0
812.0 -159.0
813.0 -151.0
814.0 -156.0
814.0 -149.0
814.0 -139.0
814.0 -132.0
816.0 -150.0
817.0 -150.0
817.0 -134.0
818.0 -155.0
818.0 -153.0
820.0 -141.0
820.0 -152.0
820.0 -164.0
820.0 -150.0
821.0 -134.0
822.0 -144.0
822.0 -145.0
822.0 -147.0
822.0 -158.0
823.0 -176.0
823.0 -146.0
823.0 -126.0
824.0 -148.0
824.0 -170.0
826.0 -138.0
827.0 -141.0
827.0 -132.0
828.0 -141.0
829.0 -144.0
829.0 -131.0
829.0 -158.0
830.0 -155.0
830.0 -170.0
831.0 -145.0
832.0 -133.0
832.0 -139.0
833.0 -133.0
833.0 -152.0
833.0 -163.0
834.0 -134.0
834.0 -127.0
834.0 -130.0
834.0 -174.0
835.0 -153.0
835.0 -170.0
835.0 -153.0
836.0 -157.0
837.0 -161.0
837.0 -148.0
837.0 -151.0
837.0 -163.0
837.0 -169.0
838.0 -145.0
840.0 -144.0
840.0 -131.0
840.0 -167.0
841.0 -157.0
841.0 -152.0
842.0 -168.0
842.0 -153.0
842.0 -150.0
843.0 -168.0
844.0 -146.0
845.0 -146.0
845.0 -139.0
845.0 -147.0
847.0 -146.0
848.0 -147.0
849.0 -177.0
849.0 -103.0
850.0 -161.0
850.0 -131.0
851.0 -156.0
852.0 -167.0
853.0 -156.0
855.0 -135.0
855.0 -149.0
856.0 -157.0
856.0 -149.0
857.0 -154.0
857.0 -148.0
858.0 -147.0
858.0 -164.0
860.0 -160.0
860.0 -162.0
860.0 -158.0
862.0 -147.0
862.0 -157.0
862.0 -159.0
863.0 -147.0
865.0 -148.0
865.0 -168.0
866.0 -164.0
866.0 -133.0
866.0 -149.0
867.0 -155.0
867.0 -131.0
868.0 -139.0
869.0 -153.0
869.0 -164.0
870.0 -173.0
871.0 -123.0
871.0 -143.0
873.0 -156.0
873.0 -154.0
874.0 -131.0
874.0 -157.0
875.0 -150.0
877.0 -149.0
877.0 -172.0
877.0 -141.0
877.0 -157.0
877.0 -168.0
878.0 -147.0
878.0 -148.0
880.0 -153.0
880.0 -154.0
881.0 -162.0
882.0 -144.0
883.0 -146.0
887.0 -148.0
888.0 -163.0
888.0 -159.0
888.0 -164.0
888.0 -167.0
889.0 -158.0
890.0 -165.0
891.0 -158.0
891.0 -151.0
891.0 -151.0
893.0 -149.0
893.0 -189.0
893.0 -151.0
895.0 -164.0
895.0 -161.0
896.0 -147.0
900.0 -163.0
902.0 -168.0
902.0 -190.0
903.0 -135.0
905.0 -156.0
906.0 -162.0
907.0 -160.0
907.0 -155.0
907.0 -157.0
907.0 -148.0
909.0 -147.0
910.0 -138.0
910.0 -148.0
910.0 -164.0
910.0 -144.0
915.0 -190.0
915.0 -156.0
917.0 -165.0
917.0 -174.0
917.0 -165.0
917.0 -160.0
918.0 -169.0
918.0 -177.0
919.0 -172.0
920.0 -171.0
922.0 -166.0
924.0 -182.0
924.0 -185.0
925.0 -150.0
926.0 -156.0
928.0 -161.0
929.0 -143.0
933.0 -165.0
935.0 -158.0
936.0 -168.0
938.0 -157.0
938.0 -171.0
939.0 -170.0
940.0 -163.0
942.0 -168.0
942.0 -170.0
946.0 -171.0
947.0 -166.0
950.0 -168.0
951.0 -182.0
951.0 -159.0
955.0 -160.0
956.0 -159.0
957.0 -177.0
962.0 -166.0
964.0 -166.0
964.0 -156.0
978.0 -156.0
979.0 -170.0
982.0 -187.0
985.0 -167.0
986.0 -186.0
988.0 -156.0
989.0 -172.0
1005.0 -159.0
1013.0 -175.0
1020.0 -183.0
1033.0 -157.0
1049.0 -180.0
1059.0 -181.0
1059.0 -186.0
1069.0 -192.0
