11111000000000000000000000001100110100000000000011
11011000000000000000010000001100110100000000000011
11011000000000000000010000001100110100000000000011
11111000000000000000010000001100110100000000000011
11111000000000000000010000001100110100000000000011
11111000000000000000010000001100110100000000000011
11111000000000000000010000001100110100000000000011
11111000000000000000010000001100110100000000000011
11111000000000000000010000111101110000000000000011
11111000000000000000011000111111110000000000000011
11111000000000000000011000111110111000000000000011
11111000000000000000011000111110111000000000000011
11111000000000000001110000111110110000000000000011
11111000000000000000011000111110111100000000000011
11111000000000000000011000111110111100000000000011
11111000000000000000011000111110111100000000000011
11111000000000000000011000111110111100000000000011
11111000000000000000011000111110111100000000000011
11111000000000000000011000111110111100000000000011
11111000000000000001110100111111110000000000000011
11111000000000000001110010111111111000000000000011
11111000000000000001110100111111110000000000001011
11111000000000000001110100111111110000000000001011
11111000000000000001111110111101110100000000000011
11111000000000000001111110111101110100000000000011
11111000000000000001111110111101110100000000000011
11111000001000000001110100111111110000000000001011
11111000001000000001110100111111110000000000001011
11111000000010000001110100111111110100000000000011
11111000000010000001110100111111110100000000000011
11111000000010000001110100111111110100000000000011
11111000000010000001110100111111110100000000000011
11111000000010000001110100111111110000000000001011
11111000000010000001110100111111110000000000001011
11111000000010000001111100111111110100000000000011
11111000000011000001110110111111110000000000000011
11111000000010000001110110111111110100000000001011
11111000000011000001111110111101110100000000000011
11111000000011000001111110111101110100000000000011
11111000000011000001111110111101110100000000000011
11111010001010000001111110111111110000000000000011
11111000000011000001111110111101110100000000000011
11111000000010000001110100111011110100000001110011
11111000000011000001110110111111111100000000000011
11111000000010000001110100111111110100000001110011
11111000000010000001110100111111110100000001110011
11111000000010000001110100111111111000000011110011
11111000000010000001110100111111111000000011110011
11111000000010000001110100111111111000000011110011
11111000000010000001110100111111111100000011110011
11111000000010000001110110111111110100000011111011
11111000000010000001110110111111110100000011111011
11111000000010000001110100111111111100000011111011
11111000000010000001111110111111110100000011111011
11111000000010000001111110111111110100000011111011
11111000000011000001111110111110111100000011110011
11111000000010000001111110111111111100000011111011
11111000000010000001111110111111111100000011111011
11111000000010000001111110111111111100000011111011
11111010000010000001111110111111111100000011111011
11111010001010000001111110111111111100000011111011
11111000000010111011111100111101101100000011111011
11111000000010111011111100111101101100000011111011
11111010001011000001111110111111111100000011111011
11111000000010111011111100111111111100000011111011
11111000000010111011111100111111111100000011111011
11111000001010111011111110111110111100000011111011
11111000001010111011111110111110111100000011111011
11111000001010111011111110111110110101000011111011
11111010001010111011111110111110111100000011111011
11111010001010111011111110111110111100000011111011
11111000001010111011110110111101111101000011111011
11111000001010111011110110111101111101000011111011
11111010001011111011111100111011111101000011110011
11111010001010111011111110111110111101000011111011
11111010001010111011111110111110111101000011111011
11111011101010111011111100111111111100000001110011
11111011101010111011111100111111111100000011110011
11111011101010111011111100111111111100000011110011
11111011101010111011111100111101111100000011111011
11111011101010111011111100111101111100000011111011
11111011101010111011111100111101111100000011111011
11111011101010111011111100111111111100000011111011
11111011101011111011111100111011111101000011110011
11111011101011111011111100111011111101000011110011
11111011101010111011111101111011111101000011111011
11111011101010111011111101111011111101000011111011
11111011101010111011111101111011111101000011111011
11111011101011111011111101111011111101000011110011
11111011101011111011111101111011111101000011110011
11111011100010111011111101111111111111000011111011
11111001101010111011111101111111111111000011111011
11111011101011111011111101111011111101000011111011
11111011101010111011111101111111111111000011111011
11111111100010111011111101111111111111000011111011
11111011101010111011111100111110111101001111111111
11111011101010111011111100111110111101001111111111
11111011101010111011111100111110111101001111111111
11111011101011111011111100111110111101001111111111
11111011101011111111111101111011111101001111111111
