11111000000010000000000000111110100000000010000011
11011000000010000001010000111111100000000010000011
11011000000010000001010000111111100000000010000011
11011000000010000001010000111111100000000010000011
11111010000000000001010000111111100000000010000011
11111000000010000001010000111111100000000010000011
11111000000010000001010000111111100000000010000011
11111000000010000001010000111111100000000010000011
11111000000000000001110000111111101000000010000011
11111000000010000001111000111111100000000000000011
11111010000000000001110000111111101000000010000011
11111010000000000001111100111111100000000010000011
11111010000000000001111100111111100000000010000011
11111000000010000001111000111111110000000000000011
11111000000010000001111000111111110000000000000011
11111000000010000001111100111111100000000010000011
11111000000010000001110100111111110000000010000011
11111000000010000001010000111111100000000011110011
11111000000010000001010000111111100000000011110011
11111000000011000001111100111111100000000010000011
11111000000011000001111100111111100000000010000011
11111000000010000001011000111111100000000011110011
11111000000010000001011000111111100000000011110011
11111000000010000001110000111111100000000011110011
11111000000010000001110000111111100000000011110011
11111000000010000001110000111111100000000001111011
11111000000010000001110000111111100000000001111011
11111000000010000001111000111111100000000011110011
11111000000010000001111000111111100000000011110011
11111010000000000001111100111111100000000011110011
11111010000000000001111100111111100000000011110011
11111000000010000001111000111111100000000001111011
11111000000010000001110000111111100001000011110011
11111000000010000001110000111111100001000011110011
11111010000010000001111000111111100000000001111011
11111010000010000001111000111111100000000001111011
11111000000000000001111100111111110100000011110011
11111000000011000001111100111111100000000011110011
11111000000011000001111100111111100000000011110011
11111000000011000001111100111111100000000011110011
11111000000011000001111100111111100000000001111011
11111000000010000001111000111111101001000011110011
11111000000010000001111000111111101001000011110011
11111000000010000001111100111111110000000011111011
11111000000011000011111100111111101000000001110011
11111010000010000001111100111111111000000011110011
11111000000011000001111100111111110000000011111011
11111000000011000001111100111111110000000011111011
11111010000011000001111110111111110000000011110011
11111010000011000001111100111111110000000011111011
11111010000011000001111100111111110000000011111011
11111010000011000001111100111111100001000011111011
11111000000011000001111100111111110001000011111011
11111010000010000001111101111111111001000011110011
11111010000010000001111101111111111001000011110011
11111010000010000001111100111111101001100011111011
11111000000011000001111100111111101001100011111011
11111000000010000011111101111111111001000011111011
11111000000010000011111101111111111001000011111011
11111000000011000001111101111111111001000011111011
11111010000011000001111101111111111001000011111011
11111010000011000001111101111111111001000011111011
11111000000011000001111100111111111001110011111011
11111010000010000001111100111111111101110011111011
11111010000010000001111100111111111101110011111011
11111010000011000001111100111111111101110011110011
11111010000011000001111100111111111101110011110011
11111000000011000001111100111111111101110011111011
11111000000011000001111100111111111101110011111011
11111000000011000001111100111111111101110011111011
11111000000011000001111110111111111101110011111011
11111010000011000001111110111111111101100011111011
11111010000011000001111110111111111101100011111011
11111010000011000001111110111111111101100011111011
11111010000011000001111110111111111101110011111011
11111010000011000001111110111111111101110011111011
11111010000011000001111110111111111101110011111011
11111011101011000001110100111111111001000011111011
11111011001011000001111100111111111101110011110011
11111011001011000001111100111111111101110011110011
11111011100011000001111110111111110001100011111011
11111001001011000001111100111111111101110011111011
11111011101011000001111111111111111001000011110011
11111011001011000001111100111111111101110011111011
11111011101011000001111110111111110001100011111011
11111011101011000001111100111111111001100011111011
11111011101011000001111100111111111001100011111011
11111011101011000001111110111111111101100011110011
11111011101011000001111110111111111101100011111011
11111011110011000001111110111111111101100011111011
11111011101011000001111100111111111101110011111111
11111011111011000001111110111111111101100011111011
11111111101011000101111100111111111101110011111011
11111111101011000101111100111111111101110011111011
11111111101011000101111100111111111101110011111011
11111111111011000001111100111111111001111011111011
11111111111011000101111100111111111101110011111011
11111111111011000101111100111111111101110011111011
11111111111011000101111100111111111101110011111011
11111111111011000101111100111111111101110111111011
