121.4 9.0 55.0 -8.5
121.4 9.0 55.0 -8.5
122.2 10.0 63.0 -9.0
122.2 10.0 63.0 -9.0
128.0 11.0 67.0 -9.5
128.0 11.0 67.0 -9.5
135.5 10.0 61.0 -9.0
135.8 8.0 54.0 -8.5
135.8 8.0 54.0 -8.5
136.4 12.0 79.0 -10.0
136.4 12.0 79.0 -10.0
139.3 13.0 86.0 -10.5
139.3 13.0 86.0 -10.5
140.9 9.0 55.0 -9.0
140.9 9.0 55.0 -9.0
142.2 13.0 83.0 -10.5
142.2 13.0 83.0 -10.5
145.1 14.0 90.0 -11.0
145.1 14.0 90.0 -11.0
146.7 10.0 59.0 -9.5
146.7 10.0 59.0 -9.5
150.0 12.0 75.0 -10.0
153.1 14.0 89.0 -11.0
155.2 14.0 88.0 -11.0
156.0 15.0 96.0 -11.5
156.0 15.0 96.0 -11.5
157.3 14.0 85.0 -11.0
158.1 15.0 93.0 -11.5
159.7 11.0 62.0 -10.0
159.7 11.0 62.0 -10.0
161.0 15.0 90.0 -11.5
163.9 16.0 97.0 -12.0
163.9 16.0 97.0 -12.0
165.5 12.0 66.0 -10.5
171.8 13.0 81.0 -11.0
174.8 17.0 103.0 -12.5
174.8 17.0 103.0 -12.5
179.6 13.0 72.0 -11.0
188.9 18.0 109.0 -13.0
188.9 18.0 109.0 -13.0
193.5 16.0 95.0 -12.5
197.9 14.0 71.0 -12.0
200.4 18.0 105.0 -13.5
200.7 12.0 58.0 -11.0
200.7 12.0 58.0 -11.0
205.6 19.0 110.0 -14.0
205.6 19.0 110.0 -14.0
208.1 14.0 69.0 -12.0
208.1 14.0 69.0 -12.0
211.4 20.0 114.0 -14.5
211.4 20.0 114.0 -14.5
214.2 13.0 60.0 -11.5
214.2 13.0 60.0 -11.5
219.1 20.0 112.0 -14.5
220.0 14.0 64.0 -12.0
222.3 21.0 120.0 -15.0
222.3 21.0 120.0 -15.0
225.7 19.0 109.0 -14.5
229.4 15.0 71.0 -13.0
230.2 14.0 62.0 -12.0
230.2 14.0 62.0 -12.0
232.9 21.0 115.0 -15.0
235.8 22.0 122.0 -15.5
235.8 22.0 122.0 -15.5
236.0 15.0 66.0 -12.5
236.0 15.0 66.0 -12.5
239.2 20.0 116.0 -15.0
243.5 16.0 77.0 -13.5
246.9 16.0 75.0 -13.5
246.9 16.0 75.0 -13.5
249.9 23.0 128.0 -16.0
249.9 23.0 128.0 -16.0
252.1 17.0 80.0 -14.0
253.3 23.0 126.0 -16.0
255.3 22.0 122.0 -16.0
258.9 19.0 102.0 -15.0
266.2 18.0 86.0 -14.5
266.2 18.0 86.0 -14.5
266.9 24.0 136.0 -16.5
269.4 23.0 128.0 -16.5
272.8 23.0 126.0 -16.5
274.6 19.0 98.0 -15.0
276.5 19.0 94.0 -15.0
276.5 19.0 94.0 -15.0
280.9 22.0 117.0 -16.5
286.2 20.0 103.0 -15.5
286.4 24.0 136.0 -17.0
286.9 24.0 132.0 -17.0
290.6 20.0 100.0 -15.5
290.6 20.0 100.0 -15.5
292.5 24.0 131.0 -17.0
293.5 21.0 107.0 -16.0
293.5 21.0 107.0 -16.0
294.2 22.0 115.0 -16.5
294.2 22.0 115.0 -16.5
295.0 23.0 123.0 -17.0
295.0 23.0 123.0 -17.0
303.9 25.0 140.0 -17.5
312.0 24.0 131.0 -17.5
312.0 24.0 131.0 -17.5
