110.7 9.0 50.0 -8.0
113.9 11.0 70.0 -8.5
113.9 11.0 70.0 -8.5
115.8 8.0 47.0 -7.5
115.8 8.0 47.0 -7.5
116.8 11.0 67.0 -8.5
116.8 11.0 67.0 -8.5
120.9 9.0 48.0 -8.0
120.9 9.0 48.0 -8.0
121.6 10.0 56.0 -8.5
121.6 10.0 56.0 -8.5
122.5 11.0 70.0 -9.0
123.9 9.0 55.0 -8.5
124.3 12.0 66.0 -9.0
125.6 9.0 46.0 -8.0
126.8 10.0 62.0 -9.0
128.3 11.0 73.0 -9.5
128.3 11.0 73.0 -9.5
129.7 10.0 59.0 -9.0
129.7 10.0 59.0 -9.0
130.7 9.0 46.0 -8.5
132.6 11.0 66.0 -9.5
133.4 12.0 74.0 -10.0
135.3 8.0 47.0 -8.0
137.2 11.0 58.0 -9.5
137.2 11.0 58.0 -9.5
141.2 13.0 71.0 -10.0
143.5 12.0 72.0 -10.0
144.3 13.0 80.0 -10.5
145.3 9.0 46.0 -9.0
146.1 10.0 54.0 -9.5
148.2 12.0 70.0 -10.0
150.4 9.0 46.0 -9.5
152.2 14.0 81.0 -11.0
152.2 14.0 81.0 -11.0
154.1 13.0 78.0 -11.0
156.1 13.0 65.0 -10.5
156.9 11.0 58.0 -10.5
157.0 13.0 75.0 -11.0
159.1 13.0 74.0 -11.0
159.9 14.0 82.0 -11.5
159.9 14.0 82.0 -11.5
165.5 9.0 53.0 -10.0
166.0 12.0 68.0 -11.0
166.3 10.0 61.0 -10.5
166.3 10.0 61.0 -10.5
169.9 9.0 46.0 -10.0
169.9 9.0 46.0 -10.0
170.6 10.0 54.0 -10.5
170.9 15.0 79.0 -11.5
171.4 11.0 62.0 -11.0
172.9 15.0 85.0 -12.0
172.9 15.0 85.0 -12.0
173.6 13.0 78.0 -11.5
175.0 12.0 57.0 -11.0
175.7 10.0 50.0 -10.5
175.7 10.0 50.0 -10.5
176.3 14.0 73.0 -11.5
177.2 12.0 66.0 -11.5
178.7 16.0 89.0 -12.5
178.7 16.0 89.0 -12.5
179.4 14.0 82.0 -12.0
184.8 14.0 75.0 -12.0
184.8 14.0 75.0 -12.0
188.7 11.0 53.0 -11.0
188.7 11.0 53.0 -11.0
189.9 16.0 88.0 -12.5
192.8 17.0 95.0 -13.0
192.8 17.0 95.0 -13.0
194.0 15.0 77.0 -12.5
194.5 12.0 57.0 -11.5
194.5 12.0 57.0 -11.5
195.2 13.0 65.0 -12.0
196.2 17.0 93.0 -13.0
198.2 16.0 89.0 -13.0
204.3 14.0 75.0 -12.5
208.6 13.0 63.0 -12.0
208.6 13.0 63.0 -12.0
209.8 18.0 103.0 -13.5
209.8 18.0 103.0 -13.5
210.1 15.0 79.0 -13.0
210.3 18.0 99.0 -13.5
212.0 13.0 61.0 -12.0
212.0 13.0 61.0 -12.0
212.3 17.0 95.0 -13.5
213.5 15.0 77.0 -13.0
215.7 17.0 93.0 -13.5
226.1 14.0 67.0 -12.5
226.1 14.0 67.0 -12.5
226.8 15.0 75.0 -13.0
226.8 15.0 75.0 -13.0
227.3 19.0 107.0 -14.0
227.3 19.0 107.0 -14.0
227.6 16.0 83.0 -13.5
227.6 16.0 83.0 -13.5
229.3 18.0 103.0 -14.0
229.8 18.0 99.0 -14.0
229.8 18.0 99.0 -14.0
246.8 19.0 107.0 -14.5
246.8 19.0 107.0 -14.5
