1000100010100111000101011001010000000111001
1000100010100111000101011001010000000111001
1000100010100111000101011101010000000111001
1100100010100111000101011001010000000111001
1100100010100111000101011101010000000111001
1000100010100111000101011001110010000111001
1100100010100111000101011101010000000111101
1100100010100111000101011101010000000111101
1000101010111111000101011101010000000111001
1000101010111111000101011101010000000111001
1000100010100111000101011001111010000111001
1000101010111111000101011101010000000111101
1000101010111111000101011101010000000111101
1000100010100111111101111100110010000111001
1000100010100111111101111100110010000111001
1000101010111111000101011001110010000111001
1100100011100111000101001001110010000111001
1100100011100111000101001001110010000111001
1000101010101111000101011001110010000111101
1100100011100111000101011001110010000111001
1000101010111111100101011100110010000111101
1000101010101111000101011001111010000111001
1000101010111111111101111000110010000111001
1000101010111111111101111000110010000111001
1100101010111111000101011001110010000111101
1000101010111111101101111100110010000111001
1000101010111111111101111100110010000111001
1000101010111111111101111100110010000111001
1100100011100111000101011001111010000111001
1100101011101111000101001001110010000111001
1000101010111111111101111100110010000111101
1000101010111111111101111100110010000111101
1000101010111111001101111001111010000111001
1100101011101111000101011001110010000111001
1100101011101111000101011001110010000111001
1000101011111111000101011001111010000111001
1100101010111111110101111100110010000111101
1000101010111111111101111100110010001111101
1000101010111111111101111100110010001111101
1100111010111111000101011001111010000111001
1100101011101111000101011001111010000111001
1100101011101111000101011001111010000111001
1011101010111111111101111100110010000111101
1011101010111111111101111100110010000111101
1100101011101111000101011001111010000111101
1100101011101111000101011001111010000111101
1111101011111111000101011001110010000111001
1100111010111111001101111001111010000111001
1111101011111111000101011101110010000111001
1011101010111111111101111100110010001111101
1011101010111111111101111100110010001111101
1100101010111111111101111100111010001111001
1111101011101111000101011001111010000111001
1111101011101111000101011001111010000111001
1111101011111111111101111000110010000111001
1111101011101111000101011001111010000111101
1111101011101111000101011001111010000111101
1111101010111111111101111100110010001111101
1111111010111111001101111001111010000111001
1111101011101111000101011101111010000111101
1111111010111111001101111001111010000111101
1011101011111111000101011101111010100111101
1111101010111111111101111100111010001111101
1111101010111111111101111100111010001111101
1111101011101111000101011001111010100111101
1111101011101111000101011001111010100111101
1111111011101111000101011101111010000111101
1111101011101111001101111101111010000111101
1111101011101111000101011101111010100111101
1111101011101111000101011101111010100111101
1111101011111111000101011101111010100111101
1111111010111111111101111100111010001111101
1111111010111111111101111100111010001111101
1111101011101111111101111100111010001111101
1111101011111111111101111100111010001111101
1111111011101111000101011101111010100111101
1111111011101111000101011101111010100111101
1111111011111111000101011101111010100111101
1111111011111111000101011101111010100111101
1111101011111111001101111100111010011111101
1111111010111111111101111100111010001111111
1111111010111111111101111100111010001111111
1111111010111111111101111100111010101111101
1111101011101111001101111101111010101111101
1111111011111111001101111100111010011111101
1111111011111111011101111100111010011111101
1111101011111111011101111100111010111111101
1111111011101111000101111101111010101111101
1111111011101111001101111101111010101111101
1111111011101111001101111101111010101111101
1111111010111111111101111100111010101111111
1111111010111111111101111100111010101111111
1111111011111111001101111101111010101111101
1111111011111111001101111101111010101111101
1111111011111111111101111100111010100111111
1111101011111111011101111110111010111111101
1111111011111111001101111111111010101111101
1111111011111111001101111111111010101111101
1111111011111111111101111100111010101111111
1111111011111111111101111110111010101111111
