128.2 7.0 34.0 -16.8
128.2 7.0 34.0 -16.8
129.0 8.0 42.0 -18.0
129.0 8.0 42.0 -18.0
133.3 7.0 34.0 -18.0
134.1 8.0 42.0 -19.2
139.1 8.0 38.0 -19.2
139.9 9.0 46.0 -20.4
139.9 9.0 46.0 -20.4
144.4 7.0 34.0 -19.2
146.1 11.0 65.0 -21.6
146.1 11.0 65.0 -21.6
146.7 11.0 62.0 -22.8
148.3 10.0 58.0 -21.6
150.4 10.0 57.0 -21.6
153.0 7.0 34.0 -20.4
157.0 12.0 69.0 -24.0
157.0 12.0 69.0 -24.0
162.0 11.0 66.0 -24.0
162.8 12.0 74.0 -25.2
162.8 12.0 74.0 -25.2
164.1 7.0 34.0 -21.6
167.3 11.0 61.0 -24.0
168.6 13.0 78.0 -26.4
168.6 13.0 78.0 -26.4
171.9 12.0 68.0 -25.2
173.8 11.0 62.0 -25.2
176.0 11.0 61.0 -25.2
179.0 9.0 48.0 -24.0
179.5 14.0 84.0 -27.6
179.5 14.0 84.0 -27.6
182.9 9.0 41.0 -24.0
183.6 7.0 34.0 -22.8
183.6 7.0 34.0 -22.8
184.4 8.0 42.0 -24.0
187.4 15.0 85.0 -28.8
187.4 15.0 85.0 -28.8
188.7 10.0 45.0 -25.2
189.4 8.0 38.0 -24.0
189.4 8.0 38.0 -24.0
190.2 9.0 46.0 -25.2
192.7 14.0 81.0 -28.8
194.8 13.0 68.0 -27.6
197.7 14.0 77.0 -28.8
198.3 16.0 91.0 -30.0
198.3 16.0 91.0 -30.0
199.4 11.0 55.0 -26.4
200.8 13.0 72.0 -28.8
202.4 9.0 41.0 -25.2
202.4 9.0 41.0 -25.2
202.8 11.0 51.0 -26.4
203.2 10.0 49.0 -26.4
206.4 15.0 82.0 -30.0
208.2 10.0 45.0 -26.4
208.2 10.0 45.0 -26.4
209.0 11.0 53.0 -27.6
209.0 11.0 53.0 -27.6
209.4 16.0 91.0 -31.2
214.6 14.0 75.0 -30.0
216.0 16.0 89.0 -31.2
222.3 11.0 51.0 -27.6
223.1 12.0 59.0 -28.8
223.5 17.0 97.0 -32.4
223.5 17.0 97.0 -32.4
225.7 11.0 49.0 -27.6
225.7 11.0 49.0 -27.6
228.7 16.0 92.0 -32.4
228.9 16.0 91.0 -32.4
231.6 16.0 88.0 -32.4
233.6 13.0 70.0 -30.0
237.0 15.0 82.0 -32.4
238.5 14.0 79.0 -31.2
238.7 13.0 66.0 -30.0
239.8 12.0 55.0 -28.8
239.8 16.0 92.0 -33.6
239.8 12.0 55.0 -28.8
240.6 13.0 63.0 -30.0
240.6 13.0 63.0 -30.0
242.8 14.0 72.0 -31.2
243.6 15.0 80.0 -32.4
250.5 16.0 84.0 -33.6
250.8 14.0 71.0 -31.2
253.0 14.0 70.0 -31.2
253.5 17.0 98.0 -34.8
256.9 15.0 78.0 -32.4
264.2 14.0 69.0 -31.2
264.2 14.0 69.0 -31.2
267.1 15.0 76.0 -32.4
267.1 15.0 76.0 -32.4
267.2 16.0 80.0 -33.6
268.0 17.0 88.0 -34.8
270.9 18.0 95.0 -36.0
270.9 18.0 95.0 -36.0
281.3 17.0 86.0 -34.8
281.3 17.0 86.0 -34.8
284.3 18.0 93.0 -36.0
285.0 19.0 101.0 -37.2
285.0 19.0 101.0 -37.2
302.0 20.0 109.0 -38.4
302.0 20.0 109.0 -38.4
