1000101100101111000101101000010100001001001
1000101100101111000101101000010100001001001
1000101100101111001101101000010100001001001
1000101100101111001101101000010100001001001
1000101100101111010101101000010100001001001
1000101100101111011101101000010100001001001
1000101100101111011101101000010100001001001
1000101100111111011101101000010100001001001
1000101100111111011101101000010100001001001
1000101110101111111101101000010100001001001
1000101110111111111101101000010100001001001
1000101110111111111101101000010100001001001
1000101110111111100101101100010100001001001
1000101100101111001101101000011100001001001
1000101110111111101101111000010100001011001
1000101110111111111101111000010100001011001
1000101110111111111101111000010100001011001
1000101100101111000101111100010100001111001
1000101110111111111101111000010100001111001
1000101101101111000101101000010100001011001
1000101110111111111101111100010100001111001
1000101110111111111101111100010100001111001
1000101101101111000101101000010100001111001
1000101110111111100101111000011100001111001
1000101110111111111101111100010100001111101
1000101110111111111101111100010100001111101
1000101110111111100101111000011100001111101
1100101101101111000101101000010100001111001
1100101101101111000101111000010100001111001
1100101110111111111101111100010100001111101
1111101110111111111101111000010100001011001
1111101110111111111101111000010100001011001
1100101101101111000101111000010100001111101
1011101110111111111101111100010100001111101
1011101110111111111101111100010100001111101
1000101111101111000101101001110110001111001
1100101111101111111101111100010100001111001
1111101110111111111101111100010100001111001
1100101111111111000101111101010100001111101
1111101110111111111101111100010100001111101
1100101111101111000101101001110110001111001
1100101111101111000101101001110110001111001
1111111110111111100101111000010100001111101
1100101111101111000101111001110110001111001
1100101111101111000101111001110110001111001
1111101110111111111101111100011100001111001
1011101110111111111101111100110110001111101
1111101110111111110101111100110110001111001
1111101110111111111101111100110110001111001
1100101111101111000101111001111110001111001
1100101111101111000101111001111110001111001
1111101110111111111101111100110110001111101
1100101111101111000101111001111110001111101
1100101111101111000101111001111110001111101
1100101111111111000101111001111110001111101
1111101110111111000101111101111110001111101
1111101110111111111101111100111110001111101
1111101110111111111101111100111110001111101
1111101111101111000101111001111110001111001
1111101111101111000101111001111110001111001
1111101111101111000101111001111110001111101
1111101111101111000101111001111110001111101
1111111110111111111101111100111110001111101
1111111110111111111101111100111110001111101
1111101110111111000101111101111110101111101
1111101111101111000101111101110110101111101
1111111111111111111101101000111110001111101
1111101111101111000101111001111110101111101
1111101111101111000101111001111110101111101
1111111110111111111101111110111110001111101
1111111110111111111101111110111110001111101
1111111110111111111101111100111110001111111
1111101111101111000101111101111110101111101
1111101111101111000101111101111110101111101
1111111111111111111101111100111110001111101
1111101110111111011101111110111110111111101
1111101110111111011101111100111110111111111
1111111111101111000101111101111110101111101
1111111111101111000101111101111110101111101
1111111110111111111101111110111110001111111
1111111110111111111101111110111110001111111
1111111111111111111101111110111110001111101
1111111111111111111101111100111110001111111
1111111111111111011101111100111110111111001
1111111111101111010101111100111110111111101
1111111111101111010101111100111110111111101
1111111111101111011101111100111110111111101
1111111111101111011101111100111110111111101
1111111111111111011101111100111110111111101
1111111111111111011101111100111110111111101
1111111111111111111101111110111110001111111
1111111111111111111101111110111110001111111
1111111111111111111101111110111110101111101
1111111110111111011101111110111110111111111
1111111111111111011101111100111110111111111
1111111111111111011101111100111110111111111
1111111111111111111101111110111110101111111
1111111111111111111101111110111110101111111
1111111111111111011101111110111110111111111
1111111111111111011101111110111110111111111
