1000001100101111000100101000010100001010101
1000001100101111000100101000010100001010101
1000001100101111001100101000010100001010101
1000001100101111001100101000010100001010101
1000001100111111001100101000010100001010101
1000001100111111001100101000010100001010101
1000001110101111000100111001010100001010001
1000001100111111011100101000010100001010101
1000001100111111011100101000010100001010101
1000001110111111101100111000010100001010001
1000001110111111111100111000010100001010001
1000001110111111111100111000010100001010001
1000001110101111000100111001010100001010101
1000001110111111111100111000010100001010101
1000001110111111111100111000010100001010101
1000101110111111111100111000010100001010001
1000001110111111111100111100010100001010101
1000001110111111111100111100010100001010101
1000001110101111000100111001110110001010001
1000101110111111111100111100010100001110001
1000101110101111000100111001110110001010001
1000101110111111111100111100010100001110101
1000101110101111000100111001110110001110001
1000101110101111111100111100011100001110001
1000101110101111111100111100011100001110101
1011101110111111111100111100010100001110001
1011101110111111111100111100010100001110001
1011101110111111111100111100010100001110101
1011101110111111111100111100010100001110101
1011101110101111000100111001110110001110001
1000101110101111000100111000111110011110001
1000101111101111000100111001110110001110101
1000101111101111000100111000110110011110001
1000101111101111000100111000110110011110001
1011101110111111111100111100011100001110101
1011101110111111111100111100011100001110101
1011101110111111111100111100110110001110001
1000101111101111001100111000110110011110101
1011101110111111111100111100110110001110101
1000101111101111000100111000111110011110001
1000101111101111000100111000111110011110001
1011101110111111101100111100111110001110101
1000101111101111000100111000111110011110101
1011101110111111111100111100111110001110101
1000101111111111001100111100111110011110101
1011111110111111101100111100111110001110101
1011111110111111111100111100111110001110101
1000101110101111111101111100111110001111101
1000101111101111000101111000110110011111101
1000101111101111000101111000110110011111101
1000101111101111000101111100110110011111101
1000101111111111000101111100110110011111101
1011111110111111101100111100111110101110101
1011111110111111111100111100111110001110111
1011111110111111111100111100111110001110111
1000101110111111111101111110111110001111101
1000101111101111000101111000111110011111101
1111101110101111000101111100110110011111101
1000101111101111000101111100111110011111101
1011101110111111000101111100111110011111101
1100101111101111000101111010110110011111101
1011111110111111111100111100111110101110111
1011111110111111111100111100111110101110111
1111101111101111000101111000110110011111101
1111101111101111000101111000110110011111101
1111101111111111111101111100110110001111101
1000111111111111000101111100111110011111101
1111101110111111111101111110111110001111101
1111101111101111000101111000111110011111101
1111101111101111000101111000111110011111101
1111111110111111111101111100110110101111101
1111111111101111101101111100111110001111001
1111111111111111000101111100110110011111101
1111111110111111111101111110111110001111101
1111111110111111111101111110111110001111101
1111111111101111000101111000111110011111101
1111111111101111000101111000111110011111101
1111111111101111111101111100111110001111101
1111111111111111111101111100111110001111101
1111111111101111000101111100111110011111101
1111111111101111000101111100111110011111101
1111111111111111000101111100111110011111101
1111111111111111000101111100111110011111101
1111111111111111010101111100111110011111101
1111111110111111111101111110111110101111101
1111111110111111111101111110111110101111101
1111111111101111111101111100111110101111101
1111111111101111111101111100111110101111101
1111111111111111111101111100111110101111101
1111111111111111111101111100111110101111101
1111111111111111000101111100111110111111101
1111111110111111111101111110111110101111111
1111111110111111111101111110111110101111111
1111111111111111111101111110111110001111111
1111111111111111111101111110111110001111111
1111111111111111111101111110111110101111101
1111111111111111111101111100111110101111111
1111111111111111111101111100111110101111111
1111111111111111111101111110111110101111111
1111111111111111111101111110111110101111111
