105.6 9.0 47.0 -16.8
105.6 9.0 47.0 -16.8
107.2 7.0 37.0 -13.2
107.2 7.0 37.0 -13.2
110.7 9.0 47.0 -18.0
112.3 8.0 38.0 -14.4
112.3 8.0 38.0 -14.4
115.8 7.0 37.0 -14.4
115.9 10.0 52.0 -19.2
115.9 10.0 52.0 -19.2
118.1 9.0 42.0 -15.6
120.9 7.0 37.0 -15.6
121.7 11.0 56.0 -20.4
121.7 11.0 56.0 -20.4
127.8 12.0 70.0 -21.6
128.1 7.0 37.0 -16.8
133.0 13.0 75.0 -22.8
133.0 13.0 75.0 -22.8
133.2 7.0 37.0 -18.0
138.8 14.0 79.0 -24.0
138.8 14.0 79.0 -24.0
139.0 8.0 41.0 -19.2
146.7 8.0 39.0 -19.2
149.7 15.0 85.0 -25.2
149.7 15.0 85.0 -25.2
151.8 9.0 40.0 -20.4
153.7 8.0 44.0 -20.4
155.4 15.0 87.0 -26.4
157.1 14.0 71.0 -25.2
157.6 10.0 44.0 -21.6
158.8 9.0 45.0 -21.6
161.2 16.0 91.0 -27.6
161.2 16.0 91.0 -27.6
172.1 17.0 97.0 -28.8
172.1 17.0 97.0 -28.8
173.4 10.0 44.0 -22.8
179.2 11.0 48.0 -24.0
180.0 18.0 98.0 -30.0
186.5 15.0 84.0 -27.6
186.8 17.0 100.0 -30.0
190.9 19.0 104.0 -31.2
190.9 19.0 104.0 -31.2
200.5 19.0 105.0 -32.4
207.5 11.0 51.0 -25.2
211.4 20.0 111.0 -33.6
212.5 11.0 48.0 -26.4
219.3 11.0 53.0 -27.6
219.3 11.0 53.0 -27.6
221.6 10.0 52.0 -26.4
224.9 21.0 113.0 -34.8
224.9 21.0 113.0 -34.8
232.8 12.0 55.0 -28.8
232.8 12.0 55.0 -28.8
239.0 22.0 119.0 -36.0
239.3 13.0 57.0 -30.0
239.3 13.0 57.0 -30.0
244.1 17.0 95.0 -34.8
251.6 14.0 62.0 -31.2
254.7 20.0 109.0 -37.2
257.9 19.0 108.0 -37.2
264.0 14.0 59.0 -32.4
265.6 21.0 115.0 -38.4
269.2 15.0 64.0 -33.6
269.2 15.0 64.0 -33.6
276.7 21.0 115.0 -39.6
283.3 16.0 70.0 -34.8
283.3 16.0 70.0 -34.8
287.3 21.0 110.0 -39.6
290.2 22.0 117.0 -40.8
294.3 17.0 85.0 -36.0
300.1 18.0 89.0 -37.2
301.6 18.0 81.0 -36.0
301.6 18.0 81.0 -36.0
304.3 23.0 123.0 -42.0
304.3 23.0 123.0 -42.0
309.7 22.0 117.0 -42.0
309.8 20.0 102.0 -38.4
317.6 19.0 93.0 -38.4
317.6 19.0 93.0 -38.4
320.9 24.0 133.0 -43.2
320.9 24.0 133.0 -43.2
322.8 20.0 98.0 -39.6
322.8 20.0 98.0 -39.6
323.8 23.0 123.0 -43.2
329.6 22.0 115.0 -40.8
336.9 21.0 104.0 -40.8
336.9 21.0 104.0 -40.8
337.9 25.0 141.0 -44.4
338.4 25.0 137.0 -44.4
339.8 22.0 111.0 -42.0
339.8 22.0 111.0 -42.0
340.5 23.0 119.0 -43.2
341.3 24.0 127.0 -44.4
341.3 24.0 127.0 -44.4
355.4 26.0 145.0 -45.6
355.4 26.0 145.0 -45.6
357.4 25.0 141.0 -45.6
358.3 25.0 135.0 -45.6
358.3 25.0 135.0 -45.6
374.9 26.0 145.0 -46.8
