1000100010100111100100011000010000000010001
1000100010100111100100011000010000000010001
1000000001100111000100001000010000000010001
1000000001100111000100001000010000000010001
1000100010100111100100011000010000000110001
1000000001100111000100011000010000000010001
1000000001100111000100011000010000000010001
1000100001100111000100001000010000000010001
1000100010100111100100011100010000000110001
1000100010100111100100011100010000000110001
1000000001100111000100011000010000000010101
1000100001100111000100001000010000000110001
1000100010100111100100011100010000000110101
1000100010100111100100011100010000000110101
1000100010100111111100111000010000000110001
1000100011100111000100001000010000010010001
1000100010100111111100111100010000000110001
1000100010100111111100111100010000000110001
1000100011100111000100001000010000010110001
1000100010100111111100111100010000000110101
1000100010100111111100111100010000000110101
1000100011100111000100001000010000010110101
1000100011100111000100001000011000010110001
1000100010100111111100111100010000001110101
1000100010100111111100111100010000001110101
1000100011100111000100011000011000010110001
1000100011100111000100001000110001010110001
1000101010111111111100111100010000000110001
1011101010111111100100011100010000000110001
1000100011100111000100011000011000010110101
1000100011100111000100011000110001010110001
1000101010111111111100111100010000000110101
1000101010111111111100111100010000000110101
1000101010111111111100111100010000001110101
1000101010111111111100111100010000001110101
1000101011101111000100011000011000010110001
1000101011101111000100011000011000010110101
1011101010111111111100111100010000000110101
1000100011100111111100111100111001000110001
1000101010111111111100111100110001001110001
1011101010111111111100111100010000001110101
1011101010111111111100111100010000001110101
1011101010111111111100111100110001000110101
1000100011100111000101011000111001010111001
1011101010111111111100111100110001001110101
1000100011100111000101011000111010010111101
1100101011101111000101011001110001000111001
1100101011101111000101011001110001000111001
1100101011101111000101001000110001010111001
1011101010111111111100111100111001001110101
1011101010111111111100111100111001001110101
1100101011101111000101011001111001000111001
1100101011101111000101011001111001000111001
1011111010111111111100111100111001001110101
1000101011101111000101011100111010010111101
1000101011101111000101011100111010010111101
1100101010111111001111111100110101010111101
1111101011101111000101011001111001000111001
1011101010111111011111111100110101010111101
1100101010111111011111111100110101011111101
1111101011101111000101011000111010010111101
1011101010111111011111111100110101011111101
1111101011101111000101011100111010010111101
1111101011101111000101011100111010010111101
1111101010111111011111111100110101011111101
1111111011101111000101011100111010010111101
1111111011101111000101011100111010010111101
1111101010111111001111111100111101011111101
1111101010111111011111111100111101011111101
1111101011101111000111111000111101011111001
1111101011101111000111111000111101011111101
1111111011101111000101011100111001110111101
1111111011101111000101011100111001110111101
1111111010111111011111111100111101011111101
1111111010111111011111111100111101011111101
1111101011111111011111111100111101011111101
1001111011101111000111111100111101111111101
1111101011101111000111111000111101111111101
1111101011101111000111111000111101111111101
1111111010111111011111111110111101011111101
1111111010111111011111111110111101011111101
1111101011101111000111111100111101111111101
1111101011101111000111111100111101111111101
1111111011111111011111111100111101011111101
1111111011101111011111111100111101111011001
1111111011101111000111111100111101111111101
1111111011101111000111111100111101111111101
1111111010111111011111111110111101011111111
1111111010111111011111111110111101111111101
1111111011101111010111111100111101111111101
1111111011101111010111111100111101111111101
1111111011101111011111111100111101111111101
1111111011111111011111111100111101111111101
1111111011111111011111111100111101111111101
1111111010111111011111111110111101111111111
1111111010111111011111111110111101111111111
1111111011111111011111111110111101011111111
1111111011111111011111111100111101111111111
1111111011111111011111111100111101111111111
1111111011111111011111111110111101111111111
