1000100010100111101100111000010000000010001
1000100010100111101100111000010000000010001
1000100010100111101100111000010000000110001
1000100010100111101100111100010000000110001
1000100010100111101100111100010000000110001
1000100010100111111100111100010000000110001
1000100010100111111100111100010000000110001
1000100010100111101100111100010000000110101
1000100010100111101100111100010000000110101
1000100010100111111100111100010000000110101
1000100010100111111100111100010000000110101
1000100010100111101100111000011000000110101
1000100010100111000101011101010000000011001
1000100010100111000101011000010000010011001
1011100010100111111100111100010000000110001
1011100010100111111100111100010000000110001
1000100010100111111100111100011000000110101
1011100010100111111100111100010000000110101
1011100010100111111100111100010000000110101
1000101010111111111100111100010000000110101
1000100011100111000101001000010000010011001
1000101010111111111100111000011000000110001
1000101010111111111100111100011000000110001
1011100010100111111100111100011000000110101
1100100011100111000101001000010000010011001
1011101010111111111100111100010000000010101
1011101010111111111100111100010000000010101
1011101010111111110100111100010000000110101
1100100011100111000101001000010000010111001
1011101010111111111100111100010000000110101
1100100011100111000101001100010000010111001
1000100011100111000101001000110010010111001
1111100010100111000101011000010000010111101
1011101010111111111100111100011000000110101
1011101010111111111100111100011000000110101
1100100011100111000101001000110010010111001
1100100011100111000101001000110010010111001
1000100011100111000101011100110010010111101
1100100011100111000101011000110010010111001
1100100011100111000101011000110010010111001
1011101010111111111100111100011000001110101
1011101011111111111100101100010000001110101
1000100010100111011101111100110010011111101
1100100011100111000101011000111010010111001
1011111010111111111100111100011000001110101
1011111010111111111100111100011000001110101
1011101010101111000101011000110010010111101
1011111010111111111101101100010000000111101
1100101011101111000101011000110010010111001
1100101011101111000101011000110010010111001
1111101010111111000101011000110010010111001
1111101010101111000101011000110010010111101
1011111010111111111100111100011000001110111
1011111010111111111100111100011000001110111
1100101011101111000101011000111010010111001
1100101011101111000101011000111010010111001
1111111010111111111101111100010000000111101
1111101010101111000101011000111010010111101
1100101011101111000101011000111010010111101
1100101011101111000101011000111010010111101
1111101010101111000101011100111010010111101
1111111010111111111101111100010000001111101
1111111011111111000101001000110010010111001
1111101011101111000101011000111010010111001
1111101011101111000101011000111010010111001
1111101011101111000101011000111010010111101
1111101011101111000101011000111010010111101
1111101010111111011101111100110010011111101
1111111011111111000101011100110010010111101
1111101010111111011101111100111010011111101
1111101010111111011101111100111010011111101
1111101011101111000101011000111010110111101
1111101011101111000101011000111010110111101
1111111011101111000101011100111010010111101
1111101011101111000101011100111010110111101
1111101011101111000101011100111010110111101
1111101011111111011101111100111010010111101
1111111010111111011101111100111010011111101
1111101011101111011101111100111010011111101
1111111011101111000101011100111010110111101
1111111011101111000101011100111010110111101
1111101011101111011101111100111010110111101
1111111010111111011101111100111010111111101
1111111010111111011101111100111010111111101
1111101011101111000101111100111010111111101
1111101011101111000101111100111010111111101
1111111011111111011101111100111010110111101
1111111011101111000101111100111010111111101
1111111011101111000101111100111010111111101
1111111011101111001101111100111010111111101
1111111011101111001101111100111010111111101
1111111010111111011101111100111010111111111
1111111010111111011101111100111010111111111
1111111011111111011101111110111010011111101
1111111011101111011101111100111010111111101
1111111011101111011101111100111010111111101
1111111011111111011101111100111010111111101
1111111011111111011101111100111010111111101
1111111011111111011101111110111010111111101
1111111011111111011101111110111010111111101
