1000100000100111000101011000010000000111001
1000100010100111000101011001010000000111001
1000100010100111000101011001010000000111001
1000100010100111000101011101010000000111001
1000100010100111000101011101010000000111001
1000100010100111000101011101010000000111101
1000100010100111000101011101010000000111101
1000100010100111111101111000010000000111001
1000100010100111111101111000010000000111001
1100100010100111000101011000010000010111001
1000100010100111111101111100010000000111001
1000100010100111111101111100010000000111001
1000100010100111101101111100010000000111101
1000100010100111111101111100010000000111101
1000100010100111111101111100010000000111101
1100100010100111000101011011010000000111001
1000100010100111000101011001111010000111001
1000100011100111000101001001110010000111001
1000100010100111111101111100010000001111101
1000100010100111111101111100010000001111101
1100100010100111000101011111010000000111101
1000101010111111111101111100010000000111001
1000101010111111111101111100010000000111001
1100100011100111000101001001110010000111001
1100100011100111000101001001110010000111001
1100110010100111111101111100010000000111001
1000101010111111111101111100010000000111101
1000101010111111111101111100010000000111101
1111100010100111111101111100010000000111101
1100100011100111000101011000110010010111001
1100100011100111000101011000110010010111001
1000101010111111111101111100010000001111101
1000101010111111111101111100010000001111101
1100100011100111000101011001111010000111001
1011101011101111000101011001010000000111101
1011101010111111111101111100010000000111101
1011101010111111111101111100010000000111101
1100101011101111000101011001110010000111001
1100101011101111000101011001110010000111001
1011101010111111000101011100110010010111001
1011101010111111111101111100010000001111101
1011101010111111111101111100010000001111101
1111101011111111000101011101010000000111101
1100101011101111000101011001111010000111001
1100101011101111000101011001111010000111001
1000101010111111111101111100111010001111001
1011101010111111111101111100110010000111101
1100101011101111000101011001111010000111101
1100101011101111000101011001111010000111101
1011101011111111000101011100110010010111001
1111101011101111000101011001110010000111101
1011101010111111111101111100110010001111101
1111101011101111000101011001111010000111001
1111101011101111000101011001111010000111001
1111111011111111001101111101010000000111001
1111101011101111000101011001111010000111101
1111101011101111000101011001111010000111101
1111101010111111111101111100110010001111101
1011101011101111111101111100110010001111101
1111101010111111111101111100111010001111001
1011101011101111000101011101111010100111101
1111101010111111111101111100111010001111101
1111101010111111111101111100111010001111101
1111111011101111000101011001111010000111101
1111101011101111000101011001111010100111101
1111101011101111000101011001111010100111101
1011101011111111001101111101111010001111101
1101111011101111000101011101111010100111101
1111101011101111000101011101111010100111101
1111101011101111000101011101111010100111101
1111101011111111000101011101111010100111101
1011101111111111111101111100110110001111101
1111101011101111001101111101111010001111101
1111101011111111001101111101111010001111101
1111111011101111000101011101111010100111101
1111111011101111000101011101111010100111101
1111111011111111000101011101111010100111101
1111111011111111000101011101111010100111101
1011101111111111101101111100110110101111101
1111111111111111111101111100110110001111001
1111111011101111001101111101111010001111101
1111111111111111111101111100110110001111101
1111111111111111111101111100110110001111101
1111111011111111001101111101111010100111101
1111111111111111101101111100110110101111001
1111111011101111000101111101111010101111101
1111111011101111000101111101111010101111101
1111111011101111001101111101111010101111101
1111111011101111001101111101111010101111101
1111111111111111110101111100111110001111101
1111111011111111001101111101111010101111101
1111111011111111001101111101111010101111101
1111111111111111111101111100111110001111101
1111111111111111111101111100111110001111101
1111111111111111110101111100111110101111101
1111111111111111110101111100111110101111101
1111111111111111111101111100111110101111101
1111111111111111111101111100111110101111101
1111111111111111111101111010111110101111111
1111111111111111111101111010111110101111111
