172.7 11.0 57.0 -21.6
172.7 11.0 57.0 -21.6
173.4 12.0 65.0 -22.8
173.4 12.0 65.0 -22.8
178.5 12.0 61.0 -22.8
179.2 12.0 68.0 -24.0
180.7 11.0 56.0 -21.6
183.0 12.0 62.0 -24.0
183.7 13.0 70.0 -25.2
183.7 13.0 70.0 -25.2
185.8 11.0 56.0 -22.8
188.8 13.0 66.0 -25.2
189.5 14.0 74.0 -26.4
189.5 14.0 74.0 -26.4
191.6 12.0 60.0 -24.0
194.8 13.0 70.0 -26.4
200.0 10.0 55.0 -24.0
200.4 15.0 80.0 -27.6
200.4 15.0 80.0 -27.6
200.6 14.0 74.0 -27.6
205.1 10.0 55.0 -25.2
207.0 13.0 66.0 -28.8
210.9 11.0 59.0 -26.4
212.2 14.0 71.0 -30.0
216.2 10.0 55.0 -26.4
216.2 10.0 55.0 -26.4
217.4 12.0 58.0 -28.8
218.0 15.0 75.0 -31.2
219.8 16.0 91.0 -32.4
219.8 16.0 91.0 -32.4
221.3 11.0 56.0 -27.6
221.3 11.0 56.0 -27.6
225.6 17.0 95.0 -33.6
225.6 17.0 95.0 -33.6
230.9 13.0 60.0 -30.0
234.6 16.0 83.0 -33.6
235.8 19.0 110.0 -34.8
236.5 18.0 101.0 -34.8
236.9 12.0 58.0 -30.0
239.7 16.0 78.0 -32.4
244.4 19.0 102.0 -36.0
247.6 18.0 101.0 -36.0
249.7 15.0 67.0 -32.4
253.4 12.0 61.0 -31.2
253.4 12.0 61.0 -31.2
254.6 21.0 117.0 -37.2
254.6 21.0 117.0 -37.2
255.3 20.0 108.0 -37.2
258.5 13.0 62.0 -32.4
258.5 13.0 62.0 -32.4
259.2 17.0 85.0 -36.0
263.8 19.0 99.0 -37.2
265.0 18.0 89.0 -37.2
265.7 21.0 117.0 -38.4
266.4 20.0 108.0 -38.4
270.3 16.0 78.0 -34.8
272.0 14.0 64.0 -33.6
272.0 14.0 64.0 -33.6
272.8 18.0 87.0 -37.2
274.1 20.0 106.0 -38.4
277.8 15.0 68.0 -34.8
277.8 15.0 68.0 -34.8
278.1 17.0 82.0 -36.0
279.2 22.0 119.0 -39.6
279.2 22.0 119.0 -39.6
283.1 16.0 73.0 -36.0
283.8 20.0 96.0 -39.6
286.9 19.0 93.0 -38.4
290.8 16.0 71.0 -36.0
290.8 16.0 71.0 -36.0
294.0 22.0 116.0 -40.8
294.0 22.0 116.0 -40.8
294.4 18.0 93.0 -38.4
296.0 17.0 76.0 -37.2
296.6 17.0 75.0 -37.2
296.6 17.0 75.0 -37.2
299.4 21.0 110.0 -40.8
301.8 18.0 80.0 -38.4
302.1 22.0 107.0 -40.8
302.5 19.0 88.0 -39.6
311.5 23.0 120.0 -42.0
311.5 23.0 120.0 -42.0
314.1 18.0 79.0 -38.4
314.1 18.0 79.0 -38.4
317.4 21.0 102.0 -42.0
319.3 19.0 84.0 -39.6
319.3 19.0 84.0 -39.6
320.8 21.0 100.0 -42.0
331.0 23.0 120.0 -43.2
331.0 23.0 120.0 -43.2
333.4 20.0 90.0 -40.8
333.4 20.0 90.0 -40.8
334.0 22.0 112.0 -43.2
334.0 22.0 112.0 -43.2
334.1 21.0 98.0 -42.0
334.1 21.0 98.0 -42.0
334.9 22.0 106.0 -43.2
334.9 22.0 106.0 -43.2
351.5 23.0 116.0 -44.4
351.5 23.0 116.0 -44.4
