1000000110100111111100111100010100001010101
1000000110100111111100111100010100001010101
1000000110100111100100111000110110001010001
1000000110100111100100111000110110001010001
1000100110100111111100111100010100001010101
1000000110100111100100111100110110001010001
1000000110100111100100111100110110001010001
1000000110100111101100111100110110001010001
1000000110100111111100111100110110001010001
1000100110100111000100111001110110001010001
1000100110100111111100111000110110001010001
1000100110100111000100111001110110001110001
1000000110100111111100111100110110001010101
1000100110100111110100111000110110001110001
1011100110100111111100111100010100001010101
1011100110100111101100111100010100001110101
1000100110100111000100111001111110001110001
1000100110100111111100111100110110001110101
1000100110100111000100111001111110001110101
1000101010101111011110111100110101010110001
1000101010111111011110111100110101010110001
1000101010111111011110111100110101010110001
1011100110100111111100111100110110001110001
1000101010111111011110111100110101010110101
1000101111101111000100101001110110001110001
1000101111101111000100101001110110001110001
1000101110111111111100111100110110001110101
1000101111101111000100111001110110001110001
1000101111111111000100111001110110001110001
1000101110101111000100111101111110001110101
1011101010111111011110111100110101010110101
1011101010111111011110111100110101010110101
1011101110111111111100111100110110001110001
1000101111111111111100111100110110001110001
1000101111101111000100111001111110001110001
1011101110111111111100111100110110001110101
1011101110111111111100111100110110001110101
1000101111111111011100111100110110011110001
1011101110101111111100111100111110001110001
1000101111101111000100111101111110001110101
1011101110111111111100111100111110001110101
1011101110111111111100111100111110001110101
1011101111111111011100111000110110011110001
1000101111101111000101101001110110001111101
1000101111101111000101101000110110011111001
1011101111111111111100111100111110001110001
1011111110111111111100111100111110001110101
1011111110111111111100111100111110001110101
1011111111111111111100111100110110001110101
1100101111101111000101101000110110011111001
1100101111101111000101101000110110011111001
1100101111101111000101111000110110011111001
1100101111101111000101111000110110011111001
1100101111111111000101111001111110001011001
1100101110111111011101111000111110011111101
1011111110111111111100111100111110101110101
1100101111101111000101111000110110011111101
1100101111101111000101111001111110001111001
1100101111101111000101111001111110001111001
1011111111111111111100111100111110001110101
1100101111101111010101111000110110011111101
1100101111101111000101111001111110001111101
1100101111101111000101111001111110001111101
1100101111101111001101111101111110001111101
1111101111111111000101111001111110001011001
1100101111101111010101111000111110011111101
1011111111111111111100111100111110001110111
1111101111101111000101111001111110001111001
1111101111101111000101111001111110001111001
1111101111101111000101111001111110001111101
1111101111101111000101111001111110001111101
1111101111111111000101111001111110001111101
1111111110111111011101111000111110011111101
1111111110111111011101111100111110011111101
1111111110111111011101111100111110011111101
1111111111101111000101111001111110001111101
1111101111101111000101111001111110101111101
1111101111101111000101111001111110101111101
1111101111101111000101111101111110101111101
1111101111101111000101111101111110101111101
1111101111111111001101111101111110101111101
1111111110111111011101111110111110011111101
1111111110111111011101111110111110011111101
1111101111111111000101111100111110111111101
1111111111111111000101111101111110101111101
1111111111101111000101111100111110111111101
1111111111101111000101111100111110111111101
1111111110111111011101111110111110011111111
1111111111101111010101111100111110111111101
1111111111101111010101111100111110111111101
1111111111101111011101111100111110111111101
1111111111101111011101111100111110111111101
1111111111111111011101111100111110111111101
1111111111111111011101111100111110111111101
1111111111111111011101111110111110011111111
1111111111111111011101111110111110111111101
1111111111111111011101111100111110111111111
1111111111111111011101111100111110111111111
1111111111111111011101111110111110111111111
1111111111111111011101111110111110111111111
