25.8 3.0 22.0 -4.8
25.8 3.0 22.0 -4.8
25.8 3.0 22.0 -4.8
25.8 3.0 22.0 -4.8
25.8 3.0 22.0 -4.8
25.8 3.0 22.0 -4.8
25.8 3.0 22.0 -4.8
30.0 4.0 31.0 -7.2
30.0 4.0 31.0 -7.2
30.0 4.0 31.0 -7.2
30.0 4.0 31.0 -7.2
30.7 3.0 22.0 -7.2
30.7 3.0 22.0 -7.2
30.7 3.0 22.0 -7.2
36.8 4.0 23.0 -7.2
37.5 4.0 26.0 -7.2
37.5 4.0 26.0 -7.2
37.5 4.0 26.0 -7.2
38.1 3.0 22.0 -7.2
38.1 3.0 22.0 -7.2
38.1 3.0 22.0 -7.2
38.1 3.0 22.0 -7.2
38.1 3.0 22.0 -7.2
41.0 5.0 32.0 -9.6
41.0 5.0 32.0 -9.6
41.7 5.0 35.0 -9.6
41.7 4.0 23.0 -9.6
41.7 4.0 23.0 -9.6
41.7 4.0 23.0 -9.6
41.7 4.0 23.0 -9.6
41.7 4.0 23.0 -9.6
41.7 4.0 23.0 -9.6
41.7 4.0 23.0 -9.6
42.2 5.0 37.0 -7.2
42.4 4.0 26.0 -9.6
42.4 4.0 26.0 -9.6
42.4 4.0 26.0 -9.6
42.4 4.0 26.0 -9.6
42.6 5.0 27.0 -8.4
42.9 6.0 45.0 -8.4
44.6 5.0 29.0 -7.2
45.5 3.0 22.0 -7.2
45.5 3.0 22.0 -7.2
45.8 4.0 28.0 -7.2
46.1 5.0 31.0 -7.2
46.1 5.0 31.0 -7.2
47.5 5.0 27.0 -10.8
47.5 5.0 27.0 -10.8
47.5 5.0 27.0 -10.8
47.5 5.0 27.0 -10.8
47.5 5.0 27.0 -10.8
49.5 5.0 29.0 -9.6
49.7 4.0 31.0 -9.6
49.8 4.0 26.0 -9.6
49.8 4.0 26.0 -9.6
50.0 5.0 37.0 -9.6
50.2 5.0 36.0 -7.2
50.4 3.0 22.0 -9.6
50.4 3.0 22.0 -9.6
50.4 3.0 22.0 -9.6
50.7 4.0 28.0 -9.6
50.7 4.0 28.0 -9.6
50.7 4.0 28.0 -9.6
50.7 4.0 28.0 -9.6
51.0 5.0 31.0 -9.6
51.0 5.0 31.0 -9.6
51.2 3.0 22.0 -7.2
51.2 4.0 29.0 -9.6
51.6 5.0 32.0 -8.4
51.7 6.0 42.0 -9.6
53.2 4.0 25.0 -8.4
54.9 5.0 27.0 -10.8
54.9 5.0 27.0 -10.8
54.9 5.0 27.0 -10.8
54.9 5.0 27.0 -10.8
55.4 4.0 31.0 -9.6
55.8 5.0 29.0 -10.8
55.8 5.0 29.0 -10.8
55.8 5.0 29.0 -10.8
56.1 3.0 22.0 -9.6
56.1 3.0 22.0 -9.6
56.1 3.0 22.0 -9.6
56.1 3.0 22.0 -9.6
56.1 3.0 22.0 -9.6
56.3 4.0 23.0 -8.4
56.3 4.0 23.0 -8.4
56.5 4.0 23.0 -9.6
56.5 5.0 32.0 -10.8
56.6 6.0 42.0 -12.0
56.8 7.0 43.0 -10.8
56.9 5.0 29.0 -9.6
57.0 4.0 26.0 -8.4
57.0 4.0 26.0 -8.4
57.2 4.0 26.0 -9.6
57.2 4.0 26.0 -9.6
57.2 4.0 26.0 -9.6
57.2 4.0 26.0 -9.6
57.8 3.0 22.0 -9.6
57.8 3.0 22.0 -9.6
57.8 3.0 22.0 -9.6
57.8 3.0 22.0 -9.6
57.8 3.0 22.0 -9.6
57.8 3.0 22.0 -9.6
57.8 3.0 22.0 -9.6
57.8 3.0 22.0 -9.6
58.1 4.0 28.0 -9.6
58.1 4.0 25.0 -10.8
58.1 4.0 25.0 -10.8
58.1 4.0 25.0 -10.8
58.1 4.0 25.0 -10.8
58.1 4.0 28.0 -9.6
58.1 8.0 55.0 -13.2
59.7 5.0 38.0 -9.6
59.7 5.0 38.0 -9.6
61.2 4.0 23.0 -10.8
61.2 4.0 23.0 -10.8
61.2 4.0 23.0 -10.8
61.2 6.0 37.0 -9.6
61.2 4.0 23.0 -10.8
61.4 5.0 35.0 -12.0
61.4 4.0 23.0 -12.0
61.4 4.0 23.0 -12.0
61.4 5.0 35.0 -12.0
61.6 6.0 33.0 -12.0
61.9 4.0 26.0 -10.8
61.9 4.0 26.0 -10.8
61.9 4.0 26.0 -10.8
61.9 4.0 26.0 -10.8
62.0 6.0 32.0 -12.0
62.1 4.0 26.0 -12.0
62.1 4.0 26.0 -12.0
62.7 6.0 44.0 -9.6
63.1 6.0 34.0 -10.8
63.2 5.0 29.0 -10.8
63.5 3.0 22.0 -9.6
63.5 3.0 22.0 -9.6
63.5 3.0 22.0 -9.6
63.5 3.0 22.0 -9.6
63.5 3.0 22.0 -9.6
63.5 3.0 22.0 -9.6
63.5 3.0 22.0 -9.6
63.9 9.0 59.0 -14.4
64.3 5.0 29.0 -9.6
65.3 4.0 28.0 -8.4
65.5 4.0 25.0 -10.8
65.5 4.0 25.0 -10.8
65.5 4.0 25.0 -10.8
65.5 4.0 28.0 -9.6
66.0 5.0 29.0 -10.8
66.1 7.0 51.0 -12.0
66.2 6.0 41.0 -12.0
66.3 7.0 34.0 -13.2
66.5 6.0 36.0 -13.2
66.8 6.0 40.0 -12.0
66.8 6.0 40.0 -12.0
66.8 7.0 45.0 -13.2
67.0 5.0 27.0 -12.0
67.0 5.0 27.0 -12.0
67.0 7.0 41.0 -10.8
67.2 5.0 27.0 -13.2
67.2 5.0 27.0 -13.2
67.6 5.0 37.0 -9.6
68.0 6.0 34.0 -13.2
68.0 6.0 34.0 -13.2
68.4 6.0 35.0 -13.2
68.6 4.0 23.0 -10.8
68.6 4.0 23.0 -10.8
68.6 6.0 33.0 -12.0
68.8 4.0 23.0 -12.0
68.8 4.0 23.0 -12.0
69.0 8.0 56.0 -13.2
69.1 5.0 26.0 -13.2
69.2 5.0 29.0 -12.0
69.3 4.0 26.0 -10.8
69.5 4.0 26.0 -12.0
69.5 4.0 26.0 -12.0
69.5 5.0 37.0 -10.8
69.7 7.0 36.0 -10.8
69.8 5.0 29.0 -13.2
69.8 5.0 29.0 -13.2
70.0 5.0 29.0 -9.6
70.0 5.0 29.0 -9.6
70.0 6.0 30.0 -12.0
70.4 5.0 29.0 -9.6
70.4 5.0 29.0 -9.6
70.5 6.0 39.0 -10.8
70.6 5.0 29.0 -10.8
70.9 8.0 49.0 -12.0
70.9 3.0 22.0 -9.6
70.9 3.0 22.0 -9.6
71.3 7.0 42.0 -13.2
71.3 5.0 32.0 -10.8
71.7 4.0 29.0 -9.6
72.0 5.0 38.0 -12.0
72.0 8.0 50.0 -14.4
72.7 6.0 38.0 -10.8
74.2 6.0 40.0 -12.0
74.4 5.0 27.0 -12.0
74.4 5.0 27.0 -12.0
74.6 6.0 38.0 -12.0
74.6 5.0 27.0 -13.2
74.8 6.0 38.0 -13.2
74.8 5.0 29.0 -10.8
74.9 6.0 30.0 -14.4
75.1 4.0 31.0 -12.0
75.1 6.0 30.0 -10.8
75.3 7.0 39.0 -13.2
75.3 6.0 41.0 -12.0
75.5 5.0 29.0 -13.2
75.5 5.0 29.0 -13.2
75.8 3.0 22.0 -12.0
75.8 6.0 33.0 -10.8
75.8 3.0 22.0 -12.0
75.8 3.0 22.0 -12.0
75.8 3.0 22.0 -12.0
75.8 3.0 22.0 -12.0
76.0 5.0 32.0 -12.0
76.0 6.0 33.0 -12.0
76.2 7.0 41.0 -13.2
76.4 6.0 33.0 -12.0
76.4 5.0 31.0 -12.0
76.4 6.0 33.0 -12.0
76.5 5.0 26.0 -13.2
76.7 4.0 26.0 -10.8
76.8 6.0 32.0 -12.0
76.8 5.0 30.0 -10.8
76.9 6.0 32.0 -13.2
76.9 6.0 32.0 -13.2
76.9 10.0 62.0 -15.6
77.1 7.0 47.0 -14.4
77.6 4.0 28.0 -10.8
78.0 7.0 34.0 -13.2
78.1 5.0 31.0 -12.0
78.2 8.0 52.0 -15.6
79.6 7.0 44.0 -13.2
79.7 9.0 49.0 -14.4
79.7 5.0 29.0 -13.2
79.7 6.0 41.0 -13.2
79.7 5.0 29.0 -13.2
80.2 5.0 32.0 -13.2
80.5 5.0 36.0 -12.0
80.5 7.0 46.0 -12.0
80.8 5.0 29.0 -10.8
80.9 4.0 23.0 -13.2
80.9 4.0 23.0 -13.2
80.9 6.0 33.0 -14.4
80.9 4.0 23.0 -13.2
80.9 4.0 23.0 -13.2
81.1 6.0 33.0 -13.2
81.4 7.0 43.0 -15.6
81.6 8.0 54.0 -14.4
81.6 4.0 26.0 -13.2
81.6 4.0 26.0 -13.2
81.7 7.0 39.0 -14.4
81.7 5.0 30.0 -13.2
81.8 5.0 27.0 -12.0
81.8 5.0 27.0 -12.0
81.8 5.0 27.0 -12.0
82.2 5.0 36.0 -12.0
82.2 8.0 49.0 -12.0
82.3 5.0 29.0 -12.0
82.4 7.0 36.0 -12.0
82.7 9.0 64.0 -13.2
82.7 5.0 29.0 -12.0
82.7 5.0 29.0 -12.0
82.7 8.0 51.0 -14.4
82.8 6.0 39.0 -13.2
83.2 3.0 22.0 -12.0
83.2 3.0 22.0 -12.0
83.4 5.0 32.0 -12.0
83.5 4.0 25.0 -13.2
83.6 5.0 32.0 -13.2
84.0 4.0 29.0 -12.0
84.8 7.0 36.0 -13.2
85.2 4.0 25.0 -13.2
85.6 8.0 47.0 -13.2
85.6 8.0 54.0 -14.4
85.7 6.0 41.0 -13.2
85.8 6.0 37.0 -14.4
86.3 7.0 45.0 -14.4
86.3 6.0 40.0 -13.2
86.4 8.0 55.0 -14.4
86.5 7.0 45.0 -15.6
86.6 8.0 45.0 -14.4
86.7 7.0 41.0 -13.2
86.7 5.0 27.0 -14.4
86.7 7.0 41.0 -13.2
86.9 7.0 39.0 -12.0
87.1 5.0 29.0 -13.2
87.1 9.0 54.0 -15.6
87.2 9.0 55.0 -12.0
87.3 7.0 36.0 -14.4
87.5 5.0 38.0 -14.4
87.5 7.0 36.0 -15.6
87.5 6.0 33.0 -10.8
87.9 6.0 35.0 -14.4
88.2 9.0 51.0 -16.8
88.3 4.0 23.0 -13.2
88.3 4.0 23.0 -13.2
88.3 4.0 23.0 -13.2
88.3 6.0 33.0 -14.4
88.7 6.0 33.0 -14.4
88.7 8.0 44.0 -15.6
89.1 7.0 45.0 -14.4
89.3 5.0 29.0 -14.4
89.3 5.0 29.0 -14.4
89.3 5.0 29.0 -14.4
89.4 8.0 47.0 -15.6
89.4 7.0 36.0 -13.2
89.4 7.0 35.0 -15.6
89.4 7.0 36.0 -13.2
89.9 4.0 28.0 -13.2
90.3 6.0 36.0 -15.6
90.4 7.0 43.0 -13.2
90.5 6.0 37.0 -13.2
90.7 6.0 30.0 -15.6
90.7 6.0 30.0 -15.6
90.7 6.0 30.0 -15.6
90.8 7.0 45.0 -14.4
91.1 8.0 51.0 -14.4
91.3 10.0 62.0 -18.0
91.4 6.0 33.0 -15.6
91.4 6.0 33.0 -15.6
91.5 6.0 46.0 -14.4
91.7 7.0 49.0 -13.2
92.1 8.0 49.0 -15.6
92.4 6.0 33.0 -13.2
92.5 9.0 57.0 -16.8
92.7 5.0 31.0 -12.0
92.8 7.0 46.0 -14.4
92.8 8.0 48.0 -14.4
92.8 8.0 38.0 -13.2
93.4 7.0 34.0 -15.6
93.7 8.0 37.0 -16.8
93.7 8.0 37.0 -16.8
93.9 6.0 36.0 -13.2
94.1 7.0 45.0 -13.2
94.4 6.0 30.0 -15.6
94.4 6.0 30.0 -15.6
94.8 7.0 39.0 -14.4
94.8 7.0 39.0 -14.4
94.8 7.0 39.0 -14.4
94.8 7.0 43.0 -12.0
95.0 5.0 29.0 -14.4
95.6 7.0 38.0 -14.4
95.6 7.0 37.0 -13.2
96.0 5.0 26.0 -14.4
96.3 6.0 32.0 -13.2
96.4 7.0 36.0 -15.6
96.5 6.0 30.0 -14.4
96.5 7.0 34.0 -16.8
96.7 5.0 29.0 -14.4
96.7 5.0 29.0 -14.4
97.2 7.0 44.0 -13.2
97.3 8.0 55.0 -15.6
97.3 4.0 28.0 -13.2
97.3 4.0 28.0 -13.2
97.4 6.0 33.0 -15.6
97.4 7.0 34.0 -13.2
97.6 8.0 57.0 -16.8
97.6 7.0 34.0 -14.4
97.7 7.0 34.0 -15.6
97.8 5.0 31.0 -15.6
98.2 6.0 45.0 -14.4
98.3 4.0 25.0 -13.2
98.4 7.0 40.0 -15.6
98.4 7.0 43.0 -16.8
98.8 5.0 29.0 -13.2
98.8 7.0 39.0 -14.4
99.0 7.0 39.0 -15.6
99.1 5.0 32.0 -13.2
99.4 5.0 29.0 -15.6
99.4 9.0 53.0 -18.0
99.6 10.0 64.0 -18.0
99.6 7.0 36.0 -13.2
99.7 6.0 30.0 -15.6
99.7 6.0 30.0 -15.6
99.7 6.0 30.0 -15.6
100.2 8.0 52.0 -16.8
100.4 6.0 33.0 -15.6
100.4 7.0 37.0 -15.6
100.7 8.0 47.0 -15.6
100.7 8.0 50.0 -14.4
100.9 7.0 40.0 -15.6
100.9 7.0 43.0 -16.8
101.1 8.0 37.0 -16.8
101.6 8.0 42.0 -16.8
101.8 6.0 30.0 -15.6
101.8 6.0 30.0 -15.6
101.8 6.0 30.0 -15.6
101.8 6.0 30.0 -15.6
101.8 6.0 30.0 -15.6
101.8 7.0 45.0 -14.4
101.9 6.0 35.0 -15.6
102.0 6.0 30.0 -16.8
102.0 7.0 39.0 -15.6
102.0 12.0 76.0 -18.0
102.1 8.0 47.0 -18.0
102.1 7.0 42.0 -16.8
102.5 7.0 34.0 -16.8
102.7 6.0 32.0 -15.6
102.9 9.0 43.0 -15.6
103.0 7.0 42.0 -18.0
103.0 7.0 38.0 -14.4
103.2 4.0 25.0 -15.6
103.2 4.0 25.0 -15.6
103.4 5.0 26.0 -14.4
103.4 5.0 26.0 -14.4
103.5 5.0 31.0 -14.4
103.5 9.0 42.0 -16.8
103.5 5.0 31.0 -14.4
103.9 7.0 34.0 -16.8
104.2 6.0 33.0 -14.4
104.3 6.0 30.0 -15.6
104.4 6.0 38.0 -15.6
104.4 10.0 62.0 -18.0
104.9 7.0 34.0 -14.4
105.3 8.0 40.0 -15.6
105.8 7.0 37.0 -15.6
106.2 7.0 45.0 -15.6
106.3 8.0 41.0 -16.8
106.8 5.0 29.0 -15.6
106.8 5.0 29.0 -15.6
107.2 8.0 41.0 -15.6
107.9 7.0 42.0 -18.0
107.9 6.0 39.0 -15.6
107.9 10.0 53.0 -19.2
108.0 8.0 45.0 -14.4
108.2 6.0 33.0 -15.6
108.3 5.0 26.0 -16.8
108.3 5.0 26.0 -16.8
108.3 8.0 49.0 -16.8
108.3 5.0 26.0 -16.8
108.7 11.0 64.0 -19.2
108.8 7.0 39.0 -16.8
108.9 6.0 36.0 -13.2
109.0 5.0 29.0 -16.8
109.0 5.0 29.0 -16.8
109.1 6.0 33.0 -16.8
109.2 6.0 30.0 -15.6
109.5 8.0 47.0 -18.0
110.1 7.0 42.0 -15.6
110.1 8.0 53.0 -15.6
110.1 6.0 32.0 -15.6
110.1 7.0 34.0 -16.8
110.2 6.0 37.0 -15.6
110.3 7.0 47.0 -16.8
110.4 6.0 30.0 -18.0
110.6 4.0 25.0 -15.6
110.6 4.0 25.0 -15.6
110.6 4.0 25.0 -15.6
110.6 7.0 36.0 -15.6
110.7 8.0 53.0 -16.8
110.8 6.0 35.0 -15.6
110.8 10.0 62.0 -19.2
111.1 7.0 45.0 -18.0
111.2 6.0 34.0 -15.6
111.2 7.0 45.0 -15.6
111.3 6.0 30.0 -14.4
112.3 7.0 34.0 -14.4
112.4 9.0 58.0 -16.8
112.4 9.0 51.0 -18.0
112.5 5.0 29.0 -15.6
112.5 7.0 46.0 -16.8
112.5 5.0 29.0 -15.6
112.9 7.0 34.0 -16.8
113.0 5.0 29.0 -15.6
113.0 7.0 40.0 -14.4
113.4 7.0 39.0 -18.0
113.4 12.0 74.0 -20.4
113.7 7.0 43.0 -16.8
114.1 6.0 30.0 -18.0
114.1 6.0 30.0 -18.0
114.2 9.0 44.0 -19.2
114.9 6.0 33.0 -15.6
115.7 5.0 26.0 -16.8
115.7 5.0 26.0 -16.8
116.0 9.0 48.0 -16.8
116.0 8.0 40.0 -16.8
116.0 7.0 34.0 -18.0
116.1 6.0 35.0 -15.6
116.2 7.0 34.0 -19.2
116.3 7.0 35.0 -16.8
116.3 8.0 47.0 -18.0
116.4 5.0 29.0 -16.8
116.4 5.0 29.0 -16.8
116.8 8.0 39.0 -16.8
117.0 7.0 38.0 -16.8
117.1 10.0 68.0 -19.2
117.2 10.0 65.0 -19.2
117.5 11.0 69.0 -19.2
117.7 9.0 43.0 -15.6
117.7 8.0 56.0 -18.0
117.7 7.0 40.0 -16.8
117.8 6.0 30.0 -18.0
117.9 8.0 41.0 -16.8
117.9 8.0 41.0 -16.8
118.0 10.0 53.0 -16.8
118.2 10.0 57.0 -18.0
118.5 6.0 33.0 -18.0
118.9 6.0 30.0 -14.4
119.0 8.0 43.0 -18.0
119.0 8.0 44.0 -19.2
119.1 8.0 42.0 -18.0
119.2 8.0 49.0 -18.0
119.2 6.0 35.0 -16.8
119.6 6.0 33.0 -14.4
119.7 12.0 68.0 -19.2
119.9 13.0 74.0 -20.4
120.2 10.0 46.0 -16.8
120.3 11.0 60.0 -19.2
120.4 5.0 29.0 -15.6
120.4 5.0 29.0 -15.6
120.4 5.0 29.0 -15.6
120.4 11.0 63.0 -19.2
120.7 10.0 59.0 -18.0
120.7 6.0 35.0 -15.6
121.0 7.0 34.0 -15.6
121.3 8.0 46.0 -18.0
121.3 9.0 49.0 -19.2
121.3 8.0 51.0 -18.0
121.4 8.0 48.0 -18.0
121.5 6.0 30.0 -18.0
121.5 6.0 30.0 -18.0
121.5 6.0 30.0 -18.0
121.5 12.0 70.0 -18.0
121.5 9.0 51.0 -18.0
121.6 9.0 52.0 -18.0
121.7 8.0 46.0 -18.0
123.0 8.0 38.0 -18.0
123.2 7.0 44.0 -18.0
123.2 7.0 44.0 -18.0
123.3 7.0 39.0 -18.0
123.6 7.0 34.0 -19.2
123.8 6.0 30.0 -16.8
123.9 9.0 51.0 -19.2
123.9 8.0 44.0 -19.2
124.0 8.0 50.0 -18.0
124.6 8.0 39.0 -18.0
124.8 5.0 29.0 -18.0
125.1 8.0 49.0 -19.2
125.1 8.0 49.0 -19.2
125.7 13.0 77.0 -21.6
126.0 8.0 38.0 -16.8
126.4 10.0 48.0 -18.0
127.5 9.0 56.0 -16.8
127.6 11.0 77.0 -21.6
127.7 9.0 49.0 -19.2
128.3 11.0 73.0 -22.8
128.7 9.0 41.0 -19.2
129.0 8.0 47.0 -19.2
129.2 10.0 51.0 -16.8
129.3 9.0 51.0 -20.4
129.3 9.0 49.0 -19.2
129.4 8.0 42.0 -19.2
129.7 6.0 33.0 -15.6
129.9 7.0 44.0 -18.0
129.9 6.0 30.0 -19.2
129.9 6.0 30.0 -19.2
130.2 6.0 30.0 -16.8
130.2 11.0 59.0 -18.0
130.3 8.0 40.0 -20.4
130.3 9.0 52.0 -20.4
130.4 10.0 54.0 -20.4
130.5 6.0 35.0 -18.0
130.6 6.0 33.0 -19.2
130.6 6.0 33.0 -19.2
130.6 10.0 56.0 -19.2
130.6 6.0 33.0 -19.2
130.6 8.0 41.0 -19.2
131.2 10.0 57.0 -21.6
131.2 6.0 30.0 -16.8
131.2 8.0 40.0 -18.0
131.2 8.0 46.0 -19.2
131.6 8.0 49.0 -19.2
131.6 11.0 58.0 -20.4
131.9 6.0 33.0 -16.8
131.9 7.0 36.0 -19.2
132.1 9.0 53.0 -19.2
132.1 6.0 33.0 -18.0
132.3 10.0 60.0 -19.2
132.3 9.0 43.0 -16.8
132.5 10.0 54.0 -20.4
132.9 8.0 37.0 -20.4
133.0 6.0 35.0 -18.0
133.1 9.0 57.0 -20.4
133.3 9.0 49.0 -19.2
133.4 8.0 44.0 -18.0
133.5 11.0 69.0 -20.4
133.6 8.0 44.0 -18.0
134.4 8.0 39.0 -20.4
134.6 6.0 33.0 -18.0
135.3 8.0 46.0 -19.2
135.4 10.0 53.0 -21.6
135.7 7.0 34.0 -20.4
135.7 7.0 34.0 -20.4
135.7 7.0 34.0 -20.4
135.7 8.0 46.0 -20.4
135.8 11.0 61.0 -20.4
136.0 7.0 35.0 -19.2
136.3 9.0 41.0 -19.2
136.3 7.0 37.0 -16.8
136.4 8.0 37.0 -19.2
136.4 10.0 69.0 -21.6
136.5 8.0 41.0 -20.4
136.5 9.0 43.0 -21.6
136.5 8.0 41.0 -20.4
137.2 7.0 34.0 -19.2
137.5 7.0 36.0 -18.0
137.6 7.0 40.0 -19.2
137.9 7.0 36.0 -18.0
137.9 7.0 36.0 -18.0
138.0 6.0 33.0 -19.2
138.1 8.0 39.0 -20.4
138.9 6.0 35.0 -19.2
139.8 9.0 49.0 -20.4
140.5 9.0 44.0 -18.0
140.5 9.0 44.0 -18.0
140.6 10.0 57.0 -19.2
140.8 7.0 43.0 -19.2
141.2 8.0 39.0 -20.4
141.5 10.0 45.0 -18.0
142.4 8.0 52.0 -18.0
142.6 12.0 70.0 -22.8
142.7 11.0 56.0 -19.2
142.7 9.0 42.0 -20.4
142.8 9.0 56.0 -20.4
143.1 7.0 34.0 -20.4
143.3 7.0 37.0 -19.2
143.4 10.0 45.0 -19.2
143.6 8.0 48.0 -20.4
143.9 9.0 43.0 -21.6
143.9 8.0 41.0 -20.4
144.0 9.0 46.0 -21.6
145.5 7.0 36.0 -19.2
145.6 8.0 46.0 -20.4
145.6 7.0 34.0 -20.4
145.6 11.0 65.0 -21.6
146.2 7.0 39.0 -19.2
146.4 8.0 41.0 -19.2
146.7 10.0 54.0 -21.6
146.9 9.0 54.0 -18.0
147.1 7.0 42.0 -19.2
147.1 9.0 45.0 -20.4
147.2 9.0 44.0 -20.4
147.3 9.0 49.0 -19.2
147.6 6.0 35.0 -16.8
147.7 10.0 50.0 -20.4
148.0 10.0 55.0 -20.4
148.4 10.0 57.0 -21.6
148.6 9.0 41.0 -21.6
148.8 9.0 51.0 -21.6
149.2 9.0 60.0 -21.6
149.3 10.0 56.0 -21.6
149.4 9.0 53.0 -20.4
149.9 9.0 43.0 -20.4
150.0 8.0 37.0 -19.2
150.1 8.0 47.0 -19.2
150.2 11.0 64.0 -24.0
150.4 9.0 52.0 -20.4
150.4 10.0 47.0 -20.4
150.6 8.0 38.0 -21.6
151.0 7.0 36.0 -20.4
151.3 13.0 81.0 -24.0
151.4 7.0 36.0 -20.4
151.7 13.0 79.0 -22.8
151.8 9.0 43.0 -18.0
152.7 7.0 36.0 -18.0
153.4 11.0 52.0 -19.2
153.5 11.0 65.0 -19.2
153.5 7.0 37.0 -19.2
153.6 9.0 53.0 -19.2
153.7 12.0 57.0 -21.6
153.9 9.0 41.0 -20.4
153.9 11.0 63.0 -24.0
153.9 12.0 61.0 -24.0
154.1 9.0 46.0 -22.8
154.2 9.0 56.0 -22.8
154.2 12.0 64.0 -24.0
154.9 11.0 64.0 -21.6
155.1 6.0 33.0 -18.0
155.1 10.0 53.0 -22.8
155.3 6.0 33.0 -20.4
155.3 6.0 33.0 -20.4
155.7 8.0 42.0 -21.6
155.7 10.0 51.0 -22.8
155.7 11.0 49.0 -24.0
155.9 8.0 42.0 -20.4
156.1 10.0 60.0 -22.8
156.6 7.0 36.0 -20.4
156.9 8.0 45.0 -20.4
157.2 10.0 49.0 -22.8
157.6 7.0 36.0 -20.4
157.7 10.0 58.0 -22.8
158.4 8.0 48.0 -20.4
158.5 11.0 52.0 -22.8
158.6 9.0 44.0 -19.2
158.8 9.0 45.0 -21.6
159.3 10.0 50.0 -21.6
159.5 8.0 40.0 -20.4
159.5 8.0 40.0 -20.4
160.4 7.0 34.0 -21.6
160.8 7.0 40.0 -20.4
162.0 6.0 30.0 -20.4
162.0 6.0 30.0 -20.4
162.0 6.0 30.0 -20.4
162.0 6.0 30.0 -20.4
162.6 12.0 61.0 -24.0
162.7 10.0 58.0 -21.6
162.8 13.0 75.0 -25.2
163.1 10.0 54.0 -24.0
164.3 13.0 76.0 -21.6
164.6 11.0 60.0 -24.0
164.6 13.0 81.0 -25.2
165.0 7.0 36.0 -20.4
165.8 8.0 43.0 -20.4
166.2 9.0 41.0 -22.8
166.5 11.0 52.0 -22.8
166.9 8.0 44.0 -21.6
166.9 9.0 41.0 -21.6
167.5 9.0 48.0 -22.8
167.6 12.0 80.0 -26.4
167.8 7.0 34.0 -21.6
167.8 10.0 53.0 -24.0
167.9 10.0 48.0 -22.8
167.9 8.0 44.0 -21.6
168.7 7.0 36.0 -21.6
168.7 11.0 57.0 -25.2
169.3 8.0 49.0 -20.4
169.7 8.0 38.0 -21.6
169.9 8.0 38.0 -22.8
170.2 11.0 59.0 -25.2
170.2 7.0 43.0 -20.4
170.4 10.0 55.0 -24.0
170.7 9.0 45.0 -22.8
171.0 10.0 55.0 -22.8
171.1 6.0 33.0 -21.6
171.7 12.0 61.0 -24.0
171.7 9.0 45.0 -22.8
171.8 14.0 86.0 -26.4
172.0 10.0 45.0 -24.0
172.0 12.0 63.0 -22.8
172.0 7.0 37.0 -20.4
172.9 10.0 51.0 -22.8
173.2 12.0 53.0 -25.2
173.5 8.0 40.0 -20.4
173.6 9.0 41.0 -22.8
174.4 8.0 49.0 -22.8
174.9 8.0 39.0 -22.8
175.2 12.0 65.0 -24.0
175.2 9.0 46.0 -22.8
175.3 10.0 53.0 -22.8
175.3 8.0 44.0 -21.6
176.1 11.0 57.0 -25.2
176.2 7.0 34.0 -22.8
176.8 9.0 43.0 -22.8
177.3 11.0 55.0 -25.2
178.0 8.0 45.0 -21.6
178.0 10.0 46.0 -25.2
178.3 12.0 65.0 -22.8
178.7 8.0 43.0 -21.6
178.8 11.0 53.0 -25.2
179.1 13.0 70.0 -25.2
179.1 14.0 84.0 -24.0
179.2 9.0 41.0 -24.0
179.2 14.0 79.0 -27.6
179.7 9.0 55.0 -22.8
180.0 9.0 47.0 -22.8
180.9 12.0 65.0 -26.4
181.3 9.0 47.0 -24.0
181.5 8.0 40.0 -22.8
181.5 11.0 51.0 -21.6
181.6 11.0 64.0 -26.4
181.9 8.0 40.0 -22.8
181.9 12.0 66.0 -22.8
182.0 8.0 38.0 -24.0
182.3 8.0 39.0 -22.8
183.6 9.0 44.0 -24.0
183.6 7.0 34.0 -22.8
183.6 7.0 34.0 -22.8
183.6 13.0 71.0 -27.6
183.6 14.0 77.0 -27.6
184.3 7.0 37.0 -22.8
184.3 7.0 37.0 -22.8
184.3 7.0 37.0 -22.8
184.3 7.0 37.0 -22.8
185.4 10.0 46.0 -25.2
185.4 10.0 46.0 -25.2
185.4 11.0 58.0 -25.2
185.5 9.0 45.0 -24.0
185.8 8.0 40.0 -22.8
186.6 9.0 41.0 -24.0
186.7 10.0 52.0 -24.0
187.5 9.0 43.0 -24.0
187.9 9.0 50.0 -25.2
188.1 9.0 43.0 -24.0
188.1 9.0 43.0 -24.0
188.3 13.0 69.0 -25.2
189.7 12.0 62.0 -27.6
190.0 10.0 58.0 -24.0
190.7 12.0 67.0 -25.2
191.0 8.0 43.0 -24.0
191.4 8.0 42.0 -24.0
192.5 10.0 53.0 -25.2
194.1 16.0 88.0 -28.8
194.3 11.0 63.0 -24.0
194.4 11.0 57.0 -24.0
194.6 9.0 46.0 -25.2
195.3 9.0 49.0 -25.2
196.3 14.0 77.0 -26.4
196.9 8.0 45.0 -24.0
197.3 14.0 74.0 -28.8
197.5 11.0 58.0 -26.4
197.9 10.0 55.0 -25.2
198.5 9.0 53.0 -24.0
198.8 8.0 42.0 -24.0
199.4 14.0 75.0 -27.6
199.7 13.0 68.0 -28.8
202.3 10.0 47.0 -26.4
202.3 11.0 59.0 -26.4
202.7 14.0 87.0 -27.6
202.9 12.0 64.0 -26.4
203.1 13.0 61.0 -26.4
203.8 14.0 69.0 -27.6
204.0 12.0 64.0 -25.2
204.3 9.0 42.0 -25.2
204.4 14.0 69.0 -28.8
205.0 13.0 60.0 -27.6
205.8 10.0 53.0 -26.4
206.3 11.0 64.0 -27.6
206.5 11.0 56.0 -25.2
206.8 13.0 74.0 -28.8
207.0 14.0 74.0 -30.0
207.3 9.0 46.0 -24.0
207.3 16.0 85.0 -30.0
208.2 10.0 45.0 -26.4
208.5 11.0 58.0 -27.6
209.2 11.0 57.0 -27.6
209.2 13.0 70.0 -27.6
209.3 13.0 74.0 -25.2
209.8 10.0 54.0 -26.4
210.7 11.0 57.0 -27.6
212.5 12.0 61.0 -28.8
212.8 13.0 59.0 -27.6
213.2 10.0 48.0 -26.4
213.4 9.0 45.0 -26.4
214.2 12.0 56.0 -26.4
214.5 15.0 81.0 -31.2
215.9 16.0 90.0 -32.4
216.4 10.0 51.0 -26.4
216.6 11.0 57.0 -27.6
216.9 10.0 53.0 -27.6
218.3 11.0 49.0 -27.6
218.5 9.0 49.0 -26.4
218.7 10.0 52.0 -26.4
219.2 10.0 57.0 -27.6
221.1 13.0 61.0 -28.8
221.3 13.0 61.0 -30.0
222.4 12.0 61.0 -28.8
223.6 10.0 50.0 -27.6
224.3 10.0 53.0 -27.6
226.5 12.0 64.0 -28.8
226.6 12.0 63.0 -27.6
226.8 11.0 55.0 -27.6
228.1 17.0 89.0 -32.4
228.1 12.0 59.0 -28.8
228.2 12.0 62.0 -28.8
228.3 11.0 57.0 -27.6
228.5 12.0 59.0 -27.6
229.0 13.0 69.0 -28.8
229.4 11.0 59.0 -27.6
231.1 13.0 73.0 -30.0
232.9 13.0 71.0 -30.0
236.9 12.0 58.0 -30.0
237.5 14.0 77.0 -27.6
240.8 13.0 61.0 -31.2
243.1 13.0 70.0 -30.0
243.3 16.0 81.0 -31.2
245.4 12.0 56.0 -30.0
252.5 13.0 61.0 -31.2
257.9 14.0 70.0 -32.4
258.0 13.0 65.0 -31.2
260.8 12.0 61.0 -31.2
264.7 15.0 73.0 -33.6
