219.7 11.0 56.0 -25.2
219.7 11.0 56.0 -25.2
219.7 11.0 56.0 -25.2
219.7 11.0 56.0 -25.2
219.7 11.0 56.0 -25.2
219.7 11.0 56.0 -25.2
219.7 11.0 56.0 -25.2
219.7 11.0 56.0 -25.2
219.7 11.0 56.0 -25.2
219.7 11.0 56.0 -25.2
219.7 11.0 56.0 -25.2
219.7 11.0 56.0 -25.2
219.7 11.0 56.0 -25.2
219.7 11.0 56.0 -25.2
219.7 11.0 56.0 -25.2
220.7 10.0 61.0 -25.2
220.7 10.0 61.0 -25.2
220.7 10.0 61.0 -25.2
220.7 10.0 61.0 -25.2
220.7 10.0 61.0 -25.2
220.7 10.0 61.0 -25.2
220.7 10.0 61.0 -25.2
220.7 10.0 61.0 -25.2
220.7 10.0 61.0 -25.2
220.7 10.0 61.0 -25.2
220.7 10.0 61.0 -25.2
220.7 10.0 61.0 -25.2
220.7 10.0 61.0 -25.2
220.7 10.0 61.0 -25.2
220.7 10.0 61.0 -25.2
220.7 10.0 61.0 -25.2
220.7 10.0 61.0 -25.2
220.7 10.0 61.0 -25.2
220.7 10.0 61.0 -25.2
220.7 10.0 61.0 -25.2
220.7 10.0 61.0 -25.2
220.7 10.0 61.0 -25.2
220.7 10.0 61.0 -25.2
220.7 10.0 61.0 -25.2
220.7 10.0 61.0 -25.2
220.7 10.0 61.0 -25.2
220.7 10.0 61.0 -25.2
220.7 10.0 61.0 -25.2
220.7 10.0 61.0 -25.2
220.7 10.0 61.0 -25.2
220.7 10.0 61.0 -25.2
220.7 10.0 61.0 -25.2
220.7 10.0 61.0 -25.2
220.7 10.0 61.0 -25.2
220.7 10.0 61.0 -25.2
220.7 10.0 61.0 -25.2
220.7 10.0 61.0 -25.2
220.7 10.0 61.0 -25.2
220.7 10.0 61.0 -25.2
220.7 10.0 61.0 -25.2
220.7 10.0 61.0 -25.2
220.7 10.0 61.0 -25.2
220.7 10.0 61.0 -25.2
220.7 10.0 61.0 -25.2
220.7 10.0 61.0 -25.2
220.7 10.0 61.0 -25.2
221.5 10.0 57.0 -25.2
223.2 9.0 66.0 -25.2
223.2 9.0 66.0 -25.2
223.2 9.0 66.0 -25.2
223.2 9.0 66.0 -25.2
223.3 11.0 52.0 -25.2
223.3 11.0 52.0 -25.2
223.3 11.0 52.0 -25.2
223.3 11.0 52.0 -25.2
223.8 9.0 62.0 -25.2
223.8 9.0 62.0 -25.2
223.8 9.0 62.0 -25.2
223.8 9.0 62.0 -25.2
223.8 9.0 62.0 -25.2
223.8 9.0 62.0 -25.2
223.8 9.0 62.0 -25.2
223.8 9.0 62.0 -25.2
223.8 9.0 62.0 -25.2
223.8 9.0 62.0 -25.2
223.8 9.0 62.0 -25.2
223.8 9.0 62.0 -25.2
223.8 9.0 62.0 -25.2
223.8 9.0 62.0 -25.2
223.8 9.0 62.0 -25.2
223.8 9.0 62.0 -25.2
223.8 9.0 62.0 -25.2
223.8 9.0 62.0 -25.2
223.8 9.0 62.0 -25.2
223.8 9.0 62.0 -25.2
223.8 9.0 62.0 -25.2
223.8 9.0 62.0 -25.2
223.8 9.0 62.0 -25.2
223.8 9.0 62.0 -25.2
223.8 9.0 62.0 -25.2
223.8 9.0 62.0 -25.2
223.8 9.0 62.0 -25.2
223.8 9.0 62.0 -25.2
223.8 9.0 62.0 -25.2
223.8 9.0 62.0 -25.2
223.8 9.0 62.0 -25.2
223.8 9.0 62.0 -25.2
223.8 9.0 62.0 -25.2
223.8 9.0 62.0 -25.2
223.8 9.0 62.0 -25.2
223.8 9.0 62.0 -25.2
223.8 9.0 62.0 -25.2
223.8 9.0 62.0 -25.2
223.8 9.0 62.0 -25.2
223.8 9.0 62.0 -25.2
223.8 9.0 62.0 -25.2
223.8 9.0 62.0 -25.2
223.8 9.0 62.0 -25.2
223.8 9.0 62.0 -25.2
223.8 9.0 62.0 -25.2
223.8 9.0 62.0 -25.2
223.8 9.0 62.0 -25.2
223.8 9.0 62.0 -25.2
223.8 9.0 62.0 -25.2
223.8 9.0 62.0 -25.2
223.8 9.0 62.0 -25.2
223.8 9.0 62.0 -25.2
223.8 9.0 62.0 -25.2
223.8 9.0 62.0 -25.2
223.8 9.0 62.0 -25.2
223.8 9.0 62.0 -25.2
223.8 9.0 62.0 -25.2
223.8 9.0 62.0 -25.2
223.8 9.0 62.0 -25.2
223.8 9.0 62.0 -25.2
223.8 9.0 62.0 -25.2
223.8 9.0 62.0 -25.2
223.8 9.0 62.0 -25.2
223.8 9.0 62.0 -25.2
223.8 9.0 62.0 -25.2
223.8 9.0 62.0 -25.2
223.8 9.0 62.0 -25.2
223.8 9.0 62.0 -25.2
223.8 9.0 62.0 -25.2
223.8 9.0 62.0 -25.2
223.8 9.0 62.0 -25.2
223.8 9.0 62.0 -25.2
223.8 9.0 62.0 -25.2
223.8 9.0 62.0 -25.2
223.8 9.0 62.0 -25.2
223.8 9.0 62.0 -25.2
223.8 9.0 62.0 -25.2
223.8 9.0 62.0 -25.2
223.8 9.0 62.0 -25.2
223.8 9.0 62.0 -25.2
223.8 9.0 62.0 -25.2
223.8 9.0 62.0 -25.2
223.8 9.0 62.0 -25.2
223.8 9.0 62.0 -25.2
223.8 9.0 62.0 -25.2
223.8 9.0 62.0 -25.2
223.8 9.0 62.0 -25.2
223.8 9.0 62.0 -25.2
223.8 9.0 62.0 -25.2
223.8 9.0 62.0 -25.2
223.8 9.0 62.0 -25.2
223.8 9.0 62.0 -25.2
223.8 9.0 62.0 -25.2
223.8 9.0 62.0 -25.2
223.8 9.0 62.0 -25.2
223.8 9.0 62.0 -25.2
223.8 9.0 62.0 -25.2
223.8 9.0 62.0 -25.2
223.8 9.0 62.0 -25.2
223.8 9.0 62.0 -25.2
223.8 9.0 62.0 -25.2
223.8 9.0 62.0 -25.2
223.8 9.0 62.0 -25.2
223.8 9.0 62.0 -25.2
223.8 9.0 62.0 -25.2
223.8 9.0 62.0 -25.2
223.8 9.0 62.0 -25.2
223.8 9.0 62.0 -25.2
223.8 9.0 62.0 -25.2
223.8 9.0 62.0 -25.2
223.8 9.0 62.0 -25.2
223.8 9.0 62.0 -25.2
223.8 9.0 62.0 -25.2
223.8 9.0 62.0 -25.2
223.8 9.0 62.0 -25.2
223.8 9.0 62.0 -25.2
223.8 9.0 62.0 -25.2
223.8 9.0 62.0 -25.2
223.8 9.0 62.0 -25.2
223.8 9.0 62.0 -25.2
223.8 9.0 62.0 -25.2
223.8 9.0 62.0 -25.2
223.8 9.0 62.0 -25.2
223.8 9.0 62.0 -25.2
223.8 9.0 62.0 -25.2
223.8 9.0 62.0 -25.2
223.8 9.0 62.0 -25.2
223.8 9.0 62.0 -25.2
223.8 9.0 62.0 -25.2
223.8 9.0 62.0 -25.2
223.8 9.0 62.0 -25.2
223.8 9.0 62.0 -25.2
223.8 9.0 62.0 -25.2
223.8 9.0 62.0 -25.2
223.8 9.0 62.0 -25.2
223.8 9.0 62.0 -25.2
223.8 9.0 62.0 -25.2
223.8 9.0 62.0 -25.2
223.8 9.0 62.0 -25.2
223.8 9.0 62.0 -25.2
223.8 9.0 62.0 -25.2
223.8 9.0 62.0 -25.2
223.8 9.0 62.0 -25.2
223.8 9.0 62.0 -25.2
223.8 9.0 62.0 -25.2
223.8 9.0 62.0 -25.2
223.8 9.0 62.0 -25.2
223.8 9.0 62.0 -25.2
223.8 9.0 62.0 -25.2
223.8 9.0 62.0 -25.2
223.8 9.0 62.0 -25.2
223.8 9.0 62.0 -25.2
223.8 9.0 62.0 -25.2
223.8 9.0 62.0 -25.2
223.8 9.0 62.0 -25.2
223.8 9.0 62.0 -25.2
223.8 9.0 62.0 -25.2
223.8 9.0 62.0 -25.2
223.8 9.0 62.0 -25.2
223.8 9.0 62.0 -25.2
223.8 9.0 62.0 -25.2
223.8 9.0 62.0 -25.2
223.8 9.0 62.0 -25.2
223.8 9.0 62.0 -25.2
223.8 9.0 62.0 -25.2
223.8 9.0 62.0 -25.2
223.8 9.0 62.0 -25.2
223.8 9.0 62.0 -25.2
223.8 9.0 62.0 -25.2
223.8 9.0 62.0 -25.2
223.8 9.0 62.0 -25.2
223.8 9.0 62.0 -25.2
223.8 9.0 62.0 -25.2
223.8 9.0 62.0 -25.2
223.8 9.0 62.0 -25.2
223.8 9.0 62.0 -25.2
223.8 9.0 62.0 -25.2
223.8 9.0 62.0 -25.2
223.8 9.0 62.0 -25.2
223.8 9.0 62.0 -25.2
223.8 9.0 62.0 -25.2
223.8 9.0 62.0 -25.2
223.8 9.0 62.0 -25.2
223.8 9.0 62.0 -25.2
223.8 9.0 62.0 -25.2
223.8 9.0 62.0 -25.2
223.8 9.0 62.0 -25.2
223.8 9.0 62.0 -25.2
223.8 9.0 62.0 -25.2
223.8 9.0 62.0 -25.2
223.8 9.0 62.0 -25.2
223.8 9.0 62.0 -25.2
223.8 9.0 62.0 -25.2
223.8 9.0 62.0 -25.2
223.8 9.0 62.0 -25.2
223.8 9.0 62.0 -25.2
223.8 9.0 62.0 -25.2
223.8 9.0 62.0 -25.2
223.8 9.0 62.0 -25.2
223.8 9.0 62.0 -25.2
223.8 9.0 62.0 -25.2
223.8 9.0 62.0 -25.2
223.8 9.0 62.0 -25.2
223.8 9.0 62.0 -25.2
223.8 9.0 62.0 -25.2
223.8 9.0 62.0 -25.2
223.8 9.0 62.0 -25.2
223.8 9.0 62.0 -25.2
223.8 9.0 62.0 -25.2
223.8 9.0 62.0 -25.2
223.8 9.0 62.0 -25.2
223.8 9.0 62.0 -25.2
223.8 9.0 62.0 -25.2
223.8 9.0 62.0 -25.2
223.8 9.0 62.0 -25.2
223.8 9.0 62.0 -25.2
223.8 9.0 62.0 -25.2
223.8 9.0 62.0 -25.2
223.8 9.0 62.0 -25.2
223.8 9.0 62.0 -25.2
223.8 9.0 62.0 -25.2
223.8 9.0 62.0 -25.2
223.8 9.0 62.0 -25.2
223.8 9.0 62.0 -25.2
223.8 9.0 62.0 -25.2
223.8 9.0 62.0 -25.2
223.8 9.0 62.0 -25.2
223.8 9.0 62.0 -25.2
223.8 9.0 62.0 -25.2
223.8 9.0 62.0 -25.2
223.8 9.0 62.0 -25.2
223.8 9.0 62.0 -25.2
223.8 9.0 62.0 -25.2
223.8 9.0 62.0 -25.2
223.8 9.0 62.0 -25.2
223.8 9.0 62.0 -25.2
223.8 9.0 62.0 -25.2
223.8 9.0 62.0 -25.2
223.8 9.0 62.0 -25.2
223.8 9.0 62.0 -25.2
223.8 9.0 62.0 -25.2
223.8 9.0 62.0 -25.2
223.8 9.0 62.0 -25.2
223.8 9.0 62.0 -25.2
223.8 9.0 62.0 -25.2
223.8 9.0 62.0 -25.2
223.8 9.0 62.0 -25.2
223.8 9.0 62.0 -25.2
223.8 9.0 62.0 -25.2
223.8 9.0 62.0 -25.2
223.8 9.0 62.0 -25.2
223.8 9.0 62.0 -25.2
223.8 9.0 62.0 -25.2
224.6 9.0 58.0 -25.2
226.3 8.0 67.0 -25.2
226.3 8.0 67.0 -25.2
226.3 8.0 67.0 -25.2
226.3 8.0 67.0 -25.2
226.3 8.0 67.0 -25.2
226.3 8.0 67.0 -25.2
226.3 8.0 67.0 -25.2
226.3 8.0 67.0 -25.2
226.3 8.0 67.0 -25.2
226.3 8.0 67.0 -25.2
226.3 8.0 67.0 -25.2
226.3 8.0 67.0 -25.2
226.3 8.0 67.0 -25.2
226.3 8.0 67.0 -25.2
226.3 8.0 67.0 -25.2
226.3 8.0 67.0 -25.2
226.3 8.0 67.0 -25.2
226.3 8.0 67.0 -25.2
226.3 8.0 67.0 -25.2
226.3 8.0 67.0 -25.2
226.3 8.0 67.0 -25.2
226.3 8.0 67.0 -25.2
226.3 8.0 67.0 -25.2
226.3 8.0 67.0 -25.2
226.3 8.0 67.0 -25.2
227.1 8.0 63.0 -25.2
228.9 12.0 46.0 -25.2
228.9 12.0 46.0 -25.2
228.9 12.0 46.0 -25.2
228.9 12.0 46.0 -25.2
230.7 11.0 47.0 -25.2
230.7 11.0 47.0 -25.2
232.2 7.0 76.0 -25.2
232.2 7.0 76.0 -25.2
232.8 11.0 43.0 -25.2
232.8 11.0 43.0 -25.2
232.8 11.0 43.0 -25.2
233.0 10.0 52.0 -25.2
233.0 10.0 52.0 -25.2
233.0 10.0 52.0 -25.2
233.0 10.0 52.0 -25.2
233.0 10.0 52.0 -25.2
233.0 10.0 52.0 -25.2
233.0 10.0 52.0 -25.2
233.0 10.0 52.0 -25.2
233.0 10.0 52.0 -25.2
233.0 10.0 52.0 -25.2
233.0 10.0 52.0 -25.2
233.0 10.0 52.0 -25.2
233.0 10.0 52.0 -25.2
233.0 10.0 52.0 -25.2
233.0 10.0 52.0 -25.2
233.0 10.0 52.0 -25.2
233.0 10.0 52.0 -25.2
233.0 10.0 52.0 -25.2
233.0 10.0 52.0 -25.2
233.0 10.0 52.0 -25.2
233.0 10.0 52.0 -25.2
233.0 10.0 52.0 -25.2
233.0 10.0 52.0 -25.2
233.0 10.0 52.0 -25.2
233.0 10.0 52.0 -25.2
233.0 10.0 52.0 -25.2
233.0 10.0 52.0 -25.2
233.0 10.0 52.0 -25.2
233.0 10.0 52.0 -25.2
233.0 10.0 52.0 -25.2
233.8 10.0 48.0 -25.2
233.8 10.0 48.0 -25.2
233.8 10.0 48.0 -25.2
233.8 10.0 48.0 -25.2
233.8 10.0 48.0 -25.2
233.8 10.0 48.0 -25.2
233.8 10.0 48.0 -25.2
233.8 10.0 48.0 -25.2
233.8 10.0 48.0 -25.2
233.8 10.0 48.0 -25.2
233.8 10.0 48.0 -25.2
233.8 10.0 48.0 -25.2
233.8 10.0 48.0 -25.2
233.8 10.0 48.0 -25.2
233.8 10.0 48.0 -25.2
236.2 7.0 69.0 -25.2
236.2 7.0 69.0 -25.2
236.2 7.0 69.0 -25.2
236.2 7.0 69.0 -25.2
236.2 7.0 69.0 -25.2
236.2 7.0 69.0 -25.2
236.2 7.0 69.0 -25.2
236.2 7.0 69.0 -25.2
236.2 7.0 69.0 -25.2
236.2 7.0 69.0 -25.2
236.2 7.0 69.0 -25.2
236.2 7.0 69.0 -25.2
236.2 7.0 69.0 -25.2
236.2 7.0 69.0 -25.2
236.2 7.0 69.0 -25.2
236.2 7.0 69.0 -25.2
236.2 7.0 69.0 -25.2
236.2 7.0 69.0 -25.2
236.2 7.0 69.0 -25.2
236.2 7.0 69.0 -25.2
236.2 7.0 69.0 -25.2
236.2 7.0 69.0 -25.2
236.2 7.0 69.0 -25.2
236.2 7.0 69.0 -25.2
236.2 7.0 69.0 -25.2
236.2 7.0 69.0 -25.2
236.2 7.0 69.0 -25.2
236.2 7.0 69.0 -25.2
236.2 7.0 69.0 -25.2
236.2 7.0 69.0 -25.2
236.2 7.0 69.0 -25.2
236.2 7.0 69.0 -25.2
236.2 7.0 69.0 -25.2
236.2 7.0 69.0 -25.2
236.2 7.0 69.0 -25.2
236.2 7.0 69.0 -25.2
236.2 7.0 69.0 -25.2
236.2 7.0 69.0 -25.2
236.2 7.0 69.0 -25.2
236.2 7.0 69.0 -25.2
236.2 7.0 69.0 -25.2
236.2 7.0 69.0 -25.2
236.2 7.0 69.0 -25.2
236.2 7.0 69.0 -25.2
236.2 7.0 69.0 -25.2
236.2 7.0 69.0 -25.2
236.2 7.0 69.0 -25.2
236.2 7.0 69.0 -25.2
236.2 7.0 69.0 -25.2
236.2 7.0 69.0 -25.2
236.2 7.0 69.0 -25.2
236.2 7.0 69.0 -25.2
236.2 7.0 69.0 -25.2
236.2 7.0 69.0 -25.2
236.2 7.0 69.0 -25.2
236.2 7.0 69.0 -25.2
236.2 7.0 69.0 -25.2
236.2 7.0 69.0 -25.2
236.2 7.0 69.0 -25.2
236.2 7.0 69.0 -25.2
236.2 7.0 69.0 -25.2
236.2 7.0 69.0 -25.2
236.3 9.0 53.0 -25.2
236.3 9.0 53.0 -25.2
236.3 9.0 53.0 -25.2
236.3 9.0 53.0 -25.2
242.1 6.0 78.0 -25.2
242.1 6.0 78.0 -25.2
242.1 6.0 78.0 -25.2
242.1 6.0 78.0 -25.2
242.1 6.0 78.0 -25.2
242.1 6.0 78.0 -25.2
242.7 10.0 45.0 -25.2
243.7 9.0 50.0 -25.2
243.7 9.0 50.0 -25.2
243.7 9.0 50.0 -25.2
243.7 9.0 50.0 -25.2
243.7 9.0 50.0 -25.2
243.7 9.0 50.0 -25.2
245.4 8.0 59.0 -25.2
245.4 8.0 59.0 -25.2
245.4 8.0 59.0 -25.2
245.4 8.0 59.0 -25.2
245.4 8.0 59.0 -25.2
245.4 8.0 59.0 -25.2
245.4 8.0 59.0 -25.2
245.4 8.0 59.0 -25.2
245.4 8.0 59.0 -25.2
245.4 8.0 59.0 -25.2
245.4 8.0 59.0 -25.2
253.0 13.0 34.0 -25.2
253.0 13.0 34.0 -25.2
253.0 13.0 34.0 -25.2
253.0 13.0 34.0 -25.2
