220.5 11.0 52.0 -25.2
220.5 11.0 52.0 -25.2
220.5 11.0 52.0 -25.2
220.5 11.0 52.0 -25.2
221.5 10.0 57.0 -25.2
221.5 10.0 57.0 -25.2
223.6 10.0 53.0 -25.2
224.6 9.0 58.0 -25.2
224.6 9.0 58.0 -25.2
227.1 8.0 63.0 -25.2
227.1 8.0 63.0 -25.2
228.9 12.0 46.0 -25.2
228.9 12.0 46.0 -25.2
228.9 12.0 46.0 -25.2
228.9 12.0 46.0 -25.2
228.9 12.0 46.0 -25.2
228.9 12.0 46.0 -25.2
228.9 12.0 46.0 -25.2
228.9 12.0 46.0 -25.2
228.9 12.0 46.0 -25.2
228.9 12.0 46.0 -25.2
228.9 12.0 46.0 -25.2
228.9 12.0 46.0 -25.2
228.9 12.0 46.0 -25.2
228.9 12.0 46.0 -25.2
228.9 12.0 46.0 -25.2
228.9 12.0 46.0 -25.2
228.9 12.0 46.0 -25.2
228.9 12.0 46.0 -25.2
228.9 12.0 46.0 -25.2
228.9 12.0 46.0 -25.2
228.9 12.0 46.0 -25.2
228.9 12.0 46.0 -25.2
228.9 12.0 46.0 -25.2
228.9 12.0 46.0 -25.2
228.9 12.0 46.0 -25.2
228.9 12.0 46.0 -25.2
228.9 12.0 46.0 -25.2
228.9 12.0 46.0 -25.2
228.9 12.0 46.0 -25.2
228.9 12.0 46.0 -25.2
229.4 13.0 41.0 -25.2
229.4 13.0 41.0 -25.2
229.4 13.0 41.0 -25.2
229.4 13.0 41.0 -25.2
229.7 12.0 42.0 -25.2
229.7 12.0 42.0 -25.2
229.7 12.0 42.0 -25.2
229.7 12.0 42.0 -25.2
229.7 12.0 42.0 -25.2
229.7 12.0 42.0 -25.2
229.7 12.0 42.0 -25.2
229.7 12.0 42.0 -25.2
229.7 12.0 42.0 -25.2
229.7 12.0 42.0 -25.2
229.7 12.0 42.0 -25.2
229.7 12.0 42.0 -25.2
229.7 12.0 42.0 -25.2
229.7 12.0 42.0 -25.2
229.7 12.0 42.0 -25.2
229.7 12.0 42.0 -25.2
229.7 12.0 42.0 -25.2
229.7 12.0 42.0 -25.2
229.7 12.0 42.0 -25.2
229.7 12.0 42.0 -25.2
229.7 12.0 42.0 -25.2
229.7 12.0 42.0 -25.2
229.7 12.0 42.0 -25.2
229.7 12.0 42.0 -25.2
229.7 12.0 42.0 -25.2
229.7 12.0 42.0 -25.2
229.7 12.0 42.0 -25.2
229.7 12.0 42.0 -25.2
229.7 12.0 42.0 -25.2
229.7 12.0 42.0 -25.2
229.7 12.0 42.0 -25.2
229.7 12.0 42.0 -25.2
229.7 12.0 42.0 -25.2
229.7 12.0 42.0 -25.2
229.7 12.0 42.0 -25.2
229.7 12.0 42.0 -25.2
229.7 12.0 42.0 -25.2
229.7 12.0 42.0 -25.2
229.7 12.0 42.0 -25.2
229.7 12.0 42.0 -25.2
229.7 12.0 42.0 -25.2
229.7 12.0 42.0 -25.2
229.7 12.0 42.0 -25.2
229.7 12.0 42.0 -25.2
229.7 12.0 42.0 -25.2
229.7 12.0 42.0 -25.2
229.7 12.0 42.0 -25.2
229.7 12.0 42.0 -25.2
229.7 12.0 42.0 -25.2
229.7 12.0 42.0 -25.2
229.7 12.0 42.0 -25.2
229.7 12.0 42.0 -25.2
229.7 12.0 42.0 -25.2
229.7 12.0 42.0 -25.2
229.7 12.0 42.0 -25.2
229.7 12.0 42.0 -25.2
229.7 12.0 42.0 -25.2
229.7 12.0 42.0 -25.2
229.7 12.0 42.0 -25.2
229.7 12.0 42.0 -25.2
229.7 12.0 42.0 -25.2
229.7 12.0 42.0 -25.2
229.7 12.0 42.0 -25.2
229.7 12.0 42.0 -25.2
229.7 12.0 42.0 -25.2
229.7 12.0 42.0 -25.2
229.7 12.0 42.0 -25.2
229.7 12.0 42.0 -25.2
229.7 12.0 42.0 -25.2
229.7 12.0 42.0 -25.2
229.7 12.0 42.0 -25.2
229.7 12.0 42.0 -25.2
229.7 12.0 42.0 -25.2
229.7 12.0 42.0 -25.2
229.7 12.0 42.0 -25.2
229.7 12.0 42.0 -25.2
229.9 11.0 51.0 -25.2
229.9 11.0 51.0 -25.2
229.9 11.0 51.0 -25.2
229.9 11.0 51.0 -25.2
229.9 11.0 51.0 -25.2
229.9 11.0 51.0 -25.2
229.9 11.0 51.0 -25.2
229.9 11.0 51.0 -25.2
229.9 11.0 51.0 -25.2
229.9 11.0 51.0 -25.2
229.9 11.0 51.0 -25.2
229.9 11.0 51.0 -25.2
229.9 11.0 51.0 -25.2
229.9 11.0 51.0 -25.2
229.9 11.0 51.0 -25.2
229.9 11.0 51.0 -25.2
229.9 11.0 51.0 -25.2
229.9 11.0 51.0 -25.2
229.9 11.0 51.0 -25.2
229.9 11.0 51.0 -25.2
229.9 11.0 51.0 -25.2
229.9 11.0 51.0 -25.2
229.9 11.0 51.0 -25.2
229.9 11.0 51.0 -25.2
229.9 11.0 51.0 -25.2
229.9 11.0 51.0 -25.2
229.9 11.0 51.0 -25.2
229.9 11.0 51.0 -25.2
229.9 11.0 51.0 -25.2
229.9 11.0 51.0 -25.2
229.9 11.0 51.0 -25.2
229.9 11.0 51.0 -25.2
229.9 11.0 51.0 -25.2
229.9 11.0 51.0 -25.2
229.9 11.0 51.0 -25.2
229.9 11.0 51.0 -25.2
229.9 11.0 51.0 -25.2
229.9 11.0 51.0 -25.2
229.9 11.0 51.0 -25.2
229.9 11.0 51.0 -25.2
229.9 11.0 51.0 -25.2
229.9 11.0 51.0 -25.2
229.9 11.0 51.0 -25.2
229.9 11.0 51.0 -25.2
229.9 11.0 51.0 -25.2
229.9 11.0 51.0 -25.2
229.9 11.0 51.0 -25.2
229.9 11.0 51.0 -25.2
230.2 13.0 37.0 -25.2
230.2 13.0 37.0 -25.2
230.2 13.0 37.0 -25.2
230.2 13.0 37.0 -25.2
230.2 13.0 37.0 -25.2
230.2 13.0 37.0 -25.2
230.2 13.0 37.0 -25.2
230.2 13.0 37.0 -25.2
230.2 13.0 37.0 -25.2
230.2 13.0 37.0 -25.2
230.2 13.0 37.0 -25.2
230.2 13.0 37.0 -25.2
230.2 13.0 37.0 -25.2
230.2 13.0 37.0 -25.2
230.2 13.0 37.0 -25.2
230.2 13.0 37.0 -25.2
230.2 13.0 37.0 -25.2
230.2 13.0 37.0 -25.2
230.2 13.0 37.0 -25.2
230.2 13.0 37.0 -25.2
230.7 11.0 47.0 -25.2
230.7 11.0 47.0 -25.2
230.7 11.0 47.0 -25.2
230.7 11.0 47.0 -25.2
230.7 11.0 47.0 -25.2
230.7 11.0 47.0 -25.2
230.7 11.0 47.0 -25.2
230.7 11.0 47.0 -25.2
230.7 11.0 47.0 -25.2
230.7 11.0 47.0 -25.2
230.7 11.0 47.0 -25.2
230.7 11.0 47.0 -25.2
230.7 11.0 47.0 -25.2
230.7 11.0 47.0 -25.2
230.7 11.0 47.0 -25.2
230.7 11.0 47.0 -25.2
230.7 11.0 47.0 -25.2
230.7 11.0 47.0 -25.2
230.7 11.0 47.0 -25.2
230.7 11.0 47.0 -25.2
230.7 11.0 47.0 -25.2
230.7 11.0 47.0 -25.2
230.7 11.0 47.0 -25.2
230.7 11.0 47.0 -25.2
230.7 11.0 47.0 -25.2
230.7 11.0 47.0 -25.2
230.7 11.0 47.0 -25.2
230.7 11.0 47.0 -25.2
230.7 11.0 47.0 -25.2
230.7 11.0 47.0 -25.2
230.7 11.0 47.0 -25.2
230.7 11.0 47.0 -25.2
230.7 11.0 47.0 -25.2
230.7 11.0 47.0 -25.2
230.7 11.0 47.0 -25.2
230.7 11.0 47.0 -25.2
230.7 11.0 47.0 -25.2
230.7 11.0 47.0 -25.2
230.7 11.0 47.0 -25.2
230.7 11.0 47.0 -25.2
230.7 11.0 47.0 -25.2
230.7 11.0 47.0 -25.2
230.7 11.0 47.0 -25.2
230.7 11.0 47.0 -25.2
230.7 11.0 47.0 -25.2
230.7 11.0 47.0 -25.2
230.7 11.0 47.0 -25.2
230.7 11.0 47.0 -25.2
230.7 11.0 47.0 -25.2
230.7 11.0 47.0 -25.2
230.7 11.0 47.0 -25.2
230.7 11.0 47.0 -25.2
230.7 11.0 47.0 -25.2
230.7 11.0 47.0 -25.2
230.7 11.0 47.0 -25.2
230.7 11.0 47.0 -25.2
230.7 11.0 47.0 -25.2
230.7 11.0 47.0 -25.2
230.7 11.0 47.0 -25.2
230.7 11.0 47.0 -25.2
230.7 11.0 47.0 -25.2
230.7 11.0 47.0 -25.2
230.7 11.0 47.0 -25.2
230.7 11.0 47.0 -25.2
230.7 11.0 47.0 -25.2
230.7 11.0 47.0 -25.2
230.7 11.0 47.0 -25.2
230.7 11.0 47.0 -25.2
230.7 11.0 47.0 -25.2
230.7 11.0 47.0 -25.2
230.7 11.0 47.0 -25.2
230.7 11.0 47.0 -25.2
230.7 11.0 47.0 -25.2
230.7 11.0 47.0 -25.2
230.7 11.0 47.0 -25.2
230.7 11.0 47.0 -25.2
230.7 11.0 47.0 -25.2
230.7 11.0 47.0 -25.2
230.7 11.0 47.0 -25.2
230.7 11.0 47.0 -25.2
230.7 11.0 47.0 -25.2
230.7 11.0 47.0 -25.2
230.7 11.0 47.0 -25.2
230.7 11.0 47.0 -25.2
230.7 11.0 47.0 -25.2
230.7 11.0 47.0 -25.2
230.7 11.0 47.0 -25.2
230.7 11.0 47.0 -25.2
230.7 11.0 47.0 -25.2
230.7 11.0 47.0 -25.2
230.7 11.0 47.0 -25.2
230.7 11.0 47.0 -25.2
230.7 11.0 47.0 -25.2
230.7 11.0 47.0 -25.2
230.7 11.0 47.0 -25.2
230.7 11.0 47.0 -25.2
230.7 11.0 47.0 -25.2
230.7 11.0 47.0 -25.2
230.7 11.0 47.0 -25.2
230.7 11.0 47.0 -25.2
230.7 11.0 47.0 -25.2
230.7 11.0 47.0 -25.2
230.7 11.0 47.0 -25.2
230.7 11.0 47.0 -25.2
230.7 11.0 47.0 -25.2
230.7 11.0 47.0 -25.2
230.7 11.0 47.0 -25.2
230.7 11.0 47.0 -25.2
230.7 11.0 47.0 -25.2
230.7 11.0 47.0 -25.2
230.7 11.0 47.0 -25.2
230.7 11.0 47.0 -25.2
230.7 11.0 47.0 -25.2
230.7 11.0 47.0 -25.2
230.7 11.0 47.0 -25.2
230.7 11.0 47.0 -25.2
230.7 11.0 47.0 -25.2
230.7 11.0 47.0 -25.2
230.7 11.0 47.0 -25.2
230.7 11.0 47.0 -25.2
230.7 11.0 47.0 -25.2
230.7 11.0 47.0 -25.2
230.7 11.0 47.0 -25.2
230.7 11.0 47.0 -25.2
232.8 11.0 43.0 -25.2
232.8 11.0 43.0 -25.2
232.8 11.0 43.0 -25.2
232.8 11.0 43.0 -25.2
232.8 11.0 43.0 -25.2
232.8 11.0 43.0 -25.2
232.8 11.0 43.0 -25.2
232.8 11.0 43.0 -25.2
232.8 11.0 43.0 -25.2
232.8 11.0 43.0 -25.2
232.8 11.0 43.0 -25.2
232.8 11.0 43.0 -25.2
232.8 11.0 43.0 -25.2
232.8 11.0 43.0 -25.2
232.8 11.0 43.0 -25.2
232.8 11.0 43.0 -25.2
232.8 11.0 43.0 -25.2
233.0 10.0 52.0 -25.2
233.0 10.0 52.0 -25.2
233.0 10.0 52.0 -25.2
233.0 10.0 52.0 -25.2
233.0 10.0 52.0 -25.2
233.0 10.0 52.0 -25.2
233.0 10.0 52.0 -25.2
233.0 10.0 52.0 -25.2
233.0 10.0 52.0 -25.2
233.0 10.0 52.0 -25.2
233.0 10.0 52.0 -25.2
233.0 10.0 52.0 -25.2
233.0 10.0 52.0 -25.2
233.0 10.0 52.0 -25.2
233.0 10.0 52.0 -25.2
233.0 10.0 52.0 -25.2
233.0 10.0 52.0 -25.2
233.0 10.0 52.0 -25.2
233.0 10.0 52.0 -25.2
233.0 10.0 52.0 -25.2
233.0 10.0 52.0 -25.2
233.0 10.0 52.0 -25.2
233.0 10.0 52.0 -25.2
233.0 10.0 52.0 -25.2
233.3 12.0 38.0 -25.2
233.3 12.0 38.0 -25.2
233.3 12.0 38.0 -25.2
233.3 12.0 38.0 -25.2
233.3 12.0 38.0 -25.2
233.3 12.0 38.0 -25.2
233.8 10.0 48.0 -25.2
233.8 10.0 48.0 -25.2
233.8 10.0 48.0 -25.2
233.8 10.0 48.0 -25.2
233.8 10.0 48.0 -25.2
233.8 10.0 48.0 -25.2
233.8 10.0 48.0 -25.2
233.8 10.0 48.0 -25.2
233.8 10.0 48.0 -25.2
233.8 10.0 48.0 -25.2
233.8 10.0 48.0 -25.2
233.8 10.0 48.0 -25.2
233.8 10.0 48.0 -25.2
233.8 10.0 48.0 -25.2
233.8 10.0 48.0 -25.2
233.8 10.0 48.0 -25.2
233.8 10.0 48.0 -25.2
233.8 10.0 48.0 -25.2
233.8 10.0 48.0 -25.2
233.8 10.0 48.0 -25.2
233.8 10.0 48.0 -25.2
233.8 10.0 48.0 -25.2
233.8 10.0 48.0 -25.2
233.8 10.0 48.0 -25.2
233.8 10.0 48.0 -25.2
233.8 10.0 48.0 -25.2
233.8 10.0 48.0 -25.2
233.8 10.0 48.0 -25.2
233.8 10.0 48.0 -25.2
233.8 10.0 48.0 -25.2
233.8 10.0 48.0 -25.2
233.8 10.0 48.0 -25.2
233.8 10.0 48.0 -25.2
233.8 10.0 48.0 -25.2
233.8 10.0 48.0 -25.2
233.8 10.0 48.0 -25.2
233.8 10.0 48.0 -25.2
233.8 10.0 48.0 -25.2
233.8 10.0 48.0 -25.2
233.8 10.0 48.0 -25.2
233.8 10.0 48.0 -25.2
233.8 10.0 48.0 -25.2
233.8 10.0 48.0 -25.2
233.8 10.0 48.0 -25.2
233.8 10.0 48.0 -25.2
233.8 10.0 48.0 -25.2
233.8 10.0 48.0 -25.2
233.8 10.0 48.0 -25.2
233.8 10.0 48.0 -25.2
233.8 10.0 48.0 -25.2
233.8 10.0 48.0 -25.2
233.8 10.0 48.0 -25.2
233.8 10.0 48.0 -25.2
233.8 10.0 48.0 -25.2
233.8 10.0 48.0 -25.2
233.8 10.0 48.0 -25.2
233.8 10.0 48.0 -25.2
233.8 10.0 48.0 -25.2
233.8 10.0 48.0 -25.2
233.8 10.0 48.0 -25.2
233.8 10.0 48.0 -25.2
233.8 10.0 48.0 -25.2
233.8 10.0 48.0 -25.2
234.5 8.0 60.0 -25.2
236.2 7.0 69.0 -25.2
236.3 9.0 53.0 -25.2
236.3 9.0 53.0 -25.2
237.0 7.0 65.0 -25.2
237.0 7.0 65.0 -25.2
237.0 7.0 65.0 -25.2
237.0 7.0 65.0 -25.2
237.0 7.0 65.0 -25.2
237.0 7.0 65.0 -25.2
237.0 7.0 65.0 -25.2
237.0 7.0 65.0 -25.2
237.0 7.0 65.0 -25.2
237.0 7.0 65.0 -25.2
237.0 7.0 65.0 -25.2
237.0 7.0 65.0 -25.2
237.0 7.0 65.0 -25.2
242.7 10.0 45.0 -25.2
242.7 10.0 45.0 -25.2
242.7 10.0 45.0 -25.2
243.2 11.0 40.0 -25.2
243.7 9.0 50.0 -25.2
243.7 9.0 50.0 -25.2
243.7 9.0 50.0 -25.2
243.7 9.0 50.0 -25.2
245.4 8.0 59.0 -25.2
245.4 8.0 59.0 -25.2
245.4 8.0 59.0 -25.2
245.4 8.0 59.0 -25.2
245.4 8.0 59.0 -25.2
245.4 8.0 59.0 -25.2
245.4 8.0 59.0 -25.2
245.4 8.0 59.0 -25.2
245.4 8.0 59.0 -25.2
245.4 8.0 59.0 -25.2
245.4 8.0 59.0 -25.2
245.4 8.0 59.0 -25.2
246.2 8.0 55.0 -25.2
246.2 8.0 55.0 -25.2
246.2 8.0 55.0 -25.2
246.2 8.0 55.0 -25.2
246.2 8.0 55.0 -25.2
246.2 8.0 55.0 -25.2
246.2 8.0 55.0 -25.2
246.2 8.0 55.0 -25.2
246.2 8.0 55.0 -25.2
246.2 8.0 55.0 -25.2
246.2 8.0 55.0 -25.2
246.2 8.0 55.0 -25.2
246.2 8.0 55.0 -25.2
246.2 8.0 55.0 -25.2
246.2 8.0 55.0 -25.2
246.2 8.0 55.0 -25.2
246.2 8.0 55.0 -25.2
246.2 8.0 55.0 -25.2
246.2 8.0 55.0 -25.2
246.2 8.0 55.0 -25.2
246.2 8.0 55.0 -25.2
246.2 8.0 55.0 -25.2
246.2 8.0 55.0 -25.2
246.2 8.0 55.0 -25.2
246.2 8.0 55.0 -25.2
246.2 8.0 55.0 -25.2
246.2 8.0 55.0 -25.2
246.2 8.0 55.0 -25.2
246.2 8.0 55.0 -25.2
246.2 8.0 55.0 -25.2
246.2 8.0 55.0 -25.2
246.2 8.0 55.0 -25.2
246.2 8.0 55.0 -25.2
246.2 8.0 55.0 -25.2
246.2 8.0 55.0 -25.2
246.2 8.0 55.0 -25.2
246.2 8.0 55.0 -25.2
246.2 8.0 55.0 -25.2
246.2 8.0 55.0 -25.2
255.7 13.0 35.0 -25.2
