3433.0 -6512.4
3477.0 -6526.8
3498.0 -6571.2
3515.0 -6626.4
3527.0 -6798.0
3564.0 -6700.8
3570.0 -6956.4
3574.0 -6856.8
3592.0 -6894.0
3594.0 -7099.2
3611.0 -7108.8
3648.0 -6784.8
3666.0 -6914.4
3667.0 -7335.6
3670.0 -7086.0
3690.0 -6844.8
3692.0 -7153.2
3698.0 -7374.0
3702.0 -7124.4
3703.0 -6860.4
3715.0 -6966.0
3727.0 -7102.8
3733.0 -7566.0
3742.0 -7244.4
3750.0 -7456.8
3754.0 -7288.8
3766.0 -7110.0
3770.0 -7296.0
3783.0 -7034.4
3784.0 -7514.4
3799.0 -7551.6
3825.0 -7161.6
3825.0 -7308.0
3831.0 -7090.8
3836.0 -7312.8
3849.0 -7707.6
3849.0 -7300.8
3865.0 -7688.4
3866.0 -7173.6
3889.0 -7293.6
3894.0 -7456.8
3918.0 -7218.0
3940.0 -7582.8
3944.0 -8107.2
3966.0 -7286.4
3981.0 -7876.8
4019.0 -7137.6
4052.0 -7490.4
4054.0 -7764.0
4179.0 -7789.2
