555.0 -21912.0
566.0 -23712.0
591.0 -24432.0
591.0 -24432.0
645.0 -25524.0
684.0 -25776.0
687.0 -26796.0
717.0 -27180.0
739.0 -27336.0
751.0 -28032.0
801.0 -28116.0
809.0 -29136.0
825.0 -30756.0
844.0 -30900.0
851.0 -31008.0
882.0 -32088.0
882.0 -32088.0
930.0 -32400.0
944.0 -32520.0
944.0 -32520.0
991.0 -33108.0
991.0 -33108.0
1008.0 -33324.0
1042.0 -34272.0
1122.0 -35112.0
1152.0 -35496.0
1157.0 -35544.0
1172.0 -35676.0
1174.0 -35712.0
1222.0 -35832.0
1222.0 -35832.0
1222.0 -35832.0
1273.0 -36360.0
1296.0 -37044.0
1342.0 -38028.0
1342.0 -38028.0
1477.0 -38052.0
1477.0 -38052.0
1515.0 -38484.0
1524.0 -38652.0
1566.0 -39072.0
1626.0 -39336.0
1798.0 -40632.0
1909.0 -40680.0
1941.0 -41292.0
1999.0 -41328.0
