372.0 -14820.0
388.0 -16610.0
392.0 -14710.0
394.0 -15330.0
396.0 -17040.0
399.0 -14710.0
406.0 -16060.0
417.0 -17250.0
423.0 -15660.0
426.0 -15930.0
427.0 -14950.0
428.0 -14740.0
429.0 -14450.0
432.0 -16520.0
435.0 -18010.0
436.0 -15950.0
436.0 -14550.0
437.0 -13830.0
439.0 -15530.0
439.0 -14930.0
441.0 -13020.0
442.0 -17160.0
445.0 -16390.0
446.0 -16910.0
448.0 -16130.0
450.0 -16140.0
451.0 -13530.0
452.0 -15420.0
454.0 -18940.0
454.0 -17910.0
454.0 -11640.0
455.0 -18440.0
456.0 -17110.0
456.0 -16490.0
460.0 -18550.0
462.0 -17050.0
463.0 -15020.0
463.0 -14890.0
463.0 -14630.0
464.0 -17670.0
465.0 -16220.0
466.0 -16870.0
466.0 -15760.0
467.0 -16090.0
468.0 -16650.0
468.0 -14850.0
469.0 -14360.0
469.0 -14210.0
470.0 -19250.0
472.0 -17720.0
472.0 -16390.0
473.0 -18710.0
473.0 -15530.0
473.0 -15150.0
474.0 -15880.0
474.0 -14890.0
477.0 -20050.0
478.0 -16730.0
479.0 -17330.0
479.0 -17120.0
481.0 -17450.0
481.0 -16770.0
482.0 -17650.0
482.0 -15930.0
482.0 -15720.0
484.0 -16740.0
484.0 -16390.0
484.0 -16010.0
486.0 -17430.0
488.0 -16610.0
488.0 -15820.0
489.0 -19830.0
490.0 -17170.0
492.0 -19040.0
492.0 -16910.0
492.0 -16850.0
493.0 -16830.0
494.0 -18490.0
494.0 -17520.0
497.0 -17700.0
498.0 -19120.0
498.0 -17980.0
498.0 -16660.0
500.0 -17010.0
502.0 -20460.0
502.0 -20410.0
502.0 -16880.0
503.0 -16850.0
504.0 -18440.0
504.0 -17950.0
504.0 -16990.0
505.0 -17180.0
505.0 -17070.0
506.0 -17740.0
507.0 -16870.0
508.0 -19490.0
508.0 -18650.0
508.0 -17620.0
510.0 -19310.0
511.0 -17690.0
512.0 -17860.0
512.0 -16980.0
514.0 -19340.0
514.0 -17000.0
516.0 -18960.0
517.0 -19290.0
517.0 -18990.0
517.0 -17110.0
519.0 -18310.0
519.0 -17260.0
520.0 -17530.0
521.0 -18490.0
522.0 -19190.0
522.0 -18190.0
522.0 -17180.0
523.0 -18640.0
523.0 -18450.0
523.0 -18030.0
524.0 -20930.0
524.0 -19340.0
524.0 -19310.0
524.0 -17950.0
527.0 -18590.0
531.0 -18820.0
534.0 -18260.0
536.0 -18950.0
536.0 -18390.0
538.0 -19780.0
538.0 -18520.0
539.0 -20750.0
539.0 -19220.0
539.0 -18350.0
541.0 -19630.0
542.0 -20130.0
545.0 -20410.0
545.0 -20050.0
545.0 -19800.0
546.0 -20330.0
546.0 -19470.0
546.0 -19180.0
546.0 -19140.0
547.0 -19390.0
548.0 -20410.0
549.0 -18880.0
550.0 -19270.0
552.0 -21100.0
552.0 -20040.0
553.0 -21150.0
555.0 -19810.0
556.0 -19390.0
557.0 -20360.0
558.0 -20280.0
558.0 -19950.0
558.0 -19260.0
561.0 -19550.0
562.0 -20450.0
564.0 -20070.0
565.0 -20360.0
565.0 -19650.0
568.0 -19400.0
569.0 -19860.0
570.0 -19800.0
573.0 -20810.0
575.0 -20330.0
576.0 -21350.0
577.0 -20580.0
577.0 -20450.0
582.0 -19810.0
583.0 -20500.0
584.0 -21260.0
586.0 -20160.0
587.0 -20640.0
593.0 -20930.0
593.0 -20660.0
593.0 -20190.0
594.0 -19980.0
595.0 -20870.0
595.0 -19980.0
598.0 -21160.0
599.0 -20530.0
600.0 -20950.0
600.0 -20570.0
601.0 -21760.0
601.0 -20390.0
602.0 -22650.0
602.0 -20060.0
603.0 -21430.0
603.0 -20370.0
605.0 -20230.0
606.0 -21060.0
606.0 -20360.0
611.0 -20730.0
613.0 -22140.0
613.0 -21100.0
614.0 -21500.0
614.0 -20080.0
615.0 -21700.0
615.0 -20290.0
616.0 -20440.0
617.0 -21500.0
619.0 -21030.0
621.0 -21640.0
621.0 -21130.0
623.0 -20790.0
624.0 -20510.0
625.0 -21940.0
625.0 -21600.0
625.0 -21180.0
625.0 -21090.0
625.0 -20690.0
626.0 -21830.0
626.0 -20700.0
627.0 -21200.0
630.0 -21340.0
630.0 -21290.0
631.0 -23600.0
631.0 -22850.0
631.0 -22350.0
631.0 -21740.0
631.0 -20960.0
631.0 -20560.0
631.0 -20400.0
632.0 -21570.0
633.0 -21120.0
636.0 -21200.0
636.0 -21130.0
636.0 -21120.0
638.0 -22840.0
639.0 -22360.0
639.0 -21430.0
640.0 -21270.0
640.0 -21170.0
641.0 -21820.0
642.0 -22080.0
642.0 -21890.0
643.0 -22660.0
643.0 -21580.0
644.0 -22790.0
644.0 -21280.0
645.0 -22460.0
645.0 -21800.0
646.0 -23240.0
649.0 -21670.0
650.0 -21610.0
651.0 -22280.0
652.0 -23000.0
652.0 -22190.0
653.0 -23630.0
653.0 -22000.0
653.0 -21830.0
655.0 -22690.0
657.0 -23790.0
657.0 -22450.0
659.0 -23370.0
659.0 -23140.0
660.0 -23340.0
660.0 -22310.0
660.0 -21960.0
663.0 -22240.0
668.0 -22790.0
669.0 -22040.0
672.0 -22490.0
672.0 -22430.0
674.0 -22300.0
675.0 -22090.0
676.0 -24070.0
676.0 -22480.0
678.0 -22340.0
680.0 -24080.0
680.0 -22660.0
680.0 -22330.0
683.0 -23530.0
683.0 -22350.0
684.0 -23630.0
684.0 -23480.0
684.0 -22600.0
686.0 -22800.0
688.0 -22800.0
688.0 -22440.0
690.0 -22980.0
690.0 -22560.0
691.0 -24140.0
692.0 -22710.0
693.0 -22430.0
696.0 -22470.0
697.0 -24110.0
699.0 -22710.0
700.0 -23090.0
701.0 -23840.0
701.0 -23090.0
704.0 -22580.0
705.0 -25280.0
705.0 -22950.0
706.0 -23530.0
707.0 -23140.0
707.0 -22950.0
708.0 -22940.0
709.0 -24960.0
709.0 -23100.0
709.0 -22670.0
710.0 -23440.0
710.0 -22690.0
711.0 -24740.0
712.0 -23400.0
712.0 -23160.0
713.0 -23780.0
714.0 -25780.0
715.0 -23300.0
716.0 -22750.0
718.0 -26530.0
719.0 -23400.0
720.0 -24520.0
721.0 -23280.0
721.0 -23070.0
722.0 -24850.0
722.0 -24410.0
722.0 -24330.0
723.0 -24720.0
723.0 -23990.0
725.0 -23770.0
725.0 -23340.0
726.0 -24560.0
726.0 -24050.0
726.0 -23400.0
727.0 -25010.0
728.0 -23490.0
732.0 -24400.0
732.0 -23980.0
732.0 -23550.0
734.0 -24710.0
734.0 -23570.0
735.0 -23790.0
738.0 -24040.0
740.0 -24070.0
741.0 -25120.0
741.0 -25000.0
741.0 -24020.0
743.0 -24670.0
744.0 -24100.0
745.0 -24340.0
746.0 -24780.0
748.0 -25110.0
748.0 -24050.0
749.0 -24050.0
751.0 -24680.0
752.0 -24930.0
753.0 -26470.0
753.0 -24650.0
754.0 -26170.0
754.0 -24090.0
755.0 -25220.0
755.0 -24700.0
756.0 -25980.0
757.0 -24470.0
758.0 -24240.0
760.0 -26010.0
761.0 -25550.0
762.0 -25030.0
762.0 -24540.0
764.0 -24330.0
766.0 -24520.0
767.0 -24710.0
768.0 -24540.0
770.0 -25110.0
771.0 -24940.0
773.0 -25430.0
774.0 -24930.0
775.0 -24590.0
776.0 -24980.0
776.0 -24660.0
778.0 -26170.0
779.0 -25370.0
779.0 -24910.0
780.0 -27410.0
780.0 -25930.0
780.0 -25510.0
780.0 -25330.0
782.0 -24940.0
783.0 -26160.0
783.0 -25390.0
784.0 -25560.0
785.0 -25080.0
790.0 -25560.0
790.0 -25170.0
791.0 -25440.0
792.0 -25620.0
794.0 -25610.0
794.0 -25510.0
795.0 -25730.0
795.0 -25310.0
796.0 -26630.0
796.0 -25840.0
799.0 -25720.0
799.0 -25420.0
803.0 -26310.0
803.0 -25560.0
807.0 -25570.0
809.0 -26230.0
809.0 -25580.0
810.0 -26580.0
811.0 -25440.0
814.0 -26610.0
816.0 -25610.0
816.0 -25480.0
817.0 -25820.0
819.0 -26430.0
821.0 -27040.0
828.0 -27550.0
828.0 -26170.0
829.0 -25950.0
831.0 -27120.0
832.0 -26660.0
833.0 -26770.0
833.0 -26350.0
833.0 -25970.0
834.0 -25830.0
835.0 -26890.0
835.0 -26460.0
835.0 -26120.0
836.0 -25710.0
837.0 -25710.0
838.0 -26550.0
839.0 -26900.0
840.0 -26260.0
841.0 -26630.0
841.0 -25760.0
841.0 -25640.0
843.0 -26900.0
843.0 -26670.0
843.0 -26540.0
844.0 -26090.0
845.0 -26640.0
846.0 -26410.0
848.0 -27440.0
851.0 -26520.0
853.0 -26580.0
853.0 -26450.0
853.0 -26230.0
855.0 -26730.0
858.0 -27730.0
859.0 -26850.0
859.0 -26550.0
861.0 -27100.0
863.0 -26620.0
865.0 -26660.0
866.0 -26310.0
868.0 -28810.0
868.0 -26700.0
870.0 -27170.0
871.0 -27540.0
874.0 -27530.0
874.0 -26590.0
876.0 -27470.0
876.0 -27220.0
878.0 -26590.0
882.0 -27410.0
882.0 -27310.0
882.0 -26980.0
882.0 -26840.0
883.0 -27570.0
883.0 -27200.0
883.0 -26720.0
884.0 -27590.0
884.0 -27050.0
884.0 -26950.0
885.0 -28910.0
885.0 -27020.0
886.0 -27400.0
889.0 -27230.0
891.0 -27620.0
891.0 -27410.0
891.0 -27140.0
892.0 -27580.0
893.0 -27330.0
894.0 -28620.0
894.0 -27500.0
895.0 -27640.0
899.0 -27760.0
899.0 -27290.0
900.0 -27900.0
903.0 -27850.0
904.0 -27980.0
904.0 -27080.0
905.0 -27540.0
906.0 -27110.0
907.0 -27140.0
915.0 -27530.0
917.0 -27890.0
918.0 -27610.0
919.0 -27910.0
920.0 -27810.0
920.0 -27560.0
922.0 -28080.0
925.0 -28580.0
926.0 -27680.0
927.0 -28080.0
927.0 -27740.0
929.0 -27290.0
930.0 -27350.0
931.0 -27330.0
933.0 -28850.0
933.0 -27840.0
934.0 -27660.0
936.0 -27790.0
938.0 -28470.0
942.0 -28990.0
942.0 -27790.0
943.0 -28220.0
943.0 -27590.0
943.0 -27410.0
944.0 -27760.0
945.0 -28520.0
945.0 -28220.0
945.0 -27590.0
946.0 -28170.0
946.0 -27970.0
947.0 -28600.0
947.0 -27890.0
948.0 -28580.0
948.0 -28200.0
952.0 -28050.0
952.0 -27950.0
955.0 -28430.0
956.0 -28050.0
958.0 -29150.0
961.0 -28970.0
962.0 -28340.0
963.0 -28260.0
965.0 -28960.0
966.0 -28110.0
967.0 -28750.0
968.0 -29050.0
968.0 -28670.0
975.0 -28380.0
975.0 -28180.0
977.0 -28670.0
978.0 -29440.0
979.0 -28820.0
980.0 -28360.0
980.0 -28190.0
982.0 -28560.0
983.0 -29090.0
983.0 -28300.0
984.0 -28430.0
984.0 -28140.0
985.0 -29180.0
985.0 -29030.0
987.0 -29250.0
987.0 -28220.0
989.0 -28910.0
989.0 -28390.0
990.0 -29500.0
992.0 -29570.0
993.0 -28710.0
994.0 -28740.0
995.0 -29030.0
995.0 -28760.0
996.0 -28910.0
996.0 -28640.0
1000.0 -28640.0
1001.0 -29340.0
1002.0 -28890.0
1003.0 -29230.0
1004.0 -29230.0
1004.0 -28750.0
1004.0 -28650.0
1005.0 -28600.0
1007.0 -28930.0
1012.0 -30110.0
1012.0 -29030.0
1012.0 -28850.0
1012.0 -28830.0
1012.0 -28620.0
1013.0 -28810.0
1014.0 -29290.0
1015.0 -28880.0
1016.0 -29100.0
1017.0 -29880.0
1018.0 -30140.0
1018.0 -29030.0
1023.0 -29720.0
1026.0 -29750.0
1027.0 -29560.0
1029.0 -29680.0
1030.0 -29760.0
1030.0 -29400.0
1030.0 -28960.0
1033.0 -30670.0
1033.0 -29270.0
1033.0 -29240.0
1034.0 -28900.0
1035.0 -28960.0
1036.0 -28850.0
1037.0 -29730.0
1037.0 -29350.0
1037.0 -29130.0
1041.0 -29120.0
1046.0 -29340.0
1046.0 -29160.0
1047.0 -29960.0
1048.0 -30220.0
1049.0 -30120.0
1049.0 -29760.0
1053.0 -29460.0
1058.0 -29480.0
1059.0 -30030.0
1059.0 -29800.0
1059.0 -29790.0
1059.0 -29380.0
1060.0 -29940.0
1061.0 -30070.0
1064.0 -30000.0
1066.0 -30010.0
1066.0 -29660.0
1067.0 -31420.0
1067.0 -29220.0
1070.0 -29700.0
1071.0 -29760.0
1075.0 -29850.0
1076.0 -30140.0
1077.0 -29900.0
1078.0 -29530.0
1081.0 -29630.0
1081.0 -29380.0
1084.0 -30520.0
1085.0 -31460.0
1085.0 -29920.0
1086.0 -30720.0
1089.0 -29800.0
1090.0 -30750.0
1090.0 -29530.0
1091.0 -30050.0
1092.0 -29990.0
1094.0 -30190.0
1095.0 -29710.0
1096.0 -30000.0
1096.0 -29850.0
1097.0 -29610.0
1098.0 -30250.0
1098.0 -29790.0
1104.0 -30780.0
1105.0 -29940.0
1105.0 -29700.0
1106.0 -29900.0
1106.0 -29730.0
1108.0 -29810.0
1109.0 -30050.0
1110.0 -30330.0
1110.0 -29970.0
1111.0 -30580.0
1112.0 -30050.0
1112.0 -29990.0
1113.0 -30800.0
1113.0 -30360.0
1115.0 -30530.0
1116.0 -30310.0
1118.0 -30570.0
1118.0 -30150.0
1119.0 -30780.0
1121.0 -30370.0
1122.0 -30020.0
1124.0 -29840.0
1127.0 -30470.0
1131.0 -30450.0
1133.0 -31050.0
1135.0 -30790.0
1135.0 -30780.0
1136.0 -32150.0
1136.0 -30520.0
1137.0 -30250.0
1138.0 -31000.0
1139.0 -30970.0
1140.0 -29860.0
1141.0 -30590.0
1143.0 -30980.0
1143.0 -30020.0
1145.0 -31060.0
1145.0 -30800.0
1146.0 -31170.0
1146.0 -30650.0
1146.0 -30310.0
1147.0 -31690.0
1147.0 -30700.0
1147.0 -30220.0
1148.0 -30890.0
1150.0 -31710.0
1150.0 -31180.0
1151.0 -30300.0
1152.0 -30800.0
1152.0 -30300.0
1154.0 -31200.0
1156.0 -30380.0
1158.0 -30810.0
1161.0 -30890.0
1162.0 -30660.0
1163.0 -31760.0
1163.0 -30340.0
1165.0 -31820.0
1166.0 -31690.0
1166.0 -31260.0
1166.0 -30620.0
1166.0 -30500.0
1167.0 -31940.0
1167.0 -31610.0
1167.0 -30980.0
1167.0 -30860.0
1169.0 -31470.0
1171.0 -32560.0
1173.0 -31820.0
1174.0 -31200.0
1174.0 -30750.0
1175.0 -30780.0
1176.0 -31180.0
1176.0 -31030.0
1176.0 -30690.0
1178.0 -30980.0
1187.0 -30990.0
1188.0 -31220.0
1190.0 -31880.0
1191.0 -31800.0
1200.0 -31470.0
1203.0 -31250.0
1204.0 -31200.0
1207.0 -32950.0
1207.0 -31330.0
1207.0 -31050.0
1208.0 -32090.0
1208.0 -31650.0
1209.0 -31550.0
1209.0 -31100.0
1211.0 -31320.0
1212.0 -31590.0
1213.0 -31250.0
1213.0 -31130.0
1217.0 -31310.0
1218.0 -32280.0
1219.0 -31450.0
1224.0 -32030.0
1228.0 -32020.0
1228.0 -31600.0
1231.0 -31520.0
1232.0 -31340.0
1234.0 -31510.0
1234.0 -31470.0
1236.0 -31730.0
1239.0 -31680.0
1240.0 -31840.0
1240.0 -31830.0
1240.0 -31720.0
1242.0 -31760.0
1243.0 -32030.0
1244.0 -32080.0
1247.0 -32430.0
1252.0 -31640.0
1253.0 -31900.0
1256.0 -33160.0
1261.0 -32350.0
1262.0 -31890.0
1270.0 -32410.0
1273.0 -31720.0
1274.0 -32940.0
1275.0 -32370.0
1276.0 -32330.0
1276.0 -32280.0
1276.0 -31480.0
1278.0 -32080.0
1283.0 -32340.0
1284.0 -31560.0
1286.0 -32010.0
1286.0 -31540.0
1290.0 -32120.0
1293.0 -32210.0
1298.0 -32130.0
1299.0 -32100.0
1301.0 -32180.0
1307.0 -32850.0
1308.0 -32510.0
1312.0 -32590.0
1319.0 -32520.0
1321.0 -32670.0
1322.0 -33100.0
1322.0 -32320.0
1328.0 -32180.0
1329.0 -32320.0
1330.0 -32540.0
1332.0 -32450.0
1336.0 -33250.0
1336.0 -32510.0
1338.0 -32470.0
1345.0 -32470.0
1351.0 -32310.0
1353.0 -32290.0
1360.0 -33500.0
1366.0 -32710.0
1370.0 -32880.0
1370.0 -32650.0
1375.0 -33820.0
1376.0 -33270.0
1377.0 -32670.0
1384.0 -33520.0
1384.0 -32320.0
1386.0 -32530.0
1388.0 -34250.0
1389.0 -32420.0
1395.0 -32380.0
1396.0 -33760.0
1398.0 -33070.0
1403.0 -32560.0
1409.0 -33350.0
1411.0 -32970.0
1414.0 -32960.0
1415.0 -33180.0
1415.0 -32510.0
1416.0 -32590.0
1418.0 -33520.0
1420.0 -33620.0
1422.0 -33220.0
1423.0 -33390.0
1423.0 -33090.0
1426.0 -33300.0
1426.0 -33020.0
1428.0 -32770.0
1430.0 -32650.0
1431.0 -32580.0
1432.0 -32920.0
1432.0 -32580.0
1434.0 -33070.0
1437.0 -33070.0
1438.0 -32640.0
1442.0 -32750.0
1443.0 -33010.0
1444.0 -32670.0
1445.0 -34120.0
1452.0 -33120.0
1452.0 -32860.0
1453.0 -33100.0
1455.0 -33230.0
1462.0 -33810.0
1464.0 -33590.0
1465.0 -33870.0
1465.0 -33110.0
1471.0 -33550.0
1471.0 -32980.0
1484.0 -33290.0
1484.0 -33240.0
1486.0 -32990.0
1491.0 -33170.0
1491.0 -33140.0
1499.0 -33040.0
1506.0 -33440.0
1512.0 -33330.0
1516.0 -33360.0
1524.0 -33610.0
1524.0 -33280.0
1527.0 -33450.0
1528.0 -33940.0
1528.0 -33800.0
1528.0 -33570.0
1531.0 -33650.0
1542.0 -33620.0
1542.0 -33430.0
1543.0 -33560.0
1543.0 -33460.0
1547.0 -33160.0
1550.0 -33260.0
1552.0 -33930.0
1552.0 -33860.0
1552.0 -33300.0
1554.0 -33480.0
1557.0 -33510.0
1558.0 -34020.0
1561.0 -33610.0
1564.0 -33880.0
1566.0 -33500.0
1567.0 -34380.0
1569.0 -33530.0
1572.0 -33880.0
1573.0 -33700.0
1577.0 -34530.0
1585.0 -34160.0
1587.0 -33790.0
1588.0 -33920.0
1593.0 -34180.0
1594.0 -34060.0
1598.0 -34610.0
1603.0 -33800.0
1605.0 -33750.0
1605.0 -33570.0
1611.0 -33990.0
1613.0 -33870.0
1614.0 -35130.0
1614.0 -34150.0
1621.0 -34050.0
1622.0 -33840.0
1623.0 -34350.0
1623.0 -33980.0
1632.0 -34770.0
1632.0 -34090.0
1644.0 -33850.0
1644.0 -33730.0
1648.0 -34050.0
1648.0 -33820.0
1649.0 -34640.0
1649.0 -34090.0
1652.0 -34100.0
1656.0 -33920.0
1658.0 -34650.0
1658.0 -34590.0
1660.0 -34530.0
1661.0 -35000.0
1662.0 -34080.0
1663.0 -33970.0
1668.0 -34190.0
1669.0 -34830.0
1669.0 -34110.0
1676.0 -34720.0
1677.0 -33970.0
1681.0 -34540.0
1681.0 -34330.0
1683.0 -34120.0
1688.0 -34210.0
1689.0 -33950.0
1691.0 -35220.0
1696.0 -34300.0
1697.0 -34140.0
1701.0 -34120.0
1713.0 -34520.0
1714.0 -34310.0
1715.0 -34590.0
1716.0 -34200.0
1721.0 -34760.0
1722.0 -34290.0
1730.0 -34670.0
1735.0 -34830.0
1735.0 -34430.0
1741.0 -34550.0
1748.0 -35130.0
1749.0 -34150.0
1751.0 -34660.0
1753.0 -34310.0
1761.0 -35100.0
1763.0 -34510.0
1765.0 -34190.0
1767.0 -34330.0
1768.0 -34590.0
1773.0 -34330.0
1781.0 -35000.0
1783.0 -34850.0
1787.0 -34420.0
1788.0 -34430.0
1789.0 -34740.0
1790.0 -35390.0
1792.0 -34380.0
1795.0 -34380.0
1806.0 -34510.0
1808.0 -34760.0
1813.0 -34470.0
1818.0 -34660.0
1823.0 -35270.0
1827.0 -35370.0
1827.0 -34550.0
1832.0 -35180.0
1833.0 -34680.0
1837.0 -35040.0
1837.0 -34420.0
1838.0 -35130.0
1840.0 -35380.0
1847.0 -35340.0
1849.0 -35260.0
1855.0 -34690.0
1855.0 -34600.0
1856.0 -34650.0
1867.0 -34600.0
1869.0 -34510.0
1888.0 -34880.0
1888.0 -34680.0
1900.0 -35800.0
1908.0 -35200.0
1945.0 -34530.0
1948.0 -34690.0
1954.0 -35300.0
1969.0 -34750.0
1974.0 -34950.0
2013.0 -35050.0
2025.0 -35290.0
2043.0 -34930.0
2063.0 -35150.0
2087.0 -34620.0
2112.0 -34730.0
2113.0 -35710.0
2113.0 -35200.0
2126.0 -34600.0
2130.0 -34790.0
2133.0 -34690.0
2139.0 -35020.0
2156.0 -35960.0
2166.0 -35660.0
2173.0 -36000.0
2182.0 -34880.0
2227.0 -35080.0
