0.0 0.0
0.0 0.0
0.0 0.0
0.0 0.0
0.0 0.0
0.0 0.0
0.0 0.0
0.0 0.0
0.0 0.0
0.0 0.0
0.0 0.0
0.0 0.0
0.0 0.0
0.0 0.0
0.0 0.0
0.0 0.0
0.0 0.0
0.0 0.0
0.0 0.0
0.0 0.0
0.0 0.0
0.0 0.0
1.0 -27.6
1.0 -27.6
1.0 -27.6
1.0 -27.6
1.0 -27.6
1.0 -27.6
1.0 -27.6
3.0 -32.4
3.0 -32.4
3.0 -32.4
3.0 -32.4
3.0 -32.4
3.0 -32.4
3.0 -32.4
3.0 -32.4
3.0 -32.4
3.0 -32.4
4.0 -60.0
4.0 -60.0
4.0 -60.0
4.0 -60.0
4.0 -60.0
4.0 -60.0
4.0 -60.0
4.0 -60.0
4.0 -60.0
4.0 -60.0
4.0 -60.0
4.0 -60.0
4.0 -60.0
4.0 -60.0
6.0 -43.2
6.0 -43.2
6.0 -43.2
6.0 -43.2
6.0 -43.2
6.0 -37.2
6.0 -43.2
6.0 -43.2
6.0 -43.2
7.0 -70.8
7.0 -44.4
7.0 -70.8
7.0 -70.8
7.0 -70.8
7.0 -70.8
7.0 -70.8
7.0 -70.8
7.0 -70.8
7.0 -64.8
7.0 -70.8
7.0 -70.8
7.0 -70.8
8.0 -72.0
8.0 -39.6
8.0 -39.6
8.0 -66.0
8.0 -66.0
8.0 -66.0
8.0 -28.8
8.0 -28.8
8.0 -32.4
8.0 -32.4
8.0 -66.0
8.0 -66.0
8.0 -66.0
8.0 -66.0
8.0 -66.0
8.0 -72.0
8.0 -49.2
8.0 -39.6
8.0 -66.0
9.0 -60.0
9.0 -75.6
9.0 -75.6
9.0 -75.6
9.0 -75.6
9.0 -75.6
9.0 -75.6
9.0 -75.6
9.0 -75.6
9.0 -75.6
9.0 -56.4
9.0 -93.6
9.0 -33.6
9.0 -76.8
9.0 -93.6
9.0 -60.0
9.0 -67.2
9.0 -93.6
9.0 -56.4
9.0 -56.4
9.0 -93.6
9.0 -93.6
9.0 -75.6
10.0 -76.8
10.0 -103.2
10.0 -76.8
10.0 -76.8
10.0 -103.2
10.0 -103.2
10.0 -87.6
10.0 -103.2
10.0 -60.0
10.0 -103.2
10.0 -60.0
10.0 -76.8
10.0 -76.8
10.0 -76.8
10.0 -103.2
10.0 -61.2
10.0 -60.0
10.0 -103.2
10.0 -76.8
10.0 -103.2
11.0 -74.4
11.0 -74.4
11.0 -74.4
11.0 -87.6
11.0 -104.4
11.0 -74.4
11.0 -104.4
11.0 -74.4
11.0 -81.6
11.0 -74.4
11.0 -81.6
11.0 -87.6
11.0 -48.0
11.0 -87.6
11.0 -64.8
11.0 -93.6
11.0 -74.4
12.0 -102.0
12.0 -99.6
12.0 -102.0
12.0 -88.8
12.0 -92.4
12.0 -92.4
12.0 -88.8
12.0 -61.2
12.0 -102.0
12.0 -102.0
12.0 -109.2
12.0 -102.0
13.0 -93.6
13.0 -76.8
13.0 -76.8
13.0 -61.2
13.0 -92.4
13.0 -87.6
13.0 -92.4
13.0 -92.4
13.0 -92.4
13.0 -92.4
13.0 -92.4
14.0 -106.8
14.0 -82.8
14.0 -85.2
14.0 -82.8
14.0 -85.2
14.0 -106.8
14.0 -85.2
14.0 -82.8
14.0 -85.2
14.0 -106.8
14.0 -106.8
14.0 -106.8
14.0 -115.2
14.0 -106.8
14.0 -120.0
14.0 -103.2
14.0 -103.2
14.0 -80.4
14.0 -120.0
14.0 -85.2
14.0 -120.0
14.0 -106.8
15.0 -73.2
15.0 -134.4
15.0 -136.8
15.0 -99.6
15.0 -76.8
15.0 -84.0
15.0 -84.0
15.0 -103.2
15.0 -134.4
15.0 -136.8
15.0 -121.2
15.0 -62.4
15.0 -136.8
15.0 -99.6
15.0 -110.4
15.0 -136.8
15.0 -134.4
15.0 -134.4
15.0 -99.6
15.0 -99.6
15.0 -108.0
15.0 -134.4
16.0 -103.2
16.0 -120.0
16.0 -130.8
16.0 -120.0
16.0 -120.0
16.0 -148.8
16.0 -66.0
16.0 -148.8
16.0 -148.8
16.0 -148.8
16.0 -148.8
16.0 -61.2
16.0 -148.8
16.0 -94.8
16.0 -98.4
16.0 -64.8
16.0 -138.0
16.0 -130.8
16.0 -120.0
16.0 -138.0
17.0 -104.4
17.0 -115.2
17.0 -108.0
17.0 -109.2
17.0 -108.0
17.0 -117.6
17.0 -91.2
17.0 -75.6
17.0 -102.0
17.0 -122.4
17.0 -99.6
17.0 -176.4
17.0 -176.4
17.0 -126.0
17.0 -176.4
17.0 -176.4
17.0 -93.6
17.0 -136.8
17.0 -85.2
17.0 -99.6
17.0 -76.8
17.0 -135.6
17.0 -135.6
17.0 -176.4
17.0 -117.6
17.0 -117.6
17.0 -110.4
17.0 -102.0
17.0 -135.6
18.0 -142.8
18.0 -145.2
18.0 -129.6
18.0 -109.2
18.0 -92.4
18.0 -126.0
18.0 -67.2
18.0 -135.6
18.0 -145.2
18.0 -118.8
18.0 -93.6
18.0 -142.8
19.0 -135.6
19.0 -135.6
19.0 -98.4
19.0 -114.0
19.0 -105.6
19.0 -108.0
19.0 -135.6
19.0 -129.6
19.0 -136.8
19.0 -103.2
19.0 -153.6
19.0 -122.4
19.0 -108.0
19.0 -76.8
19.0 -135.6
19.0 -135.6
19.0 -140.4
19.0 -135.6
19.0 -116.4
19.0 -135.6
19.0 -140.4
19.0 -146.4
20.0 -102.0
20.0 -141.6
20.0 -134.4
20.0 -134.4
20.0 -157.2
20.0 -121.2
20.0 -168.0
20.0 -128.4
20.0 -141.6
20.0 -134.4
21.0 -132.0
21.0 -116.4
21.0 -127.2
21.0 -124.8
21.0 -78.0
21.0 -164.4
21.0 -135.6
22.0 -121.2
22.0 -157.2
22.0 -146.4
22.0 -118.8
22.0 -138.0
22.0 -148.8
22.0 -192.0
22.0 -170.4
22.0 -176.4
22.0 -141.6
22.0 -138.0
23.0 -110.4
23.0 -176.4
23.0 -108.0
23.0 -112.8
23.0 -174.0
23.0 -145.2
23.0 -136.8
23.0 -219.6
23.0 -182.4
23.0 -121.2
23.0 -163.2
23.0 -142.8
23.0 -171.6
23.0 -219.6
23.0 -174.0
23.0 -163.2
23.0 -135.6
23.0 -163.2
23.0 -132.0
23.0 -182.4
23.0 -219.6
23.0 -176.4
23.0 -178.8
23.0 -139.2
23.0 -162.0
23.0 -178.8
23.0 -178.8
24.0 -166.8
24.0 -162.0
24.0 -136.8
24.0 -139.2
24.0 -142.8
24.0 -142.8
24.0 -110.4
24.0 -181.2
24.0 -181.2
24.0 -64.8
24.0 -172.8
24.0 -169.2
24.0 -190.8
24.0 -138.0
24.0 -181.2
24.0 -170.4
24.0 -169.2
25.0 -163.2
25.0 -163.2
25.0 -150.0
25.0 -225.6
25.0 -208.8
25.0 -177.6
25.0 -190.8
25.0 -205.2
25.0 -190.8
25.0 -182.4
25.0 -208.8
25.0 -159.6
25.0 -181.2
25.0 -141.6
25.0 -152.4
25.0 -178.8
25.0 -168.0
26.0 -181.2
26.0 -190.8
26.0 -208.8
26.0 -184.8
26.0 -158.4
26.0 -153.6
26.0 -208.8
26.0 -154.8
26.0 -154.8
26.0 -178.8
26.0 -174.0
26.0 -168.0
26.0 -178.8
27.0 -166.8
27.0 -175.2
27.0 -138.0
27.0 -236.4
27.0 -192.0
27.0 -158.4
27.0 -186.0
27.0 -165.6
27.0 -188.4
27.0 -223.2
27.0 -236.4
27.0 -195.6
27.0 -163.2
28.0 -156.0
28.0 -196.8
28.0 -219.6
28.0 -200.4
28.0 -134.4
28.0 -210.0
28.0 -169.2
28.0 -139.2
28.0 -205.2
28.0 -195.6
28.0 -210.0
29.0 -172.8
29.0 -64.8
29.0 -93.6
29.0 -166.8
29.0 -181.2
29.0 -196.8
29.0 -190.8
29.0 -204.0
29.0 -145.2
29.0 -193.2
30.0 -169.2
30.0 -211.2
30.0 -188.4
31.0 -168.0
31.0 -211.2
31.0 -202.8
31.0 -134.4
31.0 -192.0
31.0 -248.4
31.0 -214.8
31.0 -246.0
31.0 -255.6
31.0 -246.0
31.0 -252.0
31.0 -177.6
32.0 -202.8
32.0 -168.0
32.0 -111.6
32.0 -230.4
32.0 -199.2
32.0 -253.2
32.0 -199.2
32.0 -252.0
32.0 -231.6
32.0 -175.2
32.0 -238.8
32.0 -211.2
32.0 -183.6
33.0 -189.6
33.0 -250.8
33.0 -254.4
33.0 -279.6
33.0 -132.0
33.0 -202.8
33.0 -238.8
33.0 -201.6
33.0 -188.4
33.0 -238.8
33.0 -156.0
33.0 -205.2
34.0 -187.2
34.0 -142.8
34.0 -288.0
34.0 -247.2
34.0 -240.0
34.0 -200.4
34.0 -267.6
35.0 -188.4
35.0 -175.2
35.0 -159.6
35.0 -136.8
35.0 -284.4
35.0 -243.6
35.0 -182.4
35.0 -207.6
35.0 -205.2
35.0 -265.2
35.0 -243.6
35.0 -213.6
35.0 -265.2
35.0 -176.4
35.0 -249.6
36.0 -196.8
36.0 -238.8
36.0 -159.6
36.0 -163.2
36.0 -292.8
37.0 -254.4
37.0 -129.6
37.0 -254.4
37.0 -104.4
37.0 -170.4
38.0 -279.6
38.0 -220.8
38.0 -289.2
38.0 -276.0
38.0 -283.2
38.0 -195.6
38.0 -105.6
39.0 -194.4
39.0 -264.0
40.0 -241.2
40.0 -271.2
40.0 0.0
40.0 -296.4
40.0 -202.8
40.0 -265.2
40.0 -240.0
40.0 -254.4
40.0 -213.6
40.0 -212.4
41.0 -188.4
41.0 -247.2
41.0 -237.6
41.0 -230.4
41.0 -321.6
41.0 -216.0
42.0 -208.8
42.0 -253.2
42.0 -309.6
42.0 -280.8
42.0 -180.0
43.0 -302.4
43.0 -308.4
43.0 -303.6
43.0 -280.8
43.0 -310.8
43.0 -262.8
43.0 -247.2
44.0 -283.2
44.0 -321.6
44.0 -283.2
44.0 -240.0
44.0 -304.8
44.0 -278.4
44.0 -180.0
45.0 -283.2
45.0 -234.0
45.0 -253.2
45.0 -32.4
45.0 -315.6
46.0 -334.8
46.0 -265.2
46.0 -327.6
46.0 -318.0
46.0 -241.2
46.0 -204.0
46.0 -242.4
46.0 -300.0
46.0 -253.2
46.0 -273.6
46.0 -300.0
47.0 -256.8
47.0 -106.8
47.0 -272.4
47.0 -252.0
47.0 -344.4
47.0 -307.2
47.0 -308.4
48.0 -312.0
48.0 -268.8
48.0 -306.0
48.0 -211.2
48.0 -136.8
48.0 -90.0
48.0 -300.0
49.0 -343.2
49.0 -222.0
50.0 -292.8
50.0 -262.8
50.0 -292.8
50.0 -384.0
50.0 -337.2
51.0 -385.2
51.0 -273.6
51.0 -284.4
51.0 -337.2
51.0 -356.4
51.0 -289.2
52.0 -300.0
52.0 -56.4
52.0 -92.4
52.0 -325.2
52.0 -190.8
52.0 -330.0
52.0 -272.4
52.0 -290.4
53.0 -397.2
53.0 -99.6
53.0 -356.4
53.0 -102.0
54.0 -279.6
54.0 -312.0
54.0 -60.0
54.0 -60.0
54.0 -60.0
54.0 -85.2
54.0 -138.0
54.0 -304.8
55.0 -136.8
55.0 -61.2
55.0 -103.2
55.0 -313.2
56.0 -322.8
56.0 -28.8
56.0 -172.8
56.0 -363.6
56.0 -373.2
56.0 -368.4
56.0 -394.8
56.0 -354.0
57.0 -339.6
57.0 -366.0
57.0 -309.6
57.0 -103.2
57.0 -110.4
57.0 0.0
58.0 -297.6
58.0 -105.6
58.0 -70.8
59.0 -27.6
59.0 -138.0
59.0 -345.6
60.0 -379.2
60.0 -363.6
60.0 -43.2
60.0 -103.2
60.0 -32.4
60.0 -70.8
60.0 -357.6
61.0 -366.0
61.0 -418.8
61.0 -92.4
61.0 -126.0
62.0 -426.0
62.0 -406.8
62.0 -386.4
62.0 -369.6
62.0 -296.4
63.0 -447.6
63.0 -397.2
63.0 -382.8
63.0 0.0
63.0 -76.8
63.0 -88.8
63.0 -60.0
63.0 -28.8
63.0 -93.6
63.0 -176.4
63.0 -358.8
64.0 -415.2
64.0 -321.6
64.0 -135.6
64.0 0.0
64.0 -134.4
65.0 -336.0
65.0 -350.4
65.0 -74.4
65.0 -32.4
65.0 -157.2
65.0 -61.2
65.0 -174.0
65.0 -102.0
65.0 -106.8
65.0 -392.4
66.0 -421.2
66.0 -379.2
66.0 -398.4
66.0 -438.0
66.0 -75.6
66.0 -103.2
66.0 -196.8
67.0 -380.4
67.0 -462.0
67.0 -390.0
67.0 -364.8
67.0 -416.4
67.0 -405.6
67.0 -393.6
67.0 -409.2
67.0 -411.6
67.0 -146.4
67.0 -103.2
67.0 -60.0
67.0 -105.6
68.0 -360.0
68.0 -438.0
68.0 -424.8
68.0 -442.8
68.0 -39.6
68.0 -66.0
68.0 -133.2
68.0 -116.4
68.0 -142.8
69.0 -415.2
69.0 -331.2
69.0 -463.2
69.0 -403.2
69.0 -27.6
69.0 -61.2
69.0 -158.4
69.0 -136.8
69.0 -99.6
69.0 -93.6
70.0 -465.6
70.0 -477.6
70.0 -470.4
70.0 -427.2
70.0 -39.6
70.0 -93.6
70.0 -110.4
70.0 -175.2
71.0 -373.2
71.0 -398.4
71.0 0.0
71.0 -66.0
71.0 -33.6
71.0 -70.8
71.0 -64.8
71.0 -141.6
71.0 -74.4
72.0 -502.8
72.0 -391.2
72.0 -464.4
72.0 -28.8
72.0 -43.2
72.0 -219.6
72.0 -211.2
72.0 -388.8
73.0 -391.2
73.0 -330.0
73.0 -480.0
73.0 -439.2
73.0 -129.6
73.0 -157.2
73.0 -102.0
73.0 -104.4
73.0 -84.0
73.0 -102.0
73.0 -210.0
74.0 -512.4
74.0 -464.4
74.0 -482.4
74.0 -60.0
74.0 -176.4
74.0 -66.0
74.0 -39.6
74.0 -176.4
74.0 -265.2
74.0 -162.0
75.0 -409.2
75.0 -424.8
75.0 -487.2
75.0 -70.8
75.0 -93.6
75.0 -104.4
75.0 -116.4
75.0 -43.2
75.0 -158.4
75.0 -109.2
75.0 -102.0
75.0 -105.6
75.0 -490.8
76.0 -402.0
76.0 -342.0
76.0 -429.6
76.0 -382.8
76.0 -135.6
76.0 -63.6
76.0 -87.6
76.0 -85.2
76.0 -384.0
77.0 -466.8
77.0 -499.2
77.0 -66.0
77.0 -32.4
77.0 -128.4
77.0 -178.8
78.0 -446.4
78.0 -381.6
78.0 0.0
78.0 -102.0
78.0 -181.2
78.0 -60.0
78.0 -172.8
78.0 -163.2
78.0 -224.4
78.0 -181.2
79.0 -514.8
79.0 -392.4
79.0 -456.0
79.0 -514.8
79.0 -376.8
79.0 -43.2
79.0 -32.4
79.0 0.0
79.0 -32.4
79.0 -159.6
79.0 0.0
79.0 -135.6
79.0 -106.8
80.0 -523.2
80.0 -494.4
80.0 -465.6
80.0 -542.4
80.0 -484.8
80.0 -410.4
80.0 -433.2
80.0 -446.4
80.0 0.0
80.0 -62.4
80.0 -153.6
80.0 0.0
80.0 -60.0
80.0 -134.4
80.0 -118.8
81.0 -487.2
81.0 -464.4
81.0 -464.4
81.0 -74.4
81.0 -70.8
81.0 -76.8
81.0 -32.4
81.0 -63.6
81.0 -106.8
81.0 -180.0
81.0 -135.6
81.0 -99.6
81.0 -27.6
81.0 -278.4
81.0 -246.0
82.0 -469.2
82.0 -471.6
82.0 -478.8
82.0 -85.2
82.0 -27.6
82.0 -98.4
82.0 -70.8
82.0 -218.4
82.0 -204.0
82.0 -140.4
82.0 -205.2
83.0 -541.2
83.0 -490.8
83.0 -475.2
83.0 -476.4
83.0 -378.0
83.0 -471.6
83.0 -70.8
83.0 -75.6
83.0 -103.2
83.0 -60.0
83.0 -93.6
83.0 -66.0
83.0 -184.8
83.0 -76.8
83.0 -469.2
83.0 -470.4
84.0 -528.0
84.0 -32.4
84.0 -254.4
84.0 -43.2
84.0 -76.8
84.0 -192.0
84.0 -126.0
84.0 -169.2
84.0 -252.0
85.0 -460.8
85.0 -514.8
85.0 -555.6
85.0 -468.0
85.0 -374.4
85.0 0.0
85.0 -240.0
85.0 -72.0
86.0 -420.0
86.0 -536.4
86.0 -108.0
86.0 -116.4
86.0 -120.0
86.0 -67.2
86.0 -93.6
86.0 -110.4
86.0 -135.6
86.0 -213.6
86.0 -180.0
87.0 -486.0
87.0 -523.2
87.0 -579.6
87.0 -511.2
87.0 -476.4
87.0 -75.6
87.0 -211.2
87.0 0.0
87.0 -105.6
87.0 -279.6
87.0 -66.0
87.0 -37.2
87.0 -49.2
87.0 -109.2
87.0 -246.0
87.0 -174.0
87.0 -152.4
87.0 -135.6
87.0 -135.6
88.0 -564.0
88.0 -535.2
88.0 -532.8
88.0 -483.6
88.0 -505.2
88.0 -550.8
88.0 -99.6
88.0 -102.0
88.0 -118.8
88.0 -151.2
88.0 -80.4
88.0 -135.6
89.0 -559.2
89.0 -60.0
89.0 -75.6
89.0 -37.2
89.0 -75.6
89.0 0.0
89.0 -142.8
89.0 -33.6
89.0 -171.6
89.0 -243.6
89.0 -204.0
90.0 -488.4
90.0 -512.4
90.0 -447.6
90.0 -534.0
90.0 0.0
90.0 0.0
90.0 -109.2
90.0 -254.4
90.0 -288.0
90.0 -157.2
90.0 -109.2
90.0 -64.8
90.0 -103.2
90.0 -33.6
90.0 -169.2
90.0 -230.4
90.0 -192.0
91.0 -489.6
91.0 -471.6
91.0 -476.4
91.0 -494.4
91.0 -136.8
91.0 -74.4
91.0 -60.0
91.0 -75.6
91.0 -60.0
91.0 -129.6
91.0 -120.0
91.0 -243.6
91.0 -253.2
91.0 -108.0
91.0 -296.4
92.0 -547.2
92.0 -76.8
92.0 -61.2
92.0 -118.8
92.0 -91.2
92.0 -111.6
92.0 -175.2
92.0 -62.4
92.0 -246.0
92.0 -199.2
92.0 -139.2
92.0 -193.2
93.0 -550.8
93.0 -541.2
93.0 -530.4
93.0 -465.6
93.0 -75.6
93.0 -92.4
93.0 -121.2
93.0 -32.4
93.0 -205.2
93.0 -278.4
93.0 -216.0
94.0 -273.6
94.0 -555.6
94.0 -585.6
94.0 -493.2
94.0 -532.8
94.0 -475.2
94.0 -181.2
94.0 -139.2
94.0 -148.8
94.0 -136.8
94.0 -126.0
94.0 -127.2
94.0 -135.6
94.0 -135.6
94.0 -256.8
94.0 -138.0
94.0 -182.4
95.0 -516.0
95.0 -510.0
95.0 -585.6
95.0 -528.0
95.0 -208.8
95.0 -164.4
95.0 -60.0
95.0 -64.8
95.0 -175.2
95.0 -182.4
95.0 -108.0
95.0 -138.0
96.0 -542.4
96.0 -568.8
96.0 -562.8
96.0 -585.6
96.0 -73.2
96.0 -198.0
96.0 -91.2
96.0 -118.8
96.0 -117.6
97.0 -558.0
97.0 -578.4
97.0 -495.6
97.0 -82.8
97.0 -43.2
97.0 -76.8
97.0 -145.2
97.0 -530.4
97.0 -115.2
97.0 -132.0
97.0 -120.0
97.0 -180.0
98.0 -619.2
98.0 -505.2
98.0 -237.6
98.0 -82.8
98.0 0.0
98.0 -108.0
98.0 -142.8
98.0 -110.4
98.0 -87.6
98.0 -250.8
99.0 -567.6
99.0 -524.4
99.0 -189.6
99.0 -70.8
99.0 -166.8
99.0 -321.6
99.0 -276.0
99.0 -206.4
100.0 -542.4
100.0 -85.2
100.0 -108.0
100.0 -105.6
100.0 -74.4
100.0 -88.8
100.0 -176.4
100.0 -72.0
100.0 -108.0
100.0 -181.2
100.0 -127.2
100.0 -160.8
100.0 -223.2
100.0 -265.2
100.0 -150.0
101.0 -398.4
101.0 -596.4
101.0 -614.4
101.0 -613.2
101.0 -543.6
101.0 -115.2
101.0 -140.4
101.0 -176.4
101.0 -124.8
101.0 -108.0
101.0 -169.2
101.0 -262.8
101.0 -133.2
102.0 -126.0
102.0 -78.0
102.0 -76.8
102.0 -300.0
102.0 -205.2
102.0 -278.4
102.0 -156.0
103.0 -63.6
103.0 -62.4
103.0 -192.0
103.0 -64.8
103.0 -272.4
103.0 -278.4
104.0 -643.2
104.0 -94.8
104.0 -141.6
104.0 -262.8
105.0 -632.4
105.0 -554.4
105.0 -616.8
105.0 -590.4
105.0 -166.8
105.0 -156.0
105.0 -43.2
105.0 -130.8
105.0 -84.0
105.0 -142.8
105.0 -163.2
105.0 -39.6
105.0 -134.4
106.0 -590.4
106.0 -622.8
106.0 0.0
106.0 0.0
106.0 -75.6
106.0 -194.4
106.0 -206.4
106.0 -66.0
106.0 -81.6
106.0 -133.2
106.0 -207.6
106.0 -240.0
106.0 -183.6
107.0 -554.4
107.0 -644.4
107.0 -87.6
107.0 -103.2
107.0 -154.8
107.0 -195.6
108.0 -613.2
108.0 -633.6
108.0 -103.2
108.0 -121.2
108.0 -60.0
108.0 -117.6
108.0 -177.6
108.0 -219.6
108.0 -362.4
108.0 -177.6
108.0 -146.4
109.0 -306.0
109.0 -609.6
109.0 -175.2
109.0 -145.2
109.0 -290.4
109.0 -228.0
110.0 -620.4
110.0 -600.0
110.0 -136.8
111.0 -679.2
111.0 -598.8
111.0 -703.2
111.0 -73.2
111.0 -114.0
111.0 -142.8
111.0 -62.4
111.0 -216.0
111.0 -148.8
111.0 -186.0
111.0 -295.2
112.0 -586.8
112.0 -315.6
112.0 -481.2
112.0 -602.4
112.0 -104.4
112.0 -92.4
112.0 -138.0
112.0 -158.4
113.0 -640.8
113.0 -672.0
113.0 -303.6
113.0 -607.2
113.0 -632.4
113.0 -145.2
113.0 -106.8
113.0 -320.4
113.0 -170.4
113.0 -178.8
113.0 -326.4
113.0 -350.4
114.0 -112.8
114.0 -654.0
114.0 -242.4
114.0 -135.6
114.0 -216.0
115.0 -583.2
115.0 -684.0
115.0 -109.2
115.0 -122.4
115.0 -192.0
115.0 -145.2
116.0 -673.2
116.0 -142.8
116.0 -182.4
116.0 -313.2
116.0 -277.2
117.0 -222.0
117.0 -102.0
117.0 -170.4
117.0 -235.2
117.0 -270.0
117.0 -247.2
119.0 -134.4
119.0 -280.8
119.0 -222.0
120.0 -680.4
120.0 -105.6
120.0 -148.8
120.0 -324.0
121.0 -43.2
121.0 -115.2
121.0 -274.8
122.0 -76.8
122.0 -66.0
122.0 -355.2
123.0 -82.8
123.0 -62.4
123.0 -714.0
123.0 -438.0
123.0 -364.8
123.0 -343.2
124.0 -76.8
124.0 -729.6
124.0 -776.4
125.0 -331.2
125.0 -686.4
126.0 -109.2
126.0 -133.2
126.0 -208.8
127.0 -400.8
127.0 -679.2
127.0 -325.2
127.0 -751.2
128.0 -652.8
128.0 -638.4
128.0 -674.4
128.0 -237.6
128.0 -175.2
129.0 -168.0
130.0 -213.6
130.0 -202.8
130.0 -717.6
130.0 -80.4
130.0 -384.0
131.0 -651.6
131.0 -85.2
131.0 -57.6
131.0 -807.6
131.0 -254.4
132.0 -728.4
134.0 -373.2
134.0 -826.8
135.0 -614.4
135.0 -710.4
135.0 -776.4
136.0 -134.4
136.0 -261.6
136.0 -852.0
137.0 -768.0
137.0 -188.4
138.0 -825.6
138.0 -795.6
139.0 -92.4
139.0 -218.4
139.0 -794.4
139.0 -781.2
140.0 -684.0
141.0 -799.2
141.0 -326.4
142.0 -700.8
143.0 -813.6
143.0 -866.4
143.0 -846.0
144.0 -426.0
144.0 -516.0
144.0 -675.6
144.0 -225.6
144.0 -141.6
145.0 -824.4
146.0 -860.4
147.0 -825.6
147.0 -469.2
148.0 -792.0
148.0 -712.8
148.0 -853.2
149.0 -218.4
150.0 -502.8
150.0 -738.0
150.0 -876.0
151.0 -590.4
151.0 -253.2
152.0 -823.2
153.0 -782.4
154.0 -854.4
155.0 -841.2
156.0 -501.6
156.0 -802.8
157.0 -655.2
158.0 -912.0
158.0 -888.0
158.0 -922.8
159.0 -874.8
159.0 -919.2
160.0 -804.0
161.0 -808.8
161.0 -884.4
161.0 -908.4
161.0 -938.4
161.0 -822.0
162.0 -890.4
162.0 -344.4
164.0 -846.0
165.0 -849.6
166.0 -831.6
166.0 -930.0
166.0 -912.0
167.0 -680.4
167.0 -926.4
167.0 -926.4
167.0 -903.6
168.0 -921.6
168.0 -946.8
168.0 -924.0
168.0 -913.2
169.0 -816.0
169.0 -825.6
169.0 -932.4
171.0 -871.2
171.0 -962.4
171.0 -967.2
172.0 -771.6
172.0 -805.2
172.0 -904.8
172.0 -894.0
173.0 -673.2
173.0 -915.6
173.0 -883.2
173.0 -624.0
173.0 -946.8
174.0 -942.0
175.0 -848.4
175.0 -913.2
175.0 -925.2
176.0 -967.2
177.0 -896.4
177.0 -774.0
177.0 -980.4
177.0 -1004.4
178.0 -904.8
179.0 -975.6
180.0 -1022.4
180.0 -1012.8
180.0 -1030.8
181.0 -963.6
183.0 -993.6
183.0 -970.8
184.0 -909.6
185.0 -836.4
185.0 -1062.0
185.0 -990.0
186.0 -896.4
186.0 -1047.6
186.0 -1027.2
186.0 -980.4
187.0 -973.2
187.0 -1033.2
187.0 -1000.8
188.0 -987.6
188.0 -998.4
189.0 -602.4
189.0 -919.2
190.0 -961.2
190.0 -970.8
190.0 -1028.4
190.0 -1084.8
190.0 -979.2
191.0 -907.2
191.0 -1056.0
191.0 -988.8
191.0 -1021.2
192.0 -856.8
192.0 -988.8
193.0 -993.6
193.0 -999.6
193.0 -1029.6
194.0 -1050.0
195.0 -1064.4
195.0 -990.0
195.0 -1066.8
195.0 -979.2
196.0 -1016.4
196.0 -1045.2
196.0 -987.6
196.0 -1106.4
197.0 -1042.8
197.0 -1058.4
197.0 -1053.6
198.0 -972.0
198.0 -1002.0
198.0 -1096.8
199.0 -786.0
199.0 -1084.8
200.0 -962.4
200.0 -1036.8
200.0 -1030.8
200.0 -1099.2
201.0 -1045.2
201.0 -1112.4
201.0 -1051.2
202.0 -1090.8
202.0 -1077.6
202.0 -1107.6
202.0 -1083.6
202.0 -1050.0
202.0 -972.0
203.0 -1065.6
203.0 -783.6
203.0 -999.6
203.0 -1057.2
204.0 -1096.8
204.0 -958.8
204.0 -1117.2
205.0 -916.8
205.0 -1138.8
205.0 -985.2
205.0 -991.2
205.0 -1106.4
206.0 -1041.6
206.0 -919.2
206.0 -1006.8
207.0 -1108.8
207.0 -974.4
207.0 -1005.6
207.0 -1102.8
208.0 -1118.4
208.0 -1126.8
208.0 -1087.2
208.0 -1041.6
209.0 -962.4
209.0 -885.6
209.0 -1070.4
209.0 -1072.8
210.0 -984.0
210.0 -1084.8
211.0 -781.2
211.0 -1072.8
211.0 -1042.8
211.0 -662.4
211.0 -1106.4
211.0 -1032.0
211.0 -1082.4
212.0 -1081.2
212.0 -1123.2
212.0 -990.0
212.0 -1104.0
212.0 -1096.8
213.0 -966.0
213.0 -925.2
214.0 -922.8
214.0 -1107.6
214.0 -1034.4
214.0 -1071.6
214.0 -1107.6
215.0 -1071.6
215.0 -1119.6
216.0 -865.2
216.0 -806.4
216.0 -1084.8
216.0 -1118.4
216.0 -1173.6
217.0 -949.2
217.0 -1142.4
218.0 -1165.2
218.0 -918.0
218.0 -1125.6
218.0 -1158.0
219.0 -1026.0
219.0 -1183.2
219.0 -1113.6
219.0 -1126.8
220.0 -1052.4
220.0 -1197.6
220.0 -1000.8
220.0 -1088.4
221.0 -1044.0
221.0 -1234.8
222.0 -1196.4
222.0 -1156.8
222.0 -1114.8
222.0 -1191.6
222.0 -1142.4
223.0 -876.0
223.0 -792.0
223.0 -1020.0
223.0 -1015.2
223.0 -1107.6
223.0 -1159.2
223.0 -1228.8
223.0 -1152.0
224.0 -1052.4
224.0 -1230.0
225.0 -1002.0
225.0 -1173.6
225.0 -1168.8
225.0 -1129.2
226.0 -1122.0
226.0 -1173.6
226.0 -1138.8
226.0 -1096.8
227.0 -1015.2
227.0 -1101.6
227.0 -1074.0
227.0 -1254.0
227.0 -1168.8
228.0 -1119.6
228.0 -1209.6
229.0 -1146.0
229.0 -1102.8
229.0 -1120.8
229.0 -1239.6
229.0 -1182.0
230.0 -1107.6
230.0 -1152.0
230.0 -1252.8
230.0 -1225.2
231.0 -1065.6
231.0 -1083.6
231.0 -1194.0
231.0 -1212.0
232.0 -1107.6
232.0 -1156.8
232.0 -1198.8
232.0 -1206.0
233.0 -1094.4
233.0 -1053.6
233.0 -1004.4
233.0 -1222.8
233.0 -1240.8
233.0 -1252.8
234.0 -1102.8
234.0 -1236.0
234.0 -1191.6
234.0 -1198.8
234.0 -1264.8
235.0 -1160.4
235.0 -1096.8
235.0 -1177.2
235.0 -1284.0
235.0 -1182.0
236.0 -1182.0
236.0 -1191.6
237.0 -1125.6
237.0 -1030.8
237.0 -1219.2
237.0 -1286.4
238.0 -1183.2
238.0 -1155.6
238.0 -1134.0
238.0 -1219.2
238.0 -1224.0
239.0 -1219.2
239.0 -1104.0
239.0 -1200.0
239.0 -1227.6
240.0 -1225.2
240.0 -1254.0
240.0 -1124.4
240.0 -1293.6
241.0 -1119.6
241.0 -1143.6
241.0 -1214.4
241.0 -1215.6
241.0 -1122.0
241.0 -1173.6
242.0 -921.6
242.0 -1264.8
242.0 -1260.0
243.0 -847.2
243.0 -1174.8
243.0 -1153.2
243.0 -1263.6
243.0 -1208.4
244.0 -1314.0
244.0 -1227.6
245.0 -1166.4
245.0 -1048.8
245.0 -932.4
245.0 -1220.4
245.0 -1310.4
246.0 -1245.6
246.0 -1220.4
247.0 -1178.4
247.0 -1150.8
247.0 -1140.0
247.0 -1225.2
248.0 -1134.0
248.0 -987.6
248.0 -1141.2
248.0 -1320.0
248.0 -1201.2
248.0 -1220.4
248.0 -1185.6
249.0 -1314.0
249.0 -1225.2
249.0 -1258.8
249.0 -1226.4
249.0 -1375.2
250.0 -1160.4
250.0 -1230.0
250.0 -1314.0
250.0 -1149.6
250.0 -1222.8
251.0 -1114.8
251.0 -1036.8
251.0 -1308.0
251.0 -1245.6
251.0 -1238.4
251.0 -1312.8
252.0 -1333.2
253.0 -1244.4
253.0 -1275.6
253.0 -1310.4
254.0 -1268.4
255.0 -1281.6
255.0 -1310.4
255.0 -1275.6
256.0 -1203.6
256.0 -1100.4
256.0 -1201.2
256.0 -1346.4
256.0 -1316.4
256.0 -1288.8
256.0 -1262.4
256.0 -1281.6
257.0 -1197.6
257.0 -1322.4
258.0 -1041.6
258.0 -1111.2
258.0 -1256.4
258.0 -1354.8
259.0 -1255.2
259.0 -1228.8
259.0 -1260.0
259.0 -1198.8
260.0 -1179.6
260.0 -1190.4
260.0 -1322.4
260.0 -1323.6
260.0 -1380.0
261.0 -1321.2
262.0 -1273.2
262.0 -1315.2
262.0 -1243.2
262.0 -1188.0
262.0 -1310.4
263.0 -922.8
263.0 -1264.8
263.0 -1099.2
263.0 -1160.4
263.0 -1388.4
263.0 -1334.4
264.0 -1214.4
264.0 -1216.8
264.0 -1248.0
264.0 -1156.8
264.0 -1192.8
264.0 -1322.4
264.0 -1350.0
265.0 -1110.0
265.0 -1132.8
265.0 -1234.8
265.0 -1389.6
265.0 -1317.6
265.0 -1398.0
266.0 -1203.6
266.0 -1293.6
266.0 -1359.6
267.0 -1302.0
268.0 -1300.8
268.0 -1350.0
268.0 -1234.8
269.0 -1261.2
269.0 -1456.8
269.0 -1264.8
270.0 -1269.6
270.0 -1369.2
270.0 -1176.0
270.0 -1389.6
271.0 -1238.4
272.0 -1426.8
272.0 -1411.2
272.0 -1252.8
273.0 -1310.4
274.0 -1285.2
274.0 -1216.8
274.0 -1269.6
274.0 -1300.8
274.0 -1372.8
275.0 -1441.2
275.0 -1257.6
276.0 -1452.0
276.0 -1399.2
276.0 -1204.8
276.0 -1168.8
276.0 -1461.6
277.0 -1419.6
277.0 -1449.6
278.0 -1245.6
278.0 -1471.2
279.0 -1106.4
279.0 -1357.2
279.0 -1353.6
280.0 -1401.6
280.0 -1388.4
280.0 -1262.4
280.0 -1267.2
280.0 -1377.6
281.0 -1370.4
281.0 -1132.8
282.0 -1298.4
282.0 -1458.0
282.0 -1286.4
283.0 -1388.4
283.0 -1401.6
284.0 -1442.4
284.0 -1334.4
284.0 -1498.8
284.0 -1342.8
284.0 -1410.0
285.0 -1270.8
285.0 -1431.6
285.0 -1441.2
285.0 -1365.6
286.0 -1323.6
286.0 -1378.8
287.0 -1432.8
287.0 -1314.0
287.0 -1401.6
287.0 -1406.4
287.0 -1405.2
288.0 -1249.2
288.0 -1407.6
288.0 -1309.2
288.0 -1413.6
289.0 -1398.0
289.0 -1464.0
289.0 -1166.4
289.0 -1471.2
289.0 -1342.8
289.0 -1416.0
290.0 -1459.2
291.0 -1388.4
291.0 -1370.4
291.0 -1430.4
291.0 -1414.8
291.0 -1462.8
291.0 -1401.6
292.0 -1076.4
292.0 -1334.4
292.0 -1140.0
292.0 -1518.0
293.0 -1392.0
293.0 -1317.6
293.0 -1404.0
294.0 -1020.0
294.0 -1345.2
294.0 -1461.6
295.0 -1422.0
295.0 -1300.8
295.0 -1303.2
295.0 -1430.4
296.0 -1296.0
296.0 -1282.8
297.0 -1478.4
298.0 -1254.0
298.0 -1401.6
298.0 -1333.2
298.0 -1282.8
298.0 -1573.2
299.0 -1315.2
300.0 -1449.6
300.0 -1412.4
300.0 -1267.2
301.0 -1416.0
301.0 -1402.8
301.0 -1401.6
302.0 -1567.2
302.0 -1267.2
302.0 -1129.2
302.0 -1362.0
302.0 -1441.2
302.0 -1512.0
303.0 -1604.4
303.0 -1392.0
303.0 -1468.8
303.0 -1292.4
303.0 -1497.6
303.0 -1537.2
304.0 -1449.6
305.0 -1261.2
305.0 -1460.4
305.0 -1401.6
305.0 -1305.6
305.0 -1410.0
305.0 -1486.8
305.0 -1514.4
306.0 -1333.2
306.0 -1438.8
307.0 -1480.8
307.0 -1444.8
307.0 -1161.6
307.0 -1315.2
308.0 -1515.6
308.0 -1558.8
308.0 -1566.0
308.0 -1503.6
308.0 -1555.2
309.0 -1551.6
309.0 -1425.6
310.0 -1500.0
311.0 -1496.4
311.0 -1602.0
311.0 -1484.4
313.0 -1155.6
313.0 -1498.8
314.0 -1501.2
314.0 -1263.6
314.0 -1542.0
314.0 -1478.4
315.0 -1387.2
315.0 -1393.2
316.0 -1544.4
316.0 -1240.8
316.0 -1591.2
316.0 -1572.0
316.0 -1528.8
317.0 -1334.4
317.0 -1441.2
317.0 -1428.0
317.0 -1536.0
317.0 -1363.2
318.0 -1420.8
318.0 -1566.0
318.0 -1516.8
319.0 -1538.4
320.0 -1528.8
320.0 -1576.8
320.0 -1416.0
322.0 -1508.4
322.0 -1561.2
323.0 -1502.4
325.0 -1424.4
325.0 -1521.6
325.0 -1564.8
326.0 -1506.0
327.0 -1671.6
328.0 -1390.8
328.0 -1507.2
328.0 -1291.2
328.0 -1498.8
329.0 -1593.6
330.0 -1586.4
330.0 -1521.6
331.0 -1544.4
331.0 -1516.8
331.0 -1717.2
332.0 -1455.6
332.0 -1453.2
332.0 -1467.6
333.0 -1592.4
333.0 -1539.6
333.0 -1694.4
334.0 -1593.6
334.0 -1677.6
334.0 -1603.2
335.0 -1592.4
335.0 -1588.8
336.0 -1630.8
336.0 -1624.8
337.0 -1606.8
338.0 -1671.6
338.0 -1495.2
339.0 -1368.0
339.0 -1496.4
339.0 -1603.2
341.0 -1714.8
342.0 -1618.8
342.0 -1586.4
342.0 -1714.8
342.0 -1596.0
344.0 -1687.2
344.0 -1584.0
344.0 -1617.6
344.0 -1662.0
345.0 -1606.8
345.0 -1598.4
346.0 -1528.8
347.0 -1694.4
347.0 -1617.6
347.0 -1684.8
348.0 -1564.8
348.0 -1651.2
348.0 -1480.8
349.0 -1762.8
349.0 -1794.0
350.0 -1693.2
350.0 -1764.0
351.0 -1767.6
351.0 -1765.2
352.0 -1723.2
352.0 -1747.2
352.0 -1712.4
353.0 -1669.2
353.0 -1714.8
353.0 -1533.6
354.0 -1522.8
355.0 -1812.0
355.0 -1663.2
355.0 -1644.0
356.0 -1356.0
356.0 -1713.6
357.0 -1816.8
357.0 -1658.4
357.0 -1717.2
357.0 -1587.6
357.0 -1807.2
358.0 -1629.6
358.0 -1735.2
361.0 -1694.4
361.0 -1748.4
361.0 -1666.8
361.0 -1620.0
362.0 -1539.6
362.0 -1755.6
362.0 -1647.6
363.0 -1633.2
364.0 -1711.2
364.0 -1540.8
365.0 -1732.8
366.0 -1773.6
366.0 -1621.2
367.0 -1719.6
367.0 -1548.0
367.0 -1684.8
367.0 -1838.4
368.0 -1652.4
368.0 -1735.2
370.0 -1587.6
371.0 -1725.6
372.0 -1740.0
372.0 -1708.8
372.0 -1606.8
372.0 -1612.8
372.0 -1674.0
373.0 -1699.2
373.0 -1827.6
373.0 -1784.4
373.0 -1684.8
373.0 -1830.0
374.0 -1839.6
374.0 -1880.4
374.0 -1695.6
376.0 -1657.2
376.0 -1682.4
377.0 -1862.4
377.0 -1815.6
377.0 -1780.8
377.0 -1735.2
378.0 -1724.4
378.0 -1753.2
379.0 -1768.8
379.0 -1801.2
379.0 -1909.2
379.0 -1778.4
380.0 -1702.8
380.0 -1665.6
380.0 -1786.8
380.0 -1629.6
381.0 -1730.4
382.0 -1778.4
383.0 -1900.8
383.0 -1814.4
383.0 -1792.8
383.0 -1740.0
383.0 -1700.4
384.0 -1780.8
384.0 -1778.4
384.0 -1749.6
385.0 -1677.6
385.0 -1845.6
385.0 -1741.2
385.0 -1730.4
386.0 -1881.6
386.0 -1850.4
386.0 -1819.2
387.0 -1788.0
387.0 -1952.4
389.0 -1748.4
389.0 -1828.8
391.0 -1878.0
391.0 -1839.6
391.0 -1731.6
391.0 -1795.2
391.0 -1849.2
392.0 -1875.6
392.0 -1760.4
393.0 -1932.0
393.0 -1807.2
393.0 -1749.6
393.0 -1891.2
393.0 -1779.6
393.0 -1812.0
394.0 -1774.8
394.0 -1821.6
394.0 -1796.4
394.0 -1804.8
395.0 -1710.0
395.0 -1855.2
395.0 -1782.0
395.0 -1806.0
396.0 -1831.2
396.0 -1828.8
397.0 -1916.4
397.0 -1791.6
398.0 -1873.2
398.0 -1794.0
398.0 -1946.4
398.0 -1768.8
399.0 -1882.8
399.0 -1826.4
399.0 -1886.4
399.0 -1880.4
399.0 -1756.8
400.0 -1924.8
400.0 -1810.8
400.0 -1888.8
401.0 -1704.0
401.0 -1830.0
401.0 -1728.0
401.0 -1970.4
402.0 -1855.2
402.0 -1723.2
403.0 -1910.4
403.0 -1633.2
403.0 -1848.0
404.0 -1915.2
404.0 -1980.0
404.0 -1783.2
405.0 -1755.6
405.0 -1982.4
405.0 -1936.8
405.0 -1891.2
405.0 -1998.0
405.0 -1857.6
406.0 -1927.2
407.0 -1843.2
408.0 -1894.8
408.0 -1860.0
408.0 -1720.8
408.0 -1935.6
408.0 -1839.6
408.0 -1872.0
409.0 -2005.2
409.0 -2011.2
409.0 -1930.8
410.0 -1774.8
410.0 -1850.4
410.0 -1836.0
410.0 -1495.2
411.0 -1714.8
412.0 -1953.6
412.0 -1580.4
412.0 -1909.2
413.0 -1869.6
413.0 -2076.0
413.0 -1993.2
414.0 -1989.6
414.0 -1941.6
414.0 -1764.0
416.0 -1580.4
416.0 -1905.6
416.0 -1514.4
417.0 -1928.4
417.0 -2014.8
417.0 -1902.0
417.0 -1941.6
418.0 -1904.4
418.0 -1939.2
418.0 -1863.6
418.0 -1833.6
419.0 -1905.6
420.0 -1993.2
421.0 -1926.0
421.0 -2011.2
421.0 -1988.4
421.0 -1857.6
421.0 -1868.4
421.0 -1663.2
421.0 -1920.0
422.0 -2019.6
422.0 -1969.2
422.0 -2052.0
422.0 -1971.6
423.0 -1720.8
423.0 -1948.8
423.0 -2090.4
423.0 -1876.8
424.0 -2098.8
424.0 -1892.4
424.0 -1989.6
425.0 -1736.4
425.0 -1911.6
425.0 -1932.0
426.0 -1682.4
426.0 -2038.8
426.0 -1950.0
427.0 -1614.0
427.0 -1917.6
428.0 -2048.4
428.0 -1964.4
428.0 -1518.0
430.0 -1773.6
430.0 -1971.6
430.0 -1885.2
430.0 -1996.8
430.0 -1916.4
430.0 -1868.4
430.0 -1860.0
431.0 -1545.6
431.0 -1944.0
431.0 -1935.6
432.0 -1947.6
432.0 -1905.6
433.0 -1916.4
433.0 -1785.6
433.0 -2098.8
434.0 -1800.0
434.0 -1894.8
435.0 -1971.6
435.0 -2025.6
435.0 -1783.2
435.0 -1821.6
435.0 -1964.4
436.0 -2150.4
436.0 -1647.6
436.0 -2065.2
436.0 -1692.0
437.0 -2025.6
437.0 -1980.0
438.0 -2031.6
438.0 -1904.4
439.0 -1987.2
439.0 -1926.0
439.0 -1909.2
439.0 -1881.6
440.0 -1960.8
441.0 -1744.8
441.0 -2118.0
441.0 -2092.8
441.0 -1672.8
442.0 -2048.4
442.0 -2148.0
442.0 -1791.6
442.0 -2079.6
443.0 -2054.4
444.0 -2094.0
444.0 -2094.0
444.0 -2060.4
444.0 -1984.8
444.0 -1951.2
445.0 -2001.6
446.0 -1778.4
446.0 -1935.6
446.0 -1791.6
446.0 -2038.8
446.0 -2109.6
447.0 -1990.8
447.0 -1905.6
448.0 -1628.4
449.0 -2035.2
449.0 -2034.0
450.0 -1663.2
450.0 -2070.0
450.0 -1952.4
451.0 -2005.2
451.0 -2119.2
451.0 -2107.2
452.0 -1984.8
453.0 -1975.2
453.0 -2100.0
453.0 -1924.8
453.0 -1965.6
454.0 -2067.6
455.0 -1696.8
455.0 -2083.2
456.0 -2005.2
456.0 -1996.8
456.0 -2052.0
456.0 -2006.4
456.0 -2174.4
457.0 -1668.0
457.0 -2226.0
457.0 -1774.8
457.0 -2107.2
458.0 -2076.0
458.0 -2115.6
458.0 -2127.6
459.0 -2067.6
459.0 -2109.6
459.0 -2152.8
459.0 -1951.2
460.0 -2203.2
462.0 -2038.8
462.0 -2001.6
462.0 -2028.0
463.0 -2140.8
463.0 -2008.8
464.0 -2001.6
464.0 -1602.0
464.0 -2046.0
466.0 -1762.8
466.0 -2011.2
467.0 -2112.0
467.0 -2104.8
467.0 -2191.2
469.0 -2065.2
469.0 -2050.8
469.0 -2179.2
470.0 -1735.2
470.0 -2179.2
471.0 -1728.0
471.0 -1952.4
471.0 -2072.4
472.0 -2060.4
473.0 -2202.0
473.0 -2085.6
473.0 -1995.6
474.0 -2168.4
474.0 -2253.6
474.0 -2246.4
474.0 -2150.4
474.0 -2128.8
475.0 -2097.6
475.0 -2239.2
477.0 -1755.6
477.0 -1891.2
478.0 -2175.6
478.0 -2161.2
478.0 -2190.0
478.0 -2203.2
479.0 -2244.0
479.0 -2112.0
480.0 -1803.6
480.0 -2095.2
481.0 -2218.8
481.0 -2089.2
481.0 -2011.2
481.0 -2121.6
482.0 -2097.6
483.0 -2012.4
484.0 -1689.6
484.0 -2097.6
484.0 -2283.6
484.0 -1839.6
484.0 -2138.4
484.0 -2235.6
485.0 -1548.0
485.0 -2252.4
485.0 -2284.8
485.0 -2212.8
485.0 -2203.2
485.0 -2154.0
485.0 -2294.4
485.0 -2012.4
485.0 -2302.8
485.0 -2290.8
485.0 -2182.8
486.0 -1888.8
486.0 -2140.8
486.0 -2254.8
487.0 -1699.2
488.0 -1818.0
488.0 -2264.4
488.0 -2293.2
489.0 -2122.8
490.0 -2324.4
491.0 -1876.8
491.0 -1918.8
491.0 -2157.6
491.0 -2343.6
491.0 -2193.6
492.0 -2282.4
493.0 -2253.6
493.0 -2293.2
493.0 -2323.2
493.0 -2251.2
493.0 -2121.6
493.0 -2198.4
493.0 -2161.2
494.0 -1886.4
495.0 -1809.6
495.0 -2176.8
495.0 -2298.0
496.0 -2280.0
496.0 -2368.8
496.0 -2169.6
496.0 -2176.8
497.0 -1850.4
497.0 -2209.2
497.0 -2407.2
498.0 -1838.4
498.0 -2284.8
499.0 -2379.6
499.0 -2305.2
499.0 -2193.6
500.0 -1797.6
501.0 -1960.8
503.0 -1880.4
503.0 -2160.0
503.0 -2253.6
504.0 -1959.6
504.0 -2122.8
504.0 -2358.0
504.0 -1885.2
505.0 -1856.4
505.0 -2194.8
505.0 -2280.0
505.0 -2325.6
506.0 -2031.6
506.0 -2288.4
507.0 -2382.0
508.0 -2385.6
508.0 -2220.0
508.0 -2240.4
508.0 -2262.0
509.0 -2426.4
509.0 -2299.2
509.0 -1923.6
509.0 -2347.2
510.0 -1948.8
511.0 -2449.2
512.0 -2335.2
512.0 -2385.6
512.0 -2370.0
513.0 -1911.6
514.0 -2270.4
514.0 -2430.0
515.0 -2008.8
515.0 -2169.6
515.0 -2379.6
516.0 -2434.8
517.0 -2286.0
517.0 -2130.0
518.0 -2284.8
518.0 -2298.0
518.0 -2350.8
518.0 -2419.2
519.0 -2288.4
519.0 -2421.6
520.0 -2092.8
520.0 -2329.2
521.0 -2290.8
522.0 -2286.0
522.0 -2056.8
522.0 -2466.0
523.0 -2074.8
523.0 -2278.8
525.0 -2020.8
525.0 -2433.6
525.0 -2390.4
525.0 -2454.0
526.0 -2276.4
526.0 -2438.4
526.0 -2431.2
526.0 -2410.8
527.0 -2455.2
527.0 -2358.0
527.0 -2372.4
528.0 -2346.0
530.0 -2058.0
530.0 -2188.8
531.0 -2265.6
532.0 -2468.4
533.0 -2150.4
534.0 -2392.8
535.0 -2437.2
535.0 -2617.2
535.0 -2434.8
535.0 -2430.0
535.0 -2443.2
536.0 -2164.8
537.0 -1944.0
537.0 -2362.8
538.0 -2329.2
538.0 -2149.2
538.0 -2520.0
538.0 -2377.2
539.0 -2586.0
539.0 -2271.6
541.0 -2433.6
541.0 -2566.8
541.0 -2497.2
542.0 -2560.8
543.0 -2599.2
543.0 -2482.8
543.0 -2308.8
545.0 -2452.8
545.0 -2632.8
546.0 -2506.8
547.0 -2140.8
547.0 -2606.4
547.0 -2622.0
547.0 -2533.2
547.0 -2614.8
547.0 -2631.6
548.0 -2571.6
548.0 -2410.8
548.0 -2610.0
548.0 -2516.4
548.0 -2226.0
548.0 -2554.8
548.0 -2427.6
550.0 -2596.8
550.0 -2700.0
551.0 -2161.2
552.0 -2368.8
552.0 -2575.2
552.0 -2610.0
554.0 -2450.4
554.0 -2642.4
555.0 -2523.6
555.0 -2247.6
558.0 -2067.6
559.0 -2526.0
559.0 -2662.8
559.0 -2745.6
560.0 -2673.6
560.0 -2614.8
560.0 -2552.4
560.0 -2594.4
561.0 -2620.8
561.0 -2365.2
563.0 -1984.8
563.0 -2131.2
563.0 -2559.6
564.0 -2066.4
564.0 -2623.2
565.0 -2198.4
565.0 -2665.2
565.0 -2606.4
565.0 -2594.4
567.0 -2646.0
567.0 -2559.6
567.0 -2595.6
568.0 -2628.0
569.0 -2659.2
569.0 -2684.4
570.0 -2745.6
570.0 -2692.8
571.0 -2719.2
571.0 -2635.2
571.0 -2632.8
572.0 -2388.0
573.0 -2678.4
573.0 -2641.2
574.0 -2533.2
574.0 -2678.4
575.0 -2682.0
575.0 -2648.4
575.0 -2704.8
576.0 -2144.4
576.0 -2148.0
576.0 -2635.2
576.0 -2701.2
576.0 -2673.6
578.0 -2418.0
578.0 -2704.8
578.0 -2739.6
578.0 -2553.6
579.0 -2660.4
579.0 -2629.2
579.0 -2138.4
580.0 -2154.0
580.0 -2564.4
580.0 -2797.2
581.0 -2598.0
581.0 -2788.8
581.0 -2727.6
581.0 -2781.6
581.0 -2749.2
582.0 -2654.4
583.0 -2803.2
583.0 -2670.0
584.0 -2764.8
586.0 -2688.0
586.0 -2660.4
586.0 -2692.8
586.0 -2814.0
586.0 -2766.0
587.0 -2784.0
587.0 -2719.2
588.0 -2764.8
589.0 -2750.4
589.0 -2685.6
589.0 -2762.4
589.0 -2644.8
590.0 -2251.2
590.0 -2787.6
590.0 -2649.6
590.0 -2790.0
590.0 -2713.2
590.0 -2786.4
591.0 -2794.8
591.0 -2792.4
591.0 -2455.2
592.0 -2827.2
592.0 -2811.6
593.0 -2673.6
593.0 -2794.8
594.0 -2275.2
594.0 -2364.0
595.0 -2288.4
595.0 -2794.8
595.0 -2893.2
596.0 -2824.8
596.0 -2856.0
597.0 -2832.0
597.0 -2806.8
597.0 -2845.2
597.0 -2736.0
598.0 -2546.4
598.0 -2799.6
598.0 -2722.8
598.0 -2797.2
599.0 -2940.0
599.0 -2925.6
599.0 -2757.6
599.0 -2653.2
599.0 -2785.2
599.0 -2742.0
600.0 -2904.0
600.0 -2821.2
600.0 -2767.2
601.0 -2469.6
601.0 -2778.0
601.0 -2844.0
601.0 -2763.6
601.0 -2752.8
602.0 -2540.4
602.0 -2470.8
602.0 -2839.2
602.0 -2965.2
602.0 -2727.6
602.0 -2727.6
603.0 -2370.0
604.0 -2587.2
604.0 -2844.0
604.0 -2929.2
604.0 -2974.8
604.0 -2799.6
604.0 -2805.6
604.0 -2853.6
604.0 -2838.0
604.0 -2758.8
605.0 -2706.0
605.0 -2726.4
606.0 -2364.0
606.0 -2398.8
606.0 -2832.0
606.0 -2762.4
606.0 -2832.0
607.0 -2496.0
607.0 -2682.0
607.0 -2815.2
608.0 -2360.4
608.0 -2928.0
608.0 -2946.0
609.0 -2772.0
609.0 -2816.4
610.0 -2878.8
611.0 -2954.4
611.0 -2892.0
612.0 -2578.8
612.0 -2848.8
612.0 -2947.2
612.0 -2913.6
613.0 -2481.6
613.0 -2852.4
613.0 -2818.8
614.0 -3001.2
614.0 -2698.8
615.0 -2865.6
617.0 -2988.0
617.0 -2983.2
618.0 -2920.8
619.0 -2829.6
620.0 -2534.4
620.0 -2816.4
620.0 -2866.8
621.0 -2778.0
622.0 -2460.0
622.0 -2914.8
623.0 -2792.4
623.0 -2865.6
624.0 -2629.2
624.0 -2918.4
625.0 -2719.2
625.0 -2971.2
625.0 -2864.4
626.0 -2948.4
627.0 -2430.0
627.0 -2959.2
627.0 -2916.0
627.0 -2931.6
628.0 -2566.8
628.0 -2868.0
629.0 -2522.4
629.0 -2587.2
629.0 -2942.4
629.0 -2964.0
629.0 -2986.8
629.0 -2983.2
630.0 -2979.6
630.0 -2922.0
630.0 -2948.4
630.0 -2888.4
631.0 -3009.6
631.0 -2913.6
631.0 -3003.6
632.0 -3007.2
633.0 -2578.8
633.0 -2726.4
633.0 -2258.4
633.0 -3103.2
634.0 -3076.8
635.0 -2576.4
635.0 -2971.2
636.0 -2685.6
636.0 -2536.8
637.0 -2707.2
637.0 -2565.6
637.0 -3032.4
639.0 -2558.4
641.0 -2446.8
642.0 -2991.6
643.0 -3026.4
644.0 -2547.6
646.0 -2582.4
646.0 -3016.8
647.0 -2811.6
648.0 -3008.4
649.0 -2839.2
650.0 -2575.2
653.0 -2631.6
654.0 -2548.8
656.0 -2682.0
657.0 -2989.2
660.0 -3073.2
663.0 -3049.2
669.0 -2658.0
674.0 -2676.0
677.0 -2499.6
677.0 -2816.4
680.0 -3187.2
