4.0 -60.0
4.0 -60.0
9.0 -75.6
9.0 -60.0
10.0 -103.2
10.0 -87.6
10.0 -97.2
10.0 -103.2
11.0 -104.4
11.0 -104.4
11.0 -104.4
11.0 -104.4
11.0 -93.6
12.0 -109.2
12.0 -88.8
12.0 -99.6
13.0 -93.6
13.0 -93.6
14.0 -120.0
14.0 -66.0
14.0 -106.8
14.0 -120.0
15.0 -134.4
15.0 -134.4
15.0 -120.0
15.0 -136.8
17.0 -141.6
18.0 -132.0
18.0 -116.4
18.0 -116.4
18.0 -142.8
19.0 -136.8
19.0 -144.0
19.0 -142.8
19.0 -135.6
20.0 -163.2
20.0 -157.2
20.0 -147.6
20.0 -138.0
20.0 -121.2
20.0 -136.8
20.0 -163.2
21.0 -124.8
21.0 -162.0
21.0 -162.0
22.0 -148.8
22.0 -168.0
22.0 -168.0
23.0 -135.6
23.0 -142.8
23.0 -166.8
24.0 -110.4
24.0 -170.4
24.0 -165.6
24.0 -166.8
24.0 -132.0
24.0 -168.0
25.0 -181.2
25.0 -194.4
25.0 -159.6
25.0 -168.0
25.0 -194.4
25.0 -153.6
25.0 -157.2
25.0 -172.8
26.0 -180.0
26.0 -169.2
26.0 -169.2
26.0 -200.4
27.0 -207.6
27.0 -178.8
27.0 -168.0
27.0 -175.2
28.0 -195.6
28.0 -195.6
28.0 -184.8
29.0 -190.8
29.0 -181.2
29.0 -162.0
29.0 -183.6
29.0 -164.4
29.0 -211.2
29.0 -212.4
29.0 -196.8
29.0 -174.0
30.0 -175.2
30.0 -218.4
30.0 -211.2
30.0 -218.4
30.0 -180.0
30.0 -211.2
31.0 -224.4
31.0 -206.4
31.0 -166.8
31.0 -168.0
31.0 -186.0
31.0 -196.8
31.0 -163.2
31.0 -184.8
31.0 -225.6
32.0 -204.0
32.0 -231.6
32.0 -193.2
32.0 -193.2
32.0 -193.2
32.0 -186.0
32.0 -217.2
32.0 -238.8
32.0 -168.0
32.0 -249.6
32.0 -177.6
33.0 -196.8
33.0 -181.2
33.0 -214.8
33.0 -199.2
33.0 -208.8
33.0 -226.8
33.0 -213.6
33.0 -205.2
33.0 -238.8
33.0 -246.0
34.0 -228.0
34.0 -204.0
34.0 -204.0
34.0 -212.4
34.0 -153.6
34.0 -242.4
34.0 -232.8
35.0 -192.0
35.0 -225.6
35.0 -249.6
35.0 -192.0
35.0 -295.2
35.0 -163.2
35.0 -229.2
35.0 -223.2
35.0 -249.6
35.0 -278.4
35.0 -200.4
36.0 -241.2
36.0 -246.0
36.0 -214.8
36.0 -187.2
36.0 -194.4
37.0 -246.0
37.0 -231.6
37.0 -252.0
37.0 -252.0
37.0 -248.4
37.0 -200.4
37.0 -248.4
37.0 -218.4
38.0 -249.6
38.0 -210.0
38.0 -247.2
38.0 -247.2
38.0 -241.2
38.0 -180.0
38.0 -310.8
38.0 -244.8
38.0 -276.0
38.0 -243.6
38.0 -280.8
38.0 -151.2
38.0 -289.2
39.0 -159.6
39.0 -273.6
39.0 -224.4
39.0 -192.0
39.0 -222.0
39.0 -201.6
39.0 -248.4
39.0 -280.8
39.0 -195.6
40.0 -244.8
40.0 -225.6
40.0 -250.8
40.0 -258.0
40.0 -284.4
41.0 -258.0
41.0 -254.4
41.0 -273.6
41.0 -214.8
41.0 -306.0
41.0 -312.0
41.0 -249.6
41.0 -272.4
41.0 -248.4
42.0 -253.2
42.0 -265.2
42.0 -250.8
42.0 -279.6
42.0 -313.2
42.0 -268.8
43.0 -295.2
43.0 -226.8
43.0 -220.8
44.0 -296.4
44.0 -256.8
44.0 -340.8
44.0 -222.0
44.0 -266.4
44.0 -241.2
44.0 -283.2
44.0 -348.0
44.0 -264.0
44.0 -312.0
45.0 -296.4
45.0 -283.2
46.0 -121.2
46.0 -226.8
46.0 -294.0
46.0 -288.0
46.0 -361.2
46.0 -318.0
47.0 -279.6
47.0 -291.6
47.0 -265.2
47.0 -273.6
47.0 -247.2
47.0 -284.4
48.0 -303.6
48.0 -280.8
48.0 -279.6
48.0 -340.8
48.0 -272.4
48.0 -298.8
49.0 -265.2
49.0 -343.2
49.0 -279.6
49.0 -306.0
49.0 -273.6
49.0 -285.6
49.0 -213.6
49.0 -354.0
49.0 -280.8
50.0 -264.0
50.0 -229.2
50.0 -253.2
50.0 -333.6
50.0 -355.2
50.0 -364.8
51.0 -212.4
51.0 -374.4
51.0 -315.6
52.0 -330.0
52.0 -234.0
52.0 -247.2
52.0 -276.0
52.0 -276.0
52.0 -289.2
52.0 -273.6
53.0 -327.6
53.0 -268.8
53.0 -301.2
53.0 -230.4
53.0 -312.0
53.0 -218.4
53.0 -361.2
53.0 -342.0
53.0 -345.6
53.0 -295.2
54.0 -321.6
54.0 -330.0
54.0 -356.4
54.0 -310.8
54.0 -344.4
54.0 -358.8
54.0 -268.8
55.0 -271.2
55.0 -308.4
55.0 -303.6
55.0 -336.0
55.0 -338.4
55.0 -399.6
56.0 -316.8
56.0 -300.0
56.0 -398.4
56.0 -403.2
57.0 -346.8
57.0 -97.2
57.0 -286.8
57.0 -237.6
57.0 -297.6
57.0 -304.8
57.0 -349.2
57.0 -300.0
57.0 -339.6
57.0 -386.4
58.0 -343.2
58.0 -265.2
58.0 -266.4
58.0 -416.4
58.0 -418.8
58.0 -357.6
59.0 -355.2
59.0 -376.8
59.0 -350.4
60.0 -357.6
60.0 -288.0
60.0 -388.8
60.0 -429.6
60.0 -279.6
60.0 -368.4
60.0 -388.8
60.0 -354.0
61.0 -362.4
61.0 -124.8
61.0 -295.2
61.0 -302.4
61.0 -358.8
61.0 -381.6
61.0 -384.0
61.0 -416.4
61.0 -364.8
61.0 -368.4
61.0 -321.6
61.0 -286.8
61.0 -380.4
62.0 -87.6
62.0 -120.0
62.0 -421.2
63.0 -380.4
63.0 -426.0
64.0 -315.6
64.0 -426.0
64.0 -424.8
65.0 -457.2
65.0 -404.4
65.0 -120.0
65.0 -417.6
65.0 -439.2
65.0 -403.2
65.0 -386.4
65.0 -355.2
65.0 -302.4
66.0 -362.4
66.0 -120.0
66.0 -363.6
66.0 -451.2
67.0 -444.0
67.0 -104.4
67.0 -104.4
67.0 -368.4
67.0 -398.4
67.0 -370.8
67.0 -421.2
68.0 -60.0
68.0 -418.8
68.0 -375.6
68.0 -366.0
68.0 -402.0
68.0 -436.8
69.0 -331.2
69.0 -346.8
70.0 -116.4
70.0 -60.0
70.0 -354.0
70.0 -298.8
71.0 -157.2
71.0 -448.8
72.0 -498.0
72.0 -457.2
72.0 -147.6
72.0 -322.8
72.0 -427.2
72.0 -477.6
73.0 -99.6
73.0 -170.4
73.0 -116.4
73.0 -373.2
73.0 -343.2
73.0 -373.2
74.0 -482.4
74.0 -428.4
74.0 -177.6
74.0 -382.8
74.0 -442.8
74.0 -450.0
75.0 -502.8
76.0 -405.6
76.0 -483.6
76.0 -418.8
77.0 -394.8
77.0 -435.6
77.0 -402.0
77.0 -352.8
77.0 -200.4
77.0 -324.0
78.0 -518.4
78.0 -33.6
78.0 -432.0
78.0 -463.2
78.0 -476.4
79.0 -466.8
79.0 -308.4
79.0 -492.0
79.0 -499.2
79.0 -388.8
80.0 -535.2
80.0 -103.2
80.0 -180.0
80.0 -415.2
80.0 -142.8
80.0 -386.4
80.0 -518.4
80.0 -462.0
81.0 -526.8
81.0 -482.4
81.0 -446.4
81.0 -136.8
81.0 -388.8
81.0 -414.0
81.0 -513.6
81.0 -458.4
82.0 -544.8
83.0 -552.0
83.0 -278.4
83.0 -166.8
83.0 -280.8
84.0 -537.6
84.0 -163.2
84.0 -214.8
84.0 -124.8
84.0 -549.6
85.0 -464.4
86.0 -133.2
86.0 -212.4
86.0 -217.2
87.0 -535.2
87.0 -439.2
88.0 -104.4
88.0 -142.8
88.0 -490.8
89.0 -486.0
89.0 -475.2
89.0 -477.6
89.0 -390.0
90.0 -590.4
90.0 -546.0
90.0 -354.0
90.0 -188.4
91.0 -540.0
91.0 -568.8
91.0 -175.2
91.0 -181.2
91.0 -139.2
91.0 -312.0
91.0 -456.0
91.0 -272.4
91.0 -571.2
92.0 -562.8
92.0 -482.4
92.0 -212.4
92.0 -225.6
92.0 -153.6
92.0 -104.4
92.0 -172.8
93.0 -559.2
93.0 -514.8
93.0 -228.0
93.0 -180.0
93.0 -208.8
93.0 -169.2
93.0 -273.6
93.0 -193.2
93.0 -579.6
94.0 -480.0
94.0 -582.0
94.0 -463.2
94.0 -618.0
94.0 -224.4
94.0 -224.4
94.0 -104.4
94.0 -134.4
94.0 -214.8
94.0 -248.4
94.0 -310.8
94.0 -510.0
94.0 -453.6
95.0 -603.6
95.0 -264.0
95.0 -548.4
96.0 -523.2
96.0 -602.4
96.0 -601.2
96.0 -529.2
96.0 -110.4
96.0 -339.6
96.0 -516.0
97.0 -241.2
97.0 -230.4
97.0 -279.6
97.0 -453.6
97.0 -213.6
97.0 -213.6
97.0 -398.4
97.0 -474.0
97.0 -561.6
97.0 -550.8
97.0 -508.8
98.0 -590.4
98.0 -565.2
98.0 -534.0
98.0 -43.2
98.0 -159.6
98.0 -333.6
98.0 -229.2
99.0 -162.0
99.0 -61.2
99.0 -211.2
99.0 -163.2
99.0 -216.0
99.0 -361.2
99.0 -505.2
100.0 -540.0
100.0 -192.0
100.0 -202.8
100.0 -135.6
101.0 -600.0
101.0 -268.8
101.0 -208.8
101.0 -243.6
101.0 -596.4
102.0 -303.6
102.0 -237.6
102.0 -92.4
102.0 -198.0
102.0 -184.8
102.0 -321.6
103.0 -601.2
103.0 -234.0
103.0 -265.2
103.0 -529.2
104.0 -564.0
104.0 -601.2
104.0 -520.8
104.0 -272.4
104.0 -110.4
105.0 -643.2
105.0 -579.6
105.0 -615.6
105.0 -141.6
105.0 -300.0
105.0 -265.2
105.0 -242.4
105.0 -339.6
106.0 -564.0
106.0 -609.6
106.0 -585.6
106.0 -620.4
106.0 -249.6
106.0 -276.0
106.0 -246.0
107.0 -488.4
107.0 -643.2
107.0 -630.0
107.0 -134.4
107.0 -168.0
107.0 -253.2
107.0 -459.6
108.0 -279.6
109.0 -600.0
109.0 -403.2
109.0 -249.6
109.0 -366.0
109.0 -325.2
110.0 -628.8
110.0 -489.6
110.0 -549.6
110.0 -596.4
110.0 -651.6
110.0 -168.0
110.0 -201.6
111.0 -286.8
111.0 -717.6
112.0 -620.4
112.0 -652.8
112.0 -254.4
112.0 -540.0
112.0 -174.0
113.0 -650.4
113.0 -567.6
113.0 -658.8
113.0 -283.2
113.0 -274.8
114.0 -627.6
114.0 -165.6
114.0 -342.0
115.0 -177.6
115.0 -426.0
115.0 -577.2
116.0 -680.4
116.0 -654.0
116.0 -584.4
116.0 -348.0
116.0 -278.4
117.0 -680.4
117.0 -642.0
117.0 -194.4
117.0 -283.2
117.0 -288.0
117.0 -244.8
118.0 -684.0
118.0 -651.6
118.0 -264.0
118.0 -219.6
118.0 -308.4
118.0 -280.8
118.0 -584.4
119.0 -253.2
119.0 -379.2
119.0 -416.4
119.0 -193.2
119.0 -586.8
120.0 -561.6
120.0 -621.6
120.0 -236.4
120.0 -153.6
120.0 -232.8
121.0 -669.6
121.0 -584.4
121.0 -602.4
121.0 -66.0
121.0 -355.2
122.0 -664.8
122.0 -645.6
122.0 -414.0
122.0 -194.4
123.0 -133.2
123.0 -374.4
124.0 -273.6
125.0 -535.2
125.0 -633.6
125.0 -247.2
125.0 -276.0
126.0 -752.4
126.0 -309.6
126.0 -289.2
126.0 -363.6
127.0 -696.0
127.0 -655.2
127.0 -649.2
127.0 -698.4
127.0 -355.2
127.0 -366.0
127.0 -374.4
128.0 -622.8
128.0 -673.2
128.0 -231.6
128.0 -301.2
128.0 -772.8
129.0 -651.6
129.0 -272.4
129.0 -144.0
129.0 -312.0
129.0 -300.0
130.0 -603.6
130.0 -732.0
130.0 -728.4
130.0 -721.2
130.0 -615.6
130.0 -360.0
130.0 -226.8
130.0 -475.2
131.0 -769.2
131.0 -316.8
131.0 -513.6
132.0 -482.4
132.0 -603.6
132.0 -688.8
132.0 -709.2
132.0 -328.8
133.0 -667.2
133.0 -660.0
133.0 -708.0
133.0 -404.4
134.0 -726.0
134.0 -652.8
134.0 -240.0
134.0 -448.8
135.0 -706.8
135.0 -410.4
135.0 -295.2
135.0 -474.0
135.0 -350.4
136.0 -427.2
136.0 -722.4
136.0 -754.8
136.0 -705.6
137.0 -470.4
137.0 -240.0
138.0 -854.4
138.0 -658.8
138.0 -363.6
138.0 -151.2
138.0 -357.6
139.0 -310.8
139.0 -294.0
140.0 -681.6
140.0 -730.8
140.0 -744.0
143.0 -627.6
143.0 -388.8
143.0 -268.8
144.0 -798.0
144.0 -693.6
144.0 -722.4
144.0 -350.4
144.0 -508.8
145.0 -771.6
145.0 -704.4
145.0 -712.8
146.0 -631.2
146.0 -730.8
146.0 -752.4
147.0 -724.8
147.0 -358.8
148.0 -772.8
149.0 -464.4
149.0 -760.8
149.0 -825.6
149.0 -751.2
149.0 -706.8
150.0 -800.4
150.0 -793.2
151.0 -800.4
151.0 -789.6
151.0 -777.6
151.0 -894.0
152.0 -586.8
152.0 -516.0
153.0 -698.4
153.0 -382.8
153.0 -427.2
154.0 -768.0
154.0 -844.8
155.0 -730.8
155.0 -684.0
155.0 -783.6
155.0 -758.4
155.0 -476.4
156.0 -824.4
156.0 -770.4
156.0 -471.6
157.0 -792.0
157.0 -453.6
158.0 -790.8
158.0 -777.6
158.0 -859.2
159.0 -841.2
159.0 -873.6
159.0 -807.6
159.0 -324.0
159.0 -556.8
159.0 -296.4
159.0 -420.0
160.0 -646.8
162.0 -741.6
162.0 -890.4
162.0 -463.2
163.0 -829.2
164.0 -858.0
165.0 -945.6
167.0 -802.8
167.0 -870.0
167.0 -834.0
167.0 -736.8
169.0 -835.2
169.0 -876.0
171.0 -621.6
171.0 -892.8
171.0 -694.8
172.0 -901.2
173.0 -840.0
173.0 -924.0
173.0 -1005.6
175.0 -969.6
175.0 -967.2
176.0 -783.6
176.0 -876.0
177.0 -866.4
177.0 -577.2
178.0 -871.2
178.0 -928.8
179.0 -842.4
179.0 -991.2
179.0 -976.8
182.0 -854.4
183.0 -826.8
183.0 -973.2
183.0 -1005.6
184.0 -817.2
184.0 -892.8
185.0 -954.0
186.0 -754.8
187.0 -1068.0
187.0 -964.8
189.0 -949.2
190.0 -615.6
191.0 -703.2
191.0 -937.2
191.0 -1070.4
192.0 -1053.6
192.0 -1045.2
193.0 -1017.6
194.0 -1074.0
194.0 -987.6
194.0 -945.6
196.0 -566.4
198.0 -903.6
198.0 -997.2
198.0 -990.0
198.0 -1026.0
199.0 -1006.8
199.0 -979.2
199.0 -1113.6
199.0 -1038.0
199.0 -1074.0
200.0 -1038.0
200.0 -1050.0
201.0 -1104.0
202.0 -992.4
204.0 -897.6
205.0 -1052.4
205.0 -1094.4
206.0 -949.2
208.0 -1063.2
209.0 -1117.2
210.0 -1021.2
211.0 -1102.8
211.0 -1039.2
213.0 -992.4
213.0 -1138.8
213.0 -1063.2
215.0 -1107.6
216.0 -1182.0
219.0 -1042.8
219.0 -1076.4
220.0 -906.0
220.0 -1123.2
221.0 -1148.4
222.0 -1160.4
222.0 -1167.6
223.0 -1116.0
223.0 -1171.2
226.0 -1209.6
226.0 -884.4
227.0 -1198.8
227.0 -1185.6
228.0 -1173.6
229.0 -1255.2
229.0 -1224.0
229.0 -1180.8
232.0 -1209.6
232.0 -1226.4
233.0 -1213.2
233.0 -962.4
233.0 -1242.0
236.0 -1023.6
238.0 -1292.4
238.0 -1195.2
239.0 -1294.8
239.0 -1224.0
241.0 -1309.2
242.0 -1206.0
242.0 -1227.6
242.0 -1278.0
243.0 -1279.2
243.0 -1150.8
243.0 -1134.0
244.0 -1222.8
244.0 -1270.8
245.0 -1279.2
246.0 -1284.0
246.0 -1134.0
248.0 -1318.8
249.0 -1257.6
249.0 -1333.2
249.0 -1320.0
250.0 -1267.2
250.0 -1352.4
250.0 -1291.2
251.0 -1224.0
251.0 -1311.6
251.0 -1377.6
251.0 -1306.8
251.0 -1380.0
252.0 -1304.4
252.0 -1281.6
253.0 -1276.8
253.0 -1312.8
253.0 -1270.8
253.0 -1222.8
254.0 -1353.6
255.0 -1312.8
255.0 -1306.8
255.0 -1243.2
256.0 -1266.0
256.0 -1251.6
256.0 -1305.6
256.0 -1353.6
257.0 -1045.2
257.0 -1347.6
257.0 -1270.8
257.0 -1310.4
258.0 -1309.2
258.0 -1188.0
259.0 -1326.0
260.0 -1323.6
260.0 -1245.6
260.0 -1268.4
260.0 -1374.0
261.0 -1296.0
261.0 -1279.2
261.0 -1406.4
261.0 -1366.8
262.0 -1335.6
262.0 -1130.4
262.0 -1372.8
263.0 -1425.6
263.0 -1380.0
263.0 -1076.4
263.0 -1282.8
263.0 -1333.2
264.0 -1300.8
264.0 -1264.8
265.0 -1198.8
265.0 -1228.8
265.0 -1311.6
266.0 -1401.6
266.0 -1357.2
267.0 -1321.2
267.0 -1402.8
268.0 -1332.0
268.0 -1299.6
269.0 -1411.2
269.0 -1298.4
269.0 -1454.4
269.0 -1406.4
270.0 -1312.8
270.0 -1323.6
270.0 -1291.2
270.0 -1443.6
271.0 -1407.6
271.0 -1302.0
272.0 -1314.0
272.0 -1371.6
273.0 -1177.2
273.0 -1321.2
273.0 -1411.2
273.0 -1425.6
274.0 -1348.8
274.0 -1383.6
274.0 -1315.2
275.0 -1242.0
276.0 -1408.8
276.0 -1426.8
277.0 -1370.4
277.0 -1341.6
278.0 -1360.8
278.0 -1362.0
278.0 -1374.0
278.0 -1413.6
279.0 -1315.2
280.0 -1298.4
280.0 -1424.4
281.0 -1195.2
281.0 -1347.6
282.0 -1430.4
282.0 -1393.2
283.0 -1339.2
285.0 -1399.2
286.0 -1425.6
286.0 -1167.6
286.0 -1390.8
286.0 -1372.8
287.0 -1464.0
287.0 -1477.2
287.0 -1428.0
288.0 -1491.6
288.0 -1447.2
288.0 -1477.2
288.0 -1420.8
289.0 -1544.4
290.0 -1464.0
291.0 -1365.6
291.0 -1390.8
291.0 -1371.6
292.0 -1320.0
292.0 -1518.0
292.0 -1512.0
293.0 -1567.2
293.0 -1489.2
293.0 -1470.0
295.0 -1465.2
295.0 -1402.8
295.0 -1515.6
296.0 -1488.0
296.0 -1470.0
297.0 -1569.6
297.0 -1329.6
297.0 -1441.2
297.0 -1447.2
298.0 -1532.4
298.0 -1465.2
299.0 -1340.4
299.0 -1436.4
300.0 -1396.8
300.0 -1456.8
300.0 -1543.2
301.0 -1510.8
302.0 -1479.6
302.0 -1500.0
303.0 -1498.8
303.0 -1527.6
303.0 -1542.0
303.0 -1456.8
303.0 -1468.8
304.0 -1449.6
304.0 -1465.2
304.0 -1549.2
304.0 -1527.6
304.0 -1447.2
305.0 -1558.8
305.0 -1512.0
305.0 -1567.2
306.0 -1518.0
306.0 -1364.4
306.0 -1374.0
306.0 -1468.8
306.0 -1525.2
307.0 -1575.6
307.0 -1573.2
307.0 -1496.4
307.0 -1540.8
308.0 -1561.2
308.0 -1512.0
308.0 -1540.8
309.0 -1312.8
310.0 -1502.4
310.0 -1568.4
311.0 -1390.8
311.0 -1582.8
311.0 -1533.6
312.0 -1236.0
312.0 -1450.8
312.0 -1467.6
312.0 -1468.8
312.0 -1538.4
313.0 -1500.0
313.0 -1594.8
314.0 -1590.0
314.0 -1611.6
314.0 -1476.0
315.0 -1418.4
315.0 -1558.8
316.0 -1554.0
316.0 -1540.8
316.0 -1516.8
317.0 -1538.4
317.0 -1537.2
318.0 -1522.8
318.0 -1592.4
319.0 -1576.8
320.0 -1413.6
320.0 -1622.4
321.0 -1525.2
322.0 -1393.2
323.0 -1540.8
323.0 -1609.2
323.0 -1522.8
323.0 -1644.0
324.0 -1693.2
324.0 -1574.4
324.0 -1626.0
325.0 -1544.4
325.0 -1268.4
326.0 -1687.2
327.0 -1563.6
327.0 -1684.8
327.0 -1612.8
327.0 -1633.2
327.0 -1593.6
328.0 -1641.6
329.0 -1507.2
329.0 -1564.8
330.0 -1315.2
330.0 -1634.4
330.0 -1371.6
331.0 -1586.4
332.0 -1480.8
333.0 -1195.2
333.0 -1316.4
333.0 -1533.6
333.0 -1552.8
333.0 -1519.2
333.0 -1724.4
334.0 -1573.2
335.0 -1605.6
336.0 -1440.0
336.0 -1778.4
336.0 -1689.6
336.0 -1722.0
337.0 -1383.6
337.0 -1611.6
338.0 -1552.8
339.0 -1596.0
340.0 -1615.2
340.0 -1617.6
341.0 -1638.0
341.0 -1758.0
341.0 -1576.8
341.0 -1545.6
341.0 -1500.0
342.0 -1736.4
342.0 -1599.6
342.0 -1609.2
342.0 -1668.0
343.0 -1532.4
343.0 -1514.4
343.0 -1567.2
343.0 -1690.8
344.0 -1622.4
344.0 -1684.8
344.0 -1527.6
345.0 -1695.6
345.0 -1681.2
345.0 -1686.0
347.0 -1610.4
347.0 -1696.8
347.0 -1678.8
347.0 -1779.6
347.0 -1586.4
347.0 -1663.2
348.0 -1694.4
350.0 -1648.8
350.0 -1704.0
350.0 -1738.8
351.0 -1686.0
352.0 -1659.6
352.0 -1629.6
352.0 -1802.4
352.0 -1740.0
353.0 -1460.4
353.0 -1785.6
353.0 -1671.6
354.0 -1663.2
354.0 -1732.8
354.0 -1711.2
354.0 -1708.8
355.0 -1675.2
355.0 -1395.6
357.0 -1714.8
357.0 -1640.4
357.0 -1717.2
357.0 -1594.8
357.0 -1647.6
358.0 -1804.8
358.0 -1504.8
358.0 -1718.4
358.0 -1660.8
359.0 -1748.4
360.0 -1692.0
360.0 -1873.2
361.0 -1831.2
361.0 -1674.0
361.0 -1791.6
361.0 -1786.8
362.0 -1700.4
362.0 -1688.4
362.0 -1666.8
362.0 -1766.4
362.0 -1783.2
363.0 -1736.4
364.0 -1672.8
364.0 -1792.8
364.0 -1632.0
364.0 -1701.6
364.0 -1737.6
365.0 -1530.0
365.0 -1423.2
365.0 -1761.6
365.0 -1707.6
366.0 -1644.0
366.0 -1498.8
367.0 -1710.0
367.0 -1880.4
368.0 -1740.0
368.0 -1633.2
368.0 -1735.2
369.0 -1526.4
369.0 -1767.6
370.0 -1710.0
370.0 -1749.6
370.0 -1756.8
371.0 -1762.8
371.0 -1761.6
372.0 -1484.4
372.0 -1730.4
372.0 -1744.8
373.0 -1645.2
373.0 -1728.0
373.0 -1726.8
374.0 -1743.6
374.0 -1840.8
375.0 -1908.0
376.0 -1764.0
376.0 -1750.8
376.0 -1788.0
376.0 -1407.6
377.0 -1460.4
377.0 -1734.0
377.0 -1700.4
377.0 -1736.4
378.0 -1704.0
378.0 -1644.0
378.0 -1692.0
378.0 -1800.0
379.0 -1456.8
379.0 -1768.8
379.0 -1826.4
379.0 -1845.6
380.0 -1744.8
380.0 -1790.4
380.0 -1785.6
380.0 -1873.2
380.0 -1815.6
381.0 -1731.6
381.0 -1741.2
381.0 -1789.2
381.0 -1852.8
381.0 -1662.0
382.0 -1860.0
382.0 -1705.2
382.0 -1734.0
382.0 -1738.8
382.0 -1804.8
382.0 -1873.2
383.0 -1736.4
383.0 -1804.8
383.0 -1748.4
384.0 -1599.6
384.0 -1785.6
385.0 -1855.2
385.0 -1779.6
385.0 -1945.2
386.0 -1602.0
386.0 -1772.4
387.0 -1814.4
387.0 -1608.0
388.0 -1831.2
388.0 -1819.2
388.0 -1917.6
389.0 -1777.2
389.0 -1867.2
390.0 -1759.2
390.0 -1716.0
390.0 -1784.4
391.0 -1870.8
391.0 -1861.2
391.0 -1696.8
391.0 -1858.8
392.0 -1906.8
392.0 -1698.0
393.0 -1890.0
393.0 -1998.0
393.0 -1519.2
393.0 -1783.2
394.0 -1856.4
394.0 -1918.8
394.0 -1927.2
395.0 -1708.8
395.0 -1813.2
395.0 -1884.0
395.0 -1880.4
395.0 -1831.2
396.0 -1665.6
396.0 -1903.2
397.0 -1974.0
397.0 -1858.8
397.0 -1941.6
397.0 -1542.0
398.0 -1911.6
398.0 -1834.8
398.0 -1884.0
398.0 -1959.6
398.0 -1812.0
399.0 -1930.8
400.0 -1911.6
400.0 -1839.6
401.0 -1851.6
401.0 -1874.4
401.0 -1930.8
401.0 -1934.4
401.0 -1842.0
402.0 -1900.8
402.0 -1825.2
402.0 -1660.8
402.0 -1876.8
402.0 -1941.6
403.0 -1884.0
403.0 -1765.2
403.0 -1972.8
403.0 -1926.0
403.0 -1916.4
404.0 -1707.6
404.0 -1826.4
404.0 -1858.8
405.0 -1924.8
405.0 -1940.4
405.0 -1910.4
405.0 -1863.6
406.0 -1890.0
406.0 -1900.8
406.0 -1903.2
407.0 -1962.0
407.0 -1507.2
407.0 -1710.0
408.0 -2005.2
408.0 -1938.0
408.0 -1855.2
408.0 -1956.0
408.0 -1882.8
408.0 -1804.8
408.0 -1938.0
409.0 -1574.4
409.0 -1899.6
409.0 -1941.6
409.0 -2040.0
409.0 -1974.0
409.0 -1950.0
409.0 -1959.6
410.0 -1851.6
410.0 -1971.6
410.0 -1872.0
410.0 -2012.4
411.0 -1855.2
411.0 -1978.8
411.0 -1887.6
412.0 -1980.0
412.0 -1878.0
412.0 -1930.8
412.0 -2035.2
412.0 -1866.0
413.0 -2016.0
413.0 -1958.4
413.0 -1879.2
413.0 -1947.6
413.0 -2080.8
413.0 -1872.0
413.0 -1926.0
415.0 -1849.2
415.0 -1911.6
415.0 -1969.2
416.0 -1580.4
416.0 -1827.6
416.0 -2025.6
416.0 -1951.2
417.0 -1936.8
417.0 -2008.8
417.0 -1857.6
417.0 -2011.2
417.0 -1743.6
417.0 -1921.2
417.0 -1977.6
417.0 -1958.4
418.0 -1898.4
418.0 -1984.8
418.0 -1876.8
418.0 -1869.6
418.0 -2060.4
418.0 -2072.4
419.0 -1952.4
419.0 -1974.0
419.0 -1969.2
420.0 -1920.0
420.0 -1819.2
420.0 -1934.4
421.0 -1692.0
421.0 -1759.2
421.0 -1852.8
422.0 -2036.4
422.0 -1899.6
422.0 -2019.6
422.0 -2090.4
424.0 -1927.2
424.0 -1942.8
424.0 -1957.2
424.0 -2018.4
425.0 -1630.8
425.0 -2012.4
425.0 -1886.4
426.0 -1773.6
426.0 -1951.2
426.0 -1951.2
426.0 -2096.4
426.0 -2014.8
427.0 -2077.2
427.0 -1972.8
427.0 -1892.4
428.0 -1963.2
428.0 -1923.6
428.0 -1994.4
428.0 -1947.6
428.0 -1920.0
429.0 -1864.8
429.0 -2025.6
429.0 -2052.0
429.0 -1989.6
429.0 -1993.2
429.0 -2030.4
430.0 -2104.8
430.0 -1627.2
430.0 -2098.8
430.0 -1929.6
430.0 -1953.6
431.0 -1998.0
431.0 -2018.4
431.0 -2060.4
431.0 -1723.2
431.0 -2046.0
432.0 -2070.0
432.0 -2084.4
432.0 -2050.8
433.0 -2010.0
433.0 -2060.4
433.0 -1767.6
433.0 -2052.0
434.0 -2119.2
434.0 -1966.8
435.0 -2062.8
436.0 -1993.2
437.0 -1959.6
437.0 -2062.8
437.0 -2083.2
438.0 -2064.0
438.0 -1944.0
439.0 -1965.6
439.0 -1964.4
439.0 -1974.0
439.0 -2108.4
439.0 -1936.8
439.0 -1996.8
439.0 -1618.8
440.0 -1652.4
440.0 -2152.8
441.0 -2062.8
441.0 -2121.6
441.0 -2031.6
442.0 -1826.4
442.0 -1933.2
442.0 -2163.6
442.0 -2058.0
442.0 -1860.0
442.0 -2095.2
443.0 -1729.2
443.0 -2073.6
443.0 -2126.4
443.0 -2112.0
443.0 -1930.8
444.0 -2102.4
444.0 -2122.8
444.0 -1988.4
444.0 -2018.4
444.0 -2050.8
444.0 -2071.2
445.0 -2139.6
445.0 -2115.6
445.0 -1978.8
445.0 -2078.4
446.0 -1774.8
446.0 -2101.2
446.0 -2012.4
447.0 -2124.0
447.0 -2097.6
447.0 -1977.6
448.0 -2133.6
448.0 -1808.4
448.0 -2086.8
448.0 -2025.6
448.0 -2068.8
448.0 -2056.8
449.0 -2124.0
449.0 -2114.4
449.0 -1964.4
449.0 -2121.6
449.0 -2107.2
449.0 -2224.8
450.0 -2107.2
450.0 -2119.2
450.0 -2121.6
450.0 -2115.6
450.0 -1944.0
450.0 -1761.6
450.0 -2139.6
450.0 -2043.6
451.0 -2146.8
451.0 -1800.0
451.0 -2037.6
452.0 -1884.0
452.0 -2224.8
452.0 -2139.6
453.0 -1776.0
453.0 -2170.8
453.0 -2106.0
453.0 -2101.2
453.0 -2140.8
453.0 -2174.4
455.0 -2016.0
455.0 -2047.2
455.0 -2110.8
455.0 -2128.8
455.0 -2203.2
456.0 -2194.8
456.0 -2166.0
456.0 -2125.2
457.0 -2098.8
457.0 -1830.0
458.0 -2090.4
458.0 -2134.8
458.0 -2163.6
460.0 -2016.0
460.0 -2193.6
460.0 -2047.2
460.0 -2186.4
461.0 -2166.0
461.0 -2150.4
461.0 -2113.2
461.0 -2214.0
462.0 -1753.2
462.0 -2065.2
463.0 -2107.2
465.0 -2226.0
465.0 -2203.2
465.0 -2036.4
465.0 -1947.6
466.0 -2121.6
466.0 -2187.6
466.0 -2121.6
466.0 -2227.2
466.0 -1804.8
466.0 -2179.2
467.0 -2097.6
467.0 -2269.2
468.0 -2158.8
468.0 -2031.6
468.0 -2295.6
468.0 -1826.4
468.0 -2168.4
468.0 -2053.2
468.0 -2152.8
468.0 -2000.4
469.0 -2188.8
470.0 -2287.2
470.0 -2205.6
470.0 -2151.6
470.0 -2052.0
470.0 -2149.2
470.0 -1626.0
470.0 -2286.0
470.0 -2160.0
471.0 -2169.6
471.0 -2179.2
471.0 -2199.6
471.0 -2176.8
472.0 -2212.8
472.0 -2211.6
472.0 -2065.2
472.0 -2263.2
472.0 -2152.8
472.0 -2160.0
473.0 -2229.6
473.0 -2196.0
473.0 -2054.4
473.0 -2184.0
474.0 -2287.2
474.0 -2322.0
474.0 -2259.6
474.0 -2271.6
474.0 -2214.0
475.0 -2245.2
475.0 -2110.8
475.0 -1892.4
475.0 -2206.8
475.0 -2197.2
476.0 -2228.4
476.0 -2254.8
476.0 -2220.0
476.0 -2145.6
476.0 -2278.8
476.0 -2212.8
477.0 -2286.0
477.0 -2186.4
477.0 -2250.0
477.0 -2204.4
478.0 -2322.0
479.0 -2138.4
479.0 -2203.2
480.0 -1966.8
480.0 -2292.0
480.0 -2200.8
480.0 -1917.6
480.0 -2046.0
481.0 -2234.4
482.0 -2290.8
482.0 -2170.8
482.0 -2235.6
482.0 -2206.8
482.0 -2215.2
482.0 -2160.0
483.0 -2214.0
483.0 -2210.4
483.0 -2199.6
483.0 -2218.8
483.0 -2300.4
483.0 -2192.4
484.0 -1908.0
484.0 -2252.4
484.0 -2222.4
484.0 -2234.4
484.0 -2067.6
484.0 -2233.2
484.0 -2268.0
484.0 -2120.4
484.0 -1845.6
484.0 -2260.8
485.0 -2314.8
485.0 -2130.0
485.0 -2289.6
485.0 -2234.4
485.0 -2334.0
486.0 -1892.4
486.0 -2277.6
486.0 -1977.6
486.0 -2079.6
487.0 -2098.8
488.0 -2072.4
488.0 -1987.2
488.0 -2276.4
488.0 -2250.0
488.0 -2252.4
488.0 -2228.4
488.0 -2232.0
488.0 -2349.6
489.0 -2317.2
489.0 -2314.8
489.0 -2274.0
489.0 -2408.4
489.0 -2271.6
489.0 -2175.6
490.0 -2082.0
490.0 -2384.4
490.0 -2256.0
490.0 -2308.8
490.0 -2331.6
490.0 -2025.6
490.0 -2301.6
490.0 -2294.4
491.0 -2332.8
492.0 -2355.6
492.0 -2282.4
492.0 -2193.6
493.0 -2305.2
493.0 -2238.0
494.0 -1972.8
494.0 -2377.2
494.0 -2364.0
494.0 -2142.0
494.0 -2210.4
495.0 -2310.0
495.0 -1992.0
496.0 -2052.0
496.0 -2277.6
496.0 -2338.8
496.0 -1915.2
496.0 -2337.6
496.0 -2226.0
497.0 -2368.8
497.0 -2210.4
497.0 -1916.4
498.0 -2187.6
498.0 -2257.2
498.0 -2350.8
499.0 -2280.0
499.0 -2038.8
499.0 -2302.8
499.0 -2167.2
500.0 -2192.4
500.0 -2301.6
500.0 -2360.4
500.0 -2360.4
501.0 -2299.2
501.0 -2280.0
501.0 -2316.0
502.0 -2397.6
502.0 -2409.6
502.0 -2226.0
503.0 -2216.4
503.0 -2298.0
503.0 -2389.2
504.0 -2396.4
504.0 -2332.8
504.0 -2364.0
504.0 -2101.2
504.0 -2436.0
504.0 -2319.6
505.0 -2196.0
505.0 -2386.8
505.0 -2332.8
505.0 -2403.6
505.0 -2090.4
506.0 -2360.4
506.0 -2404.8
507.0 -2410.8
507.0 -2304.0
507.0 -2438.4
507.0 -2390.4
507.0 -2047.2
507.0 -2397.6
508.0 -2331.6
508.0 -2404.8
508.0 -2042.4
508.0 -2299.2
509.0 -2190.0
509.0 -2187.6
509.0 -2301.6
509.0 -2344.8
509.0 -2407.2
509.0 -2344.8
509.0 -2292.0
509.0 -2295.6
509.0 -2215.2
510.0 -2412.0
510.0 -1947.6
510.0 -2451.6
510.0 -2078.4
510.0 -2280.0
510.0 -2436.0
510.0 -2485.2
510.0 -2286.0
511.0 -2452.8
511.0 -2419.2
511.0 -2392.8
511.0 -2280.0
512.0 -2404.8
512.0 -2274.0
512.0 -2307.6
513.0 -1974.0
515.0 -2169.6
515.0 -2395.2
515.0 -2344.8
515.0 -2438.4
516.0 -2172.0
516.0 -2404.8
516.0 -2305.2
516.0 -2449.2
517.0 -2287.2
517.0 -2298.0
517.0 -2425.2
517.0 -2305.2
518.0 -2457.6
518.0 -1994.4
519.0 -2373.6
519.0 -2338.8
519.0 -2043.6
519.0 -2395.2
519.0 -2448.0
520.0 -2492.4
520.0 -2404.8
520.0 -2377.2
520.0 -2493.6
520.0 -2337.6
521.0 -2312.4
521.0 -2355.6
521.0 -2262.0
521.0 -2215.2
521.0 -2410.8
521.0 -2463.6
522.0 -2414.4
522.0 -2473.2
522.0 -2184.0
522.0 -2428.8
523.0 -2396.4
523.0 -2410.8
523.0 -2265.6
524.0 -2474.4
524.0 -2407.2
525.0 -2300.4
525.0 -2482.8
526.0 -2130.0
526.0 -2008.8
526.0 -2526.0
526.0 -2468.4
527.0 -2428.8
527.0 -2414.4
527.0 -2283.6
527.0 -2432.4
528.0 -2446.8
528.0 -2500.8
528.0 -2403.6
528.0 -2476.8
529.0 -2061.6
529.0 -2140.8
530.0 -2413.2
531.0 -2016.0
531.0 -2035.2
531.0 -2550.0
531.0 -2452.8
532.0 -2412.0
533.0 -2370.0
533.0 -2480.4
533.0 -2449.2
533.0 -2371.2
534.0 -2421.6
534.0 -2527.2
534.0 -2524.8
535.0 -2514.0
535.0 -2595.6
535.0 -2509.2
535.0 -1923.6
535.0 -2226.0
535.0 -2288.4
535.0 -2485.2
535.0 -2424.0
536.0 -2586.0
536.0 -2460.0
536.0 -2286.0
536.0 -2182.8
536.0 -2564.4
537.0 -2421.6
537.0 -2431.2
537.0 -2176.8
537.0 -2053.2
537.0 -2470.8
538.0 -2206.8
538.0 -2203.2
538.0 -2144.4
538.0 -2250.0
538.0 -2528.4
538.0 -2451.6
538.0 -2394.0
539.0 -2323.2
539.0 -2523.6
539.0 -2516.4
539.0 -2048.4
540.0 -2331.6
541.0 -2548.8
541.0 -2494.8
541.0 -2472.0
541.0 -2400.0
542.0 -2584.8
542.0 -2433.6
542.0 -2180.4
544.0 -2290.8
545.0 -2388.0
545.0 -2239.2
545.0 -2401.2
545.0 -2512.8
546.0 -2479.2
546.0 -2126.4
546.0 -2403.6
547.0 -2139.6
547.0 -2515.2
547.0 -2475.6
547.0 -2545.2
548.0 -2578.8
548.0 -2187.6
549.0 -2624.4
549.0 -2583.6
549.0 -2521.2
549.0 -2114.4
549.0 -2073.6
549.0 -2190.0
549.0 -2581.2
550.0 -2630.4
550.0 -2622.0
551.0 -2122.8
551.0 -2228.4
551.0 -2548.8
552.0 -2626.8
552.0 -2541.6
552.0 -2650.8
553.0 -2583.6
554.0 -2335.2
554.0 -2083.2
554.0 -2572.8
555.0 -2694.0
555.0 -2242.8
555.0 -2440.8
557.0 -2208.0
557.0 -1926.0
560.0 -2612.4
560.0 -2630.4
560.0 -2547.6
560.0 -2259.6
560.0 -2667.6
560.0 -2712.0
560.0 -2556.0
560.0 -2484.0
561.0 -2530.8
561.0 -2314.8
561.0 -2581.2
563.0 -2451.6
564.0 -2192.4
564.0 -2589.6
564.0 -2566.8
564.0 -2670.0
564.0 -2535.6
565.0 -2214.0
565.0 -2560.8
565.0 -2758.8
566.0 -2662.8
568.0 -2766.0
568.0 -2122.8
568.0 -2307.6
568.0 -2640.0
569.0 -2588.4
569.0 -2616.0
569.0 -2624.4
570.0 -2164.8
570.0 -2512.8
571.0 -2226.0
572.0 -2337.6
572.0 -2781.6
573.0 -2242.8
573.0 -2694.0
573.0 -2721.6
574.0 -2595.6
575.0 -2751.6
577.0 -2234.4
577.0 -2648.4
578.0 -2518.8
578.0 -2746.8
578.0 -2756.4
579.0 -2372.4
579.0 -2654.4
579.0 -2690.4
580.0 -2679.6
580.0 -2707.2
580.0 -2772.0
581.0 -2667.6
581.0 -2767.2
583.0 -2655.6
583.0 -2580.0
583.0 -2527.2
583.0 -2672.4
584.0 -2737.2
585.0 -2612.4
585.0 -2792.4
586.0 -2324.4
587.0 -2835.6
587.0 -2815.2
588.0 -2404.8
588.0 -2775.6
589.0 -2517.6
591.0 -2473.2
591.0 -2830.8
592.0 -2418.0
593.0 -2737.2
597.0 -2744.4
600.0 -2835.6
601.0 -2750.4
602.0 -2472.0
603.0 -2938.8
603.0 -2704.8
605.0 -2808.0
606.0 -2442.0
606.0 -2809.2
606.0 -2893.2
607.0 -2773.2
608.0 -2767.2
609.0 -2770.8
609.0 -2593.2
609.0 -2792.4
610.0 -2338.8
611.0 -2983.2
612.0 -2868.0
613.0 -2910.0
614.0 -2552.4
614.0 -2708.4
615.0 -2498.4
615.0 -2835.6
616.0 -2700.0
617.0 -2443.2
618.0 -2862.0
619.0 -3003.6
620.0 -2860.8
621.0 -3026.4
622.0 -2954.4
623.0 -2882.4
623.0 -2986.8
624.0 -2908.8
625.0 -2587.2
625.0 -2998.8
626.0 -3050.4
626.0 -2892.0
626.0 -2772.0
626.0 -3004.8
628.0 -2864.4
630.0 -3013.2
630.0 -3069.6
631.0 -3016.8
631.0 -2872.8
631.0 -2888.4
632.0 -3073.2
632.0 -2956.8
633.0 -2964.0
633.0 -2888.4
633.0 -2967.6
635.0 -2911.2
635.0 -2952.0
636.0 -3027.6
637.0 -2824.8
637.0 -2988.0
637.0 -3006.0
638.0 -2962.8
640.0 -2985.6
640.0 -3002.4
641.0 -3070.8
642.0 -2989.2
642.0 -2902.8
643.0 -3014.4
643.0 -3106.8
643.0 -3108.0
643.0 -3094.8
644.0 -2664.0
644.0 -3021.6
645.0 -3039.6
645.0 -3058.8
645.0 -3102.0
646.0 -3025.2
646.0 -3116.4
647.0 -2614.8
647.0 -2578.8
647.0 -2928.0
647.0 -2994.0
647.0 -2952.0
647.0 -3044.4
648.0 -3019.2
648.0 -3040.8
649.0 -3068.4
650.0 -2989.2
651.0 -2901.6
651.0 -3033.6
652.0 -2890.8
652.0 -3102.0
653.0 -2704.8
653.0 -3094.8
654.0 -3097.2
654.0 -2992.8
654.0 -2968.8
654.0 -3080.4
655.0 -2910.0
656.0 -2982.0
657.0 -3057.6
658.0 -2505.6
658.0 -3116.4
658.0 -3158.4
658.0 -3162.0
659.0 -2478.0
659.0 -3004.8
659.0 -3054.0
659.0 -3009.6
660.0 -2985.6
660.0 -3142.8
660.0 -3097.2
660.0 -3141.6
661.0 -2738.4
661.0 -3192.0
661.0 -3111.6
661.0 -3120.0
662.0 -3064.8
662.0 -3148.8
662.0 -2941.2
663.0 -2480.4
663.0 -3096.0
663.0 -3147.6
663.0 -3013.2
664.0 -2932.8
664.0 -2772.0
664.0 -2803.2
665.0 -3207.6
665.0 -2950.8
665.0 -2948.4
665.0 -3164.4
666.0 -3130.8
666.0 -3096.0
666.0 -3150.0
666.0 -3122.4
666.0 -3138.0
666.0 -3013.2
667.0 -2732.4
667.0 -3153.6
668.0 -3097.2
668.0 -3217.2
668.0 -3064.8
668.0 -3015.6
668.0 -3165.6
668.0 -3038.4
669.0 -3066.0
669.0 -3051.6
669.0 -3103.2
669.0 -3103.2
669.0 -3007.2
670.0 -3132.0
670.0 -3019.2
671.0 -2508.0
671.0 -3062.4
672.0 -3078.0
672.0 -3043.2
673.0 -3130.8
673.0 -3121.2
673.0 -3066.0
674.0 -2335.2
674.0 -3122.4
674.0 -3168.0
674.0 -3020.4
675.0 -2527.2
675.0 -3165.6
675.0 -3093.6
676.0 -3175.2
676.0 -3103.2
676.0 -2995.2
676.0 -3117.6
677.0 -3177.6
677.0 -3151.2
677.0 -3217.2
677.0 -2996.4
678.0 -3217.2
678.0 -3175.2
678.0 -3024.0
679.0 -3181.2
679.0 -3176.4
679.0 -3194.4
679.0 -3238.8
680.0 -2718.0
680.0 -3021.6
680.0 -3200.4
680.0 -3183.6
680.0 -3117.6
680.0 -3140.4
680.0 -3061.2
681.0 -3201.6
681.0 -3162.0
681.0 -3091.2
681.0 -3112.8
682.0 -3061.2
682.0 -3212.4
682.0 -3115.2
683.0 -2851.2
683.0 -2560.8
683.0 -3168.0
684.0 -2974.8
684.0 -3140.4
684.0 -3206.4
684.0 -3177.6
684.0 -3122.4
684.0 -3166.8
684.0 -3127.2
684.0 -3162.0
685.0 -2737.2
685.0 -3138.0
685.0 -3272.4
685.0 -3133.2
685.0 -3090.0
685.0 -3260.4
685.0 -3099.6
685.0 -3124.8
686.0 -2640.0
686.0 -2991.6
686.0 -3091.2
686.0 -3220.8
686.0 -3180.0
687.0 -3081.6
687.0 -3212.4
687.0 -3262.8
687.0 -3114.0
687.0 -3206.4
688.0 -2782.8
688.0 -2671.2
688.0 -3205.2
688.0 -3135.6
688.0 -3277.2
688.0 -3177.6
689.0 -3080.4
689.0 -3196.8
690.0 -3261.6
690.0 -3207.6
690.0 -3205.2
690.0 -3124.8
690.0 -3133.2
690.0 -3212.4
691.0 -2730.0
691.0 -2764.8
691.0 -3262.8
691.0 -3218.4
691.0 -3286.8
691.0 -3129.6
692.0 -3235.2
692.0 -3151.2
692.0 -3248.4
692.0 -2535.6
693.0 -2563.2
693.0 -2686.8
693.0 -3232.8
693.0 -3212.4
693.0 -3276.0
693.0 -3159.6
693.0 -3114.0
693.0 -3129.6
694.0 -2780.4
694.0 -3120.0
694.0 -3266.4
694.0 -3086.4
694.0 -3164.4
694.0 -3121.2
695.0 -2708.4
695.0 -3132.0
695.0 -3140.4
695.0 -3103.2
696.0 -2648.4
696.0 -2791.2
696.0 -3106.8
696.0 -3279.6
696.0 -3190.8
696.0 -3128.4
696.0 -3054.0
696.0 -3122.4
697.0 -2718.0
697.0 -2904.0
697.0 -2611.2
697.0 -2462.4
697.0 -3205.2
697.0 -3159.6
697.0 -3229.2
698.0 -2956.8
698.0 -2728.8
698.0 -3308.4
698.0 -3235.2
698.0 -3289.2
698.0 -3034.8
698.0 -3159.6
699.0 -2697.6
699.0 -2666.4
699.0 -2770.8
699.0 -3274.8
699.0 -3260.4
699.0 -3208.8
699.0 -3168.0
699.0 -3292.8
700.0 -2881.2
700.0 -3246.0
700.0 -3240.0
700.0 -3121.2
700.0 -3171.6
700.0 -3190.8
701.0 -2846.4
701.0 -3177.6
701.0 -3160.8
701.0 -3156.0
701.0 -3300.0
701.0 -3130.8
701.0 -3168.0
701.0 -3248.4
701.0 -3272.4
702.0 -2649.6
702.0 -2767.2
702.0 -2892.0
702.0 -2815.2
702.0 -3229.2
702.0 -3206.4
702.0 -2631.6
702.0 -2678.4
702.0 -3187.2
703.0 -2614.8
703.0 -3261.6
703.0 -3273.6
703.0 -3292.8
703.0 -3255.6
703.0 -3183.6
703.0 -3201.6
703.0 -3264.0
704.0 -2845.2
704.0 -3262.8
704.0 -3180.0
704.0 -3184.8
704.0 -3219.6
704.0 -3238.8
705.0 -2848.8
705.0 -3286.8
705.0 -3244.8
706.0 -2851.2
706.0 -2767.2
706.0 -3235.2
706.0 -3235.2
706.0 -3201.6
706.0 -3175.2
707.0 -3212.4
707.0 -3092.4
707.0 -3132.0
707.0 -3156.0
708.0 -2758.8
708.0 -3258.0
708.0 -3283.2
708.0 -3220.8
708.0 -3265.2
709.0 -2887.2
709.0 -3042.0
709.0 -2676.0
709.0 -2606.4
709.0 -2821.2
709.0 -3312.0
709.0 -3231.6
709.0 -2775.6
709.0 -2800.8
709.0 -3279.6
709.0 -3246.0
709.0 -3194.4
709.0 -3176.4
710.0 -2786.4
710.0 -3266.4
710.0 -2754.0
710.0 -3141.6
711.0 -3207.6
711.0 -3262.8
711.0 -3270.0
711.0 -3273.6
711.0 -3296.4
711.0 -3115.2
711.0 -3128.4
711.0 -3217.2
711.0 -3181.2
712.0 -2815.2
712.0 -2869.2
712.0 -2724.0
712.0 -2792.4
712.0 -3226.8
712.0 -3144.0
712.0 -3322.8
713.0 -2646.0
713.0 -3225.6
713.0 -2701.2
713.0 -2704.8
713.0 -3285.6
713.0 -3120.0
713.0 -3309.6
714.0 -2828.4
714.0 -3302.4
714.0 -2732.4
714.0 -3246.0
714.0 -3218.4
715.0 -2751.6
715.0 -2839.2
715.0 -2742.0
716.0 -2720.4
716.0 -2791.2
716.0 -3248.4
716.0 -3200.4
716.0 -3255.6
716.0 -3229.2
716.0 -3248.4
717.0 -2743.2
717.0 -2888.4
717.0 -3266.4
717.0 -3241.2
718.0 -3012.0
718.0 -2649.6
718.0 -3254.4
718.0 -3218.4
718.0 -3074.4
719.0 -3325.2
719.0 -2684.4
719.0 -3201.6
720.0 -3284.4
720.0 -2709.6
720.0 -3132.0
720.0 -3298.8
721.0 -2779.2
721.0 -3294.0
721.0 -3324.0
722.0 -2824.8
722.0 -2960.4
722.0 -3276.0
722.0 -3248.4
722.0 -3202.8
722.0 -3320.4
723.0 -2839.2
723.0 -3201.6
723.0 -2385.6
723.0 -2829.6
723.0 -2859.6
723.0 -3142.8
723.0 -3253.2
723.0 -3285.6
723.0 -3264.0
724.0 -2842.8
724.0 -3303.6
724.0 -3357.6
724.0 -2826.0
725.0 -2900.4
725.0 -2827.2
725.0 -3116.4
725.0 -2839.2
725.0 -2697.6
725.0 -3310.8
725.0 -3194.4
725.0 -3201.6
726.0 -2860.8
726.0 -3294.0
726.0 -2695.2
726.0 -2808.0
726.0 -3219.6
727.0 -2971.2
727.0 -2787.6
727.0 -2964.0
727.0 -3109.2
727.0 -3331.2
728.0 -2983.2
728.0 -2636.4
728.0 -2887.2
728.0 -2752.8
728.0 -2654.4
728.0 -3357.6
728.0 -3145.2
728.0 -3318.0
728.0 -3325.2
728.0 -3362.4
728.0 -3357.6
729.0 -2902.8
729.0 -3267.6
729.0 -2888.4
729.0 -2787.6
730.0 -2901.6
730.0 -2672.4
730.0 -2942.4
730.0 -2761.2
730.0 -3032.4
730.0 -3348.0
730.0 -3342.0
731.0 -2916.0
731.0 -2806.8
731.0 -3307.2
731.0 -2550.0
731.0 -2635.2
731.0 -2760.0
731.0 -2940.0
731.0 -3354.0
731.0 -3217.2
732.0 -2826.0
732.0 -2979.6
732.0 -3058.8
732.0 -2628.0
732.0 -3186.0
732.0 -3290.4
732.0 -3315.6
732.0 -3270.0
732.0 -3382.8
732.0 -3258.0
732.0 -3254.4
733.0 -2901.6
733.0 -2708.4
733.0 -3032.4
733.0 -3310.8
733.0 -3313.2
733.0 -3266.4
733.0 -3298.8
734.0 -2940.0
734.0 -2781.6
734.0 -2726.4
734.0 -2750.4
734.0 -3280.8
734.0 -3297.6
734.0 -3162.0
734.0 -3399.6
735.0 -2790.0
735.0 -3262.8
735.0 -3300.0
735.0 -2810.4
736.0 -2571.6
736.0 -3328.8
736.0 -3350.4
737.0 -3080.4
737.0 -2869.2
737.0 -2703.6
737.0 -2677.2
737.0 -2778.0
737.0 -2793.6
737.0 -3321.6
737.0 -3366.0
738.0 -2835.6
738.0 -2829.6
738.0 -3337.2
739.0 -2912.4
739.0 -3182.4
739.0 -3225.6
739.0 -3330.0
739.0 -3315.6
739.0 -3180.0
740.0 -2806.8
741.0 -2798.4
741.0 -2973.6
741.0 -2851.2
741.0 -2762.4
741.0 -2886.0
741.0 -3355.2
742.0 -2773.2
742.0 -3034.8
742.0 -3060.0
742.0 -3142.8
742.0 -3367.2
742.0 -2904.0
742.0 -2760.0
742.0 -2823.6
742.0 -2814.0
742.0 -2749.2
742.0 -3271.2
743.0 -3031.2
743.0 -2952.0
743.0 -3037.2
743.0 -3438.0
743.0 -3436.8
744.0 -3074.4
744.0 -2710.8
744.0 -2943.6
744.0 -3393.6
744.0 -3388.8
745.0 -3013.2
745.0 -2828.4
745.0 -3324.0
745.0 -3315.6
746.0 -3039.6
746.0 -2880.0
746.0 -2642.4
746.0 -3288.0
747.0 -2977.2
747.0 -2923.2
747.0 -2778.0
747.0 -2947.2
747.0 -2824.8
747.0 -3290.4
747.0 -3309.6
748.0 -2750.4
748.0 -3411.6
748.0 -3388.8
748.0 -3360.0
749.0 -2782.8
749.0 -2941.2
749.0 -2804.4
749.0 -2787.6
749.0 -2924.4
750.0 -2916.0
750.0 -2870.4
750.0 -2986.8
750.0 -3327.6
751.0 -2925.6
751.0 -2848.8
751.0 -2826.0
751.0 -2817.6
751.0 -3372.0
752.0 -2996.4
752.0 -2787.6
752.0 -3352.8
753.0 -3339.6
753.0 -3368.4
754.0 -2812.8
754.0 -2792.4
754.0 -2797.2
755.0 -3040.8
755.0 -2910.0
755.0 -3055.2
756.0 -3102.0
756.0 -2812.8
756.0 -2869.2
756.0 -2824.8
757.0 -3091.2
757.0 -2816.4
757.0 -2943.6
757.0 -2884.8
757.0 -2572.8
757.0 -2788.8
758.0 -2900.4
758.0 -2755.2
758.0 -2913.6
759.0 -2810.4
759.0 -2816.4
759.0 -2930.4
759.0 -2822.4
759.0 -2828.4
760.0 -2852.4
760.0 -2818.8
760.0 -2736.0
760.0 -2781.6
760.0 -3309.6
761.0 -2890.8
761.0 -3090.0
761.0 -3002.4
761.0 -2949.6
762.0 -2960.4
762.0 -3303.6
762.0 -3348.0
763.0 -2967.6
763.0 -3024.0
763.0 -2912.4
763.0 -2874.0
763.0 -2941.2
763.0 -2889.6
764.0 -2797.2
764.0 -3054.0
764.0 -3312.0
765.0 -2708.4
765.0 -2697.6
765.0 -3012.0
766.0 -2947.2
767.0 -2960.4
767.0 -2728.8
767.0 -2754.0
768.0 -3015.6
768.0 -2997.6
769.0 -2870.4
769.0 -2790.0
769.0 -2949.6
770.0 -3014.4
770.0 -2932.8
770.0 -2877.6
770.0 -2858.4
770.0 -2971.2
771.0 -2946.0
772.0 -2967.6
772.0 -3079.2
772.0 -2768.4
773.0 -2786.4
773.0 -2780.4
773.0 -3001.2
774.0 -2935.2
774.0 -2938.8
775.0 -2952.0
775.0 -2856.0
775.0 -2852.4
775.0 -2960.4
775.0 -2874.0
775.0 -2972.4
775.0 -2978.4
775.0 -2998.8
776.0 -2704.8
777.0 -2936.4
778.0 -2970.0
780.0 -3060.0
780.0 -3044.4
781.0 -3427.2
782.0 -2868.0
782.0 -2955.6
783.0 -2931.6
783.0 -2858.4
784.0 -2868.0
784.0 -2937.6
784.0 -2953.2
784.0 -3088.8
785.0 -2857.2
785.0 -2893.2
785.0 -2990.4
786.0 -3060.0
786.0 -2860.8
786.0 -2778.0
786.0 -2836.8
790.0 -2948.4
791.0 -2967.6
792.0 -2898.0
793.0 -3036.0
793.0 -2827.2
793.0 -3004.8
794.0 -3020.4
794.0 -3031.2
795.0 -2907.6
795.0 -3024.0
797.0 -2940.0
798.0 -2988.0
800.0 -2928.0
806.0 -3042.0
806.0 -2968.8
807.0 -2941.2
809.0 -2877.6
817.0 -2746.8
