361.0 -104.4
372.0 -111.6
384.0 -114.0
391.0 -118.8
397.0 -120.0
403.0 -123.6
409.0 -124.8
414.0 -126.0
420.0 -128.4
425.0 -133.2
426.0 -134.4
436.0 -136.8
438.0 -138.0
444.0 -140.4
451.0 -141.6
457.0 -144.0
460.0 -147.6
467.0 -150.0
473.0 -151.2
480.0 -153.6
483.0 -154.8
490.0 -157.2
498.0 -159.6
502.0 -162.0
511.0 -163.2
515.0 -165.6
521.0 -166.8
527.0 -169.2
538.0 -171.6
546.0 -174.0
553.0 -176.4
570.0 -180.0
572.0 -181.2
576.0 -182.4
587.0 -184.8
595.0 -187.2
606.0 -189.6
612.0 -192.0
618.0 -193.2
627.0 -194.4
631.0 -196.8
646.0 -198.0
650.0 -200.4
666.0 -201.6
669.0 -204.0
681.0 -205.2
689.0 -207.6
693.0 -208.8
702.0 -211.2
712.0 -213.6
721.0 -214.8
725.0 -217.2
740.0 -218.4
744.0 -220.8
763.0 -224.4
782.0 -226.8
788.0 -228.0
801.0 -230.4
818.0 -232.8
826.0 -234.0
837.0 -235.2
849.0 -237.6
862.0 -238.8
866.0 -240.0
885.0 -242.4
915.0 -243.6
926.0 -246.0
938.0 -247.2
975.0 -249.6
999.0 -250.8
1006.0 -252.0
1036.0 -253.2
1080.0 -255.6
1097.0 -256.8
1120.0 -260.4
