477.0 -133.2
484.0 -136.8
490.0 -141.6
495.0 -147.6
498.0 -150.0
504.0 -154.8
515.0 -157.2
523.0 -162.0
528.0 -163.2
533.0 -169.2
539.0 -170.4
549.0 -172.8
558.0 -177.6
569.0 -178.8
570.0 -182.4
574.0 -184.8
580.0 -186.0
583.0 -188.4
587.0 -190.8
599.0 -195.6
611.0 -198.0
612.0 -199.2
622.0 -202.8
624.0 -204.0
634.0 -205.2
641.0 -207.6
647.0 -211.2
658.0 -212.4
660.0 -214.8
670.0 -217.2
679.0 -219.6
685.0 -222.0
692.0 -223.2
695.0 -224.4
704.0 -226.8
715.0 -229.2
721.0 -231.6
728.0 -232.8
734.0 -235.2
744.0 -237.6
751.0 -238.8
757.0 -241.2
772.0 -243.6
776.0 -246.0
795.0 -249.6
815.0 -252.0
828.0 -255.6
840.0 -256.8
847.0 -259.2
859.0 -260.4
866.0 -264.0
870.0 -265.2
885.0 -266.4
889.0 -270.0
908.0 -273.6
927.0 -276.0
933.0 -277.2
944.0 -278.4
946.0 -279.6
963.0 -282.0
971.0 -283.2
982.0 -284.4
988.0 -285.6
1007.0 -288.0
1031.0 -289.2
1041.0 -290.4
1048.0 -291.6
1067.0 -294.0
1086.0 -296.4
1105.0 -297.6
1122.0 -300.0
1124.0 -302.4
1141.0 -304.8
1194.0 -309.6
