11111000000000111010000000111010000000000001110011
11111000000000111010000000111000100000000001110011
11111000000000111010000000111010100000000001110011
11111000000000111010000000111011100000000001110011
11111000000000111010000000111101100000000001110011
11111000000000111010000000111111100000000001110011
11111000000000111010010000111110100000000001110011
11111000000000111010000000111111101000000001110011
11111000000000111010010100111110100000000001110011
11111000000000111010010100111111100000000001110011
11111000000000111010010000111111101000000001110011
11111000000000111011110000111101100000000001110011
11111000000010111010010100111111100000000001110011
11111000000000111011110000111110101000000001110011
11111000000000111011011000111111101000000001110011
11111000000000111011110000111111101000000001110011
11111000000010111011110000111111100000000001110011
11111000000000111011011100111111101000000001110011
11111000000000111011110100111111101000000001110011
11111000000000111011111100111111101000000001110011
11111000000010111011111000111111101000000001110011
11111000000010111011110100111111101000000001110011
11111000000000111011111100111111111000000001110011
11111000000010111011111100111111101000000001110011
11111000000010111011111000111111111000000001110011
11111000000000111011111100111111111100000001110011
11111000000010111011111100111111111000000001110011
11111000000000111011111100111111111000000011111011
11111000000010111011111110111111111000000001110011
11111000000010111011111100111111111000000001111011
11111000000010111011111100111111111100000011110011
11111000000011111011111110111111111000000001110011
11111000000010111011111110111111111100000011110011
11111000000011111011111100111111111000000001111011
11111000000011111011111110111111111100000001110011
11111000000010111011111100111111111101000011110011
11111000000011111011111110111111111000000011111011
11111000000010111011111110111111111101000011110011
11111000000011111011111110111111111001000011110011
11111000000011111011111100111111111001000011111011
11111000000010111011111110111111111101000011111011
11111000000011111011111110111111111001000011111011
11111010000011111011111110111111111101000011110011
11111000000011111011111110111111111101000011111011
11111000001011111011111110111111111101000011111011
11111001000011111011111100111111111101000011111011
11111001000011111011111110111111111101000011111011
11111001101011111011111100111111111100000011111011
11111011000011111011111110111111111101000011111011
11111011101011111011111100111111111100000011111011
11111001101011111011111110111111111101000011110011
11111011100011111011111110111111111001000011111011
11111011101011111011111110111111101101000011111011
11111001101011111011111110111111111101000011111011
11111011101011111011111110111111111101000011111011
11111001101011111011111110111111111101100011111011
11111011101011111011111111111111111101000011111011
11111001101011111011111110111111111101110011111011
11111011101011111011111110111111111101100011111011
11111011101011111011111110111111111101110011111011
11111011101011111011111111111111111101100011111011
11111011101011111011111110111111111111110011111011
11111011101011111011111111111111111101110011111011
11111011101011111011111111111111111111110011111011
11111011111011111011111111111111111101100011111011
11111011101011111011111111111111111101110011111111
11111011111011111011111111111111111101110011111011
11111011111011111011111111111111111111110011111011
11111111111111111011111111111111111101000011111011
11111111111111111011111111111111111001100011111011
11111111111111111011111111111111111001110011111011
11111111111111111011111111111111111101100011111011
11111111111111111011111111111111111101110011111011
11111111111111111011111111111111111101110011111111
