11111000000000000000000000111000100000000000000000
11111000000000000000001000111000100000000000000000
11111000000000000000001000111000100000000010000000
11111000000000000000001000111000100000000010000000
11111000000000000000001000111000100000000010000000
11111000000010000000001000111000100000000010000000
11111000000010000000001000111000100000000010000000
11111000000010000000001000111000100000000010000000
11111000000000000000001000111011100000000010000011
11111000000000000000001000111011100000000010000011
11111000000000000000001000111011100000000010000011
11111000000000000000001100111011100000000010000011
11111000000000000000001100111011100000000010000011
11111000000010000000000000111111100000000010000011
11111000000010000000010000111111100000000010000011
11111000000010000000011000111111100000000010000011
11111000000010000000001100111111101000000000000011
11111000000010000000001100111111101000000010000011
11111000000010000000001100111111101000000010000011
11111000000010000000001100111111101000000010000011
11111000000010000000011000111111110000000010000011
11111010000010000000001100111111101000000010000011
11111010000010000000001100111111101000000010000011
11111010000010000000011000111111110000000010000011
11111010000010000000011000111111110000000010000011
11111000000010000000011110111101110000000010000011
11111000000010000000011110111101110000000010000011
11111000000010000000011110111101110000000010000011
11111000000010000000011110111111110000000010000011
11111000000010000000011000111111100000000011110011
11111010000000000011111100111111101000000000000011
11111010000000000011111100111111101000000000000011
11111000000010000000011000111101110000000011110011
11111000000000000000011110111101110000000011110011
11111000000000111011011000111111100000000010000011
11111000000000111011011000111111100000000010000011
11111010000000000000011100111111110000000011110011
11111000000010000000011100111101110000000011110011
11111000000000111011001100111111101000000010000011
11111010000010000000011000111111101000000011110011
11111010000010000000011000111111101000000011110011
11111000000000111011011000111111101000000010000011
11111000000000111011111100111101100000000010000011
11111000000010000000011110111111110000000011110011
11111000000010000000011110111111110000000011110011
11111000000000111011111100111111100000000010000011
11111000000000111011111100111111100000000010000011
11111000000010000000011100111111110000000011111011
11111000000010000000011100111111110000000011111011
11111000000010111011111000111111100000000010000011
11111000000010111011111000111111100000000010000011
11111000000000111011111100111111101000000010000011
11111000000000111011111100111111101000000010000011
11111000000010111011111100111111100000000010000011
11111000000010111011111100111111100000000010000011
11111000000010111011111100111111101000000000000011
11111000000010111011111100111111101000000000000011
11111000000010000011111100111111101000000011110011
11111000000010111011111100111111101000000010000011
11111000000010111011111100111111101000000010000011
11111000000010111011111100111111101000000010000011
11111000000010111011111100111111111000000000000011
11111000000000111011111100111111100000000011110011
11111000000011111011111100111111101000000010000011
11111000000011111011111100111111101000000010000011
11111000000000111011111110111111100000000011110011
11111000000000111011111110111111100000000011110011
11111000000000111011111100111111101000000011110011
11111000000000111011111100111111101000000011110011
11111000000010111011111100111111100000000011110011
11111000000010111011111100111111100000000011110011
11111000000010111011111100111111100000000011110011
11111010000000111011111100111111101000000011110011
11111010000000111011111100111111101000000011110011
11111000000010111011111100111111101000000011110011
11111000000010111011111110111111110000000011110011
11111000000010111011111110111111110000000011110011
11111000000011111011111100111111101000000011110011
11111000000010111011111100111111111000000001111011
11111010000011111011111100111111101000000011110011
11111000000010111011111100111111111000000011111011
11111000000010111011111100111111111100000001111011
11111010000010111011111100111111111000000011111011
11111010000010111011111100111111111000000011111011
11111010000010111011111100111111111000000011111011
11111010000011111011111100111111111000000011110011
11111010000011111011111100111111111000000011111011
11111010000011111011111100111011110001100011111011
11111010000011111011111100111011110001100011111011
11111011100010111011111100111111110000000011111011
11111010000011111011111110111011101101100011111011
11111010000011111011111110111011101101100011111011
11111010000011111011111110111011101101100011111011
11111011000011111011111100111011110001100011111011
11111011000011111011111100111011110001100011111011
11111001001010111011111110111011101101100011111011
11111001001010111011111110111011101101100011111011
11111001000011111011111110111011101101100011111011
11111010010011111011111110111011101101100111111011
11111010010011111011111110111011101101100111111011
