410.0 -124.8
426.0 -126.0
426.0 -126.0
426.0 -126.0
439.0 -128.4
439.0 -128.4
441.0 -134.4
441.0 -134.4
441.0 -134.4
442.0 -138.0
448.0 -139.2
448.0 -139.2
458.0 -140.4
458.0 -140.4
461.0 -142.8
465.0 -145.2
465.0 -145.2
471.0 -146.4
471.0 -146.4
478.0 -150.0
481.0 -152.4
481.0 -152.4
484.0 -154.8
484.0 -154.8
494.0 -160.8
507.0 -162.0
513.0 -164.4
517.0 -168.0
519.0 -169.2
519.0 -169.2
532.0 -171.6
542.0 -176.4
542.0 -176.4
553.0 -177.6
561.0 -183.6
561.0 -183.6
578.0 -186.0
578.0 -186.0
585.0 -188.4
585.0 -188.4
587.0 -190.8
603.0 -193.2
603.0 -193.2
608.0 -194.4
608.0 -194.4
610.0 -196.8
621.0 -198.0
629.0 -200.4
629.0 -200.4
633.0 -202.8
633.0 -202.8
645.0 -204.0
645.0 -204.0
646.0 -206.4
658.0 -210.0
658.0 -210.0
671.0 -213.6
677.0 -214.8
677.0 -214.8
690.0 -217.2
706.0 -218.4
710.0 -219.6
710.0 -219.6
715.0 -222.0
715.0 -222.0
723.0 -223.2
723.0 -223.2
729.0 -224.4
729.0 -224.4
734.0 -225.6
734.0 -225.6
742.0 -226.8
742.0 -226.8
753.0 -228.0
757.0 -229.2
757.0 -229.2
770.0 -230.4
770.0 -230.4
771.0 -234.0
771.0 -234.0
786.0 -235.2
786.0 -235.2
790.0 -237.6
805.0 -238.8
805.0 -238.8
809.0 -241.2
815.0 -242.4
815.0 -242.4
828.0 -246.0
845.0 -247.2
853.0 -248.4
853.0 -248.4
864.0 -249.6
864.0 -249.6
866.0 -252.0
877.0 -254.4
885.0 -255.6
902.0 -258.0
902.0 -258.0
988.0 -260.4
