370.0 -39.5
370.0 -39.5
376.0 -41.5
381.0 -42.5
387.0 -44.5
387.0 -44.5
394.0 -46.0
394.0 -46.0
399.0 -47.5
399.0 -47.5
405.0 -49.5
410.0 -50.0
418.0 -53.0
423.0 -53.5
431.0 -55.5
434.0 -56.5
444.0 -57.0
447.0 -58.0
453.0 -59.5
453.0 -59.5
459.0 -61.0
459.0 -61.0
472.0 -62.5
478.0 -64.0
484.0 -64.5
485.0 -65.0
491.0 -65.5
497.0 -67.0
501.0 -68.0
510.0 -68.5
513.0 -70.0
513.0 -70.0
526.0 -71.5
526.0 -71.5
536.0 -73.0
549.0 -74.5
549.0 -74.5
557.0 -75.5
561.0 -76.5
570.0 -77.0
574.0 -78.0
584.0 -79.0
584.0 -79.0
597.0 -80.5
599.0 -81.0
610.0 -82.5
618.0 -83.5
624.0 -85.0
635.0 -86.0
637.0 -86.5
645.0 -87.0
647.0 -88.0
656.0 -88.5
660.0 -89.5
669.0 -90.0
672.0 -91.0
683.0 -92.0
685.0 -92.5
698.0 -94.0
714.0 -95.5
721.0 -96.5
727.0 -97.0
727.0 -97.0
740.0 -98.5
740.0 -98.5
751.0 -99.5
763.0 -101.0
776.0 -102.5
776.0 -102.5
795.0 -103.5
801.0 -104.0
814.0 -105.0
828.0 -105.5
834.0 -106.5
838.0 -107.5
853.0 -108.5
866.0 -110.0
866.0 -110.0
870.0 -110.5
885.0 -111.0
889.0 -112.5
908.0 -113.5
908.0 -113.5
942.0 -114.5
961.0 -115.5
961.0 -115.5
968.0 -116.5
1008.0 -117.0
1008.0 -117.0
1049.0 -118.5
1050.0 -119.0
1067.0 -120.0
1073.0 -120.5
1088.0 -121.5
1088.0 -121.5
1154.0 -122.5
1154.0 -122.5
1173.0 -123.5
1173.0 -123.5
1217.0 -127.5
