11111000000010000001000000111111100000000001110011
11111000000010000001100000111111100000000001110011
11111000000010000001100000111111100000000001110011
11111000000010000001100000111111100000000001110011
11111000000010000001100000111111100000000001110011
11111000000010000001100010111111100000000001110011
11111000000010000001100010111111100000000001110011
11111000000010000001100000111111101000000001110011
11111000000010000001100000111111101000000001110011
11111000000010000001101100111111100000000001110011
11111000000010000001101100111111100000000001110011
11111000000000000001111000111111110000000001110011
11111000000000000001111000111111110000000001110011
11111000000000000001111000111111110000000001110011
11111000000010000001111000111111100000000001110011
11111000000000000001111110111111100000000001110011
11111000000000000001111110111111100000000001110011
11111000000010000001110000111111101000000001110011
11111000000000000001111100111111110000000001110011
11111000000000000001111100111111110000000001110011
11111000000010000001110000111111101000000011110011
11111000000010000001110000111111101000000011110011
11111000000010000001110000111111101000000011110011
11111000000010000001111000111111110000000001110011
11111000000010000001111000111111110000000001110011
11111000000010000001111000111111110000000001110011
11111000000000000001111110111111110000000001110011
11111000000010000001111110111111100000000001110011
11111000000010000001111100111111110000000001110011
11111000000010000001111100111111110000000001110011
11111000000010000001111100111111110000000001110011
11111000000010000001111100111111110000000001110011
11111000000010000001111100111111101000000011110011
11111000000010000001111100111111101000000011110011
11111000000000000001111110111111111000000011110011
11111000000010000001111110111111101000000011110011
11111000000010000001111100111111111000000011110011
11111000000010000001111100111111111000000011110011
11111000000010000001111100111111111000000011110011
11111000000010000001111100111111111100000001110011
11111000000010000001111110111111111000000011110011
11111000000010000001111100111111111000000011111011
11111010000010000001111110111111111000000011110011
11111010000010000001111110111111111000000011110011
11111010000010000001111110111111111000000011110011
11111000000010000001111110111111111000000011111011
11111000000011000001111110111111111000000011110011
11111000000011000001111110111111111000000011110011
11111000000011000001111110111111111000000011110011
11111000000010000001111110111111110001000011111011
11111000000010000001111110111111110001000011111011
11111000000010000001111110111111110001000011111011
11111010000010000001111110111111111000000011111011
11111000000011000001111110111111110001000011110011
11111000000011000001111110111111110001000011110011
11111010000011000001111110111111111000000011110011
11111000000011000001111100111111110001000011111011
11111000000011000001111100111111110001000011111011
11111000000011000001111100111111110001000011111011
11111010000011000001111110111111110001000011110011
11111010000011000001111110111111110001000011110011
11111010000011000001111110111111110001000011110011
11111010000011000001111110111111111100000011110011
11111000000010000001111100111111111101000011111011
11111000000010000001111100111111111101000011111011
11111000000010000001111100111111111101000011111011
11111000000010000001111100111111111111000011111011
11111000000010000001111100111111111111000011111011
11111000000010000001111100111111111111000011111011
11111000000011000001111111111111111001000011110011
11111000000011000001111100111111111111000011110011
11111000000010000001111110111111111111000011111011
11111000000010000001111110111111111111000011111011
11111000000010000001111110111111111111000011111011
11111000000010000001111110111111111111000011111011
11111000000011000001111100111111111111000011111011
11111000000011000001111111111111111001000011111011
11111000000011000001111100111111111111000011111011
11111000000011000001111100111111111111000011111011
11111000001011000001111100111111111111000011111011
11111010000011000001111100111111111111000011111011
11111010000011000001111100111111111111000011111011
11111010000011000001111100111111111111000011111011
11111010000011000001111110111111111111000011111011
11111010000011000001111110111111111111000011111011
11111010001011000001111110111111111111000011111011
11111010001011000011111110111111111111000011111011
11111010001011000011111110111111111111000011111011
11111010001011000001111100111111111111110011111011
11111010001011000001111100111111111111110011111011
11111010001011000001111100111111111111110011111011
11111001001011000001111101111111111111000011111011
11111001001011000001111101111111111111000011111011
11111011001010000001111100111111111111110011111011
11111011000011000001111100111111111111110011111011
11111001100011000001111100111111111111100011111011
11111001100011000001111100111111111111110011111011
11111011100011000001111100111111111111110011111011
11111011010011000001111010111111111111111011111111
11111011010011000001111010111111111111111011111111
