430.0 -132.0
443.0 -135.6
466.0 -142.8
479.0 -146.4
479.0 -146.4
479.0 -146.4
486.0 -150.0
491.0 -153.6
508.0 -156.0
508.0 -156.0
508.0 -156.0
510.0 -157.2
510.0 -157.2
511.0 -158.4
511.0 -158.4
524.0 -162.0
524.0 -162.0
524.0 -162.0
533.0 -163.2
533.0 -163.2
533.0 -163.2
533.0 -163.2
541.0 -172.8
571.0 -174.0
571.0 -174.0
580.0 -182.4
580.0 -182.4
598.0 -183.6
598.0 -183.6
598.0 -183.6
598.0 -183.6
599.0 -187.2
609.0 -190.8
615.0 -192.0
615.0 -192.0
615.0 -192.0
615.0 -192.0
615.0 -192.0
628.0 -194.4
628.0 -194.4
633.0 -199.2
644.0 -201.6
644.0 -201.6
644.0 -201.6
644.0 -201.6
644.0 -201.6
644.0 -201.6
649.0 -207.6
662.0 -211.2
668.0 -214.8
668.0 -214.8
691.0 -219.6
691.0 -219.6
691.0 -219.6
691.0 -219.6
710.0 -223.2
720.0 -224.4
738.0 -226.8
738.0 -226.8
738.0 -226.8
738.0 -226.8
738.0 -226.8
738.0 -226.8
738.0 -226.8
743.0 -230.4
743.0 -230.4
755.0 -232.8
755.0 -232.8
783.0 -238.8
783.0 -238.8
783.0 -238.8
783.0 -238.8
783.0 -238.8
793.0 -242.4
818.0 -249.6
818.0 -249.6
831.0 -253.2
865.0 -254.4
865.0 -254.4
865.0 -254.4
868.0 -256.8
915.0 -266.4
915.0 -266.4
915.0 -266.4
915.0 -266.4
915.0 -266.4
971.0 -268.8
971.0 -268.8
971.0 -268.8
975.0 -272.4
975.0 -272.4
975.0 -272.4
975.0 -272.4
975.0 -272.4
975.0 -272.4
975.0 -272.4
975.0 -272.4
1021.0 -274.8
1021.0 -274.8
1028.0 -277.2
