395.0 -38.0
404.0 -41.5
404.0 -41.5
415.0 -44.5
415.0 -44.5
429.0 -45.0
434.0 -47.5
440.0 -48.0
441.0 -57.0
447.0 -59.0
460.0 -60.0
466.0 -62.0
476.0 -62.5
479.0 -63.5
485.0 -64.0
491.0 -65.5
501.0 -67.0
501.0 -67.0
510.0 -68.5
520.0 -69.0
523.0 -70.0
533.0 -70.5
539.0 -72.0
548.0 -73.0
554.0 -73.5
558.0 -74.5
558.0 -74.5
570.0 -76.0
574.0 -77.5
574.0 -77.5
586.0 -79.0
586.0 -79.0
595.0 -79.5
599.0 -81.5
611.0 -82.5
612.0 -83.0
618.0 -83.5
624.0 -85.0
635.0 -86.0
637.0 -86.5
647.0 -88.0
647.0 -88.0
658.0 -88.5
660.0 -89.5
666.0 -90.0
672.0 -91.0
672.0 -91.0
683.0 -92.0
683.0 -92.0
694.0 -92.5
695.0 -93.5
698.0 -94.0
704.0 -94.5
708.0 -95.0
715.0 -95.5
715.0 -95.5
727.0 -97.0
740.0 -98.5
740.0 -98.5
751.0 -99.5
757.0 -100.5
772.0 -101.5
776.0 -102.5
791.0 -103.0
795.0 -104.0
811.0 -104.5
814.0 -105.0
820.0 -105.5
826.0 -106.0
832.0 -106.5
834.0 -107.0
845.0 -108.0
857.0 -109.5
866.0 -110.0
870.0 -111.0
885.0 -111.5
889.0 -112.5
889.0 -112.5
908.0 -114.0
908.0 -114.0
927.0 -115.0
927.0 -115.0
946.0 -116.5
946.0 -116.5
965.0 -117.5
965.0 -117.5
990.0 -119.0
1025.0 -120.0
1025.0 -120.0
1050.0 -121.5
1094.0 -122.0
1094.0 -122.0
1113.0 -123.0
1113.0 -123.0
1189.0 -123.5
1189.0 -123.5
1208.0 -124.5
1208.0 -124.5
1250.0 -125.0
1250.0 -125.0
