11011000001010000000010000111110000000000001110011
11011000001010000000010000111111000000000001110011
11011000001010000000010000111111000000000001110011
11011000001010000000010000111111000000000001110011
11111000001010000000000000111111100000000001110011
11111010000010000001001000111111000000000001110011
11111010000010000001001000111111000000000001110011
11111000001010000000000000111111101000000001110011
11111000000010000001000000111111110000000001110011
11111000001010000001000100111111100000000001110011
11111000001000000001001100111111110000000001110011
11111000001010000001010100111111100000000001110011
11111000001010000000010100111111101000000001110011
11111000001000000001001100111111111000000001110011
11111000001000000001001100111111111000000001110011
11111000001000000001001100111111111000000001110011
11111000001000000001001100111111111000000001110011
11111000001000000001010100111111111000000001110011
11111000001010000000010100111111111000000001110011
11111000001010000001010000111111111000000001110011
11111000001010000001010100111111111000000001110011
11111000001010000001010100111111111000000001110011
11111010000011000001011110111111100000000001110011
11111000001011000001110110111111100000000001110011
11111000001010000001111110111111101000000001110011
11111000001010000001111010111111111000000001110011
11111010001000000001111110111111111000000001110011
11111000001010000001111110111111111000000001110011
11111000001010000001111110111111111000000001110011
11111000001010000001111110111111111000000001110011
11111010001010000001111110111111111000000001110011
11111010001010000001111110111111111000000001110011
11111000001011000001110100111111111100000001110011
11111000001011000001111110111111111000000001110011
11111000000010000001011110111111111001000011111011
11111000001011000001011110111111111100000001111011
11111000001011000001011110111111111100000001111011
11111000001011000001011110111111111100000001111011
11111000001011000001011110111111111100000001111011
11111000001011000001011110111111111100000001111011
11111000001011000001011110111111111100000001111011
11111000001011000001011110111111111100000001111011
11111000001011000001011110111111111100000001111011
11111000001011000001011110111111111100000001111011
11111000001011000001111110111111100001000011111011
11111010001000000001111110111111111001000011111011
11111000001011000001111110111111111001000011110011
11111010001011000001011110111111111101000011110011
11111000001011000001011110111111111101000011111011
11111010001010000001111110111111111101000011111011
11111010001011000001011110111111111001100011111011
11111010001011000001011110111111111001100011111011
11111010001011000001011110111111111001100011111011
11111011001011000001011110111111111001000011111011
11111011101011000011111110111111111000000001110011
11111011101011000011010100111111101101000011111011
11111001101011000011010110111101111101000011111011
11111011101011000011010110111101111101000011111011
11111011101011000011010110111101111101000011111011
11111011101011000001111110111111111101000011111011
11111011111011000001111110111111111101000011111011
11111011111011000001111110111111111101000011111011
11111111111111000001101100111111111101000011111011
11111111111011000111111100111111111101000011110011
11111111111111000111010100111111111101000011111011
11111111111111000111111100111111101101000011111011
11111111111111000111111100111101111101000011111011
11111111111111000111111100111111111101000011111011
11111111111111000111111100111111111101000011111011
11111111111111000111111100111111111101000011111011
11111111111111000111111100111111111101000011111011
11111111111111000111111100111111111101000011111011
11111111111111000111111100111111111101000011111011
