11111000000000000001101000111100000000000010000000
11111000000000000001101000111100000000000010000000
11111000000000000010000000111101110000000010000000
11111000000000000010000100111101110000000010000000
11111000000000000010000100111101110000000010000000
11111000000000000010000100111101110000000010000000
11111000000000000010000100111101110000000010000000
11111000000000000001101000111111110000000000000000
11111010000000000001010000111101111000000000000000
11111010000000000001010000111101111000000000000000
11111010000000000001010000111101111000000000000000
11111000000010000001010000111101111000000000000000
11111000000010000001010000111101111000000000000000
11111000000000000001111010111111110000000000000000
11111000000000000001111010111111110000000000000000
11111000000000000001111010111101111000000000000000
11111000000010000001111010111101110000000000000000
11111000000010000001111010111111110000000000000000
11111000000010000001111010111101111000000000000000
11111000000010000001111010111101111000000000000000
11111000000010000001111010111101111000000000000000
11111000000010000001111010111101111000000000000000
11111000000010000001111010111101111000000000000000
11111000000010000001111010111101111000000000000000
11111000000011000001110100111101110000000010000000
11111000000011000001110100111101110000000010000000
11111000000011000001110100111101110000000010000000
11111000000011000001110100111101110000000010000000
11111000000000000001111010111111110001000010000000
11111000000000000001111010111111110001000010000000
11111000000011000001111010111111110000000000000000
11111000000011000001111010111111110000000000000000
11111000000011000001111010111111110000000000000000
11111000000011000001111010111111110000000000000000
11111000000011000001111010111111110000000000000000
11111000000011000001111010111111110000000000000000
11111000000011000001111010111111110000000000000000
11111000000010000001111010111101111000000000001000
11111000000011000001111010111111110000000010000000
11111000000010000001101000111111101000000011110000
11111000000011000001111010111111111000000000000000
11111000000000000001111010111111110000000011110000
11111000000000000001111010111111110000000011110000
11111000000011000001111110111111111000000000000000
11111000000011000001111110111111111000000010000000
11111000000011000001111110111111111000000010000000
11111000000010000001111010111111110000000011110000
11111000000010000001111010111111110000000011110000
11111000000010000001010110111111111000000011110000
11111000000010000001101010111111111100000011110000
11111000000011000001111010111111110000000011110000
11111000000011000001111010111111110000000011110000
11111000000011000001111010111111110000000011110000
11111000000011000001111010111111110000000011110000
11111000000011000001111010111111110000000011110000
11111000000011000001111110111111111001000010000000
11111000000011000001111110111111110000000011110000
11111000000011000001111110111111110000000011110000
11111000000011000001111000111111111100000011110000
11111000000011000001111000111111111100000011110000
11111000000011000001111000111111111100000011110000
11111000000011000001111110111111111000000011110000
11111000000011000001111110111111111000000011110000
11111000000011000001111110111111111000000011110000
11111000000011000001111110111111111000000011110000
11111000000010000001111110111111111001000011110000
11111000000010000001111110111111111001000011110000
11111000000011000001111110111111111100000011110000
11111010000010000001111110111111111001000011110000
11111000000011000001111110111111111001000011110000
11111000000011000001111110111111111001000011110000
11111000000011000001111110111111111101000011110000
11111000000011000001111110111111111101000011110000
11111000000011000001111110111111111101000011110000
11111000000011000001111110111111111101000011110000
11111000000011000001111110111111111101000011110000
11111000000011000001111110111111111101000011110000
11111000000011000001111110111111111101000011110000
11111000000000000001111010111111111101100011111011
11111000000010000001111010111101111101100011111011
11111000000010000001111010111101111101100011111011
11111000000010000001111010111111111101100011111011
11111000000011000001110110111111110101100011111011
11111000000011000001111010111111111101100011111011
11111000000011000001111011111111111101100011111011
11111000000011000001111011111111111101100011111011
11111000000011000001111011111111111101100011111011
11111000000011000001111011111111111101100011111011
11111000000011000001111011111111111101100011111011
11111000000011000001111011111111111101100011111011
11111000000011000001111011111111111101100011111011
11111000000011000001111011111111111101100011111011
11111000000011000001111111111111111101100011111011
11111000000011000001111111111111111101100011111011
11111001000011000001111011111111111101100011111011
11111001000011000001111011111111111101100011111011
11111001101011000001110110111101111101100011111011
11111001101011000001110110111111111101100011111011
11111011110011000001111111111111111101110011111000
11111011110011000001111111111111111101110011111000
