11111000000000111010000000111001000000000000000011
11111000000000111010000000111001000000000000000011
11111000000000111010000000111001100000000000000011
11111000000000111010000000111001100000000000000011
11111000000000111010000000111101100000000000000011
11111000000000111010000000111101100000000000000011
11111000000000111010000000111111100000000000000011
11111000000000111010000100111101100000000000000011
11111000000000111010000100111111100000000000000011
11111000000000111010010100111101100000000000000011
11111000000000111010010100111101100000000000000011
11111000000000111010010100111111100000000000000011
11111000000000111010010100111111100000000000000011
11111000000000111010011100111111100000000000000011
11111000000000111010011100111111100000000000000011
11111000000000111010010100111111101000000000000011
11111000000000111010011110111111100000000000000011
11111000000000111010011100111111101000000000000011
11111000000000111010011100111111101000000000000011
11111000000000111011110100111111100000000000000011
11111000000000111010011100111111101000000010000011
11111000000000111011111100111111100000000000000011
11111000000000111011110100111111101000000000000011
11111000000000111011111100111111100000000010000011
11111000000000111011111100111111101000000000000011
11111000000010111011111100111111100000000000000011
11111000000010111011110100111111101000000000000011
11111000000010111011110100111111101000000000000011
11111000000000111011111100111111101000000000001011
11111000000010111011111100111111101000000000000011
11111000000000111011111100111111101000000010001011
11111000000000111011110100111111100000000011110011
11111000000000111011110100111111101000000001110011
11111000000000111011111100111111100000000011110011
11111000000000111011110100111111101000000011110011
11111000000010111011010100111111101000000011110011
11111000000000111011111100111111101000000011110011
11111000000010111011111100111111100000000011110011
11111000000000111011111110111111101000000011110011
11111000000000111011111110111111101000000011110011
11111000000000111011111100111111111000000011110011
11111000000010111011111100111111101000000011110011
11111000000010111011111100111111101000000001111011
11111000000000111011111100111111111000000011111011
11111000000010111011111100111111111000000011110011
11111000000000111011111110111111111000000011111011
11111000000011111011111110111111101000000011110011
11111000000010111011111100111111111100000011110011
11111000000000111011111100111111111101000011110011
11111000000010111011111110111111111000000011111011
11111000000011111011111110111111111000000011110011
11111000000000111011111100111111111101000011111011
11111000000010111011111100111111111101000011110011
11111000000011111011111110111111111000000011111011
11111000000011111011111110111111111000000011111011
11111000000010111011111110111111111001000011111011
11111000000010111011111100111111111101000011111011
11111000000010111011111100111111111101000011111011
11111000000010111011111110111111111101000011111011
11111000000010111011111110111111111101000011111011
11111000000011111011111110111111111001000011111011
11111000000011111011111100111111111101000011111011
11111000000011111011111110111111111101000011111011
11111000000011111011111110111111111101000011111011
11111010000011111011111110111111111101000011111011
11111010000011111011111110111111111101000011111011
11111000000011111011111110111111111101100011111011
11111000000011111011111110111111111101100011111011
11111001100011111011111110111111101101000011110011
11111001000011111011111110111111111101000011111011
11111011100010111011111110111111111101000011110011
11111001100011111011111110111111111101000011110011
11111001100011111011111110111111111101000011110011
11111011100010111011111110111111111101000011111011
11111011100010111011111110111111111101000011111011
11111001100011111011111110111111111101000011111011
11111001100011111011110110111111111101100011111011
11111001101011111011111110111111101101100011111011
11111001101011111011111110111111101101100011111011
11111001101011111011110110111111111101100011111011
11111001101011111011110110111111111101100011111011
11111011101011111011111110111111101101100011111011
11111001101011111011111110111111111101100011111011
11111011101011111011111111111111111101000011111011
11111011101011111011111111111111111101000011111011
11111011101011111011111110111111111101100011111011
11111011101011111011111110111111111101100011111011
11111011101011111011111111111111111101100011111011
11111111111110111011111110111111111101000011111011
11111111111110111011111110111111111101000011111011
11111111111111111011111110111111111001000011111011
11111111111111111011111100111111111101000011111011
11111111111111111011111110111111111101000011111011
11111111111111111011111111111111111101000011111011
11111111111111111011111111111111111101000011111011
11111111111111111011111111111111111101100011111011
11111111111111111011111111111111111101100011111011
11111111111111111011111111111111111001101011111011
11111111111111111111111111111111111101100011111011
11111111111111111111111111111111111101100011111011
