11111000000000000000001000111011000000000001110011
11111000000000000000001000111011000000000001110011
11111000000000000000001000111110000000000001110011
11111000000000000000001000111111000000000001110011
11111000000000000000011000111011000000000001110011
11111000000000000000001000111111100000000001110011
11111000000000000000001000111111100000000001110011
11111000000000000000001000111111100000000011110011
11111000000000000000001000111111100000000011110011
11111000000000000001010000111101100000000001110011
11111000000000000001010000111111100000000001110011
11111000000000000001010000111111100000000001110011
11111000000000000001010000111111100000000011110011
11111000000000000001010000111111100000000011110011
11111000000000000001110000111111100000000001110011
11111000000000000001101100111111100000000001110011
11111000000000000001111000111111100000000001110011
11111000000000000001111000111111100000000011110011
11111000000000000001010110111111101000000001110011
11111000000000000001110100111111101000000001110011
11111000000000000001111100111111100000000011110011
11111000000000000001111100111111101000000001110011
11111000000000000001110100111111111000000001110011
11111000000000000001110100111111111000000001110011
11111000000010000001111100111111100000000011110011
11111000000000000001111100111111111000000001110011
11111000000010000001111100111111101000000001110011
11111000000010000001111000111111111000000001110011
11111000000010000001111100111111101000000011110011
11111000000010000001111100111111101000000011110011
11111000000010000001111100111111111000000001110011
11111000000000000001111100111111111000000011111011
11111000000010000001111100111111111000000011110011
11111000000000111011111100111111100000000001110011
11111000000011000001111100111111111000000001110011
11111000000011000001111100111111111000000001110011
11111000000010000001111100111111111000000011111011
11111000000000111011111100111111101000000001110011
11111000000010111011111100111111100000000001110011
11111000000010111011111100111111100000000001110011
11111000000010111011111100111111100000000011110011
11111000000010111011111100111111100000000011110011
11111000000010111011111100111111101000000001110011
11111000000010111011111000111111111000000001110011
11111000000010111011111100111111101000000011110011
11111000000010111011111100111111101000000011110011
11111000000010111011111100111111111000000001110011
11111000000011111011111000111111111000000001110011
11111000000010111011111100111111111000000011110011
11111000000000111011111100111111111001000011110011
11111000000011111011111100111111111000000001110011
11111000000011111011111100111111111000000001110011
11111000000011111011111100111111111000000011110011
11111000000011111011111110111111111000000001110011
11111000000011111011111100111111111000000001111011
11111000000011111011111110111111111100000001110011
11111000000011111011111110111111111100000001110011
11111000000010111011111100111111111101000011110011
11111000000011111011111100111111111001000011110011
11111000000011111011111110111111111100000001111011
11111000000010111011111100111111111101000011111011
11111000000011111011111100111111111101000011110011
11111000000010111011111110111111111101000011111011
11111000000011111011111110111111111101000011110011
11111000000011111011111100111111111101000011111011
11111000001011111011111110111111111101000011110011
11111000000011111011111110111111111101000011111011
11111010001011111011111110111111111101000011110011
11111000001011111011111110111111111101000011111011
11111001000011111011111110111111111001000011111011
11111010001011111011111110111111111101000011111011
11111001001011111011111110111111111001000011111011
11111001001011111011111110111111111001000011111011
11111001101010111011111110111111111101000011110011
11111001001011111011111110111111111101000011111011
11111001100011111011111110111111111001000011111011
11111001101010111011111110111111111101000011111011
11111001101011111011111110111111111001000011111011
11111001101011111011111100111111111101000011111011
11111011101011111011111110111111111101000011110011
11111001101011111011111110111111111101000011111011
11111001101011111011111110111111111101000011111011
11111011101011111011111110111111111101000011111011
11111011101011111011111110111111111101000011111011
11111011101011111011111110111111111111000011111011
11111011101011111011111110111111111111000011111011
11111011101011111011111111111111111101000011111011
11111011101011111011111110111111111101000011111111
11111011111011111011111110111111111101000011111011
11111011101011111011111110111111111111000011111111
11111011111011111011111111111111111101000011111011
11111011111011111011111111111111111101000011111011
11111011111011111011111111111111111111000011111011
11111011111011111011111111111111111111000011111011
11111011111011111011111111111111111101000111111011
11111011111011111011111111111111111101000111111011
11111011111011111011111111111111111111000111111011
11111011111011111011111111111111111111000111111011
11111011111011111011111111111111111111001011111011
11111011111011111011111111111111111111001111111011
