0.0 0.0
0.0 0.0
0.0 0.0
0.0 0.0
0.0 0.0
0.0 0.0
0.0 0.0
0.0 0.0
0.0 0.0
0.0 0.0
0.0 0.0
0.0 0.0
0.0 0.0
0.0 0.0
0.0 0.0
0.0 0.0
0.0 0.0
0.0 0.0
0.0 0.0
0.0 0.0
0.0 0.0
0.0 0.0
0.0 0.0
0.0 0.0
0.0 0.0
0.0 0.0
0.0 0.0
0.0 0.0
0.0 0.0
0.0 0.0
0.0 0.0
0.0 0.0
0.0 0.0
0.0 0.0
0.0 0.0
0.0 0.0
0.0 0.0
0.0 0.0
0.0 0.0
0.0 0.0
12.0 -4.8
12.0 -4.8
13.0 -3.6
16.0 -8.4
18.0 -12.0
18.0 -12.0
18.0 -12.0
18.0 -12.0
18.0 -12.0
18.0 -12.0
18.0 -12.0
18.0 -12.0
18.0 -12.0
18.0 -12.0
18.0 -12.0
18.0 -12.0
18.0 -12.0
18.0 -12.0
18.0 -12.0
18.0 -12.0
18.0 -12.0
18.0 -12.0
18.0 -12.0
18.0 -12.0
18.0 -12.0
18.0 -12.0
19.0 -7.2
25.0 -13.2
25.0 -13.2
28.0 -13.2
29.0 -12.0
29.0 -16.8
29.0 -12.0
30.0 -16.8
31.0 -12.0
31.0 -12.0
34.0 -20.4
35.0 -14.4
36.0 -7.2
36.0 -15.6
36.0 -9.6
43.0 -20.4
44.0 -20.4
46.0 -9.6
47.0 -28.8
47.0 -24.0
48.0 -19.2
48.0 -16.8
48.0 -18.0
50.0 -22.8
53.0 -26.4
53.0 -20.4
54.0 -27.6
55.0 -19.2
55.0 -22.8
56.0 -28.8
56.0 -28.8
59.0 -28.8
59.0 -21.6
59.0 -21.6
60.0 -32.4
60.0 -22.8
64.0 -27.6
67.0 -27.6
67.0 -31.2
67.0 -24.0
70.0 -34.8
72.0 -21.6
73.0 -32.4
77.0 -31.2
77.0 -33.6
77.0 -33.6
79.0 -39.6
80.0 -33.6
82.0 -34.8
86.0 -27.6
86.0 -27.6
86.0 -27.6
86.0 -27.6
89.0 -39.6
90.0 -24.0
91.0 -24.0
94.0 -24.0
95.0 -43.2
95.0 -43.2
97.0 -31.2
105.0 -38.4
106.0 -42.0
107.0 -27.6
110.0 -49.2
112.0 -44.4
113.0 -55.2
113.0 -55.2
113.0 -55.2
115.0 -44.4
118.0 -43.2
125.0 -48.0
130.0 -43.2
131.0 -34.8
143.0 -58.8
152.0 -63.6
153.0 -62.4
160.0 -61.2
172.0 -76.8
172.0 -76.8
172.0 -76.8
181.0 -60.0
185.0 -69.6
192.0 -56.4
195.0 -81.6
199.0 -82.8
199.0 -82.8
231.0 -88.8
246.0 -96.0
250.0 -99.6
258.0 -104.4
258.0 -104.4
258.0 -104.4
271.0 -105.6
288.0 -51.6
288.0 -51.6
306.0 -63.6
365.0 -79.2
372.0 -102.0
376.0 -105.6
382.0 -93.6
436.0 -134.4
436.0 -134.4
438.0 -123.6
451.0 -135.6
451.0 -136.8
454.0 -146.4
454.0 -146.4
454.0 -146.4
454.0 -146.4
454.0 -146.4
454.0 -146.4
454.0 -146.4
461.0 -142.8
472.0 -130.8
476.0 -136.8
479.0 -154.8
479.0 -154.8
479.0 -154.8
479.0 -154.8
479.0 -154.8
479.0 -154.8
480.0 -142.8
482.0 -139.2
495.0 -156.0
495.0 -156.0
495.0 -156.0
496.0 -146.4
504.0 -139.2
513.0 -168.0
513.0 -168.0
513.0 -168.0
513.0 -168.0
513.0 -168.0
513.0 -168.0
516.0 -157.2
520.0 -164.4
520.0 -164.4
522.0 -162.0
522.0 -162.0
524.0 -147.6
526.0 -157.2
534.0 -158.4
537.0 -154.8
538.0 -176.4
538.0 -176.4
540.0 -174.0
540.0 -174.0
540.0 -174.0
540.0 -174.0
542.0 -158.4
542.0 -157.2
546.0 -159.6
547.0 -170.4
547.0 -170.4
549.0 -156.0
550.0 -168.0
555.0 -165.6
558.0 -164.4
558.0 -170.4
560.0 -157.2
560.0 -165.6
565.0 -182.4
565.0 -182.4
567.0 -168.0
568.0 -159.6
569.0 -160.8
585.0 -162.0
585.0 -166.8
589.0 -174.0
589.0 -174.0
589.0 -186.0
589.0 -186.0
589.0 -186.0
595.0 -181.2
596.0 -180.0
597.0 -166.8
599.0 -195.6
601.0 -178.8
601.0 -182.4
606.0 -192.0
607.0 -175.2
608.0 -183.6
611.0 -184.8
615.0 -194.4
617.0 -190.8
618.0 -187.2
623.0 -153.6
624.0 -204.0
630.0 -195.6
643.0 -207.6
648.0 -207.6
648.0 -207.6
648.0 -207.6
648.0 -207.6
648.0 -207.6
648.0 -207.6
648.0 -207.6
648.0 -207.6
648.0 -207.6
648.0 -207.6
650.0 -201.6
656.0 -202.8
657.0 -201.6
657.0 -201.6
660.0 -195.6
660.0 -196.8
662.0 -205.2
662.0 -206.4
663.0 -199.2
675.0 -213.6
675.0 -213.6
675.0 -213.6
675.0 -213.6
682.0 -202.8
685.0 -217.2
690.0 -214.8
694.0 -217.2
699.0 -207.6
700.0 -216.0
701.0 -205.2
702.0 -217.2
705.0 -214.8
706.0 -196.8
708.0 -208.8
711.0 -208.8
716.0 -223.2
717.0 -224.4
717.0 -224.4
723.0 -212.4
726.0 -210.0
731.0 -222.0
732.0 -229.2
733.0 -219.6
734.0 -235.2
734.0 -235.2
734.0 -235.2
734.0 -235.2
734.0 -235.2
734.0 -235.2
734.0 -235.2
734.0 -235.2
734.0 -235.2
734.0 -235.2
734.0 -235.2
734.0 -235.2
734.0 -235.2
734.0 -235.2
734.0 -235.2
738.0 -234.0
751.0 -232.8
753.0 -211.2
758.0 -234.0
759.0 -240.0
761.0 -214.8
763.0 -238.8
763.0 -231.6
764.0 -223.2
765.0 -236.4
765.0 -240.0
765.0 -230.4
765.0 -235.2
766.0 -236.4
766.0 -240.0
766.0 -236.4
773.0 -222.0
776.0 -246.0
776.0 -246.0
776.0 -246.0
776.0 -246.0
776.0 -246.0
776.0 -246.0
776.0 -246.0
776.0 -246.0
776.0 -246.0
776.0 -246.0
776.0 -246.0
776.0 -246.0
776.0 -246.0
776.0 -246.0
776.0 -246.0
776.0 -246.0
776.0 -246.0
776.0 -246.0
776.0 -246.0
776.0 -246.0
776.0 -246.0
776.0 -246.0
776.0 -246.0
776.0 -246.0
781.0 -238.8
782.0 -236.4
783.0 -228.0
783.0 -238.8
784.0 -238.8
786.0 -241.2
788.0 -242.4
793.0 -232.8
795.0 -243.6
795.0 -242.4
798.0 -246.0
799.0 -242.4
800.0 -231.6
801.0 -249.6
803.0 -247.2
805.0 -237.6
809.0 -235.2
809.0 -241.2
811.0 -244.8
811.0 -244.8
812.0 -247.2
812.0 -247.2
817.0 -238.8
821.0 -237.6
822.0 -246.0
823.0 -225.6
826.0 -254.4
830.0 -243.6
833.0 -252.0
834.0 -255.6
835.0 -252.0
841.0 -247.2
842.0 -253.2
843.0 -248.4
843.0 -243.6
849.0 -252.0
852.0 -254.4
852.0 -254.4
852.0 -254.4
853.0 -260.4
854.0 -258.0
854.0 -258.0
855.0 -253.2
856.0 -254.4
857.0 -254.4
863.0 -256.8
864.0 -262.8
865.0 -255.6
865.0 -260.4
866.0 -260.4
868.0 -253.2
868.0 -258.0
868.0 -253.2
870.0 -266.4
870.0 -266.4
870.0 -266.4
870.0 -266.4
870.0 -266.4
870.0 -266.4
870.0 -266.4
870.0 -266.4
870.0 -266.4
870.0 -266.4
870.0 -266.4
870.0 -266.4
870.0 -266.4
870.0 -266.4
870.0 -266.4
870.0 -266.4
870.0 -266.4
870.0 -266.4
870.0 -266.4
870.0 -266.4
870.0 -266.4
870.0 -266.4
870.0 -266.4
870.0 -266.4
870.0 -266.4
870.0 -266.4
870.0 -266.4
870.0 -266.4
870.0 -266.4
870.0 -266.4
870.0 -266.4
870.0 -266.4
870.0 -266.4
870.0 -266.4
870.0 -266.4
870.0 -266.4
870.0 -266.4
870.0 -266.4
870.0 -266.4
870.0 -266.4
870.0 -266.4
872.0 -261.6
873.0 -262.8
877.0 -265.2
877.0 -265.2
878.0 -258.0
879.0 -258.0
882.0 -266.4
882.0 -265.2
883.0 -265.2
883.0 -264.0
885.0 -267.6
885.0 -265.2
885.0 -267.6
886.0 -254.4
886.0 -260.4
889.0 -264.0
889.0 -265.2
889.0 -270.0
889.0 -265.2
889.0 -268.8
889.0 -270.0
889.0 -265.2
890.0 -264.0
890.0 -262.8
890.0 -261.6
890.0 -261.6
891.0 -266.4
891.0 -261.6
895.0 -265.2
895.0 -268.8
898.0 -265.2
898.0 -264.0
899.0 -262.8
901.0 -270.0
901.0 -270.0
901.0 -270.0
902.0 -267.6
902.0 -266.4
904.0 -268.8
904.0 -270.0
905.0 -262.8
908.0 -273.6
908.0 -273.6
908.0 -267.6
908.0 -272.4
908.0 -268.8
908.0 -268.8
908.0 -273.6
908.0 -273.6
908.0 -273.6
908.0 -273.6
908.0 -273.6
908.0 -273.6
908.0 -273.6
908.0 -273.6
908.0 -273.6
908.0 -273.6
908.0 -273.6
908.0 -273.6
908.0 -273.6
908.0 -273.6
908.0 -273.6
908.0 -273.6
908.0 -273.6
908.0 -273.6
908.0 -273.6
908.0 -273.6
908.0 -273.6
908.0 -273.6
908.0 -273.6
908.0 -273.6
908.0 -273.6
908.0 -273.6
908.0 -273.6
908.0 -273.6
908.0 -273.6
908.0 -273.6
908.0 -273.6
908.0 -273.6
908.0 -273.6
908.0 -273.6
908.0 -273.6
908.0 -273.6
908.0 -273.6
908.0 -273.6
908.0 -273.6
908.0 -273.6
908.0 -273.6
908.0 -273.6
908.0 -273.6
908.0 -273.6
908.0 -273.6
908.0 -273.6
908.0 -273.6
908.0 -273.6
908.0 -273.6
908.0 -273.6
908.0 -273.6
908.0 -273.6
908.0 -273.6
908.0 -273.6
908.0 -273.6
908.0 -273.6
908.0 -273.6
908.0 -273.6
908.0 -273.6
908.0 -273.6
908.0 -273.6
908.0 -273.6
908.0 -273.6
908.0 -273.6
908.0 -273.6
908.0 -273.6
908.0 -273.6
908.0 -273.6
908.0 -273.6
908.0 -273.6
908.0 -273.6
908.0 -273.6
908.0 -273.6
908.0 -273.6
908.0 -273.6
908.0 -273.6
908.0 -273.6
908.0 -273.6
908.0 -273.6
908.0 -273.6
908.0 -273.6
908.0 -273.6
908.0 -273.6
908.0 -273.6
908.0 -273.6
908.0 -273.6
908.0 -273.6
908.0 -273.6
908.0 -273.6
908.0 -273.6
908.0 -273.6
908.0 -273.6
908.0 -273.6
908.0 -273.6
908.0 -273.6
908.0 -273.6
908.0 -273.6
909.0 -266.4
910.0 -271.2
911.0 -267.6
912.0 -258.0
913.0 -266.4
913.0 -261.6
914.0 -272.4
914.0 -273.6
914.0 -273.6
917.0 -268.8
919.0 -271.2
920.0 -273.6
920.0 -273.6
921.0 -270.0
922.0 -270.0
922.0 -266.4
923.0 -267.6
925.0 -274.8
926.0 -267.6
927.0 -276.0
927.0 -276.0
927.0 -272.4
927.0 -276.0
929.0 -273.6
929.0 -272.4
930.0 -267.6
931.0 -274.8
931.0 -273.6
931.0 -273.6
933.0 -274.8
933.0 -276.0
933.0 -274.8
933.0 -276.0
933.0 -272.4
933.0 -277.2
934.0 -267.6
938.0 -273.6
939.0 -274.8
939.0 -270.0
941.0 -268.8
944.0 -278.4
944.0 -274.8
944.0 -271.2
944.0 -271.2
944.0 -277.2
944.0 -278.4
944.0 -278.4
944.0 -278.4
946.0 -279.6
946.0 -274.8
946.0 -279.6
946.0 -279.6
946.0 -278.4
946.0 -274.8
948.0 -271.2
949.0 -270.0
949.0 -276.0
952.0 -278.4
952.0 -279.6
952.0 -279.6
952.0 -279.6
952.0 -279.6
952.0 -279.6
952.0 -279.6
952.0 -274.8
952.0 -279.6
952.0 -279.6
953.0 -261.6
953.0 -258.0
954.0 -271.2
955.0 -264.0
955.0 -276.0
956.0 -277.2
958.0 -271.2
960.0 -274.8
960.0 -274.8
961.0 -270.0
963.0 -282.0
963.0 -282.0
963.0 -272.4
963.0 -282.0
963.0 -282.0
963.0 -282.0
963.0 -282.0
965.0 -277.2
965.0 -282.0
965.0 -279.6
968.0 -279.6
968.0 -274.8
969.0 -282.0
969.0 -282.0
969.0 -282.0
969.0 -282.0
969.0 -282.0
969.0 -280.8
970.0 -277.2
971.0 -274.8
971.0 -282.0
971.0 -282.0
971.0 -283.2
971.0 -282.0
971.0 -282.0
971.0 -283.2
975.0 -282.0
976.0 -280.8
979.0 -276.0
980.0 -280.8
981.0 -272.4
984.0 -276.0
984.0 -274.8
985.0 -271.2
988.0 -285.6
988.0 -284.4
988.0 -285.6
988.0 -285.6
988.0 -284.4
988.0 -284.4
988.0 -285.6
988.0 -285.6
988.0 -285.6
988.0 -285.6
988.0 -285.6
988.0 -285.6
988.0 -285.6
988.0 -285.6
988.0 -285.6
988.0 -285.6
988.0 -285.6
988.0 -285.6
988.0 -285.6
988.0 -285.6
988.0 -285.6
988.0 -285.6
988.0 -285.6
988.0 -285.6
988.0 -285.6
988.0 -285.6
988.0 -285.6
988.0 -285.6
988.0 -285.6
988.0 -285.6
988.0 -285.6
988.0 -285.6
988.0 -285.6
988.0 -285.6
988.0 -285.6
988.0 -285.6
988.0 -285.6
988.0 -285.6
988.0 -285.6
988.0 -285.6
988.0 -285.6
988.0 -285.6
988.0 -285.6
988.0 -285.6
988.0 -285.6
988.0 -285.6
988.0 -285.6
988.0 -285.6
988.0 -285.6
988.0 -285.6
988.0 -285.6
988.0 -285.6
988.0 -285.6
988.0 -285.6
988.0 -285.6
988.0 -285.6
988.0 -285.6
988.0 -285.6
988.0 -285.6
988.0 -285.6
988.0 -285.6
988.0 -285.6
988.0 -285.6
988.0 -285.6
988.0 -285.6
988.0 -285.6
988.0 -285.6
988.0 -285.6
988.0 -285.6
988.0 -285.6
988.0 -285.6
988.0 -285.6
988.0 -285.6
988.0 -285.6
988.0 -285.6
988.0 -285.6
988.0 -285.6
988.0 -285.6
988.0 -285.6
988.0 -285.6
988.0 -285.6
988.0 -285.6
988.0 -285.6
988.0 -285.6
988.0 -285.6
988.0 -285.6
988.0 -285.6
988.0 -285.6
988.0 -285.6
988.0 -285.6
988.0 -285.6
988.0 -285.6
988.0 -285.6
988.0 -285.6
988.0 -285.6
988.0 -285.6
988.0 -285.6
988.0 -285.6
988.0 -285.6
988.0 -285.6
988.0 -285.6
988.0 -285.6
990.0 -285.6
990.0 -285.6
990.0 -285.6
993.0 -282.0
993.0 -277.2
997.0 -282.0
999.0 -279.6
1002.0 -276.0
1006.0 -285.6
1007.0 -288.0
1007.0 -271.2
1007.0 -288.0
1007.0 -288.0
1007.0 -288.0
1007.0 -288.0
1007.0 -288.0
1007.0 -288.0
1007.0 -288.0
1007.0 -288.0
1007.0 -288.0
1007.0 -288.0
1007.0 -288.0
1007.0 -288.0
1007.0 -288.0
1007.0 -288.0
1007.0 -288.0
1007.0 -288.0
1007.0 -288.0
1007.0 -288.0
1007.0 -288.0
1007.0 -288.0
1007.0 -288.0
1007.0 -288.0
1007.0 -288.0
1007.0 -288.0
1007.0 -288.0
1007.0 -288.0
1007.0 -288.0
1007.0 -288.0
1007.0 -288.0
1007.0 -288.0
1007.0 -288.0
1007.0 -288.0
1007.0 -288.0
1007.0 -288.0
1007.0 -288.0
1007.0 -288.0
1007.0 -288.0
1007.0 -288.0
1007.0 -288.0
1007.0 -288.0
1007.0 -288.0
1007.0 -288.0
1007.0 -288.0
1007.0 -288.0
1007.0 -288.0
1007.0 -288.0
1007.0 -288.0
1007.0 -288.0
1007.0 -288.0
1007.0 -288.0
1007.0 -288.0
1007.0 -282.0
1007.0 -282.0
1007.0 -288.0
1012.0 -282.0
1012.0 -279.6
1013.0 -283.2
1015.0 -283.2
1015.0 -277.2
1018.0 -286.8
1020.0 -284.4
1022.0 -286.8
1022.0 -283.2
1022.0 -286.8
1025.0 -288.0
1026.0 -285.6
1028.0 -286.8
1031.0 -284.4
1031.0 -289.2
1031.0 -288.0
1035.0 -279.6
1036.0 -286.8
1041.0 -289.2
1041.0 -290.4
1043.0 -290.4
1043.0 -290.4
1043.0 -290.4
1043.0 -288.0
1046.0 -288.0
1048.0 -288.0
1048.0 -291.6
1048.0 -291.6
1050.0 -291.6
1055.0 -289.2
1059.0 -290.4
1061.0 -292.8
1062.0 -282.0
1067.0 -294.0
1068.0 -289.2
1082.0 -291.6
1091.0 -291.6
1097.0 -292.8
1101.0 -285.6
1102.0 -292.8
1102.0 -294.0
1106.0 -288.0
1111.0 -294.0
1118.0 -301.2
1118.0 -285.6
1118.0 -297.6
1120.0 -298.8
1121.0 -296.4
1122.0 -296.4
1123.0 -298.8
1124.0 -302.4
1124.0 -302.4
1124.0 -302.4
1124.0 -302.4
1126.0 -294.0
1129.0 -300.0
1129.0 -294.0
1129.0 -297.6
1132.0 -297.6
1133.0 -298.8
1133.0 -298.8
1135.0 -303.6
1135.0 -303.6
1137.0 -300.0
1141.0 -304.8
1141.0 -304.8
1141.0 -304.8
1141.0 -304.8
1141.0 -304.8
1141.0 -304.8
1141.0 -304.8
1141.0 -304.8
1141.0 -304.8
1142.0 -295.2
1143.0 -304.8
1143.0 -304.8
1144.0 -297.6
1144.0 -300.0
1147.0 -297.6
1148.0 -302.4
1149.0 -295.2
1152.0 -298.8
1152.0 -303.6
1158.0 -303.6
1158.0 -303.6
1160.0 -307.2
1160.0 -307.2
1160.0 -307.2
1160.0 -307.2
1160.0 -307.2
1160.0 -307.2
1160.0 -307.2
1160.0 -307.2
1160.0 -307.2
1160.0 -307.2
1160.0 -307.2
1160.0 -307.2
1160.0 -307.2
1160.0 -307.2
1160.0 -307.2
1160.0 -307.2
1160.0 -307.2
1160.0 -307.2
1160.0 -307.2
1160.0 -307.2
1160.0 -307.2
1160.0 -307.2
1160.0 -307.2
1160.0 -307.2
1160.0 -307.2
1160.0 -307.2
1160.0 -307.2
1160.0 -307.2
1160.0 -307.2
1160.0 -307.2
1160.0 -307.2
1160.0 -307.2
1160.0 -307.2
1160.0 -307.2
1160.0 -307.2
1160.0 -307.2
1160.0 -307.2
1160.0 -307.2
1160.0 -307.2
1160.0 -307.2
1160.0 -307.2
1160.0 -307.2
1160.0 -307.2
1160.0 -307.2
1160.0 -307.2
1160.0 -307.2
1160.0 -307.2
1160.0 -307.2
1160.0 -307.2
1160.0 -307.2
1160.0 -307.2
1160.0 -307.2
1162.0 -301.2
1166.0 -301.2
1166.0 -300.0
1169.0 -306.0
1175.0 -304.8
1176.0 -297.6
1177.0 -307.2
1179.0 -301.2
1181.0 -302.4
1181.0 -306.0
1181.0 -306.0
1183.0 -303.6
1187.0 -301.2
1188.0 -308.4
1191.0 -304.8
1194.0 -309.6
1196.0 -309.6
1200.0 -297.6
1200.0 -304.8
1200.0 -304.8
1200.0 -304.8
1200.0 -304.8
1200.0 -304.8
1200.0 -304.8
1200.0 -304.8
1200.0 -304.8
1200.0 -304.8
1201.0 -302.4
1202.0 -306.0
1203.0 -301.2
1204.0 -308.4
1206.0 -308.4
1213.0 -312.0
1213.0 -312.0
1213.0 -312.0
1213.0 -312.0
1220.0 -296.4
1221.0 -310.8
1221.0 -310.8
1221.0 -310.8
1221.0 -310.8
1223.0 -310.8
1223.0 -310.8
1223.0 -310.8
1227.0 -307.2
1228.0 -308.4
1234.0 -307.2
1234.0 -306.0
1240.0 -313.2
1240.0 -313.2
1240.0 -313.2
1240.0 -313.2
1243.0 -304.8
1245.0 -303.6
1246.0 -309.6
1251.0 -309.6
1251.0 -308.4
1254.0 -304.8
1255.0 -313.2
1255.0 -313.2
1257.0 -313.2
1258.0 -308.4
1259.0 -313.2
1259.0 -313.2
1261.0 -312.0
1261.0 -312.0
1261.0 -308.4
1263.0 -308.4
1263.0 -312.0
1268.0 -310.8
1268.0 -314.4
1271.0 -309.6
1274.0 -315.6
1274.0 -315.6
1274.0 -315.6
1274.0 -315.6
1274.0 -315.6
1274.0 -315.6
1274.0 -315.6
1276.0 -315.6
1276.0 -315.6
1280.0 -314.4
1280.0 -314.4
1281.0 -313.2
1282.0 -314.4
1282.0 -314.4
1282.0 -314.4
1284.0 -314.4
1284.0 -314.4
1284.0 -307.2
1284.0 -314.4
1286.0 -314.4
1288.0 -313.2
1291.0 -306.0
1293.0 -318.0
1293.0 -318.0
1293.0 -318.0
1293.0 -318.0
1293.0 -313.2
1293.0 -318.0
1293.0 -318.0
1293.0 -318.0
1293.0 -318.0
1293.0 -318.0
1293.0 -318.0
1293.0 -318.0
1293.0 -318.0
1293.0 -318.0
1293.0 -318.0
1293.0 -318.0
1293.0 -318.0
1293.0 -318.0
1293.0 -318.0
1293.0 -318.0
1293.0 -318.0
1293.0 -318.0
1293.0 -318.0
1293.0 -318.0
1293.0 -318.0
1293.0 -318.0
1293.0 -318.0
1293.0 -318.0
1293.0 -318.0
1293.0 -318.0
1293.0 -318.0
1293.0 -318.0
1293.0 -318.0
1293.0 -318.0
1293.0 -318.0
1293.0 -318.0
1293.0 -318.0
1293.0 -318.0
1293.0 -318.0
1293.0 -318.0
1293.0 -318.0
1293.0 -318.0
1293.0 -318.0
1293.0 -318.0
1293.0 -318.0
1293.0 -318.0
1293.0 -318.0
1293.0 -318.0
1293.0 -318.0
1293.0 -318.0
1293.0 -318.0
1293.0 -318.0
1293.0 -318.0
1293.0 -318.0
1293.0 -318.0
1293.0 -318.0
1293.0 -318.0
1293.0 -318.0
1293.0 -318.0
1293.0 -318.0
1293.0 -318.0
1293.0 -318.0
1293.0 -318.0
1293.0 -318.0
1293.0 -318.0
1293.0 -318.0
1293.0 -318.0
1293.0 -318.0
1293.0 -318.0
1293.0 -318.0
1293.0 -318.0
1293.0 -318.0
1293.0 -318.0
1293.0 -318.0
1293.0 -318.0
1293.0 -318.0
1293.0 -318.0
1293.0 -318.0
1293.0 -318.0
1293.0 -318.0
1293.0 -318.0
1293.0 -318.0
1293.0 -318.0
1293.0 -318.0
1293.0 -318.0
1293.0 -318.0
1293.0 -318.0
1293.0 -318.0
1293.0 -318.0
1293.0 -318.0
1293.0 -318.0
1293.0 -318.0
1293.0 -318.0
1293.0 -318.0
1293.0 -318.0
1293.0 -318.0
1293.0 -318.0
1293.0 -318.0
1293.0 -318.0
1293.0 -318.0
1293.0 -318.0
1293.0 -318.0
1293.0 -313.2
1293.0 -318.0
1295.0 -310.8
1295.0 -310.8
1301.0 -316.8
1303.0 -316.8
1303.0 -312.0
1307.0 -309.6
1310.0 -310.8
1312.0 -312.0
1313.0 -309.6
1316.0 -314.4
1317.0 -313.2
1318.0 -316.8
1318.0 -314.4
1318.0 -316.8
1318.0 -310.8
1318.0 -314.4
1318.0 -316.8
1320.0 -316.8
1320.0 -316.8
1320.0 -316.8
1323.0 -309.6
1324.0 -315.6
1324.0 -315.6
1325.0 -314.4
1326.0 -315.6
1329.0 -318.0
1329.0 -318.0
1331.0 -315.6
1331.0 -318.0
1333.0 -314.4
1334.0 -314.4
1335.0 -319.2
1335.0 -319.2
1335.0 -319.2
1335.0 -319.2
1335.0 -319.2
1335.0 -319.2
1337.0 -319.2
1337.0 -319.2
1337.0 -319.2
1337.0 -319.2
1337.0 -319.2
1339.0 -319.2
1339.0 -319.2
1339.0 -319.2
1339.0 -319.2
1339.0 -319.2
1339.0 -310.8
1341.0 -314.4
1341.0 -318.0
1341.0 -314.4
1342.0 -316.8
1343.0 -318.0
1344.0 -313.2
1345.0 -314.4
1347.0 -318.0
1349.0 -304.8
1349.0 -313.2
1349.0 -315.6
1351.0 -315.6
1351.0 -315.6
1351.0 -316.8
1354.0 -321.6
1354.0 -321.6
1354.0 -321.6
1354.0 -321.6
1354.0 -321.6
1356.0 -321.6
1356.0 -321.6
1356.0 -321.6
1356.0 -321.6
1356.0 -321.6
1356.0 -321.6
1359.0 -314.4
1361.0 -309.6
1362.0 -316.8
1362.0 -315.6
1364.0 -320.4
1364.0 -320.4
1364.0 -320.4
1364.0 -320.4
1364.0 -320.4
1364.0 -320.4
1367.0 -314.4
1369.0 -315.6
1373.0 -319.2
1373.0 -319.2
1375.0 -315.6
1379.0 -318.0
1379.0 -318.0
1384.0 -315.6
1387.0 -319.2
1398.0 -322.8
1398.0 -322.8
1398.0 -322.8
1400.0 -322.8
1400.0 -322.8
1405.0 -320.4
1405.0 -320.4
1417.0 -325.2
1417.0 -325.2
1417.0 -325.2
1417.0 -325.2
1417.0 -325.2
1417.0 -325.2
1417.0 -325.2
1417.0 -325.2
1417.0 -325.2
1417.0 -325.2
1417.0 -325.2
1417.0 -325.2
1417.0 -325.2
1417.0 -325.2
1417.0 -325.2
1417.0 -325.2
1417.0 -325.2
1417.0 -325.2
1417.0 -325.2
1417.0 -325.2
1417.0 -325.2
1417.0 -325.2
1417.0 -325.2
1417.0 -325.2
1417.0 -325.2
1417.0 -325.2
1417.0 -325.2
1417.0 -325.2
1417.0 -325.2
1417.0 -325.2
1417.0 -325.2
1417.0 -325.2
1417.0 -325.2
1417.0 -325.2
1417.0 -325.2
1417.0 -325.2
1417.0 -325.2
1417.0 -325.2
1417.0 -325.2
1417.0 -325.2
1417.0 -325.2
1417.0 -325.2
1417.0 -325.2
1417.0 -325.2
1417.0 -325.2
1417.0 -325.2
1417.0 -325.2
1417.0 -325.2
1417.0 -325.2
1417.0 -325.2
1417.0 -325.2
1417.0 -325.2
1417.0 -325.2
1417.0 -325.2
1417.0 -325.2
1417.0 -325.2
1417.0 -325.2
1417.0 -325.2
1417.0 -325.2
1417.0 -325.2
1417.0 -325.2
1417.0 -325.2
1417.0 -325.2
1417.0 -325.2
1417.0 -325.2
1417.0 -325.2
1417.0 -325.2
1417.0 -325.2
1417.0 -325.2
1417.0 -325.2
1417.0 -325.2
1417.0 -325.2
1417.0 -325.2
1417.0 -325.2
1417.0 -325.2
1417.0 -325.2
1417.0 -325.2
1417.0 -325.2
1417.0 -325.2
1417.0 -325.2
1417.0 -325.2
1417.0 -325.2
1417.0 -325.2
1417.0 -325.2
1417.0 -325.2
1417.0 -325.2
1417.0 -325.2
1417.0 -325.2
1417.0 -325.2
1417.0 -325.2
1417.0 -325.2
1417.0 -325.2
1417.0 -325.2
1417.0 -325.2
1417.0 -325.2
1417.0 -325.2
1417.0 -325.2
1417.0 -325.2
1417.0 -325.2
1417.0 -325.2
1417.0 -325.2
1417.0 -325.2
1417.0 -325.2
1417.0 -325.2
1417.0 -325.2
1417.0 -325.2
1417.0 -325.2
1417.0 -325.2
1417.0 -325.2
