00000000000000000000000000000000000000000000000000
00000000000000000000000000000000000000000000000000
00000000000000000000000000000000000000000000000000
00000000000000000000000000000000000000000000000000
00000000000000000000000000000000000000000000000000
00000000000000000000000000000000000000000000000000
00000000000000000000000000000000000000000000000000
00000000000000000000000000000000000000000000000000
00000000000000000000000000000000000000000000000000
00000000000000000000000000000000000000000000000000
00000000000000000000000000000000000000000000000000
00000000000000000000000000000000000000000000000000
00000000000000000000000000000000000000000000000000
00000000000000000000000000000000000000000000000000
00000000000000000000000000000000000000000000000000
00000000000000000000000000000000000000000000000000
00000000000000000000000000000000000000000000000000
00000000000000000000000000000000000000000000000000
00000000000000000000000000000000000000000000000000
00000000000000000000000000000000000000000000000000
00000000000000000000000000000000000000000000000000
00000000000000000000000000000000000000000000000000
00000000000000000000000000000000000000000000000000
00000000000000000000000000000000000000000000000000
00000000000000000000000000000000000000000000000000
00000000000000000000000000000000000000000000000000
00000000000000000000000000000000000000000000000000
00000000000000000000000000000000000000000000000000
00000000000000000000000000000000000000000000000000
00000000000000000000000000000000000000000000000000
00000000000000000000000000000000000000000000000000
00000000000000000000000000000000000000000000000000
00000000000000000000000000000000000000000000000000
00000000000000000000000000000000000000000000000000
00000000000000000000000000000000000000000000000000
00000000000000000000000000000000000000000000000000
00000000000000000000000000000000000000000000000000
00000000000000000000000000000000000000000000000000
00000000000000000000000000000000000000000000000000
00000000000000000000000000000000000000000000000000
00000000000000000000001000000000000000000000000000
00000000000000000000001000000000000000000000000000
00000000000000000000000000000000000000000010000000
00000000000000000000010000000000000000000000000000
00000000000000000000000000000000000000000000000011
00000000000000000000000000000000000000000000000011
00000000000000000000000000000000000000000000000011
00000000000000000000000000000000000000000000000011
00000000000000000000000000000000000000000000000011
00000000000000000000000000000000000000000000000011
00000000000000000000000000000000000000000000000011
00000000000000000000000000000000000000000000000011
00000000000000000000000000000000000000000000000011
00000000000000000000000000000000000000000000000011
00000000000000000000000000000000000000000000000011
00000000000000000000000000000000000000000000000011
00000000000000000000000000000000000000000000000011
00000000000000000000000000000000000000000000000011
00000000000000000000000000000000000000000000000011
00000000000000000000000000000000000000000000000011
00000000000000000000000000000000000000000000000011
00000000000000000000000000000000000000000000000011
00000000000000000000000000000000000000000000000011
00000000000000000000000000000000000000000000000011
00000000000000000000000000000000000000000000000011
00000000000000000000000000000000000000000000000011
00000000000000000001000000000000000000000000000000
00000000000000000000001000000000100000000000000000
00000000000000000000001000000000100000000000000000
00000000000000000000011000000000000000000000000000
00000000000000000000010000000000000000000010000000
00000000000000000000010000000000100000000000000000
00000000000000000000010000000000000000000010000000
00000000000000000000001000000000000000000000000011
00000000000000000001001000000000000000000000000000
00000000000000000001001000000000000000000000000000
00000000000000000000010000000000000000000000000011
00000000000000000001100000000000000000000000000000
00000000000000000010000000000000000000000010000000
00000000000000000000000000000000110000000000000000
00000000000000000000000000000000000000000010001000
00000000000000000000001000000000000000000010000011
00000000000000000000001000000000101000000000000000
00000000000000000010000000000000000000000000001000
00000000000000000000010000000000100000000000000011
00000000000000000000010000000000000000000010000011
00000000000000000001010000000000000000000010000000
00000000000000000010001000000000100000000000000000
00000000000000000001100000000000000000000010000000
00000000000000000001000000000000000000000010000011
00000000000000000001100000000000000000000000000011
00000000000000000010001000000000000000000000000011
00000000000000000000000000000000110000000000000011
00000000000000000011000000000000100000000000000000
00000000000000000000000000000000111000000000000000
00000000000000000000001000000000100000000010000011
00000000000000000000001000000000100000000010000011
00000000000000000000011000000000000000000010000011
00000000000000000000000000000000000000000001110000
00000000000000000000000000000000000000000001110000
00000000000000000000010000000000100000000010000011
00000000000000000011000000000000000000000000000011
00000000000000000000011000000000100000000000001000
00000000000000000000001000000000111000000000000000
00000000000000000000000000000000110000000010000011
00000000000000000011001000000000100000000000000000
00000000000000000000010000000000100000000000001011
00000000000000000010000000000000100000000010001000
00000000000000000001011000000000100000000010000000
00000000000000000010000000000000110000000000000011
00000000000000000000000000000000000000000001110011
00000000000000000000000000000000000000000001110011
00000000000000000001010000000000100000000010000011
00000000000000000001100000000000101000000010000000
00000000000000000000011000000000000000000010001011
00000000000000111010000000000000000000000000000000
00000000000000111010000000000000000000000000000000
00000000000000111010000000000000000000000000000000
00000000000000111010000000000000000000000000000000
00000000000000000001111000000000100000000010000000
00000000000000000001000000000000000000000000000111
10000000000000000000001000000000100000000000000000
10000000000000000000011000000000000000000000000000
00000000000000000001111000000000101000000000000000
00000000000000000001111000000000101000000000000000
10000000000000000000000000000000100000000000000011
00000000000000000010011000000000000000000010001011
00000000000000000001011000000000110000000000001000
10000000000000000000011000000000000000000010000000
00000000000000000000011000000000101100000010000011
00000000000000000000001000000000000000000001111011
00000000000000000001111000000000101000000000000011
00000000000000000001111000000000101000000000000011
00000000000000000001111000000000101000000000000011
00000000000000111010010000000000100000000000000000
00000000000000111010000000000000101000000000000000
00000000000000000000001000000000000000000011111011
00000000000000000011100000000000000000000011110000
10000000000000000010010000000000100000000010000000
00000000000000000011110000000000101100000000000011
00000000000000111011010000000000100000000000000011
00000000000000000001001000000000100100000011110011
00000000000000000001111000000000111100000000001000
00000000000000000001111000000000101000000001110011
00000000000000000001111000000000101000000001110011
00000000000000000001111000000000101000000001110011
10000000000000000000010000000000101001000010000011
00000000000000111011111000000000100000000000001000
10000000000000000000001000000000100100000001111000
00000000000000000001111000000000110100000001110011
00000000000000111011111000000000101000000000000011
00000000000000111011111000000000101000000000000011
00000000000000000011111000000000110100000011110011
00000000000000111011101000000000110000000001110011
00000000000000111011110000000000110000000001110011
00000000000000111011111000000000101000000001110011
00000000000000111011111000000000101000000001110011
00000000000000111011111000000000101000000001110011
00000000000000111011111000000000100100000011110011
11011000000000000000000000110000000000000000000000
11011000000000000000000000110000000000000000000000
11011000000000000000000000110000000000000000000011
11011000001000000000000110111000000000000000001000
11011000000000000001100000111100100000000000000011
11111000000000000000011100111100000000000000000011
11111000000010000000000011111011000000000000000000
11111000000000000001111100111111101000000000000000
11111000000000000001111100111111101000000000000000
11011000001000000001001110111011110000000000000011
11111000001010000001010000111101101000000000000011
11111000000000000001010100111001100000000001110011
11111000000000000001111100111111101000000000000011
11111000000000000001111100111111101000000000000011
11111000000000000001111100111111101000000000000011
11111000000000000001111100111111101000000000000011
11111000000000000001111100111111101000000000000011
11111000000000000001111100111111101000000000000011
11111000000000000001111100111111101000000000000011
11111000000010000001111100111111101000000000000000
11111010000011000001111010111010100000000000000000
11111000001000000001111100111011100001000010000000
11111000000010000001111100111111101000000000000011
11111000000010000001111100111111101000000000000011
11111000000010000001111100111111101000000000000011
11111000000010000001111100111111101000000000000011
11111000000010000001111100111111101000000000000011
11111000000010000001111100111111101000000000000011
11111010000011000000010110111011101000000000000011
11111010000000000001111000111010110100000010000011
11111000000000000001111100111111101000000001110000
11111000000000000001111100111111101000000001110000
11111000000000000001111100111111101000000001110000
11111000000010000000010110111011101100000001110000
11111000000011000001101000111110100000000000000111
11111000000000000001111100111111101000000001110011
11111000000000000001111100111111101000000001110011
11111000000000000001111100111111101000000001110011
11111000000000000001111100111111101000000001110011
11111000000000000001111100111111101000000001110011
11111000000000000001111100111111101000000001110011
11111000000010000001110010111101101100000010001011
11111000000010000001111100111111101000000001110000
11111000000010000001111100111111101000000001110000
11111000000000111011111100111111101000000000000000
11111000000000111011111100111111101000000000000000
11011000000010000001101010111100111100000001110000
11111010001010000001110110111011110000000010000011
11111010001010000001101100111011111100000000000011
11011010001000000000010100111011110001000011110011
11111000000010000001111100111111101000000001110011
11111000000010000001111100111111101000000001110011
11111000000000111011111100111111101000000000000011
11111000000000111011111100111111101000000000000011
11111000000000111011111100111111101000000000000011
11111000000000111011111100111111101000000000000011
11011000000011000001110100111100101001000010001011
11111010001000111011110000111101101000000010000000
11111000000010111010010100111011111100000010000000
11111000000010111011111100111111101000000000000000
11111000000010111011111100111111101000000000000000
11011010000000000001111000111101101101100010000011
11111000001000000001110110111111000001000011110011
11111000000010000001011111111111100100000011110000
11111010000010111011011110111110101000000000000000
11111010000010000001111110111101110001000010000011
11111000001011000001011000110000101000000011111011
11111000001011000001110010111110101000000011110000
11111000000010111011111100111111101000000000000011
11111000000010111011111100111111101000000000000011
11011000001011111010011000111111100000000010001011
11011010001010111010011101111111110000000000000000
11011000001011000001110100111111101001100010000000
11011010000010000001111101111010110100000001111000
11111000000011000010000000111011111110000001111011
11111010000000000001010100111101110001100011110011
11111010001010111011010000111110101100000010000011
11111000000011000001111110111111111001000010000011
11111000000011000001111110111111111001000010000011
11111000000011000001111110111111111001000010000011
11111010001000111011010110111111101100000010000011
11111000001010000001010100111110110101000011110011
11111000000000000001100011111111101101110010001011
11111000000000111011111100111111101000000001110011
11111010000000000000011111111101101001000011111011
11111010001010000001100110111101111000000001111011
11111000000010111011111100111111101000000001110000
11111000000010111011010111111011111000000010001000
11111010001000111011110100111100100000000011110011
11111000000010111011001000111111101101000010001011
11111000000011111011100110111111100000000001110011
11111000000010000011110010111111101101000011110011
11111010001010111011110110111110101100000000000011
11111010001010000001011010111110100000001010000111
11111000000010111011111100111111101000000001110011
11111000000011000001111110111111111001000011110000
11111000001010111011111100111111101000000001110011
11111000000011000001111110111111111001000011110011
11111000000011000001111110111111111001000011110011
11111000000011000001111110111111111001000011110011
11111000000011000001111110111111111001000011110011
11111000000011000001111110111111111001000011110011
11111000000011000001111110111111111001000011110011
11111000000011000001111110111111111001000011110011
11111000000011000001111110111111111001000011110011
11111000000011000001111110111111111001000011110011
11111000000011000001111110111111111001000011110011
11011000000010111011110100111101101100000011111011
11111010000011111011110000111111111001000010000011
11111000000011111011111110111111111001000010000000
11111000000011111011111110111111111001000010000000
11111000001010111011111110111110100001100010000011
11111000000000000011010100111111111101100011111011
11111010000010111011011001111111111000000001110011
11111010000011000001111111111111111100000001110011
11111001100010000001010110111111110100000001111011
11111000000011111011111110111111111001000010000011
11111000000011111011111110111111111001000010000011
11111000000011111011111110111111111001000010000011
11111000000011111011111110111111111001000010000011
11111010000011000001111110111111111101110010000011
11111010000010111011111000111111111100000011110011
11111000000010000001111111111111111101000011111011
11111000000011111011111111111101101000000011110011
11111010000010111011111111111111111001000010001000
11111010000011111011111010111111111101000010000011
11111000001010111011110011111101111111000010000011
11111000001000111011111001111111111001000011110011
11111000001010111011110011111101111100000011110011
11011010000011111111110101111111101100000010000011
11111001000011111010010100111111101001000011111000
11111000001000000011111000111111111101110011111011
11111000000011111011111110111111111001000011110000
11111000000011111011111110111111111101000010001011
11111000000011111011111110111111111101000010001011
11111000000010111011110101111101111001100011110000
11111010000000111011111101111101111111100010000011
11111010000010111011110100111101101101100011110011
11111010000011111011110100111111110001000011111011
11111001000010000011111101111111111001000011111011
11111000000011111011111110111111111001000011110011
11111000000011111011111110111111111001000011110011
11111000000011111011111110111111111001000011110011
11111000000011111011111110111111111001000011110011
11111000000011111011111110111111111001000011110011
11111000000011111011111110111111111001000011110011
11111000000011111011111110111111111001000011110011
11111000000011111011111110111111111001000011110011
11111000000011111011111110111111111001000011110011
11111000000011111011111110111111111001000011110011
11111000000011111011111110111111111001000011110011
11111000000011111011111110111111111001000011110011
11111000000011111011111110111111111001000011110011
11111000000011111011111110111111111001000011110011
11111000000011111011111110111111111001000011110011
11111000000011111011111110111111110001000011111011
11111010000010111011110101111111111001000011111011
11111011001010111010010101111100100101000011111011
11111000000011111011111110111111111101000011111000
11111000001011111011111110111111111100000011111011
11111001100011000000011111111110101101100011110011
11111000001011111011111100111111110101000011111011
11111010000011111011111110111110101001100011110011
11111011001011111011111001111111101001000010001011
11111010000011111011111000111111111111000011110011
11111010001011111011111100111111111100000011111011
11111001001011111011111110111111101101000010001011
11011000001011111011111110111111110101000011111011
11111010001011111011111110111101101001000011111011
11111010001010111011111110111111111101000011110011
11111000000011111011111110111101111001100011110011
11011010011010111011110111111111101000000011111011
11111000000011111011111110111111111101000011111011
11111000000011111011111110111111111101000011111011
11111000000011111011111110111111111101000011111011
11111000000011111011111110111111111101000011111011
11111000000011111011111110111111111101000011111011
11111000000011111011111110111111111101000011111011
11111000000011111011111110111111111101000011111011
11111000000011111011111110111111111101000011111011
11111000000011111011111110111111111101000011111011
11111000000011111011111110111111111101000011111011
11111000000011111011111110111111111101000011111011
11111000000011111011111110111111111101000011111011
11111000000011111011111110111111111101000011111011
11111000000011111011111110111111111101000011111011
11111000000011111011111110111111111101000011111011
11111000000011111011111110111111111101000011111011
11111000000011111011111110111111111101000011111011
11111000000011111011111110111111111101000011111011
11111000000011111011111110111111111101000011111011
11111000000011111011111110111111111101000011111011
11111000000011111011111110111111111101000011111011
11111000000011111011111110111111111101000011111011
11111000000011111011111110111111111101000011111011
11111000000011111011111110111111111101000011111011
11011001100011111011111110111111111000000011110011
11111001101011111011101110111111101000000001111011
11111010001011111011110100111111111101000010001111
11111000000000111011111110111111111111100011111011
11111001100011000001111110111111111101000011111011
11111011001010111011111110111111111000000011111011
11111010000011111011111101111111110101000011111011
11011000001011111011011101111111111001110011110011
11111010001011111011110101111111111001000011111011
11111010000011111011110011111111111101000011111011
11111010001011111011011110111111111101000011111011
11111010000011111011111100111111110001110011111011
11111001001011111011011111111111110001000011111000
11111010001011111011111100111111111101000011111011
11111001100011111011110110111111111000000011111011
11111001001011111011111001111110111100000011111011
11111010011011111011101010111111111100000011111011
11111001101000111011111101111111110101000011110011
11111001100011111011111110111111111101000010001011
11111001100011111011111110111111111101000010001011
11111011000011111011110110111111101101000011111011
11111001100011111011101110111111111001000011110011
11111011000010111011100100111111111001110011111011
11111010000010111011111110111101111101001011110011
11111001000000111011111111111111111111000011111011
11011011100011000011111111111111111000000111110011
11111001100010111011111110111111111001000011111011
11011001100010111011111100111111101101110011110011
11111001101011111011111101111111111000000001111011
11111001001011111011111100111111111101000011111011
11111001100011111011011110111111110101000011111011
11111001100000111011111100111111111001000011111111
11111011100011111011111110111110111001000011110011
11111000001011111011111110111110111101000011111111
11111010001011111011011111111111111101100011111000
11111011101011111011111110111111111101000010001011
11111001100011111011111110111111111101000011111000
11111001100011111011111110111111111101000011111000
11111001100011111011111110111111111101000011111000
11111001101011111011111100111111111101000011110011
11111001101011111011011110111111111001000011111011
11111001101011111011110110111111101101000011111011
11111001100011111011110111111011111001000011111011
11111001100011111011101111111111101101000011111011
11111011101011111011111110111011101001000011111011
11111000001011111011110111111111111101110011111011
11111011100010111011111110111111111101000011111011
11111001001010111011110110111111111101110011111011
11111001100011111011111110111110111101000011111011
11111011000011111011111110111111111001100011111011
11111011101011111010011110111110111101000011111011
11111011000011111011111100111111111111100011110011
11111001001011111011111010111111111001000011111111
11111001100011111011111110111111111101000011111011
11111001100011111011111110111111111101000011111011
11111001100011111011111110111111111101000011111011
11111001100011111011111110111111111101000011111011
11111001100011111011111110111111111101000011111011
11111001100011111011111110111111111101000011111011
11111001100011111011111110111111111101000011111011
11111001100011111011111110111111111101000011111011
11111001100011111011111110111111111101000011111011
11111001100011111011111110111111111101000011111011
11111001100011111011111110111111111101000011111011
11111001100011111011111110111111111101000011111011
11111001100011111011111110111111111101000011111011
11111001100011111011111110111111111101000011111011
11111001100011111011111110111111111101000011111011
11111001100011111011111110111111111101000011111011
11111001100011111011111110111111111101000011111011
11111001100011111011111110111111111101000011111011
11111001100011111011111110111111111101000011111011
11111001100011111011111110111111111101000011111011
11111001100011111011111110111111111101000011111011
11111001100011111011111110111111111101000011111011
11111001100011111011111110111111111101000011111011
11111001100011111011111110111111111101000011111011
11111001100011111011111110111111111101000011111011
11111001100011111011111110111111111101000011111011
11111001100011111011111110111111111101000011111011
11111001100011111011111110111111111101000011111011
11111001100011111011111110111111111101000011111011
11111001100011111011111110111111111101000011111011
11111001100011111011111110111111111101000011111011
11111001100011111011111110111111111101000011111011
11111001100011111011111110111111111101000011111011
11111001100011111011111110111111111101000011111011
11111001100011111011111110111111111101000011111011
11111001100011111011111110111111111101000011111011
11111001100011111011111110111111111101000011111011
11111001100011111011111110111111111101000011111011
11111001100011111011111110111111111101000011111011
11111001100011111011111110111111111101000011111011
11111001100011111011111110111111111101000011111011
11111001101011111011111111111111101001000011111011
11111001101011111011011110111111111101000011111011
11111001101011111011110110111111111101000011111011
11111011100011111011110110111111111101000011111011
11111011100011111011110111111110111001000011111011
11111011101011111011110111111111100101000011111011
11111001100011111011111101111111111101000011111011
11111011100011111011111101111111111001000011111011
11111011100010111011111110111111111111000011111011
11111001101010111011111110111111111001100011111011
11111011101011111011111110111111111101000011110011
11111001100011111011111110111111101101100011111011
11111011101011111011111110111111111101000011110011
11111011101011111011101110111101110001100011111011
11111011100011111011111111111110101101000011111011
11111011100011111011111111111101111001000011111011
11111011101010111011111111111111111001000011111011
11111001101011111011111110111111111101000011111011
11111011101011111011111100111101111101000011111011
11111011101011111011111110111111111001000011111011
11111001101011111011111110111111111101000011111011
11111011101011111011111100111101111101000011111011
11111001100011111011111111111110111101000011111011
11111001100011111011111100111110111101100011111011
11111011101011111011111110111111111101000011111000
11111011101011111011111110111111111101000011111000
11111011101011111011111110111111111110000011111011
11111001101011111011111101111101111111000011110011
11111001101011111011111100111111110101100011111011
11111011100011111011111100111111111111000011111011
11111011101011111011111110111101111111000011110011
11111001101011111011101100111111111101100011111011
11111010011011111011111111111111111101000011111011
11111011100011111011111101111111111101000011111011
11111011100011111011111101111111111101000011111011
11111001101011111011111101111111111101000011111011
11111011000011111011111110111111111101110011111011
11111011100011111011111110111101111001100011111011
11111011101011111011111110111111111001100011110011
11111011100011111011111110111111111101100011110011
11111001101010111011101110111111111111100011111011
11111011101011111011111110111111111101000011111011
11111011101011111011111110111111111101000011111011
11111011101011111011111110111111110001100011111011
11111001101011111011111110111111111111000011111011
11111001101011111011111100111111111101110011110011
11111001101011111011111110111111110101100011111011
11111011101011111011111110111111111101000011111011
11111011101011111011111110111111111101000011111011
11111011101011111011111110111111111101000011111011
11111011101011111011111110111111111101000011111011
11111011101011111011111110111111111101000011111011
11111011101011111011111110111111111101000011111011
11111011101011111011111110111111111101000011111011
11111011101011111011111110111111111101000011111011
11111011101011111011111110111111111101000011111011
11111011101011111011111110111111111101000011111011
11111011101011111011111110111111111101000011111011
11111011101011111011111110111111111101000011111011
11111011101011111011111110111111111101000011111011
11111011101011111011111110111111111101000011111011
11111011101011111011111110111111111101000011111011
11111011101011111011111110111111111101000011111011
11111011101011111011111110111111111101000011111011
11111011101011111011111110111111111101000011111011
11111011101011111011111110111111111101000011111011
11111011101011111011111110111111111101000011111011
11111011101011111011111110111111111101000011111011
11111011101011111011111110111111111101000011111011
11111011101011111011111110111111111101000011111011
11111011101011111011111110111111111101000011111011
11111011101011111011111110111111111101000011111011
11111011101011111011111110111111111101000011111011
11111011101011111011111110111111111101000011111011
11111011101011111011111110111111111101000011111011
11111011101011111011111110111111111101000011111011
11111011101011111011111110111111111101000011111011
11111011101011111011111110111111111101000011111011
11111011101011111011111110111111111101000011111011
11111011101011111011111110111111111101000011111011
11111011101011111011111110111111111101000011111011
11111011101011111011111110111111111101000011111011
11111011101011111011111110111111111101000011111011
11111011101011111011111110111111111101000011111011
11111011101011111011111110111111111101000011111011
11111011101011111011111110111111111101000011111011
11111011101011111011111110111111111101000011111011
11111011101011111011111110111111111101000011111011
11111011101011111011111110111111111101000011111011
11111011101011111011111110111111111101000011111011
11111011101011111011111110111111111101000011111011
11111011101011111011111110111111111101000011111011
11111011101011111011111110111111111101000011111011
11111011101011111011111110111111111101000011111011
11111011101011111011111110111111111101000011111011
11111011101011111011111110111111111101000011111011
11111011101011111011111110111111111101000011111011
11111011101011111011111110111111111101000011111011
11111011101011111011111110111111111101000011111011
11111011101011111011111110111111111101000011111011
11111011101011111011111110111111111101000011111011
11111011101011111011111110111111111101000011111011
11111011101011111011111110111111111101000011111011
11111011101011111011111110111111111101000011111011
11111011101011111011111110111111111101000011111011
11111011101011111011111110111111111101000011111011
11111011101011111011111110111111111101000011111011
11111011101011111011111110111111111101000011111011
11111011101011111011111110111111111101000011111011
11111011101011111011111110111111111101000011111011
11111011101011111011111110111111111101000011111011
11111011101011111011111110111111111101000011111011
11111011101011111011111110111111111101000011111011
11111011101011111011111110111111111101000011111011
11111011101011111011111110111111111101000011111011
11111011101011111011111110111111111101000011111011
11111011101011111011111110111111111101000011111011
11111011101011111011111110111111111101000011111011
11111011101011111011111110111111111101000011111011
11111011101011111011111110111111111101000011111011
11111011101011111011111110111111111101000011111011
11111011101011111011111110111111111101000011111011
11111011101011111011111110111111111101000011111011
11111011101011111011111110111111111101000011111011
11111011101011111011111110111111111101000011111011
11111011101011111011111110111111111101000011111011
11111011101011111011111110111111111101000011111011
11111011101011111011111110111111111101000011111011
11111011101011111011111110111111111101000011111011
11111011101011111011111110111111111101000011111011
11111011101011111011111110111111111101000011111011
11111011101011111011111110111111111101000011111011
11111011101011111011111110111111111101000011111011
11111011101011111011111110111111111101000011111011
11111011101011111011111110111111111101000011111011
11111011101011111011111110111111111101000011111011
11111011101011111011111110111111111101000011111011
11111011101011111011111110111111111101000011111011
11111011101011111011111110111111111101000011111011
11111011101011111011111110111111111101000011111011
11111011101011111011111110111111111101000011111011
11111011101011111011111110111111111101000011111011
11111011101011111011111110111111111101000011111011
11111011101011111011111110111111111101000011111011
11111001100011111011101110111111111101110011111011
11111011101011111011111111111111111101000011110011
11111011100011111011101110111111111101100011111011
11111011100011111011110110111111111101000011111100
11111011101010111011110100111111111101110011111011
11111010001011111011111110111111111111001011111011
11111001101011111011111100111111111101100011111011
11111001101011111011111111111111111101000011111011
11111001101011111011111111111111111101000011111011
11111011101010111011111110111111111111100011110011
11111011100010111011111110111111111101110011111011
11111011101011111011111101111111111101000011111011
11111011101011111011111101111111111101000011111011
11111011000011111011111110111111111111110011111011
11011011101011111011111111111111111101000011111011
11111011100010111011111111111110111101100011111011
11111001100011111011011101111111111111100011111011
11111001100011111011111110111111111101110011111011
11111011101011111011110110111101111001110011111011
11111011101011111011111110111111111111000011111011
11111001101011111011111110111111111101100011111011
11111001101010111011111111111111111101100011111011
11111011100011111011111110111111111101100011111011
11111011101011111011111111111111111111000011110011
11111001101011111011111111111111101101100011111011
11111011001011111011011111111111111101110011111011
11111001101011111011111100111111111101110011111011
11111001100011111011111111111111111001110011111011
11111011101011111011111100111111111001110011111011
11111011100011111011111111111111111001100011111011
11111011101011111011111100111111111101100011111011
11111011100011111011111111111111111001100011111011
11111001101011111011111111111111111111000011111011
11111001101011111011111101111111111101110011110011
11111011101011111011111111111111111101000011111011
11111011100011111011111111111111111101100011111000
11111011101011111011110100111111111101110011111011
11111001100011111011111101111111111111100011111011
11111011100011111111111100111111111101000011111011
11111011101011111011010111111111111001110011111011
11111001101011111011111110111111111101110011111011
11111001101010111011111111111111111101110011111011
11111011001011111011111111111111111101000011111111
11111011101011111011111111111111111001000011110111
11111011101011111011111110111111111001110011111011
11111001101011111011111110111111111101110011111011
11111001101011111011111110111111111101110011111011
11111011100011111011111110111111111101110011111011
11111011101011111011111110111111111101100011111011
11111011101011111011111100111111111111110011110011
11111011101011111011111110111111111101100011111011
11111011101011111011111110111111111101100011111011
11111011100011111011111110111111111111100011111011
11111001101011111011111111111101111101100011111011
11011011101011111011110111111111111101100011111011
11111011010011111011111100111111111101110011111011
11111011110011111011111110111111111101000011111011
11111011101011111011111111111111111001100011111011
11111011100011111011111111111111111101100011111011
11111001101011111011111111111111111101100011111011
11111011101011111011111111111111111111000011111011
11111001101011111011111111111111111101100011111011
11111011101011111011111111111111111111000011111011
11111011100011111011111111111111111101100011111011
11111011101011111011111101111111101101110011111011
11111011101011111011111111111111111111000011111011
11111011100011111011111111111111111101100011111011
11111011110011111011110110111111111111100011110000
11111011110011111011111101111101111111100010001011
11111011101011111011111101111111110101000011111111
11111011001011111011011100111111111111100111111011
11111011101011111011011111111111111101100011111011
11111001100011111011111101111111111111110011111011
11111011101011111011111111111111111100000111111011
11111001101011111011111111111011111101110011111011
11111011100011111011111111111011111101110011111011
11111011101011111011101110111110111111110011111011
11111011101011111011111110111111111101110011111011
11111011101011111011111110111111111101110011111011
11111001100011111011111110111111111101110111110011
11111011101011111011111110111111111101110011111011
11111011101011111011111110111111111101110011111011
11111011101011111011111110111111111101110011111011
11111011101011111011111110111111111101110011111011
11111011101011111011110101111111111111100011111011
11111011101011111011111110111111111111100011111011
11111011101011111011111111111111111101110011110011
11111011111011111011111110111111111101000011111011
11111011101011111011110110111111111001100011111111
11111001101011111011111111111111111101110011111011
11111001101011111011111111111111111101110011111011
11111011100011111011111111111111111101110011111011
11111011100011111011111111111111111101110011111011
11111011100011111011111111111111111101110011111011
11111011101011111011111111111111111001110011111011
11111011111011111011111111111111111101000011110011
11111011111011111011110110111111111101100011110011
11111001101011111011111111111111111111100011111011
11111011100011111011111111111111111111100011111011
11111011101011111011111111111111111101100011111011
11111001101011111011111111111111111111100011111011
11111011100011111011111111111111111111100011111011
11111011101011111011111111111111111101100011111011
11111011101011111011111101111111111101110011111011
11111011101011111011110111111111111101110011111011
11111011110011111011110100111111111101110011111011
11111001101011111011111110111111111101100011111111
11111011101011111011011110111111110101110011111111
11111011101010111111111110111111111101100011111011
11111001100011111011111110111111111101000111111111
11111011100011111011010111111111111101100111111011
11111011101011111011111111111111111101110011111011
11111011100011111011111111111111111111110011111011
11111011101011111011111111111111111101110011111011
11111011101011111011111111111111111101110011111011
11111011100011111011111111111111111111110011111011
11111011100011111011111111111111111111110011111011
11111011101011111011111111111111111101110011111011
11111011101011111011111111111111111101110011111011
11111011101011111011111111111111111101110011111011
11111011101011111011111111111111111101110011111011
11111011101011111011111111111111111101110011111011
11111011101011111011111111111111111101110011111011
11111011101011111011111111111111111101110011111011
11111011101011111011111111111111111101110011111011
11111011101011111011111111111111111101110011111011
11111011101011111011111111111111111101110011111011
11111011101011111011111111111111111101110011111011
11111011101011111011111111111111111101110011111011
11111011101011111011111111111111111101110011111011
11111011101011111011111111111111111101110011111011
11111011101011111011111111111111111101110011111011
11111011101011111011111111111111111101110011111011
11111011101011111011111111111111111101110011111011
11111011101011111011111111111111111101110011111011
11111011101011111011111111111111111101110011111011
11111011101011111011111111111111111101110011111011
11111011101011111011111111111111111101110011111011
11111011101011111011111111111111111101110011111011
11111011101011111011111111111111111101110011111011
11111011101011111011111111111111111101110011111011
11111011101011111011111111111111111101110011111011
11111011101011111011111111111111111101110011111011
11111011101011111011111111111111111101110011111011
11111011101011111011111111111111111101110011111011
11111011101011111011111111111111111101110011111011
11111011101011111011111111111111111101110011111011
11111011101011111011111111111111111101110011111011
11111011101011111011111111111111111101110011111011
11111011101011111011111111111111111101110011111011
11111011101011111011111111111111111101110011111011
11111011101011111011111111111111111101110011111011
11111011101011111011111111111111111101110011111011
11111011101011111011111111111111111101110011111011
11111011101011111011111111111111111101110011111011
11111011101011111011111111111111111101110011111011
11111011101011111011111111111111111101110011111011
11111011101011111011111111111111111101110011111011
11111011101011111011111111111111111101110011111011
11111011101011111011111111111111111101110011111011
11111011101011111011111111111111111101110011111011
11111011101011111011111111111111111101110011111011
11111011101011111011111111111111111101110011111011
11111011101011111011111111111111111101110011111011
11111011101011111011111111111111111101110011111011
11111011101011111011111111111111111101110011111011
11111011101011111011111111111111111101110011111011
11111011101011111011111111111111111101110011111011
11111011101011111011111111111111111101110011111011
11111011101011111011111111111111111101110011111011
11111011101011111011111111111111111101110011111011
11111011101011111011111111111111111101110011111011
11111011101011111011111111111111111101110011111011
11111011101011111011111111111111111101110011111011
11111011101011111011111111111111111101110011111011
11111011101011111011111111111111111101110011111011
11111011101011111011111111111111111101110011111011
11111011101011111011111111111111111101110011111011
11111011101011111011111111111111111101110011111011
11111011101011111011111111111111111101110011111011
11111011101011111011111111111111111101110011111011
11111011101011111011111111111111111101110011111011
11111011101011111011111111111111111101110011111011
11111011101011111011111111111111111101110011111011
11111011101011111011111111111111111101110011111011
11111011101011111011111111111111111101110011111011
11111011101011111011111111111111111101110011111011
11111011101011111011111111111111111101110011111011
11111011101011111011111111111111111101110011111011
11111011101011111011111111111111111101110011111011
11111011101011111011111111111111111101110011111011
11111011101011111011111111111111111101110011111011
11111011101011111011111111111111111101110011111011
11111011101011111011111111111111111101110011111011
11111011101011111011111111111111111101110011111011
11111011101011111011111111111111111101110011111011
11111011101011111011111111111111111101110011111011
11111011101011111011111111111111111101110011111011
11111011101011111011111111111111111101110011111011
11111011101011111011111111111111111101110011111011
11111011101011111011111111111111111101110011111011
11111011101011111011111111111111111101110011111011
11111011101011111011111111111111111101110011111011
11111011101011111011111111111111111101110011111011
11111011101011111011111111111111111101110011111011
11111011101011111011111111111111111101110011111011
11111011101011111011111111111111111101110011111011
11111011101011111011111111111111111101110011111011
11111011101011111011111111111111111101110011111011
11111011101011111011111111111111111101110011111011
11111011101011111011111111111111111101110011111011
11111011101011111011111111111111111101110011111011
11111011101011111011111111111111111101110011111011
11111011101011111011111111111111111111100011111011
11111011101011111011111111111111111111100011111011
11111011101011111011111111111111111111100011111011
11111011110011111011111111111111111111000011111011
11111011100011111011110110111111111101110111111011
11111011101011111011111110111111111001110011111111
11111011001011111011111111111111111101110011111111
11111001101011111011111110111110111101101011111011
11111011111011111011111110111111111101100011111011
11111011101011111011111111111111111111110011111011
11111011010011111011101111111111111101100011111111
11111011101011111011111111111111111111110011111011
11111011101011111011111111111111111111110011111011
11111011101011111011111111111111111111110011111011
11111011101011111011111111111111111111110011111011
11111011101011111011111111111111111111110011111011
11111011101011111011111111111111111111110011111011
11111011101011111011111111111111111111110011111011
11111011101011111011111111111111111111110011111011
11111011101011111011111111111111111111110011111011
11111011101011111011111111111111111111110011111011
11111011101011111011111111111111111111110011111011
11111011101011111011111111111111111111110011111011
11111011101011111011111111111111111111110011111011
11111011101011111011111111111111111111110011111011
11111011101011111011111111111111111111110011111011
11111011101011111011111111111111111111110011111011
11111011101011111011111111111111111111110011111011
11111011101011111011111111111111111111110011111011
11111011101011111011111111111111111111110011111011
11111011101011111011111111111111111111110011111011
11111011101011111011111111111111111111110011111011
11111011101011111011111111111111111111110011111011
11111011101011111011111111111111111111110011111011
11111011101011111011111111111111111111110011111011
11111011101011111011111111111111111111110011111011
11111011101011111011111111111111111111110011111011
11111011101011111011111111111111111111110011111011
11111011101011111011111111111111111111110011111011
11111011101011111011111111111111111111110011111011
11111011101011111011111111111111111111110011111011
11111011101011111011111111111111111111110011111011
11111011101011111011111111111111111111110011111011
11111011101011111011111111111111111111110011111011
11111011101011111011111111111111111111110011111011
11111011101011111011111111111111111111110011111011
11111011101011111011111111111111111111110011111011
11111011101011111011111111111111111111110011111011
11111011101011111011111111111111111111110011111011
11111011101011111011111111111111111111110011111011
11111011101011111011111111111111111111110011111011
11111011101011111011111111111111111111110011111011
11111011101011111011111111111111111111110011111011
11111011101011111011111111111111111111110011111011
11111011101011111011111111111111111111110011111011
11111011101011111011111111111111111111110011111011
11111011101011111011111111111111111111110011111011
11111011101011111011111111111111111111110011111011
11111011101011111011111111111111111111110011111011
11111011101011111011111111111111111111110011111011
11111011101011111011111111111111111111110011111011
11111011101011111011111111111111111111110011111011
11111001101011111011111110111111111111100111111011
11111001101011111111111110111111111101110011111011
11111011101011111011111111111111111111110011111011
11111001101011111011110111111111111111100011111111
11111001101011111011110110111111111101111011111011
11111011101011111011111111111111111111000111111011
11111001101011111111111111111111111101100011111011
11011001101011111011111110111111111111101011111011
11111011101011111011111110111111111111100011111111
11111011101011111011111111111111111111100011110111
11111011100011111011111111111111111101110011111111
11111011101011111011111111111111110101110011111111
11111001101011111011111111111111111101110011111111
11111011111011111011111110111111111111100011111011
11111011101011111011111110111111111101101011111011
11111011101011111011111101111111111101110011111111
11111011111011111011111101111111111111110011110011
11111011111011111011111111111111111101100011111011
11111011110011111011111111111111111111100011111011
11111011100011111011111110111111101101110111111111
11111011111011111011110111111111111101110011111011
11111001101011111011111111111111111111110011111111
11111011101011111011111111111111111101110011111111
11111011101011111011111111111111111111100011111111
11111011101011111011111111111111111111100011111111
11111011101011111011111111111111111111100011111111
11111011101011111011111110111111111101111011111011
11111011111011111011111111111111111101000011111111
11111011101011111011110111111111111111110011111111
11111011111011111011111111111111111101110011111011
11111011111011111011111111111111111101110011111011
11111011111011111011111111111111111111100011111011
11111011111011111011110111111111111111110011111011
11111011111011111011111110111111111101100011111111
11111111111111111011111110111111111101000011111011
11111111111111111011111110111111111001100011111000
11111011111011111011111111111111111111110011111011
11111111111111111011110110111111111001100011111011
11111011111011111011111111111111111001110011111111
11111011111011111011110111111111111111100011111111
11111111111110111011111111111111111001110011111011
11111111111111111011111111111111111111110010001011
11111011100011111011111111111111111111110111111111
11111111111111111011011110111111111111100011111011
11111011101010111111111111111111111101111011111011
11111011110011111111111111111111111111110011111011
11111111111111111011111110111111111111100011111011
11111111111111111011111111111111111101100010001111
11111111111111111011111111111101111101100011111011
11111011111011111011111111111111111111110011111111
11111011101011111011111111111111111101111011111111
11111111111111111011111110111111111101000111111011
11111111111111111011110110111111111111110011111011
11111111111111111011111111111111111101100011111011
11111111111111111011111111111111111101100011111011
11111111111111111011111111111111111101100011111011
11111111111111111011111111111111111101100011111011
11111011111011111011111111111111111101001011111111
11111111111111111011110111111111111101110011111011
11111111111110111011111111111111111101100011110111
11111111111111111011111110111111111101100011110111
11111111111111111011111111111011111101110011111011
11111111111111111011111110111111111001100011111111
11111111111111111011111110111111111001100011111111
11111111111111111011111110111111111111110011111011
11111111111111111011111110111111111111110011111011
11111111111111111011111111111101111111100011111011
11111111111111111011111111111111111101110011111011
11111111111111111011111111111111111101110011111011
11111111111111111011111111111111111101110011111011
11111111111111111011111111111111111101110011111011
11111111111111111011111111111111111101110011111011
11111111111111111011111111111111111101110011111011
11111111111111111011111111111111111101110011111011
11111111111111111011111111111111111101110011111011
11111111111111111011111111111111111101110011111011
11111111111111111011111111111111111111110011111000
11111111111111111011111111111111111111100011111011
11111111111111111011111111111111111111100011111011
11111111111111111011110100111111111101110011111111
11111111111111111011011111111111111111110011111011
11111011111011111111111111111111111101100011111111
11111111111111111011110111111111111111110011111011
11111011110011111011111101111111111111110111111111
11111111111111111011111111111101111111000011111111
11111111111111111011111110111111111101100011111111
11111111111111111011111111111111111111000011111111
11111111111111111011111111111111111111000011111111
11111111111111111011111111111111111111110011111011
11111111111111111011111111111111111111110011111011
11111111111111111011111111111111111111110011111011
11111111111111111011111111111111111111110011111011
11111111111111111011111111111111111111110011111011
11111111111111111011111111111111111111110011111011
11111111111111111011111111111111111111110011111011
11111111111111111011111111111111111111110011111011
11111111111111111011111111111111111111110011111011
11111111111111111011111111111111111111110011111011
11111111111111111011111111111111111111110011111011
11111111111111111011111111111111111111110011111011
11111111111111111011111111111111111111110011111011
11111111111111111011111111111111111111110011111011
11111111111111111011111111111111111111110011111011
11111111111111111011111111111111111111110011111011
11111111111111111011111111111111111111110011111011
11111111111111111011111111111111111111110011111011
11111111111111111011111111111111111111110011111011
11111111111111111011111111111111111111110011111011
11111111111111111011111111111111111111110011111011
11111111111111111011111111111111111111110011111011
11111111111111111011111111111111111111110011111011
11111111111111111011111111111111111111110011111011
11111111111111111011111111111111111111110011111011
11111111111111111011111111111111111111110011111011
11111111111111111011111111111111111111110011111011
11111111111111111011111111111111111111110011111011
11111111111111111011111111111111111111110011111011
11111111111111111011111111111111111111110011111011
11111111111111111011111111111111111111110011111011
11111111111111111011111111111111111111110011111011
11111111111111111011111111111111111111110011111011
11111111111111111011111111111111111111110011111011
11111111111111111011111111111111111111110011111011
11111111111111111011111111111111111111110011111011
11111111111111111011111111111111111111110011111011
11111111111111111011111111111111111111110011111011
11111111111111111011111111111111111111110011111011
11111111111111111011111111111111111111110011111011
11111111111111111011111111111111111111110011111011
11111111111111111011111111111111111111110011111011
11111111111111111011111111111111111111110011111011
11111111111111111011111111111111111111110011111011
11111111111111111011111111111111111111110011111011
11111111111111111011111111111111111111110011111011
11111111111111111011111111111111111111110011111011
11111111111111111011111111111111111111110011111011
11111111111111111011111111111111111111110011111011
11111111111111111011111111111111111111110011111011
11111111111111111011111111111111111111110011111011
11111111111111111011111111111111111111110011111011
11111111111111111011111101111111111001110011111111
11111111111111111011111111111111111001100111111011
11111011111011111111111111111111111111100011111111
11111111111111111011111110111111111101110011111111
11111111111111111011111100111111111111110011111111
11111111111111111011111111111011111111001011111011
11111111111111111011111111111111111101100011111111
11111111111111111011111111111111101101110111111011
11111011111011111011111111111111111101111011111111
11111111111111111011111101111111111101110011111111
11111111111111111011111101111111111101110011111111
11111111111111111011111100111111111111110111111011
11111011111011111011111101111111111111111011111111
11111111111111111011111110111111111111110011111111
11111111111111111011111101111111111101101011111011
11111111111111111011111111111111111101110011111111
11111111111111111011111111111111111111100011111111
11111111111110111111111101111111111001110011111111
11111111111111111011111111111111111101000111111111
11111011111011111011111111111111111111111011111111
11111011111011111011111111111111111111111011111111
11111011111011111011111111111111111111111011111111
11111011111011111011111111111111111111111011111111
11111011111011111011111111111111111111111011111111
11111011111011111011111111111111111111111011111111
11111011111011111011111111111111111111111011111111
11111011111011111011111111111111111111111011111111
11111011101011111011111111111111111111111111111111
11111111111111111011111100111111111111111011111011
11111111111111111011110111111101111101111011111011
11111111111111111011111111111111111101101011111011
11111111111111111111111111111111111111100011111011
11111111111111111011111111111111111111110011111111
11111111111111111011111111111111111111110011111111
11111111111111111011111111111111111111110011111111
11111111111111111011111111111111111111110011111111
11111011110011111011111111111110111111101111111111
11111111111111111011111111111111111111110111111011
11111111111111111011111111111111111111110111111011
11111111111111111011111111111111111101111011111011
11111111111111111011111111111111111101111011111011
11111111111111111011111111111111111111101011111011
11111111111111111111111111111111111111110011111011
11111111111111111111111111111111111111110011111011
11111111111111111111111101111111111101100011111111
11111111111111111011110111111111111111111011111011
11111111111111111111111111111111111101110011110111
11111111111111111111111111111111101101110011111111
11111111111111111011111111111111111111111011111011
11111111111111111011111111111111111111111011111011
11111111111111111011111111111111111111111011111011
11111111111111111011111111111111111111111011111011
11111111111011111011111111111111111101110111111111
11111011101011111111111111111111111101111111111111
11111111111111111111111101111111111111100011111111
11111111111111111011111111111111111111110111110111
11111111111111111011111111111101111101101011111111
11111111111111111111111110111110111101111011111011
11111111111111111011111111111111111101110111111111
11111111111111111011111111111111111101110111111111
11111111111111111011111111111111111101101011111111
11111111111111111011011111111111111101111011111111
11111111111111111111111111111111111111100011111111
11111111111111111111111111111111111111100011111111
11111111111111111011111101111111111111110111111111
11111111111111111011111101111111111111110111111111
11111011111011111011111111111111111111111111111111
11111111111111111011111110111110111111111011111111
11111111111111111111111101111111111111110011111111
11111111111111111011111111111101111111110111111111
11111111111111111011111110111111111111111011111111
11111111111111111011111111111110111111101011111111
11111111111111111011111111111111111101111011111111
11111111111111111011111111111111111101111011111111
11111111111111111011111111111111111111110111111111
11111111111111111011111111111111111111110111111111
11111111111111111011111111111111111111110111111111
11111111111111111011111111111111111101111011111111
11111111111111111011111111111111111101111011111111
11111111111111111111111111111111111111110011111111
11111111111111111011111111111111111111101011111111
11111111111111111011111101111111111111111011111111
11111111111111111011111101111111111111111011111111
11111111111111111011110111111111111111111011111111
11111111111111111011111111111111111101111111111011
11111111111111111011111111111111111101111111111011
11111111111111111011111111111111111101111111111011
11111111111111111111111111111111111101111011111011
11111111111111111011111111111111111111101111111011
11111111101011111111111111111111111111111011111111
11111111111111111111111111111111111111110111111011
11111111111111111111111111111111111111101011111011
11111111111111111011111101111111111111111111111011
11111111111111111111111111111101111101101011110111
11111111111111111011111111111111111111111011111111
11111111111111111011111111111111111111111011111111
11111111111111111011111111111111111111111011111111
11111111111111111011111111111111111111111011111111
11111111111111111111111110111111111101110111111111
11111111111111111011111111111111111111111011111111
11111111111111111011111111111111111111111011111111
11111111111111111011111111111111111111111011111111
11111111111111111011111111111111111111111011111111
11111111111111111011111111111111111111111011111111
11111111111111111011111111111111111111111011111111
11111111111111111011111111111111111111111011111111
11111111111111111011111111111111111111111011111111
11111111111111111011111111111111111111111011111111
11111111111111111011111111111111111111111011111111
11111111111111111011111111111111111111111011111111
11111111111111111011111111111111111111111011111111
11111111111111111011111111111111111111111011111111
11111111111111111011111111111111111111111011111111
11111111111111111011111111111111111111111011111111
11111111111111111011111111111111111111111011111111
11111111111111111011111111111111111111111011111111
11111111111111111011111111111111111111111011111111
11111111111111111011111111111111111111111011111111
11111111111111111011111111111111111111111011111111
11111111111111111011111111111111111111111011111111
11111111111111111011111111111111111111111011111111
11111111111111111011111111111111111111111011111111
11111111111111111011111111111111111111111011111111
11111111111111111011111111111111111111111011111111
11111111111111111011111111111111111111111011111111
11111111111111111011111111111111111111111011111111
11111111111111111011111111111111111111111011111111
11111111111111111011111111111111111111111011111111
11111111111111111011111111111111111111111011111111
11111111111111111011111111111111111111111011111111
11111111111111111011111111111111111111111011111111
11111111111111111011111111111111111111111011111111
11111111111111111011111111111111111111111011111111
11111111111111111011111111111111111111111011111111
11111111111111111011111111111111111111111011111111
11111111111111111011111111111111111111111011111111
11111111111111111011111111111111111111111011111111
11111111111111111011111111111111111111111011111111
11111111111111111011111111111111111111111011111111
11111111111111111011111111111111111111111011111111
11111111111111111011111111111111111111111011111111
11111111111111111011111111111111111111111011111111
11111111111111111011111111111111111111111011111111
11111111111111111011111111111111111111111011111111
11111111111111111011111111111111111111111011111111
11111111111111111011111111111111111111111011111111
11111111111111111011111111111111111111111011111111
11111111111111111011111111111111111111111011111111
11111111111111111011111111111111111111111011111111
11111111111111111011111111111111111111111011111111
11111111111111111011111111111111111111111011111111
11111111111111111011111111111111111111111011111111
11111111111111111011111111111111111111111011111111
11111111111111111011111111111111111111111011111111
11111111111111111011111111111111111111111011111111
11111111111111111011111111111111111111111011111111
11111111111111111011111111111111111111111011111111
11111111111111111011111111111111111111111011111111
11111111111111111011111111111111111111111011111111
11111111111111111011111111111111111111111011111111
11111111111111111011111111111111111111111011111111
11111111111111111011111111111111111111111011111111
11111111111111111011111111111111111111111011111111
11111111111111111011111111111111111111111011111111
11111111111111111011111111111111111111111011111111
11111111111111111011111111111111111111111011111111
11111111111111111011111111111111111111111011111111
11111111111111111011111111111111111111111011111111
11111111111111111011111111111111111111111011111111
11111111111111111011111111111111111111111011111111
11111111111111111011111111111111111111111011111111
11111111111111111011111111111111111111111011111111
11111111111111111011111111111111111111111011111111
11111111111111111011111111111111111111111011111111
11111111111111111011111111111111111111111011111111
11111111111111111011111111111111111111111011111111
11111111111111111011111111111111111111111011111111
11111111111111111011111111111111111111111011111111
11111111111111111011111111111111111111111011111111
11111111111111111011111111111111111111111011111111
11111111111111111011111111111111111111111011111111
11111111111111111011111111111111111111111011111111
11111111111111111011111111111111111111111011111111
11111111111111111011111111111111111111111011111111
11111111111111111011111111111111111111111011111111
11111111111111111011111111111111111111111011111111
11111111111111111011111111111111111111111011111111
11111111111111111011111111111111111111111011111111
11111111111111111011111111111111111111111011111111
11111111111111111011111111111111111111111011111111
11111111111111111011111111111111111111111011111111
11111111111111111011111111111111111111111011111111
11111111111111111011111111111111111111111011111111
11111111111111111011111111111111111111111011111111
11111111111111111011111111111111111111111011111111
11111111111111111011111111111111111111111011111111
11111111111111111111111110111111111101110111111111
11111111111111111011111111111111111111111011111111
11111111111111111011111111111111111101101111110111
11111111111111111111111111111111111101110111110111
11111111111111111011111111111111111111111111111011
11111111111111111111111111111111111111111011111011
11111111111111111111111110111111111101101111111011
11111111111111111111111110111110111111110111111111
11111111111111111011110101111111111101111111111111
11111111111110111111111111111111111101111011111111
11111111111111111111111101111111111001111111111011
11111111111111111011111111111111111001111111111111
11111111111111111011110110111111111111111111111111
11111111111111111111111111111111111101110111111111
11111111111111111111111111111111111001111011111111
11111111111111111111111111111111111101110111111111
11111111111110111111111101111111111111111011111111
11111111111111111111111111111111111001111011111111
11111111111111111111111111111111111101110111111111
11111111111111111111111111111111111101101011111111
11111111111111111111111111111111111101101011111111
11111111111111111111111111111111111111100111111111
11111111110011111011111111111111111111111111111111
11111111111111111111111101111111111111110111111111
11111111111111111011111101111111111111101111111111
11111111111111111111110111111111111111110111111111
11111111111111111111111101111111111111101011111111
11111111111111111011111110111111111111111111111111
11111111111111111011111110111111111111111111111111
11111111111111111011111111111111111111111111110111
11111111111111111111111110111111111111111011111111
11111111111111111111111111111101111111101011111111
11111111111111111111111101111111111111101111111011
11111111111111111011111111111111111101111111111111
11111111111111111011111111111111111101111111111111
11111111111111111011111111111111111101111111111111
11111111111111111011111111111111111101111111111111
11111111111111111011111111111111111101111111111111
11111111111111111011111111111111111101111111111111
11111111111111111111111111111111111111110111111111
11111111111111111111111111111111111111110111111111
11111111111111111111111111111111111111110111111111
11111111111111111011111111111111111111101111111111
11111111111111111111111111111111111101111011111111
11111111111111111111111111111111111111101011111111
11111111111111111111111111111111111111101011111111
11111111111111111111111111111111111111101011111111
11111111111111111111111111111111111111101011111111
11111111111111111111111111111111111111101011111111
11111111111111111111111111111111111111001111110111
11111111111111111111111111111111111111111111110011
11111111111111111011111101111111111111111111111111
11111111111111111111111111111111111111111111110011
11111111111111111011110111111111111111111111111111
11111111111111111111111101111111111111111011111111
11111111111011111111111111111111111111111011111111
11111111111111111011111111111011111111111111111111
11111111111111111111111111111111111111101111111011
11111111110011111111110110111111111111111111111111
11111111111111111111111101111111111111001111111111
11111111111111111011111111111110111111111111111111
11111111111111111111111111111110111111111011111111
11111111111111111111111111111110111111111011111111
11111111111111111111111101111111111111111111111011
11111111111111111011111111111111111111111111111111
11111111111111111011111111111111111111111111111111
11111111111111111011111111111111111111111111111111
11111111111111111011111111111111111111111111111111
11111111111111111011111111111111111111111111111111
11111111111111111111111111111111111111111011111111
11111111111111111111111111111111111111111011111111
11111111111111111111111111111111111111111011111111
11111111111111111111111111111111111111111011111111
11111111111111111111111111111111111111111011111111
11111111111111111111111111111111111111111011111111
11111111111111111111111111111110111111111111111011
11111111110011111111111110111111111111111111111111
11111111111111111111111111111111111111001111111111
11111111111111111111111100111111111111101111111111
11111111111111111111111111111111111111111111111011
11111111111111111111111111111111111111111111111011
11111111111111111111111111111111111111111111111011
11111111111111111111111111111111111111111111111011
11111111111111111111111111111111111111111111111011
11111111111111111111111111111111111111111111111011
11111111111110111111111110111111111111111111111111
11111111111111111111111110111111111111111111110111
11111111111111111111111110111111111101111111111111
11111111111111111111111110111111111101111111111111
11111111111111111111111111111111101101111111111111
11111111111111111111111111111111111001111111111111
11111111111111111111111111111111111001111111111111
11111111111111111111011111111111111111101111111111
11111111111111111111111101111111111111101111111111
11111111111111111111111111111111111101111111111111
11111111111111111111111111111111111101111111111111
11111111111111111111111111111111111101111111111111
11111111111111111111111111111111111111101111111111
11111111111111111111111111111111111111101111111111
11111111111111111111110111111111111111111111111111
11111111111111111111110111111111111111111111111111
11111111111111111111111111111111111111111111111111
11111111111111111111111111111111111111111111111111
11111111111111111111111111111111111111111111111111
11111111111111111111111111111111111111111111111111
11111111111111111111111111111111111111111111111111
11111111111111111111111111111111111111111111111111
11111111111111111111111111111111111111111111111111
11111111111111111111111111111111111111111111111111
11111111111111111111111111111111111111111111111111
11111111111111111111111111111111111111111111111111
11111111111111111111111111111111111111111111111111
11111111111111111111111111111111111111111111111111
11111111111111111111111111111111111111111111111111
11111111111111111111111111111111111111111111111111
11111111111111111111111111111111111111111111111111
11111111111111111111111111111111111111111111111111
11111111111111111111111111111111111111111111111111
11111111111111111111111111111111111111111111111111
11111111111111111111111111111111111111111111111111
11111111111111111111111111111111111111111111111111
11111111111111111111111111111111111111111111111111
11111111111111111111111111111111111111111111111111
11111111111111111111111111111111111111111111111111
11111111111111111111111111111111111111111111111111
11111111111111111111111111111111111111111111111111
11111111111111111111111111111111111111111111111111
11111111111111111111111111111111111111111111111111
11111111111111111111111111111111111111111111111111
11111111111111111111111111111111111111111111111111
11111111111111111111111111111111111111111111111111
11111111111111111111111111111111111111111111111111
11111111111111111111111111111111111111111111111111
11111111111111111111111111111111111111111111111111
11111111111111111111111111111111111111111111111111
11111111111111111111111111111111111111111111111111
11111111111111111111111111111111111111111111111111
11111111111111111111111111111111111111111111111111
11111111111111111111111111111111111111111111111111
11111111111111111111111111111111111111111111111111
11111111111111111111111111111111111111111111111111
11111111111111111111111111111111111111111111111111
11111111111111111111111111111111111111111111111111
11111111111111111111111111111111111111111111111111
11111111111111111111111111111111111111111111111111
11111111111111111111111111111111111111111111111111
11111111111111111111111111111111111111111111111111
11111111111111111111111111111111111111111111111111
11111111111111111111111111111111111111111111111111
11111111111111111111111111111111111111111111111111
11111111111111111111111111111111111111111111111111
11111111111111111111111111111111111111111111111111
11111111111111111111111111111111111111111111111111
11111111111111111111111111111111111111111111111111
11111111111111111111111111111111111111111111111111
11111111111111111111111111111111111111111111111111
11111111111111111111111111111111111111111111111111
11111111111111111111111111111111111111111111111111
11111111111111111111111111111111111111111111111111
11111111111111111111111111111111111111111111111111
11111111111111111111111111111111111111111111111111
11111111111111111111111111111111111111111111111111
11111111111111111111111111111111111111111111111111
11111111111111111111111111111111111111111111111111
11111111111111111111111111111111111111111111111111
11111111111111111111111111111111111111111111111111
11111111111111111111111111111111111111111111111111
11111111111111111111111111111111111111111111111111
11111111111111111111111111111111111111111111111111
11111111111111111111111111111111111111111111111111
11111111111111111111111111111111111111111111111111
11111111111111111111111111111111111111111111111111
11111111111111111111111111111111111111111111111111
11111111111111111111111111111111111111111111111111
11111111111111111111111111111111111111111111111111
11111111111111111111111111111111111111111111111111
11111111111111111111111111111111111111111111111111
11111111111111111111111111111111111111111111111111
11111111111111111111111111111111111111111111111111
11111111111111111111111111111111111111111111111111
11111111111111111111111111111111111111111111111111
11111111111111111111111111111111111111111111111111
11111111111111111111111111111111111111111111111111
11111111111111111111111111111111111111111111111111
11111111111111111111111111111111111111111111111111
11111111111111111111111111111111111111111111111111
11111111111111111111111111111111111111111111111111
11111111111111111111111111111111111111111111111111
11111111111111111111111111111111111111111111111111
11111111111111111111111111111111111111111111111111
11111111111111111111111111111111111111111111111111
11111111111111111111111111111111111111111111111111
11111111111111111111111111111111111111111111111111
11111111111111111111111111111111111111111111111111
11111111111111111111111111111111111111111111111111
11111111111111111111111111111111111111111111111111
11111111111111111111111111111111111111111111111111
11111111111111111111111111111111111111111111111111
11111111111111111111111111111111111111111111111111
11111111111111111111111111111111111111111111111111
11111111111111111111111111111111111111111111111111
11111111111111111111111111111111111111111111111111
11111111111111111111111111111111111111111111111111
11111111111111111111111111111111111111111111111111
11111111111111111111111111111111111111111111111111
11111111111111111111111111111111111111111111111111
11111111111111111111111111111111111111111111111111
11111111111111111111111111111111111111111111111111
11111111111111111111111111111111111111111111111111
11111111111111111111111111111111111111111111111111
