1150.3 54.0 246.0 -147.6
1201.9 49.0 244.0 -157.2
2139.5 96.0 432.0 -271.2
2200.1 98.0 482.0 -278.4
2205.7 97.0 516.0 -282.0
2215.6 96.0 475.0 -278.4
2219.0 99.0 448.0 -276.0
2221.6 94.0 469.0 -274.8
2221.7 96.0 477.0 -282.0
2226.8 99.0 507.0 -278.4
2236.7 100.0 462.0 -277.2
2243.4 95.0 502.0 -282.0
2264.4 107.0 474.0 -286.8
2269.0 98.0 534.0 -282.0
2276.0 96.0 506.0 -284.4
2288.4 101.0 492.0 -284.4
2293.3 100.0 528.0 -291.6
2299.3 103.0 500.0 -290.4
2304.7 99.0 535.0 -288.0
2306.8 98.0 501.0 -284.4
2308.9 98.0 496.0 -282.0
2311.8 102.0 514.0 -290.4
2315.5 95.0 535.0 -286.8
2316.2 102.0 501.0 -291.6
2317.4 102.0 507.0 -291.6
2323.9 102.0 501.0 -283.2
2324.9 102.0 467.0 -282.0
2325.8 101.0 479.0 -285.6
2332.0 102.0 501.0 -288.0
2337.9 101.0 469.0 -288.0
2344.2 106.0 464.0 -289.2
2371.3 97.0 523.0 -291.6
2380.4 106.0 522.0 -291.6
2382.8 104.0 504.0 -290.4
