346.0 -97.2
346.0 -97.2
346.0 -97.2
346.0 -97.2
354.0 -99.6
358.0 -102.0
358.0 -102.0
358.0 -102.0
358.0 -102.0
358.0 -102.0
359.0 -105.6
359.0 -105.6
359.0 -105.6
359.0 -105.6
359.0 -105.6
366.0 -106.8
371.0 -110.4
371.0 -110.4
371.0 -110.4
371.0 -110.4
371.0 -110.4
372.0 -111.6
372.0 -111.6
372.0 -111.6
372.0 -111.6
375.0 -114.0
375.0 -114.0
375.0 -114.0
375.0 -114.0
384.0 -116.4
387.0 -118.8
387.0 -118.8
387.0 -118.8
387.0 -118.8
387.0 -118.8
394.0 -121.2
394.0 -121.2
394.0 -121.2
394.0 -121.2
394.0 -121.2
400.0 -124.8
400.0 -124.8
400.0 -124.8
400.0 -124.8
400.0 -124.8
406.0 -126.0
406.0 -126.0
406.0 -126.0
406.0 -126.0
407.0 -127.2
410.0 -128.4
410.0 -128.4
410.0 -128.4
410.0 -128.4
410.0 -128.4
417.0 -129.6
419.0 -132.0
419.0 -132.0
419.0 -132.0
419.0 -132.0
419.0 -132.0
422.0 -133.2
422.0 -133.2
422.0 -133.2
422.0 -133.2
423.0 -134.4
423.0 -134.4
423.0 -134.4
423.0 -134.4
429.0 -135.6
435.0 -139.2
435.0 -139.2
435.0 -139.2
435.0 -139.2
435.0 -139.2
441.0 -140.4
441.0 -140.4
441.0 -140.4
441.0 -140.4
442.0 -141.6
442.0 -141.6
442.0 -141.6
442.0 -141.6
448.0 -142.8
448.0 -142.8
448.0 -142.8
448.0 -142.8
454.0 -146.4
454.0 -146.4
454.0 -146.4
454.0 -146.4
454.0 -146.4
460.0 -147.6
460.0 -147.6
460.0 -147.6
460.0 -147.6
465.0 -148.8
467.0 -150.0
467.0 -150.0
467.0 -150.0
467.0 -150.0
473.0 -151.2
473.0 -151.2
473.0 -151.2
473.0 -151.2
477.0 -153.6
477.0 -153.6
477.0 -153.6
477.0 -153.6
479.0 -154.8
479.0 -154.8
479.0 -154.8
479.0 -154.8
482.0 -156.0
482.0 -156.0
482.0 -156.0
482.0 -156.0
488.0 -157.2
488.0 -157.2
492.0 -158.4
492.0 -158.4
492.0 -158.4
492.0 -158.4
494.0 -160.8
494.0 -160.8
494.0 -160.8
494.0 -160.8
500.0 -162.0
500.0 -162.0
500.0 -162.0
500.0 -162.0
501.0 -163.2
501.0 -163.2
501.0 -163.2
501.0 -163.2
507.0 -164.4
507.0 -164.4
507.0 -164.4
507.0 -164.4
507.0 -164.4
513.0 -168.0
513.0 -168.0
513.0 -168.0
513.0 -168.0
513.0 -168.0
519.0 -169.2
519.0 -169.2
519.0 -169.2
519.0 -169.2
524.0 -170.4
524.0 -170.4
524.0 -170.4
524.0 -170.4
526.0 -171.6
526.0 -171.6
526.0 -171.6
526.0 -171.6
532.0 -172.8
532.0 -172.8
532.0 -172.8
532.0 -172.8
536.0 -175.2
536.0 -175.2
536.0 -175.2
536.0 -175.2
538.0 -176.4
538.0 -176.4
538.0 -176.4
538.0 -176.4
548.0 -177.6
548.0 -177.6
548.0 -177.6
548.0 -177.6
549.0 -178.8
549.0 -178.8
549.0 -178.8
549.0 -178.8
551.0 -180.0
551.0 -180.0
551.0 -180.0
551.0 -180.0
557.0 -181.2
557.0 -181.2
557.0 -181.2
557.0 -181.2
561.0 -183.6
561.0 -183.6
561.0 -183.6
561.0 -183.6
570.0 -184.8
570.0 -184.8
570.0 -184.8
570.0 -184.8
574.0 -187.2
574.0 -187.2
574.0 -187.2
574.0 -187.2
580.0 -188.4
580.0 -188.4
580.0 -188.4
580.0 -188.4
584.0 -189.6
584.0 -189.6
584.0 -189.6
584.0 -189.6
586.0 -190.8
586.0 -190.8
586.0 -190.8
593.0 -192.0
593.0 -192.0
593.0 -192.0
593.0 -192.0
597.0 -193.2
597.0 -193.2
597.0 -193.2
597.0 -193.2
599.0 -195.6
599.0 -195.6
599.0 -195.6
599.0 -195.6
605.0 -196.8
605.0 -196.8
605.0 -196.8
605.0 -196.8
605.0 -196.8
610.0 -198.0
610.0 -198.0
610.0 -198.0
610.0 -198.0
612.0 -199.2
612.0 -199.2
612.0 -199.2
612.0 -199.2
618.0 -200.4
618.0 -200.4
618.0 -200.4
618.0 -200.4
622.0 -202.8
622.0 -202.8
622.0 -202.8
622.0 -202.8
624.0 -204.0
624.0 -204.0
624.0 -204.0
624.0 -204.0
634.0 -205.2
634.0 -205.2
634.0 -205.2
634.0 -205.2
635.0 -206.4
635.0 -206.4
635.0 -206.4
635.0 -206.4
637.0 -207.6
637.0 -207.6
637.0 -207.6
637.0 -207.6
643.0 -208.8
643.0 -208.8
643.0 -208.8
643.0 -208.8
647.0 -211.2
647.0 -211.2
647.0 -211.2
647.0 -211.2
656.0 -212.4
656.0 -212.4
656.0 -212.4
656.0 -212.4
660.0 -214.8
660.0 -214.8
660.0 -214.8
660.0 -214.8
666.0 -216.0
666.0 -216.0
666.0 -216.0
666.0 -216.0
670.0 -217.2
670.0 -217.2
670.0 -217.2
670.0 -217.2
672.0 -218.4
672.0 -218.4
672.0 -218.4
672.0 -218.4
679.0 -219.6
679.0 -219.6
679.0 -219.6
679.0 -219.6
683.0 -220.8
683.0 -220.8
683.0 -220.8
683.0 -220.8
685.0 -222.0
685.0 -222.0
685.0 -222.0
685.0 -222.0
691.0 -223.2
691.0 -223.2
691.0 -223.2
691.0 -223.2
695.0 -224.4
695.0 -224.4
695.0 -224.4
695.0 -224.4
698.0 -225.6
698.0 -225.6
698.0 -225.6
698.0 -225.6
704.0 -226.8
704.0 -226.8
704.0 -226.8
704.0 -226.8
708.0 -228.0
708.0 -228.0
708.0 -228.0
708.0 -228.0
714.0 -229.2
714.0 -229.2
714.0 -229.2
714.0 -229.2
717.0 -230.4
717.0 -230.4
717.0 -230.4
717.0 -230.4
721.0 -231.6
721.0 -231.6
721.0 -231.6
721.0 -231.6
727.0 -232.8
727.0 -232.8
727.0 -232.8
727.0 -232.8
732.0 -234.0
732.0 -234.0
732.0 -234.0
732.0 -234.0
734.0 -235.2
734.0 -235.2
734.0 -235.2
734.0 -235.2
740.0 -236.4
740.0 -236.4
740.0 -236.4
740.0 -236.4
744.0 -237.6
744.0 -237.6
744.0 -237.6
744.0 -237.6
751.0 -238.8
751.0 -238.8
751.0 -238.8
751.0 -238.8
753.0 -240.0
753.0 -240.0
753.0 -240.0
753.0 -240.0
757.0 -241.2
757.0 -241.2
757.0 -241.2
757.0 -241.2
763.0 -242.4
763.0 -242.4
763.0 -242.4
763.0 -242.4
763.0 -242.4
772.0 -243.6
772.0 -243.6
772.0 -243.6
772.0 -243.6
776.0 -246.0
776.0 -246.0
776.0 -246.0
776.0 -246.0
791.0 -247.2
791.0 -247.2
791.0 -247.2
791.0 -247.2
795.0 -249.6
795.0 -249.6
795.0 -249.6
795.0 -249.6
809.0 -250.8
809.0 -250.8
809.0 -250.8
809.0 -250.8
814.0 -253.2
814.0 -253.2
814.0 -253.2
814.0 -253.2
814.0 -253.2
826.0 -254.4
826.0 -254.4
826.0 -254.4
826.0 -254.4
828.0 -255.6
828.0 -255.6
828.0 -255.6
828.0 -255.6
834.0 -256.8
834.0 -256.8
834.0 -256.8
834.0 -256.8
838.0 -258.0
838.0 -258.0
838.0 -258.0
838.0 -258.0
845.0 -259.2
845.0 -259.2
845.0 -259.2
845.0 -259.2
847.0 -260.4
847.0 -260.4
847.0 -260.4
847.0 -260.4
851.0 -261.6
851.0 -261.6
851.0 -261.6
851.0 -261.6
857.0 -262.8
857.0 -262.8
857.0 -262.8
857.0 -262.8
857.0 -262.8
866.0 -264.0
866.0 -264.0
866.0 -264.0
866.0 -264.0
870.0 -266.4
870.0 -266.4
870.0 -266.4
870.0 -266.4
885.0 -267.6
885.0 -267.6
885.0 -267.6
885.0 -267.6
889.0 -270.0
889.0 -270.0
889.0 -270.0
889.0 -270.0
889.0 -270.0
908.0 -273.6
908.0 -273.6
908.0 -273.6
908.0 -273.6
908.0 -273.6
927.0 -276.0
927.0 -276.0
927.0 -276.0
927.0 -276.0
927.0 -276.0
933.0 -277.2
933.0 -277.2
933.0 -277.2
933.0 -277.2
933.0 -277.2
946.0 -279.6
946.0 -279.6
946.0 -279.6
946.0 -279.6
946.0 -279.6
965.0 -282.0
965.0 -282.0
965.0 -282.0
965.0 -282.0
965.0 -282.0
971.0 -283.2
971.0 -283.2
971.0 -283.2
971.0 -283.2
971.0 -283.2
990.0 -285.6
990.0 -285.6
990.0 -285.6
990.0 -285.6
1007.0 -288.0
1031.0 -289.2
1031.0 -289.2
1031.0 -289.2
1031.0 -289.2
1031.0 -289.2
1048.0 -291.6
1048.0 -291.6
1048.0 -291.6
1048.0 -291.6
1078.0 -292.8
1084.0 -294.0
1084.0 -294.0
1103.0 -296.4
1103.0 -296.4
1103.0 -296.4
1140.0 -298.8
1175.0 -301.2
1175.0 -301.2
1175.0 -301.2
1175.0 -301.2
1175.0 -301.2
1183.0 -302.4
1236.0 -304.8
1236.0 -304.8
