11111000000000000000000000111111000000000000000011
11111000000000000000000000111111000000000000000011
11111000000000000000000000111111000000000000000011
11111000000000000000000000111111000000000000000011
11111000000000000000000000111110100000000000000011
11111000000000000000001000111111000000000000000011
11111000000000000000001000111111000000000000000011
11111000000000000000001000111111000000000000000011
11111000000000000000001000111111000000000000000011
11111000000000000000001000111111000000000000000011
11111000000000000000000000111111100000000000000011
11111000000000000000000000111111100000000000000011
11111000000000000000000000111111100000000000000011
11111000000000000000000000111111100000000000000011
11111000000000000000000000111111100000000000000011
11111000000000000000010000111011100000000000000011
11111000000000000000001000111111100000000000000011
11111000000000000000001000111111100000000000000011
11111000000000000000001000111111100000000000000011
11111000000000000000001000111111100000000000000011
11111000000000000000001000111111100000000000000011
11111000000000000000000100111111100000000000000011
11111000000000000000000100111111100000000000000011
11111000000000000000000100111111100000000000000011
11111000000000000000000100111111100000000000000011
11111000000000000000010000111111100000000000000011
11111000000000000000010000111111100000000000000011
11111000000000000000010000111111100000000000000011
11111000000000000000010000111111100000000000000011
11111000000000000000001100111111100000000000000011
11111000000000000000011000111111100000000000000011
11111000000000000000011000111111100000000000000011
11111000000000000000011000111111100000000000000011
11111000000000000000011000111111100000000000000011
11111000000000000000011000111111100000000000000011
11111000000000000001010000111111100000000000000011
11111000000000000001010000111111100000000000000011
11111000000000000001010000111111100000000000000011
11111000000000000001010000111111100000000000000011
11111000000000000001010000111111100000000000000011
11111000000000000000011100111111100000000000000011
11111000000000000000011100111111100000000000000011
11111000000000000000011100111111100000000000000011
11111000000000000000011100111111100000000000000011
11111000000000000000011100111111100000000000000011
11111000000000000001011000111111100000000000000011
11111000000000000001011000111111100000000000000011
11111000000000000001011000111111100000000000000011
11111000000000000001011000111111100000000000000011
11111000000000000000010100111111101000000000000011
11111000000000000001110000111111100000000000000011
11111000000000000001110000111111100000000000000011
11111000000000000001110000111111100000000000000011
11111000000000000001110000111111100000000000000011
11111000000000000001110000111111100000000000000011
11111000000000000001110100111101100000000000000011
11111000000000000001011100111111100000000000000011
11111000000000000001011100111111100000000000000011
11111000000000000001011100111111100000000000000011
11111000000000000001011100111111100000000000000011
11111000000000000000011100111111101000000000000011
11111000000000000001111000111111100000000000000011
11111000000000000001111000111111100000000000000011
11111000000000000001111000111111100000000000000011
11111000000000000001111000111111100000000000000011
11111000000000000001110100111111100000000000000011
11111000000000000001110100111111100000000000000011
11111000000000000001110100111111100000000000000011
11111000000000000001110100111111100000000000000011
11111000000000000001110000111111101000000000000011
11111000000000000001111100111111100000000000000011
11111000000000000001111100111111100000000000000011
11111000000000000001111100111111100000000000000011
11111000000000000001111100111111100000000000000011
11111000000000000001111100111111100000000000000011
11111000000000000001111000111111101000000000000011
11111000000000000001111000111111101000000000000011
11111000000000000001111000111111101000000000000011
11111000000000000001111000111111101000000000000011
11111000000000000001110100111111101000000000000011
11111000000000000001110100111111101000000000000011
11111000000000000001110100111111101000000000000011
11111000000000000001110100111111101000000000000011
11111000000010000001110100111111100000000000000011
11111000000010000001110100111111100000000000000011
11111000000000000001111100111111100000000010000011
11111000000000000001111100111111100000000010000011
11111000000000000001111100111111101000000000000011
11111000000000000001111100111111101000000000000011
11111000000000000001111100111111101000000000000011
11111000000000000001111100111111101000000000000011
11111000000000000001111100111111101000000000000011
11111000000010000001111100111111100000000000000011
11111000000010000001111100111111100000000000000011
11111000000010000001111100111111100000000000000011
11111000000010000001111100111111100000000000000011
11111000000000000001110100111111111000000000000011
11111000000000000001111100111111101000000010000011
11111000000000000001111100111111101000000010000011
11111000000000000001111100111111101000000010000011
11111000000000000001111100111111101000000010000011
11111000000010000001111100111111100000000010000011
11111000000010000001111100111111100000000010000011
11111000000010000001111100111111100000000010000011
11111000000010000001111100111111100000000010000011
11111000000000000001111100111111111000000000000011
11111000000000000001111100111111111000000000000011
11111000000000000001111100111111111000000000000011
11111000000000000001111100111111111000000000000011
11111000000010000001111100111111101000000000000011
11111000000010000001111100111111101000000000000011
11111000000010000001111100111111101000000000000011
11111000000010000001111100111111101000000000000011
11111000000000000001110100111111100000000001110011
11111000000000000001110100111111100000000001110011
11111000000000000001110100111111100000000001110011
11111000000000000001110100111111100000000001110011
11111000000000000001110000111111101000000001110011
11111000000000000001110000111111101000000001110011
11111000000010000001111100111111101000000010000011
11111000000010000001111100111111101000000010000011
11111000000010000001111100111111101000000010000011
11111000000010000001111100111111101000000010000011
11111000000000000001111100111111100000000001110011
11111000000000000001111100111111100000000001110011
11111000000000000001111100111111100000000001110011
11111000000000000001111100111111100000000001110011
11111000000000000001111000111111101000000001110011
11111000000000000001111000111111101000000001110011
11111000000000000001111000111111101000000001110011
11111000000000000001111000111111101000000001110011
11111000000000000001110100111111101000000001110011
11111000000000000001110100111111101000000001110011
11111000000000000001110100111111101000000001110011
11111000000000000001110100111111101000000001110011
11111000000000000001111110111111100000000001110011
11111000000000000001111100111111100000000011110011
11111000000010000001110100111111100000000001110011
11111000000000000001111110111111100000000001110011
11111000000010000001110100111111100000000001110011
11111000000000000001111100111111101000000001110011
11111000000000000001111100111111101000000001110011
11111000000000000001111100111111101000000001110011
11111000000000000001111100111111101000000001110011
11111000000000000001111100111111101000000001110011
11111000000010000001111100111111100000000001110011
11111000000010000001111100111111100000000001110011
11111000000010000001111100111111100000000001110011
11111000000010000001111100111111100000000001110011
11111000000000000001110100111111111000000001110011
11111000000000000001110100111111111000000001110011
11111000000000000001110100111111111000000001110011
11111000000000000001110100111111111000000001110011
11111000000010000001110100111111101000000001110011
11111000000010000001110100111111101000000001110011
11111000000010000001110100111111101000000001110011
11111000000000000001111100111111101000000011110011
11111000000010000001111100111111100000000011110011
11111000000010000001111100111111100000000011110011
11111000000010000001111100111111100000000011110011
11111000000010000001111100111111100000000011110011
11111000000000000001111100111111111000000001110011
11111000000000000001111100111111111000000001110011
11111000000000000001111100111111111000000001110011
11111000000000000001111100111111111000000001110011
11111000000010000001111100111111101000000001110011
11111000000010000001111100111111101000000001110011
11111000000010000001111100111111101000000001110011
11111000000010000001111100111111101000000001110011
11111000000010000001111000111111111000000001110011
11111000000010000001111000111111111000000001110011
11111000000010000001111000111111111000000001110011
11111000000010000001111000111111111000000001110011
11111000000000000001111100111111111000000011110011
11111000000000000001111110111111111000000001110011
11111000000000000001111110111111111000000001110011
11111000000010000001110100111111111000000001110011
11111000000010000001111100111111101000000011110011
11111000000010000001111100111111101000000011110011
11111000000010000001111100111111101000000011110011
11111000000010000001111100111111101000000011110011
11111000000010000001111100111111101100000001110011
11111000000010000001111100111111101100000001110011
11111000000010000001111100111111101100000001110011
11111000000010000001111100111111101100000001110011
11111000000010000001111100111111111000000001110011
11111000000010000001111100111111111000000001110011
11111000000010000001111100111111111000000001110011
11111000000010000001111100111111111000000001110011
11111000000010000001111100111111101100000011110011
11111000000010000001111100111111101100000011110011
11111000000010000001111100111111101100000011110011
11111000000010000001111100111111101100000011110011
11111000000010000001111100111111111000000011110011
11111000000010000001111100111111111000000011110011
11111000000010000001111100111111111000000011110011
11111000000010000001111100111111111000000011110011
11111000000000111011111100111111100000000001110011
11111000000000111011111100111111100000000001110011
11111000000010000001111100111111111100000001110011
11111000000000111011111100111111100000000001110011
11111000000010000001111100111111111000000001111011
11111000000010000001111100111111111000000001111011
11111000000010000001111100111111111000000001111011
11111000000010000001111100111111111000000001111011
11111000000011000001111100111111111000000001110011
11111000000011000001111100111111111000000001110011
11111000000011000001111100111111111000000001110011
11111000000000111011111100111111100000000011110011
11111000000000111011111100111111100000000011110011
11111000000000111011111110111111100000000001110011
11111000000010000001111100111111111100000011110011
11111000000010000001111100111111111000000011111011
11111000000010000001111100111111111000000011111011
11111000000010000001111100111111111000000011111011
11111000000010000001111100111111111000000011111011
11111000000000111011111100111111101000000001110011
11111000000000111011111100111111101000000001110011
11111000000000111011111100111111101000000001110011
11111000000000111011111100111111101000000001110011
11111000000010111011111100111111100000000001110011
11111000000010111011111100111111100000000001110011
11111000000010111011111100111111100000000001110011
11111000000010111011111100111111100000000001110011
11111000000010111011111100111111100000000001110011
11111000000000111011110100111111111000000001110011
11111000000000111011110100111111111000000001110011
11111000000000111011110100111111111000000001110011
11111000000000111011110100111111111000000001110011
11111000000000111011111100111111101000000011110011
11111000000000111011111100111111101000000011110011
11111000000000111011111100111111101000000011110011
11111000000000111011111100111111101000000011110011
11111000000010111011111100111111100000000011110011
11111000000010111011111100111111100000000011110011
11111000000010111011111100111111100000000011110011
11111000000010111011111100111111100000000011110011
11111000000000111011111100111111111000000001110011
11111000000000111011111100111111111000000001110011
11111000000000111011111100111111111000000001110011
11111000000000111011111100111111111000000001110011
11111000000010111011111100111111101000000001110011
11111000000010111011111100111111101000000001110011
11111000000010111011111100111111101000000001110011
11111000000010111011111100111111101000000001110011
11111000000010111011111000111111111000000001110011
11111000000010111011111000111111111000000001110011
11111000000010111011111000111111111000000001110011
11111000000010111011111000111111111000000001110011
11111000000000111011111110111111111000000001110011
11111000000000111011111100111111111000000011110011
11111000000010111011110100111111111000000001110011
11111000000000111011111110111111111000000001110011
11111000000010111011111110111111101000000001110011
11111000000010111011111110111111101000000001110011
11111000000010111011111110111111101000000001110011
11111000000010111011111110111111101000000001110011
11111000000010111011111100111111101100000001110011
11111000000010111011111100111111101100000001110011
11111000000010111011111100111111101100000001110011
11111000000010111011111100111111101100000001110011
11111000000010111011111100111111111000000001110011
11111000000010111011111100111111111000000001110011
11111000000010111011111100111111111000000001110011
11111000000010111011111100111111111000000001110011
11111000000010111011111100111111101100000011110011
11111000000010111011111100111111101100000011110011
11111000000010111011111100111111101100000011110011
11111000000010111011111100111111101100000011110011
11111000000010111011111110111111111000000001110011
11111000000010111011111110111111111000000001110011
11111000000010111011111110111111111000000001110011
11111000000010111011111110111111111000000001110011
11111000000010111011111100111111111100000001110011
11111000000010111011111100111111111100000001110011
11111000000010111011111100111111111100000001110011
11111000000010111011111100111111111100000001110011
11111000000010111011111100111111111000000001111011
11111000000010111011111100111111111000000001111011
11111000000010111011111100111111111000000001111011
11111000000010111011111100111111111000000001111011
11111000000011111011111100111111111000000001110011
11111000000011111011111100111111111000000001110011
11111000000011111011111100111111111000000001110011
11111000000011111011111100111111111000000001110011
11111000000010111011111100111111111100000011110011
11111000000010111011111110111111111100000001110011
11111000000010111011111100111111111100000011110011
11111000000010111011111100111111111100000011110011
11111000000010111011111110111111111000000001111011
11111000000010111011111100111111111000000011111011
11111000000010111011111100111111111000000011111011
11111000000010111011111100111111111000000011111011
11111000000011111011111100111111111000000011110011
11111000000011111011111100111111111000000011110011
11111000000011111011111110111111111000000001110011
11111000000011111011111100111111111000000011110011
11111000000011111011111100111111111100000001110011
11111000000011111011111100111111111100000001110011
11111000000011111011111100111111111100000001110011
11111000000011111011111100111111111100000001110011
11111000000011111011111100111111111000000001111011
11111000000011111011111100111111111000000001111011
11111000000011111011111100111111111000000001111011
11111000000011111011111100111111111000000001111011
11111000000011111011111110111111111000000011110011
11111000000011111011111110111111111000000011110011
11111000000011111011111110111111111000000011110011
11111000000011111011111110111111111000000011110011
11111000000011111011111110111111111100000001110011
11111000000011111011111110111111111100000001110011
11111000000011111011111110111111111100000001110011
11111000000011111011111110111111111100000001110011
11111000000011111011111110111111111000000001111011
11111000000011111011111100111111111000000011111011
11111000000011111011111110111111111000000001111011
11111000000011111011111110111111111000000001111011
11111000000011111011111100111111111100000001111011
11111000000011111011111100111111111100000001111011
11111000000011111011111100111111111100000001111011
11111000000011111011111100111111111100000001111011
11111000000011111011111110111111111100000011110011
11111000000011111011111110111111111100000011110011
11111000000011111011111110111111111100000011110011
11111000000011111011111110111111111100000011110011
11111000000011111011111100111111111001000011110011
11111000000011111011111100111111111001000011110011
11111000000011111011111100111111111001000011110011
11111000000011111011111110111111111000000011111011
11111000000011111011111100111111111100000011111011
11111000000011111011111100111111111100000011111011
11111000000011111011111110111111111100000001111011
11111000000011111011111100111111111100000011111011
11111000000010111011111110111111111001000011111011
11111000000010111011111110111111111001000011111011
11111000000010111011111110111111111001000011111011
11111000000010111011111110111111111001000011111011
11111000000011111011111110111111111001000011110011
11111000000011111011111110111111111001000011110011
11111000000011111011111110111111111001000011110011
11111000000011111011111110111111111001000011110011
11111000000011111011111100111111111101000011110011
11111000000011111011111100111111111101000011110011
11111000000011111011111100111111111101000011110011
11111000000011111011111100111111111101000011110011
11111000000011111011111100111111111001000011111011
11111000000011111011111100111111111001000011111011
11111000000011111011111100111111111001000011111011
11111000000011111011111100111111111001000011111011
11111000000010111011111110111111111101000011111011
11111000000010111011111110111111111101000011111011
11111000000010111011111110111111111101000011111011
11111000000010111011111110111111111101000011111011
11111000000011111011111110111111111101000011110011
11111000000011111011111110111111111101000011110011
11111000000011111011111110111111111101000011110011
11111000000011111011111110111111111101000011110011
11111000000011111011111110111111111001000011111011
11111000000011111011111110111111111001000011111011
11111000000011111011111110111111111001000011111011
11111000000011111011111110111111111001000011111011
11111000000011111011111100111111111101000011111011
11111000000011111011111100111111111101000011111011
11111000000011111011111100111111111101000011111011
11111000000011111011111100111111111101000011111011
11111000000011111011111100111111111101000011111011
11111010000011111011111110111111111101000011110011
11111010000011111011111110111111111101000011110011
11111010000011111011111110111111111101000011110011
11111000001011111011111110111111111101000011110011
11111000000011111011111110111111111101000011111011
11111000000011111011111110111111111101000011111011
11111000000011111011111110111111111101000011111011
11111000000011111011111110111111111101000011111011
11111010001011111011111110111111111101000011110011
11111010001011111011111110111111111101000011110011
11111010001011111011111110111111111101000011110011
11111010001011111011111110111111111101000011110011
11111010000011111011111110111111111101000011111011
11111010000011111011111110111111111101000011111011
11111010000011111011111110111111111101000011111011
11111010000011111011111110111111111101000011111011
11111001000011111011111110111111111001000011111011
11111001000011111011111110111111111001000011111011
11111001000011111011111110111111111001000011111011
11111001000011111011111110111111111001000011111011
11111010001011111011111110111111111101000011111011
11111010001011111011111110111111111101000011111011
11111010001011111011111110111111111101000011111011
11111010001011111011111110111111111101000011111011
11111010001011111011111110111111111101000011111011
11111001100010111011111110111111111001000011111011
11111001100010111011111110111111111001000011111011
11111001100010111011111110111111111001000011111011
11111001100010111011111110111111111001000011111011
11111001000011111011111110111111111101000011111011
11111001000011111011111110111111111101000011111011
11111001000011111011111110111111111101000011111011
11111001000011111011111110111111111101000011111011
11111001100011111011111100111111111101000011110011
11111001100011111011111100111111111101000011110011
11111001100011111011111100111111111101000011110011
11111001100011111011111100111111111101000011110011
11111001100011111011111100111111111001000011111011
11111001100011111011111100111111111001000011111011
11111001100011111011111100111111111001000011111011
11111001100011111011111100111111111001000011111011
11111001100010111011111110111111111101000011111011
11111001100010111011111110111111111101000011111011
11111001100010111011111110111111111101000011111011
11111001100010111011111110111111111101000011111011
11111001100011111011111110111111111101000011110011
11111001100011111011111110111111111101000011110011
11111001100011111011111110111111111101000011110011
11111001100011111011111110111111111101000011110011
11111001100011111011111110111111111001000011111011
11111001100011111011111110111111111001000011111011
11111001100011111011111110111111111001000011111011
11111001100011111011111110111111111001000011111011
11111001100011111011111100111111111101000011111011
11111001100011111011111100111111111101000011111011
11111001100011111011111100111111111101000011111011
11111001100011111011111100111111111101000011111011
11111001100011111011111100111111111101000011111011
11111011100011111011111110111111111101000011110011
11111001101011111011111110111111111101000011110011
11111001101011111011111110111111111101000011110011
11111011100011111011111110111111111101000011110011
11111001100011111011111110111111111101000011111011
11111001100011111011111110111111111101000011111011
11111001100011111011111110111111111101000011111011
11111001100011111011111110111111111101000011111011
11111011101011111011111110111111111101000011110011
11111011101011111011111110111111111101000011110011
11111011101011111011111110111111111101000011110011
11111011101011111011111110111111111101000011110011
11111011100011111011111110111111111101000011111011
11111011100011111011111110111111111101000011111011
11111011100011111011111110111111111101000011111011
11111011100011111011111110111111111101000011111011
11111011100011111011111110111111111101000011111011
11111011101011111011111110111111111101000011111011
11111011101011111011111110111111111101000011111011
11111011101011111011111110111111111101000011111011
11111011101011111011111110111111111101000011111011
11111011101011111011111110111111111101000011111011
11111011101011111011111110111111111111000011111011
11111011100011111011111110111111111101100011111011
11111011101011111011111110111111111111000011111011
11111011100011111011111110111111111101100011111011
11111011100011111011111110111111111101100011111011
11111011101011111011111111111111111101000011111011
11111011101011111011111111111111111101000011111011
11111011101011111011111111111111111101000011111011
11111011101011111011111111111111111101000011111011
11111011101011111011111111111111111101000011111011
11111011101011111011111110111111111101100011111011
11111011101011111011111110111111111101100011111011
11111011101011111011111110111111111101100011111011
11111011101011111011111110111111111101100011111011
11111011101011111011111110111111111101100011111011
11111011101011111011111110111111111111100011111011
11111011101011111011111110111111111111100011111011
11111011101011111011111110111111111111100011111011
11111011101011111011111110111111111111100011111011
11111011101011111011111110111111111111100011111011
11111011101011111011111111111111111101100011111011
11111011101011111011111111111111111101100011111011
11111011101011111011111111111111111101100011111011
11111011101011111011111111111111111101100011111011
11111011101011111011111111111111111101100011111011
11111011101011111011111111111111111111100011111011
11111011101011111011111111111111111111100011111011
11111011101011111011111111111111111111100011111011
11111011101011111011111111111111111111100011111011
11111011101011111011111111111111111111110011111011
11111011111011111011111111111111111101100011111011
11111011111011111011111111111111111101100011111011
11111011111011111011111111111111111101100011111011
11111011111011111011111111111111111101100011111011
11111011111011111011111111111111111101100011111011
11111011111011111011111111111111111101110011111011
11111011111011111011111111111111111101110011111011
11111011111011111011111111111111111101110011111011
11111011111011111011111111111111111101110011111011
11111011111011111011111110111111111111100011111111
11111011111011111011111111111111111101100011111111
11111011111011111011111111111111111101100011111111
11111011111011111011111111111111111111100011111111
11111011111011111011111111111111111111100011111111
11111011111011111011111111111111111111100011111111
11111011101011111011111111111111111111111011111111
11111011111011111011111110111111111111111011111111
11111011111011111011111110111111111111111011111111
11111011111011111011111110111111111111111011111111
11111011111011111011111110111111111111111011111111
11111011111011111011111110111111111111111011111111
11111011111011111011111111111111111111101011111111
11111011111011111011111110111111111111111111111111
11111011111011111011111110111111111111111111111111
