41.51 1.0 26.0 -46.0
41.51 1.0 26.0 -46.0
41.51 1.0 26.0 -46.0
41.51 1.0 26.0 -46.0
41.51 1.0 26.0 -46.0
41.51 1.0 26.0 -46.0
50.35 1.0 28.0 -57.5
52.98 1.0 33.0 -69.0
54.0 2.0 29.0 -69.0
57.42 1.0 28.0 -69.0
57.42 1.0 28.0 -69.0
57.42 1.0 28.0 -69.0
57.42 1.0 28.0 -69.0
59.58 1.0 33.0 -69.0
59.58 1.0 33.0 -69.0
60.11 1.0 34.0 -69.0
60.43 1.0 31.0 -69.0
61.31 2.0 30.0 -69.0
62.08 1.0 40.0 -69.0
62.08 1.0 40.0 -69.0
63.03 1.0 29.0 -69.0
63.03 1.0 29.0 -69.0
63.03 1.0 29.0 -69.0
63.58 3.0 35.0 -80.5
63.58 3.0 35.0 -80.5
63.58 3.0 35.0 -80.5
63.58 3.0 35.0 -80.5
63.58 3.0 35.0 -80.5
63.58 3.0 35.0 -80.5
63.58 3.0 35.0 -80.5
63.58 3.0 35.0 -80.5
63.58 3.0 35.0 -80.5
63.58 3.0 35.0 -80.5
63.58 3.0 35.0 -80.5
63.58 3.0 35.0 -80.5
63.58 3.0 35.0 -80.5
63.58 3.0 35.0 -80.5
63.58 3.0 35.0 -80.5
63.58 3.0 35.0 -80.5
63.58 3.0 35.0 -80.5
63.58 3.0 35.0 -80.5
63.58 3.0 35.0 -80.5
63.58 3.0 35.0 -80.5
63.58 3.0 35.0 -80.5
63.58 3.0 35.0 -80.5
63.58 3.0 35.0 -80.5
63.58 3.0 35.0 -80.5
63.58 3.0 35.0 -80.5
63.58 3.0 35.0 -80.5
63.58 3.0 35.0 -80.5
63.61 2.0 31.0 -69.0
63.79 1.0 28.0 -69.0
63.79 1.0 28.0 -69.0
63.79 1.0 28.0 -69.0
63.79 1.0 28.0 -69.0
65.1 1.0 31.0 -69.0
66.41 2.0 29.0 -69.0
69.01 1.0 40.0 -92.0
69.36 3.0 44.0 -92.0
69.55 2.0 32.0 -92.0
69.55 2.0 32.0 -92.0
71.25 3.0 38.0 -92.0
72.57 3.0 39.0 -92.0
72.92 1.0 39.0 -92.0
74.64 1.0 40.0 -92.0
74.64 1.0 40.0 -92.0
75.05 3.0 42.0 -103.5
75.05 3.0 42.0 -103.5
75.05 3.0 42.0 -103.5
75.05 3.0 42.0 -103.5
75.23 2.0 36.0 -92.0
75.45 4.0 43.0 -103.5
75.63 5.0 45.0 -103.5
75.71 1.0 43.0 -92.0
76.07 4.0 38.0 -103.5
76.07 4.0 38.0 -103.5
76.12 3.0 50.0 -103.5
76.24 3.0 50.0 -103.5
76.33 1.0 33.0 -92.0
77.05 3.0 44.0 -103.5
77.05 3.0 44.0 -103.5
77.14 3.0 42.0 -103.5
77.14 3.0 42.0 -103.5
77.14 3.0 42.0 -103.5
77.14 3.0 42.0 -103.5
77.14 3.0 42.0 -103.5
77.26 1.0 37.0 -92.0
77.52 3.0 42.0 -103.5
77.52 3.0 42.0 -103.5
77.52 3.0 42.0 -103.5
77.52 3.0 42.0 -103.5
77.57 1.0 42.0 -92.0
78.0 2.0 33.0 -92.0
78.38 4.0 40.0 -103.5
78.44 3.0 35.0 -92.0
78.48 4.0 45.0 -103.5
78.65 3.0 42.0 -103.5
78.65 3.0 42.0 -103.5
78.65 3.0 42.0 -103.5
78.94 1.0 31.0 -92.0
78.94 1.0 31.0 -92.0
78.94 1.0 31.0 -92.0
79.38 5.0 47.0 -103.5
79.49 3.0 37.0 -103.5
79.49 3.0 37.0 -103.5
79.49 3.0 37.0 -103.5
79.49 3.0 37.0 -103.5
79.49 3.0 37.0 -103.5
79.49 3.0 37.0 -103.5
79.49 3.0 37.0 -103.5
79.52 4.0 40.0 -103.5
79.52 4.0 40.0 -103.5
79.52 4.0 40.0 -103.5
79.6 5.0 39.0 -103.5
79.72 3.0 48.0 -103.5
79.79 4.0 42.0 -103.5
80.18 1.0 37.0 -92.0
80.23 5.0 51.0 -103.5
80.27 1.0 37.0 -92.0
80.73 3.0 45.0 -103.5
80.73 3.0 45.0 -103.5
80.81 3.0 43.0 -103.5
80.98 3.0 47.0 -103.5
81.03 5.0 44.0 -103.5
81.05 3.0 41.0 -103.5
81.05 3.0 41.0 -103.5
81.13 4.0 48.0 -103.5
81.33 4.0 45.0 -103.5
81.64 4.0 44.0 -103.5
81.64 1.0 43.0 -92.0
81.64 3.0 42.0 -103.5
81.9 1.0 49.0 -92.0
82.38 1.0 44.0 -103.5
82.49 3.0 40.0 -103.5
82.57 1.0 37.0 -92.0
82.7 1.0 33.0 -92.0
83.38 4.0 39.0 -103.5
83.44 4.0 45.0 -103.5
83.45 3.0 44.0 -103.5
83.51 5.0 45.0 -103.5
83.98 2.0 42.0 -103.5
84.09 4.0 39.0 -103.5
84.1 4.0 44.0 -103.5
84.13 4.0 50.0 -115.0
84.31 3.0 43.0 -103.5
84.31 3.0 43.0 -103.5
84.44 4.0 39.0 -103.5
85.81 1.0 39.0 -92.0
85.86 3.0 37.0 -103.5
85.86 3.0 37.0 -103.5
85.9 3.0 46.0 -103.5
85.9 3.0 46.0 -103.5
86.07 1.0 38.0 -92.0
86.62 3.0 44.0 -103.5
86.62 3.0 44.0 -103.5
86.82 1.0 37.0 -92.0
86.82 1.0 37.0 -92.0
86.99 3.0 43.0 -103.5
87.17 3.0 40.0 -103.5
87.9 4.0 39.0 -103.5
88.14 2.0 40.0 -92.0
88.35 4.0 46.0 -115.0
88.48 4.0 38.0 -103.5
88.82 3.0 46.0 -103.5
88.89 5.0 54.0 -126.5
89.63 3.0 48.0 -103.5
89.97 1.0 43.0 -115.0
90.41 1.0 38.0 -115.0
90.41 1.0 38.0 -115.0
90.99 4.0 47.0 -126.5
91.04 5.0 50.0 -126.5
91.16 4.0 50.0 -115.0
91.16 2.0 38.0 -115.0
91.17 1.0 37.0 -115.0
91.66 1.0 50.0 -115.0
91.85 2.0 38.0 -115.0
92.12 3.0 51.0 -126.5
92.24 1.0 45.0 -115.0
92.45 4.0 57.0 -126.5
92.57 1.0 47.0 -115.0
92.88 3.0 55.0 -126.5
93.04 4.0 47.0 -126.5
93.05 3.0 44.0 -126.5
93.11 3.0 55.0 -126.5
93.3 4.0 46.0 -126.5
93.43 3.0 44.0 -126.5
93.85 5.0 51.0 -126.5
93.87 3.0 58.0 -126.5
94.14 1.0 56.0 -115.0
94.17 1.0 40.0 -115.0
94.24 3.0 55.0 -126.5
94.34 2.0 38.0 -115.0
94.36 2.0 55.0 -115.0
94.45 3.0 51.0 -126.5
94.53 3.0 50.0 -126.5
94.53 4.0 47.0 -126.5
94.56 3.0 44.0 -126.5
95.08 3.0 50.0 -126.5
95.13 5.0 54.0 -126.5
95.15 3.0 55.0 -126.5
95.3 2.0 39.0 -115.0
95.33 1.0 43.0 -115.0
95.38 1.0 44.0 -115.0
95.41 1.0 42.0 -115.0
95.71 4.0 53.0 -126.5
95.77 3.0 57.0 -126.5
95.8 3.0 52.0 -126.5
95.81 4.0 67.0 -126.5
95.88 3.0 50.0 -126.5
96.1 2.0 44.0 -115.0
96.34 2.0 39.0 -115.0
96.44 3.0 47.0 -126.5
96.62 1.0 57.0 -138.0
96.74 3.0 54.0 -126.5
96.78 1.0 38.0 -115.0
97.41 3.0 47.0 -138.0
97.54 1.0 39.0 -115.0
97.78 2.0 37.0 -115.0
97.99 4.0 41.0 -126.5
98.09 3.0 56.0 -126.5
98.09 3.0 51.0 -126.5
98.34 4.0 40.0 -126.5
98.4 3.0 42.0 -126.5
98.44 5.0 46.0 -126.5
98.57 4.0 53.0 -115.0
98.64 3.0 53.0 -126.5
98.66 3.0 45.0 -126.5
98.86 1.0 38.0 -115.0
98.95 1.0 56.0 -115.0
99.5 4.0 49.0 -126.5
99.85 1.0 52.0 -115.0
99.93 1.0 38.0 -115.0
100.19 1.0 57.0 -138.0
100.22 3.0 45.0 -126.5
100.25 3.0 50.0 -126.5
100.89 2.0 53.0 -115.0
101.32 3.0 61.0 -126.5
101.47 4.0 52.0 -126.5
101.73 3.0 54.0 -138.0
101.75 4.0 40.0 -115.0
101.85 4.0 52.0 -126.5
101.85 4.0 56.0 -126.5
101.95 3.0 58.0 -126.5
102.22 2.0 53.0 -115.0
102.25 3.0 46.0 -126.5
102.36 2.0 55.0 -138.0
102.81 2.0 43.0 -115.0
102.97 4.0 46.0 -126.5
103.08 3.0 42.0 -126.5
103.33 3.0 43.0 -126.5
104.38 4.0 40.0 -126.5
104.52 1.0 57.0 -115.0
105.11 3.0 56.0 -149.5
105.11 3.0 56.0 -149.5
105.25 3.0 49.0 -126.5
105.72 3.0 63.0 -138.0
106.08 3.0 55.0 -149.5
106.09 3.0 45.0 -126.5
106.76 4.0 49.0 -126.5
107.15 3.0 63.0 -149.5
107.22 3.0 64.0 -149.5
107.28 2.0 35.0 -115.0
107.52 3.0 59.0 -138.0
107.8 4.0 57.0 -126.5
108.14 1.0 52.0 -138.0
108.64 3.0 47.0 -126.5
108.68 1.0 66.0 -138.0
109.2 3.0 74.0 -149.5
109.24 4.0 59.0 -149.5
109.35 2.0 39.0 -115.0
109.64 4.0 44.0 -126.5
109.72 1.0 61.0 -138.0
109.92 4.0 50.0 -149.5
109.93 5.0 38.0 -126.5
109.99 3.0 61.0 -149.5
110.0 5.0 44.0 -126.5
110.03 1.0 57.0 -138.0
110.18 2.0 43.0 -115.0
110.58 3.0 52.0 -126.5
110.65 3.0 66.0 -138.0
110.83 3.0 53.0 -149.5
110.86 3.0 38.0 -115.0
111.06 1.0 55.0 -149.5
111.36 5.0 55.0 -149.5
111.41 4.0 54.0 -138.0
111.45 3.0 60.0 -149.5
111.55 1.0 55.0 -138.0
111.57 4.0 55.0 -149.5
111.6 3.0 61.0 -149.5
111.72 3.0 59.0 -149.5
112.05 4.0 58.0 -149.5
113.18 4.0 62.0 -149.5
113.21 2.0 48.0 -138.0
113.22 4.0 66.0 -149.5
113.27 2.0 47.0 -138.0
113.28 1.0 45.0 -138.0
113.34 3.0 48.0 -138.0
113.64 3.0 54.0 -149.5
113.9 3.0 58.0 -149.5
114.18 3.0 65.0 -149.5
114.32 4.0 57.0 -138.0
114.94 3.0 67.0 -149.5
115.31 3.0 58.0 -149.5
115.44 5.0 60.0 -149.5
116.0 3.0 60.0 -149.5
116.16 1.0 48.0 -138.0
116.65 1.0 48.0 -138.0
116.72 5.0 59.0 -149.5
117.15 3.0 53.0 -149.5
117.69 4.0 54.0 -149.5
117.71 4.0 44.0 -149.5
117.78 1.0 60.0 -138.0
117.99 3.0 60.0 -172.5
118.97 2.0 48.0 -138.0
119.77 5.0 53.0 -149.5
120.02 1.0 53.0 -138.0
120.43 3.0 60.0 -149.5
120.53 5.0 62.0 -149.5
120.57 2.0 44.0 -138.0
121.0 3.0 60.0 -149.5
121.14 1.0 44.0 -138.0
121.28 3.0 55.0 -149.5
121.43 5.0 59.0 -149.5
121.83 3.0 55.0 -149.5
121.9 1.0 52.0 -138.0
122.18 2.0 50.0 -138.0
122.24 1.0 52.0 -138.0
122.45 3.0 53.0 -149.5
122.84 3.0 61.0 -149.5
122.89 4.0 69.0 -172.5
123.21 3.0 54.0 -149.5
123.38 4.0 62.0 -149.5
123.59 2.0 43.0 -138.0
123.68 3.0 58.0 -149.5
124.25 2.0 47.0 -138.0
125.03 7.0 64.0 -149.5
125.15 3.0 59.0 -149.5
125.26 1.0 69.0 -161.0
125.36 3.0 71.0 -172.5
125.43 3.0 65.0 -172.5
125.43 3.0 73.0 -172.5
125.6 1.0 50.0 -138.0
126.07 1.0 61.0 -138.0
126.14 3.0 62.0 -149.5
126.53 1.0 62.0 -138.0
126.63 2.0 52.0 -161.0
126.82 4.0 51.0 -149.5
127.03 5.0 52.0 -149.5
127.1 2.0 50.0 -138.0
127.4 3.0 64.0 -172.5
128.6 3.0 71.0 -172.5
129.5 3.0 59.0 -172.5
129.77 3.0 64.0 -161.0
129.97 3.0 68.0 -172.5
130.23 5.0 81.0 -172.5
130.36 4.0 54.0 -172.5
131.49 6.0 55.0 -172.5
131.62 2.0 61.0 -149.5
131.76 3.0 68.0 -172.5
131.8 4.0 72.0 -172.5
132.22 1.0 70.0 -161.0
132.3 3.0 55.0 -161.0
132.62 1.0 59.0 -161.0
132.77 4.0 71.0 -172.5
133.12 3.0 64.0 -172.5
133.24 3.0 78.0 -172.5
133.4 3.0 54.0 -172.5
133.45 4.0 70.0 -172.5
133.55 1.0 61.0 -161.0
133.56 5.0 70.0 -172.5
133.9 3.0 71.0 -172.5
134.16 3.0 65.0 -172.5
134.31 3.0 60.0 -161.0
134.54 3.0 70.0 -172.5
134.61 3.0 68.0 -172.5
134.62 5.0 59.0 -172.5
134.7 4.0 62.0 -172.5
134.91 1.0 55.0 -161.0
134.92 1.0 68.0 -161.0
135.26 1.0 67.0 -161.0
135.55 2.0 59.0 -172.5
135.56 1.0 64.0 -161.0
135.75 1.0 55.0 -161.0
135.75 4.0 74.0 -172.5
135.76 3.0 61.0 -172.5
135.95 3.0 64.0 -172.5
136.38 1.0 52.0 -161.0
136.46 3.0 74.0 -172.5
136.78 4.0 67.0 -172.5
136.9 2.0 55.0 -161.0
136.92 2.0 67.0 -161.0
137.22 4.0 65.0 -172.5
137.24 2.0 62.0 -161.0
137.36 2.0 49.0 -161.0
137.66 6.0 70.0 -172.5
138.09 4.0 54.0 -172.5
138.36 1.0 58.0 -161.0
138.41 2.0 62.0 -184.0
138.59 4.0 77.0 -195.5
138.67 4.0 59.0 -184.0
139.04 4.0 54.0 -149.5
139.23 3.0 64.0 -172.5
139.27 4.0 83.0 -184.0
139.6 4.0 53.0 -172.5
139.79 3.0 63.0 -161.0
140.49 3.0 59.0 -172.5
140.52 3.0 69.0 -172.5
140.7 6.0 71.0 -172.5
141.23 1.0 58.0 -161.0
141.86 3.0 85.0 -195.5
142.07 3.0 68.0 -172.5
142.09 4.0 66.0 -184.0
142.94 4.0 51.0 -161.0
143.67 3.0 61.0 -184.0
143.86 3.0 62.0 -172.5
143.92 3.0 60.0 -172.5
143.97 3.0 63.0 -195.5
144.08 3.0 73.0 -195.5
144.91 6.0 76.0 -195.5
144.99 3.0 81.0 -195.5
145.03 4.0 49.0 -172.5
145.12 5.0 48.0 -172.5
145.21 2.0 67.0 -161.0
145.37 3.0 84.0 -195.5
145.5 1.0 55.0 -161.0
145.59 3.0 79.0 -184.0
145.88 1.0 48.0 -161.0
146.07 4.0 76.0 -195.5
146.11 1.0 56.0 -184.0
146.11 3.0 68.0 -195.5
146.53 4.0 59.0 -195.5
146.67 4.0 76.0 -195.5
146.7 3.0 72.0 -195.5
147.42 6.0 57.0 -195.5
147.59 5.0 45.0 -172.5
147.77 5.0 75.0 -195.5
147.93 2.0 72.0 -172.5
148.45 3.0 63.0 -195.5
148.87 1.0 60.0 -184.0
149.07 4.0 58.0 -172.5
149.19 7.0 68.0 -195.5
149.31 1.0 59.0 -161.0
149.42 3.0 73.0 -195.5
149.48 3.0 63.0 -195.5
149.59 3.0 80.0 -195.5
149.96 4.0 69.0 -172.5
150.18 1.0 67.0 -184.0
150.67 2.0 60.0 -184.0
150.93 4.0 86.0 -195.5
151.23 3.0 77.0 -195.5
151.25 2.0 60.0 -161.0
151.26 3.0 55.0 -184.0
151.42 3.0 86.0 -195.5
151.5 4.0 69.0 -195.5
151.66 4.0 85.0 -195.5
152.1 3.0 78.0 -195.5
152.18 1.0 53.0 -161.0
152.4 4.0 59.0 -161.0
152.95 3.0 74.0 -184.0
153.31 6.0 52.0 -184.0
153.35 6.0 61.0 -195.5
154.31 3.0 55.0 -195.5
154.65 2.0 76.0 -184.0
154.95 4.0 68.0 -195.5
155.16 2.0 55.0 -172.5
155.16 3.0 64.0 -195.5
155.66 11.0 56.0 -230.0
155.74 3.0 86.0 -195.5
155.76 4.0 62.0 -172.5
155.8 6.0 84.0 -207.0
156.65 1.0 70.0 -184.0
156.82 1.0 55.0 -184.0
156.96 2.0 75.0 -184.0
157.47 1.0 61.0 -184.0
157.54 2.0 62.0 -184.0
158.41 7.0 52.0 -172.5
158.64 2.0 69.0 -184.0
159.34 5.0 53.0 -195.5
160.3 4.0 67.0 -218.5
162.97 4.0 98.0 -218.5
163.04 5.0 63.0 -195.5
163.5 4.0 65.0 -218.5
163.57 3.0 107.0 -218.5
164.21 10.0 59.0 -230.0
164.77 3.0 58.0 -184.0
164.98 2.0 58.0 -184.0
167.87 2.0 63.0 -184.0
167.96 4.0 70.0 -218.5
168.17 2.0 66.0 -184.0
168.59 4.0 55.0 -195.5
168.65 3.0 77.0 -230.0
168.73 2.0 70.0 -184.0
169.62 4.0 82.0 -195.5
169.9 1.0 61.0 -207.0
170.55 13.0 82.0 -264.5
170.78 4.0 103.0 -241.5
171.26 3.0 65.0 -218.5
171.59 5.0 60.0 -218.5
171.64 4.0 69.0 -207.0
171.93 5.0 86.0 -218.5
172.75 3.0 81.0 -218.5
173.25 1.0 70.0 -207.0
173.33 10.0 83.0 -253.0
173.8 4.0 97.0 -218.5
174.02 6.0 66.0 -218.5
174.17 3.0 95.0 -218.5
174.64 1.0 79.0 -230.0
175.15 5.0 85.0 -218.5
175.66 4.0 68.0 -207.0
177.08 4.0 72.0 -195.5
177.33 3.0 96.0 -218.5
177.91 4.0 66.0 -241.5
177.98 3.0 77.0 -207.0
178.72 4.0 109.0 -218.5
178.98 5.0 79.0 -241.5
180.59 5.0 88.0 -241.5
181.12 1.0 73.0 -218.5
181.26 5.0 65.0 -218.5
181.56 4.0 74.0 -230.0
182.36 5.0 91.0 -218.5
182.48 3.0 111.0 -241.5
182.77 9.0 63.0 -253.0
183.12 11.0 71.0 -276.0
183.42 2.0 65.0 -207.0
184.03 1.0 85.0 -230.0
184.07 5.0 63.0 -218.5
185.12 5.0 86.0 -241.5
186.95 4.0 65.0 -218.5
187.14 4.0 72.0 -241.5
187.24 1.0 73.0 -207.0
188.42 14.0 87.0 -276.0
188.66 3.0 72.0 -241.5
188.75 15.0 74.0 -287.5
188.82 6.0 65.0 -241.5
189.96 3.0 74.0 -241.5
190.7 5.0 62.0 -253.0
190.93 13.0 65.0 -276.0
191.17 3.0 98.0 -230.0
191.54 3.0 102.0 -241.5
191.65 6.0 93.0 -264.5
191.77 1.0 70.0 -207.0
192.06 4.0 73.0 -241.5
192.89 13.0 60.0 -276.0
193.71 14.0 67.0 -253.0
195.29 4.0 81.0 -264.5
196.34 14.0 86.0 -299.0
196.59 7.0 79.0 -264.5
196.73 6.0 74.0 -241.5
197.04 5.0 70.0 -241.5
197.15 3.0 101.0 -253.0
197.34 5.0 64.0 -241.5
197.64 4.0 80.0 -264.5
199.16 4.0 76.0 -241.5
199.49 4.0 73.0 -264.5
199.79 5.0 68.0 -241.5
200.05 5.0 61.0 -241.5
200.05 12.0 65.0 -276.0
202.05 5.0 61.0 -218.5
202.64 5.0 75.0 -264.5
202.94 3.0 73.0 -241.5
203.04 4.0 80.0 -264.5
203.98 17.0 66.0 -299.0
204.47 13.0 58.0 -276.0
204.63 4.0 62.0 -241.5
204.84 4.0 87.0 -264.5
205.46 16.0 79.0 -322.0
205.77 4.0 74.0 -241.5
205.98 4.0 76.0 -241.5
206.25 13.0 87.0 -322.0
206.38 6.0 65.0 -241.5
206.43 5.0 74.0 -264.5
207.18 5.0 71.0 -241.5
207.25 13.0 63.0 -299.0
207.37 15.0 78.0 -310.5
207.49 4.0 119.0 -276.0
208.15 4.0 78.0 -264.5
209.0 3.0 74.0 -241.5
209.23 13.0 79.0 -299.0
209.28 3.0 88.0 -253.0
209.38 4.0 75.0 -264.5
209.56 12.0 73.0 -299.0
210.13 13.0 100.0 -322.0
210.24 5.0 71.0 -264.5
210.24 5.0 114.0 -287.5
211.08 15.0 87.0 -322.0
211.63 12.0 85.0 -299.0
211.95 5.0 62.0 -241.5
212.38 4.0 79.0 -264.5
213.29 6.0 69.0 -241.5
214.84 4.0 85.0 -264.5
216.24 5.0 89.0 -287.5
216.29 14.0 83.0 -310.5
216.52 3.0 80.0 -264.5
216.64 4.0 81.0 -264.5
217.51 7.0 69.0 -264.5
217.8 7.0 80.0 -264.5
218.15 6.0 64.0 -241.5
218.17 7.0 66.0 -264.5
218.34 15.0 88.0 -322.0
218.48 4.0 84.0 -253.0
218.49 7.0 76.0 -264.5
219.95 5.0 101.0 -287.5
221.13 4.0 90.0 -287.5
221.43 8.0 104.0 -299.0
222.27 18.0 88.0 -322.0
222.71 3.0 115.0 -264.5
222.85 6.0 96.0 -287.5
223.69 16.0 97.0 -299.0
223.76 5.0 99.0 -287.5
223.96 15.0 89.0 -322.0
225.15 13.0 77.0 -333.5
225.42 4.0 73.0 -253.0
226.14 17.0 91.0 -322.0
226.19 4.0 84.0 -264.5
226.59 6.0 92.0 -287.5
226.69 4.0 90.0 -287.5
226.8 5.0 76.0 -264.5
227.91 7.0 70.0 -264.5
228.19 4.0 92.0 -276.0
228.89 5.0 99.0 -310.5
229.73 8.0 75.0 -287.5
230.02 5.0 86.0 -287.5
230.06 8.0 90.0 -287.5
230.66 6.0 83.0 -287.5
230.82 4.0 94.0 -310.5
230.95 6.0 103.0 -310.5
231.45 14.0 113.0 -345.0
232.18 21.0 94.0 -345.0
233.12 6.0 88.0 -287.5
233.27 19.0 79.0 -322.0
233.33 4.0 92.0 -287.5
233.4 5.0 90.0 -264.5
233.43 17.0 78.0 -299.0
233.8 5.0 70.0 -264.5
234.77 19.0 92.0 -345.0
235.57 5.0 95.0 -287.5
235.67 5.0 92.0 -310.5
236.15 20.0 88.0 -345.0
236.76 7.0 95.0 -264.5
237.0 5.0 81.0 -287.5
237.51 7.0 82.0 -287.5
237.53 6.0 109.0 -310.5
237.7 19.0 104.0 -345.0
238.47 6.0 79.0 -287.5
238.66 4.0 90.0 -287.5
239.96 21.0 82.0 -345.0
240.35 22.0 93.0 -368.0
240.65 20.0 95.0 -345.0
241.2 4.0 87.0 -287.5
241.51 8.0 84.0 -264.5
241.77 5.0 75.0 -287.5
242.82 19.0 93.0 -345.0
243.1 8.0 106.0 -310.5
243.15 16.0 90.0 -345.0
244.04 6.0 99.0 -287.5
244.76 5.0 77.0 -287.5
245.09 19.0 95.0 -368.0
245.28 13.0 99.0 -345.0
245.64 6.0 72.0 -287.5
246.1 20.0 83.0 -345.0
246.89 6.0 81.0 -287.5
246.93 6.0 113.0 -333.5
247.4 7.0 76.0 -287.5
247.48 18.0 88.0 -345.0
247.84 14.0 77.0 -345.0
248.06 5.0 71.0 -287.5
248.14 15.0 94.0 -345.0
248.32 7.0 92.0 -310.5
248.38 3.0 99.0 -310.5
249.8 14.0 88.0 -345.0
250.1 16.0 101.0 -368.0
250.48 4.0 119.0 -322.0
250.87 4.0 99.0 -310.5
250.94 23.0 111.0 -391.0
251.69 6.0 89.0 -287.5
251.84 9.0 78.0 -287.5
251.88 18.0 98.0 -368.0
253.4 5.0 97.0 -333.5
253.49 5.0 87.0 -310.5
254.27 14.0 90.0 -345.0
254.72 6.0 105.0 -287.5
254.83 22.0 90.0 -345.0
255.2 7.0 65.0 -276.0
255.29 15.0 95.0 -368.0
255.36 3.0 97.0 -276.0
255.38 6.0 119.0 -333.5
255.61 20.0 96.0 -368.0
255.8 5.0 111.0 -333.5
255.88 21.0 107.0 -391.0
255.98 8.0 101.0 -333.5
256.06 15.0 105.0 -345.0
256.21 16.0 103.0 -379.5
256.56 5.0 118.0 -345.0
257.26 14.0 85.0 -368.0
257.43 5.0 95.0 -333.5
258.45 5.0 77.0 -287.5
258.63 4.0 109.0 -333.5
260.11 9.0 82.0 -310.5
260.12 3.0 101.0 -333.5
260.47 7.0 89.0 -310.5
260.94 7.0 92.0 -333.5
261.01 5.0 73.0 -287.5
261.03 21.0 95.0 -391.0
261.05 4.0 105.0 -333.5
263.23 6.0 108.0 -345.0
263.42 7.0 100.0 -333.5
263.83 6.0 108.0 -333.5
264.54 9.0 84.0 -322.0
264.64 21.0 99.0 -391.0
264.97 17.0 104.0 -391.0
265.9 8.0 95.0 -310.5
266.39 4.0 104.0 -333.5
266.45 19.0 90.0 -391.0
266.89 18.0 106.0 -391.0
267.25 21.0 110.0 -391.0
267.46 7.0 86.0 -333.5
268.0 21.0 97.0 -379.5
268.18 6.0 96.0 -310.5
268.24 8.0 104.0 -333.5
268.85 19.0 109.0 -414.0
269.22 8.0 98.0 -333.5
270.05 20.0 95.0 -391.0
270.4 3.0 120.0 -356.5
271.76 8.0 102.0 -345.0
272.37 19.0 104.0 -391.0
272.85 22.0 96.0 -414.0
273.67 7.0 106.0 -322.0
274.27 6.0 97.0 -356.5
274.57 7.0 120.0 -356.5
274.76 5.0 120.0 -379.5
275.26 15.0 114.0 -391.0
275.69 7.0 124.0 -379.5
275.96 4.0 111.0 -333.5
278.16 7.0 94.0 -322.0
278.5 16.0 111.0 -414.0
279.35 21.0 110.0 -414.0
280.66 5.0 119.0 -379.5
280.89 7.0 108.0 -356.5
280.94 5.0 93.0 -333.5
281.73 20.0 111.0 -414.0
281.82 6.0 107.0 -356.5
282.0 7.0 141.0 -356.5
282.18 5.0 102.0 -356.5
282.43 7.0 115.0 -356.5
283.29 8.0 114.0 -379.5
283.87 6.0 103.0 -379.5
285.19 6.0 112.0 -379.5
285.44 20.0 96.0 -402.5
285.6 7.0 78.0 -310.5
285.71 24.0 117.0 -437.0
285.93 6.0 82.0 -333.5
286.5 6.0 123.0 -379.5
288.63 5.0 117.0 -356.5
288.68 7.0 118.0 -379.5
289.56 23.0 106.0 -437.0
289.71 4.0 121.0 -379.5
291.24 14.0 71.0 -356.5
292.09 19.0 109.0 -414.0
292.82 3.0 123.0 -356.5
293.99 7.0 123.0 -368.0
298.48 22.0 87.0 -414.0
299.43 5.0 114.0 -379.5
299.93 4.0 134.0 -379.5
301.68 23.0 108.0 -437.0
302.51 8.0 90.0 -356.5
302.68 18.0 116.0 -437.0
302.91 5.0 122.0 -379.5
303.39 7.0 120.0 -379.5
304.68 8.0 119.0 -379.5
304.99 8.0 123.0 -379.5
306.44 12.0 78.0 -356.5
306.56 6.0 139.0 -402.5
307.21 7.0 116.0 -402.5
307.35 21.0 124.0 -460.0
308.61 3.0 176.0 -402.5
312.04 8.0 118.0 -402.5
313.83 19.0 107.0 -437.0
314.82 24.0 124.0 -471.5
315.51 23.0 113.0 -460.0
315.93 21.0 117.0 -437.0
316.74 8.0 124.0 -402.5
319.27 23.0 99.0 -437.0
319.53 15.0 82.0 -379.5
319.55 6.0 115.0 -402.5
319.86 12.0 123.0 -425.5
321.37 18.0 83.0 -402.5
323.14 8.0 141.0 -402.5
324.29 15.0 76.0 -379.5
324.74 20.0 112.0 -437.0
324.87 16.0 76.0 -379.5
326.47 17.0 81.0 -379.5
328.0 20.0 127.0 -483.0
328.4 7.0 123.0 -402.5
330.52 17.0 73.0 -379.5
331.22 7.0 112.0 -402.5
335.18 16.0 89.0 -402.5
335.31 25.0 125.0 -483.0
335.73 4.0 187.0 -425.5
336.61 18.0 88.0 -402.5
336.66 16.0 89.0 -402.5
336.81 18.0 89.0 -425.5
337.03 14.0 90.0 -402.5
340.36 22.0 125.0 -483.0
351.15 18.0 96.0 -425.5
351.26 4.0 181.0 -471.5
351.3 19.0 87.0 -425.5
351.71 28.0 143.0 -506.0
352.18 10.0 121.0 -425.5
352.92 17.0 84.0 -425.5
353.33 22.0 115.0 -483.0
354.44 6.0 130.0 -448.5
354.53 18.0 88.0 -425.5
356.36 27.0 115.0 -506.0
356.8 24.0 133.0 -506.0
359.19 14.0 85.0 -402.5
359.46 23.0 125.0 -506.0
360.06 25.0 132.0 -506.0
364.94 3.0 191.0 -471.5
366.29 6.0 165.0 -471.5
372.45 18.0 78.0 -402.5
373.02 22.0 92.0 -448.5
376.16 17.0 88.0 -437.0
378.33 3.0 223.0 -494.5
381.15 21.0 91.0 -460.0
382.78 3.0 220.0 -517.5
383.23 22.0 108.0 -460.0
383.31 21.0 117.0 -471.5
383.69 8.0 150.0 -494.5
383.91 20.0 95.0 -448.5
385.73 14.0 100.0 -448.5
387.85 4.0 232.0 -494.5
388.17 28.0 134.0 -552.0
389.88 23.0 113.0 -494.5
391.71 18.0 90.0 -448.5
392.35 21.0 98.0 -471.5
392.64 3.0 201.0 -494.5
394.09 3.0 235.0 -517.5
395.64 3.0 240.0 -517.5
396.52 3.0 230.0 -540.5
397.89 22.0 113.0 -494.5
399.74 21.0 95.0 -471.5
400.31 23.0 102.0 -494.5
403.09 16.0 92.0 -460.0
403.38 21.0 107.0 -494.5
405.55 22.0 101.0 -471.5
405.95 4.0 239.0 -552.0
408.6 20.0 97.0 -471.5
408.68 4.0 215.0 -506.0
408.85 3.0 248.0 -540.5
409.41 3.0 254.0 -540.5
410.71 20.0 103.0 -471.5
411.12 4.0 228.0 -540.5
414.6 23.0 99.0 -494.5
416.75 21.0 95.0 -483.0
418.79 3.0 241.0 -563.5
419.26 3.0 213.0 -540.5
420.07 23.0 111.0 -506.0
420.21 3.0 229.0 -540.5
420.22 18.0 100.0 -471.5
420.23 3.0 241.0 -540.5
421.02 21.0 110.0 -494.5
423.67 4.0 223.0 -563.5
423.79 3.0 249.0 -563.5
424.32 21.0 106.0 -517.5
424.36 8.0 147.0 -517.5
427.04 23.0 102.0 -494.5
428.38 3.0 192.0 -540.5
428.49 21.0 116.0 -517.5
428.83 23.0 116.0 -529.0
430.5 4.0 240.0 -563.5
433.71 25.0 106.0 -517.5
434.58 20.0 109.0 -517.5
434.64 20.0 108.0 -517.5
434.66 24.0 117.0 -540.5
435.26 24.0 112.0 -517.5
435.79 4.0 211.0 -563.5
436.45 4.0 249.0 -563.5
437.83 4.0 253.0 -575.0
437.97 3.0 214.0 -563.5
439.16 3.0 241.0 -563.5
443.49 23.0 113.0 -517.5
443.63 3.0 249.0 -563.5
443.86 23.0 100.0 -517.5
443.91 24.0 117.0 -540.5
444.25 3.0 216.0 -563.5
444.54 26.0 127.0 -540.5
446.29 24.0 129.0 -540.5
447.22 21.0 121.0 -517.5
447.65 3.0 228.0 -563.5
447.78 23.0 116.0 -529.0
447.91 3.0 256.0 -586.5
448.04 3.0 236.0 -563.5
448.05 5.0 242.0 -586.5
448.92 21.0 107.0 -517.5
450.19 28.0 116.0 -540.5
451.58 4.0 248.0 -586.5
451.61 22.0 123.0 -517.5
452.23 23.0 113.0 -517.5
452.44 5.0 236.0 -598.0
453.16 3.0 248.0 -563.5
453.4 22.0 139.0 -563.5
454.1 25.0 135.0 -563.5
455.32 3.0 257.0 -586.5
456.53 4.0 239.0 -586.5
456.55 27.0 113.0 -540.5
457.7 4.0 229.0 -586.5
459.48 4.0 257.0 -598.0
460.06 27.0 113.0 -540.5
460.93 6.0 260.0 -586.5
462.57 5.0 262.0 -609.5
462.61 3.0 254.0 -598.0
462.92 25.0 123.0 -563.5
464.31 23.0 113.0 -540.5
464.68 3.0 262.0 -609.5
466.76 4.0 265.0 -586.5
470.54 4.0 263.0 -632.5
470.74 3.0 291.0 -632.5
473.13 26.0 124.0 -563.5
473.47 27.0 126.0 -563.5
473.63 3.0 256.0 -609.5
473.89 4.0 258.0 -609.5
473.97 22.0 119.0 -552.0
474.11 23.0 118.0 -563.5
474.12 3.0 277.0 -586.5
474.6 22.0 121.0 -563.5
475.2 23.0 130.0 -563.5
476.12 4.0 276.0 -632.5
479.18 27.0 123.0 -575.0
480.34 3.0 256.0 -609.5
480.46 3.0 261.0 -586.5
481.71 21.0 125.0 -563.5
481.88 3.0 258.0 -609.5
482.0 4.0 262.0 -632.5
482.27 25.0 129.0 -586.5
482.4 28.0 129.0 -586.5
482.55 3.0 242.0 -586.5
483.12 29.0 129.0 -586.5
483.19 29.0 115.0 -575.0
483.3 3.0 242.0 -586.5
483.95 25.0 121.0 -540.5
483.96 25.0 108.0 -552.0
484.72 26.0 133.0 -586.5
485.24 4.0 254.0 -609.5
488.62 5.0 254.0 -609.5
489.27 29.0 124.0 -586.5
493.7 29.0 128.0 -598.0
495.19 3.0 267.0 -609.5
495.21 3.0 292.0 -632.5
495.49 4.0 286.0 -644.0
497.33 3.0 282.0 -609.5
498.02 3.0 274.0 -655.5
498.67 27.0 134.0 -563.5
499.19 3.0 245.0 -609.5
499.41 3.0 275.0 -632.5
499.68 4.0 292.0 -632.5
500.87 3.0 277.0 -632.5
505.51 28.0 120.0 -586.5
505.59 3.0 299.0 -655.5
508.36 28.0 123.0 -586.5
509.59 4.0 276.0 -655.5
510.35 29.0 121.0 -609.5
511.05 3.0 293.0 -655.5
513.08 25.0 118.0 -586.5
515.81 3.0 265.0 -632.5
516.94 4.0 271.0 -632.5
520.27 27.0 144.0 -609.5
520.75 29.0 133.0 -632.5
523.67 25.0 134.0 -632.5
534.0 3.0 297.0 -678.5
534.62 3.0 286.0 -678.5
534.69 25.0 133.0 -632.5
536.11 4.0 278.0 -678.5
536.43 28.0 161.0 -655.5
539.7 4.0 273.0 -655.5
539.87 28.0 141.0 -609.5
540.99 4.0 320.0 -701.5
541.33 4.0 303.0 -701.5
541.83 3.0 298.0 -690.0
543.29 4.0 322.0 -701.5
543.51 3.0 311.0 -678.5
544.8 4.0 282.0 -678.5
545.27 4.0 302.0 -724.5
545.56 29.0 145.0 -655.5
546.41 30.0 127.0 -632.5
549.98 4.0 287.0 -678.5
556.92 3.0 301.0 -701.5
560.58 4.0 286.0 -678.5
566.42 26.0 138.0 -655.5
566.71 4.0 300.0 -724.5
566.94 3.0 258.0 -678.5
569.47 3.0 318.0 -724.5
573.62 3.0 301.0 -701.5
582.01 5.0 332.0 -770.5
583.09 5.0 294.0 -724.5
587.47 3.0 317.0 -724.5
591.14 4.0 299.0 -724.5
600.97 4.0 322.0 -747.5
605.0 3.0 291.0 -724.5
617.4 32.0 151.0 -724.5
617.77 4.0 350.0 -770.5
