2653.0 -5263.0
2685.0 -5292.0
2686.0 -5221.0
2686.0 -5302.0
2694.0 -5091.0
2705.0 -5109.0
2707.0 -5109.0
2707.0 -5500.0
2707.0 -5217.0
2729.0 -5221.0
2731.0 -5351.0
2735.0 -5203.0
2737.0 -5421.0
2741.0 -5217.0
2744.0 -5109.0
2748.0 -5294.0
2749.0 -5292.0
2752.0 -5294.0
2753.0 -5351.0
2754.0 -5305.0
2754.0 -5193.0
2756.0 -5369.0
2762.0 -5399.0
2764.0 -5143.0
2764.0 -5208.0
2765.0 -5351.0
2768.0 -5091.0
2768.0 -5410.0
2770.0 -5315.0
2770.0 -5201.0
2770.0 -5532.0
2772.0 -5294.0
2778.0 -5287.0
2780.0 -5111.0
2780.0 -5315.0
2780.0 -5431.0
2782.0 -5230.0
2784.0 -5357.0
2784.0 -5324.0
2784.0 -5445.0
2784.0 -5424.0
2785.0 -5273.0
2786.0 -5292.0
2788.0 -5292.0
2789.0 -5641.0
2789.0 -5689.0
2790.0 -5306.0
2790.0 -5430.0
2790.0 -5273.0
2792.0 -5187.0
2792.0 -5201.0
2794.0 -5573.0
2796.0 -5286.0
2796.0 -5202.0
2797.0 -5280.0
2798.0 -5431.0
2799.0 -5174.0
2801.0 -5280.0
2803.0 -5305.0
2804.0 -5283.0
2804.0 -5427.0
2804.0 -5642.0
2804.0 -5591.0
2805.0 -5351.0
2805.0 -5111.0
2805.0 -5315.0
2805.0 -5174.0
2805.0 -5217.0
2808.0 -5305.0
2808.0 -5351.0
2808.0 -5294.0
2808.0 -5495.0
2809.0 -5351.0
2810.0 -5148.0
2812.0 -5292.0
2812.0 -5376.0
2812.0 -5351.0
2812.0 -5273.0
2813.0 -5135.0
2813.0 -5217.0
2814.0 -5334.0
2814.0 -5217.0
2815.0 -5305.0
2816.0 -5351.0
2817.0 -5399.0
2817.0 -5401.0
2817.0 -5292.0
2817.0 -5303.0
2817.0 -5342.0
2819.0 -5139.0
2819.0 -5305.0
2820.0 -5421.0
2820.0 -5455.0
2820.0 -5364.0
2821.0 -5292.0
2823.0 -5334.0
2823.0 -5159.0
2823.0 -5399.0
2826.0 -5310.0
2826.0 -5437.0
2827.0 -5376.0
2829.0 -5164.0
2829.0 -5164.0
2829.0 -5207.0
2829.0 -5337.0
2829.0 -5414.0
2831.0 -5262.0
2832.0 -5393.0
2833.0 -5091.0
2833.0 -5127.0
2833.0 -5574.0
2833.0 -5272.0
2833.0 -5305.0
2833.0 -5351.0
2833.0 -5520.0
2836.0 -5481.0
2837.0 -5285.0
2837.0 -5502.0
2837.0 -5427.0
2838.0 -5275.0
2838.0 -5305.0
2838.0 -5703.0
2838.0 -5437.0
2838.0 -5351.0
2839.0 -5286.0
2841.0 -5207.0
2841.0 -5376.0
2841.0 -5351.0
2841.0 -5351.0
2841.0 -5378.0
2841.0 -5364.0
2841.0 -5289.0
2843.0 -5159.0
2844.0 -5360.0
2845.0 -5259.0
2846.0 -5322.0
2848.0 -5289.0
2848.0 -5351.0
2848.0 -5441.0
2848.0 -5460.0
2849.0 -5061.0
2849.0 -5305.0
2850.0 -5139.0
2850.0 -5378.0
2850.0 -5246.0
2851.0 -5174.0
2851.0 -5201.0
2852.0 -5376.0
2853.0 -5139.0
2854.0 -5180.0
2854.0 -5445.0
2854.0 -5352.0
2854.0 -5305.0
2855.0 -5277.0
2855.0 -5679.0
2856.0 -5427.0
2856.0 -5437.0
2856.0 -5472.0
2856.0 -5139.0
2858.0 -5292.0
2858.0 -5246.0
2860.0 -5134.0
2861.0 -5298.0
2861.0 -5351.0
2863.0 -5091.0
2864.0 -5223.0
2864.0 -5355.0
2864.0 -5471.0
2865.0 -5364.0
2865.0 -5441.0
2866.0 -5101.0
2866.0 -5369.0
2867.0 -5139.0
2867.0 -5474.0
2868.0 -5289.0
2869.0 -5180.0
2869.0 -5334.0
2869.0 -5435.0
2869.0 -5495.0
2870.0 -5289.0
2870.0 -5139.0
2870.0 -5246.0
2870.0 -5351.0
2870.0 -5399.0
2870.0 -5246.0
2870.0 -5246.0
2871.0 -5280.0
2871.0 -5351.0
2872.0 -5679.0
2872.0 -5466.0
2872.0 -5351.0
2872.0 -5305.0
2873.0 -5351.0
2873.0 -5443.0
2873.0 -5731.0
2874.0 -5656.0
2874.0 -5305.0
2875.0 -5213.0
2875.0 -5292.0
2875.0 -5289.0
2875.0 -5351.0
2875.0 -5330.0
2876.0 -5139.0
2876.0 -5292.0
2876.0 -5325.0
2877.0 -5207.0
2877.0 -5245.0
2878.0 -5437.0
2879.0 -5292.0
2879.0 -5321.0
2879.0 -5399.0
2880.0 -5289.0
2880.0 -5139.0
2881.0 -5461.0
2881.0 -5161.0
2881.0 -5476.0
2882.0 -5463.0
2882.0 -5262.0
2883.0 -5139.0
2883.0 -5139.0
2884.0 -5235.0
2884.0 -5351.0
2884.0 -5436.0
2884.0 -5262.0
2884.0 -5393.0
2884.0 -5441.0
2884.0 -5336.0
2884.0 -5383.0
2885.0 -5267.0
2885.0 -5495.0
2885.0 -5359.0
2886.0 -5209.0
2886.0 -5292.0
2887.0 -5616.0
2888.0 -5351.0
2888.0 -5410.0
2888.0 -5461.0
2889.0 -5420.0
2889.0 -5351.0
2889.0 -5351.0
2890.0 -5139.0
2890.0 -5331.0
2890.0 -5299.0
2891.0 -5574.0
2891.0 -5233.0
2891.0 -5351.0
2891.0 -5262.0
2893.0 -5351.0
2893.0 -5351.0
2893.0 -5262.0
2893.0 -5139.0
2894.0 -5399.0
2894.0 -5174.0
2894.0 -5289.0
2894.0 -5463.0
2896.0 -5279.0
2896.0 -5574.0
2896.0 -5195.0
2896.0 -5354.0
2898.0 -5292.0
2898.0 -5437.0
2898.0 -5298.0
2898.0 -5323.0
2899.0 -5289.0
2899.0 -5376.0
2899.0 -5437.0
2899.0 -5426.0
2899.0 -5161.0
2899.0 -5332.0
2900.0 -5351.0
2900.0 -5139.0
2900.0 -5703.0
2901.0 -5639.0
2902.0 -5354.0
2902.0 -5310.0
2903.0 -5399.0
2904.0 -5323.0
2904.0 -5432.0
2904.0 -5396.0
2905.0 -5432.0
2905.0 -5485.0
2906.0 -5289.0
2906.0 -5139.0
2906.0 -5285.0
2906.0 -5354.0
2906.0 -5195.0
2906.0 -5208.0
2906.0 -5340.0
2906.0 -5352.0
2907.0 -5292.0
2908.0 -5286.0
2908.0 -5305.0
2908.0 -5275.0
2908.0 -5574.0
2908.0 -5360.0
2908.0 -5274.0
2908.0 -5091.0
2908.0 -5665.0
2908.0 -5379.0
2908.0 -5352.0
2908.0 -5351.0
2909.0 -5351.0
2909.0 -5207.0
2909.0 -5472.0
2909.0 -5331.0
2910.0 -5415.0
2910.0 -5223.0
2910.0 -5109.0
2910.0 -5376.0
2910.0 -5433.0
2911.0 -5537.0
2911.0 -5280.0
2912.0 -5399.0
2912.0 -5091.0
2912.0 -5351.0
2912.0 -5285.0
2913.0 -5186.0
2913.0 -5075.0
2913.0 -5210.0
2913.0 -5109.0
2913.0 -5346.0
2913.0 -5358.0
2913.0 -5415.0
2913.0 -5305.0
2913.0 -5207.0
2913.0 -5351.0
2913.0 -5364.0
2913.0 -5391.0
2913.0 -5319.0
2913.0 -5459.0
2913.0 -5367.0
2913.0 -5382.0
2914.0 -5426.0
2914.0 -5477.0
2915.0 -5139.0
2915.0 -5139.0
2915.0 -5399.0
2915.0 -5159.0
2915.0 -5277.0
2917.0 -5173.0
2917.0 -5399.0
2917.0 -5254.0
2917.0 -5027.0
2917.0 -5399.0
2917.0 -5207.0
2917.0 -5298.0
2917.0 -5159.0
2917.0 -5703.0
2918.0 -5139.0
2919.0 -5139.0
2919.0 -5472.0
2919.0 -5252.0
2920.0 -5158.0
2920.0 -5399.0
2920.0 -5149.0
2920.0 -5436.0
2920.0 -5468.0
2920.0 -5354.0
2920.0 -5271.0
2920.0 -5252.0
2920.0 -5544.0
2920.0 -5418.0
2921.0 -5392.0
2921.0 -5474.0
2921.0 -5550.0
2921.0 -5334.0
2921.0 -5364.0
2921.0 -5351.0
2922.0 -5495.0
2922.0 -5468.0
2923.0 -5168.0
2923.0 -5292.0
2923.0 -5511.0
2923.0 -5703.0
2923.0 -5148.0
2923.0 -5379.0
2924.0 -5091.0
2924.0 -5351.0
2924.0 -5467.0
2924.0 -5243.0
2924.0 -5207.0
2924.0 -5461.0
2924.0 -5550.0
2924.0 -5463.0
2924.0 -5550.0
2924.0 -5302.0
2924.0 -5519.0
2924.0 -5639.0
2924.0 -5484.0
2926.0 -5352.0
2926.0 -5203.0
2926.0 -5254.0
2926.0 -5091.0
2926.0 -5306.0
2926.0 -5351.0
2926.0 -5442.0
2926.0 -5201.0
2926.0 -5271.0
2926.0 -5177.0
2926.0 -5167.0
2927.0 -5199.0
2927.0 -5262.0
2928.0 -5139.0
2928.0 -5354.0
2928.0 -5641.0
2929.0 -5158.0
2930.0 -5121.0
2930.0 -5279.0
2930.0 -5206.0
2930.0 -5319.0
2931.0 -5218.0
2932.0 -5703.0
2932.0 -5594.0
2932.0 -5491.0
2932.0 -5554.0
2932.0 -5468.0
2933.0 -5139.0
2935.0 -5472.0
2935.0 -5352.0
2935.0 -5573.0
2935.0 -5399.0
2935.0 -5408.0
2936.0 -5091.0
2936.0 -5262.0
2936.0 -5298.0
2936.0 -5218.0
2937.0 -4971.0
2937.0 -5296.0
2937.0 -5399.0
2937.0 -5298.0
2937.0 -5256.0
2937.0 -5456.0
2938.0 -5296.0
2938.0 -5376.0
2938.0 -5089.0
2938.0 -5351.0
2938.0 -5351.0
2938.0 -5243.0
2938.0 -5410.0
2938.0 -5331.0
2938.0 -5243.0
2938.0 -5406.0
2938.0 -5472.0
2938.0 -5463.0
2939.0 -5207.0
2939.0 -5391.0
2939.0 -5214.0
2939.0 -5289.0
2939.0 -5255.0
2939.0 -5239.0
2939.0 -5351.0
2939.0 -5364.0
2940.0 -4897.0
2940.0 -5139.0
2940.0 -5139.0
2940.0 -5264.0
2940.0 -5433.0
2940.0 -5225.0
2940.0 -5277.0
2940.0 -5319.0
2940.0 -5283.0
2940.0 -5272.0
2940.0 -5336.0
2940.0 -5399.0
2940.0 -5672.0
2940.0 -5369.0
2941.0 -5183.0
2941.0 -5292.0
2941.0 -5272.0
2941.0 -5352.0
2942.0 -5481.0
2942.0 -5413.0
2943.0 -5519.0
2944.0 -5091.0
2944.0 -5262.0
2944.0 -5363.0
2944.0 -5139.0
2944.0 -5308.0
2944.0 -5703.0
2945.0 -5426.0
2945.0 -5391.0
2945.0 -5164.0
2945.0 -5337.0
2946.0 -5261.0
2946.0 -5278.0
2946.0 -5076.0
2946.0 -5351.0
2946.0 -5594.0
2946.0 -5442.0
2946.0 -5437.0
2946.0 -5391.0
2946.0 -5659.0
2946.0 -5431.0
2946.0 -5561.0
2946.0 -5656.0
2946.0 -5351.0
2947.0 -5376.0
2947.0 -5437.0
2947.0 -5679.0
2947.0 -5185.0
2948.0 -5472.0
2949.0 -5594.0
2949.0 -5305.0
2949.0 -5289.0
2949.0 -5351.0
2950.0 -5292.0
2950.0 -5376.0
2950.0 -5201.0
2950.0 -5436.0
2951.0 -5383.0
2951.0 -5330.0
2951.0 -5297.0
2951.0 -5491.0
2951.0 -5352.0
2952.0 -5262.0
2952.0 -5481.0
2952.0 -5641.0
2952.0 -5158.0
2952.0 -5351.0
2953.0 -5302.0
2953.0 -5689.0
2953.0 -5617.0
2953.0 -5491.0
2954.0 -5399.0
2954.0 -5262.0
2954.0 -5351.0
2954.0 -5319.0
2954.0 -5437.0
2955.0 -5573.0
2956.0 -5280.0
2956.0 -5262.0
2956.0 -5383.0
2956.0 -5158.0
2956.0 -5341.0
2957.0 -5283.0
2957.0 -5207.0
2957.0 -5174.0
2957.0 -5356.0
2958.0 -5027.0
2958.0 -5091.0
2958.0 -5217.0
2958.0 -5399.0
2958.0 -5387.0
2958.0 -5519.0
2958.0 -5454.0
2958.0 -5351.0
2958.0 -5271.0
2958.0 -5356.0
2958.0 -5174.0
2959.0 -5280.0
2959.0 -5433.0
2959.0 -5351.0
2959.0 -5139.0
2959.0 -5399.0
2959.0 -5364.0
2959.0 -5351.0
2959.0 -5491.0
2959.0 -5613.0
2959.0 -5705.0
2959.0 -5513.0
2960.0 -5262.0
2960.0 -5642.0
2960.0 -5305.0
2960.0 -5495.0
2960.0 -5399.0
2960.0 -5354.0
2960.0 -5309.0
2960.0 -5302.0
2960.0 -5456.0
2960.0 -5508.0
2960.0 -5351.0
2960.0 -5283.0
2960.0 -5293.0
2960.0 -5608.0
2960.0 -5391.0
2961.0 -5207.0
2961.0 -5703.0
2961.0 -5291.0
2961.0 -5305.0
2961.0 -5468.0
2961.0 -5184.0
2961.0 -5307.0
2961.0 -5467.0
2962.0 -5376.0
2962.0 -5426.0
2962.0 -5414.0
2962.0 -5517.0
2963.0 -5351.0
2963.0 -5414.0
2964.0 -5302.0
2965.0 -5574.0
2965.0 -5222.0
2965.0 -5089.0
2965.0 -5342.0
2965.0 -5689.0
2965.0 -5302.0
2965.0 -5450.0
2965.0 -5412.0
2965.0 -5399.0
2966.0 -5429.0
2966.0 -5463.0
2966.0 -5703.0
2967.0 -5354.0
2967.0 -5468.0
2967.0 -5289.0
2967.0 -5450.0
2967.0 -5375.0
2967.0 -5305.0
2967.0 -5449.0
2967.0 -5344.0
2967.0 -5437.0
2967.0 -5466.0
2969.0 -5056.0
2969.0 -5377.0
2969.0 -5340.0
2969.0 -5593.0
2969.0 -5348.0
2969.0 -5495.0
2970.0 -5311.0
2970.0 -5298.0
2970.0 -5399.0
2970.0 -5351.0
2970.0 -5161.0
2970.0 -5656.0
2971.0 -5139.0
2972.0 -5230.0
2972.0 -5262.0
2972.0 -5461.0
2972.0 -5452.0
2972.0 -5379.0
2972.0 -5565.0
2972.0 -5625.0
2972.0 -5757.0
2972.0 -5612.0
2973.0 -5703.0
2974.0 -5174.0
2974.0 -5557.0
2974.0 -5351.0
2974.0 -5170.0
2974.0 -5426.0
2974.0 -5633.0
2974.0 -5423.0
2974.0 -5380.0
2975.0 -5139.0
2975.0 -5315.0
2975.0 -5256.0
2975.0 -5351.0
2975.0 -5641.0
2975.0 -5468.0
2976.0 -5157.0
2976.0 -5475.0
2977.0 -5305.0
2977.0 -5533.0
2977.0 -5351.0
2977.0 -5223.0
2978.0 -5075.0
2978.0 -5491.0
2979.0 -5323.0
2979.0 -5109.0
2979.0 -5156.0
2979.0 -5158.0
2979.0 -5689.0
2979.0 -5130.0
2979.0 -5450.0
2979.0 -5355.0
2979.0 -5353.0
2980.0 -5481.0
2980.0 -5292.0
2980.0 -5364.0
2980.0 -5439.0
2980.0 -5703.0
2981.0 -4982.0
2981.0 -5207.0
2981.0 -5613.0
2981.0 -5339.0
2981.0 -5528.0
2981.0 -5543.0
2982.0 -5374.0
2982.0 -5641.0
2982.0 -5183.0
2982.0 -5436.0
2982.0 -5366.0
2982.0 -5330.0
2982.0 -5373.0
2983.0 -5174.0
2983.0 -5139.0
2983.0 -5198.0
2983.0 -5703.0
2984.0 -5157.0
2984.0 -5330.0
2985.0 -5075.0
2985.0 -5376.0
2985.0 -5207.0
2985.0 -5290.0
2985.0 -5581.0
2985.0 -5351.0
2985.0 -5436.0
2986.0 -5460.0
2986.0 -5351.0
2986.0 -5223.0
2986.0 -5379.0
2986.0 -5399.0
2986.0 -5252.0
2987.0 -5302.0
2987.0 -5287.0
2987.0 -5089.0
2987.0 -5463.0
2987.0 -5139.0
2988.0 -5326.0
2988.0 -5351.0
2988.0 -5297.0
2988.0 -5463.0
2989.0 -5139.0
2989.0 -5351.0
2989.0 -5351.0
2989.0 -5330.0
2990.0 -5148.0
2990.0 -5399.0
2990.0 -5456.0
2990.0 -5256.0
2991.0 -5091.0
2991.0 -5168.0
2991.0 -5367.0
2991.0 -5393.0
2991.0 -5452.0
2991.0 -5621.0
2991.0 -5475.0
2992.0 -5254.0
2992.0 -5315.0
2992.0 -5347.0
2992.0 -5470.0
2992.0 -5393.0
2994.0 -5075.0
2994.0 -5364.0
2994.0 -5399.0
2994.0 -5500.0
2995.0 -5166.0
2995.0 -5399.0
2996.0 -5516.0
2996.0 -5574.0
2996.0 -5330.0
2996.0 -5544.0
2996.0 -5406.0
2996.0 -5527.0
2996.0 -5543.0
2996.0 -5502.0
2997.0 -5109.0
2997.0 -5350.0
2997.0 -5351.0
2997.0 -5501.0
2997.0 -5436.0
2998.0 -5351.0
2999.0 -5309.0
2999.0 -5275.0
2999.0 -5207.0
2999.0 -5351.0
3000.0 -5336.0
3000.0 -5139.0
3000.0 -5355.0
3000.0 -5298.0
3000.0 -5444.0
3000.0 -5351.0
3000.0 -5262.0
3000.0 -5402.0
3000.0 -5381.0
3000.0 -5689.0
3000.0 -5471.0
3000.0 -5596.0
3000.0 -5660.0
3001.0 -5159.0
3001.0 -5330.0
3001.0 -5391.0
3001.0 -5328.0
3001.0 -5351.0
3001.0 -5437.0
3003.0 -5284.0
3003.0 -5550.0
3003.0 -5803.0
3004.0 -5418.0
3004.0 -5206.0
3004.0 -5351.0
3004.0 -5373.0
3004.0 -5240.0
3004.0 -5476.0
3004.0 -5399.0
3004.0 -5383.0
3004.0 -5436.0
3004.0 -5307.0
3005.0 -5399.0
3005.0 -5330.0
3005.0 -5573.0
3006.0 -5354.0
3006.0 -5301.0
3006.0 -5328.0
3006.0 -5167.0
3006.0 -5487.0
3006.0 -5745.0
3006.0 -5330.0
3006.0 -5786.0
3007.0 -5351.0
3007.0 -5075.0
3007.0 -5467.0
3007.0 -5274.0
3007.0 -5581.0
3008.0 -5002.0
3008.0 -5027.0
3008.0 -5139.0
3008.0 -5319.0
3008.0 -5262.0
3009.0 -5330.0
3009.0 -5485.0
3010.0 -5364.0
3010.0 -5139.0
3010.0 -5351.0
3010.0 -5207.0
3010.0 -5267.0
3011.0 -5312.0
3011.0 -5413.0
3011.0 -5613.0
3012.0 -5376.0
3012.0 -5415.0
3012.0 -5353.0
3012.0 -5363.0
3012.0 -5351.0
3013.0 -5291.0
3013.0 -5351.0
3013.0 -5351.0
3013.0 -5174.0
3013.0 -5429.0
3013.0 -5426.0
3014.0 -5176.0
3014.0 -5354.0
3014.0 -5383.0
3014.0 -5476.0
3014.0 -5328.0
3015.0 -5383.0
3016.0 -5354.0
3016.0 -5368.0
3016.0 -5414.0
3016.0 -5501.0
3016.0 -5563.0
3016.0 -5456.0
3016.0 -5507.0
3016.0 -5558.0
3016.0 -5500.0
3018.0 -5410.0
3019.0 -5507.0
3019.0 -5581.0
3019.0 -5485.0
3019.0 -5240.0
3020.0 -5248.0
3020.0 -5174.0
3020.0 -5581.0
3020.0 -5491.0
3021.0 -5166.0
3021.0 -5455.0
3021.0 -5311.0
3021.0 -5463.0
3021.0 -5733.0
3021.0 -5760.0
3021.0 -5618.0
3022.0 -5351.0
3022.0 -5272.0
3023.0 -5351.0
3023.0 -5389.0
3023.0 -5502.0
3023.0 -5502.0
3024.0 -5295.0
3024.0 -5485.0
3025.0 -5183.0
3025.0 -5221.0
3025.0 -5267.0
3025.0 -5341.0
3026.0 -5320.0
3026.0 -5502.0
3026.0 -5397.0
3027.0 -5373.0
3027.0 -5311.0
3030.0 -5223.0
3030.0 -5340.0
3031.0 -5463.0
3032.0 -5406.0
3033.0 -5365.0
3033.0 -5183.0
3033.0 -5687.0
3033.0 -5368.0
3033.0 -5177.0
3033.0 -5352.0
3033.0 -5393.0
3034.0 -5469.0
3035.0 -5410.0
3035.0 -5416.0
3036.0 -5294.0
3036.0 -5399.0
3036.0 -5450.0
3037.0 -5507.0
3037.0 -5581.0
3037.0 -5330.0
3038.0 -5420.0
3038.0 -5351.0
3039.0 -5383.0
3039.0 -5581.0
3040.0 -5426.0
3040.0 -5157.0
3040.0 -5273.0
3040.0 -5207.0
3040.0 -5139.0
3040.0 -5340.0
3040.0 -5353.0
3040.0 -5399.0
3040.0 -5350.0
3040.0 -5439.0
3040.0 -5296.0
3040.0 -5399.0
3040.0 -5491.0
3040.0 -5436.0
3040.0 -5553.0
3040.0 -5511.0
3041.0 -5300.0
3041.0 -5502.0
3042.0 -5330.0
3044.0 -5383.0
3045.0 -5091.0
3045.0 -5543.0
3045.0 -5353.0
3045.0 -5399.0
3045.0 -5399.0
3045.0 -5463.0
3045.0 -5557.0
3046.0 -5605.0
3046.0 -5330.0
3047.0 -5605.0
3047.0 -5581.0
3048.0 -5444.0
3048.0 -5605.0
3048.0 -5501.0
3048.0 -5491.0
3048.0 -5501.0
3048.0 -5425.0
3048.0 -5399.0
3049.0 -5472.0
3052.0 -5193.0
3052.0 -5235.0
3055.0 -5168.0
3055.0 -5550.0
3055.0 -5463.0
3058.0 -5572.0
3059.0 -5684.0
3062.0 -5339.0
3062.0 -5399.0
3063.0 -5181.0
3063.0 -5436.0
3063.0 -5501.0
3063.0 -5390.0
3063.0 -5501.0
3063.0 -5393.0
3063.0 -5568.0
3063.0 -5436.0
3063.0 -5612.0
3064.0 -5174.0
3066.0 -5207.0
3066.0 -5109.0
3066.0 -5501.0
3066.0 -5185.0
3066.0 -5689.0
3067.0 -5581.0
3067.0 -5330.0
3069.0 -5399.0
3070.0 -5394.0
3070.0 -5581.0
3072.0 -5383.0
3073.0 -5399.0
3074.0 -5581.0
3076.0 -5502.0
3077.0 -5439.0
3080.0 -5543.0
3080.0 -5543.0
3085.0 -5581.0
3087.0 -5572.0
3088.0 -5292.0
3089.0 -5157.0
3089.0 -5338.0
3089.0 -5399.0
3089.0 -5407.0
3089.0 -5332.0
3089.0 -5508.0
3089.0 -5530.0
3089.0 -5560.0
3089.0 -5606.0
3091.0 -5399.0
3093.0 -5519.0
3093.0 -5399.0
3097.0 -5300.0
3099.0 -5305.0
3099.0 -5572.0
3111.0 -5502.0
3125.0 -5502.0
3129.0 -5560.0
3129.0 -5399.0
3139.0 -5502.0
