302.0 -63.25
302.0 -63.25
308.0 -67.85
313.0 -70.15
319.0 -74.75
324.0 -78.2
330.0 -82.8
337.0 -86.25
346.0 -93.15
353.0 -96.6
359.0 -101.2
369.0 -104.65
375.0 -109.25
384.0 -111.55
388.0 -115.0
394.0 -116.15
400.0 -119.6
410.0 -123.05
410.0 -123.05
422.0 -127.65
432.0 -129.95
442.0 -135.7
442.0 -135.7
454.0 -140.3
460.0 -141.45
473.0 -144.9
477.0 -147.2
490.0 -150.65
490.0 -150.65
502.0 -155.25
513.0 -156.4
525.0 -161.0
534.0 -163.3
540.0 -166.75
552.0 -169.05
559.0 -171.35
565.0 -174.8
584.0 -179.4
584.0 -179.4
600.0 -182.85
613.0 -188.6
626.0 -192.05
639.0 -195.5
639.0 -195.5
650.0 -197.8
667.0 -200.1
673.0 -203.55
681.0 -205.85
681.0 -205.85
694.0 -209.3
694.0 -209.3
713.0 -212.75
717.0 -215.05
732.0 -216.2
736.0 -218.5
750.0 -219.65
755.0 -221.95
772.0 -223.1
775.0 -225.4
788.0 -228.85
788.0 -228.85
807.0 -232.3
811.0 -234.6
826.0 -235.75
830.0 -238.05
849.0 -241.5
849.0 -241.5
866.0 -242.65
874.0 -244.95
885.0 -246.1
887.0 -247.25
912.0 -250.7
931.0 -253.0
931.0 -253.0
957.0 -254.15
976.0 -256.45
982.0 -257.6
989.0 -258.75
1008.0 -261.05
1008.0 -261.05
1036.0 -262.2
1042.0 -263.35
1061.0 -265.65
1061.0 -265.65
1088.0 -266.8
1088.0 -266.8
1122.0 -269.1
1128.0 -272.55
1147.0 -274.85
1147.0 -274.85
1173.0 -276.0
1181.0 -277.15
1198.0 -279.45
1198.0 -279.45
1217.0 -281.75
1217.0 -281.75
1305.0 -286.35
1305.0 -286.35
1358.0 -290.95
1358.0 -290.95
