2184.0 -20472.0
2254.0 -20949.6
2268.0 -21013.2
2274.0 -21232.8
2282.0 -20763.6
2296.0 -21020.4
2297.0 -20580.0
2298.0 -21052.8
2298.0 -20973.6
2299.0 -21322.8
2302.0 -21393.6
2316.0 -20956.8
2320.0 -21495.6
2322.0 -21439.2
2327.0 -21387.6
2327.0 -20840.4
2332.0 -21535.2
2343.0 -21583.2
2347.0 -21184.8
2355.0 -21782.4
2355.0 -21457.2
2365.0 -21655.2
2368.0 -21373.2
2373.0 -20959.2
2380.0 -20436.0
2381.0 -21607.2
2382.0 -21320.4
2382.0 -22746.0
2388.0 -21376.8
2395.0 -21332.4
2396.0 -22414.8
2396.0 -21726.0
2397.0 -21742.8
2402.0 -20912.4
2402.0 -21864.0
2403.0 -21900.0
2405.0 -22024.8
2413.0 -20907.6
2419.0 -21676.8
2423.0 -20709.6
2427.0 -21638.4
2435.0 -21886.8
2452.0 -22347.6
2453.0 -21476.4
2456.0 -21506.4
2459.0 -22579.2
2467.0 -21717.6
2476.0 -22388.4
2478.0 -22521.6
2484.0 -21777.6
