001000101101100111000110110001101000001110011001111000000010101111000110100101001010101011010011010101100000011010010001101001000000000001000010110001101011101001011010101111011111111111010001010111000001011000101000011110110110011000111101
001110111001011110100000100011001000110101011110110001100010001100101100101110111101100100100011000000001000011010001000101100101011101011001011011001010011011001010110111111011101110000100000101101101110101010100110011110011001110101110101
000111010000011010011111000001010111101010001111001101100101010010101011000000010001001111111111000010110001000101000110000010101011011010000111110000110001101011000110011001101110110111111101111001100010011000111111111001101010101010101100
111010011010010011111100001010011001101010000000101111111010110011000001000001100001100010111110100010010010000110000001110101001100011111001111100011000111011101001010001011101101001001001000001100101010001110110111101010110101111010001001
001111110100001000110011011101000111101001010001100011111111011001111011001011000100010000100111110000101100110000101000111000000011110100101111011011100110101010001011010110011110111100111110011110111110100011100110011000010001010111101001
011000100001000001010010111001001110100001110000110111101101100101110110011100110011110011000100001011011101010011010100001000110001100110000000000100101100110011000001100010011001100110101010000100111101110010011000011000011011100001001011
011010100100010110001000011100111011001010010100010111100000101010001011001110000110110101001101000001011010000100011101110111010011101001100101001000011100110111101011001011110101111001011000010001000011011001001000001010000101100000110011
101011001001110011101100011110100011010100011110111101100010100010011111010111011000000000001011001000101011010001010001100011010011100100111111000011100110011111101011001101001001011111010101010100010010111100101001000001010010101100111000
011111101010001101111010101110011111100101100110100100111000011100010010001000110110100100100011110010100011011100010111000001011001110010100011101010110110100010001000101010011111010000001010011110001001010111011100111000001000010000000101
101000010011111010110010111101010010101111011111000001101100110000110100111000010111111111000010100010101100001000110110100011011010101100100001001000101111010101000111011110010100100010010001000101011010010010110010001100111010111010110110
110000010100000000100010111111001001110110011011000010100001111111100000111110101011100100010011100100010011100110001001001100101010111001110010111100010011001110100001100100001010001100101111000010001000110111111001001101110010001100010011
001100101101100000110110001011110100010101011101011100001001001001001100010010110110000111101000101110101011000001101101110110001101101110100000110011110000111101001111011011100000010011100001101111000010110011101011001000011111111001011111
010010000011000101010011011111110001110111000010000100011010010011010010101010101101111001111110001101011110001000000110111010011001011100100010100000010011001111100001010101100010111010101100111001111011110010011101110001001111000110101100
001011100001010111100000101110011101000100110001101110101011001010000111111001001100111110000001100111101001110101101100010000101010101110100101111001101100010000110111001101110001100000111110101101111011110111100011001100010000000110100110
110010011100011110110010001110011101101100001000101000110101000001111100110111000000100111101111111110000001011100011010100111001001110111001111100000111110001101000101011101011010111100101010111111111110110111011000011000110001010101111000
100111101001000001010001110101101100111111110000110110111101101100000101111011011011000000000110111011100001100111001100000100101111001110111101100110100111100101011001100000011100001100011110000101010000011110111110111111110011111010010001
011011110111011101110010011000011111011001011100111011010010101000000110111111101000011111011001110001100100010010010000010101001011111010011010100001010111001100110001101111111010000100111111111001010111001110011000110100111000101000100100
010110011011100011010011111001011010111111000001010100000000011100100111011101101000000011100111011001111001111000011111111101000101001001111000001000011011111101000010101110110001001111000100111011111011011101101111110101010001101110111100
101111110010111010101111111000010010110010011111001110011000001101010001010111100000111100001000000010000101101101111000111001011111111101011010000101011000011101010011100101010101000100000100010011010110011110000110001101000011101111111000
100001011001000100011110101000110101100110101111111110111110000110010110100011100011111011111101010101101010000010000101010101000110110000111111100111110111000010111010001101010101010110100110100001110110100001010000011011101011000011011100
011001101001001001000100011101101001101011000111010100001101001111000101100100010111110100010100111011101110100101011011100111010011101011100110111110011111110101110110001000110001111100000111101010111010011010010010110111010011011001111001
101101011111000101110001101110100000110000000001011000011110111011001011101000111110101110110000101011001011001100101100001001111111000101010010011001100010101100111111000101001100001100101100001001101101100111110100111111101110101100100011
011111010011011101001010011000100011110000111111010001010011101011001110111111110100101111000100001111101100001010011001100101011010101001100000101011111001100110101100110011100110101111111111010111110100010100110000111010010010001101011110
110111110111101101011000111001000010111110001000000001100100011111111011110010001011000011010010100100110000101011011011011101111111100010100000101001111001110111101010011101111001110111011101011101101011001010110110111001011010110010001101
111110001101100111110100111000100110010011000111011110111010001100100011110111101100010011011111001101111001101000001101010100001001110100100001100011100111111000100111001101000100111000110110100111011110101010001111110101000000110110011100
101000010000001011011011101110010011111010100010010101011111011110001000000010100110011111110101000110100011101110010111011111011011111010100111111100001001100101001001001100011001100110111010101110011100000111100101000111011001111101000011
000101000000100011010100010110101101101010101111010010001101110011101101100011010001111011111100011101111000111001101100001011001001111011011000010100111010110101010111001110010010111000111010110011101101110001111011010000100000101110010011
100000011110001111100010011111011001000011011010001001110101101110011011111111111100101101010111001001000010011110111110100011001101001001011000011110010010110110100001010110000110110111100100110001010011010001011101001111000000110110111100
001101001011101011010110111011101001110101110110010011011100101011001010001011011111101000011001111111010000010101111101000101010011110010100110100110000010101110000010011110001101000000110011001110101000001101110000010000000110100000010011
110101100111010001010100010011001000010101011010111111011001011101111010001101001110011000001110111110000110110000001111100111011110111111101101011011011100110010000000111101111000100011011010010001110001111100100101111101010011011011101111
