959.97 53.0 418.0 -102.0
1004.35 59.0 386.0 -104.0
1023.16 54.0 398.0 -107.0
1040.11 54.0 405.0 -111.0
1047.22 53.0 425.0 -115.0
1051.88 58.0 438.0 -113.0
1059.17 54.0 466.0 -110.0
1062.68 58.0 438.0 -116.0
1077.57 63.0 419.0 -119.0
1102.73 55.0 469.0 -117.0
1106.79 62.0 459.0 -115.0
1113.51 55.0 486.0 -115.0
1115.09 56.0 470.0 -113.0
1118.27 52.0 482.0 -118.0
1133.71 61.0 463.0 -119.0
1135.64 57.0 464.0 -117.0
1139.05 58.0 442.0 -121.0
1154.58 64.0 446.0 -124.0
1158.93 63.0 437.0 -122.0
1185.79 50.0 458.0 -127.0
1191.79 60.0 475.0 -125.0
1197.63 59.0 484.0 -122.0
1206.36 62.0 486.0 -123.0
1206.82 68.0 526.0 -130.0
1209.38 59.0 465.0 -125.0
1235.38 67.0 499.0 -132.0
1235.44 69.0 480.0 -132.0
1285.97 70.0 513.0 -138.0
1304.25 64.0 516.0 -133.0
1393.23 70.0 555.0 -144.0
