920.42 53.0 355.0 -95.0
941.3 44.0 354.0 -96.0
946.24 48.0 385.0 -100.0
950.83 53.0 410.0 -98.0
968.46 50.0 410.0 -102.0
975.94 49.0 411.0 -105.0
981.29 50.0 440.0 -100.0
984.52 50.0 378.0 -101.0
991.87 47.0 407.0 -103.0
996.38 48.0 375.0 -105.0
998.46 56.0 418.0 -105.0
1002.14 58.0 399.0 -107.0
1006.98 49.0 433.0 -106.0
1008.25 52.0 381.0 -103.0
1022.17 50.0 416.0 -104.0
1030.77 48.0 409.0 -105.0
1031.3 58.0 422.0 -108.0
1045.5 55.0 415.0 -111.0
1048.76 49.0 425.0 -105.0
1060.77 58.0 433.0 -110.0
1072.16 56.0 411.0 -112.0
1075.34 59.0 402.0 -115.0
1077.83 62.0 460.0 -115.0
1078.14 59.0 457.0 -111.0
1087.43 50.0 433.0 -114.0
1088.08 62.0 494.0 -112.0
1129.54 57.0 487.0 -118.0
1139.63 55.0 464.0 -119.0
1155.32 60.0 475.0 -121.0
1202.22 55.0 523.0 -124.0
