813.04 39.0 340.0 -88.0
836.04 52.0 356.0 -88.0
885.87 48.0 354.0 -97.0
889.33 53.0 308.0 -93.0
903.35 51.0 352.0 -92.0
934.48 54.0 380.0 -98.0
935.8 50.0 407.0 -98.0
973.8 52.0 416.0 -103.0
980.95 47.0 410.0 -104.0
983.16 51.0 405.0 -101.0
983.33 48.0 374.0 -104.0
987.75 63.0 388.0 -105.0
994.87 49.0 419.0 -102.0
1000.14 51.0 383.0 -109.0
1006.35 60.0 377.0 -103.0
1007.82 50.0 415.0 -105.0
1030.62 50.0 424.0 -106.0
1035.97 56.0 454.0 -112.0
1049.88 55.0 399.0 -107.0
1068.35 53.0 473.0 -110.0
1084.5 63.0 435.0 -113.0
1088.88 55.0 416.0 -107.0
1093.33 57.0 443.0 -116.0
1098.39 62.0 459.0 -114.0
1101.71 58.0 453.0 -117.0
1111.86 66.0 500.0 -121.0
1113.32 64.0 455.0 -115.0
1118.77 60.0 514.0 -115.0
1121.56 63.0 480.0 -116.0
1190.2 66.0 458.0 -118.0
