833.06 40.0 314.0 -86.0
860.0 48.0 320.0 -93.0
906.65 47.0 361.0 -98.0
951.16 47.0 377.0 -98.0
956.98 53.0 374.0 -102.0
960.0 57.0 392.0 -100.0
992.72 55.0 407.0 -106.0
1001.02 59.0 398.0 -105.0
1006.95 48.0 411.0 -106.0
1019.74 51.0 408.0 -105.0
1038.03 53.0 417.0 -112.0
1043.92 56.0 431.0 -111.0
1057.93 61.0 390.0 -117.0
1058.21 57.0 398.0 -107.0
1059.61 52.0 448.0 -114.0
1065.18 57.0 419.0 -114.0
1084.57 64.0 480.0 -117.0
1088.73 55.0 471.0 -115.0
1096.42 59.0 435.0 -114.0
1097.35 55.0 431.0 -117.0
1108.58 54.0 414.0 -116.0
1112.43 56.0 497.0 -118.0
1129.45 58.0 474.0 -118.0
1129.69 63.0 433.0 -118.0
1131.1 55.0 422.0 -120.0
1131.52 66.0 408.0 -121.0
1164.49 63.0 438.0 -127.0
1167.39 61.0 450.0 -125.0
1175.1 60.0 458.0 -122.0
1183.48 63.0 425.0 -123.0
