0000100000110100001000000010000011010000000001000000000000010100010100000000110
1000000000000100001000011000000000010000000010000000001101000100000100000110110
0100001000000100001000001000000011000001010000000000000000101000010011000100000
0000001100000010000000001000000000010000001100010001000100111000011000000001010
0000000000110011010000000000010011001001100001000011000000110110000100000000100
1110100000100000000000000000100001011000000000001011000000010010010100000101000
1100001011010100001001110000000010001000000100011000000100110010000100000010000
1110010000001010001000010000000010100000000000000010011100110000000100000110001
0000000100010100001001110011000000010100000101000000100001100101100001000001000
1111000000010100001001000101000000010000000000000010000000101010000100000101110
0000000000110100001001000100000001000001010000001000110110111000000011000001001
0000000000011000000101000000010001011000000000000010111010010010000100100000010
0000000001010100001000000100110001010100000000000000110000100101100100000000101
0010000100000010000000000100100010010100000100001000111001101000100010010010010
1110100000011010010000010100000011010000100000100010110000000000000011000101000
1101000001010010000000000100110010001001100010010010100001000100000100100110110
1100011100111100001000010000000000010100000001000010111110000110100100000000110
1000000100110011000000001100000011011100000000000101000100000000001000001000111
0001000000110000000100000100110000010100000100100010000001110010100100100110010
0010010100011000001100000100110001010100100000010000000100110100100000000001110
1000000000010010010000010000000001011100000101010010100000010011001010100010110
1100011101010100001000000100110010010000100100000010110000101010100000100000000
1110000000110100000000001100000011011100000000001010110000101100010100000110111
0010010010101100001000000100110100000000010000000000000100110000100010010010111
1100011000100100001000000100110000000100000001001010110010100110010100000001111
1100001010110011010000010000100001000010000100010010000000000110000100100101000
1110100010111100001000000100000001010100000010001000000001010010001000001111110
1100001100010001000001110011000001010010000001000000000001100110100100100110000
1000001010110010010000000100110001010100000101000000000100101010100010011110010
1111000011000010000000000100110000011000000101000010111100000010001000011101110
