109.1 5.0 43.0 -13.0
127.9 6.0 69.0 -16.0
139.9 11.0 24.0 -15.0
148.5 9.0 37.0 -17.0
163.5 11.0 49.0 -20.0
173.5 11.0 52.0 -21.0
179.5 10.0 79.0 -22.0
191.5 15.0 26.0 -21.0
191.5 11.0 44.0 -19.0
195.6 10.0 37.0 -18.0
197.0 11.0 81.0 -24.0
203.3 14.0 51.0 -23.0
210.1 12.0 46.0 -20.0
211.6 12.0 60.0 -24.0
212.5 15.0 35.0 -21.0
217.7 14.0 46.0 -23.0
223.7 14.0 40.0 -23.0
224.8 14.0 62.0 -25.0
225.7 11.0 46.0 -22.0
227.9 13.0 48.0 -24.0
231.0 13.0 38.0 -22.0
231.1 16.0 66.0 -27.0
240.0 12.0 67.0 -24.0
240.7 15.0 66.0 -27.0
241.9 13.0 76.0 -25.0
242.8 12.0 56.0 -22.0
244.6 12.0 71.0 -27.0
246.0 15.0 75.0 -28.0
254.3 14.0 55.0 -27.0
256.9 12.0 64.0 -26.0
