1100000000011000000000000011000001000001101000000000000100000000100100100010000
1111000000011000100010000001000010000001000100001011000001100100010100000010000
1000000001010001101000000010000000000000010100010011001010000001010000010000001
1110010000011000010000000001000000000000010000000011000010000110001100000101001
1110100101001010010101001010000000000001100001000010100000010010000100100000000
1110010000011010000000000011000001000001010001000000000100000110010100000101001
0011000001011000011000000011000011000001101000001000000001000000000100100010000
0111000101010001101000000000000011110001000010100001000000000100000010000000000
1000000001011010000100000011000000101000000000100010101001001011010000000000001
0001001101010001101000000000000001000000010100100000000100101100010000100000010
0011000000110000010100000011000001000101010110000000000000000100000100000010101
1100010101010001101000000000000001000001101010010010000001110010001010100000000
0000000010100100100000010001000001010001011001000000000000110001001001000001101
1000000100100000101010000011001010000001001010010011001100001100000010110000000
1110010001010001101000000011000001000001101100001100000000010011110000000010000
1110110100001000100100000011000001000001100001000000000001000010000100010110010
1110010101010001101000000010000011000001100001100011000000110010100101000100001
1110100000100000101010000001010000011000000101000010010001110010100100000110000
1100001100010001101010000011000000000001000100110000000000000001000000000101101
0000000010101010010100000011000001010001101010001000111100000010000100000010010
1100001101010001101000000011001110100001000100001010100100000000100100000101110
1000010000011010010100000011000011000000100000010000000010000010001101001110000
0100011101000001101000000001000011000101100000100001000010000010001010100010000
0011000001010001000000000011001011000001010000010100000000101101000001000100001
1110001011011001000100000010000001000001010000001000001100010010001010100101001
1100001001011010010100000011000001010001101011000111000000001000010010010000001
1100001100100001101010000001001010000000100100010000011100010000001101000101100
1000000001010001100010000011000001000001011110110011001010001010001000101100000
0111001101011010010101000000100000010100000110010010100000010000000010100101111
1000010101010001101001000000000101010001101000100010111100000011001010010110101
