0000000001100000001101100100000000010000000010001000100000000000101111010000001001000010010000100000
0000000001100000001101100100000000010000000010001000100000000000101111010000001001000010010000100000
0000000001100000001101100100000000010000000010001000100001000000101111010000001001000010010000100000
0000000001100000001101100100000000010000000010001000100001000000101111010000001001000010010000100000
0001000001100000001101100100000000000000000010001000100101010000111111010100001001000000010000100000
0001000001100000001101100100000000000000000010001000110101010000111111010100001001000000010000100000
0001000001100000001101100100000000010000000010001000100101010000111111010100001001000000010000100000
0001000001100000001101100100000000010000000010001000100101010000111111010100001001000000010000100000
0001000001100000001101100100100000010000011001001000100101100000101111010000001001000010010000100000
0001000001100000001101100100100000010000011001101000100101000001101111010000001001000010010000100000
0001000001100000001101100100100000010000000010001100100101010000111111010100001001000000010000100000
0001000001100000001101100100100000010000000010001100100101010000111111010100001001000000010000100000
0001000001100000001101100100100000010000011001001000100101100000111111010100000001000000010100100000
0001000001100000001101100100100000010000011001001000100101100010111111010100001001000000001000100000
0001000001100000001101100100100000010000011001001000100101100000111111010100001001000000001100100000
0001000001100000001101100100100000010000011001001000100101100000111111010100001001000000001100100000
0001000001100000001101100100100000010000011001001000100101100010111111010100001001000000001100100000
0001000001100001001101100100100000010000011001001000100101100000111111010100001001000000001100100000
0001000001100000001111100100100000010000011001101000100101100001111111010100000001000000001100100000
0001000001100000001101100100100000010000011001101100110101100010111111010100000001000000001100100000
0001001001100000001111101100100000010000011001001000100101100000111111010100001001000000001100100000
0011001000101000001101101100100000010000010001001000110101100010111111010100001001000000001100100000
0011001000101000001111101100100000010000010001001000110101100010111111010000001001000000001100100000
0011001000101000001111101100100000010000010001001000110101100010110111010100001001000000001100100000
0011001000101000001111101100100000010000010001001000110101100010111111010100001001000000001100100000
0011001000101001001111101100100000010000011001001000100101100010111111010100001001000000001100100000
0001001001101000001111101100100000010000010001001000100101100010111111010100001001000000001100100001
0011001001101001001111101100100000010000011001001000100101100010111111010100001001000000001100100000
0011001000101001001011101100100000010000011011001100110101110010111111010100001001000000001100100000
0011001000101001001111101100100000010000011011001100110101110010111111010100001001000000001100100000
0001001001101001011111101100100100010000010001001000100101100010111111010100001001000000001100100001
0001001001101001011111101100100100010000011011001100110101100010111111010100000001000000001100100000
0001001001101001011111101100100100010000011011001100110101100010110111010100001001000000001100100000
0011001001101001001111101100100100010000010011001100110101110010111101010100001001000000001100100000
0011001001101001011111101100100100010000011011001100110101100010111111010100000001000000001100100000
0011001001101001001111101100100100010000011011001100110101110011111111010100001001000000001100100000
0011001001101001011111101100100100010000011011001100110101110010111111010100001001000000001100100000
0011001001101001001111101100100100010000011011001100110101110011111111010100001001000000001100100001
0001001001101001011111101100100110010000011011001100110101110010111111010100001001000000001100100000
0001001001101001011111101100100100010000011011001100110101100010111111010101001001000000001100101001
0001001001101001011111101100100100010000011011001100110101110010111111010100001001100000001100100001
0001001001101001011111101100100100010000011011001100110101110010111111010100001001101000001100100000
0011001001101001001111101100101100010000011011001100110101110010111111010100001001100000001100100000
0011001001101001001111111100101100010000011011001100110101110010111111010100001001000000001100100000
0001001001101001011111101100100110010000011011001100110101110010111111010100001001100000001100100001
0011001001101001001111101100101100010000011011001100110101110010111111010100001001100000001100100001
0001001001101001011111101100100100010000011011001100110101100010111111010101001001101000101100100001
0011001001101001001111111100101100010000011011001100110101110010111111010100000001100000001100100001
0011001001101001001111111100101100010000010010101100110101110000111111010100001001101000001100100000
0011001001101001001111101100101100010000011011001100110001110110111111010100001001101000001100100000
0011001001101001001111111100101100010000011011001100110101110010111111010100001001101000001100100000
0011001001101001001111111100101110010000011001001100110101110010111111010100001001100000001100100001
0001001001101001001111101100101100010000011011001101000101100110110111010101011001101000001100100000
0001001001101001011111111100101110010000011011101101100101110011111111010100001001000000001100100001
0011001001101001011111111100101110010000011011001100110101110010111111010100001001100000001100100001
0011001001101001011111111100101110010000011011101101100101110011111111010100001001000000001100100001
0011001001101001011111111100101110010000011011101101110101110010111111010100001001100000001100100000
0011001001111001001111111100101100010000010011101101000101100110111111010100001001101000001100100000
0011001001101001001111111100101100010000010010101101000101100010110111010101011001101000101100100001
0011001001101001011111111100101110010000011011101101110101110010111111010100001001100000001100100001
0011001001101001001111111100101100010000010010101101000101100110110111010101011001101000101100100000
0001001001101001011111111100101110010000011011101101100101110110110111010100001001101000001100100000
0011001001101001011111111100101110010000011011101101000101110110111111010100001001101000001100100000
0001001001101001011111111100101110010000011011101101100101110110110111010100001001101000001100100001
0011001001101001011111111100101110010000011011101101000101110110111111010100011001101000001100100000
0011001001101001001111111100101100010000011011101101100101110110110111010101011001101000101100100001
0011001001101001011111111100101110010000010011101101000101100110110111010101011001101000101100100001
0011001001101001011111111100101110010000010011101101000101100110110111010101011001101000101100101001
0011001001101001011111111100101110010000010011101101000101100110110111010101011001101000101100101001
0011001001111001011111111100101110010000011011101101000101110110110111010101011001101000101100100001
0011001001111001011111111100101110010000011011101101100101110110110111010101011001101000101100100001
0011001001101001011111111100101110010000011111101101100101110110110111010101011001101000101100100001
0011001001101001001111111100101110010000011011101101101101110110110111111101011001101010001100100001
0011001001101001001111111100101110010000011011101101101101110110110111111101011001101010001100100001
0011001001101001001111111100101110010000011011101101101101110110110111111101011001101010001100101001
0011001001101001001111111100101110010000011011101101101101110110110111111101011001101010001100101001
0011001001101001011111111100101110010000011011101101101101110110110111111101011001101010001100101001
0011001001111001011111111100101110010000011011101101101101110110110111111101011001101010001100101001
0011001001111001011111111100101110010000011011101101101101110110110111111101011001101010001100101001
0011001001111001011111111100101110110000011011101101000101110110110111111101011001101010001100100001
0011001001111001011111111100101110110000011011101101000101110110110111111101011001101010001100100001
0011001001111001011111111100101110010000011011101101000101110110110111111111011001101010001100101001
0011001001111001001111111100101110110000011011101101101101110110110111111101011001101010001100101001
0011001001111001001111111100111110110000011011101101101101110110110111111101011001101010001100101001
0011001001111001011111111100111110110000011011101101101101110110110111111101011001101010001100101001
0011001001111001011111111100101111110000011011101101000101110110110111111101011001101010101100101001
0011001001101001011111111100101111110000011011101101001101110110110111111101011001101010101100101001
0011001001101001001111111100101110111000010010101101111111110110110101111101011001101000001100101001
0011001001111001001111111100101110111000011011101101101101110110110111111101011001101010001100101001
0011001001111001001111111100101110111000010010101101111111110110110101111101011001101010001100101001
0011001001111001001111111100101110111000010010101101111111110110110101111101011001101010001100101001
0011011001111101011111111100101111110000011011101101000101110110110111111101011001101010101100101001
0011001001111001011111111100111111111000010110101101000101110110110111111101011001101010001100100001
0011001001111001011111111100111111111000010110101101000101110110110111111101011001101010001100100001
0011001001111001011111111100111111111000010111101101000101110110110111010111011001101000101100100001
0011001001111001011111111100111111111000010111101101000101110110110111010111011001101000101100100001
0011001001111001011111111100111111111000010111101101101101110110110111011111011101101000001100100000
0011001001111001011111111100111111111000010110101101101101110110110111011111011101101010001100100001
0011001001111001011111111100111111111000010110101101101101110110110111011111011101101010001100100001
0011001001111001011111111100111111111000010110101101101101110111110111011111011101101010001100101001
