0000001000100001001001101000000100010000001011001100010101000000111111000000001001000000000000100000
0000001000100001001001101000000100010000001011001100010101000000111111000000001001000000000000100000
0000001000100001001001101100000100010000001011001100010101000000111111000000001001000000000000100000
0000001000100001001001101100000100010000001011001100010101000000111111000000001001000000000000100000
0001001000100001001011101100000100010000010000001000000101000001111111000000001001000000000000100000
0001001000000000001011101100000100010000010000001100010101000011111101010100001001000000000000100000
0001001000100001001011101100000000010000010000001000000101000011111111011000001001000000000000100000
0001001000100001001011101100000100010000010000001000000101000011111111010000001001000000000000100000
0001001000000001001011101100000100010000010000001100010101000011111101010100001001000000000000100000
0001001000100000001011101100000100010000010000001100010101000011111101010100001001000000000000100000
0001001000100001001111101100000100010000010001001100000101000011111101010000001001000000000000100000
0001001000100001001111101100000100010000010000001100000101000011111101010100001001000000000000100000
0001001000100001001111101100000100010000010001001100000101000011111101010100001001000000000000100000
0001001000100001001011101100100100010000010000001100010101000011111101010100001001000000000000100000
0001001000100001001011101100100100010000010000001100010101000011111101010100001001000000000000100000
0001001000100001001111101100100100010000011011001100110001000000111111010000001001000000000000100000
0001001000100001001111101100100100010000011011001100110001000000111111010000001001000000000000100000
0001001000100001001111101100100100010000011011001100110001000010111111010000001001000000000000100000
0001001000100001001111101100000100010000011011001100100001000010110111010100000001000000001000100000
0001001000100001001011101100100100010000011011001100100001000010110111010100000001000000001000100000
0001001000101001001011101100100100010000010011001100000001000010111111010000001001000000001000100000
0001001000101001001011101100100100010000011011101100010001100010111111010000001001000000000000100000
0001001000101001001011101100100100010000001011001100100001000010110111010101000001000000001000100000
0011001001101001001011101100100100010000010001001100000101000011111101010100001001000000000000100000
0001001000101001001011101100100100010000011011001100100001000010110111010101000001000000001000100000
0001001000101001001011101100100100010000011011001100100001000011110111010101000001000000001000100000
0001001000101001001011101100100100010000011011001100000001000010111111010000001001000000101100100000
0001001000101001001011101100100100010000011011001100010001100010111111010101000001000000001000100000
0011001001101001001011101100100100010000011011001100100001000010110111010100000001000000001000100000
0001001000101001001011101100100100010000011011001100100101000011111111010101001001000000001000100000
0001001000101001001011101100100100010000011011101100110101000011110111010101000001000000001000100000
0001001001100001001011101100100100010000011011101100110101000011111111010101001001000000001000100000
0011001001101001001111101100100100010000011011001100010001000010110111010101000001000000001000100000
0001001000101001001111101100100110010000011011001100010001100010110111010101000001000000001000100000
0011001001101001001111111100100100010000011011001100100001000010110111010100000001000000001000100000
0011001001101001001111101100100100010000011011101100010101000011110111010101000001000000001000100000
0011001001101001001111101100100100010000011011101100110101000011110111010101000001000000001000100000
0001001001101001001111101100100110010000011011101100010101000010110111010101000001000000001000100000
0001001001101001001111101100100110010000011011101100010101000011110111010101000001000000001000100000
0011001001101001001111101100100110010000011011101100010101000010110111010101000001000000001000100000
0001001001100001001011101100100100010000011011101100110101000010111111010101000001001000111100100000
0011001001101001001111111100100100010000011011001100100101100011111111010101001001000000001000100000
0011001001101001001111111100100100010000011011101100010101100011111111010101001001000000001000100000
0011001001101001001111101100100100010000011011001100010001000010110111010101001001001000111100100000
0001001001101001001111101100100110010000011011101100010101000011110111010101000001000000001100100001
0001001000101001001111101100100110010000011011101100110101000010111111010101000001001000111100100000
0001001001101001001111101100100110010000011011101100010101000111110111010101000001000000101100100000
0001001001101001001011111100100100010000011011101100110101000010111111010101000001001000111100100000
0011001001101001001111111100100100010000011011001100100101100011111111010101001001000000011100100001
0001001000101001001111101100100110010000011011101100110101100010111111011101001001001000111100100000
0011001001101001001111111100100100010000011011101100110101000010111111010101000001001000111100100000
0001001001101001001111101100100110010000011011101100010101000010111111010101001001001000111100100001
0001001001101001001011111100100110010000011011101100010101000010111111010101000001101000001100100000
0001001001101001001011111100100110010000011011101100010101000010111111010101000001001000101100100001
0011001001101001001111111100100110010000011011101100010001100010111111010101000001001000111100100000
0011001001101001001111111100100110010000011011101100010101000010111111010101000001101000001100100000
0001001001101001001011111100100110010000011011101100010101000010111111010101000001101000101100100001
0011001001101001001111111100100100010000011011101100110101000010111111010101000001101010101100100001
0011001001101001001111111100100110010000011011101100010101100010111111010101000001101000111100100000
0011001001101001001111111100100110010000011011001100010101100010111111010101000001101000111100100001
0001001001101001001011111100100110010000011111101100110101000110111111010101000001001000111100100001
0011001001101001001111111100101110010000011011101100010101000010111111010101000001001000111100100001
0011001001101001001111111100100110010000010111101100110101000110111111010101000001001000011100100001
0011001001101001001111111100100110010000010111101100110101000110111111010101000001001000111100100001
0001001001101001001111111100100110010000010111101100110101100110111111010101000001101010100100100001
0011001001101001001111111100101110010000011011101100010101000010111111010101000001101000111100100001
0011001001101001001111111100100110010000011011001100010101100110111111011101000001101000111100100001
0011001001101001001011111100100110010000011011101101010111100010111111010101000001101000101100100001
0011001001101001001111111100100110010000011111001100010101100110111111011101000001101000111100100001
0011001001101001001011111100100110010000011011101101110111100110111111010101000001001000111100100001
0011001001101001001111111100100110010000010111101101100111110111111111010101000001001000111100100000
0011001001101001001111111100100110010000011011001100010101100110111111111101010001101000111100100001
0011001001101001001111111100100110010000010111101101100111110111111111011101000001001000111100100000
0011001001101001001111111100100110010000011011101100010111100111111111011101000001101010101100100001
0001001001101001001011111100101110010000011011101100010111100111111111010101000001101010101100101001
0001001001101001001011111100101110010000011011101100010111100111111111010101000001101010101100101001
0011001001101001001011111100101110010000011111001101010101100110111111111101000001101000111100100000
0011001001101001001111111100101110010000011111001101010101100110111111111101000001101000111100100000
0011001001101001011111111100101110010000011011101100010111100111111111011101000001101010101100100001
0011001001101001001111111100100110010000010111101101100111110111111111011101000001101010101100100001
0011001001101001001111111100101110010000011111001100100111110111111111111101000001101000111100100001
0011001001101001001111111100101110010000011111001101100111110111111111111101000001101000111100100000
0011001001101001001011111100101110010000010111001101100111110111111111111101000001101000111100100001
0011001001101001001011111100101110010000011111001101100111110111111111111101000001101000111100100001
0011001001101001001111111100101110010000011111001101100111110111111111111101000001101000111100100001
0011001001101001001111111100101110010000011111001101100111110111111111111101000001101000111100110001
0011001001101001001111111100101110010000011111001101100111110111111111111101000001101000111100110001
0011001001101101001111111100101110010000011111001101100111110111111111111101000001101000111100100001
0011001001101101001111111100101110010000011111001101100111110111111111111101000001101000111100100001
0011001001101001011011111100101110011000011111001101110111110111111111111101000001101010111100100000
0011001001101001001111111100101110010000011111001101100111110111111111111111000001101010111101100001
0011001001101001011011111100101110011000011111001101110111110111111111111101000001101010111100100001
0011001001101001011011111100101110011000011111001101100111110111111111111101000001101010111100101001
0011001001101001001111111100101110011000011111001101110111110111111111111101000001101010111101101001
0011001001101001011011111100101110011000011111001101110111110111111111111111000001101010111101100001
0001001011101001011011111100101110011000011111001101111111110111111111111111000001101010111101100001
0001001011101001011011111100101110011000011111001101111111110111111111111111000001101010111101100001
0011001011101001011011111100101110011000011111001101111111110111111111111111000001101010111101100001
0011001011101001011011111100101110011000011111001101111111110111111111111111000001101010111101100001
0011001011111001011011111100101110011000011111001101111111110111111111111111000001101010111101100001
