260.0 -17724.0
274.0 -18720.0
288.0 -19776.0
288.0 -19776.0
301.0 -20412.0
308.0 -20736.0
324.0 -21264.0
327.0 -21516.0
338.0 -22464.0
340.0 -22584.0
351.0 -23100.0
359.0 -23208.0
368.0 -23472.0
379.0 -24108.0
389.0 -24756.0
406.0 -25008.0
406.0 -25008.0
426.0 -26496.0
440.0 -26712.0
450.0 -26964.0
462.0 -27684.0
473.0 -28116.0
484.0 -28236.0
487.0 -28656.0
487.0 -28656.0
503.0 -29388.0
517.0 -29784.0
534.0 -29964.0
539.0 -30492.0
564.0 -30840.0
569.0 -31008.0
573.0 -31392.0
587.0 -31536.0
590.0 -31872.0
612.0 -32028.0
623.0 -32040.0
628.0 -32424.0
630.0 -32652.0
640.0 -32724.0
650.0 -32964.0
655.0 -33288.0
678.0 -33612.0
706.0 -33936.0
711.0 -34428.0
711.0 -34428.0
726.0 -34848.0
748.0 -35148.0
763.0 -35724.0
776.0 -36036.0
799.0 -36180.0
806.0 -36324.0
813.0 -36756.0
822.0 -36900.0
854.0 -37188.0
864.0 -37548.0
886.0 -37980.0
889.0 -38244.0
894.0 -38388.0
914.0 -38736.0
914.0 -38736.0
926.0 -38964.0
947.0 -39216.0
951.0 -39456.0
981.0 -39804.0
981.0 -39804.0
1006.0 -39900.0
1028.0 -40500.0
1042.0 -40608.0
1066.0 -40764.0
1073.0 -40956.0
1093.0 -41220.0
1111.0 -41280.0
1118.0 -41484.0
1138.0 -41508.0
1143.0 -41664.0
1158.0 -41760.0
1179.0 -42012.0
1195.0 -42252.0
1210.0 -42348.0
1243.0 -42516.0
1267.0 -42636.0
1267.0 -42636.0
1291.0 -42864.0
1327.0 -42900.0
1366.0 -43272.0
1375.0 -43560.0
1395.0 -43692.0
1413.0 -44208.0
1440.0 -44304.0
1440.0 -44304.0
1498.0 -45048.0
1624.0 -45240.0
1639.0 -45372.0
1704.0 -45528.0
1704.0 -45528.0
1729.0 -46020.0
1729.0 -46020.0
1768.0 -46044.0
1793.0 -46536.0
1793.0 -46536.0
