0001001000000000001011101000000000000000001000001100000001100001110111010001000000000000101000100000
0001001000000000001011101000100100000000001000001100000001100001111111010100001000000000100000100000
0001001000000000001011101000000000000000011000001100000001100001111111010100001001000000101000100000
0001001000000000001011101000000000000000011000001100000001100001111111010100001001000000101000100000
0001001000000000001011101000100100000000001000001100000101100001111101010100001001000000101000100000
0001001000100000001011101000000000000000011000001100000001100001111111010100001001000000101000100000
0001001000000001001111101100000100000000001000001100000001100001111111010100001001000000101000100000
0001001000100001001111101100100000000000001000001100100001100001110111010001000000000000101000100000
0001001000100001001111101100000000000000011000001100000001100001111111010100001001000000101000100000
0001001000100001001111101100100000000000001000001100100001100001111111010100001001000000101000100000
0001001000100001001111101100100100000000001000001100000101100001111101010100001001000000101000100000
0001001000100001001111101100000100000000011000001100000001100001111111010100001001000000101000100000
0001001000100001001111101100100000000000011000001100000001110001111111010100001001000000101000100000
0001001000100001001111100000100100010000011000001100000001100001111111010100001001000000101000100000
0001001000100001001111101100100000000000001000001100100001100011111111010101001001000000001100100000
0001001000100001001111101100100000000000001000001100100001100011111111010101001001000000101100100000
0001001000100001001111101100100000000000001000001100100001100011111111010101001001000000101100100000
0001001000100001001111101100100100010000010011101100000001100001111111010100001001000000101000100000
0001001001101001001111101100100100010000010010001100000001100001111111010100001001000000100000100000
0001001000100001001111101100100100010000010011101100000101100001110111010001000000000000101100100000
0001001001101001001111101100100100010000010010001100000101100001111101010100001001000000101000100000
0001001000100001001111101100100100010000010011101100000101100001111111010001001001000000101100100000
0001000000101001001111101100100100010000010011101100000101100001111111010001001001000000101100100000
0001001000101001001111101100100100010000010011101100000101100001111111010101001001000000101000100000
0001001000101001001111101100100100010000010011101100000101100001111111010101001001000000101000100000
0001001001101001001111101100100100010000010011101100000101100011111111010100001001000000101000100000
0001001000101001001111101100100100010000010011101100000101100001111111010101001001000000101100100000
0001001000100001001111101100100100010000010111101100010101100011111111010101001001000000101100100000
0001001001101001001111101100100100010000010011101100000101100001110111010101001001000000101100100000
0001001001100001001111101100100100010000010111101100010101100011111111010101001001000000101100100000
0011001001101001001111101100100100010000010001101100000101100011111111010100000001100000101100100000
0001001001101001001111101100100100010000010011101100000101100011111111010100001001100000101100100000
0001001001101001001111101100100100010000010011101100000101100001111111010101001001100000101100100000
0011001001101001001111101100100100010000010011101100010101100011111111010101001001000000101100100000
0011001001101001001111101100100100010000010011101100000101100001111111010101001001100000101100100000
0001001001101001001011101100100100010000010110101100010101100011111111010101001001100000101100100000
0001001001101001001111101100100100010000010110101100010101100011111111010101001001100000101100100000
0011001001101001001111101100100100010000010011101101010101100011111111010101001001000000101100100000
0001001001101001001111101100100100010000010111101100000101100010110111010101011001100000101100100000
0001001001101001001111111100100100010000010010101100010101100011111111010101001001100000101100100000
0001001001101001001111111100100100010000010011101100010101100011111111010101001001100000101100100000
0001001001101001001111101100100100010000010110101100010101100011111111010101001001101000101100100000
0001001001101001001111101100100110010000010011101100010101100011111111110101001001100000101100100000
0001001001101001001111111100100110010000010011101100010101100011111111010101001001100000101100100000
0001001001101001001111111100100110010000010011101100010101100011111111010101001001100000101100100000
0001001001101001001111111100100100010000010111101100100101100110111111010101001001100000101100100000
0001001001101001001111111100100110010000010011101100010101100011111111010101001001100000101100100001
0001001001101001001111101100100100010000010111101100100101100110111111010101001001101000101100100001
0001001001101001001111111100100100010000010111101100100101100110111111010101001001101000101100100000
0001001001101001001111111100101110010000010111101100100101100110111111010101001001000000101100100000
0001001001101001001111111100101110010000010111101100110101100110111111010101001001000000101100100000
0001001001101001001111111100100100010000010111101100100101100110111111010101001001101000101100100001
0011001001101001001111111100100110010000010011101100000101100110111111010101001001101000101100100000
0001001001101001001111111100101110010000010111101100100101100110111111010101001001100000111100100000
0011001001101001001111111100101110010000010111101100100101100110111111010101001001100000101100100000
0001001001101001001111111100101110010000010111101101110101100110111111010101001001100000101100100000
0001001001101001001111111100101110010000010111101100100101100110111111010101001001101000101100100000
0011001001101001001111111100100110010000010111101100100101100110111111010101001001101000101100100001
0011001001101001001111111100101110010000010111101100100101100110111111010101001001101000101100100000
0011001001101001001111111100101110010000010111101100100101100110111111010101001001101000101100100000
0001001001101001001111111100101110010000010111101100100101100110111111010101001001101000101100100001
0001001001101001011111111100101110010000010111101100100101100110111111010101001001101000101100100001
0011001001101001001111111100101110010000010111101100100101100110111111010101001001101000101100100001
0011001001101001001111111100101110010000010111101100100101100110111111010101011001101000101100100001
0011001001101001001111111100101110010000010111101100100101100110111111010101011001101000101100100001
0001001001101001001111111100101110010000010111101100100101100110111111110101001001101000111100101001
0001001001101001001111111100101110010000010111101101110101100110111111010101011001101010101100100001
0001001001101001011111111100101110010000010111101101100101100110111111010101011001101010101100100001
0001001001101001001111111100101110010000010111101101010101100110111111110101011001101010101100100001
0011001001101001001111111100101110010000010111101101010101100110110111110101011001101000111100100001
0011001001101001001111111100101110010000010111101101010101100110110111110101011001101000111100101001
0001001001101001001111111100101110010000010111101101110111000110111111110101011001101010101100100001
0011001001101001001111111100101110010000010111101101010101100110110111110101011001101010111100101001
0001001001101001001111111100101110010000010111101101110111000110110111110101011001101010111100101001
0001001001101001001111111100101110010000010111101101010111100110110111110101011001101010111100101001
0001001001101001001111111100101110010000010111101101110111000110110111111101011001101010111100101001
0001001001101001011111111100101110010000010111101101110111000110110111111101011001101010111100101001
0011001001111001001111111100101110010000010111101101010111100110110111110101011001101010111100101001
0011001001111001001111111100101110010000010111101101110111000110110111111101011001101010111100101001
1011001001101001001111111100101110010000010111101101110111000110110111111101011001101010111100101001
0011001001111001011111111100101110010000110111101101110111000110110111111101011001101010111100101001
0011001001111001011111111100101110010000110111101101110111000110110111111101011001101010111100101001
1011001001111001011111111100101110010000010111101101110111000110110111111101011001101010111100101001
1011001001111001011111111100101110010000110111101101110111000110110111111101011001101010111100101001
0011001001111001001111111100101110111000010111101101010111000110111111010101011001101000111100101001
1011001001111101011111111100101110010000010111101101110111010110110111111101011001101010111100101001
0011001001111001001111111100101110010000010111101101110111000110110111110111011001101010111100101011
0011001001101001001111111100101110111000010111101101110111000110110111111101011001101010101100101001
0011001001111001001111111100101110111000010111101101110111000110110111111101011001101010101100101001
0011001001111001001111111100101110111000010111101101110111000110110111111101011001101010101100101001
0011001001101001001111111100101110111000010111101101110111100111110111110111001001101010101100101001
0011001001111001001111111100101111111000010111101101010111000111110111110111011001101010101100101001
0011001001111001001111111100101111111000010111101101010111000111110111110111011001101010111100101001
0001001001111001001111111100101111111000010111101101010111000111110111110111011001101010111100101011
0001001001111001001111111100101111111000010111101101010111000111110111110111011001101010111100101011
0011001001111001001111111100101111111000010111101101010111000111110111110111011001101010111100101011
0011001001111001001111111100101111111000010111101101010111000111110111110111011001101010111100101011
0001001001111101001111111100101111111000010111101101010111000111110111110111011001101010111100101011
0011001001111101001111111100101111111000010111101101010111000111110111110111011001101010111100101011
0011001001111101001111111100101111111000010111101101010111000111110111110111011001101010111100101011
