286.0 -17592.0
286.0 -17592.0
288.0 -17700.0
291.0 -18312.0
308.0 -18564.0
311.0 -19500.0
315.0 -19920.0
328.0 -19980.0
338.0 -21924.0
340.0 -21960.0
355.0 -23676.0
358.0 -23856.0
363.0 -24576.0
378.0 -24720.0
392.0 -25608.0
397.0 -25740.0
408.0 -26484.0
408.0 -26484.0
438.0 -26748.0
446.0 -27192.0
453.0 -27228.0
463.0 -27852.0
463.0 -27852.0
467.0 -28260.0
475.0 -28320.0
477.0 -28488.0
482.0 -28956.0
489.0 -29388.0
499.0 -29532.0
506.0 -29640.0
519.0 -29712.0
523.0 -29976.0
527.0 -30072.0
531.0 -30132.0
536.0 -30792.0
566.0 -31092.0
582.0 -31560.0
585.0 -31608.0
605.0 -32076.0
630.0 -32568.0
643.0 -32688.0
652.0 -33324.0
676.0 -33720.0
676.0 -33720.0
683.0 -34044.0
692.0 -34092.0
707.0 -34536.0
707.0 -34536.0
729.0 -34812.0
743.0 -34944.0
761.0 -35340.0
769.0 -35508.0
787.0 -35616.0
791.0 -36060.0
812.0 -36264.0
823.0 -36348.0
826.0 -36576.0
826.0 -36576.0
834.0 -36924.0
844.0 -37032.0
844.0 -37032.0
868.0 -37452.0
882.0 -37560.0
885.0 -37704.0
907.0 -38100.0
907.0 -38100.0
924.0 -38340.0
932.0 -38592.0
932.0 -38592.0
949.0 -38952.0
961.0 -39060.0
978.0 -39528.0
1006.0 -39756.0
1011.0 -40164.0
1062.0 -41160.0
1125.0 -41328.0
1132.0 -41436.0
1177.0 -42396.0
1292.0 -42480.0
1302.0 -42636.0
1317.0 -42780.0
1327.0 -42840.0
1359.0 -42912.0
1385.0 -43068.0
1399.0 -43200.0
1419.0 -43680.0
1504.0 -43704.0
1504.0 -43704.0
1546.0 -43872.0
1546.0 -43872.0
1585.0 -44196.0
1605.0 -44520.0
1625.0 -44784.0
1723.0 -44832.0
1759.0 -44856.0
1799.0 -44880.0
1819.0 -45060.0
1824.0 -45144.0
1844.0 -45324.0
1856.0 -45780.0
