0001001001000001001111101100100100010000011000000100000101100011111100010101010000000000000000100000
0001001001000001001111101100100100010000011000000100000101100011111100010101010000000000000000100000
0001001001000001001111101100100100010000011000000100000101100011111101010101010000000000000000100000
0001001001000001001111101100100100010000011000000100000101100011111101010101010000000000000000100000
0001001000101001001111101100100000010000010001000100000100000010111111010101010001000010000000100000
0001001000100001001111101100100100010000010000000100000101100010111111010101010001000010000000100000
0001001000101001001111101100100000010000010001000100000101000010111111010101010001000010000000100000
0001001000101001001111101100100000010000010001000100000101100010111111010101010001000010000000100000
0001001000101001001111101100100100010000010001000100000101000010111111010101010001000010000000100000
0001001000101001001111101100000100000000011000001100100101100010111111010101000001000000001100100000
0001001001000001001111101100100100010000011001001100000101100010110111010101000001000000001100100000
0001001000101001001111101100100100010000010000000100000101100010111111010101010001000000001100100000
0001001000101000001111101100100100010000011000001100000101100010111111010101010001000000001100100000
0001001001100001001111101100100100010000011000001100000101100010111111010101010001000000001100100000
0001001001101001001111101100100100010000011001000100010101100010110111010101010001000000001100100000
0011001001101001001111101100100100010000011001001100000101100010110111010101000001000000001100100000
0011001001101001001111101100100100010000011001001100000101100011110111010101000001000000001100100000
0011001001101001011111101100100100010000011001001100000101100011110111010101000001000000001100100000
0001001001101001001111101100100100010000011001001100000101100011110111010101000001000000001100101001
0001001001101001001111101100100100010000011011101100000101100010111111010101010001000000001100100000
0001001001101001001111101100100100010000010110101101000101100010110111010101000001000000001100100000
0001001001101001001111101100100100010000010010101101100101100011110111010101010001000000001100100000
0001001001101001001111101100100100010000011011101100000101100010111111010101010001000000001100100001
0001001001101001001111101100100100010000011001001100000101100010111111010101000001101000001100100001
0001001001101001001111101100100100010000010111101101100101100011111111010101010001000000001100100000
0011001001101001001111101100100100010000011001001101000101100010110111010101000001101000001100100000
0011001001101001001111101100100100010000011001001100000101100011111111010101000001101000001100100001
0011001001101001001111101100100100010000011001001100000101100011111111010101000001101000001100100001
0001001001101001001111101100100100010000011000101101000101100011110111010101000001101000001100100001
0011001001101001001111101100100100010000011001001101000101100010110111010101000001101000001100100001
0011001001101001001111111100100100010000010001001100000101100010111111010101000001101000001100100001
0001001001101001001111101100100100010000010010101101100101100011110111010101000001101000001100100001
0001001001101001001111101100100100010000010010101101100101100011110111010101000001101000001100100001
0011001001101001001111111100100100010000010011001100000101100010111111010101000001101000001100100001
0001001000101001001111101100100110010000010011101101000101100110111111010101000001101000001100100000
0001001001101001001111101100100100010000010111101101000101100110111111010101000001101000001100100000
0001001001101001001111101100100100010000011011101101000101000110111111011101000001101000001100100001
0001001001101001001111101100100100010000010111101101100101100011111111010101010001101000001100100001
0001001001101001001111111100100100010000010110101101100101100011110111010101000001101000001100100001
0011001001101001001111111100100100010000010011101101000101100110111111010101000001101000001100100000
0011001001101001001111111100100100010000010011101101000101100110111111011101000001101000001100100000
0011001001101001011111111100100100010000010110101101100101100011110111010101000001101000001100100001
0001001001101001001111111100100110010000010110101101000101100011111111010101000001101000001100100001
0011001001101001001111111100100100010000011011101101000101000110111111011101000001101000001100100001
0011001001101001001111111100100110010000010011101101000101100110111111010101000001101000001100100000
0011001001101001001111111100100110010000010011101101000101100110111111010101000001101000001100100000
0001001001101001001111111100100110010000010111101101100101100011111111010101010001101000001100100001
0001001001101001001111111100100110010000010111101101100101100011111111010101010001101000001100100001
0011001001101001001111111100100110010000010011101101000101100110111111010101000001101000001100100001
0011001001101001001111111100100110010000010111101101100101100011111111010101010001101000001100100001
0011001001101001001111111100100110010000010111101101100101100111111111010101010001101000001100100000
0011001001101001011111111100101110010000010110101101100101100011110111010101000001101000001100100001
0011001001101001011111111100101110010000010111101101100101100011110111010101000001101000001100100001
0011001001101001001111111100100110010000010111101101100101100111111111010101010001101000001100100001
0001001001101001001111111100101110010000010111101101000111100110111111011101000001101000001100100000
0011001001101001001111111100101110010000010110101101010111100110111111010101000001101000001100100000
0011001001101001001111111100101110010000010111101101000111100110111111011101000001101000001100100000
0011001001101001001111111100101110010000010111101101000111100110111111011101000001101000001100100000
0001001001101001001111111100101110010000010111101101000111100110111111011101000001101000001100100001
0011001001101001001111111100101110010000010111101101000111100110111111010101000001101000001100100001
0011001001101001001111111100101110010000010111101101000111100110111111011101000001101000001100100001
0011001001101001001111111100101110010000010110101101010111100110111111011101010001101000001100100001
0011001001101001001111111100101110010000010110101101010111100110111111111101000001101000001100100001
0011001001101001001111111100101110010000010110101101010111100110111111111101000001101000001100100001
0011001001101001001111111100101110010000010110101101010111100110111111011101010001101000011100101001
0011001001101001001111111100101110010000010110101101110111100110111111111101010001101000001100100001
0011001001101001011111111100101110110000010111101101010111100110111111010101000001101000001100100001
0001001001101001001111111100101110010000011110101101010111100110111111111101011001101010011100101001
0011001001101001011111111100101110110000010111101101010111100110111111010101010001101000001100100001
0011001001101001001111111100101110010000010110101101010111100110111111111101010001101010111100101001
0011001001101001001111111100101110010000010110101101110111100110111111111101010001101010111100101001
0011001001101001011111111100101110110000010110101101010111100110111111010101011001101010011100100001
0011001001101001011111111100101110110000010111101101010111100110111111111101010001101010011100100000
0011001001101001011111111100101110110000010111101101010101100110111111111101010001101010011100101001
0011001001101001011111110100101110110000010111101101010111100110111111111101010001101010011100101001
0001001001101001011111111100101110110000010110101101010111100110111111111101011001101010111100101001
0011001001101001011111111100101110110000010111101101010111100110111111111101010001101010011100101001
0011001001101001011111111100101110110000010111101101010111100110111111111101010001101010111100101001
0011001001101001011111111100101110110000010111101101010111100110111111111101010001101010111100101001
0011001001101001011111111100101110110000010111101101010111110110111111111101010001101010111100101001
0011001001101001011111111100101110110000010111101101010111100110111111111111011001101010011100100001
0011001001101001011111111110101110110000110111101101010111100110111111111101010001101010111100101001
0011001001111001011111111110101110110000110111101101010111100110111111111101010001101010111100101001
0011001001111001011111111110101110110000110111101101010111100110111111111101011001101010111100101001
0011001001101001011111111100101110111000110010101101010111100110111111111111011001101010011100101001
0011001001111001011111111100101110111000010010101101010111100110111111111111011001101010111100101001
0011001001101101011111111100101110111000110111101101010111110110111111111101010001101010111100101001
0011001001101101011111111100101110111000110010101101010111100110111111111111011001101010111100101001
0011001001101111011111111100101110111000010010101101010111100110111111111111011001101010111100101001
0011001001101111011111111100101110111000110010101101010111100110111111111111011001101010111100101001
0011001001111001011111111101101111111100110111101101010111110110111111111101010001101010111100101001
0011001001111101011111111101101111111100110111101101010111100110111111111101010001101010011100101001
0011001001101001001111111101101111111100110111101101010111110110111111111111011001101010011100100001
0011001001101001001111111101101111111100111111101101010111110110111111111111011001101010011100100001
0011001001111101011111111101101111111100110111101101110111100110111111111101010001101010111100101001
0011001001111101011111111100101111111100110111101101010111110110111111111111011001101010011100100001
0011001001111101011111111100101111111100110111101101010111110110111111111111011001101010011100100001
0011001001111101011111111101101111111100110111101101010111110110111111111111011001101010011100100001
0011001001111101011111111101101111111100111111101101010111110110111111111111011001101010011100100001
0011001001111101011111111101101111111100111111101101010111110110111111111111011001101010011100100001
