433.0 -25572.0
454.0 -26316.0
463.0 -26424.0
479.0 -27240.0
505.0 -27420.0
510.0 -27672.0
512.0 -28404.0
515.0 -29124.0
522.0 -29232.0
530.0 -29484.0
534.0 -29952.0
544.0 -29988.0
555.0 -30204.0
567.0 -30600.0
567.0 -30600.0
586.0 -31020.0
607.0 -31272.0
609.0 -31704.0
616.0 -31956.0
636.0 -32316.0
658.0 -32328.0
667.0 -32628.0
668.0 -33156.0
687.0 -33288.0
693.0 -33648.0
706.0 -33792.0
718.0 -34080.0
733.0 -34332.0
742.0 -34380.0
746.0 -34668.0
753.0 -35244.0
786.0 -35496.0
786.0 -35496.0
810.0 -36108.0
836.0 -36384.0
845.0 -36720.0
873.0 -36900.0
885.0 -37260.0
885.0 -37260.0
892.0 -37812.0
895.0 -37908.0
914.0 -37956.0
920.0 -38328.0
920.0 -38328.0
939.0 -38700.0
952.0 -38904.0
975.0 -39012.0
989.0 -39372.0
989.0 -39372.0
1000.0 -39624.0
1014.0 -39864.0
1025.0 -40116.0
1035.0 -40476.0
1064.0 -40692.0
1080.0 -41016.0
1092.0 -41184.0
1112.0 -41232.0
1116.0 -41520.0
1130.0 -41580.0
1137.0 -41724.0
1147.0 -42072.0
1162.0 -42264.0
1216.0 -42276.0
1219.0 -42588.0
1271.0 -42792.0
1271.0 -42792.0
1293.0 -42912.0
1302.0 -43164.0
1312.0 -43524.0
1317.0 -43536.0
1339.0 -43620.0
1378.0 -43740.0
1394.0 -43836.0
1399.0 -44244.0
1404.0 -44556.0
1454.0 -44616.0
1480.0 -44820.0
1480.0 -44820.0
1504.0 -44964.0
1519.0 -45096.0
1542.0 -45288.0
1589.0 -45480.0
1617.0 -45504.0
1634.0 -45744.0
1634.0 -45744.0
1649.0 -45960.0
1727.0 -46056.0
1737.0 -46416.0
1752.0 -46548.0
1824.0 -46596.0
1839.0 -46728.0
1839.0 -46728.0
1884.0 -47004.0
1892.0 -47016.0
1956.0 -47160.0
1956.0 -47160.0
1983.0 -47256.0
1988.0 -47460.0
2015.0 -47556.0
2075.0 -47820.0
