272.0 -17604.0
272.0 -17604.0
287.0 -18588.0
287.0 -18588.0
289.0 -19428.0
295.0 -19668.0
297.0 -20088.0
297.0 -20088.0
307.0 -20976.0
307.0 -20976.0
314.0 -21888.0
314.0 -21888.0
325.0 -22800.0
337.0 -22836.0
341.0 -23436.0
341.0 -23436.0
355.0 -23928.0
359.0 -24588.0
374.0 -24756.0
379.0 -25140.0
384.0 -25404.0
395.0 -25992.0
411.0 -26388.0
421.0 -26532.0
429.0 -27144.0
436.0 -27492.0
451.0 -27732.0
458.0 -28176.0
474.0 -28464.0
483.0 -28668.0
490.0 -29220.0
512.0 -29328.0
519.0 -29400.0
523.0 -30324.0
538.0 -30768.0
558.0 -31032.0
568.0 -31644.0
585.0 -31896.0
593.0 -32136.0
607.0 -32232.0
617.0 -32496.0
625.0 -32676.0
635.0 -33084.0
649.0 -33216.0
655.0 -33348.0
660.0 -33576.0
675.0 -33840.0
689.0 -33996.0
702.0 -34464.0
712.0 -34644.0
725.0 -34872.0
737.0 -35136.0
744.0 -35364.0
757.0 -35592.0
764.0 -35628.0
777.0 -35916.0
794.0 -36120.0
801.0 -36348.0
808.0 -36636.0
826.0 -37020.0
833.0 -37128.0
846.0 -37236.0
860.0 -37488.0
865.0 -37704.0
877.0 -37908.0
888.0 -37980.0
890.0 -38196.0
908.0 -38244.0
922.0 -38688.0
922.0 -38688.0
928.0 -38904.0
947.0 -39180.0
953.0 -39396.0
992.0 -39720.0
1011.0 -39912.0
1011.0 -39912.0
1026.0 -40248.0
1038.0 -40272.0
1058.0 -40536.0
1071.0 -40608.0
1081.0 -40776.0
1086.0 -41004.0
1106.0 -41268.0
1111.0 -41460.0
1133.0 -41628.0
1143.0 -41988.0
1158.0 -42120.0
1158.0 -42120.0
1203.0 -42336.0
1212.0 -42624.0
1237.0 -42852.0
1245.0 -42912.0
1273.0 -43404.0
1298.0 -43896.0
1337.0 -43920.0
1337.0 -43920.0
1509.0 -44160.0
1548.0 -44184.0
1560.0 -44304.0
1573.0 -44676.0
