0000001000001000001101100100100000010000001011001000100101000001100101010000000001000000010001100000
0000001000001000001101100100100000010000001011001000100101000001100101010000000001000000010001100000
0000001000001000001101100100100000010000011011001000100101000001100101010000000001000000010001100000
0000001000001000001101100100100000010000011011001000100101000001100101010000000001000000010001100000
0000001000001000001001100100100000010000011011001000100101000001100101010000000001000000100100100000
0000001000001000001101100100100000010000001011001000100101000001111101010000000001000000100100100000
0000001000001000001101101100100000010000011011001000100101000001100101010000000001000000001000101000
0000001000001000001101101100100000010000011011001000100101000001100101010000000001000000001000101000
0000001000001001001101101100100100010000010001001000000101000000110111010000000000000000100100100000
0000001000001001001101101100100100010000010001001000000101000000110111010000000000000000100100100000
0001001000001001001101101100100100000000010001001100100101000000110111010000000000000000100100100000
0001001000001001001101101100100100000000010001001100100101000000110111010000000000000000100100100000
0001001000100001001111101100100100010000010011001000000101000000101111010000000001000000100000100000
0001001000100001001111001100100100010000010011001000000101000000100111010000000001000000100100100000
0001001000001001001101101100100100000000010001001100100101000010111101010100000001000000001000101000
0001001000001001001101101100100100000000010001001100100101000010111101010100000001000000001000101000
0001001000100001001111101100100100010000010011001000000101000000101111010000000001000000100100100000
0001001000100001001111101100100100010000011001001000100101000010111101010000000001000000100100100000
0001001000001001001011101100100100010000010011001000000101000000110111010100000001000000100100100000
0001001000001001001111101100100100010000010011001000000101000000110111010100000001000000100100100000
0001001000101000001111101100100100010000010011001000000101000000110111010100000001000000100100100000
0001001000100001001111101100100100010000010011001000000101000000110111010100000001000000101100100000
0001001001101001001111101100100100010000010001001000100101000010111101010000000001000000100100100000
0001001001101001001111101100100100010000010011001000000101000010111101010000000001000000001000101000
0001001000100001001111101100100100010000010011101100100101000010111101010000000001000000001100101000
0001001000101001001111101100100100010000010011101100100101000000110111010100000001000000100100100000
0001001001101001001111101100100100010000010011101100100101000000110111010000000001000000100100100000
0001001000101001001111101100100100010000010011101100100101000010111101010000000001000000001100101000
0001001001101001001111101100100100010000010011101100100101000000111101010000000001000000101100100000
0001001001101001001011101100100100010000010011101100100101000010111101010000000001000000001100101000
0001001000101001001111101100100100010000010011101100100101000010111111010101001001000000100100100000
0001001001101001001111101100100100010000010011101101100101100010111101010000000001000000100100100000
0001001001101001001011101100100000010000010011001100100101000010111111010101001001100000100100100000
0001001000101001001111101100100100010000010011001100100101000010111111010101001001100000001100100000
0001001000101001001111101100100100010000010011101100100101000010111111010101001001100000001100100000
0001001000101001001111101100100100010000010011101100100101000010111111010101001001100000001100101000
0001001001101001001111101100100100010000010011101100100101000010111111010101001001100000001100100000
0001001001101001001111101100100100010000010011101100100101000010111111010101001001100000101100100000
0011001001101001001111101100100100010000010011101100100101000010111111010101001001100000001100100000
0001001001101001001111101100100100010000010011101101100101100010111111010101000001000000101100101000
0011001001101001001111101100100100010000011011101100100101000010111111010101001001100000101100100000
0001001001101001001111101100100100010000010011101101100101000010111111010101001001100000101100100000
0001001001101001001111101100100100010000010011101100100101000010111111010101001001101000101100100000
0001001001101001001111101100100100010000011011101100100101100011111111010101001001100000101100100001
0001001001101001001111101100100100010000010011101100100101000010111111010101001001101000101100101000
0011001001101001001111101100100100010000010011101100100101000010111111010101001001101000101100100000
0001001001101001001111101100100100010000010011101100100101100011111111010101001001101000101100101000
0001001001101001001111101100100100010000011011101101100101100011111111010101001001100000101100100001
0001001001101001001111101100100100010000011011101101100101100011111111010101001001101000101100100000
0001001001101001001111101100101100010000010011101100100101100011111111010101001001101000101100100000
0001001001101001001111111100100100010000010011101100100101100011111111010101001001101000101100101000
0011001001101001001111101100101100010000010011101100100101100011111111010101001001101000101100100000
0001001001101001001111101100101100010000010011101101100101100010111111010101001001101000101100100000
0001001001101001001111111100100100010000010011101101100101100010111111010101001001101000101100101000
0001001001101001001111101100101100010000010011101101100101100010111111010101001001101000101100101000
0011001001101001001111101100101100010000010011101101100101100011111111010101001001101000101100100000
0011001001101001001111101100101100010000010011101100100101100011111111010101001001101000101100101001
0001001001101001001111101100101100010000010011101101100101100010111111010101001001101000101100101001
0001001001101001001111111100100110010000011011101101100101100011111111010101001001101000101100100000
0011001001101001001111111100100110010000010011101101100101100011111111010101001001101000101100100000
0011001001101001001111111100100110010000011011101101100101100011111111010101001001101000101100100000
0001001001101001001111111100100110010000011111101101100101100011111101010101001001101000001100100001
0011001001101001001111111100100110010000011011101101100101100011111101010101001001101000101100100001
0001001001101001001111111100101110010000011011101101100101100011111111010101001001101000101100100000
0001001001101001001111111100101110010000011011101101100101100010111111010101001001101000101100101000
0011001001101001001111111100100110010000011111101101100101100011111101010101001001101000101100100001
0011001001101001001111111100101110010000011011101101100101100011111111010101001001101000101100100000
0011001001101001001111111100100110010000011111101101100101100011111101010101001001101000101100101001
0001001001101001001111111100101110010000011011101101100101100011111111010101001001101000101100101001
0001001001101001001111111100101110010000011011101101100101100011111111010101001001101000101100101001
0001001001101001001111111100101110010000011011101101100101100110111111010101001001101000101100101000
0011001001101001001111111100101110010000011011101101100101100011111111010101001001101000101100101001
0011001001101001001111111100101110010000011011101101100101100110111111010101001001101000101100101000
0011001001101001001111111100101110010000011011101101100101100011111111110101001001101000101100101001
0001001001101001001111111100101110010000011011101101100111100111111111110101001001101000101100100000
0001001001101001001111111100101110010000011011101101100111100111111111110101001001101000101100100000
0011001001101001001111111100101110010000011011101101100101100111111111111101001001101000101100101000
0001001001101001001111111100101110010000011011101101100111100111111101110101001001101000101100100001
0001001001101001001111111100101110010000011011101101100111100111111101110101001001101000101100101001
0001001001101001001111111100101110010000011011101101100111110111111111111101001001101000101100101000
0001001001101001001111111100101110010000011011101101100111100111111111111101011001101000101100101000
0011001001101001001111111100101110010000011011101101100111100111111111111101011001101000101100100000
0011001001101001001111111100101110010000011011101101100111100111111111111101011001101000101100101000
0011001001101001011111111100101110110000011011101101100101100110111111010101001001101000101100101001
0001001001101001001111111100101110010000011011101101100111100111111111111101011001101000111100101001
0011001001101001001111111100101110010000011011101101100111100111111111111101011001101000101100101001
0011001001101001001111111100101110010000011011101101100111100111111111111101011001101000111100101001
0011001001101001001111111100101110010000011011101101100111100111111111111101011001101000111100101001
0011001001101001001111111100101110110000011011101101110111110111111111111101001001101000101100101000
0011001001101001001111111100101110110000011011101101110111110111110111111101001001101000101100100001
0001001001101001001111111100101110110000011011101101110111110110111111111101011001101000101100101001
0001001001101001001111111100101110110000011011101101110111110111111111111101011001101000101100101001
0001001001101001001111111100101110110000011111101101110111110111111111111101011001101000101100101001
0011001001101001001111111100101110110000011111101101110111110111111111111101011001101000101100101001
0001001001101101001111111100101110110000011111101101110111110111111111111101011001101000101100101001
0001001001101101001111111100101110110000011111101101110111110111111111111101011001101000101100101001
0011001001101001001111111100101110110000011011101101110111100111111111111101111001101000111100101001
0001001001101101001111111100101110110000011011101101110111100111111111111101111001101000111100101001
0011001001101101001111111100101110110000011011101101110111100110111111111101101001101000111100111001
0011001001101101001111111100101110110000011011101101110111100111111111111101111001101000111100101001
