0001001000101001001111101100100000010000000000001101010001000001111111010001000001000000000000100000
0001001000101001001111101100100000010000010000001101010001000001111111010001000001000000000000100000
0001001000101001001111101100100000010000010000001101010001000001111111010001000001000000000000100000
0001001000100001001111101100100000010000000000001101010001000000111111010000001001000000001100100001
0001001000101001001111101100100000010000010000001101010001000001111111010001000001000000000100100000
0001001000101001001111101100100000010000000000001101010001000000111111010000001001000000001100100001
0011001000101001001111101100100100010000000000001101010001000001111111010001000001000000000100100000
0001001000101001001111101100100000010000010000001101010001000000111111010000001001000000001100100001
0011001000101001001111101100100100010000010000001101010001000001111111010001000001000000000100100000
0001001000101001001111101100100000010000010000001101010001000010111111010000001001000000001100100001
0001001001101001001111101100100100010000010110101101010001000001111111010001000001000000000000100000
0001001000101001001111101100100000010000010000001101010001000010111111010001001001000000011100100001
0001001000101001001111101100100000010000010011001001010001100011111111010101000001001000000100100000
0001001000101001001111101000100000010000010000001101010101100011111111010101000001001000001100100000
0001001000101001001111101100100000010000010011001101010001100011111111010101000001001000000100100000
0011001001101001001111101100100000010000010000001101010001000010110111010000001001001000001100100001
0001001000101001001111101100100000010000010000101101000101100011111111011101000001001000001100100000
0001001000101001001111101100100000010000010000001101010101100011111111010101000001001000001100100001
0001001000101001001011101100100000010000010000101101000101100011111111011101000001001000001100100001
0001001000101001001111101100100000010000010000101101000101100011111111011101000001001000001100100001
0001001000101001001111101100100000010000010000101101000101100011111111011101000001001000001100100001
0001001000101001001111101100100000010000010011001101010001100110110101010101000001001000001100100001
0001001001101001001111101100100100010000010110101101010101100011111111010101000001001000000100100000
0001001001101001001111101100100100010000010110101101010101100011111111010101000001000000001100100001
0011001001101001001111101100100100010000010110101101010101100011111111010101000001001000000100100000
0011001001101001001111101100100100010000010011101100010101100110111111010101000001001000001100100000
0001001001101001001111101100100100010000010110101101010101100011111111010101000001001000001100100001
0001001001101001001111101100100100010000010110101101010101100011111111010101001001001000001100100001
0011001001101001001111101100100100010000010111101101010101100111111111010101000001000000001100100001
0001001000101001001111101100101100010000010010101101010101100110111111010101000001001000001100100001
0011001001101001001111101100100100010000010011101100010101100111111111010101000001001000011100101001
0011001001101001001111101100100100010000010011101100010101100111111111010101000001001000011100101001
0011001001101001001111101100100100010000010110101101000101100110111111010101000001001000001100100001
0001001001101001001111101100100100010000010111101101010101100111111111010101001001001000001100100001
0001001001101001001111101100101100010000010111101101010101100110111111010101001001001000001100100000
0011001001101001001111101100101100010000010111101101010101100111111111010101000001001000001100100000
0011001001101001001111101100101100010000010111101101010101100110111111010101001001001000001100100000
0011001001101001001111101100101100010000010111101101010101100110110111010101000001001000001100100001
0011001001101001001111101100101100010000010111101101010101100111111111010101000001001000001100100001
0011001001101001001111111100100100010000010111101101110101100111111111010101001001001000001100100001
0011001001101001001111111100101110010000010111101100010101100110111111010101000001001000001100100000
0001001001101001011111111100101100010000010111101101010101100110111111010101000001001000001100100001
0011001001101001001111101100101100010000010111101101010101100110110111010101000001101010001100100001
0011001001101001011111111100100110010000010011101101110101100111111111010101001001001000001100100001
0011001001101001011111111100100110010000010011101101110101100111111111011101001001001000001100100001
0011001001101001001111111100101110010000010111101101010101100111111111010101000001001000001100101000
0011001001101001011111111100101110010000010011101101010101100110111111010101000001001000001100100001
0011001001101001011111111100101110010000010111101101010101100111111111010101000001001000001100101000
0011001001101001011111111100101110010000010011101101010101100111111111010101000001001010001100100001
0011001001101001011111111100101110010000010111101101010101100111111111010101001001001000001100100001
0011001001101001011111111100101110010000011111101101010101100111111111010101000001001000001100101001
0001001001101001001111111100101110010000010111101101010101100110111111010101000001101010001100101001
0001001001101001001111111100101110010000010011101101010101100111111111010101011001101010001100101001
0001001001101001001111111100101110010000010011101101010101100111111111010101011001101010001100101001
0011001001101001011011111100101110010000010111101101010101100110111111010101010001101000101100100001
0011001001101001011111111100101110010000010011101101010101100111111111010101011001101010001100100001
0011001001101001011111111100101110010000011111101101010101100110111111010101001001101010001100101001
0011001001101001011111111100101110010000011111101101010101100110111111010101001001101010001100111001
0011001001101101001111111100101110010000011111101101010101100110111111010101010001101010001100100001
0011001001101101001111111100101110010000011111101101010101100110111111010101011001101010001100100001
0011001001101101001111111100101110010000011111101101010101100110111111010101011001101010001100100001
0011001001101001011111111100101110110000010111101101010101100110111111010101001001101010001100100001
0011001001101001001111111100101110010000010111101101000111110111111111110101001001101010001100101001
0011001001101001011111111100101110110000010111101101010101100111111111010101011001101010001100100001
0011001001101001011111111100101110110000010111101101010101100111111111010101011001101010001100101001
0011001001101001011111111100101110110000010111101101010101100110111111010101011001101010101100101001
0011001001101001011111111100101110110000010111101101010101100110111111010101011001101010111100101001
0011001001101001001111111100101110010000010111101101010101100110111111110111011001101010101100101001
0011001001101001001111111100101110010000010111101101000111110111111111110111001001101010001100101001
0011001001101001001111111100101110010000010111101101010111100110111111110111011001101010101100100001
0011001001101001001111111100101110010000010111101101010111100110111111110111011001101010101100101001
0011001001101001001111111100101110010000010111101101010111100110111111110111011001101010101100101001
0011001001101001001111111100111110010000010111101101110111100110110111110111011001101010101100101001
0011001001101001001111111100111110010000010111101101110111100110111111110111011001101010101100101001
0011001001101001011111111100111110010000010111101101110111100110111111110111011001101010101100101001
0011001001101001001111111100101110110000110111101101110101100111111111110111011001101010101100101001
1011001001101001011111111100101110110000010111101101010101100110111111110111011001101010101100101001
1011001001101001011111111100101110110000010111101101010101100110111111110111011001101010101100101001
0011001001101001011111111100101110110100010111101101010111110111111111110111001001101010011100101001
0011001001101001011111111100101110110100010111101101010111110111111111110111001001101010011100101001
0011001001101001011111111100101110110000010111101101110101100110110111110111011001101010101100111011
0011001001101001011111111100101110110000010111101101110101100110111111110111011001101010101100111011
0011001001101001011111111100101110110000010111101101010111110111111111110111011001101000101100111011
0011001001101001011111111100101110110000010111101101010111110111111111110111011001101000101100111011
0011001001101001011111111100101111110000010111101101110101100110111111110111011001101010101100111011
0011001001101001111111111100101110111100010111101101010101110111111111110111011001101010001100101001
0011001001101001011111111100101110111000011111101111010111110111111111110111001001101010001100101011
0011001001101001011111111100101111110000010111101101010111110111111111110111011001101001101100111011
1011001001101001011111111100101111110000010111101101010111110111111111110111011001101001101100111011
1011001001101001011111111100101111110000010111101101010111110111111111110111011001101001101100111011
0011001001101101011111111101101110111000010111101111010111110111111111110111001001101010001100101111
1011001001101101001111111110101110011000110111101111010111110111111111110111011001101001101100111011
1011001011111101011111111110101110011000010111101111010111100111111111110111011001101011101100111001
1011001001101101001111111110101110011000010110101111001111110111111111110111111001101011101100101001
1011001001101101001111111110101110011000010110101111001111110111111111110111111001101011101100101001
1011001001111101001111111111101110011000010110101111001111110111111111110111111001101011101100101001
1011001001111101001111111111101110011000010110101111001111110111111111110111111001101011101100101001
1011001001111101001111111111101110011000010110101111001111110111111111110111111001101011101100111001
0011001011111111001111111111101110011000010110101111001111110111111111110111111001101011101100101001
0011001011111111001111111111101110011000010110101111001111110111111111110111111001101011101100101001
