413.0 -25368.0
413.0 -25368.0
429.0 -26664.0
442.0 -27084.0
447.0 -27804.0
468.0 -27924.0
469.0 -28152.0
485.0 -28308.0
487.0 -28440.0
488.0 -29124.0
495.0 -29232.0
502.0 -29424.0
506.0 -29748.0
513.0 -30024.0
529.0 -30132.0
531.0 -30456.0
550.0 -30648.0
561.0 -31332.0
571.0 -31488.0
591.0 -31716.0
594.0 -31992.0
616.0 -32340.0
616.0 -32340.0
622.0 -32616.0
635.0 -32832.0
647.0 -33108.0
658.0 -33492.0
669.0 -33528.0
675.0 -33600.0
685.0 -33984.0
694.0 -34548.0
715.0 -34632.0
718.0 -35040.0
736.0 -35304.0
750.0 -35616.0
750.0 -35616.0
759.0 -35772.0
770.0 -36036.0
775.0 -36108.0
784.0 -36312.0
798.0 -36360.0
803.0 -36600.0
812.0 -36828.0
818.0 -36876.0
827.0 -37020.0
839.0 -37116.0
841.0 -37296.0
848.0 -37548.0
858.0 -37752.0
874.0 -37884.0
878.0 -38016.0
883.0 -38244.0
903.0 -38508.0
903.0 -38508.0
915.0 -38736.0
933.0 -38856.0
938.0 -39192.0
940.0 -39228.0
953.0 -39636.0
978.0 -39660.0
984.0 -39888.0
999.0 -39912.0
1006.0 -40020.0
1014.0 -40044.0
1019.0 -40188.0
1027.0 -40320.0
1044.0 -40356.0
1049.0 -40416.0
1068.0 -40560.0
1082.0 -40788.0
1084.0 -40980.0
1089.0 -41100.0
1091.0 -41304.0
1101.0 -41340.0
1118.0 -41520.0
1126.0 -41616.0
1139.0 -41772.0
1158.0 -41964.0
1167.0 -42264.0
1211.0 -42288.0
1215.0 -42672.0
1222.0 -42816.0
1246.0 -42972.0
1246.0 -42972.0
1267.0 -43356.0
1267.0 -43356.0
1309.0 -43524.0
1360.0 -43608.0
1365.0 -43896.0
1375.0 -44160.0
1390.0 -44292.0
1435.0 -44424.0
1435.0 -44424.0
1465.0 -44808.0
1572.0 -44856.0
1572.0 -44856.0
1611.0 -45228.0
1611.0 -45228.0
1632.0 -45480.0
1632.0 -45480.0
