348.0 -22992.0
368.0 -23640.0
378.0 -23952.0
378.0 -23952.0
388.0 -24600.0
416.0 -25392.0
423.0 -26904.0
423.0 -26904.0
441.0 -27612.0
441.0 -27612.0
454.0 -27744.0
457.0 -27888.0
470.0 -28704.0
475.0 -28800.0
475.0 -28800.0
491.0 -29028.0
500.0 -29292.0
501.0 -29364.0
505.0 -29676.0
517.0 -29952.0
529.0 -30084.0
535.0 -30360.0
543.0 -30756.0
566.0 -30780.0
573.0 -30924.0
583.0 -31416.0
598.0 -31644.0
608.0 -31908.0
608.0 -31908.0
618.0 -32268.0
635.0 -32484.0
645.0 -33060.0
660.0 -33204.0
678.0 -33300.0
683.0 -33360.0
685.0 -33840.0
695.0 -34092.0
700.0 -34416.0
720.0 -34620.0
743.0 -34740.0
750.0 -35268.0
768.0 -35340.0
775.0 -35532.0
792.0 -35784.0
792.0 -35784.0
804.0 -36012.0
817.0 -36060.0
826.0 -36672.0
828.0 -36924.0
854.0 -37044.0
870.0 -37176.0
873.0 -37464.0
896.0 -37740.0
901.0 -38124.0
922.0 -38304.0
946.0 -38316.0
964.0 -38640.0
964.0 -38640.0
972.0 -38976.0
979.0 -39084.0
1000.0 -39336.0
1020.0 -39480.0
1038.0 -39780.0
1051.0 -40332.0
1069.0 -40668.0
1099.0 -40764.0
1113.0 -40944.0
1113.0 -40944.0
1144.0 -41304.0
1144.0 -41304.0
1154.0 -41460.0
1172.0 -41796.0
1199.0 -42096.0
1199.0 -42096.0
1204.0 -42312.0
1253.0 -42792.0
1266.0 -42900.0
1283.0 -43020.0
1283.0 -43020.0
1312.0 -43476.0
1312.0 -43476.0
1398.0 -43752.0
1418.0 -44016.0
1463.0 -44124.0
1465.0 -44136.0
1526.0 -44376.0
1526.0 -44376.0
1573.0 -44388.0
1588.0 -44508.0
1620.0 -44568.0
1672.0 -44700.0
1679.0 -45240.0
1697.0 -45624.0
1883.0 -45696.0
1883.0 -45696.0
1905.0 -46404.0
1926.0 -46584.0
1998.0 -46644.0
2005.0 -46716.0
2028.0 -46992.0
