425.0 -10935.0
433.0 -11005.0
456.0 -11255.0
456.0 -11255.0
465.0 -11295.0
468.0 -11505.0
478.0 -11735.0
483.0 -11930.0
488.0 -12045.0
498.0 -12195.0
523.0 -12260.0
539.0 -12405.0
540.0 -12475.0
544.0 -12625.0
556.0 -12700.0
561.0 -12705.0
565.0 -13020.0
569.0 -13100.0
593.0 -13155.0
611.0 -13220.0
621.0 -13435.0
630.0 -13565.0
640.0 -13610.0
646.0 -13640.0
655.0 -13840.0
675.0 -13955.0
686.0 -14040.0
692.0 -14140.0
716.0 -14240.0
718.0 -14515.0
733.0 -14570.0
743.0 -14720.0
761.0 -14745.0
774.0 -14875.0
777.0 -15000.0
777.0 -15000.0
787.0 -15150.0
802.0 -15205.0
826.0 -15335.0
826.0 -15335.0
834.0 -15445.0
853.0 -15575.0
876.0 -15595.0
885.0 -15690.0
892.0 -15805.0
899.0 -15855.0
908.0 -15985.0
913.0 -16040.0
918.0 -16135.0
933.0 -16300.0
954.0 -16405.0
979.0 -16515.0
1006.0 -16535.0
1021.0 -16625.0
1022.0 -16900.0
1047.0 -17010.0
1078.0 -17070.0
1091.0 -17220.0
1106.0 -17275.0
1106.0 -17275.0
1143.0 -17460.0
1143.0 -17460.0
1165.0 -17535.0
1197.0 -17675.0
1204.0 -17735.0
1225.0 -17840.0
1246.0 -17865.0
1247.0 -17940.0
1267.0 -18015.0
1269.0 -18065.0
1300.0 -18075.0
1300.0 -18075.0
1333.0 -18155.0
1345.0 -18335.0
1370.0 -18385.0
1393.0 -18485.0
1400.0 -18530.0
1421.0 -18635.0
1448.0 -18675.0
1468.0 -18745.0
1475.0 -18825.0
1475.0 -18825.0
1530.0 -18945.0
1566.0 -18960.0
1601.0 -19010.0
1603.0 -19040.0
1618.0 -19110.0
1658.0 -19150.0
1678.0 -19190.0
1679.0 -19255.0
1718.0 -19260.0
1740.0 -19270.0
1752.0 -19355.0
1797.0 -19445.0
1797.0 -19445.0
1832.0 -19515.0
1866.0 -19660.0
1891.0 -19675.0
1891.0 -19675.0
1918.0 -19810.0
