0001001000000000001011000100000100010000010001001100100100000000011110010000000000000000000000100000
0001001000000000001111000100000100010000010001001100100100000000011110010000000000000000000000100000
0001001000000000001111000100000100010000010001001100100100000000011110010000000000000000001000100000
0001001000000000001111000100000100010000010001001100100100000000011110010000000000000000001000100000
0001001000000000001111100100000100010000010001001100100100000000011110010000000000000000001000100000
0001001000000000001111100100000100010000010001001100100100000000011110010000000000000000001000100000
0001001000100000001111100100000100010000010001101100100100000000011110010000000000000000000000100000
0001000000001000001111100100100100010000010011001000100100000000001110010000000001000000001000100000
0001001000001000001111100100000100010000010001001100100100000000011110010000000000000000001000100000
0001001000001000001101100100100100010000010011001100100100000000001110010000000001000000001000100000
0001000000001000001111100100100100010000010011001100100100000000001110010000000001000000001000100000
0001001000001000001101100100100100010000010101001100100100000000011110010000000001000000001000100000
0001001000100001001111101100100100010000010001001100100100000000011110010000000000000000001000100000
0001001000100001001111101100100100010000010001001100100100000000011110010000000000000000001000100000
0001001000101001001111101100100100010000010001001100100100000000011110010000000000000000001000100000
0001001000101001001111101100100100010000010001001100100100000000011110010000000000000000001000100000
0001000000001000001111100100100100000000010011101100100101100010110111011000000001000000001000100000
0001001001000000001101100100000100010000010011001100000101100010110111011000000001000000001100100000
0001001000000000001111100100000100010000010011001100000101100010110111011100000001000000001100100000
0001001000001000001111100100000100010000010011001100000101100010110111011000000001000000001100100000
0001001000101001001110101100100100000000010011101100100101100010110111011000000001000000001000100000
0001001000001000001111101100100100010000010011101100000101100010110111011100000001000000001000100000
0001001000101001001111101100100100000000010011101100100101100010110111011000000001000000001000100000
0001001000101001001111101100100100010000010011101100100101100010101111011100000001000000000000100000
0001001000101001001111101100100100000000010011101100100101100010110111011000000000000000001100100000
0001001000001000001111101100100100010000010011101100000101100010110111011100000001000000001100100000
0001001000001000001111101100100100010000010011101100000101100010110111011100000001000000001100100000
0001001001101001001111101100100100010000010011101100100101100010110111011100000001000000000000100000
0001001000101001001111101100100100010000010011001100000101100010110111011100000001000000001100100000
0001001000101001001111101100100100010000010011101100000101100010110101011100000001000000001100100000
0001001000101001001111101100100100010000010011101100000101100010110111011100000001000000001100100000
0011001001101001001111101100100100010000010001001100100101100010110111010100000001000000001100100000
0001001001101001001111101100100100010000010011001100000101100010110111011100000001000000001100100000
0001001001101001001111101100100100010000010011101100100101100010110111010100001001000000001100100000
0011001001101001001111101100100100010000010001001100100101100010110111010100000001100000001100100000
0011001001101001001111101100100100010000010011101100100101100010110111010100001001000000001100100000
0011001001101001001111101100100100010000010011101100100101100010110111011100001001000000001100100000
0001001001101001001111101100100100010000010011101100100101100110110111010100001001000000001100100000
0011001001101001001111101100100100010000010011101100100101100010110111011100000001000000001100100001
0011001001101001001111101100100100010000010011101100100101100110110111010100001001000000001100100000
0011001001101001001111101100100100010000010011101100100101100110111111010100001001000000001100100000
0011001001101001001111101100100100010000010011101100100101100110110111011100001001000000001100100000
0001001000101001001111101100100100010000010011101100100101100010111111011101000001101000001100100000
0001001001101001001111101100100100010000010011101100100101100010111111011101000001101000001100100000
0001001000101001001111101100100100010000010011101100100101100010111111011101001001101000001100100001
0001001000101001001111101100100100010000010011101100100101100010111111011101001001101000101100100001
0011001001101001001111101100100100010000010011101100100101100110110111011100000001101000001100100000
0001001001101001001111111100100100010000010011101100100101100010111111011101000001101000001100100000
0001001001101001001111111100100100010000010011101100100101100010111111010101000001101000001100100001
0011001001101001001111111100100100010000010011101100100001100010111111010101000001101000001100100001
0011001001101001001111101100100100010000010011101100100101100110111111011101001001101000001100100000
0011001001101001001111101100100100010000010011101100100101100110111111010101000001101000011100100001
0011001001101001001111101100100100010000010011101100100101100110111111011101001001101000001100100001
0001001001101001001111111100100100010000010011101100100101100110111111011101000001101000001100100001
0001001001101001001111111100100100010000010011101100100101100110111111011101000001101000001100100001
0011001001101001001111111100100100010000010011101100100101110110111111011101001001101000001100100000
0011001001101001001111111100100100010000010011101100100101100110111111011101000001101000001100100001
0011001001101001001111111100100100010000010011101100100101100110111111011101000001101000001100101001
0011001001101001001111111100100100010000010011101100100101100110111111011101000001101000001100101001
0001001001101001001111111100101100010000010011101100100101100110111111011101000001101000001100100001
0011001001101001011111111100101110010000010011101100100101100010111111011101000001101000001100100000
0001001001101001011111111100101110010000010111101100100101100010111111010101000001101000001100100001
0011001001101001001111111100101110010000010011101100100101100110111111011101000001101000001100100000
0011001001101001011111111100101110010000010011101100100101100110111111011101000001101000001100100000
0001001001101001001111101100101110010000011011101101100101100110111111011101001001101000001100101001
0011001001101001011111111100101110010000010111101100100101100110111111011101000001101000001100100000
0011001001101001011111111100101110010000011111101100100101100110111111011101000001101000101100100000
0011001001101001011111111100101110010000010111101100100101100110111111011101000001101000001100100001
0011001001101001011111111100101110010000011111101100100101100110110111011101001001101000001100100001
0011001001101001011111111100101110010000011111101100100101100110111111011101001001101000001100100001
0011001001101001011111111100101110010000011011101101100111100110110111010101000001101000001100100001
0011001001101001011111111100101110010000011011101101100101100110111111011101001001101000001100101001
0011001001101001011111111100101110010000011011101101110111100110111111010101000001101000101100100001
0011001001101001011111111100101110010000011011101101100111100111110111010101010001101000001100101001
0011001001101001011111111100101110010000011011101101111111100110110111011101001001101000001100100001
0011001001101001011111111100101110010000011011101101111111100110110111011101001001101000101100100001
0011001001101001011111111100101110010000011111101101110111100110110111011101000001101000011100101001
0011001001101001011111111100101110010000011011101101111111100110110111011101011001101000001100101001
0011001001101001011111111100101110110000011011001101100111100110110111011101010001101000001100101001
0011001001101001011111111100101110010000011011101101110111100110110111111111000001101000001100100001
0011001001101001011111111100101110010000011011101101110111100110110111111111000001101000011100101001
0011001001101001011111111100101110111000010111101101110111100110110111011101001001101000001100100000
0011001001101001011111111100101110011000011111101101110111100110110111011101000001101000001100100011
0011001001101001011111111100101111011000011111101101110111100110110111011101000001101000001100101001
0011001001101001011111111100101111011000011111101101110111100110111111011101001001101000011100100001
0001001001101001011111111100101111111000011111101101110111100110111111011101000001101000001100100001
0011001001101001011111111100101111111000010111101101110111100110111111011101000001101000001100100001
0011001001101001011111111100101111111000011111101101110111100110111111011101000001101000001100100001
0011001001101001011111111100101111111000011111101101110111100110111111011101000001101000001101100001
0011001001101001011111111100101111111000011111101101111111100110110111011101001001101000001100100001
0011001001101001011111111100101111111000011111101101110111100110110111011101001001101000011100101001
0011001001101001011111111100101111111000010111101101110111100110110111011101001001101000001100100011
0011001001101001011111111100101111111000011111101101110111100110110111011101001001101000001100100011
0011001001101001011111111100101111111000011111101101110111101111110111011101010001101000001100101001
0011001001101001011111111100101111111000011111101101110111100110110111011111000001101000001100101001
0011001001101001011111111100101111111000011111101101110111100110110111011111000001101000001100101101
0011001011101001011111111100101111111000011111101101100111110110110111011111000001101000001100101001
0011001011101001011111111100101111111000011111101101110111110110110111011111000001101000001100101001
0011001011111001011111111100101111111000011111101101110111110110110111011111000001101000001100101001
1111001011111001011111111100101111111000011111101101110111110110110111011111000001101000001100101001
