0001001000000000001001101100100100010000000000101000110101100000111101010101000001100000101100100000
0001001000000000001001101100100100010000000000101000110101100000111101010101000001100000101100100000
0001000000000000001011101100100100010000000000101100110101100000111101001101000001100000101100100000
0001001000000000001011101100100100010000000000101000110101100000111101001101000001100000101100100000
0001001000000000001011101100100000010000000000101100110101100010111101001101000001100000101100100000
0001000000000000001011101100100100010000011001101100110101100010111101001101000001100000100100100000
0001001000000000001010101100100000010000010011101101010101100010110101010101000001000000101100100000
0001000000000000001011101100100100010000011011101100000101100010111111010101000001100000100100100000
0001001000000000001011101100100000010000010011101101010101100010110101010101000001000000101100100000
0001000000000000001011101100100100010000011001101100110101100010111101011101000001100000101100100000
0001001000000000001011101100100000010000010011101101010101100010110101010101010001000000101100100000
0001000000000000001011101100100100010000010011101101010101100010110101010101000001100000101100100000
0011000001100001001011101100100000010000011011001100000101100010111111010101000001100000100100100000
0001001000000000001011101100100100010000010011101101010101100010110101010101000001100000101100100000
0001001001101001001011101100100100010000000000101000110101100000111101010101000001100000101100100000
0001001001100001001011101100100100010000011011101100000101100010111111010101000001100000100100100000
0001001001100001001011101100100100010000011011101100000101100010111111010101000001100000100100100000
0001001000101001001011101100100100010000011011001100000101100010111111010101000001100000101100100000
0001001001101001001011101100100100010000011011101100000101100010111111010101000001100000100100100000
0001001001101001001011101100100100010000011011101100000101100010111111010101000001100000100100100000
0001001001101001001011101100100100010000011001101100110101100010111101011101000001100000001100100000
0001001001101001001011101100100100010000011001101100110101100010111101011101000001100000001100100000
0001001001101001001011101100100100010000011011101100000101100010111111010101000001100000101100100000
0001001001101001001011101100100100010000011011101100000101100010111111010101000001100000101100100000
0011001001101001001011101100100100010000011011101100000101100010111111010101000001100000101100100000
0011001001101001001011101100100100010000011011101100100101100010111111010101000001100000101100100000
0011001001101001001111101100100100010000010011101101010101000010111101010101000001100000101100100000
0001001001101001001111111100100100010000010011101101010101000010110101010101000001100000101100100000
0001001001101001001111111100100100010000011111101100100101100010110101010101000001100000101100100000
0011001001101001001111111100100100010000010011101101010101000010110101010101000001100000101100100000
0011001001101001001111111100100100010000010011101101110101000010110101010101000001100000101100100000
0011001001101001001111111100100100010000010011101101010101000010110101010101000001100000001100100001
0011001001101001001111111100101100010000010011101100100101100010110101010101000001100000101100100000
0011001001101001001111111100100100010000011111101101110101000010110101010101000001100000101100100000
0001001001101001001111111100100100010000011111101100100101100010111111010101000001001000011100100001
0011001001101001001111111100101100010000010011101101010101100010110101010101000001100000101100100000
0011001001101001001111111100100110010000010111101100110101100010111101011101000001100000101100100000
0001001001101001001111111100100100010000010111101101010101100010111101010101000001101000001100100001
0011001001101001001111111100101110010000011111101100000101100010110101010101000001100000101100100000
0011001001101001001111111100101110010000010011101101010101100010110101010101000001100000101100100000
0011001001101001001111111100100100010000010111101101010101100010111101010101001001101000001100100001
0011001001101001001111111100101110010000010111101101010101100010110101010101000001100000101100100000
0011001001101001001111111100101100010000011111101101110111100010111101010101000001100000101100100000
0011001001101001001111111100100100010000010111101101010101100010111101010101000001101010101100101001
0001001001101001001111111100100100010000011111101100100111100110111111010101000001101000011100100001
0011001001101001001111111100101110010000010011101101110111100010111111010101000001100000101100100000
0011001001101001001111111100101110010000011111101100000101000010111101011101000001101000101100100001
0011001001101001001111111100101110010000010011101101110111100010111111010101000001100000001100100001
0011001001101001001111111100101110010000010011101101110111100010111111010101001001100000001100100001
0011001001101001001111111100101110010000010011101101110111100110111111010101000001100000101100100000
0011001001101001001111111100101110010000010111101101110101000010111101011101000001101000101100100001
0011001001101001001111111100101110010000010011101101110111100110111111010101000001100000001100100001
0011001001101001001111111100101110010000011111101100000101100110111111011101000001101000011100100001
0011001001101001001111111100101110010000010011101101110111100010111111010101001001101000011100100001
0011001001101001001111111100101110010000011111101101110111100010111101010101001001101000001100100001
0011001001101001001111111100101110010000010011101101110111100010111111010101001001101000011100101001
0011001001101001001111111100101110010000011111101100000111100110111111011101000001101000101100100001
0011001001101001001111111100101110010000011111101100000111100110111111011101000001101000111100100001
0011001001101001001111111100101110010000010011101101110111100110111101010101000001101010101100101001
0011001001101001001111111100101110010000010011101100110111110110111111111101001001101000011100100001
0011001001101001001111111100101100010000011111101101110111110110110111111101001001101000011100101001
0011001001101001001111111100101110010000010111101101110111110110110111111101000001101000011100100001
0011001001101001001111111100101110010000010111101101110111110110110111111101000001101000011100100001
0011001001101001001111111100101110010000011111101101100111110111110111111101001001101000111100100001
0011001001101001011111111100101110010000011111101101110111110110110111111101001001101000111100100001
0011001001101001001111111100101110010000010111101101110111110110111111111101000001101010111100101001
0011001001101001001111111100101110010000010111101101110111110111111111111101000001101010111100101001
0011001001101101001111111100101110010000010111101101110111110111111111111101001001101000111100100001
0011001001101101001111111100101110010000010111101101110111110111111111111101001001101000111100100001
0011001001101001001111111100101110010000010111101101110111100110111111111111000001101010111100100001
0011001001101001001111111100101110010000010111101101110111110110110111111111000001101010111100100001
0011001001101001001111111100101110010000010111101101110111100110111111111111011001101000111100100001
0011001001101101001111111100101110010000010111101101110111100110111111111111000001101010111100100001
0011001001101001001111111100111110110100010111101101110111110110110111111101001001101000111100100001
0011001001101101011111111100101110010000010111101101110111100110111111111111000001101010111100100001
0011001001101101001111111100101110010000010111101101110111100110111111111111010001101010111100101001
0011001001101001001111111100101110110000010111101101110111100110111111111111011001101000111100100001
0011001001101101001111111100111110110100010111101101110111110110111111111101011001101000111100100001
0011001001101101001111111101111110110100010111101101110111110110110111111101001001101010111100101001
0011001001101101011111111101111110110100010111101101110111110110111111111101011001101000111100100001
0011001001101101011111111101111110110100010111101101110111110110111111111101001001101010111100101001
0011001001101101011111111101111110110100010111101101110111110110111111111101001001101010111100101001
0011001001101101011111111101111110110100010111101101110111110110111111111111001001101000101100100001
0011001001101001001111111100111111110100010111101101110111100110111111111111010001101010111100101001
0011001001101101011111111111111110110100010111101101110111110110111111111101011001101000111100100001
0011001001101101001111111101101111110100010111101101110111100110111111111111010001101010111100101001
0011001001101001001111111100101111110100110111101111110111100110111111111111010001101010111100101011
0011001001101101011111111101111111110100010111101101110111100110111111111111010001101010111100101001
0011001001111101001111111100111110110100010111101111110111100110111111111111010001101010111100111011
0011001001111101001111111100111111110100010111101101010111100110111111111111010001101010111100111011
0011001001111101001111111100111111110100010111101101010111100110111111111111010001101010111100111011
0011001001101101001111111101111111110100010111101101110111100110111111111111010001101010111100111011
0011001001101101001111111101111111110100010111101101110111100110111111111111010001101010111100111011
0011001001111101001111111100111111110100010111101111110111100110111111111111010001101010111100111011
0011001001101001001011111101111111111100010111101101110111100110111111111111010001101010111100111011
0011001001101001001111111101111111111100010111101101110111100110111111111111010001101010111100111011
0011001001101001001111111101111111111100011111101101110111100110111111111111010001101010111100111011
0011001001101101001111111101111111111100011111101101110111100110111111111111010001101010111100111011
0011001001101101001111111101111111111100011111101101110111100110111111111111010001101010111100111011
1011001001101101001111111101111111111100010111101101110111100110111111111111010001101010111100111011
