100000001111101101100101000011010100000011000110
010110011110111101001000000000001000110010010101
100000011001000000101100110100110010100101101001
010000011000110100100010100011011111011001010010
101111100001100100111000101000000110001011100101
000100001101110110000101010011011111100001101001
011011111001010001101010100010001110100001111001
001001111000100101111001111100011011010000000001
011101010101010000100100000011100010110010010111
010000110011010011010111000010000000101111000111
100011100111010100011001110111111000011000010100
110110111110110000101101110100000010001111001111
110111010011001010000101011011011110000010101001
111111000101111101000110010110001101010000100001
000000101001010000001101101001111111110111110001
000101001111000111101011101111010010010100010100
000010100001101110001111110010111011100011100011
100101101000010111001011011000101011000101001011
011011100010011110001110000010010001111101011100
000110001001010110000100001000110011101010011111
110100001001111000000010111101001111111000011010
101001110100101001001100101001111011110010101101
100011111100110111111011001100011101110101101100
100001100111111010101100011011110010011001111101
001100100101001011111110100000100010011111110100
100000110100001101100110111110110010100111111000
011100000110011111000100111110111001010000011110
100111010001100101110110001111110001100011011101
101111110000111011000110001001010110001101111101
100101101001110101001111111100111101001111101100
