010011000100101011001010000110100101111001000000
100111011011000011100001101100000100010111000100
110101000011101000001001110000100011010000001110
000010100000100001110001010110011010001001001111
000100100001100000011000001110111000000001011011
001010111110101010100111000110000110101000001011
101010100101110000010001110100101100010101010010
110110100110110000001101001111110010111100100011
101001011101001010101101111010000110000010011100
011101111110010000101011000101111111100000110000
100011000100110001111001001101011011011110001100
110001000101001001011011010101000110001011001011
010011110000000101010110000100110000101010100110
010110110111001100001011001110001111101011000111
111000001101001100000000101110111000101011111010
001000111000111000000011010010111101001111101010
001000001011010010101110010000100010011100011110
010000111010100011111101011111011011111001001100
101101110110101101001111100110010110001110000011
011110011110100101110110001111000000000110001011
010110001010011010000111110100110010011110100111
111000001110000011010100010011001011001110111111
000110001000010111111010011001100100100100011011
000101101111001111101001010110111100011111001100
001110111011001100101010111111011001000010101011
000110110111100110010101010100110011001111101101
100101101000111101101111101111110010010111001001
010011011110111111111101011011100001000100111101
110111111001111101000110010010100011011011101101
101101011011001010110011111011011101111101010111
