101000001000010000111000100110010001010110000111
110011110001000000111001001000011010000100100100
010110010000011111100001100000010110111000000001
000101110010011110000001001001001101110011011000
100111000111111110111100100001110011000000000000
011110111010010100101001101001100011110011000000
000100001001010001100101011110110101110100000100
011011000011100010001100110001110000000101010101
011110001001000101001010111100001010001010000000
110010110100000110110101001111000110101110101000
111000001000011010011110010011101100000001110010
000101011101110011011101110100001000100011110100
001011001010011101100010101010010101110111100010
000001010111101010111000001111011011110110100011
010110110011011011100000100011000011010111011001
000100011010100011111001001010100111111110110100
001110111100001001001011011101011101111011100000
000111010010110010110110010001100110001011010001
000101010011111011010010001110010100111010001100
000001111111101110111111101011000101100110000110
011101011100101101110101101010000111001110001000
101011000011001001010011011110110011010100101010
001111000001111000110010001001011110100101111110
101011100111110111100110000100110011110100110101
111011010101010010000011110100111110000110011011
110100101100011111100111011111001011000110011000
100000001010110100111111001010111111111101111111
011101101000000111101011110111110010001110011000
111101011010111111010101000001111100111111011111
111100111001001011011111011101110110011100111101
