010000001100111010000001100000101100000000001100
101001010001000001001001100010001000010111010000
110011111101001000101110010100000000100010000000
001010100110000000110001000111101111001001100011
000110000111110100100000001110101101001100100001
000111010100010000111101001100110000001000101010
101010010001100000100110010010000001011110100110
000011001010001000111110010110100100010101011010
001001010001011000000110100111011110100001110010
010110011101100111010100100000101001010000011001
110100000110011100011011010011011011100001001110
100000101001010101011001010111110001110000010110
101010110010110001000011101100010010110111100101
010100000010010111001010000100010101101111110011
110110001101101101111000011010111010110000000010
100110110110101110100111100011000110111010111000
111010110001110110000101011100101000100000001110
000101010011001100000011110100011110110011010111
010001101000101110011011011010001110010100001111
101110001110010100111011101111011011110010001101
001110011110101111000000111110001111011010110101
010100100001101101001010111110000111011111001000
011111010001110110110011111000100111100010000000
000111010111001100011001110011110110101110110100
110011101000000110001111001001011111111110011100
001111101000010111010011011100100001110011010110
001110110000101110100100111101100101011000011111
011000111011010000110111011000110100011110100110
011011011011111110110000010110101110101011111001
101001111101101111110101001111101011001111101011
