122.6 7.0 34.0 -13.0
146.8 9.0 56.0 -16.0
170.5 8.0 44.0 -21.0
181.7 12.0 66.0 -22.0
184.3 9.0 66.0 -20.0
186.7 13.0 82.0 -22.0
191.2 11.0 72.0 -23.0
192.5 15.0 83.0 -23.0
196.8 13.0 62.0 -23.0
196.8 13.0 77.0 -24.0
198.1 9.0 50.0 -23.0
202.4 11.0 70.0 -24.0
202.7 13.0 57.0 -22.0
211.2 14.0 62.0 -24.0
211.5 8.0 49.0 -22.0
221.6 16.0 91.0 -24.0
226.0 14.0 75.0 -26.0
230.4 11.0 48.0 -27.0
230.5 9.0 46.0 -20.0
231.1 14.0 88.0 -26.0
236.6 15.0 83.0 -25.0
237.1 14.0 74.0 -23.0
237.4 11.0 59.0 -26.0
242.9 12.0 68.0 -24.0
245.2 13.0 60.0 -25.0
257.7 14.0 70.0 -29.0
258.1 16.0 84.0 -28.0
261.0 17.0 88.0 -27.0
263.1 13.0 70.0 -29.0
298.1 15.0 73.0 -30.0
