101000000000010001100100110101011000001000110001
101111100001101100000011100100100000011010000100
010100000000110001101110000101011110000100010100
101000011010111010000101001110001110011110000101
110111111110000010010110010100001011000100001001
000010101101111100101011000110110010101001001110
000101100001010101000000101100110010001100110001
100111101000011010111011010000001110101010010011
010100000000011111101001111110010111000101001000
001000001100001111000011111101100000101000010100
011010000010111000110001111010101010000101010011
010000011110100000100000111110111111101100110101
111001101000110000011011011111101001100100110000
100100110000000111010110001000010011100100011001
101101001110001010111000101011110100001111010100
010100100100010110011111100010000111111111101000
000111001011101010000110010001101011111110000011
000010110100101110000111011110110000000110101011
011101001000111000111111101010101001100010101110
101101100110000110101100011111001000100110011111
110111101011001110011010001100101100001101110011
111000110101011010101110110110110011001011000010
001110010010111110001000111001010010010111001110
101101110100010001010101110101010111001000111111
010100011111100110001101111010111010111111000100
101010100001000001001101011000110010111111111011
111110000111011101100010100010011101111111101011
101111110111011100011011111101101101100001100111
011001010110000101101111101010101111010101111111
011010110101000101010011011101010111110111111011
