170.3 8.0 41.0 -17.0
177.4 14.0 80.0 -21.0
179.5 13.0 71.0 -18.0
188.7 11.0 59.0 -21.0
189.3 13.0 73.0 -19.0
195.1 11.0 61.0 -21.0
197.5 13.0 72.0 -23.0
198.5 15.0 75.0 -26.0
205.6 14.0 74.0 -25.0
208.3 12.0 64.0 -21.0
208.4 13.0 79.0 -22.0
211.9 13.0 64.0 -22.0
212.6 12.0 76.0 -24.0
213.0 13.0 75.0 -23.0
217.3 9.0 52.0 -22.0
220.7 14.0 65.0 -24.0
225.2 13.0 66.0 -23.0
226.9 12.0 75.0 -24.0
235.3 16.0 96.0 -26.0
239.8 11.0 61.0 -25.0
241.1 13.0 81.0 -27.0
243.2 16.0 74.0 -26.0
246.7 17.0 78.0 -26.0
251.2 12.0 70.0 -27.0
251.4 16.0 93.0 -28.0
252.0 12.0 65.0 -27.0
253.7 16.0 79.0 -28.0
256.7 16.0 92.0 -28.0
257.1 13.0 76.0 -25.0
262.4 13.0 59.0 -28.0
