010100000101000101000000100010100110011011001100
010001001111001101110101100101000001000100101001
000001000010011100011110100001100011001001010001
111110001101000000101010110111010100000100010100
010011000011101111001100011101000000000000010011
001000110011101101000101000111010000011011100010
001110001011110000110001101010010110111010001001
110001111011101010001000100010011111101101011100
010110110101101110010001100110010101101011010010
000100001001000010110111010011000001111100011011
001000011111010101101110000111001110000000010110
000001011010101000111000011001111100001111010001
111000100101010010010111000110100101001101100111
111100000110101100000111001110100000100111001011
010010110101100001100101010001101110010110010001
010111000110110001011010101110110100101110000010
001011011001101100011100100001101010001100101101
101001011101110001111110010110000100000010010111
001101001111001111000010100101011111001101100101
001110100001100111100101011111001111001000110100
111110111100110000101010111101110010010011100010
101110001110100001010110100000110001111100111111
110000110011000101111000011111011100011101001011
011100010101110000011100100111111110110010101101
101010100101101011110000011111111001100011101101
010101111010110101100011010000101011100011111101
111011101101100100101100110100010100001111011111
111110111001001110001010001111111001000011101011
001000000100111111101110010100101111111010010010
011101111101100100001110101010011101001101111100
