123.4 7.0 42.0 -15.0
159.9 10.0 52.0 -18.0
165.5 12.0 85.0 -20.0
170.5 14.0 82.0 -24.0
170.5 15.0 94.0 -22.0
173.3 9.0 49.0 -15.0
181.7 10.0 52.0 -16.0
182.2 14.0 78.0 -24.0
183.1 12.0 75.0 -22.0
187.2 10.0 46.0 -20.0
193.4 12.0 61.0 -23.0
200.7 13.0 75.0 -23.0
204.6 13.0 68.0 -24.0
204.8 11.0 71.0 -27.0
213.8 15.0 78.0 -25.0
215.5 13.0 73.0 -24.0
219.2 12.0 75.0 -24.0
221.1 10.0 63.0 -23.0
223.3 18.0 96.0 -26.0
228.5 15.0 75.0 -26.0
231.9 12.0 55.0 -25.0
232.4 11.0 57.0 -23.0
233.0 15.0 81.0 -26.0
247.2 16.0 90.0 -25.0
253.3 18.0 98.0 -28.0
257.3 17.0 111.0 -32.0
258.7 14.0 67.0 -26.0
260.7 14.0 73.0 -28.0
271.0 13.0 56.0 -24.0
279.7 16.0 93.0 -28.0
