139.3 10.0 52.0 -18.0
158.7 10.0 49.0 -19.0
171.6 12.0 47.0 -21.0
173.8 10.0 56.0 -19.0
187.4 13.0 70.0 -23.0
190.2 11.0 60.0 -21.0
196.5 16.0 98.0 -24.0
199.3 11.0 66.0 -21.0
199.3 13.0 67.0 -24.0
203.0 12.0 58.0 -23.0
203.8 12.0 49.0 -22.0
206.4 14.0 70.0 -24.0
206.4 16.0 93.0 -25.0
211.4 12.0 77.0 -24.0
212.4 17.0 96.0 -26.0
214.9 13.0 89.0 -25.0
218.3 13.0 80.0 -23.0
227.1 17.0 100.0 -25.0
234.0 11.0 51.0 -24.0
234.7 14.0 60.0 -27.0
240.4 14.0 77.0 -25.0
244.5 12.0 59.0 -27.0
247.5 12.0 63.0 -25.0
247.9 15.0 84.0 -24.0
266.5 18.0 84.0 -29.0
277.7 12.0 66.0 -28.0
292.4 16.0 88.0 -26.0
292.6 19.0 97.0 -29.0
303.1 16.0 82.0 -31.0
308.7 18.0 91.0 -33.0
