111001101100000001010001000111011000000101100000
000110110010011100001101011000001100100101100000
111011010110000100011000110000001100101001111000
101100000010001000100100110100001110011101010010
100111110110001110000011110100011011100000001010
100101000100110000110101010111001010001100011100
111110100111010010010001001100001011100111000011
010000000111010010000110101000011101011111000101
111110011010001010101011100101010100100010011010
000110110110001111000000101110101100001111101000
010101000000000101001000100010111011101011111101
100001010110110100101000011011110100110101010110
101010011111100101100001011111000010001001101110
101101111001010001010101000111101000101011100010
101011010110111101001011000101001010110001011101
011101001101111001000011100000101011111001101001
000001001001111111110000111110001001110010010010
001010101111010001010011001111010110000011101011
011100110100000101101101001110101001011010011010
100101110010101101101011100000011110101100111101
110001000010011100100100011010101011001111111101
111011011100000110111010011010110100011011100101
010001001001100110001110001110101010011011111110
000000010011001101100100001111110010110110110111
100111100000101101011101101101110111011001011110
011001011000110111100111110100110111001111100001
011100000001010100110100011101111110111101010011
101011111111001101010011101101110000101110011100
101101111011111101010111100100111100111111001000
011111101100100100111110001101111111101111110101
