133.4 8.0 47.0 -18.0
171.0 9.0 59.0 -21.0
171.7 11.0 50.0 -19.0
180.6 13.0 68.0 -21.0
180.8 10.0 60.0 -18.0
184.6 10.0 58.0 -22.0
193.1 11.0 79.0 -21.0
193.2 11.0 65.0 -24.0
195.5 13.0 65.0 -24.0
195.7 10.0 59.0 -22.0
209.4 12.0 78.0 -22.0
210.9 11.0 56.0 -23.0
214.2 15.0 84.0 -25.0
222.1 12.0 50.0 -25.0
222.6 14.0 65.0 -27.0
223.0 15.0 83.0 -26.0
228.1 11.0 51.0 -23.0
229.1 12.0 53.0 -22.0
233.8 12.0 64.0 -24.0
234.5 15.0 91.0 -28.0
239.8 12.0 76.0 -24.0
247.0 18.0 96.0 -25.0
252.7 14.0 81.0 -26.0
258.9 14.0 87.0 -26.0
261.1 17.0 94.0 -29.0
269.4 18.0 96.0 -27.0
281.4 16.0 74.0 -28.0
286.2 11.0 68.0 -28.0
298.8 15.0 80.0 -30.0
307.4 14.0 61.0 -30.0
