159.8 7.0 40.0 -20.0
174.3 13.0 59.0 -19.0
184.8 10.0 55.0 -22.0
186.7 11.0 52.0 -19.0
191.2 15.0 71.0 -21.0
195.2 15.0 74.0 -22.0
196.9 8.0 38.0 -23.0
202.0 11.0 66.0 -21.0
204.4 10.0 65.0 -20.0
207.1 11.0 51.0 -20.0
209.2 12.0 61.0 -24.0
209.8 13.0 68.0 -23.0
211.7 13.0 85.0 -24.0
212.8 14.0 78.0 -22.0
216.5 17.0 92.0 -24.0
219.2 13.0 81.0 -25.0
222.6 8.0 41.0 -22.0
223.1 11.0 57.0 -25.0
224.5 13.0 79.0 -26.0
229.1 16.0 77.0 -26.0
230.6 13.0 66.0 -26.0
237.8 14.0 76.0 -27.0
247.4 16.0 79.0 -25.0
253.4 15.0 80.0 -25.0
254.0 15.0 71.0 -26.0
263.5 13.0 72.0 -28.0
269.3 13.0 58.0 -29.0
275.7 20.0 102.0 -30.0
289.7 14.0 86.0 -29.0
294.2 15.0 75.0 -30.0
