010001100100011000001100000001110110000001000010
010011000101000010001001011000001011100101110000
100111101000000000101111100010000100000111001111
000101001010000000011000011100011100110010001101
110110000110100110000001101100101111000011000110
110110101001111000111100010000000001101101100001
000000110110010000100100010011000011101010111101
000001101101110100100111001100001001101001101011
111010101110110011000011100100000111101000011010
101000001111001011110000110101001010011010100001
111000011010111110001011100110110001010001110000
000010010001010001000110101011011000010100010110
110001111011001000100100001010011011011101010101
100110100100011010010001110110011001111010101111
011110001001010010000101011110111100000010000101
101010011111111101011000101100000101110010001010
001011010110101010001000111101010111111000111100
111000111010010011110001000101101011101011100111
111011101100000111001001110111010001111001011101
010100111110110101010111001011000001001101101001
110001110101000010010110110010011110101010110100
001011100000001111001101110000110100010000111111
011110010110011100101001010100010110101111010110
001011110101101010011110000011110100010010101110
100101111011001000010111110111001100101011110111
011001101101110011011111100111101101111001001001
111001101010000011111100101101111111101010110001
001011101001001110110110011010011001111011011110
110101011001100110011111111100111001111110101100
111101011111101110100111110101110010111011110111
