0001100110010111000011100100111000010110110101111001011110110001111001110101001011100000111100010100
0000000001011000000000111010010011010001000011001001110101101100010011101111111100000010111011110000
1010000011001111100101011110101100100101100011100101010111000010011000010101001011011000011101000100
0110111000000011001010100111011010011100011010110110111111110001110010001011000010111000111001000001
0101010111011001111111000100011100001001100101001001001110110011110001010001010001111110100111000010
1001010010100000110000111000110000110001011111011010100011101101101110100010001100110110001101000001
1001011110001100000001110100001111001100111110001011110100110100101001110000010001110101101111111010
0101001001100101010111111000011000111100011100101010101110001100000000110100101111011010011100101100
0111110010111000001001001110001101000100001000101001011111011010010010110100101101101110011111010011
1111001000101110110010000011111100000100000000000111011111111111000011101111000000011101011001101110
0100001101000101011000001111001111100101010011010111110111011000011100001101101000110100101100100000
1001100110011010000100001101001101011001010100001100100111001111000100000110111110000100100010001000
1010110111000001100011101011010010001000111001110011110000010110000101010000100100100101110111010000
0111111010110001101011101000001100000011100001111000011111110100100111001010110011111110000010000001
1000011011110110010111010010100001001100001000101011001001100010111111101110110100101101000000011100
0010010001000110101111011101010101111101111000100010111101011111110011000110001101001001110010011101
0101110001001010101011001001011110111000001111010111010100101001101001111010110001111110110011111100
0111100110111011101011001101111101010110110110111101100101100100100110011100110010101000000111111110
1001100101000100010110011010011011101111110001100011101111000000001011000010010110100010101011000010
1011111110111101101000110100001101000011001001100000000001100100010111110111011110110011101101111001
0101100100101101110001000111110000100001011000111100010111001110111011110101110010011111100011101001
1100111101111111110011101010001111010110001010010100111111110101000001001100100101000010101111111010
0110011011110010111001110101111111001101111001111100110111110111001011110000110011100010011111111101
0111110101101101100100010010000110010101001000111100000100111101110000000011111111001111010100110001
1100001111101001101010111101010110110101110010100000011001100100100101011011100100111111001001101100
0000111110111101100000000100110011001111011000111111110001001100110100010011011110001001000010001100
0101001111111101011010011100001101011111111101110000100010001010011110001111010111100110001101000111
1101100000101110000011100011111010001111100111011000100101100001101000101111110010010001111011010101
1001111110111111110101110010001001011110101100110011000110101001011110000110111000011110001101000101
0110010001010010100001101000101011100011011100011111001111111111101001110011100110111100011010100110
