0111111010110001011000010001100100010000000101000010100000101011110001110000011001010110001011000101
1010000001101001001001111101011101110100001100001110101100010011000110010110010011000011001101001000
0010111000001001101100101000110100010010101000010011000000100011001000010000000100001011000111010100
1000011100001100010000100100011001000000010000000000111110011101100100110001111100100010101001010100
0001111010010110100001100100110100011101101101010110111011000000011111001000000011001010110000110000
1001000001010000001000011101100111100010011100000111010011111001110011101011111010000000110000011100
1100011010001000011001110010110001000000011000111100111010100100111101010001001111111000111011110010
1101000000111110000110000010001000101100000011001110101011000001000010100111011100111010010001110100
1011101000000100011010000000011110111000001100111011011011110010000101110000110001110001000001001010
1110101110101001100001110001000110101000010101101011010001100100110001111000001000111101010100001010
0101000001000110010110001001000110100010101100000110011101000100000100110110000110011101010110101010
0101111100100011000110010100110110000111100100000000000000000000001101100110011100010111010010000001
1100100010000000010111000010000000010011100000100010000101100010100011001111010100111111110010110100
1010001011111100100100110001011000100000100010101000100011000110011000110110100101000001011111101101
1000110001000101001001101111111000011110010001111111001000000010010111111100101010100100000101100101
0110011101100001100111010010100110111110111000000000000101110011001000011001000011111101001111110000
0100000001100101001011101100001001110001010001000101100011110000010011110100100110111111010110011110
0111011111011100010001011100101110101011100011111010000001001001100111011100000010011010110110010100
1100010010111011001111101110100011011010111111010011010101101000001110111011001001010111011100110001
1011100001100111001110010100000001001011000101100001111001101001110001101111100111100000111100000111
1101011101111010110001110011100001011101101101011101010011010011110110110101110001100110111001000000
0110110111010011001011111010110011010001001101100011010010111101101010111111000111101001010000101001
0010001100100010100000000001110011111101111101011111110111101011111110011010010111010001001110001000
1011111101100100101110100101110001101110100100111011111001001101101000011000111001001000011110010111
1010001110001001100100001111000111010101110011101000001001011001101001110101110111010111010010100100
0000101010001111111101100111101010011001011010111000110010101010000001011010100001111011110101100110
0010100011110010111101011110000101111011011011010101011110110000001110100010000110000101010001011100
0100110110011011001111100101000000111011100010111001010010110110110100001011110010011000010110110101
0111101100010001000111010101100101011111100000111010101001000011101110100010100110011111111101011000
1001100101011110100111111011110011101100100011001000111100100111011001101010101110010001111101011101
