0101001001001000010010010010101000111100000111110011010011100111110101001000001100111000111000111100
0111100101010000101010010010100010100101100101001010110001100000010111001100001101110100101100110001
0010001011110111010010011001111101010110100011001000110110101011001010101001111001100100000011011000
0000011001000011101110111001101000001110111100010000101111100110110011100000011010010011000100100101
0000101110001010011111010010000000010001110111001001111101111101110011101011000100011010001000111010
0001011000110001110110001111000110101000000110101100101111000100000101101100011111110011000011010010
0001110000010000011110001101101000010111110101101100100011000011000000100110110010011010101110001011
0011000100101001111000000100000100010110101111010010111010111110001010110000101101001110110010111101
1011100100000011010101010001011101111001011111100111000001010010111000001100011111101101010000101010
0001101011001111110110100111110001011011110100110000101111100000110010000110001001101110001100101000
1101111001100101000000000010010101111111001111100100000000010011010010001000001011010111010001010101
0000000011101011010100010100000000001101110110101110110001111001010110100011100100110011111010010101
1100000111110100011101110000101101000001111111000001001110110110000010100101111010011011011100000011
0101100110011111000100001100101011110111111111000110000011100000011100110000111010101110011000001001
0001101111101001111110000111000000010011111001000101001110000010110001111011000101110101001000101100
1010001100110110110001110110110011110111010010000011001110110100011001001011000000100110101101110011
0011010101101100110101111011101001100100100111100001110111111011110111101101100101101110111100000100
1101011000010100100101001010001111001011110011001110101000110000010001110001011110101100111011011011
0001000100101101000010100001001001110011010110101111100001001001110100011011100001010101100110011111
1101000100111011100000111101010001011100101110111000100000100001101101100010111110000110011101111111
0010011001010101100101100101101010000011111001110000010111001010010110110101111000011101010011011111
1101000111101011000110000101111011011001011111010111010111101111101011101101011001101001100110011110
1110000111111000100011000111001101000101111100101111101000010000011101111100101100010000110111101110
1100011011010111101101110001011001111101111000011111011000110100001000011011000000011110110010110010
1100011110001110011100011101100000110011101111111111100001011111110010100110011101000001111010101100
0011100100101111001110000111101001010011011111100011010010011111001000111101111101000011010111010011
0101010110000111000000101011110101101010110110001111110011110110100001111101110100000110000111011011
1110100001000001000110101010101111011111010110010100100010010101000001100001101111011000100110111110
1001001101001111101010101011101010100011111011111101111100100000011010011011110010011101101011101001
1100111000100100111111100111111110111110111011010011101011000110001000001100100111111001101111110101
