1111100011101101100100000001110000110100110001101011001100000100100000001110011000101001000111000000
0011001001010010110110010010000001011101010110111000000001010010000100111000000101001010111011100100
0100001011111001000001010110100101010110111000110000101101110111010001110011101001000010001111111000
1100010011011011000111111000000101010101111001100101001001110011110000001111001011010110011100011011
0001000110000001111000001010001110000110111111000011000100000010111011100001010001111111111110011001
1111001011011100011011010001110000010010101000110010110101010000101110011100110101001000110111101101
1111011000100100010100001101111010001000001110111001011011111100001001000100011011010101000010100111
1001100000111001110100011011010101110000001011000001110100100000100100111001100111110010111011101010
0100000111101110100010000100011000010111010111000110111100010010110000011000110011100000101101110011
0001101001001001001000100110001110110111010101100010000100111010111010001100011110000111110101011101
0011000100111101011011011110101010010100101110101100001001011001010101110110111011011001101001010101
0101101010001110001110101010011100101001000010010111111101001110101000010000011010100011010001010111
0011100000010001110011011100111010010001110101110011111101010000110001110011011111101011110101001111
0001101110001111100110011110101000010011000100000001010100110000011010010111001101001110000010011111
0010010101101111101001101010110000010010110000010111010001111011101101010111100011100011101000001011
0100010011010000010111111011000011000100000010110101000010011111101001010100111101111011011000011101
1010010110011111010101001110110010011001100000111000011110001100100111010000111010101010011000001110
1010111011000110100010010100011100100011001101101101001111110111111111011100000000011111000101110111
0010111001011110011010011111010001010011000011011011110110101111111100101001111000000110011000111011
1110101010011101110011001010110111111101000010010100000000011110111000111101000000010001011111011001
0101110101000110001001011111101010011110110011010010000100110001100000000100000111100111101010110110
1100010111000011001011100001000111111110110011111000011111000111010111001010101010100001000000000100
1001111001001111000100010011000101100010100110110101010101001010010100110111100100100101000001101010
0100011100101001110001110111010010111111001001010111111110111001010001001001000000011100101110001010
0011101110100000110010111110100101000010101101100100101101000110100111011011111101110101110100000110
1100011101001101011110110111010101011001111101100010110101111000101001101011010101101001110011100101
0011010001111011111001000110110101111101110011000010001011100110011110101101101010010101010110011001
1000011011011110100001101111110011001101111000100001111111000111001010110100000101010111111110011110
0010111110000001100110100111011110110101111101111110000111001011100000111100100101001111101010011101
1011110111000111011001101010110011111111101000110011101111111100111010000101111111010111110001101111
