1000010010000010000011001110000111010000011100010110110100110100100111011000000011101101011000100110
1101011011110100000010001000001001011100001110100100000111010010010111011101000100111010110101000010
1001100111010110011100111110000010100000001100000010000001100110010111011111010000110110001111010001
1001010100010000011010101000111010010111111011011100110010000000111110101100001010011000000011001011
0010100010100110010110110000010011000101100100101010000100011110011010101111001001111010001000111011
0011110100110100001100101000010101001100110000111111010011111010101010010001011110000000110011001111
1111110000010001000010100010101000000100110001111010001010110011101110100011011100111110101010000011
1010110011100111100100100000100010100101001001001000001111011100101101001001010110010001000100000001
1011010100100001000110111001000011010011011101010000110110010011111011001101101001011000000110001011
0101110000000110101001011000101101101001101010101100101100001110011000010000000010111101111000111000
1110011010010011001000101111000101010011001110011000111101100111001010100101001110100000000011000101
1011001010000001111101010100010111001110010100110000001111011010110100000100000100000101011101100110
0000001111101000001010100010110000110011110100101111110010001000001101011111000001110010110101011111
0100010000010010001111111101101000000110110111111001011110001111011111111111000100000001110011110111
1010011001101000011110100000011001000001111001111111100111110011011000111111011100101101111011101100
0000000001011000100010100110101111001111011001110101011001000011001001011100111000010000000011110110
1101001011010001101001000001111101111100010101110000100000101101000011110010011101000101011110000010
0010101000111011010111011010000111011010011001001010111011100011011111100011111011111001011001101000
0010100100010011001001001101010011101111110011101010011100111010101010000111000101101011101100101001
1110001100101011001101111010100101010011011001111001011000101001111000000000101001010111010110111010
0011001110111011001110110100001001001011001111110100010110011001100000000000011001011101111110010111
1110011111000000110111100010011000101100010111000011010110110110110100101101110111010110010010111000
1011011011100100010101010101001111100111001000001010000010110101011110111011011100110110111010111011
0010000001000010100011001101010111101111011000111011000101100010000101110111110011110100000100000111
1111000110100101000001101011111101100101100000111010001101000110000101001000101100111100110011110011
1010000110111000011100011011110110010011111011101111000111101111011110101011111100000100010101111010
1011010101011001101000001111111100000001101011011011001110000011110011100101110100111011010111001101
0111111101010111110010000011111111100010010010111111001110111111100011000101001011111001010100110111
0110001010001111001101011111101011111110001000111000010111111101011001010011101100010100011110101101
1011000110010100100010100111111110110010111111110111011010001011110000111110101010110001111100000111
