1000001000010000000001010111000111011110101000100100111100010010000111111001110000101110001110001000
1110101010111011110001110000100100001000000110001011010100010010101010000100100110111010000001010010
1010001101001011000110001011000111010001101110001000011010100100100110110110110010000000001010000100
0000110000101100100000110001110001010001011100111010101001101110001001111010000011010001001000101011
0110111000111011000001011001100010101000000010100010100101101001101111011001111110010000111101011011
0110011110000000101010110000000010001000011011000011110000110000110010000001111100110111100000010011
0000000010111111111101000100101001001110001111010110111110100000100110110000001101111110111100011001
0010011010001010111101110000010111011101010011101110001010110101100001101001000110100100001111101100
1101000001110010001001011010001111101011111111100111000100001011110100111100000000000001000101100111
0011101001001000010110101001011111001001101010001001111001011101000100000001111110000111010110110000
1111001101101101001010100111101001110100010011000010001100100010111110111010110000111110111101100010
1001101100010110110100000001100111110001011000010000001001111011000000111000110100000100110000101110
1001010010001110001001110111001111100010100001010101111011010101000111111001011011101100001010011100
0011001001000011100001011111010000111101111010000001111000011000100110010101101000001011011100010111
1010010011111000100000110010110100100100011110000000110000010100011001101110110110100001001101100101
0111010011011001001010011011110011001000110100011011111101010100100010110101011100110010011010110111
1110101100011001001101111101011001111010010100001011011011101000001001100001100001100100010101111110
0000011010000111001100011010110100011000101100100011101001101000000011110011110110010100000111001101
1110101011111010011011000000101100011011000010111000101110111100110101011100000011000111100010000111
1010010010111010001001011111010000101000111011001111001000011100101001001111011111110010011011100110
0000001111000100010110110111111110011100011100011000010110101000110010011000101110101110011010000101
0111101011101111101010000010100001011001000110101001110010000111100111101110010101010000110101111111
0001010010111111111001100010000000111100011010101000100000100110111111100010100101010111110110101010
0000111110010010110101111110011110001000101000111000100011110111001001011010000111111111000110001101
0100011011011001000100100101110011111111100101110101111101011010001101110011010011010101010010001010
1101101001001011110001111000001110101111111001010011010110010110100011010100100101000011101011001010
1011111011111111100001101011110000100000110011111100010001111010100111010011110101101111101110110110
1010100110001001101011010011101111110101010011010101101011011110110101011011110111101010000011010100
1111110111001011101000000000000111100111101001001010110010001111000100011110100100110101110110011100
1010111111101101100001111010111011101111111011000100001001011111111011010111111010101011000101101110
