1101101100101011001110010100101001110000011011001100010100000100110110100110001001110000011101000001
1010100001000100010001011101100001100000010101001100011000101101100010001001110011000110110000011000
1111110000101001000001010000010000000001000000001011011100110101111110100000011100010110010000010011
0001000100101101111101010101011100110101000101111011111001000001100000100111000011001110110001010100
0101011010000100000111001101100010001100001111111110010011000111011101110011010111111100100001111001
1011101000110110010100100110001000100101110011011111110001101001110101001101001110001011000110000001
0100101101001100000101001011101001001110110100100101000111010101001010010011000100101110101000001001
1011001101110100001010110000110101010110111011001011101111110011110010010101001111011101110010001001
0011010101101001101100111011011000100000000111000101010100100110110010000110011110001101111010110011
1101101101011010100110000000001101010001110010100010101010011011101000100101111011000011110000101101
1100110010110001100111100101000110000110111000111100110010100010010011111000111001010001010100011110
0110100011111001001000000101100111100010110110111101010000100101110001110100110010011110000100001011
0111000111011101101110000101100101100001010100001001111100010111011000011101111000101101010001100010
1101011010110111111101010000101000001101101100100010011001101000000101101001001111111000110000101101
1100110111010000100001101011101001010010011101001111101111100100010000010011111000100100000000111100
1101100111000101011100111010010010011110100001011101001111000011101110101000011001001111011110110011
1101010110111001111010011100001101110110000010010000010001110011110011100111111000101001011000001100
1110001101100000010110011000110010110011111101001011101001010101111001011010001111100101111010000110
1110100001010010001001111000101111100110011110111001000010000110000000100110101000100111111111010101
0010111001011010011111101101011110101010101111111001000100001011110011111010111010100001010000011101
0000110110010100101010010111010111010000000011111000011110010101101010010011110100001011000110101100
1111100001010110110000010110101110101110010101000001001000001100101001101101100010100111010100111001
0111011100001111001000001101001001011111001111111010000100100000110011001110110001001101000111100110
0101011001001000111010000010101001111111101101101100110100100001000111011100101100101101011000111110
0000011100001110001010101111001111111010010011101110100000111100001111001111011110110111011100101011
0000100001110001101000011111001101101111010101011000100100011111100010100010100101011011110110101000
1110110000111000101111100011101110011011100010111001110011110001101100110100110110111100000101010011
1101011010110001101010110010100111100111110011110101011110100000011111101010101011110001100011010010
1001110101011011000100010110011000111001010010010100111111101010110000100110111110111011110100010011
0001111111101111010001000100111001101011110111010010111101011100101110010111100000100111011001101111
