2151.0 -2441.5
2151.0 -2441.5
2151.0 -2441.5
2151.0 -2441.5
2151.0 -2441.5
2151.0 -2441.5
2151.0 -2441.5
2151.0 -2441.5
2151.0 -2441.5
2151.0 -2441.5
2151.0 -2441.5
2151.0 -2441.5
2151.0 -2441.5
2151.0 -2441.5
2151.0 -2441.5
2151.0 -2441.5
2151.0 -2441.5
2151.0 -2441.5
2151.0 -2441.5
2151.0 -2441.5
2151.0 -2441.5
2151.0 -2441.5
2151.0 -2441.5
2151.0 -2441.5
2151.0 -2441.5
2156.0 -2454.0
2156.0 -2454.0
2156.0 -2454.0
2156.0 -2454.0
2156.0 -2454.0
2156.0 -2454.0
2156.0 -2454.0
2156.0 -2454.0
2156.0 -2454.0
2156.0 -2454.0
2156.0 -2454.0
2156.0 -2454.0
2156.0 -2454.0
2156.0 -2454.0
2156.0 -2454.0
2156.0 -2454.0
2156.0 -2454.0
2156.0 -2454.0
2156.0 -2454.0
2156.0 -2454.0
2156.0 -2454.0
2156.0 -2454.0
2156.0 -2454.0
2156.0 -2454.0
2156.0 -2454.0
2178.0 -2457.0
2178.0 -2457.0
2178.0 -2457.0
2178.0 -2457.0
2178.0 -2457.0
2178.0 -2457.0
2178.0 -2457.0
2178.0 -2457.0
2178.0 -2457.0
2178.0 -2457.0
2178.0 -2457.0
2178.0 -2457.0
2178.0 -2457.0
2178.0 -2457.0
2178.0 -2457.0
2178.0 -2457.0
2178.0 -2457.0
2178.0 -2457.0
2178.0 -2457.0
2178.0 -2457.0
2178.0 -2457.0
2178.0 -2457.0
2178.0 -2457.0
2178.0 -2457.0
2178.0 -2457.0
2183.0 -2469.5
2183.0 -2469.5
2183.0 -2469.5
2183.0 -2469.5
2183.0 -2469.5
2183.0 -2469.5
2183.0 -2469.5
2183.0 -2469.5
2183.0 -2469.5
2183.0 -2469.5
2183.0 -2469.5
2183.0 -2469.5
2183.0 -2469.5
2183.0 -2469.5
2183.0 -2469.5
2183.0 -2469.5
2183.0 -2469.5
2183.0 -2469.5
2183.0 -2469.5
2183.0 -2469.5
2183.0 -2469.5
2183.0 -2469.5
2183.0 -2469.5
2183.0 -2469.5
2183.0 -2469.5
