101010011001100110000101000010011110000000000010
101010011001100110000101000010011110000000000010
101000011001100110000101000010011110000000100010
001010011001100110000101000010011110000000100010
001010011001100110000101000010011110000000100010
101010011001100110000101000010011110000000100010
101010011011110100001001000000011111000100000010
101010011111110100001001000000011111000100000010
101010011111110100001001000000011111000100000010
101010011101110110000001000010011110000100000010
101010011001110110000001000010011110000100100010
101010011001110110001001000010011111000100000010
001010011001100110000101000010011110000000101010
101010011001100110000101000010011110000000101010
101010011101110110000001000010011111100100000010
101010011111110100101001000000011111000100000011
001010011001100110000101000010011111000000101010
101010011001100110000101000010011110000000101011
101010011111110110001001000010011111100100100010
101010011111110110001001000010011111110100100001
001001111001110110000001000010011110010100100010
101010011111110110001001000010011111110100100011
101010011111110110001001000010011111110100100011
111011111011110110001001000010011111100100000010
001001111001110110001001000010011110010100101010
001111111001100110010101000000011110001000100010
101011011111111110100001000010011111010100100011
101011011111111110101001000010011111110100100011
101011111111111110100001000010011111010100100011
001101111001110110100101000010011110010100100010
101101111111110110001001000010011111110100100011
101011111111111110101001000010011111110100100011
111001111111111110100001000010011111010100100011
101011111111111110101001100010011111110100100011
111111111011111110000001000010011111010100100011
001101111001100110101101000010111110010010100011
111011111111111110101001100010011111110100100011
111011111111111110101001100010011111111100100011
111011111111111110101001100010011111111100100011
001101111001110110101101000010111110010110100010
111011111111111110101001110010011111111101100010
111011111111111110101001110010011111111101100011
111011111111111110101001110010011111111101100011
111111111111111110101001110010011111111101100011
001101111001110110100111010010111110010110100010
001101111001110110100111010010111110010110100010
001101111001110110101111010010111110010110100010
001101111001110110101111010010111110010110100010
111111111111111110101101110010011111111101100011
101011111111111110101111010010111111010110100010
001101111001110110101111010010111110010110101010
001101111001110110101111010010111110010110101010
111011111011111110101111110110011111111101100011
111011111111111110101111110110011111111101100011
111111111111111110101111110010011111111101100011
111111111111111110101111110110011111111101100011
001101111001110110111111010010111110010110101010
001111111001110110111111010010111110010110101010
111111111111110111111111110010011111110100100011
101101111001110111110111110010111110010110100010
101101111001110111111111110010111110010110100010
111111111111111110101111110110011111111111100011
111111111001110111111111110010111111110100100011
001111111001110110111111010010111110010110111010
101101111001110111111111110010111110010110101010
111111111111111110101111110110011111111111101011
111101111001110111111111110010111111010110101010
111111111001110111111111110010111111010110101010
101101111001110111111111110010111110010110111010
111111111111111110101111111110011111111111101011
101011011111110111111111110010111111111111111010
111111111001110111111111110010111111010110111010
111111111001110111111111110010111111010110111010
111111111011110111111111110010111111010110111010
111111111111111111101111111110011111111111101011
111111111111111111101111111110011111111111101011
111111111011110111111111110010111111010111111010
111111111011110111111111110010111111010111111010
111111111111111110111111110010111111111111111010
111111111011110111111111110010111111011111111010
111111111011110111111111110010111111011111111010
111111111011110111111111110010111111111111111010
111111111011110111111111110010111111111111111010
111111111111111111101111111110011111111111111011
111111111111111111101111111110011111111111111011
111111111111110110101111111111111111111111111011
111111111111111111111111110010111111011111111010
111011111111111110101111111111111111111111111111
111111111011110111111111111010111111111111111010
111111111011110111111111111110111111111111111010
111111111011110111101111011111111111111111111111
111111111111111111101111111111111111111111111011
111111111111111111101111111111111111111111111011
111111111011110111111111111111111111111111111010
111111111011110111111111111111111111111111111010
111111111111110111111111111111111111111111111010
111111111111111111111111111110111111111111111011
111111111111110111111111111111111111111111111011
111111111111110111111111111111111111111111111011
111111111111111111111111111111111111111111111011
