96.3 7.0 36.0 -15.6
96.8 8.0 45.0 -16.8
98.3 6.0 32.0 -14.4
99.2 4.0 19.0 -13.2
102.2 5.0 25.0 -14.4
108.6 9.0 46.0 -19.2
110.1 10.0 49.0 -20.4
117.0 5.0 24.0 -15.6
118.7 9.0 46.0 -21.6
124.2 4.0 19.0 -15.6
127.9 9.0 46.0 -24.0
129.4 10.0 49.0 -25.2
135.5 11.0 58.0 -26.4
142.7 5.0 20.0 -18.0
143.7 11.0 58.0 -27.6
143.9 4.0 19.0 -16.8
151.6 6.0 26.0 -19.2
154.3 7.0 30.0 -20.4
163.8 8.0 34.0 -21.6
165.4 8.0 36.0 -22.8
172.6 5.0 24.0 -20.4
174.6 12.0 63.0 -31.2
179.1 6.0 26.0 -21.6
185.2 15.0 84.0 -32.4
194.5 16.0 90.0 -33.6
197.6 7.0 33.0 -25.2
200.4 7.0 29.0 -26.4
201.3 9.0 45.0 -28.8
210.1 17.0 100.0 -36.0
210.1 17.0 100.0 -36.0
216.1 13.0 64.0 -32.4
217.4 16.0 82.0 -34.8
219.3 14.0 77.0 -34.8
220.3 17.0 100.0 -37.2
227.8 16.0 90.0 -38.4
229.9 5.0 25.0 -27.6
232.7 6.0 26.0 -28.8
236.1 17.0 100.0 -39.6
245.6 7.0 29.0 -30.0
246.9 7.0 27.0 -30.0
246.9 7.0 27.0 -30.0
248.4 8.0 30.0 -31.2
250.0 18.0 105.0 -40.8
254.1 17.0 96.0 -40.8
260.2 18.0 105.0 -42.0
264.6 9.0 33.0 -32.4
274.8 10.0 38.0 -33.6
276.5 19.0 106.0 -43.2
277.5 9.0 52.0 -33.6
281.8 9.0 52.0 -34.8
281.8 9.0 52.0 -34.8
287.0 20.0 116.0 -44.4
287.0 20.0 116.0 -44.4
287.3 11.0 56.0 -36.0
296.0 10.0 53.0 -36.0
298.8 11.0 54.0 -37.2
302.1 21.0 123.0 -45.6
302.6 12.0 60.0 -38.4
306.8 20.0 103.0 -44.4
313.5 20.0 112.0 -46.8
315.2 12.0 60.0 -39.6
325.0 14.0 70.0 -40.8
326.2 22.0 122.0 -48.0
329.4 13.0 61.0 -40.8
332.0 14.0 66.0 -42.0
335.3 13.0 70.0 -42.0
336.1 17.0 87.0 -44.4
348.1 15.0 68.0 -43.2
355.2 23.0 129.0 -50.4
355.2 23.0 129.0 -50.4
357.8 21.0 111.0 -49.2
359.0 22.0 129.0 -51.6
359.9 14.0 65.0 -42.0
364.3 16.0 71.0 -44.4
365.8 15.0 72.0 -44.4
367.3 16.0 75.0 -45.6
370.0 17.0 79.0 -46.8
374.4 24.0 137.0 -52.8
374.4 24.0 137.0 -52.8
381.2 23.0 128.0 -51.6
386.0 18.0 82.0 -48.0
386.0 18.0 82.0 -48.0
392.5 25.0 140.0 -54.0
396.2 19.0 87.0 -49.2
396.2 19.0 87.0 -49.2
398.8 20.0 92.0 -50.4
398.8 20.0 92.0 -50.4
401.9 21.0 98.0 -51.6
405.7 24.0 137.0 -55.2
406.4 24.0 124.0 -54.0
407.7 22.0 106.0 -52.8
412.5 25.0 133.0 -55.2
421.7 25.0 140.0 -56.4
422.8 23.0 113.0 -54.0
422.8 23.0 113.0 -54.0
423.6 24.0 122.0 -55.2
431.9 25.0 132.0 -56.4
431.9 25.0 132.0 -56.4
438.0 26.0 141.0 -57.6
438.0 26.0 141.0 -57.6
