001000011000110100100001000000011010000100000000
001000011000110100100001000000011010000100000000
001010011100110100100001000000011010000100000000
001010011100110100100001000000011010000100000000
101010011100110100100001000000011010000100000000
101010011100110100100001000000011010000100000000
101010011000110100100001000000011011000100000000
101010011100110100100001000000011011000100000000
101010011110110100100001000000011011000100000000
001000011000110100100001000000011011010100000000
101010011110110100001001000000011011000100100000
001010011100110110100001000000011010000100000000
001010011100110110100001000000011011000100000000
101010011110110100101001000000011011010100000000
101010011110111100101001000000011011010100000000
101010011110110100101001000000011011010100100001
001100011000110110100001000000011010001100000000
101010011110110110101001000000011011110100100000
001010111000110100100101000000011010010100100000
101010011110110100101001000000011011010110100000
101010011100110110101001100010011011010100100001
111010011110110110101001100010011011010100100000
001010111000110110100101000000111010000100100000
111010011110111110101001100010011011000100100001
111010011110110110101001101010011011010100100000
101010011111111110101001100010011011110100100000
101010011111111110101001100010011111110100100000
001100011000110110100011010010011011010100100000
101110011111111110101001100010011111110100100000
101011111111111110101001100000011111100100100011
101011111111111110101001100000011111100100100011
101110011111111110101001100010011111111100100000
101010011111111110101001100010011111111100100011
101011111111111110101001100010011111111100100011
111110011111111110101001100010011111111100100010
001100011000110110100111010010111010010110100000
101100011000110110100111010010111010010110100000
101011111111111110101001100010011111111100110011
111111111111111110101001100010011111111100100011
101111111001110110111001100010011110111100110011
001100011001110110101111010010111110010110100000
111111111111111110101001100010011111111100110011
101101111001110110100101110010111110010110100010
101100111001110110101111010010111110010110100000
101010011101111110110101110010111110010110100010
111100111001110110101111010010111111110100100000
101111111111110110101001100011011111111110110111
101101111001110110100111110010111110010110100010
101101111001110110100111110010111110010110100010
101011111111111110101101100011011111111110110111
101011111111111110101101100011011111111110110111
111111111111111111111001100010011111111100110011
101101111001110110110111110010111110010110100010
101101111001110110110111110010111110010110100010
101111111001110110110111110010111110010110100010
111111111111111110101101100011011111111110010111
111111111011110111111111100000011111101110100011
111111111111111110101101100011011111111110110111
101111111001110110111111110010111110010111101010
101100111001110110101111110011111110010110110111
111111111111111110101101100011011111111110111111
101011111101110110111101110011111111010111111110
101101111001110110100111110011111110010110111110
101111111001111111101111100111011111111110110111
101111111001110110111111110011111110010110110110
101111111001110110111111110011111110010110110110
111011111111111111101111100111011111111110110111
111011111111111111101111100111011111111110110111
111111111011110111101111100111011111111110110111
101101111001110110110111110011111110010110111110
101111111001110110111111110011111110010110111110
101111111111111111101111100111011111111110111111
101111111001110110111111110011111110110111111110
101111111001110110111111110011111110110111111111
111111111111111111101111100111011111111110111111
101111111001110111111111110011111110010110111110
101111111001110111111111110011111110010110111110
101111111001110111111111110011111110010111111110
101111111001110111111111110011111110010111111110
111111111111111111111101110011111111111110010111
111111111011110110101111110111111111111111111111
111111111111111111101111110111011111111111111110
101011111011110111111111111011111111011111111110
101111111111111111101011111111111111111111111111
111111111001110111111111111011111111010110111110
111111111111111111101111101111111111111110111111
111111111011110111111111111011111111010110111110
111111111011110111111111111011111111010111111110
111111111011110111111111111011111111010111111110
111111111011110111111111110111111111111111111110
101111111111111111101111111111111111111111111111
111111111011110111111111111011111111011111111110
111111111111111111111111111111011111111111111111
111111111011110111111111111111111111111111111110
111111111011110111111111111111111111111111111110
111111111011110111111111111111111111111111111111
111111111011110111111111111111111111111111111111
111111111111110111111111111111111111111111111111
111111111111111111111111111111111111111111111111
111111111111111111111111111111111111111111111111
