101001011101100100000001000000011110000000000010
101010011111100100000001000000011111000000000010
001000111001100100101001000000011111000000000000
101011011101100100000001000000011111000000000010
101011011101100100100001000000011111000000000010
101000111001100100101001000000011111000000000001
101011011111100100001001000000011111000000000010
101011011111100100001001000000011111000000000010
101011011111100100001001000000011111000000100011
001101011001100100000001000000011110010000100010
101111011001100100000001000000011110010000100010
101011011111100100101001000000011111010000100010
001101111001100100000001000000011110010000100010
011011011111100100001001000000011111010000100010
101111011011100100101001000000011111010000100010
101011011111100100101001000000011111011000100010
101011011011101110101001000010011111000000100010
001101011001100100100101000000011110010000100010
101011011011101110101001000010011111000000100011
111011111111100110101001000010011111000000100010
111011111111101110101001000010011111000000100010
111011111111101110101001100010011111000000100010
001101111001100100100101010000011110010000100010
111011111111101110101001100010011111000000100011
001001111001100100111101000000111110010000100010
101011011111110110101001100010011111110100100011
101011011111110110101001100010011111110100100011
101011111011101110101001010000011111011000100010
101011111111110110101001100010011111110100100011
011101111001100110100011010010011111000000100010
001101011001100100111101000000111110010000101010
101011111111111110101001100010011111110100100011
001101111001100100111101000000111110010000101010
111011111111111110101001100010011111110100100011
111111111111110110101001100010011111110100100011
001100111001110110101101010010011111010110100000
111011111111111110101001100010011111111100100011
111001111001110110101001100010011111111100101011
111111111111111110101001100010011111111100100010
001100111001110110100111010010011110010100110000
111111011111110110101101100010011111010110101010
111111111001111110101001100010011111111100101011
111111111111111110101001100010011111111100101011
111111011111111110101101100010011111010110101010
001100111001110110100111010010111111010110100000
111111111111111110101101100010011111111110100011
011100111001110110100111010010111111010110100000
011101111001110110101111010010111111010100100010
111001111001110110101111110010011111010110101010
101011111111111110101001110011011111110111110111
011100111001110110100111010010111111010110101000
111011111111111110101001110011011111110111110111
011101111001110110100111010010111111010110101010
111011111111111110101001110011011111111111110111
111011111111111110101001110011011111111111110111
111101111001110110100111110010111111010110101010
111101111001110110101111110010111111010110101010
111011111111110110101001110011011111111111111111
111011111111111110101001110011011111111111111111
111101111001110110111111110010111111010110101010
111101111001110110111111110010111111010110101010
111111111001110110111111110010111111010110101010
111111111101111110101011110111011111011111110110
111111111111111110101001110011011111111111111111
111111111001110110101101110011011111111111111111
111111111101111110101011110111011111011111110111
111111111111111110101011110111011111111111110111
111111111001110111111111110010111111010110101010
111101111001110110101111110011111111010110111110
111101111001110110111101110011111111010110111111
111111111001110111101111110011011111111111110111
111111111111111110101111110111011111111111110111
111101111001110110111111110011111111010110111110
111101111001110110111111110011111111010110111110
111111111001110110111111110011111111010110111110
111111111111110111111011110111011111111111110111
111111111011110110111111110011111111010111111110
111111111111111110101111110111011111111111111111
111111111011110110111111110111011111111111111110
111111111111110111111111110111011111011111110111
111111111001110111111111110011111111010110111110
111111111001110111111111110011111111010110111110
111111111011110111111111110011111111010110111110
111111111011110111111111110011111111010111111110
111111111011110111111111110011111111010111111110
111111111111111110111111110111011111111111111111
111111111111111110111111110111011111111111111111
111111111111110111111111110111011111111111111110
111111111001110111111111110011111111111111111110
111111111001110111111111110011111111111111111110
111111111011110111111111110011111111111111111110
111111111011110111111111110011111111111111111110
111111111111110111111111110011111111111111111110
111111111111111111111111110111011111111111111111
111111111111111111101111110111111111111111111111
111111111111110111111111110111111111111111111110
111111111111110111111111110111111111111111111111
111111111111111111111111110111111111111111111111
111111111111111111111111110111111111111111111111
111111111111110111111111111111111111111111111110
