97.0 7.0 38.0 -15.6
98.6 9.0 48.0 -18.0
99.8 8.0 39.0 -16.8
101.4 10.0 49.0 -19.2
101.4 10.0 49.0 -19.2
104.5 6.0 26.0 -15.6
107.5 11.0 58.0 -20.4
108.9 9.0 42.0 -19.2
118.6 5.0 28.0 -14.4
120.2 11.0 60.0 -21.6
121.7 12.0 63.0 -22.8
121.8 8.0 45.0 -20.4
125.2 6.0 26.0 -18.0
134.5 7.0 33.0 -19.2
137.7 12.0 63.0 -25.2
143.4 11.0 52.0 -24.0
143.4 6.0 21.0 -16.8
146.0 13.0 73.0 -26.4
150.4 5.0 20.0 -18.0
152.6 7.0 27.0 -20.4
152.7 8.0 34.0 -21.6
157.2 11.0 52.0 -25.2
164.6 6.0 21.0 -19.2
168.4 8.0 32.0 -22.8
172.2 12.0 68.0 -28.8
174.7 6.0 26.0 -22.8
174.7 6.0 26.0 -22.8
183.9 14.0 76.0 -30.0
184.7 15.0 86.0 -31.2
184.7 15.0 86.0 -31.2
188.1 16.0 90.0 -32.4
192.2 7.0 33.0 -25.2
198.0 8.0 41.0 -26.4
201.0 15.0 81.0 -34.8
201.0 15.0 81.0 -34.8
207.1 16.0 90.0 -36.0
215.4 17.0 100.0 -37.2
228.4 7.0 39.0 -27.6
228.4 7.0 39.0 -27.6
231.2 8.0 40.0 -28.8
234.5 18.0 105.0 -38.4
236.8 16.0 88.0 -38.4
243.9 16.0 91.0 -39.6
248.1 8.0 40.0 -30.0
251.6 16.0 76.0 -37.2
258.1 19.0 107.0 -40.8
264.2 20.0 116.0 -42.0
265.5 8.0 40.0 -31.2
268.1 9.0 49.0 -32.4
271.7 10.0 55.0 -33.6
272.3 20.0 108.0 -42.0
278.6 9.0 49.0 -33.6
283.1 20.0 112.0 -43.2
285.1 11.0 51.0 -34.8
292.9 10.0 47.0 -34.8
295.6 11.0 51.0 -36.0
298.8 20.0 116.0 -45.6
299.3 11.0 58.0 -37.2
300.3 12.0 57.0 -38.4
303.1 19.0 113.0 -44.4
305.2 13.0 65.0 -39.6
311.8 12.0 54.0 -37.2
311.8 12.0 54.0 -37.2
313.1 22.0 122.0 -46.8
319.0 14.0 64.0 -40.8
319.6 21.0 121.0 -48.0
319.6 21.0 121.0 -48.0
321.4 17.0 83.0 -43.2
331.6 14.0 73.0 -42.0
334.8 21.0 117.0 -48.0
335.3 13.0 70.0 -42.0
347.1 19.0 98.0 -46.8
350.1 23.0 123.0 -50.4
351.0 15.0 74.0 -44.4
351.3 14.0 73.0 -43.2
357.7 22.0 127.0 -50.4
362.5 22.0 129.0 -51.6
367.0 16.0 77.0 -45.6
367.0 16.0 77.0 -45.6
369.7 17.0 81.0 -46.8
375.3 23.0 130.0 -52.8
386.0 18.0 82.0 -48.0
388.6 19.0 87.0 -49.2
388.6 19.0 87.0 -49.2
389.5 24.0 131.0 -54.0
399.3 20.0 93.0 -50.4
401.9 21.0 98.0 -51.6
401.9 21.0 98.0 -51.6
405.7 24.0 137.0 -55.2
405.7 24.0 137.0 -55.2
417.0 22.0 105.0 -52.8
417.0 22.0 105.0 -52.8
419.5 25.0 131.0 -55.2
420.6 26.0 141.0 -56.4
422.8 23.0 113.0 -54.0
423.6 24.0 122.0 -55.2
429.7 25.0 131.0 -56.4
429.7 25.0 131.0 -56.4
438.0 26.0 141.0 -57.6
438.0 26.0 141.0 -57.6
