101010011100100110001001000010011011000000000000
101010011100100110000001000010011011000000100000
101010011100100110001001000010011011000000100000
101000011000100110100001100000011011000000100000
101000011000100110100001100000011011000000100000
101000011100100110100001100000011011000000100000
101010011100100110001001000010011011000000100001
101010011110100110101001000010011011000000100000
011000111000100110001001000010011011000000000000
101010011010100110101001100010011011000000100000
011000111000100110001001000010011011000000100000
101010011110100110101001100010011011000000100001
101010011110100110101001100010011011000000100001
011000111000100110001001000010011011010000100000
101010011110101110101001100010011011000000100001
101010011110101110101001100010011011000000100001
111100111000100110100001100000011011000000100000
101010011110101110101001100010011011010000100001
111100111010100110000001100010011011010000000000
111100111000100110101001000010011011000000100001
111100111000100110100001100010011011010000100000
101010011110101110101001100010011011011000100001
101010011110101110101001100010011011010000101001
101010111110101110101001100010011011011000100001
111100111000100110101001100010011011010000101000
111100111000100110100001100010111011010000100000
101010111110111110101001100010011011100100100001
101010111110111110101001100010011011100100100001
111010111110111110101001100010011011100100100000
111100111000100110101001110010011011010000101000
111010111110111110101001100010011011110100100001
101010111110111110001001100010011011111100101000
111100111000100110101101110010011011010000101000
101010111111111110101001100010011111110100100001
111010111110111110101001101010011011110100100001
101010111111111110101001100010011111110100100011
101010111111111110101001100010011111110100100011
111010111111111110101001100010011111110100100011
111100111000100110101111110010111011010000100000
111011111111111110101001100010011111110100100011
111100111000100110101111110010111011001000100001
111100111000100110101111110010111011011000100000
111011011111111110101001110010011111110101100011
111110111000110110101111110010111011010100100001
111111111111111110101001110010011111110101100011
111100111000110110100111110010111011010110100000
111100111000110110100111110010111011010110100000
111100111000110110101111110010111011010110100000
111011111111111110101001110010011111111111100011
111100111000110110101111110010111011010110101000
111100111000110110101111110010111011010110101000
111110111000110110101111110010111011010110101000
111110111000110110101111110010111011010110101000
111111111111111111111001100010011111110100101011
111110111001110110101111110010011111111101100011
111111111011110111111111100010011111110100100011
111110111000110111101111110010111011010110101000
111110111000110111101111110010111011010110101000
111111111011110110101111110110011111111101100011
111111111111111110101111110110011111111101100011
111111111111111110101111110110011111111101100011
111110111000110111101111110010111011010110111000
111110111000110111101111110010111011110110111000
111110111000110111101111110010111011110110111000
111110111010110111101111110010111011110110111000
111111111111111110101001110011011111111111110111
111111111111111110101001110011011111111111110111
111111111011110111111111110010011111111101100011
111111111111111110101001110011011111111111111111
111101111001110110101111110011111111010110110110
111101111001110110101111110011111111010110110110
111101111001110110101111110111111111010110110110
111111111111111110101001111011011111111111111111
111111111111111110101001111011011111111111111111
111101111001110110101111110011111111010110111110
111111111001110110101111110011111111010110111110
111111111011100111101111110011111111011011111110
111111111001110110101111110011111111010110111111
111111111011100111101111110011111111011011111111
111111011111111110101111110111011111111111111111
111111111001110111101111110011111111010110111110
111111111001110111101111110011111111010110111110
111111111011100111111111110011111111011011111110
111111111111111111101011110111011111111111111111
111111111111111111101011110111011111111111111111
111111111011110111101111110101111111111111010111
111111111001110110111111110111111111111111110111
111111111011111110111111110111111111110110111110
111111111011110111111111110111111111010111111110
111111111011110111111111110111111111010111111110
111111111001110111111111110011111111011111111110
111111111111111110111111110111111111110111111111
111111111011110111111111110111111111111111110111
111111111011110111111111110111111111011111111110
111111111111111110111111110111111111111111111111
111111111011110111111111110111111111111111111110
111111111011110111111111110111111111111111111111
111111111011110111111111110111111111111111111111
111111111111110111111111110111111111111111111111
111111111111110111111111110111111111111111111111
