98.3 6.0 28.0 -14.4
98.3 6.0 28.0 -14.4
99.2 8.0 44.0 -16.8
99.2 8.0 44.0 -16.8
101.9 9.0 48.0 -18.0
102.7 7.0 35.0 -16.8
105.9 9.0 48.0 -19.2
110.1 5.0 22.0 -14.4
112.0 10.0 57.0 -20.4
117.7 10.0 49.0 -21.6
121.1 6.0 23.0 -16.8
125.1 6.0 23.0 -18.0
129.4 10.0 53.0 -22.8
133.7 11.0 52.0 -22.8
134.8 5.0 25.0 -19.2
140.3 5.0 25.0 -20.4
146.2 11.0 62.0 -25.2
146.6 10.0 49.0 -25.2
150.7 6.0 26.0 -21.6
152.3 12.0 71.0 -26.4
152.3 12.0 71.0 -26.4
159.7 6.0 26.0 -22.8
162.1 13.0 71.0 -28.8
164.8 14.0 75.0 -30.0
164.8 14.0 75.0 -30.0
173.1 15.0 85.0 -31.2
177.2 9.0 48.0 -27.6
179.2 6.0 26.0 -24.0
183.3 15.0 85.0 -32.4
190.9 16.0 90.0 -33.6
190.9 16.0 90.0 -33.6
201.4 16.0 90.0 -34.8
210.2 5.0 25.0 -26.4
210.2 5.0 25.0 -26.4
211.7 6.0 28.0 -27.6
215.6 16.0 91.0 -36.0
224.6 18.0 101.0 -37.2
224.6 18.0 101.0 -37.2
234.8 18.0 101.0 -38.4
240.1 18.0 101.0 -39.6
244.1 6.0 26.0 -28.8
244.1 6.0 26.0 -28.8
245.6 7.0 29.0 -30.0
250.3 18.0 101.0 -40.8
252.6 17.0 92.0 -39.6
256.2 7.0 41.0 -32.4
260.0 8.0 38.0 -31.2
266.3 19.0 104.0 -42.0
267.3 8.0 36.0 -32.4
270.0 9.0 40.0 -33.6
273.2 9.0 43.0 -34.8
273.2 9.0 43.0 -34.8
275.9 10.0 47.0 -36.0
276.7 20.0 109.0 -43.2
276.7 20.0 109.0 -43.2
285.5 17.0 84.0 -40.8
287.2 21.0 117.0 -44.4
290.8 11.0 52.0 -37.2
301.4 12.0 56.0 -38.4
302.3 22.0 124.0 -45.6
306.5 12.0 54.0 -39.6
308.0 13.0 57.0 -40.8
314.1 23.0 130.0 -46.8
314.8 12.0 53.0 -38.4
317.5 21.0 111.0 -45.6
324.0 14.0 60.0 -42.0
324.0 14.0 60.0 -42.0
326.5 22.0 120.0 -48.0
330.1 15.0 69.0 -43.2
338.8 20.0 109.0 -46.8
340.2 15.0 63.0 -43.2
341.6 23.0 127.0 -49.2
350.4 16.0 68.0 -44.4
351.1 24.0 131.0 -50.4
351.1 24.0 131.0 -50.4
358.7 17.0 78.0 -45.6
358.7 17.0 78.0 -45.6
362.2 21.0 106.0 -48.0
363.0 22.0 125.0 -51.6
368.7 18.0 86.0 -46.8
373.2 23.0 130.0 -52.8
379.9 20.0 106.0 -49.2
387.0 23.0 119.0 -52.8
395.3 24.0 129.0 -54.0
399.6 18.0 86.0 -48.0
401.1 19.0 89.0 -49.2
401.9 21.0 98.0 -51.6
403.7 20.0 94.0 -50.4
403.7 20.0 94.0 -50.4
405.5 25.0 134.0 -55.2
409.4 23.0 121.0 -54.0
416.8 24.0 125.0 -55.2
417.0 22.0 105.0 -52.8
417.8 23.0 114.0 -54.0
422.0 25.0 138.0 -56.4
423.6 24.0 122.0 -55.2
423.6 24.0 122.0 -55.2
429.7 25.0 131.0 -56.4
438.0 26.0 141.0 -57.6
438.0 26.0 141.0 -57.6
