97.7 6.0 35.0 -6.5
99.8 5.0 25.0 -6.0
99.8 5.0 25.0 -6.0
100.7 7.0 41.0 -7.0
100.7 7.0 41.0 -7.0
103.4 8.0 45.0 -7.5
104.9 9.0 48.0 -8.0
105.1 4.0 19.0 -6.5
110.7 9.0 48.0 -8.5
111.7 10.0 49.0 -9.0
112.7 4.0 19.0 -7.0
117.8 11.0 58.0 -9.5
119.4 9.0 51.0 -9.0
123.6 11.0 58.0 -10.0
127.5 4.0 19.0 -7.5
135.5 11.0 58.0 -11.0
137.1 4.0 19.0 -8.0
142.5 10.0 55.0 -10.5
148.1 5.0 20.0 -9.0
150.1 12.0 67.0 -11.5
155.9 12.0 63.0 -12.0
158.5 5.0 25.0 -9.5
161.1 4.0 19.0 -8.5
161.1 4.0 19.0 -8.5
164.1 12.0 67.0 -12.5
169.5 8.0 39.0 -11.5
173.4 13.0 73.0 -13.0
178.0 5.0 25.0 -10.0
182.0 11.0 52.0 -12.0
186.7 14.0 83.0 -14.0
188.4 6.0 30.0 -10.5
193.0 5.0 25.0 -10.5
193.0 5.0 25.0 -10.5
195.8 6.0 26.0 -11.0
197.2 14.0 83.0 -14.5
198.9 12.0 70.0 -13.5
204.1 7.0 33.0 -12.0
207.4 14.0 83.0 -15.0
210.0 7.0 27.0 -11.5
218.9 7.0 33.0 -12.5
223.1 16.0 91.0 -15.5
223.4 15.0 86.0 -15.5
224.6 6.0 26.0 -11.5
233.1 8.0 34.0 -13.0
236.9 9.0 37.0 -13.5
238.6 7.0 33.0 -13.0
245.7 18.0 104.0 -16.5
252.8 8.0 34.0 -13.5
258.1 17.0 94.0 -17.0
262.0 17.0 92.0 -17.0
266.4 18.0 104.0 -17.5
270.4 8.0 42.0 -14.0
272.5 18.0 100.0 -17.5
273.2 9.0 43.0 -14.5
273.2 9.0 43.0 -14.5
274.7 10.0 46.0 -15.0
274.7 10.0 46.0 -15.0
282.7 19.0 105.0 -18.0
287.5 10.0 49.0 -15.5
289.1 13.0 66.0 -16.0
290.7 17.0 86.0 -18.0
293.2 14.0 75.0 -17.0
296.9 11.0 56.0 -16.0
300.9 15.0 84.0 -17.5
305.1 19.0 105.0 -19.0
309.7 11.0 59.0 -16.5
312.8 14.0 68.0 -17.0
314.9 13.0 57.0 -16.5
319.9 15.0 80.0 -18.0
322.0 17.0 97.0 -18.5
323.9 12.0 60.0 -17.0
323.9 12.0 60.0 -17.0
325.4 13.0 63.0 -17.5
327.8 20.0 106.0 -19.5
327.8 20.0 106.0 -19.5
332.7 17.0 90.0 -19.0
334.3 19.0 108.0 -20.0
341.7 14.0 64.0 -18.0
344.5 20.0 113.0 -20.5
350.3 20.0 111.0 -20.5
352.9 18.0 96.0 -19.5
357.7 15.0 67.0 -18.5
357.7 15.0 67.0 -18.5
360.4 16.0 71.0 -19.0
360.5 21.0 116.0 -21.0
360.5 21.0 116.0 -21.0
363.0 17.0 76.0 -19.5
363.0 17.0 76.0 -19.5
364.0 20.0 107.0 -20.5
373.2 18.0 81.0 -20.0
373.2 18.0 81.0 -20.0
376.8 22.0 117.0 -21.5
379.0 19.0 89.0 -20.5
379.0 19.0 89.0 -20.5
379.8 20.0 98.0 -21.0
379.8 20.0 98.0 -21.0
385.9 21.0 107.0 -21.5
385.9 21.0 107.0 -21.5
394.2 22.0 117.0 -22.0
394.2 22.0 117.0 -22.0
