101000011000100110101001100000011010000000000000
101000011000100110101001100000011010000000000000
101000011000100110101001100000011011000000000000
101010011000100110101001100000011011000000000000
101000011000100110101001100010011010010000000000
101010111100100110100001100000011011000000000000
101010111100100110101001100010011011000000000000
101010111100100110101001100010011011010000000000
101010111110100110101001100010011011010000000000
101010111110100110101001100010011011001000100000
101010111110100110101001100010011011010000100001
111100111000100110101001100010011011010000000000
101000111101100110101001100010011110000000100001
101000111000100110100011010010011010010000000000
101010111111100110101001100010011111000000100001
101010111111100110101001100010011111000000100001
101010111111101110101001100010011111000000100001
101010111111101110101001100010011111000000100001
101000111000100110100011010010011010010010000000
101010111111100110101001100010011111010000100011
101100111000100110100011010010011010010010000000
101010111111101110101001100010011111010000100011
101011111111101110101001100010011111010000100011
101110111000100110100111110010011010010000000000
111111111001100110101001100010011111010000100010
111011111111101110101001100010011111010000100011
101110111000100110100111110010011010010010000000
111111111111101110101001100010011111010000100011
111011111101101110101001100010111111010000100011
101100111000100110100111110010111010010010100000
101100111000100110100111110010111010010010100000
101111111111101110101001100010011111011000110011
101100111000100110101111110010111010010010100000
101110111000100110101111110010111010010010100000
111111111111101110101001100010011111011000110011
111100111000100110101111110010111011010011100000
111111111111101110101001100011011111011000110011
111100111000100110100111110010111011010010110000
111100111000100110101111110010111011010010110000
111111111111101110101001100011011111011000111011
101110111000100110101111110010111011010010111000
111110111000100110101111110011111011010010110000
111100111000100110101111110010111011010010111000
111100111000100110101111110010111011010011111000
111100111000100110100111110011111011010010110100
101111111111100110101001110011011111011011110111
111100111000100110101111110011111011010010110100
111111111011110110001011010110011111010101110011
111110111000100111101111110010111011010010111000
101110011001100111100111110011011111011000111011
111111111111101110101001110011011111011011110111
111100111001100110101111110011111111010010110100
111110111001100110101111110011111111010010110100
111110111001100110101111110011111111010010110100
101011111111111110101011110111011111111101110011
111011111001100110101111110011111111010010110110
111111111011100111111111100011011111011000110011
111111111111111110101011010111011111110101110011
111111111111100110101101110011111111010010111110
101011111111111110101011111111011111111101110011
101011111111111110101011111111011111111101110011
111001111001100110101111110111111111010010111110
111101111001100110101111110011111111010010111110
111101111001100110101111110011111111010010111110
111111111001100110101111110011111111010010111110
111111111011100110101111110011111111010010111110
101010111111111110101111110111011111111111110111
111011111111110110101111110111011111111111110110
111111111001100110111111110011111111010011111110
111111111111111110101011110111011111111111110111
111111111111110110101111110111011111111111110111
111111111111111110101111110111011111111111110111
111111111011100111111111110011111111010010111110
111111111011100111111111110011111111010011111110
111111111011110111111111110111011111111101011011
111111111011110111111111110011011111110110111110
111111111011100111111111110011111111011011111110
111111111111111110101111110111011111111111111111
111111111111111111101111110111011111110111111111
111111111111111111101111110011011111111111111111
111111111011110111111111110011111111110110111110
111111111011110111111111110011111111110110111110
111111111111111111101111110111011111111111111111
111111111111111111101111110111011111111111111111
111111111011110111111111110011111111110111111110
111111111111110111111111110011111111011111111110
111111111011110111111111110011111111111111111110
111111111111111110111111111111011111111111111111
111111111111111110111111111111011111111111111111
111111111011110111111111110111111111111111111110
111111111011110111111111110111111111111111111110
111111111111110111111111110111111111111111111110
111111111111111111101111111111111111011111111111
111111111111111111101111111111111111111111111111
111111111111110111111111111111111111111111111110
111111111111110111111111111111111111111111111110
111111111111110111111111111111111111111111111111
111111111111110111111111111111111111111111111111
111111111111111111111111111111111111111111111111
111111111111111111111111111111111111111111111111
