129.0 10.0 47.0 -20.4
129.0 10.0 47.0 -20.4
131.0 12.0 60.0 -22.8
132.1 11.0 53.0 -21.6
132.1 11.0 53.0 -21.6
139.1 12.0 57.0 -24.0
139.1 12.0 57.0 -24.0
139.9 13.0 66.0 -25.2
139.9 13.0 66.0 -25.2
142.6 9.0 52.0 -19.2
142.6 9.0 52.0 -19.2
144.1 8.0 45.0 -19.2
146.0 14.0 75.0 -26.4
152.0 10.0 49.0 -21.6
154.3 15.0 85.0 -27.6
154.7 8.0 46.0 -20.4
156.2 15.0 80.0 -27.6
162.9 8.0 46.0 -21.6
166.4 15.0 84.0 -28.8
167.6 11.0 53.0 -25.2
174.3 14.0 75.0 -30.0
175.2 9.0 49.0 -22.8
180.3 7.0 39.0 -22.8
180.7 16.0 90.0 -31.2
183.3 8.0 46.0 -25.2
187.6 15.0 81.0 -32.4
193.8 8.0 46.0 -26.4
194.6 9.0 55.0 -27.6
197.2 8.0 46.0 -27.6
207.1 16.0 90.0 -36.0
208.4 14.0 83.0 -33.6
212.0 8.0 46.0 -28.8
215.4 17.0 100.0 -37.2
216.7 15.0 93.0 -34.8
222.8 12.0 69.0 -32.4
225.6 17.0 100.0 -38.4
229.4 8.0 46.0 -30.0
234.1 12.0 65.0 -34.8
235.8 18.0 105.0 -39.6
238.4 15.0 85.0 -37.2
248.9 8.0 46.0 -31.2
251.1 19.0 113.0 -40.8
261.1 18.0 105.0 -42.0
268.6 8.0 46.0 -32.4
271.7 9.0 52.0 -33.6
271.8 19.0 113.0 -43.2
281.8 9.0 52.0 -34.8
281.8 9.0 52.0 -34.8
284.6 10.0 53.0 -36.0
286.9 20.0 120.0 -44.4
288.9 17.0 99.0 -43.2
295.0 18.0 108.0 -44.4
298.9 11.0 59.0 -38.4
298.9 11.0 59.0 -38.4
300.8 20.0 120.0 -45.6
305.1 18.0 102.0 -44.4
307.5 20.0 116.0 -45.6
310.3 17.0 95.0 -42.0
312.1 20.0 118.0 -46.8
313.1 12.0 60.0 -39.6
314.6 13.0 63.0 -40.8
314.6 13.0 63.0 -40.8
314.8 19.0 106.0 -45.6
322.6 20.0 118.0 -48.0
330.9 14.0 64.0 -42.0
330.9 14.0 64.0 -42.0
332.7 20.0 112.0 -48.0
336.8 21.0 119.0 -49.2
336.8 21.0 119.0 -49.2
339.2 15.0 74.0 -43.2
346.9 15.0 67.0 -43.2
349.9 24.0 137.0 -50.4
350.5 23.0 136.0 -50.4
351.0 15.0 74.0 -44.4
354.8 22.0 124.0 -50.4
357.9 19.0 91.0 -45.6
363.1 16.0 70.0 -44.4
363.8 24.0 137.0 -51.6
366.5 18.0 88.0 -45.6
371.1 23.0 125.0 -51.6
376.4 22.0 129.0 -52.8
376.4 22.0 129.0 -52.8
381.8 16.0 75.0 -45.6
383.3 17.0 78.0 -46.8
384.5 22.0 121.0 -52.8
386.0 18.0 82.0 -48.0
386.0 18.0 82.0 -48.0
389.4 21.0 109.0 -51.6
390.6 23.0 130.0 -54.0
396.2 19.0 87.0 -49.2
396.2 19.0 87.0 -49.2
398.8 20.0 92.0 -50.4
401.9 21.0 98.0 -51.6
406.6 24.0 133.0 -55.2
406.6 24.0 133.0 -55.2
408.5 23.0 115.0 -54.0
414.6 24.0 124.0 -55.2
417.0 22.0 105.0 -52.8
422.9 25.0 134.0 -56.4
422.9 25.0 134.0 -56.4
