223.3 11.0 52.0 -25.2
223.7 10.0 61.0 -25.2
223.7 10.0 61.0 -25.2
233.5 8.0 75.0 -25.2
233.8 8.0 75.0 -25.2
233.8 8.0 75.0 -25.2
234.4 8.0 67.0 -25.2
236.0 11.0 47.0 -25.2
236.4 7.0 72.0 -25.2
236.9 9.0 55.0 -25.2
237.1 8.0 71.0 -25.2
237.2 8.0 63.0 -25.2
237.6 10.0 54.0 -25.2
237.7 9.0 66.0 -25.2
238.0 12.0 46.0 -25.2
238.4 11.0 56.0 -25.2
238.8 9.0 66.0 -25.2
239.0 8.0 72.0 -25.2
239.7 9.0 57.0 -25.2
239.9 13.0 41.0 -25.2
240.1 8.0 68.0 -25.2
240.3 7.0 76.0 -25.2
240.5 13.0 41.0 -25.2
241.6 12.0 42.0 -25.2
241.7 10.0 52.0 -25.2
242.1 6.0 78.0 -25.2
242.1 6.0 78.0 -25.2
242.1 8.0 67.0 -25.2
242.2 8.0 60.0 -25.2
242.9 6.0 74.0 -25.2
243.0 10.0 54.0 -25.2
243.1 9.0 70.0 -25.2
243.6 10.0 65.0 -25.2
243.7 13.0 43.0 -25.2
243.9 11.0 43.0 -25.2
243.9 10.0 60.0 -25.2
244.3 10.0 56.0 -25.2
245.3 10.0 65.0 -25.2
245.5 6.0 78.0 -25.2
245.5 6.0 78.0 -25.2
245.8 10.0 48.0 -25.2
245.9 9.0 54.0 -25.2
245.9 11.0 43.0 -25.2
246.0 9.0 62.0 -25.2
246.3 6.0 74.0 -25.2
246.3 6.0 74.0 -25.2
246.5 6.0 78.0 -25.2
246.9 7.0 73.0 -25.2
247.5 10.0 53.0 -25.2
247.8 6.0 78.0 -25.2
247.8 6.0 78.0 -25.2
247.9 7.0 73.0 -25.2
248.0 12.0 43.0 -25.2
248.6 9.0 54.0 -25.2
249.1 12.0 46.0 -25.2
249.2 7.0 73.0 -25.2
249.2 6.0 78.0 -25.2
249.7 11.0 49.0 -25.2
250.2 6.0 78.0 -25.2
250.2 6.0 78.0 -25.2
250.2 6.0 78.0 -25.2
250.2 9.0 57.0 -25.2
250.4 8.0 71.0 -25.2
250.9 7.0 69.0 -25.2
251.0 6.0 74.0 -25.2
251.0 6.0 74.0 -25.2
251.5 9.0 54.0 -25.2
252.6 6.0 78.0 -25.2
253.5 10.0 48.0 -25.2
253.6 6.0 78.0 -25.2
253.6 6.0 78.0 -25.2
253.6 6.0 78.0 -25.2
255.7 7.0 68.0 -25.2
256.6 10.0 59.0 -25.2
258.6 11.0 51.0 -25.2
259.3 11.0 48.0 -25.2
260.0 9.0 58.0 -25.2
260.8 12.0 47.0 -25.2
262.1 10.0 54.0 -25.2
266.2 13.0 35.0 -25.2
266.4 11.0 41.0 -25.2
