1011101001101101011111111100101110111100010111101101011111110110111111110111011001101011111100101111
1111001001111101011111111100101111111100011111101101100111110110111111111111011001101001111100101111
1011001001101001001111111111101110110110011111101101101111111110111111111111011001101011111101101011
1111001001111101111111111100101110111110011111101101110111100111110111011111011001101010111100111111
1011001001111111011111111111101110111100110111101101100111110111111111011111011001101011101101111011
0111001011111001011111111100111111111000111111101101111101101111111111111101111001101011101100101101
1111001001101111011111111100101110111100111111101101111111111110111111111111011001101011111101101111
1111001001111101011111111100101110111000011011101101101111111111111101111111100001101011101100101111
1111101001101101111111111100101110111110111111101101011111100110111101111110010001101011111100101011
1111101001101101011011111111101100111010111111101101100111110111111111111111011001101011111100101011
1011001001111111011111111110101111111000111111101101111111110110111111011111011101101010111101101111
1111001011101101011111111110101110110110110011101101110111000110111111111111111001101011101100101001
1111101001111111101111111111101111110100011111101111110111110111111111111111010001101001101101101011
1111001001101111011111111111111110111000111111101100100111101111111111111111011001101001111101111111
1111001001101111011111111110101110110110111111101101111111111110110111011111011101101011111101101001
1111001001101101011111111110111110111000111111001101111111110110110111110111011101101011101101101111
1111001011101111011111110100111111111010011111101101111111100110110101111111011001100111111100101101
1111001001111001011111111111111111111010110111101101101111100110110111111111011001101011111100101011
1111001011111101111111111100111111111000011111101101110111110111110111111111011101101011101100101101
1111001011101111001111111110111111111000110111101101000111110111111111111111010101101011111101101001
1111001011101001011011111110101111110110010111101101101111100111111111111111011101101011011100111101
1111001001101011011111111100101111111110010111101101111111100110111111110111011101101011011100101111
1111011011111001111111111101101110111110111111101101110111110111111101111111010001101001101100111101
1111001011101111011111111110101110111100111011101111100111100110111111111111011100101011111101101101
1111001001111111111111110111101111110110110111101111111111100110111111111111011001101001101100101011
1111001011111101111111111100101111111000010110101111100111110111111111111111111001101001101101110101
0111001001111111111111111111101111111010011111101101111011100110111111111111011001101011111100111011
1011011001111001101111111110101110111010011011101101101111110110111101110111011101101011111100111111
0111001001111111011111111110101110111110111111101101110111100110111111111111011101101011111100100111
1011001001111011011111111110111111111010011111101101011111100111110111111111011101101011111100101111
