1230.0 -8.4
1450.0 -13.2
1450.0 -13.2
1940.0 -15.6
2420.0 -19.2
2420.0 -19.2
2910.0 -21.6
2910.0 -21.6
3160.0 -25.2
3160.0 -25.2
3330.0 -27.6
3760.0 -28.8
3890.0 -30.0
3970.0 -31.2
3970.0 -31.2
4140.0 -33.6
4140.0 -33.6
4630.0 -36.0
4630.0 -36.0
4990.0 -37.2
5110.0 -39.6
5110.0 -39.6
5370.0 -42.0
5370.0 -42.0
5730.0 -43.2
5730.0 -43.2
6130.0 -45.6
6280.0 -46.8
6340.0 -48.0
6680.0 -49.2
6680.0 -49.2
6940.0 -50.4
6940.0 -50.4
7200.0 -51.6
7310.0 -52.8
7420.0 -55.2
7420.0 -55.2
7680.0 -57.6
7680.0 -57.6
8420.0 -61.2
8420.0 -61.2
8650.0 -63.6
8650.0 -63.6
9250.0 -66.0
9250.0 -66.0
9450.0 -67.2
9450.0 -67.2
9650.0 -69.6
9650.0 -69.6
10220.0 -72.0
10220.0 -72.0
10680.0 -75.6
10680.0 -75.6
11220.0 -78.0
11220.0 -78.0
11950.0 -79.2
11950.0 -79.2
12250.0 -84.0
12250.0 -84.0
12950.0 -85.2
12950.0 -85.2
13980.0 -91.2
13980.0 -91.2
15650.0 -92.4
15795.0 -96.0
15880.0 -97.2
15880.0 -97.2
16880.0 -100.8
16880.0 -100.8
17580.0 -102.0
17580.0 -102.0
17915.0 -103.2
17915.0 -103.2
18610.0 -108.0
18610.0 -108.0
20510.0 -114.0
20510.0 -114.0
22325.0 -118.8
22545.0 -120.0
22545.0 -120.0
24360.0 -124.8
24360.0 -124.8
24895.0 -126.0
24895.0 -126.0
26335.0 -129.6
26335.0 -129.6
26710.0 -130.8
26710.0 -130.8
28240.0 -134.4
28240.0 -134.4
28625.0 -135.6
28625.0 -135.6
30275.0 -140.4
30275.0 -140.4
30975.0 -141.6
30975.0 -141.6
32540.0 -145.2
32540.0 -145.2
32625.0 -146.4
32625.0 -146.4
