0000000000000100000000000
0000000000000000000000110
0000000000000000000000110
0000000000000100000000100
0000000000000000000001101
0000000000000000000001101
0000000000000100000000101
0000000000000100000000101
0000000000000000000001111
0000000000000000000001111
0000000001000000000001110
0000000000000011000000110
0000000001100100000000100
0000000000100000000001111
0000000000100000000001111
0000000001100000000001110
0000000001100000000001110
0000000001100100000000110
0000000001100100000000110
0000000000000111000000110
0000000001100000000001111
0000000001100000000001111
0000000001100100000001110
0000000001100100000001110
0000000000000111000001110
0000000000000111000001110
0000000001000111000000110
0000000000100011000001111
0000000001100100000001111
0000000001100011000001101
0000000001100011000000111
0000000011100100000001110
0000000011100100000001110
0000000001100111100000100
0000010000100011000001111
0000000001100011000001111
0000000001100011000001111
0000000001100111000001110
0000000001100111000001110
0000000001100011100001111
0000000001100011100001111
0000000001100111000001111
0000000001100111000001111
0000000011100111000001110
0000000011100111000001110
0000010001100011100001111
0000010001100011100001111
0000000001100111100001111
0000000001100111100001111
0000000011100111000001111
0000000011100111000001111
0000010001100111100001111
0000010001100111100001111
0000000011100111100001111
0000000011100111100001111
1000000011100111000001111
1000000011100111000001111
0000010011100111100001111
0000010011100111100001111
1000000011100111100001111
1000000011100111100001111
1000010011100111100001111
1000010011100111100001111
0011110011100011100001111
1000010011101111100001111
1000010011100111110001111
1000010011100111110001111
0011110011100111100001111
0011110011100111100001111
1011100011100111100001111
1011100011100111100001111
1000010111100111110001111
1000010111100111110001111
1011110011100111100001111
1011110011100111100001111
1011110011100111110001111
1011110011100111110001111
1011110011101111110001111
1011110111100111110001111
1011110111100111110001111
1011110111101111110001111
1011110111101111110001111
1111110111100111110001111
1111110111100111110001111
1011110111101111110011111
1011110111101111110011111
1111110111101111110001111
1111110111101111110001111
1011111011100111111111111
1011111011100111111111111
1011111111100111110111111
1011111111100111110111111
1011111111100111111111111
1011111111100111111111111
1111111111100111110111111
1111111111100111110111111
1011111111110111111111111
1011111111110111111111111
1111111111100111111111111
1111111111100111111111111
