1140.0 -8.4
1140.0 -8.4
1450.0 -13.2
1450.0 -13.2
1850.0 -15.6
1850.0 -15.6
2190.0 -19.2
2190.0 -19.2
2590.0 -21.6
2590.0 -21.6
3000.0 -25.2
3000.0 -25.2
3330.0 -27.6
3330.0 -27.6
3760.0 -28.8
3820.0 -30.0
3970.0 -31.2
3970.0 -31.2
4140.0 -33.6
4140.0 -33.6
4500.0 -34.8
4560.0 -36.0
4900.0 -37.2
4900.0 -37.2
5110.0 -39.6
5110.0 -39.6
5310.0 -40.8
5370.0 -42.0
5710.0 -43.2
5710.0 -43.2
6130.0 -45.6
6130.0 -45.6
6280.0 -46.8
6340.0 -48.0
6450.0 -49.2
6450.0 -49.2
6870.0 -51.6
6870.0 -51.6
7280.0 -52.8
7280.0 -52.8
7420.0 -55.2
7420.0 -55.2
7680.0 -57.6
7680.0 -57.6
8420.0 -61.2
8420.0 -61.2
8650.0 -63.6
8650.0 -63.6
9410.0 -66.0
9410.0 -66.0
9450.0 -67.2
9450.0 -67.2
9650.0 -69.6
9650.0 -69.6
10220.0 -72.0
10220.0 -72.0
10680.0 -75.6
10680.0 -75.6
11220.0 -78.0
11220.0 -78.0
11950.0 -79.2
11950.0 -79.2
12250.0 -84.0
12250.0 -84.0
12950.0 -85.2
12950.0 -85.2
13980.0 -91.2
13980.0 -91.2
15310.0 -92.4
15310.0 -92.4
15795.0 -96.0
15880.0 -97.2
16880.0 -100.8
16880.0 -100.8
17610.0 -102.0
17610.0 -102.0
17915.0 -103.2
18610.0 -108.0
18610.0 -108.0
20755.0 -111.6
21685.0 -112.8
21685.0 -112.8
21965.0 -114.0
22715.0 -118.8
22715.0 -118.8
24615.0 -124.8
24615.0 -124.8
26505.0 -128.4
26505.0 -128.4
26590.0 -129.6
26965.0 -130.8
26965.0 -130.8
28770.0 -133.2
28770.0 -133.2
28940.0 -135.6
28940.0 -135.6
29000.0 -136.8
30670.0 -139.2
30975.0 -141.6
30975.0 -141.6
