2190.0 -19.2
2590.0 -21.6
3160.0 -25.2
3330.0 -27.6
4190.0 -31.2
4300.0 -33.6
4300.0 -33.6
4560.0 -36.0
4560.0 -36.0
4900.0 -37.2
4900.0 -37.2
5110.0 -39.6
5310.0 -40.8
5530.0 -42.0
5530.0 -42.0
5640.0 -43.2
5640.0 -43.2
6130.0 -45.6
6130.0 -45.6
6280.0 -46.8
6280.0 -46.8
6450.0 -49.2
6450.0 -49.2
6870.0 -51.6
6870.0 -51.6
7420.0 -55.2
7420.0 -55.2
7420.0 -55.2
7680.0 -57.6
7680.0 -57.6
8420.0 -61.2
8420.0 -61.2
8650.0 -63.6
8650.0 -63.6
9250.0 -66.0
9250.0 -66.0
9250.0 -66.0
9650.0 -69.6
9650.0 -69.6
10220.0 -72.0
10220.0 -72.0
10980.0 -73.2
10980.0 -73.2
11220.0 -78.0
11220.0 -78.0
11950.0 -79.2
11950.0 -79.2
11950.0 -79.2
12250.0 -84.0
12950.0 -85.2
12950.0 -85.2
12950.0 -85.2
14150.0 -90.0
14150.0 -90.0
14850.0 -91.2
14850.0 -91.2
14850.0 -91.2
15910.0 -94.8
16330.0 -97.2
16330.0 -97.2
16330.0 -97.2
16880.0 -100.8
17580.0 -102.0
17580.0 -102.0
17580.0 -102.0
18230.0 -103.2
18855.0 -104.4
18915.0 -106.8
19480.0 -108.0
20425.0 -112.8
20425.0 -112.8
20510.0 -114.0
22325.0 -118.8
22325.0 -118.8
22325.0 -118.8
22545.0 -120.0
22545.0 -120.0
22545.0 -120.0
24360.0 -124.8
26430.0 -129.6
26430.0 -129.6
26430.0 -129.6
26650.0 -130.8
26650.0 -130.8
28405.0 -134.4
28405.0 -134.4
28465.0 -135.6
28465.0 -135.6
29000.0 -136.8
30440.0 -140.4
30440.0 -140.4
30440.0 -140.4
32090.0 -145.2
32090.0 -145.2
32090.0 -145.2
33080.0 -146.4
34670.0 -150.0
35055.0 -151.2
35055.0 -151.2
35055.0 -151.2
