1940.0 -15.6
2260.0 -19.2
2680.0 -21.6
2680.0 -21.6
3020.0 -22.8
3230.0 -25.2
3400.0 -27.6
3760.0 -28.8
3820.0 -30.0
3820.0 -30.0
4230.0 -33.6
4230.0 -33.6
4500.0 -34.8
4560.0 -36.0
4900.0 -37.2
4900.0 -37.2
5110.0 -39.6
5110.0 -39.6
5310.0 -40.8
5370.0 -42.0
5370.0 -42.0
5730.0 -43.2
5730.0 -43.2
6130.0 -45.6
6130.0 -45.6
6280.0 -46.8
6340.0 -48.0
6340.0 -48.0
6450.0 -49.2
6450.0 -49.2
6870.0 -51.6
6870.0 -51.6
7280.0 -52.8
7280.0 -52.8
7370.0 -54.0
7420.0 -55.2
7420.0 -55.2
7680.0 -57.6
7680.0 -57.6
8420.0 -61.2
8420.0 -61.2
8650.0 -63.6
8650.0 -63.6
9250.0 -66.0
9250.0 -66.0
9450.0 -67.2
9450.0 -67.2
9650.0 -69.6
9650.0 -69.6
10220.0 -72.0
10220.0 -72.0
10680.0 -75.6
10680.0 -75.6
11220.0 -78.0
11220.0 -78.0
11950.0 -79.2
11950.0 -79.2
12250.0 -84.0
12250.0 -84.0
12950.0 -85.2
12950.0 -85.2
13980.0 -91.2
13980.0 -91.2
15310.0 -92.4
15310.0 -92.4
15880.0 -97.2
15880.0 -97.2
16880.0 -100.8
16880.0 -100.8
17640.0 -102.0
17640.0 -102.0
17915.0 -103.2
17915.0 -103.2
18610.0 -108.0
18610.0 -108.0
20425.0 -112.8
20425.0 -112.8
20510.0 -114.0
20510.0 -114.0
22325.0 -118.8
22325.0 -118.8
22545.0 -120.0
22545.0 -120.0
24300.0 -123.6
24300.0 -123.6
24360.0 -124.8
24360.0 -124.8
24895.0 -126.0
24895.0 -126.0
26565.0 -128.4
26650.0 -129.6
26650.0 -129.6
26710.0 -130.8
26710.0 -130.8
28600.0 -134.4
28600.0 -134.4
28685.0 -135.6
28685.0 -135.6
30950.0 -140.4
30950.0 -140.4
