2260.0 -19.2
3970.0 -31.2
4760.0 -34.8
5540.0 -38.4
5540.0 -38.4
5800.0 -40.8
5900.0 -43.2
5900.0 -43.2
6140.0 -45.6
6140.0 -45.6
6280.0 -46.8
6680.0 -49.2
7130.0 -50.4
7130.0 -50.4
7160.0 -51.6
7280.0 -52.8
7280.0 -52.8
7420.0 -55.2
7420.0 -55.2
7840.0 -57.6
7840.0 -57.6
8420.0 -61.2
8420.0 -61.2
8840.0 -63.6
8840.0 -63.6
9250.0 -66.0
9250.0 -66.0
9450.0 -67.2
9450.0 -67.2
9650.0 -69.6
9650.0 -69.6
10220.0 -72.0
10220.0 -72.0
10680.0 -75.6
10680.0 -75.6
11220.0 -78.0
11220.0 -78.0
11950.0 -79.2
11950.0 -79.2
12250.0 -84.0
12250.0 -84.0
12950.0 -85.2
12950.0 -85.2
12950.0 -85.2
13980.0 -91.2
13980.0 -91.2
13980.0 -91.2
15310.0 -92.4
15310.0 -92.4
15795.0 -96.0
15795.0 -96.0
15880.0 -97.2
15880.0 -97.2
16880.0 -100.8
16880.0 -100.8
16880.0 -100.8
17580.0 -102.0
17580.0 -102.0
17915.0 -103.2
17915.0 -103.2
18610.0 -108.0
18610.0 -108.0
20265.0 -109.2
20265.0 -109.2
20425.0 -112.8
20425.0 -112.8
20510.0 -114.0
20510.0 -114.0
20510.0 -114.0
22325.0 -118.8
22325.0 -118.8
22325.0 -118.8
22545.0 -120.0
22545.0 -120.0
24300.0 -123.6
24300.0 -123.6
24360.0 -124.8
24360.0 -124.8
26335.0 -129.6
26335.0 -129.6
26335.0 -129.6
26710.0 -130.8
26710.0 -130.8
28155.0 -133.2
28375.0 -134.4
28375.0 -134.4
28465.0 -135.6
30190.0 -139.2
30190.0 -139.2
30190.0 -139.2
30815.0 -141.6
30815.0 -141.6
32320.0 -144.0
32540.0 -145.2
32540.0 -145.2
32625.0 -146.4
32625.0 -146.4
34355.0 -150.0
34355.0 -150.0
34355.0 -150.0
