1110100000010000000000000000000001000001000000000010111100000010000010010110000
1110100000010000000000000000000001000001000000000010111100000010000010010110000
1110100000010000000000000000000001000001000000000010111100000010000010010110000
1110100000010000000000000000000001000001000000000010111100000010000010010110000
1110100000010000000000000000000001000001000000000010111100000010000010010110000
1110100000010000000000000000000001000001000000000010111100000010000010010110000
1110100000010000000000000000000001000001000000000010111100000010000010010110000
1110100000010000000000000000000001001000000000000010111100000010000010010110000
1110100000010000000000000000000001001000000000000010111100000010000010010110000
1110100000010000000000000000000001001000000000000010111100000010000010010110000
1110100000010000000000000000000001001000000000000010111100000010000010010110000
1110100000010000000000000000000001001000000000000010111100000010000010010110000
1110100000010000000000000000000001001000000000000010111100000010000010010110000
1110100000010000000000000000000001000001000000000010111001000010000010010110000
1110100000010000000000000000000001000001000000000010111001000010000010010110000
1110100000010000000000000000000001000001000000000010111001000010000010010110000
1110100000010000000000000000000001000001000000000010111001000010000010010110000
1110100000010000000000000000000001000001000000000010111001000010000010010110000
1110100000010000000000000000000001000001000000000010111001000010000010010110000
1110100000010000000000000000000001001000000000000010111001000010000010010110000
1110100000010000000000000000000001001000000000000010111001000010000010010110000
1110100000010000000000000000000001001000000000000010111001000010000010010110000
1110100000010000000000000000000001001000000000000010111001000010000010010110000
1110100000010000000000000000000001001000000000000010111001000010000010010110000
1110100000010000000000000000000001001000000000000010111001000010000010010110000
1110100000010000000000000000000001001000000000000010111001000010000010010110000
1111000000010000000000000000000001000001000000000010111100000010000010010110000
1111000000010000000000000000000001000001000000000010111100000010000010010110000
1111000000010000000000000000000001000001000000000010111100000010000010010110000
1111000000010000000000000000000001000001000000000010111100000010000010010110000
1111000000010000000000000000000001000001000000000010111100000010000010010110000
1111000000010000000000000000000001000001000000000010111100000010000010010110000
1111000000010000000000000000000001000001000000000010111100000010000010010110000
1110100000010000000000000000000001000001000000000010111100000010000010010110110
1110100000010000000000000000000001000001000000000010111100000010000010010110110
1110100000010000000000000000000001000001000000000010111100000010000010010110110
1110100000010000000000000000000001000001000000000010111100000010000010010110110
1110100000010000000000000000000001000001000000000010111100000010000010010110110
1110100000010000000000000000000001000001000000000010111100000010000010010110110
1110100000010000000000000000000001001000000000000010111100000010000010010110110
1110100000010000000000000000000001001000000000000010111100000010000010010110110
1110100000010000000000000000000001001000000000000010111100000010000010010110110
1110100000010000000000000000000001001000000000000010111100000010000010010110110
1110100000010000000000000000000001001000000000000010111100000010000010010110110
1110100000010000000000000000000001001000000000000010111100000010000010010110110
1110100000010000000000000000000001001000000000000010111100000010000010010110110
1110100000010000000000000000000001000001000000000010111001000010000010010110110
1110100000010000000000000000000001000001000000000010111001000010000010010110110
1110100000010000000000000000000001000001000000000010111001000010000010010110110
1110100000010000000000000000000001000001000000000010111001000010000010010110110
1110100000010000000000000000000001000001000000000010111001000010000010010110110
1110100000010000000000000000000001000001000000000010111001000010000010010110110
1110100000010000000000000000000001001000000000000010111001000010000010010110110
1110100000010000000000000000000001001000000000000010111001000010000010010110110
1110100000010000000000000000000001001000000000000010111001000010000010010110110
1110100000010000000000000000000001001000000000000010111001000010000010010110110
1110100000010000000000000000000001001000000000000010111001000010000010010110110
1110100000010000000000000000000001001000000000000010111001000010000010010110110
1110100000010000000000000000000001001000000000000010111001000010000010010110110
1111000000010000000000000000000001000001000000000010111100000010000010010110110
1111000000010000000000000000000001000001000000000010111100000010000010010110110
1111000000010000000000000000000001000001000000000010111100000010000010010110110
1111000000010000000000000000000001000001000000000010111100000010000010010110110
1111000000010000000000000000000001000001000000000010111100000010000010010110110
1111000000010000000000000000000001000001000000000010111100000010000010010110110
1111000000010000000000000000000001000001000000000010111100000010000010010110110
1110100000010000000000000000000001000001000000000010111100000010000010010110101
1110100000010000000000000000000001000001000000000010111100000010000010010110101
1110100000010000000000000000000001000001000000000010111100000010000010010110101
1110100000010000000000000000000001000001000000000010111100000010000010010110101
1110100000010000000000000000000001000001000000000010111100000010000010010110101
1110100000010000000000000000000001000001000000000010111100000010000010010110101
1110100000010000000000000000000001000001000000000010111100000010000010010110101
1110100000010000000000000000000001001000000000000010111100000010000010010110101
1110100000010000000000000000000001001000000000000010111100000010000010010110101
1110100000010000000000000000000001001000000000000010111100000010000010010110101
1110100000010000000000000000000001001000000000000010111100000010000010010110101
1110100000010000000000000000000001001000000000000010111100000010000010010110101
1110100000010000000000000000000001001000000000000010111100000010000010010110101
1110100000010000000000000000000001001000000000000010111100000010000010010110101
1110100000010000000000000000000001000001000000000010111001000010000010010110101
1110100000010000000000000000000001000001000000000010111001000010000010010110101
1110100000010000000000000000000001000001000000000010111001000010000010010110101
1110100000010000000000000000000001000001000000000010111001000010000010010110101
1110100000010000000000000000000001000001000000000010111001000010000010010110101
1110100000010000000000000000000001000001000000000010111001000010000010010110101
1110100000010000000000000000000001001000000000000010111001000010000010010110101
1110100000010000000000000000000001001000000000000010111001000010000010010110101
1110100000010000000000000000000001001000000000000010111001000010000010010110101
1110100000010000000000000000000001001000000000000010111001000010000010010110101
1110100000010000000000000000000001001000000000000010111001000010000010010110101
1110100000010000000000000000000001001000000000000010111001000010000010010110101
1110100000010000000000000000000001001000000000000010111001000010000010010110101
1111000000010000000000000000000001000001000000000010111100000010000010010110101
1111000000010000000000000000000001000001000000000010111100000010000010010110101
1111000000010000000000000000000001000001000000000010111100000010000010010110101
1111000000010000000000000000000001000001000000000010111100000010000010010110101
1111000000010000000000000000000001000001000000000010111100000010000010010110101
1111000000010000000000000000000001000001000000000010111100000010000010010110101
1111000000010000000000000000000001000001000000000010111100000010000010010110101
