987.0 -18636.0
1060.0 -19332.0
1072.0 -18780.0
1086.0 -24072.0
1155.0 -16296.0
1162.0 -22968.0
1173.0 -20148.0
1175.0 -22356.0
1188.0 -22836.0
1191.0 -24180.0
1195.0 -22368.0
1195.0 -20136.0
1199.0 -21264.0
1217.0 -20748.0
1233.0 -23868.0
1239.0 -21696.0
1240.0 -22716.0
1241.0 -21276.0
1253.0 -19488.0
1254.0 -24888.0
1258.0 -21576.0
1259.0 -21900.0
1260.0 -21312.0
1261.0 -18528.0
1261.0 -19908.0
1262.0 -21936.0
1265.0 -24732.0
1268.0 -20832.0
1268.0 -24852.0
1275.0 -23484.0
1278.0 -23628.0
1309.0 -26616.0
1310.0 -16800.0
1311.0 -24516.0
1312.0 -23820.0
1312.0 -26796.0
1318.0 -27684.0
1319.0 -20292.0
1326.0 -21156.0
1332.0 -22620.0
1334.0 -19476.0
1339.0 -25320.0
1345.0 -16764.0
1346.0 -17412.0
1346.0 -19272.0
1347.0 -20340.0
1347.0 -23460.0
1353.0 -21900.0
1356.0 -25356.0
1357.0 -24240.0
1358.0 -21084.0
1361.0 -20256.0
1361.0 -19296.0
1367.0 -21324.0
1369.0 -24660.0
1370.0 -23880.0
1373.0 -21648.0
1374.0 -23268.0
1376.0 -23052.0
1376.0 -20964.0
1376.0 -18936.0
1377.0 -24036.0
1378.0 -25056.0
1379.0 -20916.0
1379.0 -25248.0
1381.0 -20256.0
1381.0 -19404.0
1382.0 -23916.0
1384.0 -23544.0
1385.0 -20916.0
1385.0 -26472.0
1386.0 -23760.0
1388.0 -18168.0
1391.0 -20880.0
1393.0 -22764.0
1394.0 -27300.0
1395.0 -21528.0
1398.0 -21072.0
1399.0 -20424.0
1402.0 -21348.0
1405.0 -23376.0
1411.0 -22776.0
1413.0 -20112.0
1414.0 -24408.0
1415.0 -21888.0
1416.0 -23424.0
1420.0 -20436.0
1421.0 -20592.0
1421.0 -24672.0
1422.0 -21252.0
1423.0 -21960.0
1425.0 -23328.0
1426.0 -22908.0
1427.0 -27852.0
1429.0 -22344.0
1434.0 -24312.0
1437.0 -24828.0
1437.0 -24348.0
1439.0 -21816.0
1440.0 -25536.0
1441.0 -23508.0
1442.0 -18420.0
1442.0 -21900.0
1443.0 -27408.0
1443.0 -23892.0
1444.0 -24000.0
1447.0 -23292.0
1448.0 -21372.0
1449.0 -23880.0
1450.0 -24228.0
1452.0 -25008.0
1453.0 -21696.0
1454.0 -19224.0
1455.0 -24600.0
1456.0 -20136.0
1456.0 -20244.0
1459.0 -27540.0
1459.0 -24516.0
1459.0 -23892.0
1459.0 -23832.0
1462.0 -19800.0
1467.0 -22896.0
1469.0 -15960.0
1469.0 -24756.0
1470.0 -21204.0
1470.0 -27144.0
1470.0 -21096.0
1474.0 -26304.0
1475.0 -22824.0
1476.0 -21828.0
1478.0 -28176.0
1481.0 -17736.0
1482.0 -27756.0
1484.0 -21576.0
1484.0 -24156.0
1485.0 -24504.0
1485.0 -23040.0
1485.0 -29820.0
1485.0 -27984.0
1488.0 -22824.0
1489.0 -23556.0
1490.0 -22128.0
1490.0 -24900.0
1491.0 -27708.0
1491.0 -19488.0
1492.0 -31260.0
1494.0 -24300.0
1495.0 -21336.0
1495.0 -17652.0
1496.0 -23184.0
1503.0 -22884.0
1503.0 -21672.0
1504.0 -19668.0
1505.0 -27696.0
1505.0 -24648.0
1506.0 -23316.0
1506.0 -20436.0
1507.0 -26700.0
1507.0 -19920.0
1507.0 -26856.0
1507.0 -25272.0
1509.0 -21540.0
1513.0 -20652.0
1513.0 -27780.0
1513.0 -24180.0
1513.0 -22560.0
1514.0 -24444.0
1514.0 -28560.0
1517.0 -23688.0
1518.0 -22188.0
1519.0 -25452.0
1519.0 -22620.0
1520.0 -26184.0
1522.0 -22920.0
1525.0 -21588.0
1529.0 -22272.0
1529.0 -24132.0
1530.0 -26532.0
1530.0 -22392.0
1533.0 -23616.0
1534.0 -21264.0
1536.0 -21612.0
1536.0 -22260.0
1538.0 -19836.0
1539.0 -23892.0
1540.0 -27612.0
1540.0 -25704.0
1541.0 -20460.0
1541.0 -28128.0
1541.0 -20064.0
1542.0 -27552.0
1543.0 -23256.0
1543.0 -20472.0
1544.0 -21408.0
1545.0 -21972.0
1546.0 -18348.0
1546.0 -21924.0
1546.0 -25080.0
1547.0 -21516.0
1548.0 -18648.0
1548.0 -23184.0
1549.0 -20820.0
1549.0 -18732.0
1550.0 -20316.0
1550.0 -19164.0
1550.0 -28728.0
1550.0 -21840.0
1551.0 -23268.0
1552.0 -25476.0
1554.0 -24084.0
1554.0 -23232.0
1554.0 -22692.0
1556.0 -24936.0
1557.0 -20520.0
1557.0 -21492.0
1558.0 -24612.0
1559.0 -20592.0
1559.0 -27672.0
1559.0 -18792.0
1559.0 -23964.0
1560.0 -25776.0
1560.0 -23268.0
1560.0 -22044.0
1561.0 -28680.0
1561.0 -23796.0
1562.0 -19068.0
1563.0 -28608.0
1563.0 -25980.0
1564.0 -20784.0
1564.0 -23796.0
1564.0 -24120.0
1564.0 -24792.0
1565.0 -26352.0
1565.0 -21840.0
1566.0 -20340.0
1566.0 -26760.0
1567.0 -22908.0
1567.0 -23904.0
1568.0 -22440.0
1568.0 -18324.0
1568.0 -25452.0
1570.0 -23472.0
1571.0 -23520.0
1572.0 -27732.0
1573.0 -24876.0
1574.0 -24540.0
1575.0 -22176.0
1576.0 -27312.0
1576.0 -21996.0
1576.0 -22368.0
1577.0 -18996.0
1580.0 -24948.0
1580.0 -18492.0
1581.0 -20232.0
1581.0 -20796.0
1581.0 -20412.0
1582.0 -23664.0
1582.0 -22872.0
1582.0 -24096.0
1583.0 -20052.0
1583.0 -20364.0
1585.0 -27984.0
1586.0 -22284.0
1586.0 -26016.0
1586.0 -28212.0
1587.0 -21576.0
1587.0 -22116.0
1588.0 -19740.0
1589.0 -22392.0
1589.0 -16296.0
1589.0 -23100.0
1590.0 -19116.0
1590.0 -25356.0
1592.0 -27948.0
1594.0 -25500.0
1594.0 -24504.0
1595.0 -23196.0
1595.0 -20940.0
1596.0 -22488.0
1596.0 -20784.0
1597.0 -24828.0
1597.0 -27600.0
1597.0 -19440.0
1597.0 -24768.0
1598.0 -21552.0
1598.0 -24816.0
1599.0 -21996.0
1600.0 -20856.0
1601.0 -23712.0
1601.0 -19524.0
1601.0 -25440.0
1602.0 -19692.0
1603.0 -23952.0
1603.0 -24576.0
1603.0 -26364.0
1605.0 -20832.0
1606.0 -23304.0
1606.0 -23328.0
1606.0 -21444.0
1606.0 -25488.0
1607.0 -25116.0
1607.0 -24168.0
1608.0 -18696.0
1609.0 -22872.0
1610.0 -22596.0
1610.0 -22320.0
1611.0 -23604.0
1611.0 -23928.0
1612.0 -26148.0
1613.0 -22044.0
1614.0 -20964.0
1615.0 -23304.0
1615.0 -24492.0
1615.0 -23448.0
1616.0 -22836.0
1617.0 -22488.0
1617.0 -20868.0
1618.0 -22392.0
1619.0 -26556.0
1619.0 -20352.0
1619.0 -17880.0
1620.0 -27012.0
1621.0 -19560.0
1622.0 -20364.0
1622.0 -18588.0
1622.0 -26304.0
1624.0 -27636.0
1624.0 -22488.0
1624.0 -28536.0
1625.0 -26904.0
1625.0 -26316.0
1626.0 -21564.0
1626.0 -27144.0
1626.0 -25488.0
1627.0 -22956.0
1627.0 -26316.0
1628.0 -23016.0
1628.0 -22968.0
1629.0 -19452.0
1629.0 -31104.0
1629.0 -23532.0
1629.0 -19824.0
1630.0 -23592.0
1630.0 -16740.0
1630.0 -25776.0
1630.0 -29028.0
1631.0 -19848.0
1631.0 -22452.0
1632.0 -23916.0
1634.0 -24876.0
1635.0 -25032.0
1635.0 -21060.0
1635.0 -19836.0
1636.0 -24984.0
1636.0 -24720.0
1637.0 -17244.0
1638.0 -21012.0
1638.0 -26364.0
1638.0 -18696.0
1639.0 -26484.0
1640.0 -20784.0
1640.0 -18816.0
1641.0 -22212.0
1642.0 -23892.0
1643.0 -23916.0
1644.0 -21348.0
1645.0 -27168.0
1645.0 -27648.0
1645.0 -21072.0
1646.0 -21000.0
1646.0 -22572.0
1647.0 -21984.0
1647.0 -27660.0
1647.0 -22872.0
1648.0 -23340.0
1649.0 -29292.0
1649.0 -22440.0
1650.0 -23388.0
1650.0 -20004.0
1650.0 -18072.0
1650.0 -23328.0
1650.0 -27840.0
1651.0 -16944.0
1651.0 -23280.0
1651.0 -25272.0
1652.0 -23028.0
1653.0 -22740.0
1654.0 -21552.0
1654.0 -24072.0
1654.0 -28944.0
1654.0 -25248.0
1654.0 -25956.0
1655.0 -27192.0
1655.0 -22608.0
1655.0 -24516.0
1656.0 -22896.0
1656.0 -21396.0
1656.0 -27564.0
1657.0 -18660.0
1657.0 -24000.0
1657.0 -21096.0
1657.0 -22884.0
1658.0 -25740.0
1658.0 -25428.0
1659.0 -22500.0
1659.0 -21120.0
1660.0 -19440.0
1660.0 -23388.0
1660.0 -25968.0
1660.0 -22884.0
1661.0 -21936.0
1661.0 -25740.0
1661.0 -26928.0
1662.0 -20136.0
1662.0 -24000.0
1662.0 -21252.0
1662.0 -25272.0
1663.0 -22656.0
1664.0 -28104.0
1666.0 -22764.0
1666.0 -24084.0
1666.0 -23460.0
1666.0 -25968.0
1667.0 -25920.0
1667.0 -26808.0
1667.0 -21276.0
1667.0 -24384.0
1668.0 -22536.0
1668.0 -18768.0
1668.0 -22536.0
1669.0 -25392.0
1669.0 -17556.0
1669.0 -26736.0
1670.0 -20232.0
1670.0 -24972.0
1671.0 -21684.0
1673.0 -27852.0
1673.0 -25668.0
1674.0 -23460.0
1674.0 -19320.0
1675.0 -20412.0
1676.0 -28020.0
1676.0 -21480.0
1676.0 -27564.0
1676.0 -27960.0
1676.0 -21192.0
1677.0 -22500.0
1677.0 -26256.0
1677.0 -22116.0
1678.0 -24768.0
1678.0 -27192.0
1678.0 -26016.0
1679.0 -20580.0
1679.0 -23256.0
1680.0 -25836.0
1680.0 -28464.0
1680.0 -28416.0
1680.0 -20556.0
1682.0 -24684.0
1682.0 -26244.0
1683.0 -24084.0
1685.0 -19992.0
1685.0 -25464.0
1685.0 -22872.0
1685.0 -22824.0
1686.0 -24600.0
1686.0 -25032.0
1686.0 -24732.0
1687.0 -21948.0
1687.0 -23160.0
1688.0 -26100.0
1689.0 -29412.0
1690.0 -21468.0
1690.0 -26880.0
1690.0 -23220.0
1691.0 -24696.0
1692.0 -23652.0
1692.0 -25512.0
1692.0 -22860.0
1693.0 -25716.0
1693.0 -25728.0
1693.0 -21588.0
1693.0 -23352.0
1693.0 -19020.0
1693.0 -26196.0
1694.0 -22224.0
1696.0 -18756.0
1696.0 -29688.0
1696.0 -22800.0
1696.0 -22176.0
1697.0 -24180.0
1697.0 -18492.0
1697.0 -28224.0
1698.0 -28764.0
1698.0 -25932.0
1699.0 -24444.0
1699.0 -27888.0
1699.0 -23328.0
1700.0 -24036.0
1700.0 -19224.0
1701.0 -20088.0
1701.0 -23340.0
1701.0 -21288.0
1702.0 -25740.0
1702.0 -20556.0
1702.0 -30036.0
1703.0 -27132.0
1704.0 -23808.0
1704.0 -23796.0
1704.0 -20160.0
1705.0 -28464.0
1705.0 -24828.0
1705.0 -26700.0
1705.0 -25380.0
1706.0 -24912.0
1706.0 -26676.0
1706.0 -26736.0
1707.0 -26160.0
1707.0 -21528.0
1708.0 -26460.0
1708.0 -20808.0
1708.0 -21072.0
1709.0 -26652.0
1710.0 -27120.0
1710.0 -26328.0
1710.0 -23460.0
1712.0 -25464.0
1712.0 -23424.0
1712.0 -25212.0
1713.0 -25560.0
1713.0 -27024.0
1713.0 -23916.0
1713.0 -24000.0
1714.0 -21504.0
1715.0 -26928.0
1715.0 -21024.0
1716.0 -24528.0
1716.0 -26040.0
1717.0 -20532.0
1717.0 -20064.0
1717.0 -26508.0
1717.0 -24204.0
1717.0 -26592.0
1717.0 -26568.0
1718.0 -26448.0
1718.0 -25392.0
1719.0 -24216.0
1719.0 -25104.0
1719.0 -21864.0
1720.0 -24624.0
1720.0 -23460.0
1721.0 -20220.0
1721.0 -23088.0
1721.0 -21708.0
1721.0 -29040.0
1722.0 -27672.0
1723.0 -30480.0
1725.0 -24396.0
1725.0 -25200.0
1725.0 -27036.0
1726.0 -20196.0
1726.0 -22908.0
1726.0 -26820.0
1727.0 -23004.0
1727.0 -23496.0
1727.0 -25620.0
1727.0 -26952.0
1727.0 -25560.0
1727.0 -26604.0
1727.0 -23652.0
1728.0 -27528.0
1728.0 -21552.0
1729.0 -26136.0
1729.0 -22020.0
1729.0 -25956.0
1731.0 -23220.0
1731.0 -23292.0
1732.0 -22188.0
1732.0 -18012.0
1733.0 -27048.0
1733.0 -22776.0
1733.0 -25320.0
1733.0 -21852.0
1733.0 -20148.0
1734.0 -16488.0
1734.0 -21168.0
1735.0 -32136.0
1735.0 -23316.0
1738.0 -26640.0
1738.0 -23928.0
1738.0 -25572.0
1738.0 -24096.0
1739.0 -30924.0
1740.0 -26292.0
1740.0 -26328.0
1741.0 -26112.0
1742.0 -27468.0
1742.0 -28008.0
1742.0 -23388.0
1743.0 -23280.0
1744.0 -22044.0
1744.0 -22284.0
1744.0 -26424.0
1744.0 -23160.0
1744.0 -27960.0
1744.0 -24024.0
1744.0 -24612.0
1744.0 -19872.0
1746.0 -25704.0
1746.0 -24336.0
1747.0 -24600.0
1747.0 -31080.0
1747.0 -22812.0
1747.0 -21744.0
1747.0 -22776.0
1748.0 -24060.0
1749.0 -26124.0
1749.0 -25584.0
1749.0 -25020.0
1749.0 -21168.0
1749.0 -21888.0
1750.0 -22788.0
1751.0 -23604.0
1751.0 -24156.0
1751.0 -27504.0
1752.0 -22752.0
1752.0 -20652.0
1752.0 -25968.0
1752.0 -26160.0
1753.0 -21972.0
1753.0 -23832.0
1754.0 -26388.0
1756.0 -25068.0
1756.0 -24084.0
1756.0 -26136.0
1758.0 -21408.0
1759.0 -19608.0
1759.0 -22500.0
1759.0 -26820.0
1760.0 -27372.0
1760.0 -23988.0
1760.0 -28152.0
1760.0 -25848.0
1760.0 -21072.0
1760.0 -19524.0
1760.0 -19128.0
1761.0 -22956.0
1761.0 -29484.0
1761.0 -22908.0
1761.0 -25608.0
1762.0 -22644.0
1763.0 -22908.0
1765.0 -22860.0
1765.0 -23640.0
1765.0 -25428.0
1766.0 -28836.0
1766.0 -27696.0
1766.0 -21900.0
1767.0 -22632.0
1768.0 -27420.0
1769.0 -18756.0
1769.0 -27288.0
1769.0 -19308.0
1769.0 -28476.0
1769.0 -22476.0
1770.0 -24204.0
1770.0 -20988.0
1771.0 -27120.0
1772.0 -22248.0
1772.0 -23904.0
1772.0 -23892.0
1772.0 -20424.0
1772.0 -23388.0
1773.0 -27000.0
1773.0 -28908.0
1773.0 -24624.0
1773.0 -23844.0
1773.0 -24888.0
1774.0 -26808.0
1774.0 -23304.0
1774.0 -23184.0
1775.0 -28596.0
1775.0 -25848.0
1775.0 -26400.0
1776.0 -24672.0
1776.0 -21972.0
1776.0 -19704.0
1776.0 -27984.0
1777.0 -27840.0
1777.0 -23940.0
1777.0 -23772.0
1778.0 -20040.0
1778.0 -23208.0
1778.0 -24744.0
1778.0 -20724.0
1778.0 -25572.0
1778.0 -18924.0
1779.0 -22764.0
1780.0 -26088.0
1780.0 -20784.0
1781.0 -23880.0
1782.0 -23988.0
1782.0 -26316.0
1783.0 -25392.0
1783.0 -24948.0
1783.0 -22536.0
1784.0 -30360.0
1785.0 -21900.0
1785.0 -24552.0
1786.0 -21312.0
1786.0 -23232.0
1786.0 -22116.0
1786.0 -19404.0
1787.0 -27612.0
1787.0 -22572.0
1788.0 -21744.0
1788.0 -27972.0
1788.0 -22212.0
1788.0 -27444.0
1788.0 -22200.0
1789.0 -24840.0
1789.0 -25428.0
1790.0 -23136.0
1791.0 -25320.0
1791.0 -25824.0
1791.0 -23544.0
1791.0 -21024.0
1792.0 -26928.0
1792.0 -26832.0
1793.0 -24612.0
1793.0 -24048.0
1794.0 -21408.0
1795.0 -24516.0
1795.0 -24852.0
1796.0 -28896.0
1796.0 -26280.0
1796.0 -22200.0
1797.0 -24240.0
1797.0 -23268.0
1797.0 -26040.0
1797.0 -25860.0
1798.0 -26544.0
1798.0 -19800.0
1799.0 -25524.0
1800.0 -21624.0
1800.0 -25116.0
1800.0 -23412.0
1801.0 -23568.0
1802.0 -22608.0
1802.0 -21360.0
1802.0 -27228.0
1802.0 -24156.0
1803.0 -25932.0
1803.0 -25668.0
1804.0 -23652.0
1804.0 -31176.0
1804.0 -23832.0
1805.0 -25428.0
1806.0 -27000.0
1806.0 -19656.0
1806.0 -22776.0
1809.0 -23364.0
1810.0 -23856.0
1810.0 -21192.0
1811.0 -24276.0
1812.0 -24732.0
1812.0 -26328.0
1812.0 -22704.0
1812.0 -22272.0
1813.0 -28752.0
1814.0 -19332.0
1814.0 -24252.0
1814.0 -26544.0
1815.0 -22680.0
1815.0 -23736.0
1815.0 -24228.0
1816.0 -23952.0
1817.0 -21960.0
1817.0 -29700.0
1817.0 -23328.0
1818.0 -24000.0
1819.0 -26688.0
1819.0 -28368.0
1819.0 -24936.0
1820.0 -18108.0
1820.0 -23988.0
1821.0 -18936.0
1822.0 -21312.0
1824.0 -22668.0
1824.0 -22776.0
1825.0 -24012.0
1825.0 -23340.0
1826.0 -23820.0
1826.0 -28740.0
1826.0 -24552.0
1826.0 -24192.0
1826.0 -26868.0
1826.0 -27540.0
1827.0 -25692.0
1827.0 -20808.0
1829.0 -21432.0
1829.0 -20304.0
1829.0 -26076.0
1831.0 -24744.0
1832.0 -23724.0
1832.0 -19740.0
1833.0 -24564.0
1833.0 -25260.0
1833.0 -26568.0
1833.0 -24084.0
1834.0 -26940.0
1834.0 -21384.0
1834.0 -23460.0
1834.0 -25392.0
1834.0 -20760.0
1834.0 -27540.0
1835.0 -24960.0
1836.0 -24756.0
1837.0 -23376.0
1837.0 -23892.0
1837.0 -23208.0
1838.0 -23580.0
1838.0 -30372.0
1839.0 -23232.0
1840.0 -23604.0
1840.0 -25908.0
1840.0 -20124.0
1840.0 -21036.0
1841.0 -23280.0
1841.0 -25092.0
1841.0 -21420.0
1841.0 -29868.0
1841.0 -26580.0
1842.0 -27840.0
1842.0 -24648.0
1842.0 -22740.0
1843.0 -28728.0
1843.0 -27420.0
1843.0 -26508.0
1843.0 -24600.0
1845.0 -30696.0
1845.0 -25572.0
1846.0 -24108.0
1847.0 -27120.0
1847.0 -23928.0
1847.0 -21588.0
1849.0 -20388.0
1849.0 -22368.0
1849.0 -20544.0
1849.0 -21672.0
1849.0 -21672.0
1850.0 -21120.0
1850.0 -25668.0
1850.0 -24660.0
1850.0 -18420.0
1850.0 -26556.0
1852.0 -21348.0
1853.0 -25668.0
1853.0 -24492.0
1853.0 -20748.0
1854.0 -27996.0
1854.0 -28524.0
1855.0 -20004.0
1855.0 -25680.0
1855.0 -25452.0
1855.0 -24048.0
1856.0 -25536.0
1857.0 -25416.0
1857.0 -25860.0
1858.0 -22416.0
1858.0 -23376.0
1859.0 -23676.0
1859.0 -25356.0
1859.0 -29508.0
1860.0 -24576.0
1860.0 -26412.0
1860.0 -24816.0
1860.0 -21132.0
1861.0 -27660.0
1861.0 -29496.0
1861.0 -26148.0
1862.0 -25284.0
1862.0 -23796.0
1863.0 -28896.0
1864.0 -22920.0
1864.0 -25728.0
1865.0 -27660.0
1866.0 -29364.0
1867.0 -26928.0
1867.0 -25896.0
1867.0 -22500.0
1868.0 -23640.0
1868.0 -26172.0
1868.0 -22644.0
1868.0 -20604.0
1869.0 -24024.0
1870.0 -23040.0
1871.0 -25500.0
1872.0 -24864.0
1872.0 -22236.0
1872.0 -26052.0
1873.0 -25128.0
1874.0 -30384.0
1874.0 -23148.0
1874.0 -22584.0
1874.0 -25812.0
1874.0 -27312.0
1875.0 -23844.0
1875.0 -25044.0
1875.0 -22968.0
1876.0 -23316.0
1876.0 -26448.0
1876.0 -24960.0
1877.0 -24156.0
1877.0 -28884.0
1878.0 -31236.0
1878.0 -21744.0
1878.0 -24708.0
1879.0 -26076.0
1879.0 -25896.0
1880.0 -23148.0
1880.0 -24732.0
1880.0 -27720.0
1880.0 -25212.0
1881.0 -29160.0
1881.0 -21168.0
1881.0 -22092.0
1881.0 -26340.0
1882.0 -24192.0
1882.0 -22860.0
1883.0 -29436.0
1883.0 -27048.0
1883.0 -23364.0
1884.0 -26016.0
1884.0 -24600.0
1884.0 -21444.0
1884.0 -23076.0
1885.0 -27948.0
1885.0 -24144.0
1886.0 -25656.0
1886.0 -29952.0
1886.0 -18672.0
1887.0 -25596.0
1888.0 -24720.0
1888.0 -29928.0
1889.0 -24540.0
1890.0 -23328.0
1890.0 -22788.0
1892.0 -26784.0
1892.0 -22692.0
1892.0 -21480.0
1893.0 -28788.0
1893.0 -19656.0
1893.0 -25992.0
1893.0 -19236.0
1894.0 -24252.0
1894.0 -26460.0
1895.0 -21924.0
1895.0 -24900.0
1895.0 -26748.0
1896.0 -26028.0
1896.0 -26004.0
1897.0 -25980.0
1897.0 -24468.0
1899.0 -24120.0
1899.0 -25392.0
1899.0 -24540.0
1900.0 -26964.0
1900.0 -21972.0
1901.0 -25956.0
1901.0 -28176.0
1901.0 -23976.0
1902.0 -24108.0
1903.0 -24348.0
1903.0 -26148.0
1903.0 -25560.0
1905.0 -27012.0
1906.0 -22440.0
1907.0 -22068.0
1908.0 -23868.0
1908.0 -29640.0
1909.0 -28740.0
1909.0 -27768.0
1910.0 -26484.0
1911.0 -22620.0
1913.0 -25860.0
1913.0 -22320.0
1913.0 -31404.0
1913.0 -26040.0
1914.0 -24576.0
1915.0 -24372.0
1915.0 -23136.0
1916.0 -27732.0
1916.0 -25656.0
1918.0 -20364.0
1918.0 -24996.0
1919.0 -28068.0
1919.0 -29544.0
1920.0 -21024.0
1920.0 -17856.0
1922.0 -22380.0
1922.0 -25572.0
1922.0 -22824.0
1923.0 -26136.0
1923.0 -21840.0
1924.0 -25416.0
1925.0 -27960.0
1925.0 -25152.0
1925.0 -30336.0
1925.0 -24048.0
1926.0 -21576.0
1926.0 -22728.0
1926.0 -27120.0
1926.0 -24192.0
1926.0 -25380.0
1926.0 -26904.0
1927.0 -29148.0
1927.0 -22200.0
1927.0 -25536.0
1927.0 -25944.0
1928.0 -23232.0
1928.0 -28680.0
1928.0 -24528.0
1929.0 -21996.0
1931.0 -25020.0
1931.0 -24540.0
1932.0 -27672.0
1932.0 -25356.0
1932.0 -27516.0
1933.0 -28080.0
1933.0 -21528.0
1933.0 -22152.0
1934.0 -28212.0
1934.0 -26616.0
1934.0 -28272.0
1934.0 -23940.0
1935.0 -25212.0
1935.0 -27144.0
1935.0 -24660.0
1935.0 -22008.0
1936.0 -27564.0
1936.0 -24384.0
1937.0 -30144.0
1937.0 -28584.0
1937.0 -24996.0
1937.0 -24456.0
1938.0 -24072.0
1938.0 -22536.0
1939.0 -26592.0
1940.0 -21060.0
1940.0 -23676.0
1940.0 -28500.0
1941.0 -23568.0
1941.0 -25404.0
1942.0 -23388.0
1942.0 -23484.0
1942.0 -26364.0
1943.0 -30120.0
1943.0 -26196.0
1943.0 -27984.0
1943.0 -27900.0
1943.0 -22500.0
1944.0 -29124.0
1944.0 -27480.0
1944.0 -27792.0
1945.0 -24984.0
1945.0 -27132.0
1945.0 -30300.0
1945.0 -21528.0
1946.0 -24216.0
1946.0 -27300.0
1946.0 -24552.0
1947.0 -22104.0
1947.0 -23028.0
1947.0 -26688.0
1948.0 -22308.0
1948.0 -24072.0
1948.0 -27408.0
1948.0 -26520.0
1949.0 -24348.0
1950.0 -27708.0
1950.0 -29400.0
1951.0 -26184.0
1951.0 -25572.0
1951.0 -25644.0
1951.0 -25008.0
1951.0 -30864.0
1952.0 -24228.0
1952.0 -21768.0
1952.0 -21300.0
1952.0 -20616.0
1953.0 -29976.0
1953.0 -26760.0
1954.0 -27204.0
1954.0 -23904.0
1955.0 -26364.0
1956.0 -25848.0
1957.0 -26604.0
1957.0 -26340.0
1957.0 -22584.0
1957.0 -24276.0
1959.0 -24072.0
1959.0 -27228.0
1960.0 -24780.0
1962.0 -27300.0
1962.0 -23520.0
1962.0 -29004.0
1962.0 -26556.0
1963.0 -25668.0
1963.0 -21936.0
1963.0 -28632.0
1965.0 -26508.0
1966.0 -21864.0
1966.0 -21960.0
1966.0 -20064.0
1966.0 -26532.0
1967.0 -25884.0
1967.0 -23748.0
1967.0 -26268.0
1968.0 -23712.0
1968.0 -27900.0
1968.0 -27432.0
1969.0 -18216.0
1969.0 -25416.0
1970.0 -26892.0
1970.0 -28848.0
1971.0 -25344.0
1971.0 -25416.0
1972.0 -27396.0
1972.0 -20688.0
1973.0 -23928.0
1974.0 -27228.0
1976.0 -25740.0
1976.0 -28872.0
1976.0 -25068.0
1976.0 -29316.0
1977.0 -29256.0
1977.0 -24072.0
1978.0 -22704.0
1979.0 -28536.0
1980.0 -30012.0
1981.0 -24120.0
1982.0 -24300.0
1983.0 -27804.0
1984.0 -25548.0
1984.0 -23400.0
1984.0 -29256.0
1984.0 -29652.0
1985.0 -27132.0
1986.0 -31080.0
1987.0 -27552.0
1987.0 -27480.0
1988.0 -24996.0
1988.0 -24516.0
1990.0 -27636.0
1991.0 -23376.0
1992.0 -33144.0
1993.0 -23520.0
1994.0 -27084.0
1995.0 -26820.0
1996.0 -23508.0
1996.0 -21516.0
1996.0 -28032.0
1997.0 -26484.0
1998.0 -30156.0
1998.0 -28140.0
1998.0 -25992.0
1998.0 -26880.0
1998.0 -27696.0
2001.0 -27576.0
2001.0 -28860.0
2001.0 -26004.0
2002.0 -26628.0
2003.0 -22176.0
2003.0 -28416.0
2004.0 -25296.0
2005.0 -23988.0
2005.0 -22572.0
2006.0 -26820.0
2006.0 -26952.0
2007.0 -26052.0
2007.0 -25080.0
2008.0 -24840.0
2008.0 -28320.0
2009.0 -28644.0
2009.0 -29988.0
2010.0 -32544.0
2011.0 -28908.0
2011.0 -24036.0
2011.0 -33972.0
2012.0 -23460.0
2012.0 -25512.0
2013.0 -25752.0
2014.0 -28440.0
2014.0 -24888.0
2014.0 -25872.0
2015.0 -26880.0
2015.0 -23100.0
2015.0 -21588.0
2016.0 -22020.0
2017.0 -24828.0
2018.0 -24624.0
2019.0 -26448.0
2020.0 -22032.0
2021.0 -24408.0
2021.0 -25308.0
2021.0 -24636.0
2022.0 -30468.0
2022.0 -26352.0
2022.0 -24804.0
2023.0 -27036.0
2025.0 -27888.0
2025.0 -27048.0
2026.0 -18840.0
2026.0 -20736.0
2027.0 -25680.0
2029.0 -26280.0
2029.0 -23016.0
2029.0 -22716.0
2030.0 -24984.0
2030.0 -27348.0
2030.0 -26664.0
2030.0 -28704.0
2031.0 -27936.0
2031.0 -34068.0
2033.0 -25752.0
2034.0 -26988.0
2035.0 -24108.0
2035.0 -30708.0
2035.0 -27840.0
2035.0 -19344.0
2036.0 -28776.0
2038.0 -22116.0
2038.0 -34068.0
2039.0 -26208.0
2040.0 -27648.0
2040.0 -27744.0
2041.0 -24576.0
2041.0 -25872.0
2041.0 -24276.0
2042.0 -24588.0
2043.0 -25212.0
2044.0 -26748.0
2044.0 -31176.0
2044.0 -26436.0
2044.0 -22704.0
2045.0 -26388.0
2045.0 -30924.0
2045.0 -25848.0
2045.0 -26412.0
2046.0 -26352.0
2047.0 -26424.0
2047.0 -30120.0
2047.0 -26844.0
2049.0 -27276.0
2050.0 -28272.0
2050.0 -22740.0
2050.0 -21756.0
2052.0 -25644.0
2052.0 -25356.0
2053.0 -28740.0
2054.0 -24528.0
2054.0 -24168.0
2055.0 -23952.0
2055.0 -27048.0
2056.0 -27936.0
2057.0 -27360.0
2058.0 -24720.0
2058.0 -25032.0
2060.0 -24336.0
2061.0 -24444.0
2062.0 -24624.0
2062.0 -22848.0
2062.0 -25092.0
2063.0 -24492.0
2063.0 -28860.0
2064.0 -21756.0
2066.0 -25284.0
2067.0 -27156.0
2067.0 -31080.0
2067.0 -23592.0
2067.0 -25248.0
2067.0 -26088.0
2069.0 -26424.0
2070.0 -27804.0
2071.0 -23232.0
2071.0 -23820.0
2075.0 -20064.0
2076.0 -26196.0
2076.0 -24144.0
2077.0 -26172.0
2078.0 -24864.0
2078.0 -25224.0
2079.0 -23028.0
2080.0 -21120.0
2081.0 -29460.0
2082.0 -25572.0
2082.0 -25080.0
2083.0 -21216.0
2083.0 -24552.0
2083.0 -29112.0
2084.0 -24732.0
2084.0 -29808.0
2085.0 -22380.0
2086.0 -27684.0
2086.0 -27576.0
2087.0 -28032.0
2087.0 -24276.0
2088.0 -23796.0
2088.0 -25248.0
2088.0 -23940.0
2089.0 -25956.0
2089.0 -21768.0
2090.0 -25080.0
2090.0 -23580.0
2090.0 -24276.0
2091.0 -27396.0
2091.0 -27240.0
2092.0 -25416.0
2092.0 -31320.0
2094.0 -23112.0
2095.0 -30636.0
2095.0 -25968.0
2097.0 -30360.0
2097.0 -24432.0
2098.0 -26820.0
2098.0 -28824.0
2098.0 -22224.0
2098.0 -28692.0
2099.0 -23496.0
2100.0 -24036.0
2100.0 -32508.0
2101.0 -26916.0
2101.0 -26004.0
2103.0 -24072.0
2103.0 -25596.0
2104.0 -24660.0
2105.0 -25452.0
2108.0 -26640.0
2109.0 -26268.0
2109.0 -23604.0
2111.0 -27096.0
2114.0 -23484.0
2114.0 -28236.0
2115.0 -26604.0
2115.0 -23040.0
2116.0 -22356.0
2118.0 -20796.0
2118.0 -29760.0
2118.0 -24828.0
2118.0 -27192.0
2120.0 -27636.0
2121.0 -22008.0
2124.0 -24960.0
2124.0 -28656.0
2126.0 -26364.0
2126.0 -27396.0
2130.0 -26964.0
2130.0 -29916.0
2130.0 -27108.0
2130.0 -32148.0
2133.0 -26268.0
2134.0 -24624.0
2137.0 -19488.0
2137.0 -27504.0
2137.0 -28620.0
2138.0 -28080.0
2139.0 -23472.0
2140.0 -29652.0
2144.0 -24000.0
2145.0 -23304.0
2146.0 -23676.0
2149.0 -28344.0
2149.0 -27684.0
2150.0 -26736.0
2151.0 -26556.0
2151.0 -28560.0
2154.0 -28548.0
2155.0 -30432.0
2156.0 -24720.0
2157.0 -26472.0
2157.0 -27852.0
2157.0 -26304.0
2158.0 -30564.0
2159.0 -25068.0
2159.0 -26772.0
2159.0 -23940.0
2160.0 -28224.0
2165.0 -22332.0
2165.0 -29652.0
2169.0 -25896.0
2169.0 -28596.0
2170.0 -19764.0
2174.0 -25080.0
2175.0 -25440.0
2177.0 -28620.0
2179.0 -24468.0
2179.0 -26928.0
2180.0 -23880.0
2182.0 -27468.0
2182.0 -22524.0
2182.0 -26964.0
2184.0 -28236.0
2185.0 -24396.0
2185.0 -25584.0
2185.0 -25740.0
2186.0 -30900.0
2187.0 -27168.0
2187.0 -27480.0
2187.0 -28236.0
2188.0 -26232.0
2189.0 -31104.0
2190.0 -26652.0
2195.0 -25560.0
2195.0 -25476.0
2195.0 -26028.0
2197.0 -33720.0
2197.0 -25980.0
2200.0 -27996.0
2200.0 -24228.0
2203.0 -29544.0
2206.0 -28716.0
2209.0 -23484.0
2209.0 -28512.0
2212.0 -24852.0
2213.0 -20916.0
2217.0 -28032.0
2217.0 -31524.0
2218.0 -26724.0
2219.0 -25320.0
2220.0 -28524.0
2223.0 -26052.0
2226.0 -25656.0
2228.0 -21864.0
2228.0 -27768.0
2236.0 -25200.0
2237.0 -26028.0
2241.0 -27900.0
2241.0 -26460.0
2242.0 -30420.0
2242.0 -31500.0
2244.0 -25044.0
2245.0 -26436.0
2247.0 -23004.0
2250.0 -31380.0
2250.0 -29064.0
2252.0 -31788.0
2255.0 -27744.0
2256.0 -26148.0
2258.0 -19512.0
2263.0 -28188.0
2265.0 -28248.0
2266.0 -29088.0
2267.0 -27360.0
2274.0 -30948.0
2276.0 -27732.0
2277.0 -31824.0
2281.0 -30744.0
2289.0 -32052.0
2300.0 -26724.0
2303.0 -23568.0
2316.0 -27516.0
2320.0 -23760.0
2324.0 -25188.0
2326.0 -23772.0
2336.0 -29976.0
2341.0 -27720.0
2347.0 -31836.0
2348.0 -31716.0
2349.0 -24348.0
2350.0 -25848.0
2368.0 -29952.0
2374.0 -26904.0
2381.0 -27588.0
2397.0 -26880.0
2433.0 -27072.0
2441.0 -30168.0
2444.0 -25128.0
2449.0 -24300.0
2450.0 -29640.0
2582.0 -32712.0
