111110100110111010111111101001001000011000111111010111111111111010110001111111101001110001001000101111011100101101011011101001001000110010100010110101100101110001100000001000000110001100010001110010110111110011110010010100101101001000010101
111111100111111010111011000110011001111010111110111111111011100101100001111101001011110001001111111011110001111010011001101011011000110101001011110100101001110101010001001101001111001000100001100011111011010010111011010100101101001000010101
111110101111111110110110110001011101111000101110001011011011110110110001111011011011110001101001101111111000111111110011101110011000110001100001110001001000100100101100001011011110100000010001100000101111110010010111010010110101011010010111
111111101111101110111111110100000001011110111111011111011010111001101101111011001011110101101001101011011000100100011101111101011011110010101011010100111000110100001001001000000111101000110001100001010010110010111000110100101101010010010100
111011111111111010111011101111010001011000101111001111111111110101111101111100001101010110100001110011111101110011011001011101101100110010101011010010001001000001101010101001111111101110110000100000011101110011010011010100100101000010010000
111001111111111110111111111010111001111011110110101110111011101111000101111110101101101011101001101011111101110001011011011101101000110000101011110110011001100001011001101001001101001100100001010011011111110000110001010000100101000010010101
111010101111111110110111111111011111111000111111010111001101001101100001111111001110100001111111101010111111000011011011110111001010111111100001110111100110110000000010001101101001001000110101010010011111010001110011010100111000011010010110
110010100111111011111101100110001001011010101111011111011111011100101011111010001001111111101111100011111111100011011111101100111100010011100011100101101000100100001000000001010110101100010100101011001101010011001010010110000101011010010101
111010100111111111111111001011011001011010111111111110111111111101000111111111101011110010101011111000111011101010000011101111101000111011101010110101110010110000001010001000001110101100010001010000101011110011110000110110100101101010010001
111010100110111010111111111110011111011000111110111111111111101101100110111111011001100001001100111011110110101101111011101111101011110000101011111101110101110001000000001101000111001001110001000011101101100010110011010110101101011000010101
111111100111111010111011011011011011011101100111011111111011000010110001111101110011010111101010101111111110111001110011111100111110110111010011110100101000000010101000101011000010011100000101100010011011100101101100010100010101011010010100
111111100111111111111111100101010011111011110111011111111011101101110101111111101011100000101001101011011001011001111011011111011111110011111110110001101010110000101001101111001110011000101001010000111110100111111011010110011101000010010010
111011111111111011111011011110011100111110111100111111111011110000100101111111101011010001111100101101110111111100111011101111011011110000110011110110100001111110011001001001000110101001011001000111001011110010111010010100100100011100010000
111111111111111111111101011011001011011111001110110011100111111111110101111111101001111000101000110011111110110011001001111111011010110010101111110101111001100101110001001100010101011111010001000000110010010010000011011100101101001000110101
111010111111111110111111011010011011111110111111011011101111101101110000111011111110110000101001111111011111000001111110111010111010111001011011101101001011100110000010101000000100001110100111100000111001100010111001110100111011011000110111
111011100111111010111111011101111111111110101110001111111011110110101001111111111001100001001011100111111001100010011111111011111101110111100011110011001001110101000000101001010111001101100001001011100011111011000010010110000011011100010101
111010100111110010111111111111011111011011111111111110101111100101101011101101011001110111101001100111111011110010011011001011011011111010111011111010100001110101011001001101001001001101101101100010110111000010011011010100101001000000010100
111010110111111011111111011110011011111000111110111011111111110101111001111101000111111101101011101011111000111101011011101101011011110000111011110000100101000101110000000111000111100101101000000000010011010110101011010100110100011000010111
111110101111111011111111111000110001111010110110111111101111001111111110111111001011110001101011101111111001101001111101111101011010110011101011100111011100100101100010101111001100001100000001110000111001010011111011010100111101010001010110
111111101111110111111111110110010110111101010111110111101011011100110110111111101111110101011111111110111000100010011111011101011011111001100001100101110000111101100000101101011001001100101001010011111001111010110011010111101011000000010100
111111110110101010111111111000011010111111101111111111101111100101111001111011101101100110101011110111011001110101111011111011111010110011101111100111100111010100100001101001001101010101100000001000111111110001011001010110101111011000000101
111010110111101010111111001001011010111110111010111111111111111101101101111111011011110101111011111111110110110000011011101111101001011010111010111101110001110001001001000001001111101000111000111000001011000010100011010100001111011000110101
111110110110111110111111111111011011011110111110011110111110101101101110111100101011010001111011111111011011101101110111101110111011110110111011110010101001100101001010001101001110000011000100101111011101100111111011010000110101111011010100
111111111110100011111111111000111010011111111110001111111111110110111011111111111011110011101011101011011101111001011011111100110001110011110101110111000101100001001011101101001010011100111001101010101111100011111011010110100011001010010100
111010110111111110111111101111011111111110111110011110111011101111111001111101111101111001101011101111011011110000011111111011011100111101111111110010111001110101000011101001001100001100110101010011101111110010111110110110101101011100000101
111010111111111111111111111011011111111111111110011111111011101111010100111111001111111101101000001011011011111001111111101001111011111011111001111011111000010100100000001001000111001100110101110001001100100111110001110110101110011000010111
111011110111111110111111101011011111111010101111001111111111111011110011111111001011110001101011101011111101110001011101111111111011111111101110110110011001010101101001101001101011101100110001110000111111110011111010010000111101011011010111
111011111111111111111111111110010111111110111111101111111111111100110111111111001011100101101001111111111111111111110011010011011101111010000011100101001111110111111011101001010101001101001101000111101111110000010010010110111111000100100011
111010111111111110111111010110110111111111111110111110101111111111111101111111101011110010101111101011011110110101011111011101111010111111101011111100100001110111001001100110001000001100010110101000101001110011110011100010010101000010010111
111111111111111110111111111010011011111101101111011111111111111101111100111111111011110010111111111011111111101001011011111101011111110001111111111111110011010110101000101100001101011111110101010000111101100110101011010110101100011010000100
