00100100001001000110000010100010101000010011001100001111001010101101110100010111011011001001110010100010110110110111100011100101010011000010100100000011100101000001111100011101010011111001010001101000001100000110110010011111010101011000000010011110110111100100000100100011000001010000101111
11101100110000111101010110010110100001010011101010110101110011011001000011100100100001001000001010001000010100000101110010001100101111101110010010100000101001100001011110110001111100101100100100111100000000111101000110000100100111001000000010101010101111010010001001011100010100010111001101
10011010000000101111010100110001010011010111001101001000001101101100110001000011000011111000001001010100110000010001001100001001110111001111011110101000011011111011010010101000010010111001000101111101101011110010001111100110111000101010011001001110100001011100111000100000010111110101010010
01000101100100101011100000001100111011001110100000010010000001101001001000011100001101010111011000111011111011010100000110000110001010100101001001010110001000100000010101000110110000100101100000110001111101110111000010000111011100110001000110010101101110100011010101001110011000001011010100
10010111000110101100010010100010100010010100011000010111010110101101001011101100111001101010110000010110001100111100100110101100001000001000100011010100010000011000111101011011111101011110000000001011001000111101100101010111010111011010110110000001010000001000000001001111010011010100011001
11100100001111011100000101000111011010100100100010010100010011111111010000000001101010111110011110011111100110001101111000000000101000111000110001110110001000010110101101010101010100000100011011110010010001001111110110100011111100011100001111011110011011000101000111100010010000010110011100
11011110110011000011011100100101100001101110100010000111010010000000101111010011010011000010110010011001101011010001101011011000010110010001101010011001001011101111010100111111100101100001001111100100010011101111110001010110101010011000111110001111000010001110011001011000011001101001001010
10100010011000010111001101011100100000111010010001011010001011011000110010101011111110101100011111110000011100111111011100111011100011110000000101100001000010000010110111011010010000111100011100101010000100001101101111110101011011000010011100010010000011001100111001001001011010111111111000
00100110000100011100000001000000001000010000110011101111101010011100011001000001000101100101011100101110111110010010100100010111000110101101111100001010000111001000111011110110100011111000111111011100110001100000111111001100011010100011110001000010011000011110101101001000100011100011010110
00010010011100100101011101100110011011110101111110011110001111001101101001000110010000011001100011010100011101110001010100001111010000101000010100111101010001011111011011010001001100100111101110010100000100000000110110100001001111111111010000111010111110100010100111011110001000000011011000
00110111001001000011110010110101110100100111001100010101111101010001101010011111000010011011100010001010001100000100111011001101100001001100001100010111111111000110011010111011110010101100001111001111000101110111101010000011011010010100010001011000001101100101000101010000010111001111100011
00101000111011111011000010101111001000010100011001111010110000100001111010110100100011100001111010111111000100000010001111110011001111100111110111100111010011000011010011110100000101011011010000001011010000100111101100001000100101110001110010001110001011100011000101100011110110100000101011
00001110101101111101001000011101010111000111101011101011000101111110011011010101111000111001101000001000100111000110000000010001101101010111100110010111101101100111100000001000011001110111000111101001001110100000011101111001000010110101111010000011011100000111000111111000110011100001101011
10100111111100100001001001111011111010101101000000110010111110000011001111011101100011101010000100110111001001000101001001110010100011111000101100010001011010000001001110000100000001011011110110011100010011010100100011111000101100000100010100100011111011001111110111011011001000000111011010
01100110111110011011000011000110001111101110101001011100011100101010001111000101010000100101011000011000110100000111100010011010001110100110111110010111101101110011110111001110011010010110000110001101110100110000111100000011010111011100000011001000111000101100011110010100110000110100011011
11010010010010010011110110000101000001011101011110100010110101111100001110111110100110111001001001111111101110101100001010111000100011011111000010110001011011001111011111000111010111101101101001000010010001100001000010011111000000110011010001110000101100011011011110000010111110010001101111
00010101011101111001000010110010100100011110000101111000100011101000111001010111000111010000111010011101100000010100101100100101101011000111000101001101100011000101101011100101001110111001100101100111111000100101110100010101111010000111110011110101100100001111001100001111110010111101001100
00000000111000001111000000001111110100100011100110010011110111010110101110101000001011000101110110001110011111111010011001110010100111010110101110101000010100111001000010100101001111111001111111100001010100101110100101111000111101000010000000110101000011101101001100110110110111010101111011
00110101001101111010100001011100101010111010001110110010010001011011111010000001101111011100111010110100000101011100110101110100110001011110011111010110001111101010011101011001011001111111000001000010011010001010000110000100110110100010010010011101000101111010111011110110100100000011000100
10111101010101000011000001101001010000000101000011000101000100001111000111110111001000100011011100011111110111111110111000000110100101001101011101010001100011110101100111101010110111110001110110111110011111010100100001010100001011010011101101001101101110100001010101111100100011100001001010
00111100100111110111111100101011110111110000000111001100011011111100111100010100110111001000111001110010011101110010001110010110010111011001011000101101000100101001100110000011010011101010110100011000000010010011011101011010111110101011010110111000101111110001011111111001000101100000111101
01010001010011101011111000111101110001010011010011010010100111110101000100011010101101111001100111001111011111110111101000010110100100000111110111010010110011110000011001101100010100011111100100010001101001001111010100101010111101101101010001010000011100110000010110101011100011100010010001
11110000101011110010010110011011101111001000000110111100000100110101110000000010110101110010110111011011100010110111000100110011111000110011100110000001110000010111111111100101110001101110000111001111010001110110110110011111100001100100100000011101110101111001100100010101101110110010011001
00101101100111111110110010010101110000001000111111000100011101110111111000010111111011110101100101111101100101110111011101100110100101111010110101111111010011111000001101010000100101000101110011100001011111010010011010110111010000100010101000100100001000011001011110110000001000010011000101
11111110001000101010001110101111001101110100000101010010110110101011110111111000000101000101001111000100010111101000011000010110000101100110111010010010011011011100100101100001011000100011000011000110010011101111101111011110101110010001111000101111101001111111110111100010110101110000000110
10001010110010001001110111010011011111000001001010101110000010111011101100011111011111001000100011010100111111101100011101001101010011110100101110100101100111100000111011111000001111001011001111111101111110010011101001101011101100100111000101101000101001011111011111110110100100010011100000
11000110000011010101001111001100101101011101111000001110110011011101010101010100011110000111101010010000100010111011101101110011011111100111111001111000100010100111110010001110010011010010101000100011100011111010101111010001110001101001100001011110111101011010000110100011110010111101011011
11000000100101011111100111101001100100000011000101110101111111100110101001001101101111011110101011010111010101001101110110111001010100111010011001101011010001111100111010100000010011010100101101110100110100111101111100101101001100111000111110110101100011111111110101001001010110000000001110
11000000101011110011011111111101101111000110001010010001000001101100101101001111111110011110100010000010001011101001111101000001100111000011100111101010000111101101011111010011010011110011001010010111011010000111111100011111100101000111011010011010110111011010001101010110010111111000110000
00111010010110100010101111111100101100100011111111100011011010110110011110101001010011000111000001011100100110011111100001010011001001100011000101001010101101001111010011101100100001101000000111111101100111111101111010100100001110010011000101000000111111001110100010111010110000010111100111
