1136.8 55.0 351.0 -127.0
1243.4 58.0 290.0 -135.0
1258.8 61.0 296.0 -130.0
1264.6 57.0 344.0 -126.0
1298.1 63.0 331.0 -139.0
1307.9 60.0 299.0 -139.0
1312.3 64.0 337.0 -141.0
1352.3 60.0 336.0 -138.0
1355.5 67.0 394.0 -149.0
1359.7 54.0 308.0 -135.0
1371.1 69.0 293.0 -141.0
1395.1 64.0 411.0 -147.0
1406.6 62.0 361.0 -146.0
1420.7 67.0 289.0 -139.0
1425.0 75.0 335.0 -149.0
1434.3 74.0 326.0 -152.0
1459.5 78.0 382.0 -151.0
1461.5 64.0 326.0 -148.0
1463.1 68.0 390.0 -146.0
1463.3 67.0 352.0 -147.0
1470.2 67.0 388.0 -150.0
1481.5 70.0 358.0 -152.0
1484.5 65.0 324.0 -142.0
1493.3 67.0 304.0 -144.0
1501.3 62.0 353.0 -145.0
1501.5 65.0 395.0 -148.0
1521.1 66.0 354.0 -155.0
1523.6 73.0 379.0 -158.0
1532.7 72.0 324.0 -152.0
1581.9 67.0 435.0 -159.0
