11000111100000000101100111010001011011000011010101100101100100000001110001100010111010010000101000001111101001110010001011110000101010111110100101110100010111000100000001001111000000011001100011110101000110001001001100101011100010010100010100111010110011000110000000001011001001101000100100
01001000001010001110010110101000010111010100010011001000011100111001001011000100011001000001100111101100101101010100100101101110101100110010011000101011010111111110110001110110100111101101011000001000111101000001011000010101100000000010001100110000000101100111001010100101001111000001000010
10101111000110110011110001010100100101101001011011011010001010000000111000111111010111111001001011010001001000111000011101001110011000000110000000111000010111011010010110101011101000111001101010001010001010001101011011001011001011100000010000100000010001000111011100011000010010101111011111
11010110101100000001010001010000101101010100001011001001010110001001111001001011100011101110111111110000010111101010101101111001111000010001001000011001000100010001001001001000011011010111010011001110010011010100110110101111100101010010110000111001011000000010001111000101010101100001001100
01010100111000111010010011010101011111101101000100010110001110101001111110110111001111010101001000000000000000111100110100010001010001011010101010100111010011001100111011101111001111011010101000100110011010001010000000010000011001101100100001101010100101101001011100001100011110110100011100
10110100100001011010000111001110001111111010101110100111000000101010011110011101100111001100000011100100111101101001001001010101000111100100111001000111100000001100010001010010110010100000100110100110100110011001010000111001110100010110011011101001000011011011111010011001000000101110000110
00000011011000111101011011011101010100111010010111011011010101101100011100010110110101001111000000100001011010011001000110110000001000011010010100011100111000011100100001000011010001110111000010100010011100010100101101100101111100111011000100100110000011110110111010000110010100100110101111
11100011111101101100010000100100001110010110010111010111111010000011100010101110000001000110010011100011011110010010001001100100010110110000000110000001000010100000101000011110100110001111101010011110010001001000100011110011011100100001100001111000001100100110010111001100001111111101000101
10110111010000011110011100110111100110010000111000000010100011110011001011011000001101110000010001111001010111001111100110010000101111011011111000011010101001000100100001001001111110000001100000101100111001100110010110000100011110001000011011010110000110011100000111100110110000110100110110
01001011100010110111100011001001010101010110001001000011101001100100010011100111101100110110011010100011101111110100110110010010010101010111110000001010000110110101100001100000000111011100011010000010001110101001000101010111101100111111100010100110010110111100010110100110010100000000010010
00111000000100010010010111101001001110001100011010001011100101101001101110001001010011010011000000100101010110011110101110100010100111001001000100001101110100110100010100000100111100100000101111010010011010011001101100100101101111111000111111111000101110001010000111101010001000111000010110
01100010101000010100001111010011000101110011111110000101000001010111100000100010000110010111111010001100101100111111001001011101011011100100111011010001000101011001001100011100001111101001001000010001100001111010110000111010000101100110110100101111010011111000010111100010111111110100100100
11010000011110110010001001000101111010111111000010101001001101101000001111100010010100011010010111111110011110011001100110000101100100000101001010111000110011111110101001001101110110110111100010111111101101110110010001010111110100100010000010100010011000101000111110101001101010000111001100
10111001100110100101110100100001000000011100111100011100110101000111001000010111111011110000111001000111011001101011000000100111000001001110100010110100010110100000111100001001111001010011111001001000011100101011101000101110000010010001011100100011110111001101100111111100100010011001010110
10110000101000100101011011110101110111111001011100011101101000010011111011000110110011111000010011011101011010001000000000110111011000100010110110011011010000101110100010101010000110101101010000100010010111011000111001101001111011100101011011011100001001010100100110010111001110100110000100
01011101011101011010111111101101111110110010001100100101111100000000100110110011010011001001011110100100110111100101000000010100011001110011010000000001011001101011011111100111100000001001001010111001011000000000111110001100001000000011101001000111011010001011111100101110100001100111110000
00111011010010001101101011000000100000110010101000101100111011001110000010001001010000111000111011111001101101011010001100010111111101110101001111010100110011110010010001101001110110101101101010100011000011100001001100000001010000100011110010111011001111111000111011110110101000000001101011
00001111110010000001011110011100001001000011110100100101000110101010100111101010110000110010001011010110111011100100011000101000100011011111110110110110111000001101100011001010000001111101101001111110001000100110100111010111101000111111100101010110100100101011011001111100100011010001110010
00011101001011100001101010010110110011011101010000011110100010010101100100011101111111000011101001000010110000111001010000001100110010001001100101010011001011011011100011000011011101101101111001101011100101001000001001101001000110000010001010000001011011000110110011001100001001111100100001
01110010101111110000010011110011010011011010101010001000011110101110110101111010000100110011111010100001001100001110010100110010010101000111111000101010101011101100111100001001001010010111000111100101010110100001101000010001011100011011100000010011011101100100101000010110000011111100010011
00001010111110100110110011000001100111100001101001100111110100101001110111100111111010111101001000101101001111000100000011011111101001001100011101011001110010101110101111000001010110011111000101011101100000001110001101111001100000101001100100101001000101000010001110010110111101110101010010
01110000101001100111110001110010011100001110110001001010110101011101100000100110010011000111010010001000110101110111110000100011111100100111100100110110011001011001111101101110010101111101111010010011111001010010000100010010110000001010111011001111000100001110100111101001011101000010011001
00101001110011110111011101110111001110101101011001000000100011011010001101111111001110011111100001011000000110001001011000111000001111101111010111101110101000001101100110101010100011000001010000111111110110000010010100000010001101111100101110101011001100011011011010001101001001100100111010
00111100010001001111000101111000011101101111001111010001011011011010101010001111101111000110101011010001010100011001100100100000100001111010001110110010000011010011000001101000010110010000001111111101110001110111100111101000101011011110010110001111001101000110010000111111001111010101110100
10111110000001111000110010000101111110010010010111001111111000001011000010100011011111000101110010000100010111101010101110010110001001000110011001000110001101011011010011101100010111111011101101111000101010111010100111100010011110011101110000010000101101001111111011110010111111000111100100
00010001110101111101000010100101010101100001111101100110110110000110110111000101000001110101001011010001000111110001111101010110000111011111000110001111111011110111011111101100101110001101110001001100001010101011011011110010111010010110001101001001100100011000110110101110100000001101110100
01100110000100101011011011000011010000010000000010111001011001011010111011111110110001010101011100100110010001011110100010100110010110110000110001101010001100100000011111001011110100111000000101010101111110010110010011101010111111001111011001110110001101100100011111100011111100011010110001
00010100111000011111110101100000000010101011001101000111110001110101111010001111111100111101000101010010100011101101000010100100101101001010000100111000011111110000011100010111011101100100111001100110100011011111000000110001101111011110111000110001100110110111000001110111111011111000101111
10110001001111111011111111000110010111001011111101110000011101000100011110111010110001111100110011100101000000000001111000110101101111000010101011101010010110101111110011011000100111011010011101100110100101100101111001010101110111000011111010101110011010011011011011010100100110011101000110
00010011100111101011001110101000001111110100000010110000010101010100010010000111111111111001110010000111111111001111010011100110011111111010011111010000100101000010111101100001010100110001111111100010111110100111011100011011111001101111011111000111010011100010111000101100100010100100011010
