1255.7 60.0 329.0 -126.0
1279.3 64.0 379.0 -134.0
1296.0 61.0 341.0 -134.0
1308.1 62.0 319.0 -140.0
1309.9 67.0 332.0 -136.0
1335.2 65.0 294.0 -132.0
1337.7 67.0 264.0 -143.0
1348.7 63.0 333.0 -143.0
1365.2 64.0 291.0 -135.0
1372.1 66.0 312.0 -135.0
1382.0 68.0 343.0 -141.0
1425.1 63.0 384.0 -150.0
1429.1 67.0 323.0 -146.0
1441.9 72.0 335.0 -152.0
1460.1 63.0 368.0 -146.0
1462.9 68.0 294.0 -148.0
1471.1 61.0 364.0 -153.0
1474.0 66.0 330.0 -150.0
1487.6 74.0 349.0 -153.0
1495.0 65.0 405.0 -150.0
1505.5 63.0 355.0 -145.0
1511.1 66.0 353.0 -152.0
1512.1 63.0 344.0 -149.0
1516.5 72.0 332.0 -149.0
1527.1 76.0 369.0 -152.0
1528.3 61.0 354.0 -143.0
1541.3 67.0 404.0 -149.0
1556.0 66.0 340.0 -155.0
1617.5 74.0 451.0 -162.0
1638.7 71.0 402.0 -166.0
