11111010001111010010101100110001001110000010111101000100001111100100110010011000100000110010000101000111101000101000000100010010110100011010011011010000010100101010101001010001101111000110111000000111000001000101100001101111001101010111000100111111010010010100000110110100000100101111000011
01010010110010001000101000101111101000101000001011100000010101110010100011101100001111001001010000111101110101001101010110100110100000010000100000111001000110000110001010101001101101001000010101001110000000000101010101111011010011001001000111100111101111000110100100111000110100100111000010
01110110011010101001101010101000011101010110000010100111001110001001010001000010011110110000110001111011010000100000111010010111110001111001110111110100111000010010111010101010111001111100000010110011001110001010001100110011011101011011110111100101000110101001101110001000111100000010001110
01101010101100001000001001010011110110000111000111101001111001000110100101010011001010100100000010011000000000111011100010111010100001000010001100110101101001110011111111001110011000111111010000110010110101001000101100110110110100000110111100111011010100100110100011110100100000101010010110
01100000011110110000110110111101001000010110001011001101111010100000110010000100000111110011101000110111101101010110011000100011000010001010111100101010011010101001110000110010010111110000011110110010011010011101001001000010111000011111111111001100000000000000010000110010010011101101101001
10001100101110110101100001011011011101110011100010101110111000010010000100010000100011101000111101100110001110101010011110001001100100010011010000011110001111010111010001001011010011000001100100011001101101001011001000000100110101101100011011110000010100001110010011111001111001001110100111
10100110100001100100011100011001010101000111100001010110111110010000000100110011010101101001000111001000100001010101100100101101001100110010001111110010101001000100011010100100110101110001011110111010010001100100001100011110011010110101011110110001010110110110001101010111001100100011100001
11101110101000111100110010000011001101000101011010000110010101000111000100010111110111010000111011111000101100110001101000101100010011001110110110111110100001110110011111011100011100011101001001011010111110001110111100101110101000101001000000100111011000100000101001000010000011111001000100
00001001001101111010110001111101000000011101101101110100011100111100010110011101100111001111100010001100101111111011000101010111110000000101010001100100000110111000001000001001010110000000011110110001101111111001010000010000001110010111000010110101000011011001001101100011001100110111100101
11000110000011001010011111110010100000000010011111001001011001110110110111111111111111110100110100001001100101000101010011101101001011100000010110000010000100110001011100110000100110010000001011110100001011000011010110010000000100111100011100010001101000000110011010101010101010001101010111
01100111110110001001011001000101110111101110111101001010000010011000101000110010010000111101111110000001111010011100010101001110000100000011110001101100010000111011110101110001101100001111111110000101100100010100010101101010001001010011110101010000101010101001101011111001000101100011000111
11110010101111010000011111111111000111101001000000010011100100011001101100001101101100000100001111100100000001011111010010001001000110001111100000011101010110101100101011011010010010011111000011101001111000000100001011101110011101010100000010000101000010001100001001011110110101011010101110
10100111001010100100010101110001101101011101000011101100000000001110110011110110111011100110010010100100101101110100100100100011010011001010011101100001000010111111011011101110000110111111011111001011101111110100100001010111111001110100011101010001100101001001111110000001000100011000000001
00010110101100101111110001001100000010100110100111010010100110000111000011011010110001101111000010101001011010100000100101100010111000100001010101001011010111111101101110011101100110000111101101111110011000001010100011000001000001100100000000011101010001110101110011010101111010001101110111
01110110101110111010011101101001011011001010000001111111000110110110011001011111101010010010001110100001110101100100101100000010100001000101000100010000110111101101101111001000010111100010001000010101110110100101010000111010011000110110111101101110111101110010010010101001001010111110100110
01000111010000000001100111011111110111011110110011000001100101010001110011100000001000001010110010010101101101000001101110101001100010001110010111101111101100010111100101100011101111100001111001110100011010110011011001010111001001011111101111011001001100001100000011100011001010101110001001
11101001010101111101010101100101110010111000010011010010111100100010110100111100001111110000001011010000100101001011100000001011110110110101110110100000101101011101010110010000000010000001010001010111100100110010110001010110100101001001001101110101010101101010011010001111110000011101000110
11110111011101100000101011001111100000000011111101100111010111111110011110110111001000100101010010011101100001011001011001110011011010111111101001000010000011000111111110101111111000100001100011000100101000011100100110001001001110010100010001000010010011001101010101101000100101110001101101
00101101010111001100001001111000101101001110000011111111110100100100110100010110010111000001001010001000000011000111010010001111101001111010100000001001000010010111100010011111000111010011111100110001111011111100001011001001100111100011111000101111111101010000111111011001011000001010001011
11101001111101110011010010000101100001000110010111000011101100011111001101111010111111001000010011001010110001001100101110100101101100001100100010010101101111001011111100010111111110010100000011110001000001100000001010111000101111000111000010100010110101011101100111101011000100011011100000
00011010110101000111101110101011010110000111111011000110111101101100011000111000110111000011000110010001111101101010011001111111101110110111111101001010000100100011111000111001001001000011111111011000111001111111100110001001010001011100010110000001100001110010001001111100100100001000111101
01001111011011000100011110010111001001010011101001010101110100010000101000110010111111011000000111001000010110101001000111100110101010111011011101011010001101110010001000101010011001001101110001010101001111000110001111110101011100001101101010110110110011111111111001011001011011100111110111
11001101100000011101001011011001101000011000011001110001100101000010100001100111001110101101011100110111001011101000001001010101100000111001001100001011101010001001100101010101000110000111111111010100011111110011000111111011110111101010000011001110111101110011011001010101000010001000000101
10110100100110010110101101011010101010110100001110111011101101101011100000001111111110101100010010010100000110101011111101011111110010000100110000011000100101010111001110101001110001000001000101010110000111101011111000111011001101011100001010000000100111001111011001110000111100010101110100
00111101110001110101101110010011010111011000000111001000000001111110100001000101110001111011010011101100011010010110101110100111100001101000010110111110000011001011101010000111001110001111000110111001001001110111111001100101000000101011101011110001000000010111100001111111100110100100011011
00011011111100110100110111100100001110111001111100111011101011011000001011101110011110010011110000100111000010010000011110101110000011000110000110011111100011010110100111101010001011000010111111100111100000111001011010001000000101010011001111000000100001101110111001010110100011110110111010
01011100000100111011110000101111010011101100100000111101011101010010110110100101100110001100110010001001001010010010100100100001010010100010000100110101100010111011101110000110010110101100001011100111100000110101001111001001001101011011100011001111111111010110111010010110111000011101001110
11101100001100110111001110100010101010101001111101110001000000110111111010001001101011001100101100110100001011101011100011001101001110111100011000011000101100011101110000110001011100111001001101110011000100110101101000111010011101110111101111001011001010001110111100111011001010010011100011
01001010011000111000110010010011111100111000010011100000001011101101011101100110101101001101000000101011100010011111011010110001111100011110101110100111101000101110111110000001010110100101011100011011110101001110111101010111000011111000101011011100011110101001101010101110111100010101000001
01001001011011011100001111000010110111110100101100101010010001100110110101011100110111101110011100001110101000101100110111000110011101110100011100011000001110100010111110000001011110001110110111010011110110011110000110111101101101000000011011101100111110110000000011101011010111110101111001
