1235.5 59.0 333.0 -128.0
1246.0 58.0 332.0 -125.0
1258.2 67.0 299.0 -131.0
1266.5 65.0 336.0 -139.0
1275.1 58.0 333.0 -139.0
1336.3 63.0 293.0 -138.0
1338.7 61.0 362.0 -140.0
1339.6 67.0 374.0 -142.0
1350.2 54.0 368.0 -135.0
1350.6 65.0 321.0 -139.0
1355.7 67.0 311.0 -137.0
1372.6 63.0 370.0 -143.0
1395.5 65.0 377.0 -150.0
1398.2 60.0 323.0 -139.0
1414.1 71.0 336.0 -146.0
1416.5 68.0 356.0 -142.0
1419.8 68.0 410.0 -152.0
1422.6 59.0 352.0 -147.0
1436.8 75.0 366.0 -156.0
1457.1 73.0 356.0 -152.0
1463.7 66.0 342.0 -147.0
1467.7 72.0 344.0 -144.0
1477.7 69.0 367.0 -160.0
1503.2 73.0 372.0 -155.0
1506.0 63.0 410.0 -153.0
1520.1 73.0 335.0 -151.0
1541.8 69.0 408.0 -157.0
1567.0 77.0 359.0 -154.0
1567.8 69.0 374.0 -155.0
1588.6 72.0 343.0 -165.0
