1161.6 61.0 293.0 -124.0
1261.1 62.0 320.0 -138.0
1292.5 65.0 340.0 -133.0
1316.0 66.0 312.0 -141.0
1318.6 69.0 309.0 -135.0
1320.0 63.0 308.0 -133.0
1322.8 60.0 324.0 -139.0
1330.6 71.0 388.0 -145.0
1355.7 62.0 315.0 -147.0
1362.5 66.0 371.0 -145.0
1372.4 65.0 340.0 -139.0
1373.2 59.0 387.0 -140.0
1377.3 65.0 333.0 -138.0
1383.1 67.0 321.0 -145.0
1390.3 69.0 311.0 -143.0
1400.5 71.0 345.0 -148.0
1407.0 65.0 343.0 -141.0
1415.6 69.0 323.0 -150.0
1417.4 70.0 294.0 -144.0
1423.8 67.0 353.0 -145.0
1455.1 63.0 382.0 -150.0
1467.6 67.0 319.0 -148.0
1469.9 73.0 434.0 -158.0
1481.6 62.0 368.0 -153.0
1486.9 70.0 387.0 -157.0
1504.8 69.0 364.0 -152.0
1518.2 65.0 351.0 -157.0
1529.0 67.0 389.0 -152.0
1571.2 69.0 346.0 -161.0
1580.3 68.0 360.0 -152.0
