1181.3 65.0 286.0 -130.0
1267.9 58.0 284.0 -129.0
1268.7 59.0 331.0 -128.0
1273.4 61.0 309.0 -131.0
1304.7 75.0 335.0 -145.0
1312.0 63.0 301.0 -137.0
1322.5 63.0 358.0 -139.0
1342.3 72.0 337.0 -139.0
1351.4 63.0 304.0 -135.0
1372.2 56.0 315.0 -136.0
1381.9 65.0 330.0 -139.0
1393.6 66.0 306.0 -140.0
1394.0 59.0 380.0 -147.0
1426.6 71.0 361.0 -150.0
1438.5 62.0 324.0 -144.0
1443.7 63.0 344.0 -144.0
1445.0 64.0 347.0 -146.0
1447.1 71.0 351.0 -151.0
1467.7 65.0 370.0 -143.0
1488.4 68.0 326.0 -153.0
1488.6 63.0 325.0 -149.0
1517.7 76.0 322.0 -148.0
1519.0 75.0 407.0 -157.0
1519.4 79.0 383.0 -159.0
1521.5 70.0 345.0 -157.0
1524.8 68.0 363.0 -154.0
1525.1 65.0 352.0 -156.0
1525.7 70.0 397.0 -155.0
1627.7 71.0 339.0 -161.0
1640.1 79.0 376.0 -167.0
