0001000001101000001011101100000100000000010011101000000001100010110010010000001001000000010100100000
0011001001101001001111111100101110110100011111101101100111110111111111111111001001101011011100101011
0011001001101001001111111100101110110100011111101101100111110111111111111111001001101011011100101011
0011001001101001001111111100101110110110011111001101100111100111111111111111001001101010011100101011
0011001001101001001111111100101110110100011111101101100111110111111111111111001001101010011100101011
0111001001101001001111111100101110110100011111101101100111110111111111111111001001101010011100101001
0001001001101001001111101100100100010000010011101000000001100010111101011001001001000000010100100000
0001001001101001001111101000100100010000010011101100100001100010111111010101000001000000111000100000
0011001001101001001111111100101110110100011111101101100111100111111111111101001001101010111100100001
0011001001101001001111111100101110110100011111101101100111110111111111111101001001101010011100101010
0001000001101001001011101100000100000000010011101000000001100011111111010101000001000000001100100000
0011001001101001001111111100101110110100011111101101100111110111111111111111001001101010011100101001
0001001001001001001111101100100000010000010101001100100101100011111111010001001001000000111000100000
0011001001101001001111101100101100010000010011101100100101100010111111010101000001101000101100100000
0011001001101001001111111100101110110100011111101101100111110111111111110111001001101010001100100001
0001000001101000001011101100000100000000010011001000000001100010110010010000000001000000101100100000
0001001001101001001111101100101100010000010011101100100101100010111111011000001001000000010100100000
0001001001101001001111101100100100010000010011101100100001100010111111010101000001000000111000100000
0001001001101000001011101100100100000000010011101000000001100010110110010000001001000000101100100000
0011001001101001001111101100100100000000010011101000000001100010111101011000001001000000010100100000
0001001001101001001011101100000100000000010011101000000001100010110010010000001001000000101100100000
0011001001101001001111111100101110010000010111001101110111100111111111111101001001101010111100100001
0011001001101001001111111100101110110100010111101101110111100111111111011101001001101000111100100001
0001001001101001001111101100100100010000010011101100101101100011111111010101000001000000001100100000
0011001001101001001111111100101110110000010111101101110111100111111111011101001001101010011100100001
0001001001101001001111101100100100010000010011101100100101100011111111010101000001101000101100100001
0011001001101001001111101100100100010000010011101100101101100011111111010101000001000000001100100000
0001001001101001001111111100101110010000010011101100110111100111111111011101001001101000101100100001
0011001001101001001111111100101110010000011111101101110111100110111111011101001001101000101100100000
0001001001101001001111111100100100010000010011101100100111100011111111010101000001101000011100100000
0011001001101001001111111100101110110100011111101101110111100111111111110101001001101000111100100001
0011001001101000001011101100100100000000010011101000000001100010111111010101000001000000111000100000
0011001001101001001111111100101110110000010011101101110111100111111111011101001001101010011100100001
0011001001101001001111111100101110110100011111001101100111100111111111111101001001101000111100100001
0011001001101000001011101100100100000000010011101000000001100010111111000000001001000000001100100000
0001001001101001001111101100100100010000010011101100101101100011111101010101001001001000101100100000
0001001001101001001111101100100100010000010011101100101101100010111111010101000001000000101100100000
0011001001101001001111101100100100010000011011001101110101100110111111010101001001101000111100100001
0011001001101001001111111100101110010000010111001101110101100110111111010101001001101000111100100001
0011001001101001001111111100101110010000010011101100100101100111111111010101000001101000101100100000
0001001001101001001111101100100100010000010011101100100101100010111111010101000001101000101100100000
0011001001101001001111101100100100010000010011101100101101100011111111010101000001000000101100100000
0011001001101001001111111100101110110000010111001101110111100111111111111101001001101000111100100011
0001001001101000001111101100000100000000010011101000000001100010110001011000001001000000010100100000
0001001001001001001111101100100000010000010101001100100101100011111111010001001001001000101100100000
0011001001101001001111111100101100010000010011101101110101100110111111011101001001101000111100100001
0011001001101001001111111100101100010000010011101100100101100011111111010101001001001010101100100000
0011001001101001001111101100100100010000011011101100100101100110111111010101001001101000111100100001
0001001001101001001111111100100100010000010011101100100001100010110111010101000001101000011100100000
0011001001101001001111111100101110010000011111101101110111100110111111011101001001101010011100100001
0001001001101001001111101100100100010000010011101100100101100011111111010101000001101000101100100000
0001001001101001001111101100100100010000010011101101101101100010111111010101000001000000101100100000
0001001001101001001111101100101100010000010011101100100101100010111111010101000001101000101100100000
0011001001101000001011101100000100000000010011101000000001100010110010010000001001000000001100100000
0011001001101001001111101100100100010000011011101100101101100010110110010000001001000000101100100000
0001001001101000001011101100000100000000010011101000000001100010110001011000001001000000010100100000
0011001001101001001111111100101110010000010111001101110111100111111111111101001001101010011100100001
0011001001101001001111111100101110010000010111001101110111100111111111011101001001101010101100100001
0011001001101001001111111100101110010000010111001101110101100111111111010101001001101000111100100001
0001001001101001001111101100101100010000010011101100100101100010111111010101000001101000101100100000
0011001001101001001111111100101110110100011111101101100111110111111111110111001001101010011100101001
0011001001101001001111111100101110010000010111001101110101100110111111010101001001101000111100100000
0011001001101001001111111100101110010000010011101100101101100010111111010101000001101000101100100000
0011001001101001001111111100100100010000010011101100100111100011111111010101000001101000011100100000
0001000001101000001011101100000100000000010011101000000001100010110010010000001001000000101100100000
0011001001101001001111111100101110110000010111101101110011100111111111011101001001101000111100100001
0001001001101001001111101100101110010000010111101101100101100110111111010101001001101000111100100001
0011001001101001001111111100101110010000010011101100100111100111111111010101000001101000101100100001
0011001001101001001111111100101110110100011111101101100111110111111111110111001001101010011100101001
0001001001101001001111101100100100010000010011101100100001100010110111010101000001101000011100100000
0001000001101000001011101100000100000000010011101000000001100010110010010000001001000000011100100000
0011001001101001001111111100101110110100011111101101100111110111111111111111001001101000111100110001
0011001001101001001111111100101110010000010111001101110111100111111111111101001001101000111100100001
0011001001101001001111111100101110010000010111001101110111100111111111010101001001101010101100100000
0011001001101001001111111100101110010000010011101100101101100011111111010101001001001000101100100000
0011001001101001001111111100101110110100011111101101100111110111111111111111001001101010011100101011
0011001001101001001111111100101110110000010111001101110111100111111111111101001001101000111100100001
0011001001101001001111111100101110010000011111001101110111100111111111011101001001101000101100100001
0011001001101001001111101100101100010000010011101101110101100110111111010101001001101000111100100001
0011001001101001001111111100101100010000010011101100101101100011111111010101000001101000011100100000
0001001001101000001011101100100100000000010011101000000001100010111110010000001001000000101100100000
0011001001101001001111111100101100010000010011101100100101100010111111010001000001101000101100100000
0011001001101001001111111100101100010000010011101101100111100111111111010101000001101000011100100000
0011001001101001001111111100101100010000010011101100100111100111111111010101000001101000101100100000
0011001001101001001111111100101110110000010111001101110111100111111111111101001001101000111100100001
0001000001101000001011101100000100000000010011101000000001100010110010010000001001000000011100100000
0011001001101001001111111100101110010000010011101101101101100011111111010101001001101000011100100000
0011001001101001001111111100101110010000010111001101110111100111111111011101001001101000101100100001
0001001001101001001111101100100100010000010011101100101101100010111111010101000001101000101100100000
0011001001101001001111111100101110010000010011101100101101100010110111010101000001101000011100100000
0011001001101001001111111100101110110100011111001101100111100111111111111101001001101010011100101011
0001001001101000001011101100000100000000010011101000000001100010110001011000001001000000010100100000
0001001001101001001011101100000100000000010011101000000001100010110010010000001001000000101100100000
0001001001101001001111101100101110010000010111001101110101100110111111010101001001101000111100100001
0011001001101001001111111100101110010000010011101100101101100010110111010101000001101000011100100000
0011001001101001001111111100101110010000010011101100101101100011111111010101001001001000101100100000
0011001001101001001111111100101100010000010011101101110101100110111111011101001001101000101100100001
0001001001101001001111101100101110010000010111001101110101100110111111010101001001101000111100100001
0011001001101001001111111100101110010000010010101100101101100010110111010101000001101000011100100001
0011001001101001001111111100101100010000010011101100100101100010111111010001000001101000101100100000
