1716.0 -38200.0
309.0 -17570.0
1378.0 -36120.0
1307.0 -36110.0
1505.0 -37260.0
1597.0 -37320.0
1406.0 -36560.0
1430.0 -36670.0
1032.0 -33300.0
994.0 -32940.0
692.0 -28260.0
321.0 -18070.0
379.0 -20420.0
461.0 -22580.0
468.0 -23280.0
371.0 -20090.0
343.0 -19340.0
326.0 -18760.0
1231.0 -35440.0
1196.0 -35410.0
391.0 -20890.0
809.0 -30280.0
432.0 -21950.0
713.0 -28550.0
496.0 -24120.0
1285.0 -35770.0
845.0 -30810.0
1124.0 -34600.0
670.0 -28030.0
1154.0 -34790.0
480.0 -23380.0
738.0 -29000.0
396.0 -21160.0
1256.0 -35550.0
543.0 -25310.0
953.0 -32450.0
721.0 -28780.0
1477.0 -36740.0
449.0 -22310.0
603.0 -26800.0
1498.0 -37030.0
938.0 -32270.0
823.0 -30520.0
513.0 -24500.0
928.0 -32040.0
1088.0 -33900.0
1664.0 -37690.0
660.0 -27820.0
423.0 -21740.0
893.0 -31730.0
486.0 -23900.0
357.0 -19700.0
982.0 -32870.0
1610.0 -37340.0
1630.0 -37500.0
1269.0 -35740.0
655.0 -27550.0
569.0 -26000.0
413.0 -21430.0
526.0 -24850.0
1039.0 -33500.0
1480.0 -36850.0
628.0 -27210.0
1117.0 -34410.0
1699.0 -37990.0
550.0 -25540.0
885.0 -31490.0
588.0 -26510.0
1103.0 -34320.0
559.0 -25780.0
588.0 -26510.0
1170.0 -34980.0
620.0 -27040.0
786.0 -29920.0
786.0 -29920.0
856.0 -30960.0
755.0 -29160.0
970.0 -32620.0
916.0 -31850.0
876.0 -31070.0
761.0 -29510.0
1637.0 -37590.0
1699.0 -37990.0
1179.0 -35200.0
533.0 -24950.0
521.0 -24510.0
908.0 -31840.0
416.0 -21490.0
331.0 -18960.0
1674.0 -37770.0
455.0 -22390.0
820.0 -30400.0
635.0 -27410.0
756.0 -29240.0
643.0 -27430.0
573.0 -26210.0
1072.0 -33810.0
1164.0 -34910.0
1067.0 -33710.0
863.0 -31050.0
