0011001001101101011111111110101110111000011101101101100111110110111111111111011001101010111100100011
0011001000101001001111101100100100000000010000101100110101000000111111010101000000000000001000100000
0011001001101001001111101100100100010000010011101100100101100010111101011101001001000000101100100000
0011001001101001001111111100101110110000011111101101110111100111111111111111011001101000101100100001
0011001001101001001111111100101110010000010111101100110101100111111111111101001001101010001100100001
0011001001101001011111111100101110111000010111101101100111000111111111111101011001101010101100101001
0011001000101001001111101100100100010000010000101100110101000000111111010101001000000000001000100000
0011001001101001001111111100101110010000010111101100110101100110111111011101001001101000101100101001
0011001001101001011111111100101110110000011111101101110111000111111111111101011001101010101100101001
0011001001101001011111111100101110110000010111101101110111000111110111011111011001101010101100101001
0011001001101001011111111100101111111000010111101101100111000111110111111101011001101010101100101001
0011001001101001001111111100101110111000010111101101101111110110111111111101011001101000101100101001
0011001001101101011111111110101110111000011101101101100111110110111111011111011001101010111100100011
0011001000101001001111101100100100010000010001101100110101000000111111011101001000000000001000100000
0011001001101001001111101100100100010000010011101100110101100010111111011101001001101000101100100001
0011001001100001001111101100100100010000010011101100110101100010111101011001000001100000101100100000
0011001001101001001111101100100100010000010011101100110101100110111111011101001001101000101100100000
0011001001111001011111111100101110111000010110101101100111100111110111111111011001101010111100100011
0001001001100001001111101100100100010000010000101100110101000000111111010101001000000000001000100000
0011001000101001001111101100100100010000010000101100110101000000111101010101001001000000101100100001
0011001001101101011111111110101110111000011101101101100111110110111111111111011001101010101100100001
0011001001101001001111111100101110111000010111101101101111110110111111111101011001101010101100100011
0011001001101001011111111100101110111000010111101101110111000111110111111111001001101010101100100011
0011001001101001001111111100101110110000011111101101110111000111111111111101011001101010101100101001
0011001001101001011111111100101110010000010011101100110101100110111111011101001001101000101100100001
0011001001101001001111111100100100010000010111101100110101100110111111011101001001101000101100100001
0011001001101001001111101100100100010000010011101100110101100110111101011101001001101000101100100001
0011001001101001001111101100100100010000010001101100110101100010111111011101000001101000101100100000
0001001001101001011011101100100100010000010000101100110101000000111111010101001000000000001000100000
0011001001101101011111111110101110111000011101101101100111110110111111111101001001101010101100101011
0011001001101001001111111100101110010000010111101101110111000111110111111101011001101000101100101001
0011001001101001001111111100101110010000010111101101110111000111111111111101001001101000001100100001
0011001001101001001111111100101110010000011111101100110101100110111111011101001001101000101100100000
0011001001101001011111111100101110010000010111101101100111000111111111011101011001101010101101101001
0011001001101001001111111100101110010000010111101100110101100110111111111101011001101010001100100001
0011001001101001001111101100100100010000010111101101110101100110111111011101001001101000101100100001
0011001001101001001111111100101110010000010111101100110101100110111111011101001001101000001100100000
0011001001101001001111111100101110010000010111101100110101100110111111011101001001101000101100100001
0011001000101001001111101100100100010000010011101100100101100010111111011001000001101000001100100000
0011001001101001001111111100101100010000010111101100110101100110111101011101001001101000101100100001
0011001001101001001111111100101110110000010111101101110111000111110111111101011001101000101100101001
0011001001101001001111111100101110110000010111101101110111000111110111111101001001101000101100100001
0011001001101001001111101100100100010000010111101101110101100110111111011101001001101000101100100000
0011001001101001001111111100101100010000010111101100110101100110111111011101001001101000101100100000
0011001001101001011111111100101110111000010111101101110111000111110111111111011001101010101100110011
0001001001100001001111101100100100010000010000101100110101000000111111010101001000000000001000100000
0001001001100001001111101100100100010000010011101100110101100011111111011101001000000000001000100000
0011001001101001001111111100101110110000010111101101110111000111110111111101011001101000101100100001
0011001001101001001111111100101110110000010111101101110111000111110111111101001001101000101100101001
0011001001101101011111111110101110111000010111101101100111000111110111111111011001101010101100100001
0011001001101001001111111100100100010000010011101100100101100010111111011001000001101000001100100000
0001001001100001001111101100100100010000010011101100110001100011111111011101001000000000001000100000
0011001001101001001111111100100100010000010011101100100101100110111111011101001001101000101100100001
0011001001101001001111111100101110010000010111101100110101100110111111011101001001101000101100100000
0011001001101001001111111100100100010000010011101100100101100010111111011001000001100000101100100000
0011001001101001001111101100100100010000010001101100110101100011111111011101000001101000101100100001
0011001001101001001111111100101110010000010011101100110101100110111111011101001001101000101100100000
0001001001100001001111101100100100010000010011101100110001100011111111011101001000000000001000100000
0011001001101101011111111110101110111000011101101101100111110110111111011111011001101010111100100011
0011001000101001001111101100100100010000010000101100110101000000111111010101001001000000101100100001
0011001000101001001111101100100100010000010001101100010101100010111111011001000001100000101100100000
0011001001101001001111101100100100010000010011101100110101100011111111011101001000000000001000100000
0011001000101001001111101100100100010000010011101100010101100011111111011101001000000000001000100000
0011001001101001001111101100100100010000010011101100110101100110111111011101001001101000101100100001
0011001001101001001111101100100100010000010011101100100101100010111111011001000001101000001100100000
0011001001101001011111111100101110111000010111101101110111000111110111111111011001101010101100100011
0011001001101001001111101100100100010000010011101100100101100010111101011101001001000000101100100001
0011001001101001001111111100100100010000010001101100110101100010111111011101000001101000101100100000
0011001001101001011111111100101110010000010111101100110101100110111111111101011001101010001100100001
0011001001101101011111111110101110111000011101101101100111110110111111111111011001101010101100100011
0011001001101001001111101100100100010000010000101100110101000000111111011101001001000000001000100000
0011001001101001001111101100100100010000010011101100010101100011111111011101001001000000101100100001
0011001001101101011111111110101110111000011101101101100111110110111111111111011001101010101100100011
0011001001101001011111111100101110111000010111101101110111000111110111111111001001101010101100101001
0011001001101001001111111100101110110000010111101101110111000111110111111101011001101010101100101001
0011001001101001011111111100101110010000010101101101110101100111111111111101001001101000101100100001
0011001001101001011111111100101110010000010111101101110111000111111111111101001001101000001100100001
0011001001101001001111111100101110010000010111101101101111110110111111111101001001101010101100100011
0011001001101001011111111100101110010000010111101101110111000111111111111101001001101000101100100001
0011001001101001011111111100101110010100010111101101100111000111111111111101001001101000101100101001
0011001000101001001111101100100100010000010111101101110101100110111111010101001001101000101100100001
0111001001101001001111111100101110111000010111101101101111110110111111111101011001101010101100100011
0011001001101001001111111100100100010000010011101100110101100110111111011101001001101000101100100001
0011001001101001001111101100100100010000010011101100010101100011111111011101001000000000001000100000
0011001001101101011111111110101110111000011101101101100111110110111111111111011001101010101100100001
0011001001101001001111111100101110111000010110101101100111100111110111111111011001101010111100100011
0011001001101001001111101100100100010000010011101100100101100110111111011101001001101000101100100001
0011001001101001011111111100101110010000010111101101110111000111111111111101001001101000001100100001
0011001001101001001111111100100100010000010001101100110101100010111111011101000001101000101100100000
0011001001101001001111111100100100010000010011101100100101100010111111011101001001000000101100100001
0011001001101001001111101100100100010000010011101100000101100010111101011101001001000000101100100001
0011001001101001001111101100100000010000010111101101110101100110111111010101001001101000101100100001
0011001001101001011111111100101110010000010111101101110111000111111111111101001001101000101100100001
0011001000101001001111101100100100010000010001101100110101100010111111011001000001100000101100100000
0011001001101001001111111100101100010000010111101100110101100111111111011101001001101000101100100000
0011001001101001011111111100101110111000010111101101110111000111110111111111001001101010101100101001
0011001001101101011111111110101110111000011101101101100111100110111111011111011001101010111100101001
0011001001101001001111101100100100010000010011101100010101100010111111011100001001101000001100100001
0011001000101001001111101100100100010000010001101100110101100010111111011101000001101000101100100000
0011001001101001001111111100101100010000010111101100110101100111111111011101001001101000101100100000
