2156.0 -39720.0
331.0 -18050.0
1967.0 -38940.0
393.0 -21140.0
1759.0 -38840.0
389.0 -18900.0
1411.0 -36860.0
384.0 -18170.0
1657.0 -38000.0
518.0 -24770.0
545.0 -25530.0
1292.0 -36110.0
449.0 -22880.0
464.0 -23120.0
1174.0 -34940.0
1371.0 -36570.0
781.0 -30060.0
1341.0 -36280.0
888.0 -31820.0
1494.0 -36880.0
1600.0 -37930.0
1698.0 -38260.0
1734.0 -38820.0
992.0 -33400.0
768.0 -29430.0
715.0 -28580.0
1545.0 -37490.0
2081.0 -39390.0
2020.0 -38950.0
415.0 -21660.0
614.0 -26400.0
434.0 -22170.0
740.0 -28990.0
1587.0 -37630.0
832.0 -30890.0
389.0 -18900.0
1199.0 -35350.0
1238.0 -35370.0
652.0 -27540.0
2081.0 -39390.0
422.0 -21690.0
661.0 -27720.0
1125.0 -34830.0
594.0 -26130.0
978.0 -33100.0
1248.0 -35540.0
1052.0 -33760.0
1177.0 -35320.0
1057.0 -34020.0
1522.0 -37180.0
2045.0 -39360.0
1020.0 -33600.0
472.0 -23770.0
1090.0 -34370.0
434.0 -22170.0
865.0 -31250.0
945.0 -32640.0
914.0 -32190.0
1359.0 -36380.0
681.0 -27930.0
858.0 -31050.0
952.0 -32750.0
741.0 -29100.0
514.0 -24460.0
1530.0 -37380.0
1114.0 -34390.0
494.0 -24030.0
641.0 -27200.0
640.0 -27120.0
618.0 -26710.0
814.0 -30450.0
499.0 -24410.0
1265.0 -35760.0
1709.0 -38410.0
1265.0 -35760.0
1031.0 -33620.0
474.0 -23810.0
579.0 -25940.0
911.0 -31940.0
865.0 -31250.0
2025.0 -39150.0
838.0 -30960.0
925.0 -32420.0
575.0 -25620.0
1599.0 -37650.0
2037.0 -39220.0
1709.0 -38410.0
569.0 -25600.0
708.0 -28440.0
801.0 -30130.0
619.0 -26900.0
1077.0 -34170.0
814.0 -30450.0
702.0 -28290.0
698.0 -28140.0
1115.0 -34680.0
1508.0 -36940.0
901.0 -31870.0
585.0 -26020.0
925.0 -32420.0
