0001001001000001001101101100000100000000011000001000000001100010000111001000000000000000000000100000
0011001001101101011111111110101111110100011011101101111111110110110111111111010001001011001100101001
0001001001000001001101101100000100000000011000001000000001100010000111001000000000000000000000100000
0001001000100001001011101100100000000000011000001100000001100010110111010100000001000000001100100000
0011001001101101011111111110101111110100011011101101111111110110110111111111010001001011001100100001
0001001001000001001101101100000100000000001000001100000001100010110111010100000001000000001000100000
0011001001101001011111111110101111110100011011101101111111110110110111111111010001101010001100100001
0001001001000001001101101100000100000000011000001100000001100010110111010100000001000000001000100000
1011001001101001011111111100101110110000011011101101111111110110111111111111010001101010101100100001
0001001001000001001101101100000100000000011000001100000001100010100111001000000000000000000000100000
0011001001101001011111111110101110110100011111101101110111110110110111111111011001001000011100101001
0011001001101001011111111100101110110000011011101101111111110110111111010101011001101010001100110001
0001001000100001001111101000100000010000011001001100100001100010110111010100000001000000001100100000
0011001001101001011111111110101110110100011111101101111111110110110111111111011001001000011100101001
0011011001101001011111111110101110110100011111101101111111110110110111111111011001001000011100101001
0011001001101101011111111100101110110100011011101101111111100110111111010101010001101010001100100001
0001001001101001001111101100100100010000010011101100100001100010111111010101000001001000001100100001
0011001001101001011111111100101110110000011011101101111111110110111111111111010001101010101100100001
0011001001101001011111111100101110110000011011101101111111100110110111010101000001101010101100100001
0011001001101001001111111100101110010000011111101101100101100110111111010101010001101010001100110001
0011001001101001001111111100101110010000010011101100100101100110111111010101011001001000001100100001
0001001001101001001111101100100100010000010011101100100001100010111111010100001001001000001100100001
0011001001101001001111111100111110110000011011101101100101100110111111110101010001101010111100101001
0001001001101001001111101100100100010000010011101101100101100110111111010101001001001000001100100001
0011001001101001001111111100101110110000011011101101101111110110110111111101011001001010001100100001
1011001001101001001111111100101110010000011011101101100111100110111111010101010001101010011100100001
0001001000100001001011101100100000000000011000001100000001100010110111001000000001000000001000100000
0001001001101001001111101100100100010000010011101101100101100010111111010101001001001000001100100001
0001001001000001001101101100000100000000011000001100000001100010000111001000000000000000000000100000
0001001000000001011101101100000100000000011000001100010001100010100111001000000000000000000000100000
0011001001101001001111111100101110010000011011101101100101100110111111010101011001001000001100100001
0001001000101001001111101100100100010000010011101100100101100010111111010100000001000000001100100001
0011001001101001001111111100100100010000011011101101100101100110111111010101000001100000001000100000
0011001001101001001111111100101110010000011011101101100101100110111111010101010001101010001100100001
0011001001101001001111111100100100010000011011101101100101100110111111010101000001101010111100100001
0001001000101001001011101100100100010000010011001000100101100010110111010100000001000000001000100000
0011001001101001001111111100101110010000011011101100100101100110111111010101010001001000001100100000
0011001001101001001111111100101110110000011011101101100101100110111111010101000001101010011100100001
0001001000101001001111101100100100010000010011001100100001100010110101011100000001000000001100100000
0011001001101001001111101100100100010000011011101100100111100010111111010100000001000000001100100000
0001001000101001001111101100100100010000010011001100100101100010111111010100000001000000001100100000
0001001001101001001111111100101110010000010011101101100101100110111111010101010001101010001100100001
0011001001101001001111111100101110010000011111101101100101100110111111010101010001101010001100100001
0011001001101001001111111100101110010000011011101101100101100110111111010101010001101010001100110001
0011001001101001001111111100111110110000011011101101100101100110111111010101010001101010011100100001
0011001001101001001111101100100100010000011001101101100101100010110111011101001001001000001100100000
0011001001101001011111111100101110110000011011101101111111110110110111111111010001101010001100100000
0001001001000001001101101100000100000000011000001100000001100010100111001000000000000000000000100000
0001001001101001001111111100101110010000011011101101100101100110111111010101011001001000001100100001
0011001001101001001111101100100100010000010011101100100101100010111111010100000001000000001100100001
0001001000100001001111101000100000010000011001101100100001100010110101010100000001000000001100100000
0001001000101001001111101100100100010000010011101100100101100010111111010100000001000000001100100000
0011001001101001001111101100100100010000011011101101100101100110111111011101001001001000001100100000
0011001001101001001111111100100100010000010011101100100101100110110111011101001001001000001100101001
0001001000101001001011101100100100010000010011001100100101100010110101010100000001000000001000100000
0001001001000001001101101100000100000000011000001000100001100010000111001000000000000000000000100000
0011001001101001001111111100101110110000011011101101100101100110111111010101000001101010101100100001
0011001001101001001111111100100100010000011011101101100101100110111111010101001001001000101100101001
0001001001101001001111101100100100010000010011101100100001100010111111010100000001000000001100100000
0011001001101001011111111100101110110000011011101101111111110110110111111111010001101010001100100001
0011001001101001001111111100111110110000011011101101100101100110111111010101010001101010001100100001
0001001000101001001111101100100100010000010011001101100101100010110111010100000001000000001100100000
0011001001101001011111111100101110110000011011101101111111110110110111111111011001001000001100100001
0011001001101001001111111100101110010000011011101101100101100110110111010101000001101010101100100001
0011001001101001001111101100100100010000011011101101100101100010110111010101000001000000001100100001
0001001000100001001111101000100000010000011011001100100001100010110111010100000001000000001100100000
0011001001101001001111111100101110010000011011101101100101100110111111010101001001001000011100100001
0011001001101001001111111100100100010000011011101101110101100010110111010101000001000000001100100001
0011001001101001001111111100100100010000010011101100100101100110110111011101001001001000001100100001
0011001001101001001111101100100100010000011011101101100101100010110111010101000001000000001100100001
0001001000101001001111101100100100010000010011001100100101100010111111010100001001001000001100100001
0011001001101001001111101100100100010000011011101101100101100110111111010101001001001000001100100001
0011001001101001011111111100101110110000011011101101111111110110111111010101011001001000001100100001
0001001001101001001111101100100100010000010011101100100001100010111111010101000001000000001100100000
0011001001101001011111111100101110110000011011101101111111110110111111111111010001101010101100100001
0001001000101001001011101100100100010000010011101100100101100010111111010100000001000000001100100000
0001001000100001001111101000100000010000011011001100100001100010110111010100000001000000001100100000
0011001001101001011111111100101110110000011011101101111111110110110111111111010001101010001100100001
0011001001101001011111111100101110110000011011101101111111110110111111111111010001001010011100100001
0001001000101001001011101100100100010000010001001100100101100010111111010100000001000000001100100000
0001001000001001001011101100100100010000010011101100100101100010111111010100000001000000001100100000
0001001000101001001011101100100100010000010011001100100101100010110111010100000001000000001000100000
0001001001101001001111111100100100010000010011101101100101100110111111010101001001001000001100100001
0001001000101001001011101100100100010000010011001100100101100010110111010100000001000000001000100000
0011001001101001001111111100100100010000010011101101100101100110111111010101001001001000001100100001
0011001001101001011111111100101110110000011011101101111111110110111111010101011001001000001100100001
0011001001101001001111111100100100010000011011101101100101100110111111010101001001001000001100100001
0001001001101001001111111100101110010000011011101101100101100110111111010101000001101010111100100001
0011001001101001001111111100100100010000011011101101100101100110111111010101000001101010011100100001
0001001000101001001011101100100100010000010011101100100101100010110111010100000001000000001000100000
0001001000101001001011101100100100010000010011101100100101100010110111010100000001000000001000100000
0011001001101001001111111100100100010000011011101101100101100110111111010101000001101010011100100001
0011001001101001001111111100101110010000011011101100100101100010111111010100000001000000001100100000
0001001001101001001111111100101110010000011011101101100101100110111111010101000001000000001100100001
0001001001101001001111111100100100010000011011101101100101100010110111010101000001000000001100100001
0011001001101001011111111100101110110000011011101101111111110110111111111111010001001010101100100001
0001001001101001001111101100100100010000010011101100100001100010111111010101000001000000001100100000
0011001001101001001111101100100100010000010011101101100101100110111111010101001001001000001100100001
0011001001101001001111111100100100010000010011101101100101100110111111010101001001001000001100101001
0011001001101001001111111100101110010000011011101100110101100110111111110101001001001000001100100001
