0001001000000000001011001100100000000000010011000000110101000010100101000101000001000000000000100000
0011011001101001011111111110101110111110111111101101110111100110111111111111011001101010101100101001
0001001000101001001011101100100000000000010011000100110101000010100111010101000001000000000000100000
0111001001101001001111111100101110110100111111101101110111100110111111111111011001101010101100101001
0011001001101001001111111100101110010000011111101101110111100110111111111111011001101010101100101001
0001001000000000001011001100100000000000010011000100110101000010100101010101000001000000000000100000
0111001001101001001111111100101110111100011101101101110111100111111111110111011001101010101100101001
0001001000100001001111101100100000000000011010101100000001100010111111010100000001000000000100100000
0001001000101001001111101100100100010000010010101100000101100010111111010100000001000000000000100000
0001001000000000001011001100100000000000010011000100110101000010100101000101000001000000000000100000
0011001001101001011111111110101110111110111111101101110111100110111111111111011001101010101100101001
0011001001101001001111111100101110111110111111101101110111100110111111111111011001101010101100101001
0001001000000000001111101100100000000000010011000100000001000010101101000101000001000000001100100000
0001001000000001001111101100100000000000010011000100000001000010101101000101000001000000001100101000
0001001001101001001111111100101110110100011101101101110111100110111111110111011001101010101100101001
0001001000001001001111101100100000000000001011101100110101000010111111010101001001000000000100100000
0011001001101001001111111100100110010000011011101100110101100010111111011100001001000000001100100000
0001001000001001001111101100100100010000010010101100000101100010111111010100001001000000000100100000
0001001000000001001111101100100000000000010011000100000001000010101101000101000001000000001100100000
0011001001101001001111101100100100010000011011101100100101100010111111011101001001000000001100100000
0011001001101001001111111100101110010000010011101100110101100111111111011101001001101010101100101001
0001001001101001001111111100101110010000011011101100110111100111111111011101001001101010101100101001
1111001001101001001111111100101110110110111111101101110111100110111111111111011001101010101100101001
0001001000101001001111101100100100010000010010101100000101100010111111010100000001000000000100100000
0011001001101001001111111100101110110110111111101101110111100110111111111111011001101010101100101001
0011001001101001001111111100101110010000011011101101110111100110111111111111011001101010101100101001
0011001001101001001111101100100110010000011011101100100101100010111111011101001001000000001100100000
0011001001101001001111111100101110110100111111101101110111100110111111011111011001101010101100101001
0011001001101001001111111100101110110100111111101101110111100110111111111111011001101010101100101001
0011001001101001001111111100101110111110111111101101110111101110111111111111011001101010101100101001
0001001000000000001011001100100000000000010011000100000001100010101101000101000001000000001100100000
0011001001101001001111111100101111110110111111101101110111100110111111111111011001101010101100101001
0011001001101001001111111100100110010000011011101100110101100010111111011101001001001000001100100000
0001001001101001001111111100101110010000011011101100110101100111111111011101001001101010101100101001
0011001001101001011111111100101110110100011101101101110111100110111111111111011001101000001100101001
0011001001101001001111111100100110010000011011101100110101100010111111011100001001001000101100100001
0001001001101001001111101100100110010000011011101100100101100010111111011101001001000000001100100000
0001001001101001001111101100100100010000011011101100110101100010111111011101001001100000001100100000
0011001001101001001011101100100100010000010011101000100101100010111111011101001001000000001100100000
0011001001101001001111111110101110111110111111101101110111100110111111111111001001101010101100101001
0001001000100001001111101100100000000000011010101100000001100010111111010100001001000000000100100000
0011001001101011001111111100101110111110111111101101110111100110111111111111011001101010101100101001
0001001001101001001111111100101110010000010011101100100101100111111111011101001001001000101100100000
0011001001101001001111111100101110010000011011101101110111100111111111110111011001101000001100101001
0001001000100001001111101100100000000000011010101100000001100010111111010100001001000010000100100000
0011001001101001001111111100101110110110111111101101110111110110111111111111011001101010101100101001
0011001001101001001111111100101110010000010011101101110111100111111111011101001001001000101100100000
0011001001101001001111111100101110010000010011101100110101100111111111011101001001001000001100100000
0011001001101001001111111100101110010000010011101100110111100111111111011101001001101010101100101001
0011001001101101001111111100101110010000010011101101110111100111111111011101011001101010101100101001
0011001001101001001111111100101110010000010011101100110101100111111111011101001001000000001100100000
0011001001101001001111111100101110010000011011101101110111100111111111110111011001101010101100101001
0011001001101001001111111110101110111110111111101101110111100110111111111111011001101010101100101001
0001001001101001001111101100100110010000011011101100100101100010111111011101001001000000001100100001
0001001001101001001111101100100100010000010010101100000101100010111111010100001001000000000100100000
0001001001101001001111101100100100010000011011101100100101100010111111011101001001000000001100100000
0011001001101001001111111100101110010000011011101100110101100111111111111101001001001000101100100000
0011001001101001001111111100101110010000010011101100110101100111111111010101001001001000101100100001
0001001001101001001111101100100100010000010010101100000101100010111111010100000001000000000100100000
0011001001101001001111101100101110010000011011101100100101100111111111011101001001001000101100100000
0011001001101001001111111100100110010000011011101100110101100010111111011101001001100000001100100000
0011001001101001011111111100101110010000011011101100110111100111111111011101001001101010101100101001
0001001001101001001111101100100110010000011011101100110101100010111111010101001001001000101100100001
0001001000101001001011101100100100010000011011101100000101100010111111010100001001000000000100100000
0011001001101001001111111100101110010000011011101100110101100110111111011101001001001000101100100000
0001001001101001001111101100100100010000010011101000100101100010111111011101001001000000001100100000
0001001000000000001011001100100000000000010011000100000001100010100101000101000001000000001100100000
0011001001101001001111111100100110010000011011101100110101100010111111011101001001000000001100100000
0011001001101001001111111100101110110110111111101101111111110110111111111111011001101010101100101001
0001001001101001001111111100101110110100111111101101110111100110111111111111011001101010101100101001
0011001001101001001111111110101110111110111111101101010111100110111111111111011001101010101100101001
0011001001101001001111111100101110010000011011101101110111100111111111011101000001101010101100101001
0001001000101001001111101100100100010000010010101100000101100010111111011100001001000000001100100000
0011001001101001001111111100101110010000011111101100110111100110111111111101011001101010101100101001
0011001001101001001111111100101110010000011011101101110111100111111111111111011001101000001100101001
0001001001101001001111101100100100010000010010101100000101100010111111011100001001000000001100100000
0011001001101001001111111100100110010000011011101100110101100010111111011101001001000000001100100000
0001001001101001001111101100100100010000010000101100000101100010111111010100001001000000000100100000
0011001001101001001111111100101110010000010011101101110111100111111111011101011001101010101100101001
0001001000000000001011001100100000000000010011000100000001100010100101000101000001000000001100100000
0011001001101001001111111100101110010000011011101100110101100111111111010101001001001000101100100001
0011001001101001001111111100101110010000011111101100110111100110111111111101011001101010101100101001
0011001000101001001011101100100100010000011011101100100101100010111111010100001001000000001100100000
0011001001101001001111111100101110010000010011101100110101100111111111011101001001001000101100101001
0011001001101001001111101100101110010000011011101100110101100111111111011101001001001000101100100000
0011001001111001001111111100101110110110111111101101110111110110111111111111011001101010101100101001
0011001001101001001111111100101110010000011011101101100101100010111111011101001001000000001100100000
0011001001101001001111111100101110010000010011101100110101100111111101011101001001101000001100101001
0001001000101001001011101100100100010000011011101100110101100010111111011101001001000000001100100000
0011001001101001001111111100101110010000010011101101110111100111111111011101011001101010101100101001
0001001001101001001111111100101110010000011011101100110101100010111111011101001001000000001100100000
0011001001101001001111111100101110010000011011101101110111100111111111011101001001101010101100101001
0011001000101001001011101100100100010000011011101100000101100010111111010101001001000000000100100000
0011001001101001001111111100101110010000011011101101110101100010111111011101001001000000001100100000
0001001001101001001111111100101110110100011101101101110111100110111111111111011001101010101100101001
0001001001101001001111101100100100010000011011101100100101100010111111011100000001000000000100100000
0001001001101001001111101100100100010000010011001000100101100010111111011101001001000000001100100000
0001001001101001001111111100101110010000010011101100110101100010111111011101001001000000001100100000
0001001001101001001111111100101110010000010011101100110111100110111111111101011001101000101100101001
0001001001101001001111111100101110010000011011101100110101100110111111010101001001001000101100100001
