1835.0 -37500.0
256.0 -15810.0
1835.0 -37500.0
320.0 -18920.0
306.0 -16990.0
1545.0 -36590.0
281.0 -16580.0
1734.0 -37400.0
1322.0 -35990.0
1227.0 -35280.0
1410.0 -36030.0
1807.0 -37450.0
379.0 -21290.0
1478.0 -36530.0
1457.0 -36320.0
1301.0 -35370.0
350.0 -20350.0
1692.0 -37170.0
523.0 -25240.0
1662.0 -36830.0
368.0 -20420.0
510.0 -24870.0
1156.0 -34550.0
1606.0 -36720.0
429.0 -22810.0
474.0 -24210.0
464.0 -23800.0
1311.0 -35510.0
972.0 -32690.0
1606.0 -36720.0
444.0 -23270.0
335.0 -19500.0
590.0 -26370.0
732.0 -29060.0
723.0 -28750.0
894.0 -31570.0
419.0 -22670.0
575.0 -26060.0
992.0 -32900.0
1200.0 -34880.0
851.0 -31060.0
1135.0 -34080.0
700.0 -28660.0
1206.0 -35070.0
882.0 -31370.0
505.0 -24410.0
747.0 -29260.0
1670.0 -36970.0
384.0 -21680.0
400.0 -21750.0
1410.0 -36030.0
786.0 -30000.0
817.0 -30640.0
1068.0 -33790.0
757.0 -29470.0
407.0 -22100.0
1103.0 -34050.0
772.0 -29580.0
935.0 -32090.0
686.0 -28030.0
919.0 -31970.0
875.0 -31070.0
1000.0 -33100.0
489.0 -24400.0
969.0 -32310.0
784.0 -29740.0
306.0 -16990.0
461.0 -23470.0
1040.0 -33380.0
1082.0 -33840.0
665.0 -27820.0
1048.0 -33640.0
548.0 -25650.0
548.0 -25650.0
658.0 -27590.0
632.0 -27180.0
844.0 -30710.0
1020.0 -33320.0
1101.0 -33900.0
557.0 -25840.0
639.0 -27360.0
1015.0 -33210.0
952.0 -32150.0
913.0 -31760.0
569.0 -25860.0
1139.0 -34340.0
687.0 -28150.0
602.0 -26810.0
801.0 -30190.0
1154.0 -34450.0
843.0 -30650.0
449.0 -23420.0
614.0 -26820.0
409.0 -22280.0
1200.0 -34880.0
601.0 -26550.0
642.0 -27540.0
955.0 -32300.0
1045.0 -33550.0
624.0 -27040.0
