0001101001101001001111111100101111111100111110101101111111110111111111111011011001101010101100101011
0001101001101001001111111100101111111100111110101101111111110111111111111011011001101010101100101011
0001001001000001001111101100100100000000010100000000110001000001101011000000000000000000000000100000
0001001000001001001110101100100100000000011101000000100001000111110101010000001001000000001000100000
0001001000101001001111101100100100000000011001000000100001000110111101010100001001000000001000100000
0001001000001001001110101100100100000000011101000000100001000111110101010000001001000000000000100000
0011001001101001001111111100101111111100111110101101111111110111111111111001011001101010101100101001
0001001001101001001111111100101110011000011110101101110111010111111111011111011001101000011100101001
0011001001101001001111111100101110011000011110101101111111110111111101010101001001101000101100101001
0001001001101001011111111100101110010000011110101101110111110111111111010111011001101010111100101001
0001001001000001001111101100100100000000010100000000110001000101101011000000000001000000000000100000
0001001001000001001111101100100100000000010100000000110001000101101011000000000001000000000000100000
0011001001101001001111111100101110011000011110101101111111110110111111111011011001101011101100101001
0001001001101101001111111100101110011000011111101101111111110110111111011011001001101000101100101011
0001001001101001001111111100101110110100011110101101111111010111111111010111011001101010111100101001
0011001001101001001111111100101110011000011110101101111111110110111111011011011001101011101100101001
0001001001101001001111101100100100010000011011101100110101100111111101010101001001000000101100100000
0001001001101001001111111100101110010100011111101101110111110111111111010101001001101000001100101001
0001001001101001001111101100100100010000011011101100100101100110111101010101001001001000001100100000
0001001001101001001111111100101110010000011110101101110111110111111111010101001001101010001100101001
0001001001101001001111111100101111111100111110101101111011110111111111111011011001101010101100101001
0001001001101001001111111100101111111100111110101101111111110111111111111011011001101010101100101011
0001001000101001001111101100100100010000010011101100100001000101111101010101001001000000000000100000
0001001001111001001111111100101110010000011110001101110101110111111111010101001001101000101100101001
0001001000101001001111111100100100000000011001000000100001010011111101010101001001000000000000100000
0001000001000001001111101100100100000000010101000000110001000101111011000000000001000000001000100000
0011001001101001001111101100100100010000011000000000100001000110111101010100001001000000001000100000
0001001001101001001111111100101110010000011111101101101101100110111101010101001001101000001100101001
0001001001000001001111101100100100000000010101000000110001000101111011000000000001000000000000100000
0001001001101001001111111100101110011000011110101101111111110110111111111011011001101011101100101001
0011001001101001001111111100101110011000011110101101111111110110111111011011001001101010101100101011
0001001000101001001111101100100100000000011011000000100001000111111101010101001001000000100000100000
0011001001101001001111111100101110010100011110101101110111110111111111010101001001101010111100101001
0001001000101001001111101100100000010000011011101100100001000111111101010101001001000010000000100000
0001001001101001001111111100101110010000011011101100100101100110111101010101001001101000001100100000
0001001001101001001111101100100100010000011011101100110101000111111101010101000001000000101100100000
0001001001101001011111101100100100010000011011101100100101100110111101010101001001001000001100100000
0001001001101001001111101100100100010000011011101100100001000101111101010101001001000000000000100000
0001001001101001001111111101101111111100011111101101110111110111111111011011001001101010101100101011
0001001001101001001111111100101100010000011111101101101101100110111101010101001001101000001100101001
0001001001111001001111111100101110010000011110101101110101110111111111010101001001101000101100101001
0001001001101001001111111100101100010000011011101100100101100111111101010101001001101000001100100000
0001001001101001001111111100100100010000011011101100100101000111111101010101001001101000001100100000
0011001001101001001111111100101110010000011011101100100101100110111101010101001001101010111100101001
0001001001101001001111101100100100010000011111101100110101000111111101010101001001000000001000100000
0001001001101001001111101100100100010000011000000000100001000110111101010100001001000000001000100000
0001001001101001001111111100101111111100111110101101111111110111111111111011001001101010101100100011
0001001001101001001111111100101110010000011011101100100101100111111101010101001001101010001100100000
0001001000101001001111100100100100010000011011101100100101100110111101010000001001000000101000100000
0001001001101001001111111100101110011000011110101101111111010111111111011111011001101000011100101001
0001001001101001001111111100101110010000011011101100100101100110111101010101001001101010111100101001
0001001001101001001111111100100100010000010111101101100101100111111111010101001001101000101100100000
0011001001101001001111111100101110010100011111101101110111110111111111010101001001101010001100101001
0001001001101001001111111100101110010000011111101101100001100110111101010101001001101000101100100000
0001001001101001001111111100101100010000010011101100100101100110111101010101001001001000101100101001
0011001001101001001111111100101110010100011110101101110111110111111111010101001001101010001100101001
0001001001101001001111101100100100010000011001000000100001000110111101010100001001000000001000100000
0011001000101001001111111100101110010000011111101101101101000110111101010101001001101000001100101001
0001001001101001001111111100100100010000011011101100110101000110111101010101001001101000101100100000
0001001001101001001111101100100100010000010111101100100101100111111101010101001001101000001100100000
0001001001101001001111111100101110010000011111101100100101100110111101010101001001001000101100101000
0001001001101001001111111100100100010000010111101100100101100111111101010101001001101000001100100000
0001101001101001001111111100101111111100011110101101111111110111111111111011001001101010101100101011
0001001001101001001111101100100100010000011011101100100101100110111101010000001001000000101000100000
0001001001101001001111101100100100010000011011101100100101000111111101010101001001000000001000100000
0001001001101001001111101100100100010000011011101100110101000110111101010101001001101000001100100000
0001001000101001001111101100100100010000011011101100100001000111111101010101000001000000101000100000
0001001001101001001111101100100100010000011011101100100101100110111101010101001001101000101100100000
0001001001101001001111111100101100010000011011101100100101100110111101010101001001001000001100100000
0001001000101001001111101100100100010000011011101100100001000111111101010101001001000000101000100000
0001001000101001001111101100100100000000011011000000100001000111111101010101001001000000100000100000
0001001001101001001111101100100100010000011011101100110101000110111101010101001001101000101100100000
0011001001101001001111111100101100010000011011101100100101100111111101010101001001101000001100100000
0001001001101001001111111100101100010000011011101100100101100111111101010001001001101000001100100000
0001001001101001001111111100101111111100111110101101111111110111111111111011001001101010101100101011
0001001001101001001111111100101110011000011110101101111111010111111111011111011001101000011100101001
0001001001101001001111111100101100010000011111101101101101100110111101010101001001101000101100100000
0001001001101001001111101100100100010000011011101100100101100111111101010101001001000000001000100000
0011001001101001001111111100101110010100011110101101110111110111111111010101001001101010111100101001
0001001001101001001111101100100100010000011011101100110101000111111101010101001001000000001000100000
0001001001101001001111111100101110010100011111101101110111110111111111010101001001101010001100101001
0001001001101001001111101100100100010000011011101100100001000111111101010101001001000000001000100000
0001001001101001001111111100101110010100011111101101110111110111111111010101001001101010001100101001
0011001001101001001111111100101110011000011110101101111111010111111111011111011001101000011100101001
0001001001101001001111101100100100010000011011101100110101000111111101010101001001000000101100100000
0011001001101001001111111100101110011000011110101101111111010111111111011111011001101000011100101001
0011001001101001001111111100101110011000011110101101111111110110111111011011001001101010101100101011
0001001001101001001111111100101110010000011111101101100001100111111101010101001001101000001100100000
0001001001101001001111111100101110010000011110101101110111110111111101010101001001101000101100101001
0001001001101001001111111100101111111100011110101101111111010111111111011011011001101010101100101011
0001001001101001001111101100100100010000011011101100110101000111111101010101001001101000001100100000
0001001001101001001111111100101110010000011110101101110111110111111101010101001001101000101100101001
0001001000101001001111101100100100010000011011101100100001000111111101010101000001000000101000100000
0001001001101001001111111100101110010000011111101100100101100111111101010101001001101010001100100000
0001001001101001001111111100100100010000010111101100100101100111111101010101001001101010001100100000
0001001001101001001111101100100100010000011011101100110101000111111101010101001001000000101100100000
0001001001101001001111101100100100010000011011101100100001000111111101010101001001000000001000100000
0001001001101001001111101100100100010000011000000000100001000110111101010100001001000000001000100000
0001101001101001001111111100101111111100111110101101111111110111111111111011011001101010101100101001
0001001001101001001111111100100100010000010111101100100101100111111101010101001001101010001100100000
