0001000000100001001101100100100000010000010100101100110101100010110111010000001001000000001100100000
0011001001101001011111111110101111111100010110101101100111100111111111111111011001101010101100100001
0001000000100001001101100100100000010000010100101100110101100010110111010000001001000000001100100000
0001001000100001001101100100100000010000010100101100110101100010110111010000001001000000001100100000
0001001001101001001111101000100000010000010100101100110101100011111111010100001001000000001100100000
0001001000100001001111100100100000010000010100101100100101100010110111010000001001000000001100100000
0001001001101001001111101100100100010000010011101100100101100010110111010100001001000000001100100000
0011001001101001011111111100101110110000011111001111100111100111111111111111011001101010101100101011
0011001001101001011111111100101110110100010111101101100111100111111111111101001001101010101100101001
0001001001101001001111101000100000010000010100101100100101100010110111010000001001000000001100100000
0011001001101001011111111100101110010000010111101101100111100111111111110111011001101010111100100001
0011001001101001011111111110101111111000010110101101100111100111111111110111001001101010101100101001
0011001001101001001111101100100100010000010011101101100101100011111111010101001001101000001100100001
0011001001101001011111111100101110010000010011101101100101100111111111010101001001101000001100100001
0011001001101001011111111100101110110100010110101101100111100111111111111111011001101010101100100001
0011001001101001001111101100100100010000010011101100000101110011111111010101001001001000101100100001
0011001001101101011111111100101110010000011111101101100111100111111111010101001001101010101100100001
0011001001101001011111111100101110010000010111101101100111100010111111010101001001101010101100100001
0011001001101001011111111100101110110000011111001101100111100111111111111111011001101010101100101001
0001000000100001001101100100100000010000011100101100110101100010110111010000001001000000001100100000
0011001001101001011111111100101110010000010111101101100111100010111111010101001001101000001100100001
0011001001101001011111111100101110010000010111101101100111100111111111011101001001101010101100101001
0011001001101101011111111110101111111000010110101101100111100111111111110111011001101010101100100001
0011001001101001011111101100100100010000010011101101100101100010111111010100001001101000001100100001
0001001001101001001111101100100100010000010001101101100101100011111111010101001001101000001100100001
0011001001101001011111111100101110010000010011101100110101100010110111010100001001000000001100100000
0011001001101101011111111100101110111000010110101101101111010111111111111111011001101010111100100001
0011001001101001011111111100101110010000010111101101100111100111111111111101001001101010111100101001
0011001001101001011111111100101110010000010111101101100111100111111111111101001001101010101100101001
0011001001101001011111111100101111111000010110101101110111100111111111111101001001101010101100100001
0011001001101001011111101100100110010000010011101101100101100011111111010101001001101000001100100001
0011001001101001011111111100101110010000010001101101100101100011111111010101001001101000001100100001
0011001001101001011111111100111111111000010110101101100111100111111111110111001001101010101100100011
0001001000100001001111100100100000010000010100101100110101100011111111010000001001000000001100100000
0011001001101001011111111100101110010000010111101101100111100111111111010101001001101010101100101001
0011001001101001001111101100100100010000010011101100100101100011110111010101000001001000001100100001
0011001001101001011111111100101110010000010011101101100101100010111111010101001001101000001100100001
0001001000100001001111100100100000010000010100101100100101100011111111010100001001000000001100100000
0011001001101001001111101100100110010000010011101101100101100010110111010100001001000000001100100000
0011001001101001001111101100100100010000010011101101100101100010110111010100001001100000001100100000
0011001001101001001111101100100100010000010011101100100101100011110111010101000001000000001100100000
0011001001101001011111111100101111111000010110101101100111100111111111110111001001101010101100101001
0001001001101001001111101100100100010000010011101101100101100010110111010100001001100000001100100000
0011001001101001011111111100101110111000010110101101100111100111111111110111001001101010101100101001
0011001001101001011111111100101110110000011111001101100111100111111111110101001001101010101100100001
0001001001101001001111101000100000010000010110101100100101100010110111010000001001000000001100100000
0011001001101001011111111100101110010000011110101101100111100111111111010101001001101010101100100001
0011001001101001011111111100101110110000011111001101100111100111111111110101011001101010111100100001
0011001001101001011111111100101110110000011111001101100111100111111111110111001001101010101100101001
0011001001101101011111111110101110111000010110101101100111010111111111111111011001101010111100100001
0011001001101001001111101100100100010000010011101101100101100011111111010101001001101000001100101001
0011001001101001011111111100101110010000011111101101100111100111111111010101001001101010101100100001
0011001001101001011111111100101110110000011111001101100111100111111111111111011001101010101100100001
0001001001101001001111101100100110010000010011101101100101100010110111010100001001000000001100100000
0011001001101001011111111110101111111000010110101101100111100111111111111111011001101010101100100001
0011001001101001011111111100101110010000010011101101100101110010111111010101001001101000001100100001
0011001001101001011111111100100100010000010011101100100101100010111111010101001001101010101100100001
0011001001101001011111111100101110010000010111101101100111100111111111010101001001101000001100100001
0011001001101001011111111100101111111000010110101101100111100111111111110111011001101010101100100001
0011001001101001011111111100100100010000010011101100100101100010111111010101001001000000001100100000
0001001000100001001111100100100000010000010100101100100101100011111111010100001001000000001100100000
0011001001101001011111111100101110010000010011101101100101100111111111010101001001101010101100100001
0011001001101001001111101100100100010000010011101100100101100011110111010101000001001000001100101001
0011001001111101011111111100101110111000010110101101100111010111111111111111011001101010111100100001
0001001001101001001111101000100000010000010100101100110101100010110111010100001001000000001100100000
0011001001101001011111101100101110010000010011101100100101100010111111010101001001101000001100100001
0011001001101001011111111100101110010000010011101101100101100010110111010100001001001000001100100001
0011001001101001011111111100101111111000010110101101100111100111111111110101011001101010111100100001
0011001001101001001111101100100100010000010011101100000101100110111111010101001001101010111100100001
0011001001101001001111101100100100010000010011101100100101100010110111010100001001000000001100100001
0011001001101001011111101100101110010000010011101101100101100011111111010101001001101000001100100001
0001001001101001011111111100101110010000010010101101100101100010111111010101001001101000001100100001
0011001001101001001111101100100100010000010011101100100101100011110111010101000001001000001100101001
0011001001101001011111111100101110010000010111101101100101100011111111010101001001101000001100100001
0011001001101001011111111100101110010000010111101101100101100010111111010101001001101000001100100001
0001001001000001001111101100000100010000010100101100100101000010110111010100001001000000001100100000
0011001001101001001111101100100100010000010011101100100101100010110111010100001001000000001100100000
0011001001101001011111111100100100010000010011101100100101100010111111010101001001101000001100100001
0011001001101101011111111100101110111000010110101101100111010111111111111111011001101010111100100001
0011001001101001011111111100101110010000010111101101100101100010110111010100001001001000001100100001
0001001001101001001111101100100100010000010011101100100101100010110111010100001001000000001100100001
0001001001101001001111101000100000010000010100101100100101100010111111010000001001000000001100100000
0011001001101001011111111100101110110000011111001101100111100111111111110111011001101010101100100001
0011001001101001011111111100101110010000010111101101100101100111111111010101001001101010101100101001
0011001001101001001111111100101110010000010010101101100101100010111111010101001001101000001100100001
0011001001101001001111101100100100010000010011101100100101100010110111010100001001000000001100100000
0001001001101001001111101100100100010000010011101100100101100010110111010100001001000000001100100000
0011001001101001011111101100100110010000010011101101100101100011110111010100001001101000001100100001
0011001001101001011111111100101110010000010111101101100111100111111111110111011001101010101100100001
0011001001101001011111111100101110110000010111001101100111100111111111110101001001101010111100100001
0011001001101001011111111100101110010000010111101101100111100111111111110111001001101010101100100001
0011001001101001011111111100101110010000010111101101100111100111111111011101001001101000001100100001
0011001001101001001111101100100100010000010011101100100101100011110111010100001001001000001100100000
0011001001101001011111111100101110010000010111101101100111100111111111110111001001101010101100100001
0011001001101001011111101100101110010000010001101101100101100011111111010101001001101000001100100001
0011001001101001011111111100101110010000010011101101100101100011111111010101001001101000001100100001
0011001001101001001111101100100100010000010011101100100101100010110111010100001001000000001100100001
0011001001101001011111111100111111111000010110101101100111100111111111110111001001101010101100100011
0011001001101001011111111100101110010000010011101101100101100111111111010101001001101010101100100001
0011001001101001011111101100101110010000010001101101100101100011111111010101001001101000001100100001
