0011001001111101011111111101101110111000011111101101000111100110111111111111011001101010011101101001
0001001000001000001001001100100100010000010000000000000001100000010101011100000001000000000100100000
0011001001111101011111111101101110111000011101101101000111100110111111111111011001101010011100101001
0011001001101101001111111100111110110000011111101101010111100110111111111111011001101010011101101001
0001001000101000000001001100100100010000010000000000000001100000110101011100000001000000000100100000
0001001001101001011111111100101110110000010111101101110111110110111111111111011001101010011101101001
0011001001101001001111111100101110010000011111101101010111110110111111011101011001101000011100101001
0001001001101000001111101100100100010000011011101101110101100010111111010101001001000000101100100000
0011001001101001001111111100101110010000010011001101110001100010110111010101001001101000001100100000
0011001001101001001111111100101110010000010111101101010011110110111111111111011001101000011100101000
0001001000101000001111101100100100010000011001101100010101000010111111010100001001000000001100100000
0011001001101001001111111100100110010000010011001101110001100010110111010101001001000000001100100001
0001001000001000001111101100100100010000010000000000100001100000110101010100001001000000001100100000
0001001001101101001111111100111110110000011111101101010111100110111111111111011001101010011101101001
0001001001101001001111111100100110010000010011001101110001100010110111010101001001100000001100100000
0011001001101001001111111100101110010000010111101101010101100010111111011101010001101000011100101001
0011001001101001001111111100101110010000010111101100000111100010110111010101001001101000001100100000
0011001001101001001111111100101110010000010111101101010111110110111111111111011001101010011101101001
0011001001101001001111101100101110010000010111101101010111110110111111011101010001101000011100101001
0001001000101000001001001100100000010000010000000000000001000010111101010101001001000000001000100000
0001001000101000001001001100100000010000010000000000000001000010111111010101001001000000001100100000
0011001001101001001111111100101110010000010111101101010111110110111111011101010001101000011100101001
0011001001101001001111111100101110010000010111101100000111110110111111011101011001101000011100101001
0001001001101001001111111100101110110000010111101101010111110110111111011101010001101000011100101001
0001001001101001001111101100100110010000010011001101110001100010110111010101001001000000001100100000
0001001000101000001001101000100100010000011001001100010101000010111111010001001001000000001100100000
0011001001101001001111111100101110010000011111101101000111100110111111111111010001101000011101101001
0011001001101001001111111100101110010000010111101101010101100010111111011101000001101000001100100000
0001001000101000001001101000100100010000010000001000000000100000110101011100000001000000000100100000
0001001000101000001111100100100100010000011001101100010101000010111101010100001001000000000100100000
0001001000101000001111101100100100010000011001101100010101000010111111010100001001000000101100100000
0001001001101001001111111100101110110000010111101101010111110110111111011101010001101000011100101001
0001001001101001001111111100101110010000010111101101010111100010111111011101011001101000011100100001
0001001001101001001111111100100110010000010011001101110001100010110111010101001001000000001100100000
0011001001101001001111111100100110010000010011001101110001100010111111010101001001001000011100100000
0011001001101001001111111101101110010000011111101101010111100111111111111111011001101010011101101001
0001001001101001001111111100100100010000011001001100100001100010111111010101001001000000001100100000
0001001000101000001111101000100100010000011001001100010101000010101101010101001001000000001100100000
0001001001101001011111111100101110110000011111101101010111100110111111111111011001101010011101101001
0001001000101000001111101000100100010000011001001100010101000010111101010101001001000000001100100000
0001001001101001001111111100101110110000010111101101010111110110111111111111011001101000011100101000
0001001000101000001111101100100100010000010000000000000001100000110101010100001001000000001100100000
0011001001101001001111111100101110010000010111101101010101100010111111011101001001101000001100110000
0011001001101001001111111100101110010000010111101101010101100010111111010101001001101000001100101001
0001001001101000001111101100100100010000010000001000100001100000110101010100001001000000000100100000
0011001001101001001111111100100110010000010011001101100001100010110111010101001001000000001100100000
0011001001101001001111101100100100010000011001001100100001100010111111010100001001000000001100100000
0011001001111101011111111101101110111000011101101101010111100110111111111111011001101010011101101001
0011001001101001001111111100100110010000010011001101110001100010110111010101001001101000001100100000
0001001001101101001111111100111110110000011111101101010111110110111111111111011001101010011101101001
0001001001101001011111111100101110010000010111101101010111100010111111011101011001101000011100100001
0011001001101001001111111100101110010000010111101101010101100010111111011101001001101000001100100000
0001001001101001001111111100100110010000010010001101110001100010110111010101001001000000001100100001
0001001001101000001101101100100100010000010000000000100001100000110101010101000001000000001000100000
0001001000101001001111101100100100010000011001101100010101100010111111010101001001000000101100100000
0011001001101001001111111100101110010000010111101101010111100010111111011101001001101000011100100000
0011001001101001001111111100101110010000010111001101100111100010111111011101001001101000001100100000
0011001001101001001111111100100110010000010011001101110001100010110111010101001001001000001100100000
0001001001101001001111111100100110010000010011001101110001100010110111010101001001001000001100101001
0011001001101001001111111100101110010000010111101101110101100010111111010101001001000000001100100000
0001001000101000001111101000100100010000011001001100010101000010111101011000000001000000000100100000
0011001001101001001111111100101110010000011111101101010111110110111111111111011001101000011100101000
0011001001101001001111111100101110010000010111101101010111100010111111011101011001101000011100100001
0001001000101000001111101100100100010000011001101100010101000010111101010101001001000000001000100000
0011001001101001001111101100100110010000011001001100100101100010111111010100001001000000001100100000
0001001001101001001111101100100110010000010011001101110001100010110111010101001001000000011100100000
0011001001101001001111110100101110010000010111101101010111110110111111011101010001101000011100101001
0001001001101001001111111000100110010000010011001101110001100010110111010101001001000000001100100000
0011001001111101011111111101101110111000011101101101000111100110111111111111011001101010011101101001
0011001001101101001111111100101110110000010111101101010111110110111111111111011001101000001100101000
0001001000101000001111101100100100010000011101101100010001000010111101010101001001000000001100100000
0001001000101000001111101000100100010000011001001100010101000010111101010100001001000000001100100000
0001001000101000001001101000100100010000011001001100010101000010111101010101001001000000001000100000
0001001001101101001111111100111110110000011111101101010111110110111111011101010001101000011100101001
0011001001101001001111101100100100010000011001001100110001100010111111011101000001000000001100100000
0001001000101000001001001100100100010000010000000000100001100000110101010100001001000000001100100000
0001001001101001001111111100100110010000010011001101110001100010110111010100001001000000001100100000
0011001001101001001111101100100100010000011001001100100001100010111111010101001001000000001100100000
0001001001101001001111111100101110110000010111101101010111110110111111111111011001101010011101101001
0011001001101001001111111100101110010000010111001101110001100010110111010101001001101000001100100000
0001001001101001001111101100100100010000010001001100100001100010111111010100001001001000001100100000
0001001000101000001111101100100100010000011101101100010101000010111101010101001001000000001100100000
0011001001101001001111111100100110010000010011001101110001100010110111010101001001001000001100101001
0001001000101000001111101100100100010000011001101100010101100010111111010101001001000000101100100000
0001001000101001001001001000100100010000010000000000000001100000110101010100001001000000001100100000
0001001000101000001001001100100100010000010000000000000001100000111111010100001001000000001100100000
0011001001101001001111111100101110010000010111101101110101100010111111010101001001000000101100100000
0011001001101001001111111100101110010000011111101101000111100110111111111111010001101010011101101001
0001001000101000001111101100100100010000011101101100010101000010111101010101001001000000001100100000
0011001001101001001111101100100110010000011001001100110101100010111111010100001001000000001100100000
0011001001101001001111111100101110010000010111101101010111110100111111011101010001101000011100101001
0001001000101000001001101000100100010000010000001000000100100000110101011000000001000000000100100000
0011001001101001001111111100101110010000010111101101010111100010111111011101001001101000011100100000
0001001000101000001111101100100100010000011001101100010101100010111111010101001001000000101100100000
0011001001101001001111111100100110010000010011001101100001100010111111011101001001101000001100100000
0011001001101101001111111100111110110000011111101101010111100110111111111111011001101010011101101001
0001001001101001011111111100101110110000010111101101010111110110111111111111011001101010011101101000
0011001001101001001111111100100110010000010011001101110001100010110111010101001001001000001100100000
0011001001101001001111111100101110010000010111101101010111110110111111111111011001101000011100101000
0011001001101001001111111100101110010000010111101101110101100010111111010101001001000000101100100000
