2174.0 -40090.0
300.0 -15810.0
2174.0 -40090.0
1465.0 -37670.0
1705.0 -37750.0
1963.0 -39040.0
1803.0 -38770.0
1409.0 -36880.0
354.0 -17710.0
366.0 -19180.0
410.0 -21850.0
384.0 -19730.0
1384.0 -36660.0
1337.0 -36290.0
604.0 -26870.0
400.0 -20650.0
334.0 -16620.0
401.0 -20930.0
579.0 -26460.0
2122.0 -39600.0
2059.0 -39330.0
2147.0 -40010.0
336.0 -17510.0
576.0 -25950.0
716.0 -29060.0
432.0 -22320.0
1723.0 -38230.0
490.0 -23920.0
1119.0 -34450.0
624.0 -27320.0
1171.0 -34940.0
1197.0 -35600.0
549.0 -25730.0
319.0 -16310.0
960.0 -32600.0
1236.0 -35680.0
1286.0 -35860.0
538.0 -25140.0
672.0 -28140.0
661.0 -27920.0
1748.0 -38640.0
972.0 -32960.0
914.0 -32030.0
1106.0 -34060.0
736.0 -29190.0
485.0 -23490.0
706.0 -28460.0
1054.0 -33570.0
2017.0 -39190.0
1034.0 -33350.0
1259.0 -35780.0
527.0 -24610.0
897.0 -31680.0
1062.0 -33830.0
1088.0 -33940.0
846.0 -30670.0
377.0 -19290.0
819.0 -30610.0
644.0 -27540.0
778.0 -29820.0
316.0 -15860.0
1319.0 -35980.0
760.0 -29380.0
1740.0 -38390.0
889.0 -31540.0
539.0 -25430.0
1017.0 -33210.0
2084.0 -39550.0
2017.0 -39190.0
943.0 -32350.0
480.0 -23160.0
505.0 -24290.0
1187.0 -35300.0
849.0 -31020.0
1139.0 -34670.0
466.0 -22730.0
467.0 -23050.0
872.0 -31270.0
1172.0 -35270.0
450.0 -22430.0
801.0 -30190.0
1139.0 -34670.0
505.0 -24290.0
460.0 -22510.0
928.0 -32220.0
1017.0 -33210.0
872.0 -31270.0
801.0 -30190.0
527.0 -24610.0
761.0 -29600.0
700.0 -28390.0
972.0 -32960.0
791.0 -29960.0
2084.0 -39550.0
642.0 -27410.0
1319.0 -35980.0
700.0 -28390.0
934.0 -32250.0
1705.0 -37750.0
819.0 -30610.0
