0011001001111001011111111101111111111000110011101101101111110111111111111111111001101010101100101011
0001000000000000001110101100100100010000001000000100100101100010100101010001001001000000100000101000
0011001001111001011111111101111111111000110011101101101111110111111111111111111001101010101100101011
0011001001101001011111111100101110110000010111101101101111110111111111111111011001101000111100101001
0001001001111001011111111100111111111000110011001101100111110111111111111111011001101000111100101001
0011001001101001011111111111101110110000010111001101101111110111111111111111111001101000101100101011
0011101001101001011111111100111111111000110011101101101111110111111111111111011001101000111100101001
0011001001101001011111111100101110110000010111001101111111110111110111111111001001101010101100100001
0001001000100000001110101100100100010000000001001101100001000000110110010100000001000000100000101000
0001000000000000001101101100100100010000010011101100110101000010100111010101001001000000100000101000
0001001000100000001111101100100100010000010011101100110101100010111111010100001001000000100000100000
0001000000000000001011101100100100010000010011101100110101000010100111010101001001000000100000101000
0011001001101001011111111100101110110000010111001101111111110111110111111111001001101000101100100001
1011001001101001011111111100101110110000010011101101101111110111111111111101001001101000101100101001
0011001001101001001111101100100100010000010011101100110101100010111111010100001001100000101100100000
0001001000101001001111101100100100000000000001101100110101000010101111010101001001000000100000100000
0001001000000000001111101100100100010000000000100001000101000010100110010001000001000000100000101000
0001001000101001001111001100100000010000010001101100110101000010100111010101001001000000100000100000
0001001001101001001111101100100100010000010011101100110101100010111111010100001001100000101100100000
0001001001101001011111111101111111111000110011101101101111110111111111111111111001101010101100101011
0011001001111001011111111101111111111000110011101101101111110111111111111111111001101000101100101001
0011001001101001011111111101111111111000110011101101101111110111111111111111111001101010101100101011
0001001000000000001011101100100100010000000001001101100001000000110110010100000001000000100000101000
0001001000100001001111101100100100010000010001101100110101100010111111010101001001101000101100100000
0011001001101001001111101100100100010000010011101100110101100010111111010101001001101000101100100001
0001001000101001001111101100100100010000010001101100110101000010100111010101001001000000100000100000
0001001001101001011111111100111111111000110011101101101111110111111111111111011001101000111100101001
0001001000100000001111101100100100010000010011001100110101100010111111010100001001100000101100100000
0001001001101001011111111100101110110000010011101101110101100111111111110101001001101000101100100001
0001001000101001001111101100100100010000010011101100110101100010111111010101001001101000101100100000
0011001001111001011111111100101110110000010011101101110101100111111111110101001001101000101100100001
0011001001101001011111111100101110110000010111101101110111100111111111010101001001101000101100101001
0001001000101001001111101100100100010000010011101100110101100010111111010100001001100000101100100000
0001000000000000001110101100100100010000000000000100100101000010110110010101000001100000100000100000
0001001001101001011111111100101110010000010111001101100101000110111111010101001001101000101100100001
0001001001101001011111111100101110110000011011101101110111110111111111111101001001101000101100101001
0001001001111001011111111100101110110000010011101101111111110111111111111101001001101000101100101001
0001001000101001001011101100100100010000010001101100110101000010111111010101001001100000101100100000
0001001001101001001111101100100100010000010001101100110101100010111111010101001001101000101100100001
0001001000101001001111101100100100010000010011101100110101100010111111010101001001101000101100100001
0011001001101001011111111100111111111000110011101101101111110111111111111111011001101000111100101001
0001001001101001011111111100101110010000010111001101100101100110111111010101001001101000101100100001
0001001001101001011111111100101110010000010011101100110101000110111111010101001001101000101100100001
0011001001111001011111111100101110110000010011101100110101100111111111010101001001101000101100101001
0001001001101001001011111100100100010000010011101100110101100010111111010101001001101000101100100001
0001001000000000001111101100100100010000010011101100110101100010111111010100001001100000101100100000
0001001000101001001011111100100100010000010011101100110101100010111111010101001001101000101100100001
0001001001101001011111111100101110110000010011101100110101100111111111010101001001101000101100101001
0011001001111001011111111101101111111000110011101101101111110111111111111111111001101000101100101001
0001001001101001011111111100101110110000010011101100110101100111111111010101001001101000101100100001
0001001001101001011111111100101110110000010011101101111111110111111111111101001001101000101100101001
0001001000101001001111101100100100010000010011001100100101000010110110010101001001100000101100100000
0011001001101001011111111100101100010000011111001101100101100010111111010101001001101000101100100001
0001001001101001011111111100101110010000010011101101101101100111111111110101001001101000101100101001
0011001001101001011111111100101100010000011011101101101111100111111111110101001001101000101100101001
0001001001101001011111101100101110010000010111001101100101100010111111010100001001101000101100100001
0001001000000000001111101100100100000000000011101100110101000010100111010101000001100000100000100000
0001001001101001011111111100101100010000010011101100110101100010111111010101001001101000101100100001
0001001000101001001111101100100100010000010011101100110101100010111111010101001001101000101100101000
0001001001101001001111111100100100010000010011001101100101100111111111010101001001001000101100100001
0001000000000000001111101100100100010000000000100001000101000010100110010001000001000000100000101000
0011001001101001011111111101101110110000010111001101111111100110111111110101001001101000111100101001
0011001001101001001111101100100100010000010011001100110101000110111111010101001001101000101100101001
0011001001111001011111111100111111111000110011101101101111110111111111111111011001101000101100100001
0011001001101001011111111100101100010000011111001101100101100010110111010101001001101000101100100001
0001001000101001001111101100100100010000010011101100110101100010111101010100001001100000101100100000
0001001001101001011111111100101110010000010111001101100101100110111111010101001001101000101100111001
0011001001111001011111111101111111111000110011101101101111110111111111111111111001101010101100101001
0011001001111001011111111101101111111000110011101101101111110111111111111111111001101000101100101001
0011001001101001011111111100100110010000010011101101100101000111111111010101001001101000101100101001
0001001001101001001111101100100000010000010011101100110101000010100111010101001001000000100000101000
0001001000100000001111101100100100010000010011101100110101100010111111010100001001100000101100100000
0001001001101001011111111100101110110000010111101101110111100111111111010101001001101000111100101001
0011001001101001011111111100100100010000010011101100110101100111111111010101001001101000001100101001
0001001001101001011111111100101110110000010011101101110101100111111111110101001001101000101100101001
0001001000101001001011101100100100010000010011101100110101000010100111010101001001000000100000101000
0001001000100000001101101100100100010000010011001100110101100010111111010100001001100000101100100000
0001001001101001011111111100101100010000011111001101100101100010111111010101001001101000101100100001
0011001001101001011111111100101110110000010111101101110101100111111111110101001001101000101100100001
0001001000101001001111101100100000010000010011101100110101000010100111010101001001000000100000101000
0001001001101001011111111100100100010000010011101100110101000110111111010101001001101000101100100001
0001001001101001011111111100101110110000010011101101110101100111111111110101001001101000101100101001
0001001000100000001111101100100100010000010011101100110101100010111111010100001001100000101100100000
0001001001000000001111101100100100010000010011101100110101100010111111010100001001100000100000100000
0001001001101001011111111100101110010000011111001101100101100010111111010101001001101000101100100001
0001001001101001011111111100101110010000010111001101100101100110111111010101001001101000101100111001
0001001001101001011111111100101100010000011111001101100101100010111111010101001001101000101100100001
0001001001101001011111111100100100010000010011101100110101000110111111010101001001101000101100100001
0001001000101001001111101100100100010000010011001100100101000010110110010101001001100000101100100000
0011001001101001001011111100100100010000010011101100110101100010111111010101001001101000101100100001
0001001000101001001111101100100100010000010011101100110101000110111111010101001001101000101100100001
0001001001101001011111111100101110010000010111001101100101100110111111010101001001101000101100100001
0001001001101001011111101100100100010000010011101100110101100111111111010101001001101000101100101001
0011001001111001011111111101111111111000110011101101101111110111111111111111111001101010101100101001
0001001000101001001111101100100100010000010001101100110101100010111111010101001001101000101100100001
0011001001101001011111111101101110110000010111001101111111100110111111110101001001101000111100101001
0001001000101001001111101100100100010000010011101100110101000110111111010101001001101000101100100001
0001001001101001011111111100101110010000010011101100110101000110111111010101001001101000101100101001
0001001001111001011111111100111111111000110011001101100111110111111111111111011001101000111100101001
0001001001101001011111111100101100010000010011101100110101100010111111010101001001101000101100100001
