11111000000000000000001000110100000000000000000000
11111000000010000000000000110100000000000000000000
11111000000000000000001000110100000000000000000011
11111000000000000000000000111111100000000000000000
11011000000000000000001010111011101000000000000000
11111000000000000000001010111111100000000000000000
11011000000010000000001010111111100000000000000000
11011000000010000000000010111111101000000000000000
11111000000010000000001010111111100000000000000000
11111000000000000001000000111111101000000000000011
11011000000010000000010000111111101000000000000011
11111000000000000000001110111111101000000000000011
11111000000000000001001010111111110000000000000011
11111000000010000000000110111111101000000000000011
11111000000000000001001010111111101000000010000011
11111000000010000000001110111111101000000000000011
11111000000010000000001010111111111000000000000011
11111000001010000000010000111111111000000000000011
11111000000010000000011010111111101100000000000011
11111000000010000001001010111111111000000000000011
11011000000010000000010000111111101000000011110011
11111000000000000001001010111111101000000001110011
11111000001010000001110000111111101000000010000011
11111000000010000000000110111111101000000001110011
11111000000010000000010000111111101000000011110011
11111000000000000001001110111111101000000001110011
11111000000010000000001100111111101000000011110011
11111000001000000000011010111111101000000011110011
11111000000010000000001110111111101000000011110011
11111000000010000000011010111111101000000011110011
11111000000010000001001110111111101000000001110011
11111000000010000000011010111111101100000011110011
11111000000010111011110000111111101000000000000011
11111000000010111011110000111111101000000010000011
11111000000010111011110100111111101000000010000011
11111000000010111011110001111111111000000010000011
11111000001000111011110000111111101000000011110011
11111000000010111011010110111111101000000011110011
11111000000010111011110010111111101000000011110011
11111000000010111011110110111111101000000011110011
11111000000010111011110110111111101000000001111011
11111000000011111011110110111101101000000001111011
11111000001010111011110111111111101000000011110011
11111000000010111011110110111111111000000011111011
11111000000011111011110110111101101001000011111011
11111001000011111011011110111101101100000011111011
11111001101010111011110110111111101000000011110011
11111001000011111011011110111101111100000011111011
11111001000011111011011111111111101100000011111011
11111001101010111011110111111111101000000001111011
11111001100011111011011110111101101100000011111011
11111001001011111011010110111111110101000011111011
11111001000011111011011111111111101101000011111011
11111001101011111011110110111101101101000011110011
11111001101011111011010110111101101101000011111111
11111001000011111011011110111101111101100011111111
11111001101011111011011111111101101101000011111111
