63.58 3.0 35.0 -7.0
63.58 3.0 35.0 -7.0
63.58 3.0 35.0 -7.0
63.58 3.0 35.0 -7.0
63.58 3.0 35.0 -7.0
63.58 3.0 35.0 -7.0
74.87 4.0 38.0 -9.0
75.05 3.0 42.0 -9.0
75.64 3.0 47.0 -9.0
77.04 5.0 39.0 -9.0
78.92 5.0 43.0 -9.0
79.17 3.0 48.0 -9.0
79.35 4.0 41.0 -9.0
80.7 4.0 47.0 -9.0
84.64 3.0 43.0 -9.0
87.65 5.0 36.0 -9.0
90.87 5.0 43.0 -11.0
93.7 6.0 58.0 -11.0
94.06 6.0 52.0 -11.0
95.59 5.0 40.0 -10.0
97.38 5.0 47.0 -11.0
97.62 4.0 47.0 -11.0
99.82 4.0 48.0 -11.0
100.42 3.0 65.0 -12.0
102.12 6.0 53.0 -12.0
105.32 5.0 50.0 -11.0
119.86 6.0 54.0 -13.0
125.3 7.0 57.0 -14.0
129.13 6.0 51.0 -14.0
134.59 7.0 56.0 -15.0
