0.0 0.0
0.0 0.0
13.0 -3.6
16.0 -8.4
16.0 -8.4
26.0 -12.0
29.0 -16.8
29.0 -12.0
29.0 -16.8
29.0 -16.8
29.0 -16.8
29.0 -16.8
29.0 -16.8
29.0 -16.8
29.0 -16.8
29.0 -16.8
29.0 -16.8
29.0 -16.8
29.0 -16.8
29.0 -16.8
29.0 -16.8
29.0 -16.8
29.0 -16.8
29.0 -16.8
29.0 -16.8
29.0 -16.8
29.0 -16.8
29.0 -16.8
29.0 -16.8
29.0 -16.8
29.0 -16.8
29.0 -16.8
29.0 -16.8
29.0 -16.8
29.0 -16.8
29.0 -16.8
29.0 -16.8
29.0 -16.8
29.0 -16.8
29.0 -16.8
29.0 -16.8
29.0 -16.8
29.0 -16.8
29.0 -16.8
29.0 -16.8
29.0 -16.8
31.0 -20.4
31.0 -20.4
37.0 -19.2
41.0 -21.6
47.0 -28.8
47.0 -28.8
47.0 -28.8
47.0 -28.8
47.0 -28.8
47.0 -28.8
47.0 -28.8
47.0 -28.8
47.0 -28.8
47.0 -28.8
47.0 -28.8
47.0 -28.8
47.0 -28.8
47.0 -28.8
47.0 -28.8
47.0 -28.8
47.0 -28.8
47.0 -28.8
47.0 -28.8
47.0 -28.8
47.0 -28.8
47.0 -28.8
47.0 -28.8
47.0 -28.8
47.0 -28.8
47.0 -28.8
47.0 -28.8
47.0 -28.8
47.0 -28.8
47.0 -28.8
47.0 -28.8
47.0 -28.8
47.0 -28.8
47.0 -28.8
47.0 -28.8
47.0 -28.8
47.0 -28.8
47.0 -28.8
47.0 -28.8
47.0 -28.8
47.0 -28.8
47.0 -28.8
47.0 -28.8
47.0 -28.8
47.0 -28.8
47.0 -28.8
47.0 -28.8
47.0 -28.8
47.0 -28.8
47.0 -28.8
47.0 -28.8
47.0 -28.8
47.0 -28.8
47.0 -28.8
47.0 -28.8
47.0 -28.8
47.0 -28.8
47.0 -28.8
47.0 -28.8
47.0 -28.8
47.0 -28.8
47.0 -28.8
47.0 -28.8
47.0 -28.8
47.0 -28.8
47.0 -28.8
47.0 -28.8
47.0 -28.8
47.0 -28.8
47.0 -28.8
47.0 -28.8
47.0 -28.8
47.0 -28.8
47.0 -28.8
47.0 -28.8
47.0 -28.8
47.0 -28.8
47.0 -28.8
47.0 -28.8
47.0 -28.8
48.0 -24.0
48.0 -19.2
52.0 -22.8
53.0 -27.6
54.0 -27.6
54.0 -27.6
56.0 -28.8
56.0 -28.8
56.0 -28.8
57.0 -21.6
58.0 -14.4
59.0 -33.6
60.0 -28.8
61.0 -24.0
62.0 -30.0
62.0 -32.4
62.0 -18.0
63.0 -27.6
64.0 -20.4
64.0 -24.0
64.0 -31.2
65.0 -26.4
66.0 -33.6
66.0 -34.8
66.0 -28.8
66.0 -36.0
67.0 -26.4
67.0 -30.0
68.0 -26.4
68.0 -25.2
68.0 -26.4
70.0 -34.8
71.0 -31.2
72.0 -30.0
72.0 -30.0
72.0 -37.2
73.0 -34.8
73.0 -34.8
75.0 -36.0
76.0 -36.0
77.0 -31.2
78.0 -38.4
78.0 -40.8
79.0 -36.0
79.0 -39.6
80.0 -32.4
80.0 -33.6
82.0 -40.8
82.0 -43.2
82.0 -43.2
82.0 -43.2
82.0 -43.2
82.0 -39.6
83.0 -36.0
83.0 -39.6
84.0 -34.8
84.0 -34.8
85.0 -33.6
85.0 -38.4
85.0 -37.2
87.0 -34.8
88.0 -38.4
88.0 -38.4
88.0 -38.4
88.0 -38.4
88.0 -38.4
88.0 -38.4
88.0 -38.4
88.0 -38.4
88.0 -38.4
88.0 -38.4
88.0 -38.4
88.0 -38.4
88.0 -38.4
88.0 -38.4
88.0 -38.4
88.0 -38.4
88.0 -38.4
89.0 -42.0
89.0 -38.4
89.0 -37.2
89.0 -39.6
89.0 -40.8
90.0 -34.8
91.0 -32.4
91.0 -37.2
91.0 -42.0
91.0 -32.4
91.0 -44.4
91.0 -42.0
94.0 -40.8
94.0 -48.0
94.0 -48.0
94.0 -48.0
94.0 -48.0
94.0 -48.0
94.0 -48.0
94.0 -48.0
94.0 -48.0
95.0 -43.2
95.0 -44.4
95.0 -43.2
96.0 -38.4
97.0 -31.2
97.0 -45.6
97.0 -46.8
98.0 -43.2
101.0 -45.6
101.0 -46.8
101.0 -48.0
101.0 -45.6
102.0 -40.8
102.0 -46.8
102.0 -45.6
102.0 -46.8
102.0 -46.8
102.0 -39.6
103.0 -45.6
104.0 -43.2
105.0 -42.0
105.0 -46.8
105.0 -50.4
106.0 -42.0
106.0 -50.4
106.0 -50.4
106.0 -50.4
106.0 -50.4
106.0 -50.4
106.0 -50.4
106.0 -50.4
106.0 -50.4
106.0 -50.4
106.0 -50.4
106.0 -50.4
106.0 -50.4
106.0 -50.4
106.0 -50.4
106.0 -50.4
106.0 -50.4
106.0 -50.4
106.0 -50.4
106.0 -50.4
106.0 -50.4
106.0 -50.4
106.0 -50.4
106.0 -50.4
106.0 -50.4
106.0 -50.4
106.0 -50.4
106.0 -50.4
106.0 -50.4
106.0 -50.4
106.0 -50.4
106.0 -50.4
106.0 -50.4
106.0 -50.4
106.0 -50.4
106.0 -50.4
106.0 -50.4
106.0 -50.4
106.0 -50.4
106.0 -50.4
106.0 -50.4
107.0 -27.6
108.0 -45.6
108.0 -49.2
108.0 -44.4
109.0 -38.4
112.0 -45.6
112.0 -44.4
113.0 -48.0
113.0 -46.8
113.0 -42.0
113.0 -55.2
113.0 -55.2
113.0 -55.2
113.0 -55.2
113.0 -55.2
113.0 -55.2
113.0 -55.2
113.0 -55.2
113.0 -55.2
113.0 -55.2
113.0 -55.2
113.0 -55.2
114.0 -43.2
115.0 -44.4
115.0 -44.4
115.0 -44.4
115.0 -44.4
115.0 -44.4
118.0 -55.2
118.0 -55.2
118.0 -55.2
122.0 -43.2
123.0 -52.8
124.0 -54.0
124.0 -48.0
125.0 -57.6
125.0 -57.6
125.0 -57.6
125.0 -54.0
128.0 -54.0
129.0 -56.4
129.0 -48.0
129.0 -56.4
131.0 -54.0
131.0 -54.0
131.0 -45.6
131.0 -50.4
132.0 -50.4
132.0 -46.8
133.0 -56.4
133.0 -56.4
133.0 -56.4
133.0 -56.4
134.0 -57.6
134.0 -46.8
135.0 -55.2
135.0 -43.2
135.0 -40.8
135.0 -50.4
136.0 -52.8
136.0 -56.4
137.0 -62.4
137.0 -57.6
137.0 -61.2
137.0 -54.0
141.0 -57.6
141.0 -57.6
141.0 -54.0
142.0 -61.2
145.0 -58.8
145.0 -57.6
148.0 -61.2
148.0 -62.4
148.0 -63.6
148.0 -55.2
151.0 -60.0
151.0 -54.0
152.0 -43.2
152.0 -58.8
153.0 -69.6
153.0 -69.6
154.0 -64.8
154.0 -64.8
154.0 -64.8
154.0 -64.8
155.0 -67.2
155.0 -57.6
156.0 -57.6
157.0 -54.0
159.0 -60.0
160.0 -66.0
160.0 -69.6
160.0 -63.6
161.0 -63.6
161.0 -63.6
163.0 -69.6
164.0 -63.6
164.0 -68.4
164.0 -72.0
164.0 -55.2
166.0 -45.6
167.0 -62.4
167.0 -48.0
167.0 -63.6
168.0 -70.8
168.0 -70.8
168.0 -70.8
169.0 -73.2
171.0 -60.0
172.0 -76.8
172.0 -76.8
172.0 -76.8
172.0 -76.8
172.0 -76.8
172.0 -76.8
172.0 -76.8
172.0 -76.8
172.0 -76.8
172.0 -76.8
172.0 -76.8
172.0 -76.8
172.0 -76.8
172.0 -76.8
172.0 -76.8
172.0 -76.8
173.0 -73.2
174.0 -58.8
175.0 -64.8
176.0 -76.8
178.0 -67.2
179.0 -72.0
181.0 -68.4
181.0 -70.8
181.0 -60.0
181.0 -68.4
181.0 -70.8
184.0 -72.0
186.0 -76.8
186.0 -66.0
186.0 -70.8
187.0 -56.4
188.0 -78.0
190.0 -58.8
191.0 -68.4
192.0 -80.4
192.0 -78.0
192.0 -78.0
192.0 -69.6
192.0 -78.0
192.0 -78.0
195.0 -74.4
195.0 -76.8
198.0 -76.8
198.0 -80.4
199.0 -69.6
199.0 -82.8
199.0 -82.8
204.0 -81.6
204.0 -82.8
205.0 -78.0
212.0 -72.0
213.0 -74.4
218.0 -90.0
218.0 -87.6
218.0 -84.0
221.0 -64.8
224.0 -72.0
226.0 -80.4
227.0 -92.4
231.0 -84.0
238.0 -87.6
239.0 -74.4
239.0 -74.4
240.0 -87.6
240.0 -92.4
240.0 -92.4
241.0 -74.4
242.0 -97.2
246.0 -78.0
248.0 -81.6
255.0 -100.8
258.0 -104.4
258.0 -104.4
258.0 -104.4
258.0 -104.4
258.0 -104.4
258.0 -104.4
258.0 -104.4
262.0 -99.6
265.0 -81.6
269.0 -102.0
274.0 -104.4
274.0 -92.4
281.0 -98.4
284.0 -92.4
286.0 -90.0
286.0 -105.6
299.0 -76.8
310.0 -106.8
328.0 -78.0
357.0 -102.0
357.0 -102.0
357.0 -102.0
357.0 -102.0
357.0 -102.0
357.0 -102.0
357.0 -102.0
357.0 -102.0
359.0 -93.6
360.0 -104.4
363.0 -117.6
370.0 -108.0
370.0 -108.0
370.0 -108.0
370.0 -108.0
370.0 -108.0
370.0 -108.0
370.0 -108.0
370.0 -108.0
370.0 -108.0
370.0 -121.2
375.0 -114.0
375.0 -114.0
375.0 -114.0
375.0 -114.0
375.0 -114.0
375.0 -114.0
375.0 -114.0
375.0 -114.0
375.0 -114.0
375.0 -114.0
375.0 -114.0
375.0 -114.0
375.0 -114.0
375.0 -114.0
382.0 -112.8
388.0 -102.0
388.0 -120.0
388.0 -120.0
388.0 -120.0
388.0 -120.0
388.0 -120.0
388.0 -120.0
388.0 -120.0
388.0 -120.0
388.0 -120.0
388.0 -120.0
388.0 -120.0
388.0 -120.0
388.0 -120.0
388.0 -120.0
391.0 -110.4
392.0 -104.4
400.0 -111.6
400.0 -124.8
400.0 -124.8
400.0 -124.8
400.0 -124.8
400.0 -124.8
400.0 -124.8
400.0 -124.8
400.0 -124.8
400.0 -124.8
405.0 -106.8
405.0 -122.4
405.0 -122.4
409.0 -115.2
410.0 -112.8
412.0 -116.4
412.0 -115.2
412.0 -120.0
413.0 -116.4
415.0 -100.8
416.0 -111.6
416.0 -123.6
416.0 -110.4
417.0 -110.4
417.0 -127.2
417.0 -127.2
417.0 -127.2
417.0 -127.2
417.0 -127.2
417.0 -127.2
423.0 -109.2
423.0 -134.4
423.0 -134.4
423.0 -134.4
423.0 -134.4
425.0 -115.2
427.0 -126.0
427.0 -115.2
427.0 -129.6
428.0 -120.0
429.0 -129.6
429.0 -129.6
429.0 -121.2
431.0 -109.2
431.0 -121.2
433.0 -112.8
433.0 -115.2
433.0 -127.2
433.0 -133.2
433.0 -132.0
434.0 -135.6
434.0 -135.6
434.0 -135.6
434.0 -135.6
434.0 -135.6
434.0 -135.6
434.0 -135.6
434.0 -135.6
434.0 -135.6
434.0 -135.6
434.0 -135.6
434.0 -129.6
435.0 -139.2
435.0 -139.2
435.0 -139.2
435.0 -139.2
435.0 -139.2
435.0 -139.2
435.0 -139.2
435.0 -139.2
435.0 -139.2
435.0 -139.2
435.0 -139.2
435.0 -139.2
435.0 -139.2
435.0 -139.2
435.0 -139.2
435.0 -139.2
435.0 -139.2
435.0 -139.2
435.0 -139.2
435.0 -139.2
435.0 -139.2
435.0 -139.2
435.0 -139.2
435.0 -139.2
435.0 -139.2
436.0 -124.8
436.0 -134.4
436.0 -134.4
436.0 -134.4
436.0 -134.4
436.0 -134.4
436.0 -134.4
436.0 -134.4
436.0 -134.4
436.0 -134.4
436.0 -134.4
436.0 -134.4
436.0 -134.4
436.0 -134.4
436.0 -134.4
436.0 -134.4
436.0 -134.4
436.0 -134.4
436.0 -134.4
436.0 -134.4
437.0 -116.4
437.0 -126.0
438.0 -118.8
438.0 -130.8
441.0 -127.2
441.0 -126.0
441.0 -134.4
441.0 -134.4
441.0 -134.4
442.0 -121.2
442.0 -126.0
443.0 -132.0
443.0 -129.6
443.0 -127.2
444.0 -129.6
445.0 -135.6
445.0 -139.2
447.0 -114.0
447.0 -141.6
447.0 -141.6
447.0 -141.6
447.0 -141.6
447.0 -141.6
447.0 -141.6
447.0 -141.6
447.0 -141.6
447.0 -134.4
448.0 -128.4
449.0 -121.2
449.0 -132.0
449.0 -123.6
449.0 -138.0
450.0 -132.0
452.0 -130.8
452.0 -138.0
452.0 -129.6
453.0 -132.0
453.0 -136.8
454.0 -146.4
454.0 -146.4
454.0 -146.4
454.0 -146.4
454.0 -146.4
454.0 -146.4
454.0 -146.4
454.0 -146.4
454.0 -146.4
454.0 -146.4
454.0 -146.4
454.0 -146.4
454.0 -146.4
454.0 -146.4
454.0 -146.4
454.0 -146.4
454.0 -146.4
454.0 -146.4
454.0 -146.4
454.0 -146.4
454.0 -146.4
454.0 -146.4
454.0 -146.4
454.0 -146.4
454.0 -146.4
454.0 -146.4
454.0 -146.4
454.0 -146.4
454.0 -146.4
454.0 -146.4
454.0 -146.4
454.0 -146.4
454.0 -146.4
454.0 -146.4
454.0 -146.4
454.0 -146.4
454.0 -146.4
454.0 -146.4
454.0 -146.4
454.0 -146.4
454.0 -146.4
454.0 -146.4
454.0 -146.4
454.0 -146.4
454.0 -146.4
454.0 -146.4
454.0 -146.4
454.0 -138.0
454.0 -146.4
454.0 -146.4
454.0 -146.4
454.0 -146.4
454.0 -146.4
454.0 -146.4
454.0 -146.4
454.0 -146.4
454.0 -146.4
454.0 -146.4
454.0 -146.4
454.0 -146.4
454.0 -146.4
454.0 -146.4
454.0 -146.4
454.0 -146.4
454.0 -146.4
454.0 -146.4
454.0 -146.4
454.0 -146.4
454.0 -146.4
454.0 -146.4
454.0 -146.4
454.0 -146.4
454.0 -146.4
455.0 -133.2
455.0 -122.4
456.0 -135.6
456.0 -135.6
456.0 -114.0
457.0 -134.4
457.0 -132.0
458.0 -118.8
458.0 -120.0
458.0 -124.8
458.0 -127.2
459.0 -146.4
459.0 -146.4
459.0 -146.4
459.0 -146.4
459.0 -146.4
459.0 -122.4
461.0 -141.6
462.0 -121.2
462.0 -142.8
463.0 -123.6
463.0 -138.0
464.0 -144.0
465.0 -138.0
465.0 -129.6
467.0 -139.2
467.0 -108.0
468.0 -140.4
468.0 -144.0
470.0 -133.2
471.0 -133.2
472.0 -130.8
472.0 -140.4
473.0 -141.6
473.0 -141.6
474.0 -147.6
475.0 -124.8
475.0 -134.4
475.0 -142.8
475.0 -139.2
476.0 -148.8
476.0 -148.8
476.0 -148.8
476.0 -148.8
478.0 -133.2
480.0 -141.6
480.0 -133.2
480.0 -139.2
480.0 -136.8
480.0 -153.6
480.0 -146.4
480.0 -135.6
481.0 -144.0
482.0 -156.0
482.0 -156.0
483.0 -145.2
483.0 -124.8
483.0 -139.2
483.0 -133.2
484.0 -130.8
484.0 -140.4
484.0 -128.4
484.0 -150.0
485.0 -148.8
486.0 -136.8
486.0 -122.4
486.0 -116.4
486.0 -151.2
486.0 -132.0
486.0 -152.4
487.0 -136.8
487.0 -141.6
488.0 -140.4
488.0 -134.4
488.0 -145.2
489.0 -132.0
489.0 -150.0
489.0 -145.2
490.0 -148.8
491.0 -150.0
492.0 -151.2
492.0 -153.6
492.0 -140.4
492.0 -140.4
492.0 -145.2
493.0 -150.0
493.0 -145.2
493.0 -135.6
493.0 -139.2
493.0 -141.6
494.0 -160.8
494.0 -160.8
494.0 -160.8
494.0 -160.8
494.0 -160.8
494.0 -160.8
494.0 -160.8
494.0 -160.8
494.0 -160.8
494.0 -160.8
494.0 -160.8
494.0 -160.8
494.0 -160.8
494.0 -160.8
494.0 -160.8
494.0 -160.8
494.0 -160.8
494.0 -160.8
494.0 -160.8
494.0 -160.8
495.0 -156.0
495.0 -156.0
495.0 -156.0
495.0 -156.0
495.0 -156.0
495.0 -156.0
495.0 -156.0
495.0 -156.0
495.0 -156.0
495.0 -156.0
495.0 -156.0
495.0 -156.0
495.0 -156.0
495.0 -156.0
495.0 -156.0
495.0 -156.0
495.0 -156.0
495.0 -156.0
495.0 -156.0
495.0 -156.0
496.0 -157.2
496.0 -147.6
497.0 -151.2
497.0 -133.2
497.0 -152.4
498.0 -127.2
499.0 -158.4
500.0 -156.0
501.0 -147.6
501.0 -144.0
502.0 -151.2
502.0 -151.2
502.0 -150.0
503.0 -148.8
503.0 -151.2
503.0 -148.8
503.0 -153.6
503.0 -145.2
503.0 -146.4
503.0 -154.8
504.0 -151.2
504.0 -148.8
505.0 -158.4
505.0 -157.2
505.0 -150.0
506.0 -142.8
506.0 -147.6
507.0 -156.0
507.0 -148.8
507.0 -147.6
507.0 -130.8
507.0 -145.2
508.0 -157.2
508.0 -152.4
508.0 -150.0
508.0 -145.2
509.0 -151.2
509.0 -156.0
509.0 -162.0
509.0 -153.6
511.0 -154.8
511.0 -157.2
512.0 -159.6
513.0 -153.6
513.0 -165.6
513.0 -168.0
513.0 -168.0
513.0 -168.0
513.0 -168.0
513.0 -168.0
513.0 -168.0
513.0 -168.0
513.0 -168.0
513.0 -168.0
513.0 -168.0
513.0 -168.0
513.0 -168.0
513.0 -168.0
513.0 -168.0
513.0 -168.0
513.0 -168.0
513.0 -168.0
513.0 -168.0
513.0 -168.0
513.0 -168.0
513.0 -168.0
513.0 -168.0
513.0 -168.0
513.0 -168.0
513.0 -168.0
513.0 -168.0
513.0 -168.0
513.0 -168.0
513.0 -168.0
513.0 -168.0
513.0 -168.0
513.0 -168.0
513.0 -168.0
513.0 -168.0
513.0 -168.0
513.0 -168.0
513.0 -168.0
513.0 -168.0
513.0 -168.0
513.0 -168.0
513.0 -168.0
513.0 -168.0
513.0 -168.0
513.0 -168.0
513.0 -168.0
513.0 -168.0
513.0 -168.0
513.0 -168.0
513.0 -168.0
513.0 -168.0
513.0 -168.0
513.0 -153.6
513.0 -150.0
513.0 -168.0
513.0 -168.0
513.0 -168.0
513.0 -168.0
513.0 -168.0
513.0 -168.0
513.0 -168.0
513.0 -168.0
513.0 -168.0
513.0 -168.0
513.0 -168.0
513.0 -168.0
513.0 -168.0
513.0 -168.0
513.0 -168.0
513.0 -168.0
513.0 -168.0
513.0 -168.0
513.0 -168.0
513.0 -168.0
513.0 -168.0
513.0 -168.0
513.0 -168.0
513.0 -168.0
513.0 -168.0
513.0 -168.0
513.0 -168.0
513.0 -168.0
513.0 -168.0
513.0 -168.0
513.0 -168.0
513.0 -168.0
513.0 -168.0
513.0 -168.0
515.0 -150.0
515.0 -147.6
516.0 -142.8
516.0 -145.2
516.0 -160.8
516.0 -148.8
517.0 -160.8
518.0 -160.8
518.0 -154.8
518.0 -147.6
518.0 -151.2
519.0 -154.8
519.0 -163.2
520.0 -163.2
520.0 -151.2
520.0 -157.2
520.0 -164.4
520.0 -165.6
521.0 -160.8
521.0 -154.8
521.0 -166.8
521.0 -166.8
521.0 -166.8
521.0 -166.8
522.0 -156.0
522.0 -162.0
522.0 -162.0
522.0 -162.0
522.0 -162.0
522.0 -162.0
522.0 -162.0
522.0 -162.0
522.0 -162.0
522.0 -162.0
522.0 -162.0
523.0 -156.0
523.0 -144.0
523.0 -152.4
525.0 -162.0
526.0 -148.8
527.0 -150.0
527.0 -153.6
527.0 -153.6
527.0 -170.4
527.0 -162.0
528.0 -151.2
528.0 -165.6
528.0 -160.8
528.0 -164.4
529.0 -144.0
529.0 -145.2
530.0 -156.0
530.0 -151.2
531.0 -151.2
531.0 -153.6
532.0 -169.2
532.0 -163.2
533.0 -157.2
533.0 -169.2
534.0 -148.8
534.0 -163.2
535.0 -157.2
535.0 -159.6
535.0 -157.2
536.0 -157.2
536.0 -154.8
536.0 -159.6
537.0 -153.6
538.0 -164.4
538.0 -158.4
539.0 -165.6
540.0 -169.2
540.0 -146.4
540.0 -174.0
540.0 -174.0
540.0 -174.0
540.0 -174.0
540.0 -174.0
540.0 -174.0
540.0 -174.0
540.0 -174.0
540.0 -174.0
540.0 -166.8
540.0 -148.8
540.0 -171.6
540.0 -169.2
540.0 -156.0
540.0 -174.0
540.0 -174.0
540.0 -174.0
540.0 -174.0
540.0 -174.0
540.0 -174.0
540.0 -174.0
540.0 -174.0
540.0 -174.0
540.0 -174.0
540.0 -174.0
540.0 -174.0
540.0 -174.0
540.0 -174.0
541.0 -159.6
542.0 -163.2
542.0 -159.6
544.0 -148.8
544.0 -166.8
544.0 -152.4
545.0 -160.8
545.0 -174.0
546.0 -170.4
546.0 -163.2
547.0 -165.6
547.0 -166.8
548.0 -162.0
549.0 -162.0
549.0 -148.8
549.0 -159.6
549.0 -160.8
549.0 -166.8
550.0 -153.6
550.0 -170.4
550.0 -174.0
550.0 -150.0
551.0 -166.8
551.0 -158.4
552.0 -166.8
552.0 -170.4
552.0 -168.0
553.0 -159.6
553.0 -148.8
553.0 -162.0
553.0 -154.8
553.0 -165.6
557.0 -171.6
557.0 -176.4
558.0 -169.2
558.0 -177.6
561.0 -168.0
561.0 -163.2
561.0 -171.6
561.0 -175.2
561.0 -170.4
562.0 -165.6
562.0 -171.6
564.0 -156.0
564.0 -169.2
564.0 -169.2
564.0 -176.4
564.0 -166.8
565.0 -169.2
565.0 -163.2
565.0 -163.2
566.0 -164.4
567.0 -172.8
567.0 -172.8
568.0 -168.0
568.0 -162.0
568.0 -146.4
569.0 -163.2
570.0 -163.2
570.0 -164.4
571.0 -174.0
571.0 -175.2
572.0 -154.8
573.0 -183.6
575.0 -166.8
575.0 -165.6
577.0 -183.6
577.0 -181.2
577.0 -169.2
578.0 -156.0
578.0 -181.2
578.0 -166.8
579.0 -180.0
579.0 -166.8
580.0 -188.4
580.0 -188.4
580.0 -188.4
580.0 -188.4
580.0 -188.4
581.0 -168.0
581.0 -183.6
581.0 -183.6
581.0 -158.4
581.0 -169.2
581.0 -183.6
581.0 -183.6
581.0 -183.6
581.0 -183.6
581.0 -183.6
581.0 -183.6
581.0 -183.6
581.0 -183.6
582.0 -170.4
583.0 -174.0
583.0 -182.4
584.0 -164.4
584.0 -171.6
584.0 -172.8
584.0 -180.0
584.0 -180.0
585.0 -181.2
585.0 -177.6
585.0 -171.6
587.0 -172.8
587.0 -182.4
587.0 -180.0
588.0 -181.2
588.0 -186.0
588.0 -178.8
589.0 -164.4
589.0 -164.4
589.0 -159.6
591.0 -178.8
591.0 -175.2
594.0 -177.6
595.0 -174.0
595.0 -180.0
596.0 -174.0
599.0 -183.6
599.0 -195.6
599.0 -195.6
599.0 -195.6
599.0 -195.6
599.0 -195.6
599.0 -182.4
599.0 -195.6
599.0 -195.6
599.0 -195.6
599.0 -195.6
599.0 -195.6
599.0 -195.6
599.0 -195.6
599.0 -195.6
599.0 -195.6
599.0 -195.6
599.0 -195.6
599.0 -195.6
599.0 -195.6
599.0 -195.6
599.0 -195.6
599.0 -195.6
599.0 -195.6
599.0 -195.6
599.0 -195.6
599.0 -195.6
599.0 -195.6
599.0 -195.6
599.0 -195.6
600.0 -181.2
600.0 -162.0
601.0 -175.2
602.0 -178.8
602.0 -178.8
603.0 -180.0
604.0 -156.0
604.0 -177.6
606.0 -180.0
606.0 -193.2
607.0 -182.4
608.0 -172.8
608.0 -183.6
609.0 -181.2
610.0 -181.2
610.0 -164.4
611.0 -183.6
611.0 -190.8
612.0 -182.4
612.0 -188.4
613.0 -177.6
613.0 -187.2
613.0 -175.2
614.0 -170.4
614.0 -181.2
616.0 -190.8
616.0 -176.4
617.0 -188.4
617.0 -188.4
617.0 -184.8
618.0 -188.4
618.0 -183.6
619.0 -177.6
619.0 -187.2
620.0 -189.6
620.0 -180.0
621.0 -166.8
621.0 -178.8
622.0 -181.2
623.0 -189.6
623.0 -196.8
623.0 -188.4
624.0 -190.8
626.0 -186.0
626.0 -181.2
626.0 -193.2
628.0 -193.2
628.0 -163.2
630.0 -192.0
630.0 -192.0
631.0 -196.8
632.0 -192.0
632.0 -196.8
634.0 -193.2
634.0 -199.2
635.0 -195.6
637.0 -196.8
639.0 -194.4
639.0 -196.8
640.0 -174.0
640.0 -186.0
640.0 -188.4
642.0 -196.8
642.0 -196.8
642.0 -205.2
643.0 -208.8
643.0 -187.2
645.0 -201.6
646.0 -196.8
646.0 -198.0
648.0 -189.6
652.0 -207.6
654.0 -200.4
655.0 -207.6
656.0 -202.8
658.0 -198.0
664.0 -198.0
665.0 -189.6
667.0 -194.4
667.0 -188.4
668.0 -199.2
670.0 -175.2
671.0 -210.0
674.0 -192.0
674.0 -210.0
680.0 -213.6
680.0 -216.0
680.0 -213.6
682.0 -214.8
683.0 -184.8
686.0 -216.0
686.0 -217.2
686.0 -205.2
687.0 -212.4
689.0 -214.8
690.0 -218.4
690.0 -218.4
690.0 -218.4
690.0 -218.4
690.0 -218.4
690.0 -218.4
690.0 -218.4
690.0 -218.4
690.0 -218.4
690.0 -211.2
692.0 -218.4
693.0 -214.8
696.0 -220.8
696.0 -218.4
697.0 -218.4
697.0 -211.2
697.0 -211.2
699.0 -201.6
699.0 -218.4
699.0 -207.6
699.0 -212.4
700.0 -212.4
700.0 -216.0
700.0 -218.4
700.0 -208.8
700.0 -216.0
702.0 -220.8
704.0 -225.6
704.0 -216.0
705.0 -220.8
706.0 -219.6
706.0 -217.2
706.0 -217.2
706.0 -216.0
707.0 -218.4
708.0 -224.4
708.0 -224.4
708.0 -199.2
709.0 -223.2
711.0 -214.8
713.0 -218.4
713.0 -211.2
715.0 -228.0
715.0 -226.8
715.0 -224.4
717.0 -230.4
717.0 -224.4
717.0 -224.4
717.0 -224.4
717.0 -224.4
717.0 -224.4
717.0 -222.0
718.0 -226.8
718.0 -224.4
719.0 -228.0
720.0 -229.2
721.0 -230.4
721.0 -224.4
721.0 -226.8
721.0 -229.2
722.0 -226.8
723.0 -223.2
723.0 -229.2
724.0 -225.6
725.0 -220.8
727.0 -228.0
727.0 -217.2
728.0 -223.2
728.0 -229.2
729.0 -204.0
729.0 -229.2
730.0 -229.2
732.0 -225.6
733.0 -225.6
733.0 -225.6
733.0 -226.8
734.0 -234.0
734.0 -231.6
734.0 -229.2
734.0 -235.2
734.0 -234.0
734.0 -231.6
734.0 -226.8
736.0 -234.0
738.0 -223.2
738.0 -220.8
740.0 -212.4
740.0 -226.8
741.0 -234.0
742.0 -231.6
742.0 -230.4
742.0 -226.8
742.0 -225.6
742.0 -230.4
743.0 -228.0
744.0 -235.2
745.0 -229.2
745.0 -236.4
746.0 -235.2
748.0 -216.0
748.0 -230.4
748.0 -231.6
751.0 -236.4
751.0 -232.8
751.0 -237.6
752.0 -229.2
752.0 -234.0
752.0 -230.4
753.0 -235.2
753.0 -240.0
754.0 -229.2
754.0 -234.0
754.0 -229.2
755.0 -232.8
755.0 -237.6
755.0 -226.8
756.0 -229.2
757.0 -237.6
757.0 -235.2
757.0 -238.8
757.0 -236.4
757.0 -241.2
757.0 -237.6
757.0 -241.2
758.0 -236.4
758.0 -230.4
758.0 -234.0
758.0 -234.0
758.0 -234.0
758.0 -234.0
758.0 -234.0
758.0 -234.0
758.0 -234.0
758.0 -228.0
758.0 -234.0
758.0 -234.0
758.0 -234.0
758.0 -234.0
759.0 -228.0
759.0 -240.0
759.0 -240.0
760.0 -229.2
760.0 -222.0
761.0 -230.4
762.0 -235.2
762.0 -231.6
763.0 -235.2
763.0 -241.2
764.0 -232.8
764.0 -236.4
765.0 -240.0
765.0 -229.2
766.0 -240.0
766.0 -236.4
766.0 -226.8
767.0 -237.6
768.0 -226.8
769.0 -231.6
769.0 -234.0
770.0 -234.0
771.0 -225.6
771.0 -238.8
772.0 -243.6
773.0 -238.8
773.0 -237.6
773.0 -238.8
773.0 -238.8
774.0 -230.4
774.0 -236.4
775.0 -238.8
776.0 -237.6
776.0 -241.2
776.0 -222.0
776.0 -246.0
776.0 -246.0
776.0 -246.0
776.0 -246.0
776.0 -246.0
776.0 -246.0
776.0 -246.0
776.0 -246.0
776.0 -246.0
776.0 -246.0
776.0 -246.0
776.0 -246.0
776.0 -246.0
776.0 -246.0
776.0 -246.0
776.0 -246.0
776.0 -246.0
776.0 -246.0
776.0 -246.0
776.0 -246.0
776.0 -246.0
776.0 -246.0
776.0 -246.0
776.0 -246.0
776.0 -246.0
776.0 -246.0
776.0 -246.0
776.0 -246.0
776.0 -246.0
776.0 -246.0
776.0 -246.0
776.0 -246.0
776.0 -246.0
776.0 -246.0
776.0 -246.0
776.0 -246.0
776.0 -246.0
776.0 -246.0
776.0 -246.0
776.0 -246.0
776.0 -246.0
776.0 -246.0
776.0 -246.0
776.0 -246.0
776.0 -246.0
776.0 -246.0
776.0 -246.0
776.0 -246.0
776.0 -246.0
776.0 -246.0
776.0 -246.0
776.0 -246.0
776.0 -246.0
776.0 -246.0
776.0 -246.0
776.0 -246.0
776.0 -246.0
776.0 -246.0
776.0 -246.0
776.0 -246.0
776.0 -246.0
776.0 -246.0
776.0 -246.0
776.0 -246.0
776.0 -246.0
776.0 -246.0
776.0 -246.0
776.0 -246.0
776.0 -246.0
776.0 -246.0
776.0 -246.0
776.0 -246.0
776.0 -246.0
776.0 -246.0
776.0 -246.0
776.0 -246.0
776.0 -246.0
776.0 -246.0
776.0 -246.0
776.0 -246.0
776.0 -246.0
776.0 -246.0
776.0 -246.0
776.0 -246.0
776.0 -246.0
776.0 -246.0
776.0 -246.0
776.0 -246.0
776.0 -246.0
776.0 -246.0
776.0 -246.0
776.0 -246.0
776.0 -246.0
776.0 -246.0
776.0 -246.0
776.0 -246.0
776.0 -246.0
776.0 -246.0
776.0 -246.0
776.0 -246.0
776.0 -246.0
776.0 -246.0
776.0 -246.0
776.0 -246.0
776.0 -246.0
776.0 -246.0
776.0 -246.0
776.0 -246.0
776.0 -246.0
776.0 -246.0
776.0 -246.0
776.0 -246.0
776.0 -246.0
776.0 -246.0
776.0 -246.0
776.0 -246.0
776.0 -246.0
776.0 -246.0
776.0 -246.0
776.0 -246.0
776.0 -246.0
776.0 -246.0
776.0 -246.0
776.0 -246.0
776.0 -246.0
776.0 -246.0
776.0 -246.0
776.0 -246.0
776.0 -246.0
776.0 -246.0
776.0 -246.0
776.0 -246.0
776.0 -246.0
776.0 -246.0
776.0 -246.0
776.0 -246.0
776.0 -236.4
776.0 -244.8
776.0 -246.0
776.0 -246.0
776.0 -246.0
776.0 -246.0
776.0 -246.0
776.0 -246.0
776.0 -246.0
776.0 -246.0
776.0 -246.0
776.0 -246.0
776.0 -246.0
776.0 -246.0
776.0 -246.0
776.0 -246.0
776.0 -246.0
776.0 -246.0
776.0 -246.0
776.0 -246.0
776.0 -246.0
776.0 -246.0
776.0 -246.0
776.0 -246.0
776.0 -246.0
776.0 -246.0
776.0 -246.0
776.0 -246.0
776.0 -246.0
776.0 -246.0
776.0 -246.0
776.0 -246.0
776.0 -246.0
776.0 -246.0
776.0 -246.0
776.0 -246.0
776.0 -246.0
776.0 -246.0
776.0 -246.0
776.0 -246.0
776.0 -246.0
776.0 -246.0
776.0 -246.0
776.0 -246.0
776.0 -246.0
776.0 -246.0
776.0 -246.0
776.0 -246.0
776.0 -246.0
776.0 -246.0
776.0 -246.0
776.0 -246.0
776.0 -246.0
776.0 -246.0
776.0 -246.0
776.0 -246.0
776.0 -246.0
776.0 -246.0
776.0 -246.0
776.0 -246.0
776.0 -246.0
776.0 -246.0
776.0 -246.0
776.0 -246.0
776.0 -246.0
776.0 -246.0
777.0 -234.0
777.0 -230.4
778.0 -240.0
778.0 -242.4
778.0 -223.2
778.0 -242.4
778.0 -243.6
778.0 -243.6
779.0 -240.0
779.0 -220.8
779.0 -237.6
779.0 -237.6
779.0 -235.2
779.0 -242.4
780.0 -230.4
780.0 -222.0
781.0 -228.0
781.0 -231.6
782.0 -244.8
782.0 -244.8
782.0 -246.0
782.0 -246.0
784.0 -240.0
784.0 -240.0
784.0 -242.4
784.0 -238.8
784.0 -238.8
784.0 -238.8
784.0 -238.8
784.0 -238.8
784.0 -238.8
784.0 -238.8
784.0 -238.8
784.0 -238.8
784.0 -238.8
784.0 -238.8
784.0 -238.8
784.0 -238.8
785.0 -241.2
785.0 -241.2
785.0 -237.6
786.0 -240.0
786.0 -242.4
787.0 -238.8
787.0 -238.8
788.0 -237.6
788.0 -237.6
788.0 -234.0
788.0 -238.8
789.0 -237.6
789.0 -238.8
789.0 -243.6
791.0 -246.0
792.0 -241.2
792.0 -246.0
793.0 -241.2
793.0 -232.8
793.0 -240.0
794.0 -224.4
795.0 -242.4
795.0 -248.4
795.0 -249.6
795.0 -243.6
795.0 -228.0
795.0 -243.6
795.0 -248.4
795.0 -248.4
795.0 -240.0
795.0 -249.6
796.0 -238.8
796.0 -244.8
797.0 -247.2
797.0 -246.0
797.0 -240.0
797.0 -244.8
797.0 -247.2
797.0 -246.0
798.0 -247.2
798.0 -235.2
798.0 -241.2
799.0 -243.6
800.0 -243.6
801.0 -248.4
801.0 -242.4
803.0 -243.6
803.0 -240.0
804.0 -246.0
804.0 -244.8
804.0 -244.8
804.0 -244.8
805.0 -244.8
805.0 -244.8
805.0 -236.4
806.0 -244.8
807.0 -236.4
807.0 -242.4
807.0 -240.0
808.0 -247.2
809.0 -246.0
811.0 -244.8
811.0 -244.8
811.0 -244.8
811.0 -244.8
811.0 -244.8
811.0 -244.8
811.0 -244.8
811.0 -244.8
811.0 -242.4
811.0 -244.8
811.0 -244.8
811.0 -244.8
812.0 -243.6
812.0 -237.6
814.0 -248.4
814.0 -237.6
814.0 -253.2
814.0 -250.8
815.0 -247.2
815.0 -244.8
815.0 -252.0
816.0 -246.0
816.0 -250.8
816.0 -246.0
816.0 -249.6
816.0 -247.2
817.0 -249.6
817.0 -242.4
817.0 -249.6
818.0 -247.2
818.0 -248.4
818.0 -248.4
818.0 -249.6
818.0 -249.6
818.0 -247.2
820.0 -252.0
820.0 -252.0
820.0 -238.8
821.0 -237.6
822.0 -252.0
822.0 -249.6
822.0 -250.8
822.0 -250.8
822.0 -252.0
822.0 -252.0
824.0 -252.0
824.0 -236.4
824.0 -253.2
824.0 -252.0
824.0 -247.2
824.0 -247.2
825.0 -244.8
825.0 -250.8
825.0 -240.0
826.0 -253.2
826.0 -243.6
826.0 -249.6
826.0 -254.4
826.0 -254.4
827.0 -246.0
827.0 -252.0
827.0 -250.8
828.0 -252.0
828.0 -252.0
828.0 -254.4
828.0 -250.8
828.0 -254.4
828.0 -255.6
828.0 -254.4
828.0 -252.0
829.0 -249.6
829.0 -249.6
830.0 -249.6
830.0 -248.4
830.0 -252.0
830.0 -254.4
830.0 -248.4
830.0 -249.6
830.0 -253.2
831.0 -249.6
831.0 -238.8
831.0 -235.2
832.0 -252.0
833.0 -255.6
833.0 -253.2
834.0 -252.0
834.0 -256.8
834.0 -250.8
834.0 -254.4
835.0 -252.0
835.0 -250.8
836.0 -249.6
836.0 -253.2
836.0 -248.4
836.0 -254.4
836.0 -244.8
837.0 -244.8
837.0 -247.2
837.0 -250.8
838.0 -237.6
838.0 -258.0
838.0 -250.8
838.0 -247.2
839.0 -256.8
840.0 -250.8
840.0 -256.8
840.0 -255.6
840.0 -246.0
840.0 -250.8
840.0 -255.6
840.0 -255.6
840.0 -256.8
841.0 -256.8
841.0 -250.8
841.0 -254.4
841.0 -250.8
841.0 -253.2
842.0 -253.2
842.0 -244.8
842.0 -249.6
842.0 -254.4
843.0 -256.8
843.0 -255.6
843.0 -254.4
843.0 -253.2
844.0 -252.0
844.0 -242.4
844.0 -246.0
845.0 -258.0
845.0 -259.2
845.0 -254.4
846.0 -256.8
846.0 -254.4
847.0 -256.8
847.0 -250.8
847.0 -259.2
847.0 -259.2
847.0 -255.6
847.0 -256.8
847.0 -253.2
847.0 -259.2
847.0 -258.0
847.0 -258.0
847.0 -260.4
848.0 -244.8
848.0 -254.4
848.0 -254.4
848.0 -253.2
848.0 -254.4
848.0 -248.4
848.0 -253.2
848.0 -254.4
850.0 -250.8
850.0 -256.8
850.0 -255.6
851.0 -261.6
851.0 -241.2
851.0 -261.6
851.0 -244.8
851.0 -261.6
851.0 -259.2
852.0 -247.2
852.0 -254.4
852.0 -254.4
852.0 -254.4
852.0 -254.4
852.0 -254.4
852.0 -254.4
852.0 -254.4
852.0 -254.4
852.0 -254.4
852.0 -255.6
852.0 -253.2
852.0 -254.4
852.0 -254.4
852.0 -254.4
852.0 -254.4
853.0 -254.4
853.0 -259.2
853.0 -250.8
853.0 -254.4
853.0 -260.4
853.0 -259.2
853.0 -259.2
853.0 -254.4
853.0 -260.4
854.0 -258.0
854.0 -243.6
854.0 -254.4
855.0 -246.0
855.0 -250.8
855.0 -258.0
855.0 -248.4
855.0 -254.4
855.0 -255.6
856.0 -255.6
856.0 -256.8
857.0 -254.4
857.0 -262.8
857.0 -261.6
857.0 -261.6
858.0 -260.4
858.0 -259.2
859.0 -260.4
859.0 -259.2
859.0 -243.6
859.0 -253.2
860.0 -255.6
860.0 -255.6
860.0 -256.8
861.0 -255.6
861.0 -232.8
861.0 -258.0
862.0 -258.0
862.0 -243.6
862.0 -260.4
862.0 -255.6
863.0 -259.2
863.0 -250.8
863.0 -250.8
864.0 -258.0
864.0 -255.6
864.0 -261.6
864.0 -248.4
865.0 -255.6
865.0 -256.8
866.0 -261.6
866.0 -262.8
866.0 -264.0
866.0 -258.0
866.0 -262.8
866.0 -262.8
866.0 -261.6
866.0 -259.2
866.0 -262.8
866.0 -262.8
866.0 -264.0
866.0 -258.0
866.0 -262.8
867.0 -258.0
867.0 -247.2
868.0 -260.4
868.0 -256.8
868.0 -259.2
869.0 -255.6
869.0 -254.4
870.0 -266.4
870.0 -266.4
870.0 -265.2
870.0 -265.2
870.0 -265.2
870.0 -266.4
870.0 -261.6
870.0 -266.4
870.0 -266.4
870.0 -266.4
870.0 -266.4
870.0 -266.4
870.0 -266.4
870.0 -266.4
870.0 -266.4
870.0 -266.4
870.0 -266.4
870.0 -266.4
870.0 -266.4
870.0 -266.4
870.0 -266.4
870.0 -266.4
870.0 -266.4
870.0 -266.4
870.0 -266.4
870.0 -266.4
870.0 -266.4
870.0 -266.4
870.0 -266.4
870.0 -266.4
870.0 -266.4
870.0 -266.4
870.0 -266.4
870.0 -266.4
870.0 -266.4
870.0 -266.4
870.0 -266.4
870.0 -266.4
870.0 -266.4
870.0 -266.4
870.0 -266.4
870.0 -266.4
870.0 -266.4
870.0 -266.4
870.0 -266.4
870.0 -266.4
870.0 -266.4
870.0 -266.4
870.0 -266.4
870.0 -266.4
870.0 -266.4
870.0 -266.4
870.0 -266.4
870.0 -266.4
870.0 -266.4
870.0 -266.4
870.0 -266.4
870.0 -266.4
870.0 -266.4
870.0 -266.4
870.0 -266.4
870.0 -266.4
870.0 -266.4
870.0 -266.4
870.0 -266.4
870.0 -266.4
870.0 -266.4
870.0 -266.4
870.0 -266.4
870.0 -266.4
870.0 -266.4
870.0 -266.4
870.0 -266.4
870.0 -266.4
870.0 -266.4
870.0 -266.4
870.0 -266.4
870.0 -266.4
870.0 -266.4
870.0 -266.4
870.0 -266.4
870.0 -266.4
870.0 -266.4
870.0 -266.4
870.0 -266.4
870.0 -266.4
870.0 -266.4
870.0 -266.4
870.0 -266.4
870.0 -266.4
870.0 -266.4
870.0 -266.4
870.0 -266.4
870.0 -266.4
870.0 -266.4
870.0 -266.4
870.0 -266.4
870.0 -266.4
870.0 -266.4
870.0 -266.4
870.0 -266.4
870.0 -266.4
870.0 -266.4
870.0 -266.4
870.0 -266.4
870.0 -266.4
870.0 -266.4
870.0 -266.4
870.0 -266.4
870.0 -266.4
870.0 -266.4
870.0 -266.4
870.0 -266.4
870.0 -266.4
870.0 -266.4
870.0 -266.4
870.0 -266.4
870.0 -266.4
870.0 -266.4
870.0 -266.4
870.0 -266.4
870.0 -266.4
870.0 -266.4
870.0 -266.4
870.0 -266.4
870.0 -266.4
870.0 -266.4
870.0 -266.4
870.0 -266.4
870.0 -266.4
870.0 -266.4
870.0 -266.4
870.0 -266.4
870.0 -266.4
870.0 -266.4
870.0 -266.4
870.0 -266.4
870.0 -266.4
870.0 -266.4
870.0 -266.4
870.0 -266.4
870.0 -266.4
870.0 -266.4
870.0 -266.4
870.0 -266.4
870.0 -266.4
870.0 -266.4
870.0 -266.4
870.0 -266.4
870.0 -266.4
870.0 -266.4
870.0 -266.4
870.0 -266.4
870.0 -266.4
870.0 -266.4
870.0 -266.4
870.0 -266.4
870.0 -266.4
870.0 -266.4
870.0 -266.4
870.0 -266.4
870.0 -266.4
870.0 -266.4
870.0 -266.4
870.0 -266.4
870.0 -266.4
870.0 -265.2
870.0 -266.4
870.0 -262.8
870.0 -266.4
870.0 -266.4
870.0 -266.4
870.0 -266.4
870.0 -266.4
870.0 -266.4
870.0 -266.4
870.0 -266.4
870.0 -266.4
870.0 -266.4
870.0 -266.4
870.0 -266.4
870.0 -266.4
870.0 -266.4
870.0 -266.4
870.0 -266.4
870.0 -266.4
870.0 -266.4
870.0 -266.4
870.0 -266.4
870.0 -266.4
870.0 -266.4
870.0 -266.4
870.0 -266.4
870.0 -266.4
870.0 -266.4
870.0 -266.4
870.0 -266.4
870.0 -266.4
870.0 -266.4
870.0 -266.4
870.0 -266.4
870.0 -266.4
870.0 -266.4
870.0 -266.4
870.0 -266.4
870.0 -266.4
870.0 -266.4
870.0 -266.4
870.0 -266.4
870.0 -266.4
870.0 -266.4
870.0 -266.4
870.0 -266.4
870.0 -266.4
870.0 -266.4
870.0 -266.4
870.0 -266.4
870.0 -266.4
870.0 -266.4
870.0 -266.4
870.0 -266.4
870.0 -266.4
870.0 -266.4
870.0 -266.4
870.0 -266.4
870.0 -266.4
870.0 -266.4
870.0 -266.4
870.0 -266.4
870.0 -266.4
870.0 -266.4
870.0 -266.4
870.0 -266.4
870.0 -266.4
870.0 -266.4
870.0 -266.4
870.0 -266.4
870.0 -266.4
870.0 -266.4
870.0 -266.4
870.0 -266.4
870.0 -266.4
870.0 -266.4
870.0 -266.4
870.0 -266.4
870.0 -266.4
870.0 -266.4
870.0 -266.4
870.0 -266.4
870.0 -266.4
870.0 -266.4
870.0 -266.4
870.0 -266.4
870.0 -266.4
870.0 -266.4
870.0 -266.4
870.0 -266.4
870.0 -266.4
870.0 -266.4
870.0 -266.4
870.0 -266.4
870.0 -266.4
870.0 -266.4
870.0 -266.4
870.0 -266.4
870.0 -266.4
870.0 -266.4
870.0 -266.4
870.0 -266.4
870.0 -266.4
870.0 -266.4
870.0 -266.4
870.0 -266.4
870.0 -266.4
870.0 -266.4
870.0 -266.4
870.0 -266.4
870.0 -266.4
870.0 -266.4
870.0 -266.4
870.0 -266.4
870.0 -266.4
870.0 -266.4
870.0 -266.4
870.0 -266.4
870.0 -266.4
870.0 -266.4
870.0 -266.4
870.0 -266.4
870.0 -266.4
870.0 -266.4
870.0 -266.4
870.0 -266.4
870.0 -266.4
870.0 -266.4
870.0 -266.4
870.0 -266.4
870.0 -266.4
870.0 -266.4
870.0 -266.4
870.0 -266.4
870.0 -266.4
870.0 -266.4
870.0 -266.4
870.0 -266.4
870.0 -266.4
870.0 -266.4
870.0 -266.4
870.0 -266.4
870.0 -266.4
870.0 -266.4
870.0 -266.4
870.0 -266.4
870.0 -266.4
870.0 -266.4
870.0 -266.4
870.0 -266.4
870.0 -266.4
870.0 -266.4
870.0 -266.4
870.0 -266.4
870.0 -266.4
870.0 -266.4
870.0 -266.4
870.0 -266.4
870.0 -266.4
870.0 -266.4
870.0 -266.4
870.0 -266.4
870.0 -266.4
870.0 -266.4
870.0 -266.4
870.0 -266.4
870.0 -266.4
870.0 -266.4
870.0 -266.4
870.0 -266.4
870.0 -266.4
870.0 -266.4
870.0 -266.4
870.0 -266.4
870.0 -266.4
870.0 -266.4
870.0 -266.4
870.0 -266.4
870.0 -266.4
870.0 -266.4
870.0 -266.4
870.0 -266.4
870.0 -266.4
870.0 -266.4
870.0 -266.4
870.0 -266.4
870.0 -266.4
870.0 -266.4
870.0 -266.4
870.0 -266.4
870.0 -266.4
870.0 -266.4
870.0 -266.4
870.0 -266.4
870.0 -266.4
870.0 -266.4
870.0 -266.4
870.0 -266.4
870.0 -266.4
870.0 -266.4
870.0 -266.4
870.0 -266.4
870.0 -266.4
870.0 -266.4
870.0 -266.4
870.0 -266.4
870.0 -266.4
870.0 -266.4
870.0 -266.4
870.0 -266.4
870.0 -266.4
870.0 -266.4
870.0 -266.4
870.0 -266.4
870.0 -266.4
870.0 -266.4
870.0 -266.4
870.0 -266.4
870.0 -266.4
870.0 -266.4
870.0 -266.4
870.0 -266.4
870.0 -266.4
870.0 -266.4
870.0 -266.4
870.0 -266.4
870.0 -266.4
870.0 -266.4
870.0 -266.4
870.0 -266.4
870.0 -266.4
870.0 -266.4
870.0 -266.4
870.0 -266.4
870.0 -266.4
870.0 -266.4
870.0 -266.4
870.0 -266.4
870.0 -266.4
870.0 -266.4
870.0 -266.4
870.0 -266.4
870.0 -266.4
870.0 -266.4
870.0 -266.4
870.0 -266.4
870.0 -266.4
870.0 -266.4
870.0 -266.4
870.0 -266.4
870.0 -266.4
870.0 -266.4
870.0 -266.4
870.0 -266.4
870.0 -266.4
870.0 -266.4
870.0 -266.4
870.0 -266.4
870.0 -266.4
870.0 -266.4
870.0 -266.4
870.0 -266.4
870.0 -266.4
870.0 -266.4
870.0 -266.4
870.0 -266.4
870.0 -266.4
870.0 -266.4
870.0 -266.4
870.0 -266.4
870.0 -266.4
870.0 -266.4
870.0 -266.4
870.0 -266.4
870.0 -266.4
870.0 -266.4
870.0 -266.4
870.0 -266.4
870.0 -266.4
870.0 -266.4
870.0 -266.4
870.0 -266.4
870.0 -266.4
870.0 -266.4
870.0 -266.4
870.0 -266.4
870.0 -266.4
870.0 -266.4
870.0 -266.4
870.0 -266.4
870.0 -266.4
870.0 -266.4
870.0 -266.4
870.0 -266.4
870.0 -266.4
870.0 -266.4
871.0 -260.4
871.0 -261.6
872.0 -264.0
872.0 -260.4
872.0 -261.6
872.0 -264.0
872.0 -261.6
873.0 -256.8
873.0 -252.0
873.0 -261.6
873.0 -261.6
873.0 -259.2
873.0 -256.8
874.0 -259.2
874.0 -260.4
874.0 -255.6
874.0 -259.2
874.0 -261.6
876.0 -261.6
876.0 -266.4
876.0 -266.4
877.0 -265.2
877.0 -265.2
877.0 -254.4
877.0 -259.2
878.0 -260.4
878.0 -262.8
878.0 -262.8
879.0 -259.2
879.0 -255.6
879.0 -260.4
879.0 -259.2
879.0 -261.6
880.0 -256.8
881.0 -262.8
882.0 -266.4
882.0 -255.6
883.0 -264.0
883.0 -265.2
883.0 -265.2
883.0 -266.4
883.0 -265.2
883.0 -265.2
883.0 -265.2
883.0 -264.0
883.0 -264.0
883.0 -260.4
883.0 -265.2
884.0 -260.4
884.0 -259.2
885.0 -267.6
885.0 -267.6
885.0 -265.2
885.0 -267.6
885.0 -265.2
885.0 -267.6
885.0 -266.4
885.0 -256.8
885.0 -260.4
885.0 -266.4
885.0 -264.0
885.0 -259.2
885.0 -261.6
885.0 -262.8
885.0 -266.4
885.0 -267.6
885.0 -264.0
885.0 -267.6
885.0 -258.0
886.0 -259.2
886.0 -259.2
887.0 -244.8
887.0 -253.2
887.0 -262.8
887.0 -259.2
888.0 -252.0
889.0 -265.2
889.0 -270.0
889.0 -270.0
889.0 -264.0
889.0 -264.0
889.0 -270.0
889.0 -270.0
889.0 -265.2
889.0 -268.8
889.0 -270.0
889.0 -268.8
889.0 -268.8
889.0 -270.0
889.0 -270.0
889.0 -264.0
889.0 -264.0
889.0 -270.0
889.0 -262.8
889.0 -270.0
890.0 -261.6
890.0 -261.6
890.0 -254.4
890.0 -260.4
890.0 -256.8
891.0 -264.0
891.0 -267.6
891.0 -258.0
891.0 -265.2
891.0 -258.0
891.0 -267.6
891.0 -261.6
892.0 -266.4
892.0 -265.2
892.0 -262.8
892.0 -265.2
892.0 -266.4
892.0 -264.0
892.0 -265.2
892.0 -266.4
893.0 -262.8
894.0 -256.8
895.0 -268.8
895.0 -268.8
895.0 -270.0
895.0 -270.0
895.0 -268.8
895.0 -270.0
895.0 -270.0
895.0 -259.2
895.0 -265.2
895.0 -268.8
895.0 -270.0
895.0 -268.8
896.0 -264.0
896.0 -258.0
896.0 -268.8
896.0 -267.6
896.0 -261.6
896.0 -267.6
897.0 -265.2
898.0 -264.0
898.0 -264.0
899.0 -266.4
899.0 -261.6
901.0 -268.8
902.0 -267.6
902.0 -266.4
902.0 -268.8
902.0 -268.8
902.0 -268.8
902.0 -252.0
902.0 -264.0
902.0 -267.6
902.0 -268.8
903.0 -265.2
904.0 -270.0
904.0 -268.8
904.0 -270.0
904.0 -270.0
904.0 -268.8
904.0 -270.0
905.0 -260.4
905.0 -262.8
906.0 -262.8
906.0 -270.0
908.0 -273.6
908.0 -270.0
908.0 -271.2
908.0 -272.4
908.0 -272.4
908.0 -272.4
908.0 -272.4
908.0 -273.6
908.0 -272.4
908.0 -273.6
908.0 -273.6
908.0 -272.4
908.0 -273.6
908.0 -267.6
908.0 -272.4
908.0 -272.4
908.0 -271.2
908.0 -272.4
908.0 -273.6
908.0 -272.4
908.0 -273.6
908.0 -273.6
908.0 -273.6
908.0 -273.6
908.0 -273.6
908.0 -273.6
908.0 -273.6
908.0 -273.6
908.0 -273.6
908.0 -273.6
908.0 -273.6
908.0 -273.6
908.0 -273.6
908.0 -273.6
908.0 -273.6
908.0 -273.6
908.0 -273.6
908.0 -273.6
908.0 -273.6
908.0 -273.6
908.0 -273.6
908.0 -273.6
908.0 -273.6
908.0 -273.6
908.0 -273.6
908.0 -273.6
908.0 -273.6
908.0 -273.6
908.0 -273.6
908.0 -273.6
908.0 -273.6
908.0 -273.6
908.0 -273.6
908.0 -273.6
908.0 -273.6
908.0 -273.6
908.0 -273.6
908.0 -273.6
908.0 -273.6
908.0 -273.6
908.0 -273.6
908.0 -273.6
908.0 -273.6
908.0 -273.6
908.0 -273.6
908.0 -273.6
908.0 -273.6
908.0 -273.6
908.0 -273.6
908.0 -273.6
908.0 -273.6
908.0 -273.6
908.0 -273.6
908.0 -273.6
908.0 -273.6
908.0 -273.6
908.0 -273.6
908.0 -273.6
908.0 -273.6
908.0 -273.6
908.0 -273.6
908.0 -273.6
908.0 -273.6
908.0 -273.6
908.0 -273.6
908.0 -273.6
908.0 -273.6
908.0 -273.6
908.0 -273.6
908.0 -273.6
908.0 -273.6
908.0 -273.6
908.0 -273.6
908.0 -273.6
908.0 -273.6
908.0 -273.6
908.0 -273.6
908.0 -273.6
908.0 -273.6
908.0 -273.6
908.0 -273.6
908.0 -273.6
908.0 -273.6
908.0 -273.6
908.0 -273.6
908.0 -273.6
908.0 -273.6
908.0 -273.6
908.0 -273.6
908.0 -273.6
908.0 -273.6
908.0 -273.6
908.0 -273.6
908.0 -273.6
908.0 -273.6
908.0 -273.6
908.0 -273.6
908.0 -273.6
908.0 -273.6
908.0 -273.6
908.0 -273.6
908.0 -273.6
908.0 -273.6
908.0 -273.6
908.0 -273.6
908.0 -273.6
908.0 -273.6
908.0 -273.6
908.0 -273.6
908.0 -273.6
908.0 -273.6
908.0 -273.6
908.0 -273.6
908.0 -273.6
908.0 -273.6
908.0 -273.6
908.0 -273.6
908.0 -273.6
908.0 -273.6
908.0 -273.6
908.0 -273.6
908.0 -273.6
908.0 -273.6
908.0 -273.6
908.0 -273.6
908.0 -273.6
908.0 -273.6
908.0 -273.6
908.0 -273.6
908.0 -273.6
908.0 -273.6
908.0 -273.6
908.0 -273.6
908.0 -273.6
908.0 -273.6
908.0 -273.6
908.0 -273.6
908.0 -273.6
908.0 -273.6
908.0 -273.6
908.0 -273.6
908.0 -273.6
908.0 -273.6
908.0 -273.6
908.0 -273.6
908.0 -273.6
908.0 -273.6
908.0 -273.6
908.0 -273.6
908.0 -273.6
908.0 -273.6
908.0 -273.6
908.0 -273.6
908.0 -273.6
908.0 -273.6
908.0 -273.6
908.0 -273.6
908.0 -273.6
908.0 -273.6
908.0 -273.6
908.0 -273.6
908.0 -273.6
908.0 -273.6
908.0 -273.6
908.0 -273.6
908.0 -273.6
908.0 -273.6
908.0 -273.6
908.0 -273.6
908.0 -273.6
908.0 -273.6
908.0 -273.6
908.0 -273.6
908.0 -273.6
908.0 -273.6
908.0 -273.6
908.0 -273.6
908.0 -273.6
908.0 -273.6
908.0 -273.6
908.0 -273.6
908.0 -273.6
908.0 -273.6
908.0 -273.6
908.0 -273.6
908.0 -273.6
908.0 -273.6
908.0 -273.6
908.0 -273.6
908.0 -273.6
908.0 -273.6
908.0 -273.6
908.0 -273.6
908.0 -273.6
908.0 -273.6
908.0 -273.6
908.0 -273.6
908.0 -273.6
908.0 -273.6
908.0 -273.6
908.0 -273.6
908.0 -273.6
908.0 -273.6
908.0 -273.6
908.0 -273.6
908.0 -273.6
908.0 -273.6
908.0 -273.6
908.0 -273.6
908.0 -273.6
908.0 -273.6
908.0 -273.6
908.0 -273.6
908.0 -273.6
908.0 -273.6
908.0 -273.6
908.0 -273.6
908.0 -273.6
908.0 -273.6
908.0 -273.6
908.0 -273.6
908.0 -273.6
908.0 -273.6
908.0 -273.6
908.0 -273.6
908.0 -273.6
908.0 -273.6
908.0 -273.6
908.0 -273.6
908.0 -273.6
908.0 -273.6
908.0 -273.6
908.0 -273.6
908.0 -273.6
908.0 -273.6
908.0 -273.6
908.0 -273.6
908.0 -273.6
908.0 -273.6
908.0 -273.6
908.0 -273.6
908.0 -273.6
908.0 -273.6
908.0 -273.6
908.0 -273.6
908.0 -273.6
908.0 -273.6
908.0 -273.6
908.0 -273.6
908.0 -273.6
908.0 -273.6
908.0 -273.6
908.0 -273.6
908.0 -273.6
908.0 -273.6
908.0 -273.6
908.0 -273.6
908.0 -273.6
908.0 -273.6
908.0 -273.6
908.0 -273.6
908.0 -273.6
908.0 -273.6
908.0 -273.6
908.0 -273.6
908.0 -273.6
908.0 -273.6
908.0 -273.6
908.0 -273.6
908.0 -273.6
908.0 -273.6
908.0 -273.6
908.0 -273.6
908.0 -273.6
908.0 -273.6
908.0 -273.6
908.0 -273.6
908.0 -273.6
908.0 -273.6
908.0 -273.6
908.0 -273.6
908.0 -273.6
908.0 -273.6
908.0 -273.6
908.0 -273.6
908.0 -273.6
908.0 -273.6
908.0 -273.6
908.0 -273.6
908.0 -273.6
908.0 -273.6
908.0 -273.6
908.0 -273.6
908.0 -273.6
908.0 -273.6
908.0 -273.6
908.0 -273.6
908.0 -273.6
908.0 -273.6
908.0 -273.6
908.0 -273.6
908.0 -273.6
908.0 -273.6
908.0 -273.6
908.0 -273.6
908.0 -273.6
908.0 -273.6
908.0 -273.6
908.0 -273.6
908.0 -273.6
908.0 -273.6
908.0 -273.6
908.0 -273.6
908.0 -273.6
908.0 -273.6
908.0 -273.6
908.0 -273.6
908.0 -273.6
908.0 -273.6
908.0 -273.6
908.0 -273.6
908.0 -273.6
908.0 -273.6
908.0 -273.6
908.0 -273.6
908.0 -273.6
908.0 -273.6
908.0 -273.6
908.0 -273.6
908.0 -273.6
908.0 -273.6
908.0 -273.6
908.0 -273.6
908.0 -273.6
908.0 -273.6
908.0 -273.6
908.0 -273.6
908.0 -273.6
908.0 -273.6
908.0 -273.6
908.0 -273.6
908.0 -273.6
908.0 -273.6
908.0 -273.6
908.0 -273.6
908.0 -273.6
908.0 -273.6
908.0 -273.6
908.0 -273.6
908.0 -273.6
908.0 -273.6
908.0 -273.6
908.0 -273.6
908.0 -273.6
908.0 -273.6
908.0 -273.6
908.0 -273.6
908.0 -273.6
908.0 -273.6
908.0 -273.6
908.0 -273.6
908.0 -273.6
908.0 -273.6
908.0 -273.6
908.0 -273.6
908.0 -273.6
908.0 -273.6
908.0 -273.6
908.0 -273.6
908.0 -273.6
908.0 -273.6
908.0 -273.6
908.0 -273.6
908.0 -273.6
908.0 -273.6
908.0 -273.6
908.0 -273.6
908.0 -273.6
908.0 -273.6
908.0 -273.6
908.0 -273.6
908.0 -273.6
908.0 -273.6
908.0 -273.6
908.0 -273.6
908.0 -273.6
908.0 -273.6
908.0 -273.6
908.0 -273.6
908.0 -273.6
908.0 -273.6
908.0 -273.6
908.0 -273.6
908.0 -273.6
908.0 -273.6
908.0 -273.6
908.0 -273.6
908.0 -273.6
908.0 -273.6
908.0 -273.6
908.0 -273.6
908.0 -273.6
908.0 -273.6
908.0 -273.6
908.0 -273.6
908.0 -273.6
908.0 -273.6
908.0 -273.6
908.0 -273.6
908.0 -273.6
908.0 -273.6
908.0 -273.6
908.0 -273.6
908.0 -273.6
908.0 -273.6
908.0 -273.6
908.0 -273.6
908.0 -273.6
908.0 -273.6
908.0 -273.6
908.0 -273.6
908.0 -273.6
908.0 -273.6
908.0 -273.6
908.0 -273.6
908.0 -273.6
908.0 -273.6
908.0 -273.6
908.0 -273.6
908.0 -273.6
908.0 -273.6
908.0 -273.6
908.0 -273.6
908.0 -273.6
908.0 -273.6
908.0 -273.6
908.0 -273.6
908.0 -273.6
908.0 -273.6
908.0 -273.6
908.0 -273.6
908.0 -273.6
908.0 -273.6
908.0 -273.6
908.0 -273.6
908.0 -273.6
908.0 -273.6
908.0 -273.6
908.0 -273.6
908.0 -273.6
908.0 -273.6
908.0 -273.6
908.0 -273.6
908.0 -273.6
908.0 -273.6
908.0 -273.6
908.0 -273.6
908.0 -273.6
908.0 -273.6
908.0 -273.6
908.0 -273.6
908.0 -273.6
908.0 -273.6
908.0 -273.6
908.0 -273.6
908.0 -273.6
908.0 -273.6
908.0 -273.6
908.0 -273.6
908.0 -273.6
908.0 -273.6
908.0 -273.6
908.0 -273.6
908.0 -273.6
908.0 -273.6
908.0 -273.6
908.0 -273.6
908.0 -273.6
908.0 -273.6
908.0 -273.6
908.0 -273.6
908.0 -273.6
908.0 -273.6
908.0 -273.6
908.0 -273.6
908.0 -273.6
908.0 -273.6
908.0 -273.6
908.0 -273.6
908.0 -273.6
908.0 -273.6
908.0 -273.6
908.0 -273.6
908.0 -273.6
908.0 -273.6
908.0 -273.6
908.0 -268.8
908.0 -273.6
908.0 -270.0
908.0 -273.6
908.0 -272.4
908.0 -272.4
908.0 -273.6
908.0 -273.6
908.0 -273.6
909.0 -266.4
909.0 -259.2
909.0 -267.6
909.0 -264.0
909.0 -266.4
909.0 -262.8
910.0 -268.8
910.0 -271.2
910.0 -268.8
910.0 -268.8
910.0 -268.8
910.0 -270.0
910.0 -271.2
910.0 -271.2
910.0 -270.0
911.0 -268.8
911.0 -262.8
911.0 -268.8
911.0 -267.6
911.0 -268.8
911.0 -268.8
911.0 -248.4
911.0 -261.6
911.0 -264.0
912.0 -266.4
912.0 -270.0
913.0 -266.4
913.0 -266.4
913.0 -262.8
914.0 -272.4
914.0 -273.6
914.0 -273.6
914.0 -273.6
914.0 -271.2
914.0 -273.6
914.0 -273.6
914.0 -273.6
914.0 -273.6
914.0 -272.4
914.0 -273.6
914.0 -273.6
914.0 -272.4
914.0 -268.8
914.0 -266.4
914.0 -272.4
914.0 -271.2
915.0 -268.8
915.0 -271.2
915.0 -264.0
915.0 -271.2
915.0 -267.6
915.0 -266.4
915.0 -270.0
916.0 -268.8
917.0 -268.8
919.0 -271.2
919.0 -271.2
919.0 -265.2
920.0 -272.4
920.0 -273.6
920.0 -272.4
920.0 -271.2
920.0 -273.6
920.0 -272.4
921.0 -271.2
921.0 -272.4
921.0 -271.2
921.0 -267.6
921.0 -272.4
921.0 -271.2
921.0 -271.2
921.0 -271.2
921.0 -261.6
921.0 -272.4
921.0 -271.2
921.0 -272.4
922.0 -260.4
922.0 -261.6
922.0 -270.0
923.0 -270.0
923.0 -270.0
923.0 -273.6
923.0 -272.4
923.0 -272.4
923.0 -271.2
923.0 -273.6
923.0 -273.6
923.0 -272.4
923.0 -267.6
923.0 -273.6
923.0 -273.6
923.0 -273.6
925.0 -274.8
925.0 -268.8
925.0 -273.6
927.0 -276.0
927.0 -276.0
927.0 -276.0
927.0 -276.0
927.0 -276.0
927.0 -276.0
927.0 -276.0
927.0 -276.0
927.0 -276.0
927.0 -276.0
927.0 -276.0
927.0 -276.0
927.0 -276.0
927.0 -276.0
927.0 -276.0
927.0 -276.0
927.0 -274.8
927.0 -272.4
927.0 -270.0
927.0 -271.2
927.0 -266.4
927.0 -276.0
927.0 -276.0
928.0 -266.4
928.0 -265.2
928.0 -271.2
928.0 -271.2
928.0 -271.2
929.0 -272.4
929.0 -272.4
930.0 -272.4
930.0 -266.4
931.0 -274.8
931.0 -271.2
932.0 -273.6
932.0 -273.6
932.0 -272.4
932.0 -266.4
933.0 -276.0
933.0 -277.2
933.0 -277.2
933.0 -276.0
933.0 -274.8
933.0 -276.0
933.0 -277.2
933.0 -277.2
933.0 -276.0
933.0 -277.2
933.0 -277.2
933.0 -277.2
933.0 -277.2
933.0 -277.2
933.0 -277.2
933.0 -276.0
933.0 -277.2
933.0 -277.2
933.0 -277.2
933.0 -267.6
933.0 -274.8
933.0 -276.0
934.0 -274.8
934.0 -274.8
934.0 -271.2
934.0 -271.2
935.0 -270.0
936.0 -271.2
936.0 -272.4
939.0 -276.0
939.0 -276.0
939.0 -261.6
940.0 -273.6
940.0 -274.8
940.0 -276.0
940.0 -276.0
940.0 -274.8
940.0 -274.8
940.0 -273.6
942.0 -276.0
942.0 -271.2
942.0 -272.4
943.0 -272.4
943.0 -272.4
944.0 -278.4
944.0 -278.4
944.0 -278.4
944.0 -278.4
944.0 -277.2
944.0 -273.6
944.0 -277.2
944.0 -277.2
944.0 -278.4
944.0 -277.2
946.0 -278.4
946.0 -278.4
946.0 -279.6
946.0 -278.4
946.0 -279.6
946.0 -279.6
946.0 -274.8
946.0 -278.4
946.0 -278.4
946.0 -268.8
946.0 -278.4
946.0 -278.4
946.0 -278.4
946.0 -274.8
947.0 -274.8
948.0 -276.0
948.0 -274.8
948.0 -270.0
948.0 -277.2
948.0 -277.2
949.0 -276.0
949.0 -276.0
950.0 -277.2
951.0 -270.0
951.0 -271.2
951.0 -276.0
952.0 -279.6
952.0 -279.6
952.0 -279.6
952.0 -279.6
952.0 -279.6
952.0 -278.4
952.0 -279.6
952.0 -278.4
952.0 -279.6
952.0 -279.6
952.0 -279.6
952.0 -279.6
952.0 -276.0
952.0 -279.6
952.0 -278.4
952.0 -279.6
952.0 -279.6
952.0 -279.6
953.0 -274.8
953.0 -274.8
954.0 -274.8
954.0 -270.0
955.0 -270.0
956.0 -278.4
956.0 -268.8
956.0 -278.4
957.0 -276.0
957.0 -274.8
958.0 -278.4
958.0 -279.6
959.0 -278.4
959.0 -278.4
961.0 -278.4
961.0 -271.2
963.0 -282.0
963.0 -278.4
963.0 -278.4
963.0 -282.0
963.0 -280.8
963.0 -280.8
963.0 -280.8
963.0 -280.8
963.0 -280.8
963.0 -282.0
963.0 -280.8
963.0 -282.0
965.0 -282.0
965.0 -282.0
965.0 -278.4
965.0 -279.6
965.0 -282.0
965.0 -282.0
967.0 -278.4
968.0 -276.0
968.0 -278.4
968.0 -279.6
969.0 -273.6
969.0 -282.0
969.0 -282.0
969.0 -280.8
969.0 -282.0
969.0 -278.4
969.0 -282.0
969.0 -282.0
969.0 -282.0
969.0 -280.8
969.0 -280.8
969.0 -274.8
969.0 -280.8
969.0 -272.4
969.0 -282.0
969.0 -280.8
969.0 -276.0
970.0 -279.6
971.0 -283.2
971.0 -283.2
971.0 -283.2
971.0 -282.0
971.0 -283.2
971.0 -282.0
971.0 -283.2
971.0 -283.2
971.0 -272.4
971.0 -282.0
971.0 -283.2
971.0 -283.2
971.0 -271.2
971.0 -283.2
974.0 -277.2
975.0 -282.0
975.0 -282.0
976.0 -279.6
977.0 -278.4
980.0 -280.8
980.0 -280.8
980.0 -280.8
980.0 -280.8
981.0 -274.8
982.0 -284.4
982.0 -284.4
982.0 -276.0
982.0 -280.8
982.0 -284.4
982.0 -284.4
982.0 -284.4
982.0 -284.4
982.0 -280.8
982.0 -284.4
982.0 -280.8
984.0 -279.6
984.0 -280.8
984.0 -282.0
987.0 -282.0
988.0 -285.6
988.0 -285.6
988.0 -285.6
988.0 -284.4
988.0 -285.6
988.0 -284.4
988.0 -285.6
988.0 -277.2
990.0 -285.6
990.0 -278.4
990.0 -285.6
990.0 -285.6
990.0 -274.8
990.0 -285.6
990.0 -285.6
990.0 -285.6
993.0 -280.8
997.0 -282.0
999.0 -280.8
1001.0 -283.2
1006.0 -285.6
1006.0 -285.6
1007.0 -288.0
1007.0 -288.0
1008.0 -280.8
1012.0 -280.8
1012.0 -285.6
1019.0 -283.2
1019.0 -282.0
1022.0 -286.8
1024.0 -288.0
1024.0 -288.0
1028.0 -286.8
1031.0 -289.2
1032.0 -286.8
1032.0 -274.8
1036.0 -282.0
1037.0 -283.2
1037.0 -286.8
1044.0 -286.8
1049.0 -288.0
1050.0 -291.6
1051.0 -289.2
1060.0 -292.8
1061.0 -292.8
1061.0 -292.8
1061.0 -292.8
1061.0 -292.8
1061.0 -292.8
1084.0 -294.0
1111.0 -298.8
1118.0 -298.8
1160.0 -307.2
1179.0 -292.8
1194.0 -309.6
1196.0 -309.6
1204.0 -308.4
1204.0 -308.4
1206.0 -308.4
1209.0 -306.0
1211.0 -306.0
1211.0 -306.0
1213.0 -312.0
1213.0 -312.0
1213.0 -307.2
1215.0 -309.6
1221.0 -310.8
1223.0 -310.8
1223.0 -310.8
1234.0 -309.6
1235.0 -301.2
1243.0 -304.8
1244.0 -309.6
1244.0 -306.0
1244.0 -309.6
1251.0 -312.0
1251.0 -312.0
1251.0 -308.4
1251.0 -312.0
1253.0 -309.6
1255.0 -313.2
1255.0 -313.2
1259.0 -313.2
1259.0 -306.0
1259.0 -296.4
1259.0 -313.2
1261.0 -308.4
1262.0 -310.8
1263.0 -312.0
1263.0 -312.0
1263.0 -309.6
1264.0 -307.2
1264.0 -307.2
1264.0 -304.8
1268.0 -314.4
1268.0 -314.4
1268.0 -304.8
1269.0 -310.8
1270.0 -308.4
1274.0 -315.6
1274.0 -315.6
1274.0 -315.6
1274.0 -315.6
1274.0 -315.6
1274.0 -315.6
1274.0 -315.6
1276.0 -315.6
1276.0 -315.6
1276.0 -315.6
1276.0 -315.6
1276.0 -315.6
1276.0 -315.6
1276.0 -315.6
1276.0 -315.6
1276.0 -315.6
1276.0 -315.6
1278.0 -313.2
1278.0 -310.8
1280.0 -314.4
1280.0 -314.4
1280.0 -303.6
1280.0 -314.4
1281.0 -313.2
1284.0 -314.4
1284.0 -308.4
1284.0 -314.4
1284.0 -314.4
1284.0 -314.4
1284.0 -314.4
1286.0 -314.4
1287.0 -308.4
1287.0 -313.2
1287.0 -303.6
1287.0 -313.2
1287.0 -298.8
1288.0 -312.0
1289.0 -312.0
1289.0 -312.0
1290.0 -313.2
1291.0 -310.8
1293.0 -307.2
1293.0 -318.0
1293.0 -318.0
1293.0 -318.0
1293.0 -318.0
1293.0 -318.0
1293.0 -308.4
1293.0 -318.0
1293.0 -318.0
1293.0 -318.0
1293.0 -318.0
1293.0 -318.0
1293.0 -318.0
1293.0 -318.0
1293.0 -318.0
1293.0 -318.0
1293.0 -308.4
1297.0 -310.8
1297.0 -312.0
1299.0 -313.2
1301.0 -316.8
1301.0 -312.0
1301.0 -316.8
1301.0 -316.8
1301.0 -316.8
1301.0 -316.8
1301.0 -314.4
1301.0 -313.2
1301.0 -316.8
1301.0 -316.8
1301.0 -316.8
1301.0 -316.8
1301.0 -316.8
1301.0 -314.4
1303.0 -316.8
1303.0 -316.8
1303.0 -316.8
1305.0 -313.2
1306.0 -312.0
1306.0 -312.0
1307.0 -307.2
1307.0 -309.6
1309.0 -310.8
1309.0 -310.8
1310.0 -315.6
1310.0 -315.6
1310.0 -315.6
1310.0 -315.6
1310.0 -315.6
1312.0 -307.2
1312.0 -312.0
1312.0 -315.6
1312.0 -315.6
1312.0 -315.6
1312.0 -315.6
1314.0 -312.0
1314.0 -312.0
1316.0 -314.4
1318.0 -316.8
1318.0 -316.8
1318.0 -316.8
1318.0 -316.8
1318.0 -316.8
1318.0 -312.0
1318.0 -316.8
1318.0 -316.8
1318.0 -314.4
1318.0 -316.8
1318.0 -316.8
1319.0 -313.2
1319.0 -309.6
1320.0 -316.8
1320.0 -316.8
1320.0 -316.8
1320.0 -316.8
1320.0 -316.8
1320.0 -316.8
1320.0 -316.8
1320.0 -314.4
1320.0 -316.8
1321.0 -310.8
1321.0 -310.8
1321.0 -298.8
1322.0 -315.6
1322.0 -314.4
1322.0 -315.6
1322.0 -309.6
1323.0 -309.6
1323.0 -313.2
1323.0 -309.6
1323.0 -314.4
1324.0 -315.6
1325.0 -314.4
1325.0 -314.4
1325.0 -314.4
1325.0 -310.8
1325.0 -314.4
1326.0 -313.2
1327.0 -312.0
1329.0 -318.0
1329.0 -318.0
1329.0 -318.0
1330.0 -313.2
1331.0 -314.4
1331.0 -318.0
1331.0 -315.6
1331.0 -318.0
1331.0 -315.6
1331.0 -315.6
1331.0 -314.4
1331.0 -314.4
1332.0 -313.2
1332.0 -313.2
1332.0 -314.4
1333.0 -313.2
1333.0 -315.6
1333.0 -315.6
1333.0 -309.6
1333.0 -315.6
1334.0 -314.4
1334.0 -309.6
1335.0 -319.2
1335.0 -319.2
1335.0 -319.2
1335.0 -319.2
1335.0 -319.2
1335.0 -319.2
1335.0 -319.2
1335.0 -319.2
1335.0 -319.2
1335.0 -319.2
1336.0 -308.4
1337.0 -319.2
1337.0 -319.2
1337.0 -319.2
1337.0 -319.2
1337.0 -319.2
1337.0 -319.2
1337.0 -319.2
1337.0 -319.2
1337.0 -319.2
1337.0 -319.2
1337.0 -319.2
1337.0 -319.2
1337.0 -319.2
1337.0 -319.2
1337.0 -319.2
1337.0 -319.2
1337.0 -319.2
1337.0 -319.2
1337.0 -319.2
1337.0 -319.2
1337.0 -319.2
1337.0 -319.2
1337.0 -319.2
1337.0 -319.2
1337.0 -319.2
1337.0 -319.2
1337.0 -319.2
1337.0 -319.2
1337.0 -319.2
1337.0 -319.2
1337.0 -319.2
1337.0 -319.2
1337.0 -319.2
1337.0 -319.2
1337.0 -319.2
1337.0 -319.2
1337.0 -319.2
1337.0 -319.2
1337.0 -319.2
1337.0 -319.2
1337.0 -319.2
1337.0 -319.2
1337.0 -319.2
1337.0 -319.2
1337.0 -319.2
1337.0 -319.2
1338.0 -314.4
1339.0 -319.2
1339.0 -319.2
1339.0 -319.2
1339.0 -319.2
1339.0 -319.2
1339.0 -319.2
1339.0 -319.2
1339.0 -319.2
1339.0 -319.2
1339.0 -319.2
1339.0 -319.2
1339.0 -319.2
1339.0 -319.2
1339.0 -319.2
1339.0 -319.2
1339.0 -319.2
1339.0 -316.8
1339.0 -316.8
1340.0 -314.4
1341.0 -318.0
1341.0 -318.0
1341.0 -318.0
1341.0 -314.4
1341.0 -318.0
1341.0 -318.0
1341.0 -318.0
1342.0 -316.8
1342.0 -316.8
1342.0 -313.2
1342.0 -313.2
1342.0 -316.8
1342.0 -316.8
1343.0 -318.0
1343.0 -314.4
1343.0 -314.4
1343.0 -318.0
1343.0 -318.0
1343.0 -318.0
1344.0 -316.8
1344.0 -316.8
1344.0 -316.8
1344.0 -313.2
1345.0 -318.0
1345.0 -318.0
1345.0 -314.4
1347.0 -318.0
1347.0 -314.4
1348.0 -316.8
1348.0 -313.2
1349.0 -315.6
1349.0 -315.6
1349.0 -315.6
1349.0 -315.6
1350.0 -316.8
1350.0 -316.8
1350.0 -308.4
1350.0 -316.8
1350.0 -316.8
1351.0 -316.8
1351.0 -316.8
1351.0 -315.6
1351.0 -315.6
1352.0 -308.4
1354.0 -321.6
1354.0 -321.6
1354.0 -321.6
1354.0 -321.6
1354.0 -321.6
1354.0 -321.6
1354.0 -321.6
1354.0 -321.6
1354.0 -321.6
1354.0 -321.6
1354.0 -321.6
1354.0 -321.6
1354.0 -321.6
1354.0 -321.6
1354.0 -321.6
1354.0 -321.6
1354.0 -321.6
1354.0 -321.6
1354.0 -321.6
1354.0 -321.6
1354.0 -321.6
1354.0 -321.6
1354.0 -321.6
1354.0 -321.6
1354.0 -321.6
1354.0 -321.6
1354.0 -321.6
1354.0 -321.6
1354.0 -321.6
1354.0 -321.6
1354.0 -321.6
1354.0 -321.6
1354.0 -321.6
1354.0 -321.6
1354.0 -321.6
1354.0 -321.6
1354.0 -321.6
1354.0 -321.6
1354.0 -321.6
1354.0 -321.6
1354.0 -321.6
1354.0 -321.6
1354.0 -321.6
1354.0 -321.6
1354.0 -321.6
1354.0 -321.6
1354.0 -321.6
1354.0 -321.6
1354.0 -321.6
1354.0 -321.6
1354.0 -321.6
1354.0 -321.6
1354.0 -321.6
1354.0 -321.6
1354.0 -321.6
1354.0 -321.6
1354.0 -321.6
1354.0 -321.6
1354.0 -321.6
1356.0 -321.6
1356.0 -321.6
1356.0 -321.6
1356.0 -321.6
1356.0 -321.6
1356.0 -321.6
1356.0 -321.6
1356.0 -321.6
1356.0 -321.6
1356.0 -321.6
1356.0 -321.6
1356.0 -321.6
1356.0 -321.6
1356.0 -321.6
1356.0 -321.6
1356.0 -321.6
1356.0 -321.6
1356.0 -321.6
1356.0 -321.6
1356.0 -321.6
1356.0 -321.6
1356.0 -321.6
1356.0 -321.6
1356.0 -321.6
1356.0 -321.6
1356.0 -321.6
1356.0 -321.6
1356.0 -321.6
1356.0 -321.6
1356.0 -321.6
1356.0 -321.6
1356.0 -321.6
1356.0 -321.6
1356.0 -321.6
1356.0 -321.6
1356.0 -321.6
1356.0 -321.6
1356.0 -321.6
1356.0 -321.6
1356.0 -321.6
1356.0 -321.6
1356.0 -321.6
1356.0 -321.6
1356.0 -316.8
1356.0 -321.6
1356.0 -321.6
1356.0 -321.6
1356.0 -321.6
1356.0 -321.6
1356.0 -321.6
1356.0 -321.6
1356.0 -321.6
1356.0 -321.6
1356.0 -321.6
1356.0 -321.6
1356.0 -321.6
1356.0 -321.6
1356.0 -321.6
1357.0 -310.8
1358.0 -314.4
1359.0 -314.4
1360.0 -315.6
1362.0 -316.8
1362.0 -316.8
1362.0 -315.6
1362.0 -316.8
1362.0 -316.8
1362.0 -316.8
1364.0 -320.4
1364.0 -320.4
1364.0 -320.4
1364.0 -320.4
1364.0 -320.4
1364.0 -320.4
1364.0 -320.4
1364.0 -320.4
1364.0 -320.4
1364.0 -320.4
1364.0 -320.4
1364.0 -320.4
1364.0 -320.4
1364.0 -320.4
1364.0 -320.4
1364.0 -320.4
1364.0 -320.4
1364.0 -320.4
1364.0 -320.4
1364.0 -320.4
1364.0 -320.4
1364.0 -320.4
1364.0 -320.4
1364.0 -320.4
1364.0 -320.4
1364.0 -320.4
1364.0 -303.6
1364.0 -320.4
1365.0 -313.2
1367.0 -313.2
1367.0 -314.4
1369.0 -315.6
1369.0 -310.8
1371.0 -308.4
1371.0 -306.0
1373.0 -319.2
1373.0 -319.2
1373.0 -319.2
1373.0 -319.2
1373.0 -319.2
1373.0 -319.2
1373.0 -315.6
1373.0 -319.2
1375.0 -319.2
1375.0 -319.2
1375.0 -319.2
1375.0 -319.2
1377.0 -316.8
1377.0 -316.8
1379.0 -315.6
1379.0 -315.6
1379.0 -318.0
1379.0 -315.6
1379.0 -318.0
1379.0 -318.0
1379.0 -318.0
1379.0 -315.6
1379.0 -318.0
1380.0 -313.2
1381.0 -320.4
1381.0 -320.4
1381.0 -320.4
1381.0 -315.6
1381.0 -320.4
1381.0 -320.4
1381.0 -320.4
1381.0 -320.4
1381.0 -320.4
1381.0 -320.4
1381.0 -320.4
1381.0 -320.4
1381.0 -320.4
1381.0 -320.4
1381.0 -320.4
1381.0 -320.4
1381.0 -320.4
1381.0 -320.4
1381.0 -315.6
1381.0 -320.4
1381.0 -320.4
1381.0 -320.4
1381.0 -312.0
1381.0 -320.4
1381.0 -320.4
1381.0 -320.4
1381.0 -320.4
1382.0 -314.4
1385.0 -319.2
1385.0 -319.2
1385.0 -319.2
1386.0 -318.0
1386.0 -318.0
1386.0 -316.8
1387.0 -319.2
1387.0 -319.2
1387.0 -319.2
1387.0 -319.2
1388.0 -318.0
1388.0 -313.2
1392.0 -318.0
1392.0 -321.6
1392.0 -318.0
1392.0 -321.6
1392.0 -318.0
1392.0 -321.6
1392.0 -318.0
1392.0 -321.6
1392.0 -318.0
1392.0 -318.0
1392.0 -321.6
1392.0 -321.6
1392.0 -321.6
1392.0 -321.6
1392.0 -321.6
1392.0 -321.6
1392.0 -318.0
1392.0 -321.6
1392.0 -316.8
1392.0 -321.6
1392.0 -318.0
1392.0 -321.6
1392.0 -321.6
1392.0 -321.6
1392.0 -321.6
1392.0 -321.6
1392.0 -321.6
1392.0 -321.6
1392.0 -321.6
1392.0 -321.6
1392.0 -321.6
1394.0 -319.2
1394.0 -318.0
1394.0 -319.2
1394.0 -319.2
1394.0 -319.2
1394.0 -319.2
1394.0 -319.2
1394.0 -319.2
1394.0 -319.2
1394.0 -318.0
1394.0 -319.2
1395.0 -316.8
1395.0 -314.4
1398.0 -322.8
1398.0 -322.8
1398.0 -322.8
1398.0 -322.8
1398.0 -322.8
1398.0 -322.8
1398.0 -322.8
1398.0 -322.8
1398.0 -322.8
1398.0 -322.8
1398.0 -322.8
1398.0 -322.8
1398.0 -322.8
1398.0 -322.8
1398.0 -322.8
1398.0 -322.8
1398.0 -322.8
1398.0 -322.8
1398.0 -322.8
1398.0 -322.8
1398.0 -322.8
1398.0 -322.8
1398.0 -322.8
1398.0 -322.8
1398.0 -322.8
1398.0 -322.8
1398.0 -322.8
1398.0 -322.8
1398.0 -316.8
1398.0 -322.8
1398.0 -322.8
1398.0 -322.8
1398.0 -322.8
1398.0 -322.8
1398.0 -322.8
1398.0 -316.8
1398.0 -322.8
1398.0 -322.8
1398.0 -322.8
1398.0 -322.8
1398.0 -322.8
1398.0 -322.8
1398.0 -322.8
1398.0 -322.8
1398.0 -322.8
1398.0 -322.8
1398.0 -322.8
1398.0 -322.8
1398.0 -322.8
1398.0 -322.8
1398.0 -322.8
1398.0 -316.8
1398.0 -322.8
1398.0 -322.8
1398.0 -322.8
1398.0 -322.8
1398.0 -322.8
1398.0 -322.8
1398.0 -322.8
1398.0 -322.8
1399.0 -315.6
1399.0 -315.6
1399.0 -313.2
1400.0 -322.8
1400.0 -322.8
1400.0 -322.8
1400.0 -322.8
1400.0 -322.8
1400.0 -322.8
1400.0 -322.8
1400.0 -322.8
1400.0 -322.8
1400.0 -322.8
1400.0 -322.8
1400.0 -322.8
1400.0 -322.8
1400.0 -322.8
1400.0 -322.8
1400.0 -322.8
1400.0 -322.8
1400.0 -322.8
1400.0 -322.8
1400.0 -322.8
1400.0 -322.8
1400.0 -322.8
1400.0 -322.8
1400.0 -322.8
1400.0 -322.8
1400.0 -322.8
1400.0 -322.8
1400.0 -322.8
1400.0 -322.8
1400.0 -322.8
1400.0 -322.8
1400.0 -322.8
1400.0 -322.8
1400.0 -322.8
1400.0 -322.8
1401.0 -318.0
1401.0 -318.0
1401.0 -318.0
1401.0 -318.0
1401.0 -318.0
1401.0 -318.0
1401.0 -316.8
1401.0 -316.8
1404.0 -321.6
1404.0 -321.6
1404.0 -321.6
1404.0 -321.6
1404.0 -321.6
1404.0 -321.6
1404.0 -321.6
1404.0 -321.6
1404.0 -321.6
1404.0 -321.6
1404.0 -321.6
1404.0 -321.6
1404.0 -321.6
1404.0 -321.6
1404.0 -321.6
1404.0 -321.6
1404.0 -321.6
1404.0 -321.6
1404.0 -321.6
1404.0 -321.6
1404.0 -321.6
1404.0 -321.6
1404.0 -321.6
1404.0 -321.6
1404.0 -321.6
1404.0 -321.6
1404.0 -321.6
1405.0 -316.8
1405.0 -320.4
1405.0 -320.4
1405.0 -320.4
1405.0 -320.4
1405.0 -320.4
1405.0 -320.4
1405.0 -320.4
1405.0 -316.8
1405.0 -320.4
1405.0 -320.4
1408.0 -318.0
1408.0 -318.0
1411.0 -320.4
1411.0 -320.4
1411.0 -320.4
1411.0 -320.4
1411.0 -320.4
1411.0 -320.4
1411.0 -320.4
1411.0 -320.4
1411.0 -320.4
1411.0 -320.4
1412.0 -319.2
1412.0 -319.2
1412.0 -319.2
1412.0 -319.2
1412.0 -319.2
1417.0 -325.2
1417.0 -325.2
1417.0 -325.2
1417.0 -325.2
1417.0 -325.2
1417.0 -325.2
1417.0 -325.2
1417.0 -325.2
1417.0 -325.2
1417.0 -325.2
1417.0 -325.2
1417.0 -325.2
1417.0 -325.2
1417.0 -325.2
1417.0 -325.2
1417.0 -325.2
1417.0 -325.2
1417.0 -325.2
1417.0 -325.2
1417.0 -325.2
1417.0 -325.2
1417.0 -325.2
1417.0 -325.2
1417.0 -325.2
1417.0 -325.2
1417.0 -325.2
1417.0 -325.2
1417.0 -325.2
1417.0 -325.2
1417.0 -325.2
1417.0 -325.2
1417.0 -325.2
1417.0 -325.2
1417.0 -325.2
1417.0 -325.2
1417.0 -325.2
1417.0 -325.2
1417.0 -325.2
1417.0 -325.2
1417.0 -325.2
1417.0 -325.2
1417.0 -325.2
1417.0 -325.2
1417.0 -325.2
1417.0 -325.2
1417.0 -325.2
1417.0 -325.2
1417.0 -325.2
1417.0 -325.2
1417.0 -325.2
1417.0 -325.2
1417.0 -325.2
1417.0 -325.2
1417.0 -325.2
1417.0 -325.2
1417.0 -325.2
1417.0 -325.2
1417.0 -325.2
1417.0 -325.2
1417.0 -325.2
1417.0 -325.2
1417.0 -325.2
1417.0 -325.2
1417.0 -325.2
1417.0 -325.2
1417.0 -325.2
1417.0 -325.2
1417.0 -325.2
1417.0 -325.2
1417.0 -325.2
1417.0 -325.2
1417.0 -325.2
1417.0 -325.2
1417.0 -325.2
1417.0 -325.2
1417.0 -325.2
1417.0 -325.2
1417.0 -325.2
1417.0 -325.2
1417.0 -325.2
1417.0 -325.2
1417.0 -325.2
1417.0 -325.2
1417.0 -325.2
1417.0 -325.2
1417.0 -325.2
1417.0 -325.2
1417.0 -325.2
1417.0 -325.2
1417.0 -325.2
1417.0 -325.2
1417.0 -325.2
1417.0 -325.2
1417.0 -325.2
1417.0 -325.2
1417.0 -325.2
1417.0 -325.2
1417.0 -325.2
1417.0 -325.2
1417.0 -325.2
1417.0 -325.2
1417.0 -325.2
1417.0 -325.2
1417.0 -325.2
1417.0 -325.2
1417.0 -325.2
1417.0 -325.2
1417.0 -325.2
1417.0 -325.2
1417.0 -325.2
1417.0 -325.2
1417.0 -325.2
1417.0 -325.2
1417.0 -325.2
1417.0 -325.2
1417.0 -325.2
1417.0 -325.2
1417.0 -325.2
1417.0 -325.2
1417.0 -325.2
1417.0 -325.2
1417.0 -325.2
1417.0 -325.2
1417.0 -325.2
1417.0 -325.2
1417.0 -325.2
1417.0 -325.2
1417.0 -325.2
1417.0 -325.2
1417.0 -325.2
1417.0 -325.2
1417.0 -325.2
1417.0 -325.2
1417.0 -325.2
1417.0 -325.2
1417.0 -325.2
1417.0 -325.2
1417.0 -325.2
1417.0 -325.2
1417.0 -325.2
1417.0 -325.2
1417.0 -325.2
1417.0 -325.2
1417.0 -325.2
1417.0 -325.2
1417.0 -325.2
1417.0 -325.2
1417.0 -325.2
1417.0 -325.2
1417.0 -325.2
1417.0 -325.2
1417.0 -325.2
1417.0 -325.2
1417.0 -325.2
1417.0 -325.2
1417.0 -325.2
1417.0 -325.2
1417.0 -325.2
1417.0 -325.2
1417.0 -325.2
1417.0 -325.2
1417.0 -325.2
1417.0 -325.2
1417.0 -325.2
1417.0 -325.2
1417.0 -325.2
1417.0 -325.2
1417.0 -325.2
1417.0 -325.2
1417.0 -325.2
1417.0 -325.2
1417.0 -325.2
1417.0 -325.2
1417.0 -325.2
1417.0 -325.2
1417.0 -325.2
1417.0 -325.2
1417.0 -325.2
1417.0 -325.2
1417.0 -325.2
1417.0 -325.2
1417.0 -325.2
1417.0 -325.2
1417.0 -325.2
1417.0 -325.2
1417.0 -325.2
1417.0 -325.2
1417.0 -325.2
1417.0 -325.2
1417.0 -325.2
1417.0 -325.2
1417.0 -325.2
1417.0 -325.2
1417.0 -325.2
1417.0 -325.2
1417.0 -325.2
1417.0 -325.2
1417.0 -325.2
1417.0 -325.2
1417.0 -325.2
1417.0 -325.2
1417.0 -325.2
1417.0 -325.2
1417.0 -325.2
1417.0 -325.2
1417.0 -325.2
1417.0 -325.2
1417.0 -325.2
1417.0 -325.2
1417.0 -325.2
1417.0 -325.2
1417.0 -325.2
1417.0 -325.2
1417.0 -325.2
1417.0 -325.2
1417.0 -325.2
1417.0 -325.2
1417.0 -325.2
1417.0 -325.2
1417.0 -325.2
1417.0 -325.2
1417.0 -325.2
1417.0 -325.2
1417.0 -325.2
1417.0 -325.2
1417.0 -325.2
1417.0 -325.2
1417.0 -325.2
1417.0 -325.2
1417.0 -325.2
1417.0 -325.2
1417.0 -325.2
1417.0 -325.2
1417.0 -325.2
1417.0 -325.2
1417.0 -325.2
1417.0 -325.2
1417.0 -325.2
1417.0 -325.2
1417.0 -325.2
1417.0 -325.2
1417.0 -325.2
1417.0 -325.2
1417.0 -325.2
1417.0 -325.2
1417.0 -325.2
1417.0 -325.2
1417.0 -325.2
1417.0 -325.2
1417.0 -325.2
1417.0 -325.2
1417.0 -325.2
1417.0 -325.2
1417.0 -325.2
1417.0 -325.2
1417.0 -325.2
1417.0 -325.2
1417.0 -325.2
1417.0 -325.2
1417.0 -325.2
1417.0 -325.2
1417.0 -325.2
1417.0 -325.2
1417.0 -325.2
1417.0 -325.2
1417.0 -325.2
1417.0 -325.2
1417.0 -325.2
1417.0 -325.2
1417.0 -325.2
1417.0 -325.2
1417.0 -325.2
1417.0 -325.2
1417.0 -325.2
1417.0 -325.2
1417.0 -325.2
1417.0 -325.2
1417.0 -325.2
1417.0 -325.2
1417.0 -325.2
1417.0 -325.2
1417.0 -325.2
1417.0 -325.2
1417.0 -325.2
1417.0 -325.2
1417.0 -325.2
1417.0 -325.2
1417.0 -325.2
1417.0 -325.2
1417.0 -325.2
1417.0 -325.2
1417.0 -325.2
1417.0 -325.2
1417.0 -325.2
1417.0 -325.2
1417.0 -325.2
1417.0 -325.2
1417.0 -325.2
1417.0 -325.2
1417.0 -325.2
1417.0 -325.2
1417.0 -325.2
1417.0 -325.2
1417.0 -325.2
1417.0 -325.2
1417.0 -325.2
1417.0 -325.2
1417.0 -325.2
1417.0 -325.2
1417.0 -325.2
1417.0 -325.2
1417.0 -325.2
1417.0 -325.2
1417.0 -325.2
1417.0 -325.2
1417.0 -325.2
1417.0 -325.2
1417.0 -325.2
1417.0 -325.2
1417.0 -325.2
1417.0 -325.2
1417.0 -325.2
1417.0 -325.2
1417.0 -325.2
1417.0 -325.2
1417.0 -325.2
1417.0 -325.2
1417.0 -325.2
1417.0 -325.2
1417.0 -325.2
1417.0 -325.2
1417.0 -325.2
1417.0 -325.2
1417.0 -325.2
1417.0 -325.2
1417.0 -325.2
1417.0 -325.2
1417.0 -325.2
1417.0 -325.2
1417.0 -325.2
1417.0 -325.2
1417.0 -325.2
1417.0 -325.2
1417.0 -325.2
1417.0 -325.2
1417.0 -325.2
1417.0 -325.2
1417.0 -325.2
1417.0 -325.2
1417.0 -325.2
1417.0 -325.2
1417.0 -325.2
1417.0 -325.2
1417.0 -325.2
1417.0 -325.2
1417.0 -325.2
1417.0 -325.2
1417.0 -325.2
1417.0 -325.2
1417.0 -325.2
1417.0 -325.2
1417.0 -325.2
1417.0 -325.2
1417.0 -325.2
1417.0 -325.2
1417.0 -325.2
1417.0 -325.2
1417.0 -325.2
1417.0 -325.2
1417.0 -325.2
1417.0 -325.2
1417.0 -325.2
1417.0 -325.2
1417.0 -325.2
1417.0 -325.2
1417.0 -325.2
1417.0 -325.2
1417.0 -325.2
1417.0 -325.2
1417.0 -325.2
1417.0 -325.2
1417.0 -325.2
1417.0 -325.2
1417.0 -325.2
1417.0 -325.2
1417.0 -325.2
1417.0 -325.2
1417.0 -325.2
1417.0 -325.2
1417.0 -325.2
1417.0 -325.2
1417.0 -325.2
1417.0 -325.2
1417.0 -325.2
1417.0 -325.2
1417.0 -325.2
1417.0 -325.2
1417.0 -325.2
1417.0 -325.2
1417.0 -325.2
1417.0 -325.2
1417.0 -325.2
1417.0 -325.2
1417.0 -325.2
1417.0 -325.2
1417.0 -325.2
1417.0 -325.2
1417.0 -325.2
1417.0 -325.2
1417.0 -325.2
1417.0 -325.2
1417.0 -325.2
1417.0 -325.2
1417.0 -325.2
1417.0 -325.2
1417.0 -325.2
1417.0 -325.2
1417.0 -325.2
1417.0 -325.2
1417.0 -325.2
1417.0 -325.2
1417.0 -325.2
1417.0 -325.2
1417.0 -325.2
1417.0 -325.2
1417.0 -325.2
1417.0 -325.2
1417.0 -325.2
1417.0 -325.2
1417.0 -325.2
1417.0 -325.2
1417.0 -325.2
1417.0 -325.2
1417.0 -325.2
1417.0 -325.2
1417.0 -325.2
1417.0 -325.2
1417.0 -325.2
1417.0 -325.2
1417.0 -325.2
1417.0 -325.2
1417.0 -325.2
1417.0 -325.2
1417.0 -325.2
1417.0 -325.2
1417.0 -325.2
1417.0 -325.2
1417.0 -325.2
1417.0 -325.2
1417.0 -325.2
1417.0 -325.2
1417.0 -325.2
1417.0 -325.2
1417.0 -325.2
1417.0 -325.2
1417.0 -325.2
1417.0 -325.2
1417.0 -325.2
1417.0 -325.2
1417.0 -325.2
1417.0 -325.2
1417.0 -325.2
1417.0 -325.2
1417.0 -325.2
1417.0 -325.2
1417.0 -325.2
1417.0 -325.2
1417.0 -325.2
1417.0 -325.2
1417.0 -325.2
1417.0 -325.2
1417.0 -325.2
1417.0 -325.2
1417.0 -325.2
1417.0 -325.2
1417.0 -325.2
1417.0 -325.2
1417.0 -325.2
1417.0 -325.2
1417.0 -325.2
1417.0 -325.2
1417.0 -325.2
1417.0 -325.2
1417.0 -325.2
1417.0 -325.2
1417.0 -325.2
1417.0 -325.2
1417.0 -325.2
1417.0 -325.2
1417.0 -325.2
1417.0 -325.2
1417.0 -325.2
1417.0 -325.2
1417.0 -325.2
1417.0 -325.2
1417.0 -325.2
1417.0 -325.2
1417.0 -325.2
1417.0 -325.2
1417.0 -325.2
1417.0 -325.2
1417.0 -325.2
1417.0 -325.2
1417.0 -325.2
1417.0 -325.2
1417.0 -325.2
1417.0 -325.2
1417.0 -325.2
1417.0 -325.2
1417.0 -325.2
1417.0 -325.2
1417.0 -325.2
1417.0 -325.2
1417.0 -325.2
1417.0 -325.2
1417.0 -325.2
1417.0 -325.2
1417.0 -325.2
1417.0 -325.2
1417.0 -325.2
1417.0 -325.2
1417.0 -325.2
1417.0 -325.2
1417.0 -325.2
1417.0 -325.2
1417.0 -325.2
1417.0 -325.2
1417.0 -325.2
1417.0 -325.2
1417.0 -325.2
1417.0 -325.2
1417.0 -325.2
1417.0 -325.2
1417.0 -325.2
1417.0 -325.2
1417.0 -325.2
1417.0 -325.2
1417.0 -325.2
1417.0 -325.2
1417.0 -325.2
1417.0 -325.2
1417.0 -325.2
1417.0 -325.2
1417.0 -325.2
1417.0 -325.2
1417.0 -325.2
1417.0 -325.2
1417.0 -325.2
1417.0 -325.2
1417.0 -325.2
1417.0 -325.2
1417.0 -325.2
1417.0 -325.2
1417.0 -325.2
1417.0 -325.2
1417.0 -325.2
1417.0 -325.2
1417.0 -325.2
1417.0 -325.2
1417.0 -325.2
1417.0 -325.2
1417.0 -325.2
1417.0 -325.2
1417.0 -325.2
1417.0 -325.2
1417.0 -325.2
1417.0 -325.2
1417.0 -325.2
1417.0 -325.2
1417.0 -325.2
1417.0 -325.2
1417.0 -325.2
1417.0 -325.2
1417.0 -325.2
1417.0 -325.2
1417.0 -325.2
1417.0 -325.2
1417.0 -325.2
1417.0 -325.2
1417.0 -325.2
1417.0 -325.2
1417.0 -325.2
1417.0 -325.2
1417.0 -325.2
1417.0 -325.2
1417.0 -325.2
1417.0 -325.2
1417.0 -325.2
1417.0 -325.2
1417.0 -325.2
1417.0 -325.2
1417.0 -325.2
1417.0 -325.2
1417.0 -325.2
1417.0 -325.2
1417.0 -325.2
1417.0 -325.2
1417.0 -325.2
1417.0 -325.2
1417.0 -325.2
1417.0 -325.2
1417.0 -325.2
1417.0 -325.2
1417.0 -325.2
1417.0 -325.2
1417.0 -325.2
1417.0 -325.2
1417.0 -325.2
1417.0 -325.2
1417.0 -325.2
1417.0 -325.2
1417.0 -325.2
1417.0 -325.2
1417.0 -325.2
1417.0 -325.2
1417.0 -325.2
1417.0 -325.2
1417.0 -325.2
1417.0 -325.2
1417.0 -325.2
1417.0 -325.2
1417.0 -325.2
1417.0 -325.2
1417.0 -325.2
1417.0 -325.2
1417.0 -325.2
1417.0 -325.2
1417.0 -325.2
1417.0 -325.2
1417.0 -325.2
1417.0 -325.2
1417.0 -325.2
1417.0 -325.2
1417.0 -325.2
1417.0 -325.2
1417.0 -325.2
1417.0 -325.2
1417.0 -325.2
1417.0 -325.2
1417.0 -325.2
1417.0 -325.2
1417.0 -325.2
1417.0 -325.2
1417.0 -325.2
1417.0 -325.2
1417.0 -325.2
1417.0 -325.2
1417.0 -325.2
1417.0 -325.2
1417.0 -325.2
1417.0 -325.2
1417.0 -325.2
1417.0 -325.2
1417.0 -325.2
1417.0 -325.2
1417.0 -325.2
1417.0 -325.2
1417.0 -325.2
1417.0 -325.2
1417.0 -325.2
1417.0 -325.2
1417.0 -325.2
1417.0 -325.2
1417.0 -325.2
1417.0 -325.2
1417.0 -325.2
1417.0 -325.2
1417.0 -325.2
1417.0 -325.2
1417.0 -325.2
1417.0 -325.2
1417.0 -325.2
1417.0 -325.2
1417.0 -325.2
1417.0 -325.2
1417.0 -325.2
1417.0 -325.2
1417.0 -325.2
1417.0 -325.2
1417.0 -325.2
1417.0 -325.2
1417.0 -325.2
1417.0 -325.2
1417.0 -325.2
1417.0 -325.2
1417.0 -325.2
1417.0 -325.2
1417.0 -325.2
1417.0 -325.2
1417.0 -325.2
1417.0 -325.2
1417.0 -325.2
1417.0 -325.2
1417.0 -325.2
1417.0 -325.2
1417.0 -325.2
1417.0 -325.2
1417.0 -325.2
1417.0 -325.2
1417.0 -325.2
1417.0 -325.2
1417.0 -325.2
1417.0 -325.2
1417.0 -325.2
1417.0 -325.2
1417.0 -325.2
1417.0 -325.2
1417.0 -325.2
1417.0 -325.2
1417.0 -325.2
1417.0 -325.2
1417.0 -325.2
1417.0 -325.2
1417.0 -325.2
1417.0 -325.2
1417.0 -325.2
1417.0 -325.2
1417.0 -325.2
1417.0 -325.2
1417.0 -325.2
1417.0 -325.2
1417.0 -325.2
1417.0 -325.2
1417.0 -325.2
1417.0 -325.2
1417.0 -325.2
1417.0 -325.2
1417.0 -325.2
1417.0 -325.2
1417.0 -325.2
1417.0 -325.2
1417.0 -325.2
1417.0 -325.2
1417.0 -325.2
1417.0 -325.2
1417.0 -325.2
1417.0 -325.2
1417.0 -325.2
1417.0 -325.2
1417.0 -325.2
1417.0 -325.2
1417.0 -325.2
1417.0 -325.2
1417.0 -325.2
1417.0 -325.2
1417.0 -325.2
1417.0 -325.2
1417.0 -325.2
1417.0 -325.2
1417.0 -325.2
1417.0 -325.2
1417.0 -325.2
1417.0 -325.2
1417.0 -325.2
1417.0 -325.2
1417.0 -325.2
1417.0 -325.2
1417.0 -325.2
1417.0 -325.2
1417.0 -325.2
1417.0 -325.2
1417.0 -325.2
1417.0 -325.2
1417.0 -325.2
1417.0 -325.2
1417.0 -325.2
1417.0 -325.2
1417.0 -325.2
1417.0 -325.2
1417.0 -325.2
1417.0 -325.2
1417.0 -325.2
1417.0 -325.2
1417.0 -325.2
1417.0 -325.2
1417.0 -325.2
1417.0 -325.2
1417.0 -325.2
1417.0 -325.2
1417.0 -325.2
1417.0 -325.2
1417.0 -325.2
1417.0 -325.2
1417.0 -325.2
1417.0 -325.2
1417.0 -325.2
1417.0 -325.2
1417.0 -325.2
1417.0 -325.2
1417.0 -325.2
1417.0 -325.2
1417.0 -325.2
1417.0 -325.2
1417.0 -325.2
1417.0 -325.2
1417.0 -325.2
1417.0 -325.2
1417.0 -325.2
1417.0 -325.2
1417.0 -325.2
1417.0 -325.2
1417.0 -325.2
1417.0 -325.2
1417.0 -325.2
1417.0 -325.2
1417.0 -325.2
1417.0 -325.2
1417.0 -325.2
1417.0 -325.2
1417.0 -325.2
1417.0 -325.2
1417.0 -325.2
1417.0 -325.2
1417.0 -325.2
1417.0 -325.2
1417.0 -325.2
1417.0 -325.2
1417.0 -325.2
1417.0 -325.2
1417.0 -325.2
1417.0 -325.2
1417.0 -325.2
1417.0 -325.2
1417.0 -325.2
1417.0 -325.2
1417.0 -325.2
1417.0 -325.2
1417.0 -325.2
1417.0 -325.2
1417.0 -325.2
1417.0 -325.2
1417.0 -325.2
1417.0 -325.2
1417.0 -325.2
1417.0 -325.2
1417.0 -325.2
1417.0 -325.2
1417.0 -325.2
1417.0 -325.2
1417.0 -325.2
1417.0 -325.2
1417.0 -325.2
1417.0 -325.2
1417.0 -325.2
1417.0 -325.2
1417.0 -325.2
1417.0 -325.2
1417.0 -325.2
1417.0 -325.2
1417.0 -325.2
1417.0 -325.2
1417.0 -325.2
1417.0 -325.2
1417.0 -325.2
1417.0 -325.2
1417.0 -325.2
1417.0 -325.2
1417.0 -325.2
1417.0 -325.2
1417.0 -325.2
1417.0 -325.2
1417.0 -325.2
1417.0 -325.2
1417.0 -325.2
1417.0 -325.2
1417.0 -325.2
1417.0 -325.2
1417.0 -325.2
1417.0 -325.2
1417.0 -325.2
1417.0 -325.2
1417.0 -325.2
1417.0 -325.2
1417.0 -325.2
1417.0 -325.2
1417.0 -325.2
1417.0 -325.2
1417.0 -325.2
1417.0 -325.2
1417.0 -325.2
1417.0 -325.2
1417.0 -325.2
1417.0 -325.2
1417.0 -325.2
1417.0 -325.2
1417.0 -325.2
1417.0 -325.2
1417.0 -325.2
1417.0 -325.2
1417.0 -325.2
1417.0 -325.2
1417.0 -325.2
1417.0 -325.2
1417.0 -325.2
1417.0 -325.2
1417.0 -325.2
1417.0 -325.2
1417.0 -325.2
1417.0 -325.2
1417.0 -325.2
1417.0 -325.2
1417.0 -325.2
1417.0 -325.2
1417.0 -325.2
1417.0 -325.2
1417.0 -325.2
1417.0 -325.2
1417.0 -325.2
1417.0 -325.2
1417.0 -325.2
1417.0 -325.2
1417.0 -325.2
1417.0 -325.2
1417.0 -325.2
1417.0 -325.2
1417.0 -325.2
1417.0 -325.2
1417.0 -325.2
1417.0 -325.2
1417.0 -325.2
1417.0 -325.2
1417.0 -325.2
1417.0 -325.2
1417.0 -325.2
1417.0 -325.2
1417.0 -325.2
1417.0 -325.2
1417.0 -325.2
1417.0 -325.2
1417.0 -325.2
1417.0 -325.2
1417.0 -325.2
1417.0 -325.2
1417.0 -325.2
1417.0 -325.2
1417.0 -325.2
1417.0 -325.2
1417.0 -325.2
1417.0 -325.2
1417.0 -325.2
1417.0 -325.2
1417.0 -325.2
1417.0 -325.2
1417.0 -325.2
1417.0 -325.2
1417.0 -325.2
1417.0 -325.2
1417.0 -325.2
1417.0 -325.2
1417.0 -325.2
1417.0 -325.2
1417.0 -325.2
1417.0 -325.2
1417.0 -325.2
1417.0 -325.2
1417.0 -325.2
1417.0 -325.2
1417.0 -325.2
1417.0 -325.2
1417.0 -325.2
1417.0 -325.2
1417.0 -325.2
1417.0 -325.2
1417.0 -325.2
1417.0 -325.2
1417.0 -325.2
1417.0 -325.2
1417.0 -325.2
1417.0 -325.2
1417.0 -325.2
1417.0 -325.2
1417.0 -325.2
1417.0 -325.2
1417.0 -325.2
1417.0 -325.2
1417.0 -325.2
1417.0 -325.2
1417.0 -325.2
1417.0 -325.2
1417.0 -325.2
1417.0 -325.2
1417.0 -325.2
1417.0 -325.2
1417.0 -325.2
1417.0 -325.2
1417.0 -325.2
1417.0 -325.2
1417.0 -325.2
1417.0 -325.2
1417.0 -325.2
1417.0 -325.2
1417.0 -325.2
1417.0 -325.2
1417.0 -325.2
1417.0 -325.2
1417.0 -325.2
1417.0 -325.2
1417.0 -325.2
1417.0 -325.2
1417.0 -325.2
1417.0 -325.2
1417.0 -325.2
1417.0 -325.2
1417.0 -325.2
1417.0 -325.2
1417.0 -325.2
1417.0 -325.2
1417.0 -325.2
1417.0 -325.2
1417.0 -325.2
1417.0 -325.2
1417.0 -325.2
1417.0 -325.2
1417.0 -325.2
1417.0 -325.2
1417.0 -325.2
1417.0 -325.2
1417.0 -325.2
1417.0 -325.2
1417.0 -325.2
1417.0 -325.2
1417.0 -325.2
1417.0 -325.2
1417.0 -325.2
1417.0 -325.2
1417.0 -325.2
1417.0 -325.2
1417.0 -325.2
1417.0 -325.2
1417.0 -325.2
1417.0 -325.2
1417.0 -325.2
1417.0 -325.2
1417.0 -325.2
1417.0 -325.2
1417.0 -325.2
1417.0 -325.2
1417.0 -325.2
1417.0 -325.2
1417.0 -325.2
1417.0 -325.2
1417.0 -325.2
1417.0 -325.2
1417.0 -325.2
1417.0 -325.2
1417.0 -325.2
1417.0 -325.2
1417.0 -325.2
1417.0 -325.2
1417.0 -325.2
1417.0 -325.2
1417.0 -325.2
1417.0 -325.2
1417.0 -325.2
1417.0 -325.2
1417.0 -325.2
1417.0 -325.2
1417.0 -325.2
1417.0 -325.2
1417.0 -325.2
1417.0 -325.2
1417.0 -325.2
1417.0 -325.2
1417.0 -325.2
1417.0 -325.2
1417.0 -325.2
1417.0 -325.2
1417.0 -325.2
1417.0 -325.2
1417.0 -325.2
1417.0 -325.2
1417.0 -325.2
1417.0 -325.2
1417.0 -325.2
1417.0 -325.2
1417.0 -325.2
1417.0 -325.2
1417.0 -325.2
1417.0 -325.2
1417.0 -325.2
1417.0 -325.2
1417.0 -325.2
1417.0 -325.2
1417.0 -325.2
1417.0 -325.2
1417.0 -325.2
1417.0 -325.2
1417.0 -325.2
1417.0 -325.2
1417.0 -325.2
1417.0 -325.2
1417.0 -325.2
1417.0 -325.2
1417.0 -325.2
1417.0 -325.2
1417.0 -325.2
1417.0 -325.2
1417.0 -325.2
1417.0 -325.2
1417.0 -325.2
1417.0 -325.2
1417.0 -325.2
1417.0 -325.2
1417.0 -325.2
1417.0 -325.2
1417.0 -325.2
1417.0 -325.2
1417.0 -325.2
1417.0 -325.2
1417.0 -325.2
1417.0 -325.2
1417.0 -325.2
1417.0 -325.2
1417.0 -325.2
1417.0 -325.2
1417.0 -325.2
1417.0 -325.2
1417.0 -325.2
1417.0 -325.2
1417.0 -325.2
1417.0 -325.2
1417.0 -325.2
1417.0 -325.2
1417.0 -325.2
1417.0 -325.2
1417.0 -325.2
1417.0 -325.2
1417.0 -325.2
1417.0 -325.2
1417.0 -325.2
1417.0 -325.2
1417.0 -325.2
1417.0 -325.2
1417.0 -325.2
1417.0 -325.2
1417.0 -325.2
1417.0 -325.2
1417.0 -325.2
1417.0 -325.2
1417.0 -325.2
1417.0 -325.2
1417.0 -325.2
1417.0 -325.2
1417.0 -325.2
1417.0 -325.2
1417.0 -325.2
1417.0 -325.2
1417.0 -325.2
1417.0 -325.2
1417.0 -325.2
1417.0 -325.2
1417.0 -325.2
1417.0 -325.2
1417.0 -325.2
1417.0 -325.2
1417.0 -325.2
1417.0 -325.2
1417.0 -325.2
1417.0 -325.2
1417.0 -325.2
1417.0 -325.2
1417.0 -325.2
1417.0 -325.2
1417.0 -325.2
1417.0 -325.2
1417.0 -325.2
1417.0 -325.2
1417.0 -325.2
1417.0 -325.2
1417.0 -325.2
1417.0 -325.2
1417.0 -325.2
1417.0 -325.2
1417.0 -325.2
1417.0 -325.2
1417.0 -325.2
1417.0 -325.2
1417.0 -325.2
1417.0 -325.2
1417.0 -325.2
1417.0 -325.2
1417.0 -325.2
1417.0 -325.2
1417.0 -325.2
1417.0 -325.2
1417.0 -325.2
1417.0 -325.2
1417.0 -325.2
1417.0 -325.2
1417.0 -325.2
1417.0 -325.2
1417.0 -325.2
1417.0 -325.2
1417.0 -325.2
1417.0 -325.2
1417.0 -325.2
1417.0 -325.2
1417.0 -325.2
1417.0 -325.2
1417.0 -325.2
1417.0 -325.2
1417.0 -325.2
1417.0 -325.2
1417.0 -325.2
1417.0 -325.2
1417.0 -325.2
1417.0 -325.2
1417.0 -325.2
1417.0 -325.2
1417.0 -325.2
1417.0 -325.2
1417.0 -325.2
1417.0 -325.2
1417.0 -325.2
1417.0 -325.2
1417.0 -325.2
1417.0 -325.2
1417.0 -325.2
1417.0 -325.2
1417.0 -325.2
1417.0 -325.2
1417.0 -325.2
1417.0 -325.2
1417.0 -325.2
1417.0 -325.2
1417.0 -325.2
1417.0 -325.2
1417.0 -325.2
1417.0 -325.2
1417.0 -325.2
1417.0 -325.2
1417.0 -325.2
1417.0 -325.2
1417.0 -325.2
1417.0 -325.2
1417.0 -325.2
