1548.0 69.0 356.0 -201.6
1560.0 71.0 379.0 -206.4
1560.7 79.0 376.0 -216.0
1563.1 76.0 376.0 -214.8
1564.2 77.0 385.0 -216.0
1564.8 67.0 356.0 -200.4
1566.9 75.0 355.0 -211.2
1567.1 78.0 398.0 -217.2
1569.0 73.0 374.0 -212.4
1572.6 73.0 364.0 -206.4
1574.2 73.0 424.0 -216.0
1578.2 80.0 376.0 -217.2
1580.8 82.0 390.0 -219.6
1581.0 72.0 420.0 -216.0
1582.4 69.0 386.0 -207.6
1584.1 81.0 371.0 -217.2
1585.4 74.0 384.0 -213.6
1588.1 69.0 422.0 -212.4
1588.1 71.0 355.0 -205.2
1592.8 70.0 422.0 -213.6
1592.8 70.0 422.0 -213.6
1593.8 83.0 389.0 -220.8
1595.1 86.0 359.0 -217.2
1595.9 68.0 357.0 -202.8
1595.9 68.0 357.0 -202.8
1597.0 84.0 351.0 -218.4
1597.8 68.0 363.0 -204.0
1600.4 68.0 386.0 -208.8
1601.9 69.0 361.0 -204.0
1603.6 69.0 384.0 -211.2
1604.6 70.0 353.0 -205.2
1605.5 85.0 394.0 -223.2
1606.4 69.0 368.0 -206.4
1610.2 71.0 424.0 -214.8
1610.8 70.0 415.0 -214.8
1613.1 69.0 394.0 -214.8
1614.9 69.0 351.0 -206.4
1616.8 87.0 387.0 -223.2
1616.8 87.0 387.0 -223.2
1620.0 71.0 360.0 -207.6
1622.0 68.0 370.0 -205.2
1623.8 72.0 413.0 -218.4
1623.9 67.0 387.0 -210.0
1624.9 88.0 359.0 -220.8
1625.8 70.0 427.0 -217.2
1627.4 70.0 433.0 -219.6
1629.2 70.0 388.0 -213.6
1630.1 67.0 386.0 -210.0
1630.5 74.0 393.0 -218.4
1631.5 72.0 426.0 -220.8
1632.0 73.0 434.0 -223.2
1633.0 68.0 422.0 -216.0
1634.3 89.0 353.0 -222.0
1636.7 67.0 430.0 -218.4
1637.3 72.0 369.0 -212.4
1638.4 68.0 418.0 -216.0
1638.9 73.0 404.0 -218.4
1640.5 70.0 425.0 -217.2
1640.6 68.0 384.0 -210.0
1643.9 72.0 417.0 -219.6
1644.2 75.0 459.0 -225.6
1644.5 73.0 340.0 -208.8
1644.9 73.0 421.0 -220.8
1645.8 90.0 384.0 -225.6
1646.4 91.0 391.0 -226.8
1649.0 74.0 405.0 -219.6
1653.8 71.0 374.0 -211.2
1654.3 75.0 382.0 -218.4
1655.0 69.0 406.0 -218.4
1657.2 70.0 446.0 -220.8
1658.6 77.0 321.0 -213.6
1660.2 70.0 381.0 -214.8
1662.9 74.0 335.0 -208.8
1664.1 92.0 396.0 -229.2
1669.4 70.0 420.0 -219.6
1671.5 77.0 325.0 -214.8
1672.8 71.0 396.0 -216.0
1673.8 74.0 335.0 -212.4
1676.7 76.0 457.0 -228.0
1677.6 73.0 447.0 -225.6
1680.2 72.0 401.0 -222.0
1680.6 74.0 330.0 -210.0
1682.0 80.0 354.0 -220.8
1682.3 69.0 427.0 -220.8
1683.5 83.0 328.0 -219.6
1687.9 74.0 409.0 -223.2
1691.0 75.0 330.0 -211.2
1691.7 80.0 358.0 -223.2
1693.1 74.0 398.0 -225.6
1693.6 70.0 456.0 -222.0
1694.7 68.0 423.0 -222.0
1695.6 69.0 390.0 -216.0
1696.3 72.0 392.0 -223.2
1698.1 79.0 349.0 -219.6
1699.2 75.0 373.0 -219.6
1700.3 70.0 452.0 -226.8
1701.1 77.0 429.0 -226.8
1702.3 80.0 337.0 -217.2
1702.6 76.0 356.0 -216.0
1703.5 81.0 318.0 -219.6
1703.7 69.0 449.0 -223.2
1706.3 75.0 365.0 -217.2
1707.1 93.0 359.0 -229.2
1710.0 73.0 466.0 -230.4
1710.0 73.0 466.0 -230.4
1711.8 73.0 437.0 -226.8
1712.0 68.0 433.0 -223.2
1714.5 78.0 348.0 -220.8
1715.6 80.0 335.0 -218.4
1716.1 73.0 488.0 -232.8
1719.2 82.0 323.0 -223.2
1720.5 77.0 320.0 -216.0
1722.5 67.0 459.0 -224.4
1725.0 72.0 457.0 -229.2
1726.7 84.0 319.0 -225.6
1726.7 84.0 391.0 -232.8
1729.6 83.0 318.0 -222.0
1729.7 73.0 468.0 -231.6
1731.4 70.0 438.0 -228.0
1732.9 74.0 380.0 -223.2
1733.9 76.0 346.0 -218.4
1735.8 73.0 490.0 -234.0
1736.9 75.0 332.0 -214.8
1739.6 74.0 490.0 -235.2
1740.8 85.0 319.0 -226.8
1740.8 86.0 323.0 -228.0
1742.0 71.0 411.0 -225.6
1743.3 70.0 400.0 -223.2
1743.7 82.0 403.0 -228.0
1746.4 89.0 340.0 -232.8
1748.1 79.0 350.0 -223.2
1748.2 79.0 328.0 -223.2
1753.6 75.0 324.0 -216.0
1753.9 75.0 324.0 -217.2
1754.2 94.0 410.0 -238.8
1756.1 83.0 322.0 -225.6
1757.7 82.0 344.0 -225.6
1757.8 88.0 330.0 -231.6
1758.1 85.0 337.0 -230.4
1759.5 82.0 329.0 -226.8
1759.7 78.0 342.0 -219.6
1763.4 76.0 487.0 -237.6
1764.8 95.0 383.0 -238.8
1764.8 79.0 360.0 -224.4
1765.3 75.0 477.0 -236.4
1767.4 75.0 468.0 -235.2
1771.3 90.0 338.0 -235.2
1773.8 85.0 331.0 -231.6
1773.8 85.0 331.0 -231.6
1775.3 70.0 436.0 -231.6
1777.3 83.0 347.0 -230.4
1779.0 74.0 501.0 -238.8
1781.1 94.0 353.0 -238.8
1781.9 76.0 411.0 -231.6
1782.2 73.0 399.0 -229.2
1783.4 77.0 324.0 -220.8
1784.3 89.0 382.0 -241.2
1785.4 72.0 471.0 -236.4
1787.6 72.0 478.0 -237.6
1793.1 68.0 440.0 -234.0
1794.0 70.0 476.0 -237.6
1798.7 94.0 414.0 -244.8
1799.7 97.0 427.0 -247.2
1801.0 96.0 390.0 -242.4
1806.4 75.0 440.0 -237.6
1808.3 87.0 394.0 -241.2
1810.3 77.0 368.0 -228.0
1811.5 68.0 446.0 -235.2
1812.0 82.0 352.0 -230.4
1813.0 70.0 476.0 -238.8
1814.2 87.0 329.0 -229.2
1814.8 98.0 396.0 -244.8
1817.2 70.0 416.0 -232.8
1819.1 92.0 336.0 -240.0
1823.5 72.0 414.0 -230.4
1823.6 87.0 325.0 -237.6
1823.8 77.0 491.0 -241.2
1825.3 78.0 501.0 -246.0
1829.3 72.0 496.0 -242.4
1830.5 77.0 493.0 -247.2
1832.5 86.0 326.0 -235.2
1833.5 99.0 417.0 -249.6
1834.1 71.0 478.0 -240.0
1835.6 86.0 325.0 -234.0
1839.4 72.0 482.0 -241.2
1839.9 73.0 486.0 -242.4
1841.6 74.0 496.0 -243.6
1842.0 76.0 503.0 -248.4
1845.0 83.0 431.0 -243.6
1847.9 74.0 481.0 -242.4
1849.7 86.0 327.0 -236.4
1849.9 100.0 401.0 -249.6
1850.0 91.0 367.0 -244.8
1852.7 69.0 472.0 -238.8
1856.6 86.0 335.0 -237.6
1857.7 80.0 519.0 -249.6
1862.7 70.0 463.0 -238.8
1863.6 80.0 467.0 -248.4
1864.6 75.0 490.0 -244.8
1865.8 94.0 333.0 -244.8
1866.7 87.0 327.0 -238.8
1872.4 77.0 505.0 -250.8
1874.8 89.0 330.0 -240.0
1874.9 101.0 401.0 -253.2
1876.9 81.0 520.0 -252.0
1876.9 81.0 520.0 -252.0
1877.6 95.0 344.0 -247.2
1879.2 73.0 494.0 -248.4
1880.3 94.0 363.0 -247.2
1881.8 74.0 443.0 -237.6
1881.9 73.0 475.0 -242.4
1883.7 72.0 495.0 -246.0
1885.5 90.0 326.0 -241.2
1887.5 79.0 519.0 -253.2
1890.7 73.0 483.0 -244.8
1891.9 102.0 401.0 -254.4
1891.9 102.0 401.0 -254.4
1893.5 93.0 354.0 -249.6
1894.9 85.0 439.0 -244.8
1895.8 96.0 350.0 -249.6
1898.2 79.0 373.0 -240.0
1901.9 88.0 329.0 -242.4
1904.3 92.0 391.0 -250.8
1906.0 88.0 337.0 -243.6
1910.4 89.0 362.0 -247.2
1910.4 89.0 362.0 -247.2
1911.8 87.0 341.0 -243.6
1912.8 73.0 485.0 -247.2
1917.4 90.0 475.0 -258.0
1918.5 96.0 413.0 -258.0
1922.7 88.0 372.0 -248.4
1924.2 71.0 462.0 -243.6
1925.6 94.0 407.0 -253.2
1926.1 87.0 458.0 -253.2
1927.6 86.0 530.0 -255.6
1930.5 97.0 464.0 -259.2
1935.3 99.0 392.0 -255.6
1937.3 80.0 531.0 -254.4
1938.1 93.0 379.0 -255.6
1941.4 92.0 377.0 -254.4
1943.2 90.0 325.0 -246.0
1944.1 82.0 454.0 -248.4
1945.7 79.0 499.0 -255.6
1948.9 90.0 543.0 -261.6
1949.4 84.0 518.0 -258.0
1950.7 80.0 506.0 -256.8
1954.0 91.0 346.0 -248.4
1954.9 76.0 461.0 -248.4
1956.5 78.0 497.0 -254.4
1957.0 93.0 349.0 -249.6
1958.2 80.0 484.0 -253.2
1958.2 80.0 484.0 -253.2
1959.7 97.0 369.0 -255.6
1962.6 72.0 462.0 -246.0
1963.0 85.0 509.0 -259.2
1965.5 83.0 534.0 -260.4
1965.9 93.0 348.0 -252.0
1969.9 96.0 422.0 -261.6
1971.5 93.0 345.0 -250.8
1971.8 91.0 345.0 -250.8
1973.1 92.0 375.0 -254.4
1973.7 90.0 439.0 -258.0
1975.2 79.0 527.0 -256.8
1975.3 86.0 538.0 -261.6
1976.8 105.0 430.0 -262.8
1980.9 76.0 505.0 -255.6
1981.6 89.0 542.0 -262.8
1981.7 104.0 464.0 -265.2
1984.6 103.0 456.0 -266.4
1985.6 93.0 350.0 -253.2
1985.7 92.0 345.0 -252.0
1986.3 90.0 547.0 -265.2
1987.8 94.0 360.0 -254.4
1988.0 103.0 445.0 -265.2
1989.6 73.0 454.0 -247.2
1990.1 85.0 532.0 -262.8
1992.4 106.0 444.0 -265.2
1992.7 89.0 468.0 -258.0
2001.2 81.0 536.0 -261.6
2002.8 93.0 351.0 -254.4
2003.4 74.0 445.0 -248.4
2004.7 85.0 530.0 -262.8
2005.1 75.0 493.0 -250.8
2007.4 97.0 395.0 -261.6
2009.6 79.0 519.0 -258.0
2010.6 100.0 364.0 -260.4
2010.6 100.0 364.0 -260.4
2014.9 107.0 442.0 -267.6
2015.3 80.0 508.0 -258.0
2016.2 90.0 489.0 -264.0
2017.5 96.0 355.0 -255.6
2020.6 78.0 461.0 -250.8
2022.1 95.0 359.0 -256.8
2022.7 100.0 397.0 -262.8
2023.3 99.0 446.0 -265.2
2025.7 87.0 435.0 -259.2
2028.2 97.0 359.0 -259.2
2029.0 85.0 542.0 -266.4
2030.1 89.0 515.0 -265.2
2032.2 96.0 357.0 -258.0
2033.4 101.0 417.0 -265.2
2036.7 106.0 460.0 -271.2
2037.7 93.0 448.0 -264.0
2041.8 95.0 361.0 -258.0
2043.2 100.0 441.0 -268.8
2044.2 86.0 541.0 -267.6
2044.5 84.0 525.0 -262.8
2045.2 96.0 404.0 -265.2
2046.5 100.0 400.0 -265.2
2049.8 84.0 552.0 -264.0
2051.5 96.0 365.0 -261.6
2056.9 96.0 370.0 -262.8
2060.2 75.0 479.0 -253.2
2061.5 100.0 408.0 -266.4
2067.4 91.0 548.0 -272.4
2067.7 76.0 457.0 -253.2
2071.4 100.0 481.0 -273.6
2074.6 87.0 556.0 -268.8
2075.5 99.0 374.0 -264.0
2075.8 104.0 449.0 -272.4
2078.1 89.0 543.0 -271.2
2079.0 94.0 542.0 -273.6
2080.7 106.0 468.0 -274.8
2085.8 88.0 556.0 -270.0
2086.8 77.0 444.0 -250.8
2087.2 98.0 402.0 -265.2
2087.7 86.0 419.0 -253.2
2091.4 101.0 413.0 -268.8
2095.2 99.0 376.0 -265.2
2096.2 95.0 496.0 -272.4
2096.5 99.0 386.0 -267.6
2099.8 104.0 436.0 -274.8
2100.6 98.0 390.0 -266.4
2103.4 106.0 468.0 -277.2
2103.7 92.0 545.0 -276.0
2104.0 99.0 381.0 -266.4
2105.8 94.0 537.0 -276.0
2107.8 98.0 385.0 -267.6
2109.6 91.0 551.0 -274.8
2111.1 87.0 485.0 -268.8
2114.3 103.0 399.0 -268.8
2118.9 79.0 501.0 -262.8
2122.1 99.0 388.0 -268.8
2122.8 80.0 454.0 -254.4
2126.9 98.0 427.0 -270.0
2127.9 93.0 560.0 -277.2
2129.0 89.0 502.0 -270.0
2129.4 94.0 452.0 -272.4
2130.6 78.0 474.0 -256.8
2134.2 92.0 521.0 -274.8
2135.6 87.0 423.0 -261.6
2136.7 80.0 480.0 -259.2
2137.1 99.0 565.0 -280.8
2138.1 96.0 555.0 -279.6
2138.5 98.0 565.0 -280.8
2139.3 99.0 389.0 -270.0
2139.5 83.0 495.0 -264.0
2141.4 81.0 466.0 -261.6
2142.4 89.0 428.0 -262.8
2146.2 82.0 449.0 -256.8
2147.6 98.0 540.0 -280.8
2152.4 99.0 565.0 -282.0
2153.7 100.0 474.0 -276.0
2157.3 102.0 475.0 -278.4
2158.7 98.0 510.0 -279.6
2160.1 85.0 512.0 -271.2
2160.4 93.0 550.0 -277.2
2164.0 95.0 561.0 -280.8
2164.8 82.0 500.0 -267.6
2168.5 100.0 565.0 -283.2
2169.2 95.0 556.0 -279.6
2170.1 101.0 556.0 -284.4
2171.8 101.0 429.0 -274.8
2177.4 94.0 550.0 -278.4
2178.1 93.0 492.0 -276.0
2179.3 96.0 547.0 -279.6
2182.0 99.0 447.0 -276.0
2184.4 100.0 424.0 -274.8
2184.5 101.0 548.0 -283.2
2186.5 99.0 557.0 -282.0
2187.4 101.0 566.0 -285.6
2189.5 104.0 450.0 -278.4
2189.5 104.0 450.0 -278.4
2190.9 84.0 485.0 -266.4
2192.7 105.0 455.0 -280.8
2193.6 100.0 416.0 -276.0
2195.9 101.0 555.0 -285.6
2196.0 99.0 499.0 -279.6
2197.2 105.0 480.0 -283.2
2198.8 101.0 437.0 -277.2
2199.7 98.0 501.0 -278.4
2201.0 101.0 396.0 -271.2
2202.0 105.0 459.0 -282.0
2203.3 99.0 557.0 -283.2
2204.7 89.0 493.0 -273.6
2205.0 100.0 409.0 -274.8
2205.0 100.0 409.0 -274.8
2208.2 106.0 488.0 -285.6
2212.3 99.0 526.0 -282.0
2212.7 101.0 419.0 -277.2
2213.6 86.0 497.0 -271.2
2214.9 85.0 499.0 -271.2
2217.7 86.0 499.0 -272.4
2217.8 101.0 396.0 -272.4
2220.0 102.0 406.0 -273.6
2220.7 104.0 554.0 -289.2
2223.3 102.0 467.0 -282.0
2226.4 104.0 438.0 -280.8
2227.1 96.0 522.0 -280.8
2228.0 94.0 528.0 -279.6
2228.6 98.0 565.0 -286.8
2231.0 102.0 565.0 -288.0
2234.9 99.0 498.0 -280.8
2236.5 106.0 458.0 -282.0
2238.6 102.0 522.0 -286.8
2238.7 108.0 542.0 -292.8
2239.2 87.0 498.0 -273.6
2241.4 105.0 461.0 -283.2
2241.6 103.0 565.0 -289.2
2242.0 101.0 569.0 -290.4
2242.6 105.0 479.0 -286.8
2244.1 102.0 432.0 -279.6
2244.9 90.0 503.0 -276.0
2247.4 100.0 551.0 -285.6
2247.6 101.0 421.0 -278.4
2252.0 106.0 510.0 -288.0
2252.5 105.0 453.0 -284.4
2254.2 107.0 520.0 -289.2
2254.4 103.0 468.0 -288.0
2255.4 90.0 504.0 -277.2
2256.6 88.0 513.0 -276.0
2258.0 89.0 494.0 -276.0
2258.6 102.0 434.0 -282.0
2258.6 91.0 514.0 -279.6
2268.3 101.0 440.0 -279.6
2270.1 107.0 483.0 -289.2
2273.1 102.0 545.0 -288.0
2273.9 98.0 539.0 -285.6
2275.9 101.0 434.0 -283.2
2276.9 106.0 478.0 -289.2
2277.9 107.0 487.0 -290.4
2280.8 91.0 494.0 -278.4
2282.3 109.0 465.0 -285.6
2283.4 92.0 509.0 -280.8
2283.7 101.0 477.0 -288.0
2287.7 93.0 502.0 -280.8
2287.8 92.0 523.0 -282.0
2291.0 100.0 471.0 -286.8
2291.8 102.0 552.0 -290.4
2294.3 107.0 511.0 -291.6
2295.5 103.0 563.0 -291.6
2295.5 103.0 563.0 -291.6
2297.3 108.0 456.0 -285.6
2297.3 106.0 521.0 -291.6
2300.3 106.0 486.0 -291.6
2301.3 101.0 472.0 -289.2
2301.5 94.0 491.0 -278.4
2302.7 108.0 538.0 -292.8
2302.8 98.0 494.0 -285.6
2304.8 94.0 549.0 -284.4
2306.9 104.0 563.0 -292.8
2309.1 102.0 562.0 -291.6
2316.0 98.0 516.0 -288.0
2316.6 104.0 458.0 -290.4
2318.0 96.0 495.0 -280.8
2320.8 92.0 516.0 -282.0
2321.1 95.0 511.0 -285.6
2322.6 94.0 523.0 -285.6
2325.3 101.0 514.0 -290.4
2328.9 104.0 518.0 -291.6
2330.2 106.0 500.0 -292.8
2331.7 101.0 573.0 -292.8
2333.0 106.0 523.0 -294.0
2338.0 93.0 516.0 -283.2
2339.8 104.0 504.0 -291.6
2342.4 97.0 527.0 -288.0
2349.9 106.0 506.0 -294.0
2350.4 99.0 520.0 -291.6
2353.2 102.0 513.0 -291.6
2355.0 100.0 506.0 -291.6
2355.9 108.0 529.0 -296.4
2356.3 108.0 517.0 -296.4
2357.0 106.0 525.0 -295.2
2360.7 104.0 543.0 -295.2
2361.1 108.0 530.0 -297.6
2363.1 102.0 534.0 -294.0
2364.9 98.0 508.0 -289.2
2368.8 108.0 537.0 -298.8
2371.0 109.0 539.0 -300.0
2373.0 104.0 529.0 -294.0
2374.6 106.0 528.0 -296.4
2378.3 108.0 531.0 -298.8
2378.3 108.0 531.0 -298.8
2380.5 105.0 543.0 -296.4
2382.3 106.0 535.0 -297.6
2385.7 107.0 531.0 -297.6
2388.8 102.0 533.0 -294.0
2391.0 101.0 536.0 -295.2
2400.8 105.0 532.0 -295.2
2410.5 105.0 529.0 -296.4
