30.19 1.0 18.0 -3.0
30.19 1.0 18.0 -3.0
30.19 1.0 18.0 -3.0
30.19 1.0 18.0 -3.0
30.19 1.0 18.0 -3.0
30.19 1.0 18.0 -3.0
30.19 1.0 18.0 -3.0
30.19 1.0 18.0 -3.0
30.19 1.0 18.0 -3.0
30.19 1.0 18.0 -3.0
30.19 1.0 18.0 -3.0
30.19 1.0 18.0 -3.0
30.19 1.0 18.0 -3.0
30.19 1.0 18.0 -3.0
30.19 1.0 18.0 -3.0
30.19 1.0 18.0 -3.0
30.19 1.0 18.0 -3.0
30.19 1.0 18.0 -3.0
30.19 1.0 18.0 -3.0
30.19 1.0 18.0 -3.0
30.19 1.0 18.0 -3.0
35.6 2.0 28.0 -4.0
41.92 2.0 21.0 -4.0
44.38 2.0 23.0 -5.0
46.4 2.0 25.0 -5.0
46.42 2.0 24.0 -5.0
50.12 3.0 28.0 -5.0
55.09 2.0 21.0 -5.0
55.09 2.0 21.0 -5.0
65.8 3.0 33.0 -7.0
