850.4 42.0 224.0 -94.0
875.4 47.0 202.0 -109.0
879.5 46.0 250.0 -104.0
898.1 43.0 224.0 -108.0
906.2 35.0 239.0 -108.0
933.1 52.0 265.0 -111.0
951.2 48.0 211.0 -102.0
973.1 54.0 245.0 -122.0
977.4 47.0 271.0 -111.0
996.2 42.0 272.0 -117.0
1016.5 41.0 248.0 -108.0
1030.5 48.0 238.0 -115.0
1031.9 60.0 295.0 -117.0
1043.4 52.0 248.0 -128.0
1043.8 51.0 222.0 -121.0
1052.2 50.0 284.0 -120.0
1052.4 60.0 207.0 -117.0
1052.7 52.0 214.0 -114.0
1054.8 53.0 263.0 -127.0
1056.5 46.0 270.0 -119.0
1059.5 59.0 285.0 -133.0
1062.1 46.0 250.0 -116.0
1063.1 57.0 287.0 -121.0
1064.2 54.0 255.0 -118.0
1066.3 56.0 248.0 -115.0
1066.7 48.0 263.0 -111.0
1073.8 57.0 281.0 -123.0
1078.7 56.0 259.0 -126.0
1080.9 49.0 273.0 -121.0
1083.8 53.0 270.0 -118.0
1084.5 45.0 230.0 -111.0
1094.6 47.0 243.0 -121.0
1099.2 47.0 243.0 -125.0
1101.2 52.0 232.0 -122.0
1101.5 45.0 262.0 -123.0
1102.5 51.0 289.0 -122.0
1108.6 52.0 251.0 -128.0
1108.8 46.0 260.0 -115.0
1110.5 54.0 276.0 -127.0
1111.6 54.0 289.0 -117.0
1112.0 53.0 328.0 -136.0
1112.2 56.0 269.0 -126.0
1112.3 55.0 238.0 -120.0
1112.4 48.0 242.0 -124.0
1113.7 51.0 324.0 -122.0
1114.0 58.0 296.0 -121.0
1121.9 46.0 223.0 -123.0
1123.9 59.0 276.0 -126.0
1125.2 61.0 293.0 -125.0
1126.7 58.0 284.0 -131.0
1132.1 47.0 291.0 -122.0
1133.7 56.0 299.0 -128.0
1135.5 48.0 277.0 -124.0
1135.6 50.0 283.0 -125.0
1137.3 56.0 274.0 -125.0
1140.5 61.0 249.0 -136.0
1144.5 54.0 275.0 -128.0
1144.7 52.0 255.0 -124.0
1145.2 54.0 301.0 -134.0
1145.4 53.0 287.0 -124.0
1146.5 55.0 260.0 -120.0
1146.8 45.0 253.0 -125.0
1147.8 61.0 288.0 -131.0
1151.8 46.0 212.0 -114.0
1157.1 55.0 261.0 -126.0
1157.9 60.0 305.0 -126.0
1160.0 50.0 274.0 -126.0
1163.7 57.0 263.0 -131.0
1163.9 60.0 311.0 -128.0
1166.2 47.0 278.0 -123.0
1167.2 60.0 301.0 -136.0
1167.4 55.0 267.0 -127.0
1168.5 54.0 273.0 -127.0
1171.0 61.0 257.0 -132.0
1171.3 47.0 359.0 -135.0
1173.4 54.0 227.0 -128.0
1174.0 56.0 238.0 -127.0
1175.2 48.0 282.0 -123.0
1176.2 65.0 275.0 -135.0
1176.2 45.0 283.0 -121.0
1177.5 35.0 278.0 -120.0
1178.7 50.0 295.0 -124.0
1179.8 54.0 308.0 -127.0
1182.1 63.0 289.0 -134.0
1182.7 56.0 255.0 -133.0
1183.3 53.0 316.0 -140.0
1184.2 55.0 260.0 -126.0
1184.3 53.0 251.0 -118.0
1186.8 56.0 246.0 -128.0
1187.5 60.0 301.0 -133.0
1187.8 46.0 331.0 -130.0
1188.2 58.0 245.0 -123.0
1189.0 53.0 285.0 -130.0
1190.2 46.0 339.0 -133.0
1190.9 55.0 308.0 -133.0
1191.8 54.0 276.0 -132.0
1192.1 49.0 221.0 -128.0
1193.6 57.0 290.0 -131.0
1195.0 47.0 267.0 -124.0
1195.4 52.0 336.0 -138.0
1198.4 52.0 219.0 -125.0
1200.4 47.0 305.0 -132.0
1200.7 51.0 297.0 -131.0
1201.0 57.0 265.0 -135.0
1201.8 51.0 300.0 -130.0
1202.1 43.0 363.0 -129.0
1202.3 60.0 268.0 -130.0
1203.4 57.0 287.0 -136.0
1207.2 54.0 314.0 -132.0
1207.6 58.0 253.0 -128.0
1207.8 53.0 283.0 -125.0
1208.9 46.0 332.0 -140.0
1208.9 55.0 308.0 -137.0
1209.2 51.0 245.0 -125.0
1210.2 57.0 279.0 -126.0
1210.4 43.0 322.0 -132.0
1211.1 63.0 272.0 -142.0
1211.4 59.0 261.0 -137.0
1212.0 54.0 275.0 -136.0
1212.6 55.0 254.0 -125.0
1213.2 57.0 269.0 -132.0
1214.4 60.0 261.0 -127.0
1214.5 51.0 283.0 -127.0
1216.7 58.0 343.0 -136.0
1217.7 57.0 283.0 -136.0
1218.1 55.0 271.0 -125.0
1218.6 59.0 259.0 -135.0
1219.3 56.0 309.0 -132.0
1222.4 46.0 359.0 -129.0
1226.4 50.0 325.0 -137.0
1228.5 51.0 297.0 -129.0
1228.6 55.0 228.0 -130.0
1228.9 63.0 309.0 -142.0
1229.3 59.0 301.0 -140.0
1229.8 54.0 236.0 -134.0
1229.8 59.0 292.0 -132.0
1232.2 49.0 357.0 -140.0
1233.4 45.0 254.0 -129.0
1234.0 52.0 262.0 -133.0
1234.6 66.0 323.0 -146.0
1234.8 51.0 331.0 -140.0
1235.6 58.0 273.0 -141.0
1235.7 47.0 313.0 -129.0
1236.0 57.0 302.0 -137.0
1236.1 54.0 265.0 -132.0
1236.1 53.0 316.0 -137.0
1236.4 58.0 341.0 -135.0
1237.6 42.0 305.0 -133.0
1237.6 53.0 287.0 -137.0
1238.2 43.0 256.0 -127.0
1238.2 56.0 302.0 -137.0
1238.3 57.0 308.0 -138.0
1238.5 57.0 296.0 -130.0
1239.7 60.0 315.0 -152.0
1240.5 60.0 289.0 -132.0
1240.7 54.0 283.0 -132.0
1241.2 45.0 327.0 -133.0
1241.8 56.0 356.0 -139.0
1243.3 58.0 295.0 -131.0
1243.8 47.0 315.0 -130.0
1244.3 50.0 291.0 -128.0
1246.8 43.0 350.0 -135.0
1246.8 46.0 306.0 -126.0
1246.9 53.0 295.0 -138.0
1247.3 53.0 325.0 -136.0
1247.4 58.0 269.0 -137.0
1248.0 58.0 330.0 -131.0
1248.6 54.0 275.0 -133.0
1249.8 58.0 360.0 -135.0
1249.9 54.0 253.0 -135.0
1250.0 44.0 311.0 -136.0
1250.7 48.0 293.0 -125.0
1251.0 57.0 277.0 -142.0
1252.6 56.0 308.0 -139.0
1252.7 55.0 309.0 -139.0
1254.2 63.0 315.0 -147.0
1255.5 52.0 266.0 -132.0
1257.1 61.0 302.0 -141.0
1258.1 62.0 317.0 -138.0
1258.1 53.0 344.0 -141.0
1259.2 59.0 310.0 -136.0
1259.5 42.0 321.0 -131.0
1260.1 55.0 231.0 -128.0
1260.3 56.0 273.0 -131.0
1260.3 47.0 273.0 -127.0
1260.3 61.0 282.0 -134.0
1260.7 60.0 252.0 -137.0
1261.0 46.0 293.0 -136.0
1261.7 61.0 284.0 -139.0
1262.4 63.0 288.0 -148.0
1262.6 59.0 313.0 -146.0
1262.8 66.0 326.0 -149.0
1262.8 61.0 296.0 -132.0
1263.3 56.0 338.0 -133.0
1264.0 39.0 307.0 -131.0
1264.4 59.0 296.0 -136.0
1264.6 63.0 285.0 -133.0
1264.6 64.0 300.0 -148.0
1265.3 54.0 284.0 -132.0
1266.5 61.0 315.0 -146.0
1266.8 59.0 284.0 -140.0
1267.2 42.0 329.0 -134.0
1267.4 51.0 340.0 -142.0
1267.5 52.0 292.0 -140.0
1268.1 47.0 331.0 -133.0
1270.1 73.0 300.0 -149.0
1270.3 63.0 265.0 -134.0
1272.6 59.0 308.0 -141.0
1273.5 63.0 233.0 -136.0
1273.6 58.0 310.0 -143.0
1273.8 60.0 341.0 -147.0
1274.2 52.0 326.0 -141.0
1274.7 62.0 360.0 -142.0
1275.0 65.0 245.0 -141.0
1275.9 62.0 301.0 -146.0
1276.3 62.0 324.0 -148.0
1276.5 42.0 355.0 -137.0
1276.5 59.0 270.0 -137.0
1277.1 48.0 269.0 -131.0
1278.0 47.0 297.0 -128.0
1278.3 55.0 309.0 -141.0
1279.2 48.0 286.0 -130.0
1279.6 61.0 316.0 -145.0
1280.2 62.0 289.0 -142.0
1280.3 55.0 238.0 -134.0
1280.6 51.0 284.0 -130.0
1281.1 55.0 315.0 -135.0
1281.7 46.0 273.0 -138.0
1283.0 51.0 312.0 -140.0
1283.5 60.0 309.0 -139.0
1284.4 61.0 278.0 -137.0
1284.9 50.0 298.0 -136.0
1286.0 56.0 305.0 -143.0
1287.0 61.0 324.0 -148.0
1287.8 59.0 330.0 -153.0
1288.5 64.0 332.0 -139.0
1289.0 58.0 279.0 -139.0
1289.0 62.0 349.0 -137.0
1289.1 69.0 312.0 -139.0
1289.9 51.0 285.0 -132.0
1291.0 45.0 246.0 -133.0
1291.2 49.0 342.0 -138.0
1291.2 47.0 258.0 -129.0
1292.4 55.0 292.0 -145.0
1292.6 54.0 321.0 -138.0
1292.6 46.0 219.0 -129.0
1294.5 48.0 354.0 -128.0
1294.8 66.0 283.0 -138.0
1295.2 53.0 297.0 -137.0
1295.7 51.0 228.0 -126.0
1295.9 63.0 296.0 -136.0
1296.0 56.0 317.0 -140.0
1297.6 48.0 287.0 -135.0
1297.7 67.0 335.0 -147.0
1297.7 68.0 326.0 -149.0
1298.3 55.0 289.0 -133.0
1298.5 60.0 238.0 -134.0
1298.6 50.0 274.0 -128.0
1298.6 51.0 365.0 -142.0
1298.9 60.0 319.0 -140.0
1299.4 63.0 261.0 -142.0
1299.8 44.0 297.0 -128.0
1300.5 55.0 331.0 -133.0
1300.7 52.0 251.0 -136.0
1300.8 48.0 342.0 -139.0
1300.9 56.0 280.0 -138.0
1301.2 51.0 296.0 -135.0
1301.3 57.0 322.0 -143.0
1302.7 49.0 347.0 -136.0
1303.2 50.0 316.0 -134.0
1303.7 53.0 253.0 -136.0
1303.9 38.0 314.0 -129.0
1304.2 61.0 291.0 -141.0
1304.9 44.0 363.0 -134.0
1305.2 55.0 259.0 -138.0
1305.5 54.0 299.0 -135.0
1305.5 50.0 234.0 -131.0
1306.0 49.0 331.0 -144.0
1306.4 54.0 329.0 -139.0
1306.5 63.0 340.0 -145.0
1306.7 62.0 287.0 -135.0
1306.7 54.0 327.0 -137.0
1306.8 50.0 350.0 -144.0
1306.9 61.0 290.0 -144.0
1307.6 50.0 320.0 -134.0
1307.8 66.0 327.0 -144.0
1307.9 50.0 308.0 -133.0
1309.3 46.0 313.0 -136.0
1309.4 58.0 330.0 -151.0
1309.5 63.0 306.0 -142.0
1309.6 46.0 337.0 -140.0
1310.1 50.0 308.0 -140.0
1310.2 55.0 371.0 -147.0
1311.1 65.0 316.0 -151.0
1311.3 64.0 263.0 -140.0
1311.3 63.0 261.0 -136.0
1311.3 57.0 230.0 -136.0
1311.6 66.0 304.0 -143.0
1311.6 58.0 305.0 -135.0
1314.0 51.0 302.0 -138.0
1314.1 65.0 291.0 -151.0
1314.1 56.0 268.0 -136.0
1314.4 59.0 258.0 -137.0
1314.4 53.0 323.0 -140.0
1314.5 45.0 306.0 -133.0
1315.0 60.0 320.0 -143.0
1315.0 42.0 344.0 -137.0
1315.0 58.0 297.0 -144.0
1315.1 63.0 329.0 -151.0
1315.5 64.0 311.0 -155.0
1315.5 54.0 301.0 -137.0
1315.6 59.0 294.0 -140.0
1315.6 62.0 347.0 -153.0
1315.8 67.0 296.0 -145.0
1316.3 43.0 316.0 -136.0
1316.5 60.0 288.0 -139.0
1316.5 58.0 331.0 -145.0
1316.5 52.0 337.0 -142.0
1316.8 50.0 263.0 -138.0
1317.6 56.0 331.0 -143.0
1317.7 51.0 275.0 -130.0
1317.9 60.0 286.0 -146.0
1318.2 60.0 300.0 -144.0
1318.7 60.0 306.0 -145.0
1319.7 60.0 281.0 -146.0
1320.2 57.0 313.0 -134.0
1320.5 62.0 236.0 -137.0
1320.5 57.0 286.0 -137.0
1320.9 69.0 370.0 -158.0
1321.4 54.0 349.0 -145.0
1321.5 71.0 291.0 -145.0
1321.8 59.0 337.0 -150.0
1322.3 56.0 328.0 -141.0
1323.5 62.0 246.0 -144.0
1323.7 64.0 242.0 -140.0
1323.8 63.0 291.0 -142.0
1324.1 60.0 282.0 -137.0
1325.3 43.0 330.0 -139.0
1325.5 48.0 360.0 -145.0
1325.6 61.0 306.0 -148.0
1325.8 43.0 336.0 -139.0
1326.0 63.0 288.0 -141.0
1326.0 49.0 303.0 -139.0
1326.4 60.0 331.0 -143.0
1327.0 64.0 296.0 -141.0
1327.0 52.0 331.0 -141.0
1327.2 55.0 250.0 -131.0
1327.2 52.0 339.0 -132.0
1327.3 49.0 323.0 -142.0
1327.4 66.0 355.0 -151.0
1328.3 57.0 327.0 -140.0
1328.4 37.0 329.0 -136.0
1328.7 60.0 249.0 -139.0
1328.7 65.0 346.0 -148.0
1329.0 53.0 360.0 -140.0
1329.2 61.0 290.0 -141.0
1329.9 57.0 302.0 -142.0
1331.2 47.0 349.0 -139.0
1331.3 58.0 295.0 -142.0
1331.6 71.0 308.0 -143.0
1331.6 50.0 348.0 -145.0
1331.9 51.0 332.0 -134.0
1332.9 46.0 322.0 -139.0
1333.1 52.0 320.0 -145.0
1333.2 63.0 274.0 -143.0
1333.8 55.0 332.0 -139.0
1333.9 64.0 335.0 -154.0
1334.4 54.0 250.0 -137.0
1334.8 60.0 231.0 -143.0
1335.2 47.0 324.0 -133.0
1335.9 62.0 290.0 -139.0
1336.2 51.0 317.0 -133.0
1336.3 50.0 345.0 -145.0
1336.6 55.0 240.0 -143.0
1337.3 63.0 265.0 -142.0
1337.9 46.0 299.0 -137.0
1338.2 57.0 349.0 -140.0
1339.2 56.0 341.0 -144.0
1339.6 54.0 296.0 -140.0
1339.8 65.0 320.0 -144.0
1339.9 67.0 340.0 -142.0
1341.0 50.0 317.0 -136.0
1341.7 56.0 299.0 -138.0
1342.1 60.0 262.0 -139.0
1343.0 67.0 304.0 -155.0
1343.7 58.0 344.0 -148.0
1345.0 43.0 316.0 -132.0
1345.0 49.0 284.0 -135.0
1345.1 51.0 283.0 -139.0
1345.2 43.0 332.0 -138.0
1345.2 62.0 301.0 -146.0
1345.3 49.0 283.0 -137.0
1345.7 57.0 280.0 -144.0
1345.8 64.0 273.0 -138.0
1345.9 45.0 342.0 -137.0
1345.9 51.0 308.0 -140.0
1346.6 58.0 258.0 -140.0
1347.1 64.0 248.0 -139.0
1347.3 62.0 301.0 -141.0
1347.6 53.0 351.0 -146.0
1347.8 45.0 313.0 -137.0
1347.9 53.0 290.0 -140.0
1347.9 56.0 309.0 -141.0
1348.2 61.0 261.0 -137.0
1348.7 65.0 295.0 -154.0
1348.9 55.0 318.0 -139.0
1349.3 64.0 319.0 -150.0
1349.4 41.0 339.0 -136.0
1349.9 66.0 290.0 -141.0
1349.9 60.0 264.0 -143.0
1351.6 47.0 319.0 -137.0
1351.6 56.0 271.0 -138.0
1352.3 71.0 280.0 -148.0
1352.3 71.0 350.0 -152.0
1352.9 66.0 278.0 -148.0
1353.0 57.0 273.0 -139.0
1353.8 54.0 318.0 -137.0
1355.3 54.0 326.0 -138.0
1355.6 64.0 284.0 -150.0
1356.4 50.0 350.0 -143.0
1356.5 58.0 253.0 -140.0
1356.7 65.0 275.0 -144.0
1356.7 40.0 288.0 -138.0
1357.0 63.0 376.0 -147.0
1357.2 70.0 276.0 -151.0
1357.4 58.0 341.0 -146.0
1357.6 49.0 354.0 -142.0
1358.4 54.0 305.0 -138.0
1358.5 62.0 335.0 -148.0
1358.9 73.0 294.0 -150.0
1359.4 54.0 304.0 -148.0
1359.6 49.0 317.0 -139.0
1360.2 63.0 321.0 -150.0
1360.4 52.0 389.0 -141.0
1360.5 58.0 317.0 -138.0
1361.7 60.0 253.0 -138.0
1361.8 54.0 250.0 -134.0
1361.9 60.0 276.0 -139.0
1362.0 60.0 321.0 -142.0
1362.3 62.0 252.0 -137.0
1362.4 55.0 350.0 -145.0
1363.8 48.0 324.0 -144.0
1363.8 40.0 357.0 -142.0
1363.9 63.0 333.0 -151.0
1364.2 60.0 350.0 -147.0
1364.6 61.0 319.0 -143.0
1365.2 58.0 293.0 -131.0
1366.4 60.0 285.0 -142.0
1368.2 68.0 321.0 -139.0
1369.0 67.0 280.0 -143.0
1369.6 62.0 320.0 -142.0
1369.9 40.0 286.0 -137.0
1370.7 52.0 362.0 -142.0
1371.3 43.0 296.0 -139.0
1372.5 65.0 330.0 -154.0
1373.2 61.0 280.0 -145.0
1375.1 56.0 301.0 -146.0
1375.3 65.0 329.0 -149.0
1375.5 48.0 269.0 -134.0
1375.5 62.0 254.0 -141.0
1375.7 58.0 344.0 -150.0
1375.8 55.0 328.0 -143.0
1375.9 47.0 262.0 -138.0
1376.1 61.0 323.0 -151.0
1376.3 64.0 237.0 -138.0
1376.6 61.0 299.0 -142.0
1377.2 50.0 352.0 -140.0
1377.7 55.0 325.0 -143.0
1377.8 76.0 367.0 -160.0
1378.2 51.0 324.0 -146.0
1378.3 53.0 358.0 -139.0
1378.4 54.0 337.0 -145.0
1378.9 52.0 328.0 -145.0
1379.9 69.0 375.0 -156.0
1380.6 69.0 336.0 -155.0
1381.1 59.0 324.0 -142.0
1381.1 63.0 265.0 -141.0
1381.9 57.0 316.0 -150.0
1382.0 50.0 373.0 -149.0
1382.5 61.0 291.0 -141.0
1382.7 57.0 303.0 -140.0
1383.5 56.0 368.0 -148.0
1384.0 59.0 327.0 -146.0
1384.0 57.0 372.0 -149.0
1384.1 45.0 370.0 -142.0
1385.2 62.0 287.0 -142.0
1385.8 61.0 355.0 -144.0
1386.3 60.0 311.0 -150.0
1386.4 69.0 293.0 -152.0
1386.7 73.0 300.0 -153.0
1387.2 67.0 292.0 -147.0
1387.8 64.0 322.0 -148.0
1388.4 59.0 368.0 -149.0
1388.9 53.0 310.0 -139.0
1390.7 66.0 296.0 -146.0
1390.8 63.0 261.0 -144.0
1391.2 56.0 315.0 -143.0
1392.0 57.0 348.0 -143.0
1392.2 55.0 380.0 -152.0
1392.7 52.0 221.0 -131.0
1392.8 69.0 339.0 -151.0
1392.8 54.0 367.0 -145.0
1392.9 62.0 298.0 -148.0
1393.0 70.0 272.0 -143.0
1393.9 65.0 337.0 -159.0
1394.1 52.0 347.0 -151.0
1395.1 57.0 328.0 -151.0
1396.5 52.0 305.0 -142.0
1397.1 67.0 316.0 -154.0
1397.1 63.0 290.0 -146.0
1397.5 64.0 298.0 -146.0
1397.5 63.0 315.0 -148.0
1398.2 63.0 312.0 -141.0
1398.4 51.0 309.0 -139.0
1398.9 63.0 269.0 -149.0
1399.3 63.0 327.0 -142.0
1399.5 59.0 300.0 -141.0
1400.1 58.0 316.0 -145.0
1400.3 53.0 336.0 -144.0
1401.7 69.0 290.0 -139.0
1401.9 56.0 269.0 -144.0
1402.1 55.0 302.0 -150.0
1402.3 63.0 298.0 -141.0
1402.4 68.0 346.0 -153.0
1404.3 59.0 287.0 -137.0
1404.8 67.0 334.0 -149.0
1404.9 69.0 327.0 -150.0
1405.5 57.0 330.0 -149.0
1406.3 62.0 311.0 -145.0
1406.4 49.0 303.0 -142.0
1406.6 66.0 340.0 -151.0
1407.1 57.0 352.0 -152.0
1407.5 49.0 329.0 -151.0
1409.4 52.0 334.0 -142.0
1409.7 60.0 312.0 -143.0
1409.7 58.0 283.0 -140.0
1409.8 63.0 300.0 -147.0
1409.9 61.0 275.0 -144.0
1410.2 60.0 312.0 -143.0
1410.6 57.0 260.0 -150.0
1410.8 71.0 279.0 -143.0
1410.9 63.0 331.0 -152.0
1411.9 65.0 332.0 -144.0
1412.0 60.0 303.0 -147.0
1412.0 68.0 347.0 -155.0
1413.3 72.0 306.0 -151.0
1413.5 45.0 291.0 -138.0
1415.0 67.0 314.0 -155.0
1415.2 73.0 268.0 -159.0
1415.4 58.0 306.0 -151.0
1415.9 63.0 280.0 -144.0
1416.2 63.0 313.0 -155.0
1417.5 67.0 299.0 -150.0
1418.2 68.0 372.0 -156.0
1418.4 79.0 400.0 -169.0
1419.2 65.0 288.0 -147.0
1420.8 67.0 339.0 -154.0
1420.9 53.0 354.0 -147.0
1422.0 57.0 283.0 -146.0
1422.1 61.0 287.0 -144.0
1423.9 66.0 305.0 -151.0
1425.5 61.0 401.0 -158.0
1426.1 65.0 318.0 -149.0
1426.4 63.0 370.0 -157.0
1426.7 69.0 335.0 -150.0
1426.7 52.0 358.0 -149.0
1428.9 67.0 322.0 -153.0
1429.7 76.0 239.0 -155.0
1430.2 71.0 274.0 -155.0
1430.4 64.0 295.0 -150.0
1430.5 59.0 259.0 -150.0
1431.3 54.0 362.0 -150.0
1431.3 66.0 355.0 -155.0
1431.5 57.0 361.0 -147.0
1432.0 74.0 348.0 -161.0
1432.2 57.0 350.0 -148.0
1433.1 55.0 341.0 -149.0
1433.2 58.0 319.0 -142.0
1433.4 52.0 357.0 -145.0
1434.0 65.0 299.0 -143.0
1434.9 61.0 337.0 -160.0
1435.8 60.0 372.0 -153.0
1435.8 54.0 313.0 -147.0
1436.3 46.0 333.0 -141.0
1436.4 56.0 337.0 -148.0
1436.5 67.0 314.0 -156.0
1437.2 55.0 336.0 -144.0
1437.7 60.0 334.0 -159.0
1438.2 67.0 306.0 -151.0
1439.9 66.0 290.0 -156.0
1440.3 61.0 312.0 -143.0
1440.3 54.0 362.0 -148.0
1442.1 53.0 338.0 -149.0
1442.6 52.0 352.0 -152.0
1442.7 66.0 263.0 -150.0
1443.8 72.0 273.0 -148.0
1444.0 61.0 278.0 -144.0
1444.6 66.0 293.0 -149.0
1445.7 64.0 337.0 -156.0
1446.7 53.0 368.0 -155.0
1447.0 59.0 280.0 -149.0
1447.2 70.0 247.0 -151.0
1447.3 63.0 303.0 -144.0
1447.6 55.0 305.0 -144.0
1448.0 51.0 325.0 -143.0
1448.6 57.0 325.0 -149.0
1449.2 73.0 300.0 -164.0
1450.0 73.0 340.0 -151.0
1450.2 59.0 380.0 -149.0
1450.8 70.0 337.0 -158.0
1450.8 63.0 311.0 -154.0
1451.2 76.0 316.0 -160.0
1452.0 72.0 293.0 -159.0
1453.3 61.0 373.0 -154.0
1453.5 77.0 303.0 -155.0
1453.7 70.0 333.0 -155.0
1454.2 67.0 347.0 -154.0
1454.3 65.0 264.0 -154.0
1454.8 65.0 280.0 -156.0
1455.0 62.0 296.0 -144.0
1455.1 73.0 326.0 -157.0
1455.2 69.0 331.0 -158.0
1455.8 48.0 349.0 -144.0
1456.0 61.0 310.0 -145.0
1456.1 46.0 337.0 -145.0
1456.2 53.0 342.0 -148.0
1457.1 50.0 368.0 -152.0
1457.6 76.0 268.0 -155.0
1457.7 73.0 292.0 -155.0
1460.4 75.0 253.0 -148.0
1460.8 58.0 343.0 -156.0
1461.1 59.0 297.0 -149.0
1461.1 45.0 355.0 -149.0
1461.8 65.0 319.0 -155.0
1461.9 66.0 263.0 -149.0
1462.3 56.0 320.0 -154.0
1463.9 63.0 378.0 -154.0
1464.4 67.0 316.0 -157.0
1464.4 62.0 386.0 -158.0
1464.8 60.0 367.0 -149.0
1465.0 64.0 275.0 -141.0
1465.9 59.0 335.0 -147.0
1466.3 77.0 283.0 -152.0
1467.9 65.0 320.0 -154.0
1467.9 59.0 407.0 -156.0
1468.2 65.0 360.0 -164.0
1469.4 60.0 313.0 -150.0
1469.5 74.0 293.0 -159.0
1469.5 64.0 334.0 -159.0
1469.6 51.0 318.0 -150.0
1470.0 62.0 290.0 -153.0
1470.1 65.0 306.0 -155.0
1470.5 68.0 373.0 -153.0
1470.6 66.0 321.0 -153.0
1471.3 66.0 329.0 -157.0
1471.5 66.0 299.0 -153.0
1471.5 78.0 321.0 -160.0
1471.5 69.0 361.0 -154.0
1472.6 66.0 343.0 -157.0
1473.9 50.0 282.0 -139.0
1474.1 66.0 264.0 -147.0
1474.3 54.0 371.0 -148.0
1474.3 62.0 350.0 -152.0
1474.6 69.0 272.0 -156.0
1474.8 54.0 337.0 -149.0
1476.9 71.0 339.0 -158.0
1477.1 56.0 310.0 -152.0
1477.6 65.0 308.0 -151.0
1478.3 74.0 321.0 -155.0
1479.7 73.0 313.0 -157.0
1479.7 46.0 336.0 -150.0
1480.5 58.0 267.0 -144.0
1480.6 73.0 360.0 -162.0
1481.5 47.0 347.0 -146.0
1481.7 68.0 351.0 -158.0
1481.7 42.0 316.0 -145.0
1481.7 59.0 334.0 -148.0
1481.8 71.0 292.0 -157.0
1482.3 69.0 290.0 -151.0
1482.3 61.0 335.0 -145.0
1483.0 55.0 361.0 -155.0
1483.0 65.0 290.0 -152.0
1483.6 72.0 289.0 -160.0
1483.9 67.0 289.0 -150.0
1484.3 67.0 270.0 -156.0
1484.4 68.0 298.0 -157.0
1485.2 52.0 289.0 -153.0
1485.8 57.0 361.0 -148.0
1486.4 68.0 312.0 -155.0
1488.1 70.0 297.0 -158.0
1488.2 72.0 255.0 -159.0
1488.2 68.0 316.0 -150.0
1488.4 73.0 292.0 -155.0
1488.7 66.0 333.0 -152.0
1488.7 75.0 324.0 -157.0
1489.4 62.0 341.0 -151.0
1490.7 57.0 375.0 -159.0
1490.9 72.0 272.0 -157.0
1490.9 57.0 395.0 -157.0
1491.4 57.0 277.0 -150.0
1492.5 69.0 308.0 -153.0
1492.8 69.0 319.0 -160.0
1493.3 59.0 296.0 -142.0
1494.2 65.0 300.0 -152.0
1494.4 66.0 289.0 -151.0
1494.5 63.0 333.0 -156.0
1494.8 62.0 347.0 -152.0
1494.9 55.0 342.0 -155.0
1495.5 74.0 316.0 -153.0
1495.7 64.0 295.0 -155.0
1496.5 64.0 341.0 -149.0
1496.6 66.0 264.0 -152.0
1496.6 61.0 412.0 -155.0
1496.8 60.0 350.0 -150.0
1496.9 65.0 327.0 -149.0
1498.4 60.0 363.0 -152.0
1498.7 61.0 362.0 -157.0
1499.3 69.0 354.0 -156.0
1499.3 52.0 352.0 -149.0
1500.0 66.0 335.0 -161.0
1500.7 60.0 324.0 -152.0
1501.7 59.0 392.0 -153.0
1502.5 65.0 295.0 -151.0
1503.0 64.0 326.0 -156.0
1503.1 54.0 360.0 -154.0
1504.2 70.0 305.0 -161.0
1504.7 63.0 368.0 -156.0
1505.1 63.0 304.0 -153.0
1505.4 67.0 303.0 -150.0
1505.8 65.0 340.0 -149.0
1505.8 72.0 263.0 -154.0
1505.9 66.0 299.0 -151.0
1506.5 68.0 306.0 -163.0
1506.7 74.0 329.0 -163.0
1506.8 55.0 304.0 -147.0
1507.3 74.0 341.0 -169.0
1508.6 65.0 256.0 -151.0
1509.1 70.0 353.0 -161.0
1509.3 75.0 269.0 -160.0
1510.3 73.0 318.0 -154.0
1511.5 73.0 314.0 -161.0
1512.3 67.0 312.0 -157.0
1512.8 69.0 336.0 -154.0
1512.8 62.0 320.0 -154.0
1512.8 68.0 346.0 -160.0
1514.3 71.0 342.0 -161.0
1515.2 72.0 271.0 -159.0
1517.0 73.0 253.0 -160.0
1518.0 74.0 327.0 -157.0
1518.2 56.0 281.0 -154.0
1518.3 56.0 385.0 -159.0
1519.0 55.0 318.0 -149.0
1519.7 69.0 293.0 -156.0
1519.8 66.0 389.0 -153.0
1519.9 69.0 318.0 -161.0
1521.0 61.0 283.0 -148.0
1521.3 68.0 312.0 -163.0
1521.5 63.0 332.0 -152.0
1522.0 63.0 286.0 -155.0
1522.2 76.0 232.0 -158.0
1522.8 67.0 339.0 -155.0
1523.3 66.0 321.0 -159.0
1523.3 64.0 329.0 -150.0
1524.5 70.0 341.0 -159.0
1524.7 78.0 337.0 -166.0
1527.1 71.0 304.0 -157.0
1527.2 65.0 318.0 -148.0
1527.3 64.0 310.0 -146.0
1528.0 78.0 301.0 -166.0
1528.8 65.0 387.0 -163.0
1528.8 43.0 354.0 -153.0
1529.1 71.0 353.0 -157.0
1529.2 65.0 339.0 -159.0
1529.8 72.0 287.0 -158.0
1530.2 67.0 312.0 -149.0
1530.8 77.0 301.0 -168.0
1531.1 67.0 320.0 -154.0
1531.2 75.0 370.0 -164.0
1531.2 64.0 289.0 -154.0
1531.6 62.0 294.0 -151.0
1531.8 52.0 366.0 -156.0
1531.9 63.0 417.0 -163.0
1532.4 54.0 342.0 -156.0
1533.4 69.0 313.0 -154.0
1534.3 52.0 326.0 -150.0
1534.4 76.0 326.0 -158.0
1534.6 69.0 321.0 -159.0
1536.1 63.0 320.0 -155.0
1536.4 62.0 422.0 -163.0
1536.7 66.0 300.0 -160.0
1538.2 75.0 303.0 -158.0
1540.6 83.0 288.0 -165.0
1541.3 68.0 292.0 -163.0
1541.8 70.0 336.0 -163.0
1541.9 73.0 394.0 -171.0
1542.1 70.0 353.0 -157.0
1543.8 80.0 346.0 -161.0
1544.6 68.0 287.0 -158.0
1545.5 70.0 285.0 -151.0
1545.6 73.0 380.0 -161.0
1546.3 72.0 321.0 -164.0
1546.7 62.0 363.0 -159.0
1548.9 64.0 337.0 -156.0
1549.6 56.0 344.0 -152.0
1550.1 66.0 307.0 -161.0
1550.2 74.0 363.0 -171.0
1550.8 63.0 322.0 -157.0
1551.5 75.0 329.0 -160.0
1552.6 71.0 362.0 -166.0
1553.2 69.0 341.0 -165.0
1553.4 77.0 316.0 -161.0
1555.1 59.0 312.0 -150.0
1555.5 78.0 308.0 -164.0
1556.5 76.0 405.0 -171.0
1557.7 78.0 297.0 -156.0
1557.8 72.0 269.0 -160.0
1561.6 59.0 371.0 -157.0
1564.2 80.0 314.0 -171.0
1565.6 72.0 285.0 -158.0
1565.7 76.0 339.0 -165.0
1567.0 66.0 295.0 -160.0
1568.5 72.0 328.0 -159.0
1568.6 87.0 308.0 -168.0
1569.5 84.0 341.0 -174.0
1571.0 67.0 359.0 -161.0
1572.1 74.0 369.0 -165.0
1573.3 70.0 283.0 -160.0
1575.4 81.0 314.0 -171.0
1576.8 75.0 337.0 -167.0
1577.5 76.0 278.0 -160.0
1578.8 67.0 289.0 -165.0
1582.4 68.0 349.0 -169.0
1582.4 64.0 346.0 -157.0
1582.9 71.0 304.0 -156.0
1583.8 62.0 365.0 -160.0
1584.0 73.0 307.0 -165.0
1584.6 72.0 358.0 -173.0
1585.8 68.0 350.0 -163.0
1587.1 74.0 286.0 -162.0
1591.0 67.0 355.0 -167.0
1591.4 70.0 321.0 -166.0
1595.6 72.0 358.0 -160.0
1597.2 74.0 313.0 -164.0
1602.0 73.0 334.0 -168.0
1602.7 69.0 322.0 -162.0
1603.5 72.0 346.0 -165.0
1606.6 74.0 331.0 -164.0
1608.0 76.0 267.0 -166.0
1608.4 72.0 379.0 -166.0
1609.1 64.0 331.0 -157.0
1611.2 75.0 302.0 -168.0
1611.6 83.0 297.0 -168.0
1612.1 76.0 319.0 -169.0
1614.7 75.0 401.0 -167.0
1614.7 74.0 309.0 -165.0
1618.1 68.0 325.0 -154.0
1618.7 77.0 293.0 -169.0
1620.9 85.0 294.0 -178.0
1623.1 76.0 360.0 -173.0
1625.1 72.0 343.0 -167.0
1628.5 81.0 296.0 -172.0
1631.1 78.0 363.0 -173.0
1631.5 76.0 372.0 -170.0
1632.0 67.0 328.0 -164.0
1633.8 73.0 267.0 -162.0
1633.9 75.0 335.0 -169.0
1637.9 74.0 374.0 -167.0
1637.9 81.0 402.0 -183.0
1638.8 79.0 372.0 -175.0
1639.8 78.0 336.0 -175.0
1642.2 73.0 333.0 -171.0
1644.6 78.0 316.0 -170.0
1646.5 74.0 363.0 -171.0
1649.0 70.0 361.0 -173.0
1649.6 69.0 348.0 -159.0
1652.9 76.0 332.0 -166.0
1654.0 78.0 316.0 -175.0
1657.5 81.0 357.0 -183.0
1659.3 78.0 357.0 -177.0
1660.9 78.0 305.0 -175.0
1663.2 65.0 337.0 -168.0
1664.8 79.0 354.0 -169.0
1665.3 86.0 362.0 -180.0
1666.0 82.0 363.0 -176.0
1668.7 77.0 337.0 -179.0
1670.5 73.0 305.0 -170.0
1681.5 62.0 403.0 -167.0
1685.4 86.0 333.0 -175.0
1694.8 86.0 385.0 -181.0
1695.8 74.0 394.0 -175.0
1696.5 76.0 397.0 -182.0
1704.3 80.0 296.0 -179.0
1722.1 75.0 324.0 -170.0
1728.8 89.0 311.0 -180.0
1730.0 85.0 311.0 -189.0
1731.0 76.0 366.0 -180.0
1737.3 75.0 317.0 -174.0
1751.5 73.0 338.0 -166.0
1752.8 87.0 315.0 -178.0
1782.6 83.0 367.0 -190.0
1784.6 79.0 340.0 -179.0
1815.4 87.0 315.0 -190.0
1820.0 85.0 409.0 -194.0
1825.2 83.0 368.0 -196.0
1832.2 82.0 370.0 -191.0
1840.4 94.0 382.0 -197.0
1845.6 82.0 385.0 -197.0
1862.0 84.0 368.0 -192.0
1862.5 85.0 411.0 -194.0
1870.7 82.0 384.0 -198.0
1896.6 89.0 415.0 -204.0
1896.9 87.0 404.0 -205.0
1907.0 87.0 406.0 -203.0
1909.3 83.0 386.0 -195.0
1911.3 91.0 377.0 -206.0
1912.1 87.0 418.0 -207.0
1920.0 92.0 335.0 -195.0
1924.0 96.0 397.0 -201.0
1928.7 90.0 467.0 -205.0
1934.1 87.0 389.0 -199.0
1938.0 91.0 458.0 -206.0
1939.1 93.0 386.0 -203.0
1946.0 91.0 412.0 -204.0
1947.8 96.0 387.0 -206.0
1955.2 93.0 442.0 -205.0
1956.3 85.0 403.0 -210.0
1960.8 88.0 414.0 -206.0
1963.6 91.0 390.0 -200.0
1964.0 88.0 354.0 -203.0
1976.7 93.0 380.0 -208.0
1978.5 89.0 389.0 -206.0
1978.9 91.0 398.0 -208.0
1983.1 89.0 416.0 -210.0
1983.2 92.0 437.0 -208.0
1987.1 91.0 413.0 -212.0
1993.1 92.0 400.0 -210.0
1996.2 95.0 387.0 -211.0
1997.5 86.0 435.0 -207.0
1998.7 99.0 417.0 -212.0
1999.4 93.0 380.0 -204.0
1999.8 87.0 390.0 -205.0
2000.8 97.0 415.0 -208.0
2005.0 90.0 451.0 -214.0
2006.9 90.0 412.0 -211.0
2006.9 87.0 407.0 -200.0
2008.8 93.0 445.0 -209.0
2012.2 99.0 429.0 -213.0
2013.9 96.0 403.0 -209.0
2014.4 91.0 440.0 -210.0
2014.9 91.0 433.0 -206.0
2017.6 91.0 435.0 -213.0
2017.8 95.0 451.0 -211.0
2020.6 88.0 389.0 -205.0
2021.0 97.0 433.0 -210.0
2021.1 91.0 387.0 -203.0
2023.1 92.0 429.0 -214.0
2024.0 93.0 480.0 -214.0
2025.7 94.0 412.0 -213.0
2029.8 89.0 378.0 -208.0
2033.2 99.0 412.0 -209.0
2035.4 99.0 469.0 -216.0
2039.5 94.0 411.0 -215.0
2041.6 88.0 383.0 -206.0
2045.4 97.0 390.0 -211.0
2047.9 95.0 433.0 -215.0
2048.7 91.0 434.0 -214.0
2050.1 92.0 441.0 -212.0
2052.3 95.0 427.0 -216.0
2054.3 103.0 423.0 -216.0
2055.2 93.0 425.0 -214.0
2056.5 94.0 412.0 -215.0
2058.0 89.0 441.0 -215.0
2058.6 90.0 417.0 -207.0
2059.1 91.0 490.0 -215.0
2062.0 92.0 412.0 -213.0
2063.6 92.0 395.0 -209.0
2064.4 93.0 452.0 -211.0
2069.2 93.0 402.0 -216.0
2069.6 101.0 423.0 -212.0
2071.0 95.0 430.0 -214.0
2071.7 95.0 439.0 -218.0
2074.0 101.0 399.0 -214.0
2074.6 96.0 449.0 -216.0
2076.1 95.0 445.0 -216.0
2085.9 90.0 464.0 -217.0
2100.7 101.0 416.0 -219.0
2103.4 95.0 445.0 -215.0
2107.6 93.0 446.0 -217.0
2118.7 86.0 431.0 -215.0
2120.1 95.0 410.0 -217.0
2120.7 96.0 474.0 -218.0
2124.1 101.0 419.0 -221.0
2128.7 96.0 429.0 -221.0
2129.7 100.0 449.0 -222.0
2133.4 98.0 450.0 -219.0
2137.4 95.0 425.0 -215.0
2143.0 90.0 468.0 -218.0
2173.0 101.0 459.0 -223.0
2192.4 98.0 470.0 -224.0
2223.2 96.0 461.0 -228.0
