7701.35 386.0 3779.0 -770.0
7772.52 393.0 3825.0 -778.0
7882.52 399.0 3835.0 -798.0
7887.23 370.0 3832.0 -793.0
7916.69 382.0 3968.0 -799.0
7940.84 391.0 3837.0 -812.0
7973.38 393.0 3821.0 -802.0
7985.74 385.0 3787.0 -803.0
7994.07 410.0 3938.0 -795.0
8022.86 383.0 3861.0 -801.0
8058.63 404.0 3780.0 -798.0
8065.16 418.0 4061.0 -822.0
8117.59 393.0 3875.0 -815.0
8125.99 393.0 3938.0 -818.0
8136.53 391.0 3849.0 -807.0
8147.55 395.0 3990.0 -815.0
8156.25 394.0 3879.0 -808.0
8171.11 425.0 3919.0 -819.0
8189.77 392.0 3965.0 -826.0
8221.49 427.0 3912.0 -817.0
8250.89 413.0 4075.0 -829.0
8253.46 417.0 3995.0 -823.0
8341.32 419.0 3993.0 -837.0
8416.21 417.0 4019.0 -839.0
8449.16 415.0 3964.0 -829.0
8463.7 426.0 4062.0 -848.0
8522.13 408.0 4193.0 -852.0
8565.05 426.0 4174.0 -855.0
8614.59 431.0 4115.0 -854.0
8663.98 437.0 4140.0 -860.0
