7397.19 347.0 3618.0 -740.0
7951.29 355.0 3830.0 -789.0
7963.37 399.0 3885.0 -796.0
7964.24 384.0 3859.0 -800.0
8027.83 383.0 3868.0 -806.0
8076.5 412.0 4004.0 -808.0
8079.26 404.0 3825.0 -809.0
8086.87 390.0 3969.0 -811.0
8105.31 405.0 3934.0 -809.0
8110.87 394.0 3852.0 -813.0
8116.33 403.0 4026.0 -820.0
8153.44 395.0 3990.0 -811.0
8156.51 404.0 3967.0 -815.0
8159.35 390.0 4045.0 -822.0
8202.06 392.0 3858.0 -820.0
8208.15 429.0 4036.0 -824.0
8213.06 399.0 3996.0 -823.0
8219.12 395.0 4059.0 -818.0
8229.24 396.0 3919.0 -816.0
8266.3 409.0 3908.0 -822.0
8296.71 407.0 3968.0 -829.0
8308.31 402.0 4009.0 -817.0
8312.21 404.0 3988.0 -827.0
8313.09 397.0 4069.0 -834.0
8319.21 417.0 4061.0 -838.0
8330.86 418.0 3979.0 -828.0
8344.48 408.0 4096.0 -840.0
8381.15 407.0 4072.0 -838.0
8480.13 430.0 4177.0 -849.0
8593.96 433.0 4176.0 -857.0
