7768.17 375.0 3881.0 -786.0
7795.57 404.0 3713.0 -789.0
7796.31 413.0 3744.0 -777.0
7833.64 397.0 3840.0 -784.0
7949.14 394.0 3809.0 -805.0
7987.69 401.0 3943.0 -806.0
8037.16 405.0 3889.0 -801.0
8067.12 371.0 4020.0 -799.0
8138.98 389.0 3942.0 -804.0
8163.46 401.0 4163.0 -828.0
8184.05 393.0 3976.0 -816.0
8187.21 387.0 3857.0 -816.0
8191.63 418.0 3909.0 -816.0
8204.37 404.0 3879.0 -815.0
8208.73 410.0 3975.0 -819.0
8239.38 396.0 4088.0 -835.0
8241.36 400.0 3935.0 -824.0
8252.96 420.0 4009.0 -825.0
8263.35 408.0 4017.0 -821.0
8296.84 418.0 4040.0 -825.0
8351.38 403.0 4095.0 -838.0
8353.78 410.0 4049.0 -835.0
8354.94 404.0 4045.0 -839.0
8412.16 423.0 4037.0 -839.0
8424.21 413.0 4204.0 -847.0
8452.33 441.0 4031.0 -845.0
8516.93 429.0 4049.0 -858.0
8534.0 435.0 4212.0 -860.0
8568.25 405.0 4158.0 -852.0
8613.15 412.0 4185.0 -857.0
