7811.3 388.0 3790.0 -785.0
7883.11 387.0 3773.0 -789.0
7912.53 388.0 3752.0 -799.0
7954.6 386.0 3956.0 -802.0
7962.48 394.0 3986.0 -804.0
8033.49 393.0 3888.0 -804.0
8058.92 383.0 3831.0 -805.0
8095.11 373.0 3877.0 -808.0
8095.31 393.0 3842.0 -808.0
8103.35 406.0 4004.0 -819.0
8150.88 409.0 3923.0 -825.0
8152.55 397.0 3944.0 -823.0
8171.78 397.0 4056.0 -812.0
8174.36 396.0 4031.0 -824.0
8175.97 411.0 3966.0 -819.0
8202.95 432.0 3898.0 -818.0
8212.37 416.0 3982.0 -824.0
8227.75 415.0 4057.0 -822.0
8238.29 402.0 4048.0 -829.0
8253.63 420.0 3927.0 -828.0
8278.36 413.0 4136.0 -841.0
8294.05 422.0 4055.0 -836.0
8351.98 417.0 4147.0 -821.0
8369.47 407.0 4023.0 -828.0
8374.17 417.0 4257.0 -846.0
8380.88 424.0 4046.0 -835.0
8401.63 421.0 4007.0 -832.0
8434.18 433.0 3985.0 -840.0
8448.86 422.0 4153.0 -842.0
8495.22 417.0 4188.0 -843.0
