7913.38 381.0 3705.0 -791.0
7994.5 389.0 3825.0 -802.0
7997.29 397.0 3810.0 -801.0
8046.85 405.0 3922.0 -803.0
8072.02 410.0 4017.0 -808.0
8082.6 410.0 4043.0 -812.0
8120.57 397.0 3932.0 -815.0
8122.23 414.0 3990.0 -820.0
8126.31 388.0 3955.0 -810.0
8128.6 407.0 3882.0 -813.0
8137.98 397.0 3941.0 -824.0
8212.94 404.0 3956.0 -818.0
8215.42 412.0 4041.0 -823.0
8216.7 403.0 3984.0 -822.0
8224.48 401.0 3973.0 -816.0
8229.56 402.0 3952.0 -827.0
8241.0 411.0 3941.0 -825.0
8267.09 421.0 3905.0 -822.0
8269.33 392.0 4000.0 -823.0
8310.35 401.0 4025.0 -827.0
8335.5 410.0 4102.0 -835.0
8342.8 409.0 4187.0 -827.0
8365.91 415.0 4002.0 -824.0
8407.45 428.0 4177.0 -848.0
8460.51 431.0 4112.0 -853.0
8471.21 422.0 4120.0 -844.0
8484.94 425.0 4088.0 -849.0
8505.16 427.0 4030.0 -850.0
8547.59 447.0 4117.0 -849.0
8578.73 436.0 4260.0 -868.0
