7646.83 365.0 3685.0 -761.0
7795.7 395.0 3797.0 -782.0
7886.7 399.0 3904.0 -797.0
7891.61 402.0 3789.0 -793.0
7897.93 382.0 3888.0 -797.0
7955.76 395.0 3828.0 -792.0
7985.86 397.0 3853.0 -800.0
8009.4 389.0 3907.0 -805.0
8018.5 413.0 3896.0 -797.0
8062.27 397.0 3786.0 -800.0
8147.18 396.0 3902.0 -814.0
8158.17 413.0 3865.0 -821.0
8173.44 415.0 3969.0 -809.0
8176.59 416.0 3858.0 -813.0
8200.09 427.0 3955.0 -819.0
8218.72 396.0 3997.0 -823.0
8222.76 420.0 4002.0 -825.0
8226.4 402.0 4011.0 -826.0
8257.28 428.0 3913.0 -813.0
8281.67 409.0 4128.0 -833.0
8305.82 399.0 4053.0 -819.0
8308.34 418.0 4146.0 -835.0
8371.11 414.0 4185.0 -845.0
8374.61 421.0 4114.0 -842.0
8386.58 408.0 4094.0 -840.0
8390.82 427.0 4090.0 -835.0
8495.5 420.0 4173.0 -854.0
8566.6 437.0 4049.0 -852.0
8690.11 434.0 4325.0 -870.0
8698.16 426.0 4218.0 -867.0
