2832.0 -7281.6
3037.0 -7830.0
3046.0 -7611.6
3068.0 -7281.6
3094.0 -7519.2
3106.0 -7629.6
3116.0 -7392.0
3120.0 -7960.8
3127.0 -7598.4
3140.0 -7902.0
3151.0 -7928.4
3161.0 -8060.4
3175.0 -7704.0
3180.0 -7743.6
3188.0 -7606.8
3192.0 -7822.8
3201.0 -7858.8
3204.0 -8446.8
3206.0 -7668.0
3220.0 -7884.0
3231.0 -7898.4
3232.0 -7959.6
3234.0 -7988.4
3239.0 -7809.6
3240.0 -7921.2
3240.0 -8480.4
3242.0 -8419.2
3259.0 -8133.6
3262.0 -7909.2
3264.0 -7958.4
3278.0 -8313.6
3280.0 -7947.6
3296.0 -7695.6
3302.0 -7628.4
3310.0 -8179.2
3318.0 -8895.6
3328.0 -8205.6
3329.0 -7875.6
3330.0 -7598.4
3330.0 -8679.6
3348.0 -8253.6
3369.0 -8726.4
3370.0 -8390.4
3387.0 -8238.0
3396.0 -8398.8
3406.0 -8263.2
3410.0 -8690.4
3435.0 -8548.8
3438.0 -8613.6
3463.0 -8827.2
