1111101101110000111100111001100000110000011111001111110101101001101111101001000001101000101101101011
1111000010111101001111111101001010000100010100101111110011110000101111000111101001001010000001110000
1010101001011101101111110111101010011100110100001100000001101110110101010100001011100010001001110101
1110001101001100010011101101111100101100111100101110000101100101111110010101110000001000100100110010
1101001001101101111101111100101110011001110100001010001001010110101101110001001001101011011111000000
1010100001101111010101011001101011011000111111001111010000110101110011010001000101100001011001101011
1111001010010011001111111101001110001001111110100100100001010111111101101100001001100111111000110011
0011010001111110011111111010111101011000111010001101100000110100111111000000101000101001101001101001
1111000010000111010110110000011110111000110111001100110111110100101111110010001001100100001111111101
1111001000010101011111111001100101011000010100001100111011110110111101111011101000101001101000101100
1011000011001011111111001000100110001010101101001111100001000111011100011010001101101001001110111000
1101101001110101010010110100111110100100000111111011111011110111110010111000011000001001101001101111
1111000010100111111011000101011111010110010101100101101111000111100011111110011001101000100101110001
1101001001100111001011101110111101011100101110000000011011000011111101100011000100000110001101110111
1010000001101100100111111010001111011100100001100000110101010001110111101101001111101001011101101101
0101000010101101111111110111111111010100110101000110011011111001100100110101001011001101110100001001
0111111001111001110100111101001011011001001010001111101101001111100111000000001010100001101101100101
1110000001001111001111100100111000110010101111000100111111101110011011001111101001000011111001111011
1001001000100110011011110001111010111000110011101010100001011111100111101111111000001001101010000010
0001001001101101010111110110011011010100001101001101101110110010000110110110101100010001111000101100
1010101011101001101110101011011111001100111010101110100111000110111001010110110000001010100100010001
1001101001101011101010010000111111101000100110001110000111100111111111010110111001100001100101000100
0111111000010110011101100111100110111010101110000111010001001101111110000001110001001010100100011011
1000101001101000110111111111001110001110010000100111001011000101110101011100100001001001001100010011
1101001001101110011011111100101011001001010111001000100111001111111001111000101000001001101000001111
1101000001010000111110111111000111001100110111001111011101111010111011011100111001000001101110001011
1110011001101111111111111001111011101100110101101110000101001111111000000001011001001101100001110101
1000101101100111001011101110100110011011000111001010110101110110001101110010001101100011101100101001
1111111001011110111011100011101100111000000100101010111001000010111111011010111001000001100100100111
0110001001101100110011110111111011101110110110100100101001000110000100001000011101000101111111111001
