13.0 -8.4
13.0 -8.4
13.0 -8.4
13.0 -8.4
13.0 -8.4
13.0 -8.4
13.0 -8.4
13.0 -8.4
13.0 -8.4
13.0 -8.4
13.0 -8.4
13.0 -8.4
13.0 -8.4
13.0 -8.4
13.0 -8.4
13.0 -8.4
13.0 -8.4
13.0 -8.4
13.0 -8.4
13.0 -8.4
13.0 -8.4
13.0 -8.4
13.0 -8.4
13.0 -8.4
13.0 -8.4
13.0 -8.4
13.0 -8.4
13.0 -8.4
13.0 -8.4
13.0 -8.4
13.0 -8.4
13.0 -8.4
13.0 -8.4
13.0 -8.4
13.0 -8.4
13.0 -8.4
13.0 -8.4
13.0 -8.4
13.0 -8.4
13.0 -8.4
13.0 -8.4
13.0 -8.4
13.0 -8.4
13.0 -8.4
13.0 -8.4
13.0 -8.4
13.0 -8.4
13.0 -8.4
13.0 -8.4
13.0 -8.4
13.0 -8.4
13.0 -8.4
13.0 -8.4
13.0 -8.4
13.0 -8.4
13.0 -8.4
13.0 -8.4
13.0 -8.4
13.0 -8.4
13.0 -8.4
13.0 -8.4
13.0 -8.4
13.0 -8.4
13.0 -8.4
13.0 -8.4
13.0 -8.4
13.0 -8.4
13.0 -8.4
13.0 -8.4
13.0 -8.4
13.0 -8.4
13.0 -8.4
13.0 -8.4
13.0 -8.4
13.0 -8.4
13.0 -8.4
13.0 -8.4
13.0 -8.4
13.0 -8.4
13.0 -8.4
13.0 -8.4
13.0 -8.4
13.0 -8.4
13.0 -8.4
13.0 -8.4
13.0 -8.4
13.0 -8.4
13.0 -8.4
13.0 -8.4
13.0 -8.4
13.0 -8.4
13.0 -8.4
13.0 -8.4
13.0 -8.4
29.0 -16.8
29.0 -16.8
31.0 -20.4
31.0 -20.4
31.0 -20.4
31.0 -20.4
31.0 -20.4
31.0 -20.4
31.0 -20.4
31.0 -20.4
31.0 -20.4
31.0 -20.4
31.0 -20.4
31.0 -20.4
31.0 -20.4
31.0 -20.4
31.0 -20.4
31.0 -20.4
31.0 -20.4
31.0 -20.4
31.0 -20.4
31.0 -20.4
31.0 -20.4
31.0 -20.4
31.0 -20.4
31.0 -20.4
31.0 -20.4
31.0 -20.4
31.0 -20.4
31.0 -20.4
31.0 -20.4
31.0 -20.4
31.0 -20.4
31.0 -20.4
31.0 -20.4
31.0 -20.4
31.0 -20.4
31.0 -20.4
31.0 -20.4
31.0 -20.4
31.0 -20.4
31.0 -20.4
31.0 -20.4
31.0 -20.4
31.0 -20.4
31.0 -20.4
31.0 -20.4
31.0 -20.4
31.0 -20.4
31.0 -20.4
31.0 -20.4
31.0 -20.4
31.0 -20.4
31.0 -20.4
31.0 -20.4
31.0 -20.4
31.0 -20.4
31.0 -20.4
31.0 -20.4
31.0 -20.4
31.0 -20.4
31.0 -20.4
31.0 -20.4
31.0 -20.4
31.0 -20.4
31.0 -20.4
31.0 -20.4
31.0 -20.4
36.0 -15.6
45.0 -19.2
45.0 -19.2
47.0 -28.8
47.0 -28.8
47.0 -28.8
47.0 -28.8
47.0 -28.8
47.0 -28.8
47.0 -28.8
47.0 -28.8
53.0 -26.4
55.0 -19.2
55.0 -20.4
61.0 -26.4
63.0 -25.2
64.0 -31.2
64.0 -31.2
64.0 -31.2
64.0 -31.2
64.0 -31.2
68.0 -24.0
72.0 -27.6
72.0 -30.0
72.0 -30.0
72.0 -30.0
72.0 -30.0
72.0 -30.0
72.0 -30.0
72.0 -30.0
72.0 -30.0
72.0 -30.0
72.0 -30.0
75.0 -36.0
78.0 -39.6
78.0 -40.8
79.0 -19.2
79.0 -38.4
80.0 -31.2
82.0 -39.6
82.0 -43.2
82.0 -43.2
82.0 -43.2
82.0 -43.2
82.0 -43.2
82.0 -43.2
82.0 -43.2
82.0 -43.2
82.0 -43.2
82.0 -43.2
82.0 -43.2
84.0 -22.8
85.0 -18.0
85.0 -18.0
85.0 -37.2
88.0 -38.4
89.0 -16.8
90.0 -42.0
90.0 -42.0
90.0 -42.0
90.0 -42.0
90.0 -42.0
90.0 -42.0
91.0 -19.2
91.0 -24.0
94.0 -24.0
95.0 -27.6
95.0 -44.4
97.0 -48.0
98.0 -26.4
99.0 -36.0
99.0 -36.0
99.0 -36.0
99.0 -36.0
99.0 -36.0
102.0 -45.6
103.0 -38.4
104.0 -27.6
106.0 -50.4
106.0 -50.4
106.0 -50.4
106.0 -50.4
107.0 -27.6
107.0 -39.6
107.0 -51.6
109.0 -36.0
109.0 -36.0
110.0 -34.8
110.0 -34.8
110.0 -28.8
110.0 -31.2
110.0 -31.2
113.0 -30.0
114.0 -40.8
114.0 -27.6
114.0 -30.0
114.0 -34.8
114.0 -33.6
114.0 -31.2
114.0 -33.6
114.0 -25.2
114.0 -33.6
114.0 -34.8
114.0 -34.8
115.0 -44.4
115.0 -44.4
115.0 -26.4
116.0 -45.6
116.0 -38.4
116.0 -33.6
116.0 -36.0
117.0 -46.8
117.0 -51.6
117.0 -31.2
117.0 -33.6
117.0 -48.0
117.0 -48.0
117.0 -48.0
117.0 -48.0
117.0 -48.0
117.0 -48.0
117.0 -51.6
119.0 -33.6
120.0 -36.0
120.0 -36.0
121.0 -43.2
121.0 -33.6
121.0 -30.0
121.0 -51.6
121.0 -51.6
123.0 -52.8
123.0 -34.8
123.0 -52.8
125.0 -44.4
126.0 -38.4
126.0 -33.6
127.0 -37.2
128.0 -43.2
128.0 -40.8
129.0 -38.4
129.0 -42.0
129.0 -38.4
130.0 -48.0
130.0 -39.6
130.0 -38.4
130.0 -42.0
130.0 -34.8
130.0 -37.2
131.0 -38.4
132.0 -44.4
132.0 -43.2
132.0 -45.6
133.0 -56.4
133.0 -56.4
133.0 -56.4
133.0 -38.4
133.0 -37.2
133.0 -38.4
134.0 -37.2
134.0 -37.2
134.0 -49.2
135.0 -43.2
135.0 -45.6
136.0 -46.8
136.0 -58.8
137.0 -54.0
137.0 -40.8
137.0 -40.8
137.0 -62.4
139.0 -43.2
139.0 -45.6
139.0 -42.0
140.0 -37.2
140.0 -38.4
140.0 -38.4
141.0 -64.8
141.0 -64.8
141.0 -44.4
141.0 -46.8
141.0 -64.8
141.0 -64.8
141.0 -64.8
141.0 -64.8
141.0 -64.8
141.0 -64.8
141.0 -64.8
141.0 -64.8
142.0 -46.8
142.0 -39.6
144.0 -50.4
144.0 -37.2
144.0 -34.8
145.0 -48.0
145.0 -45.6
145.0 -45.6
146.0 -44.4
147.0 -50.4
147.0 -50.4
148.0 -54.0
148.0 -51.6
149.0 -39.6
149.0 -43.2
150.0 -40.8
150.0 -40.8
150.0 -44.4
152.0 -48.0
155.0 -54.0
157.0 -54.0
158.0 -52.8
158.0 -49.2
158.0 -52.8
159.0 -44.4
160.0 -54.0
160.0 -54.0
160.0 -54.0
160.0 -46.8
161.0 -66.0
161.0 -51.6
162.0 -48.0
163.0 -57.6
163.0 -56.4
164.0 -57.6
164.0 -52.8
164.0 -52.8
165.0 -50.4
166.0 -49.2
167.0 -43.2
168.0 -51.6
168.0 -54.0
168.0 -70.8
170.0 -57.6
171.0 -52.8
171.0 -56.4
171.0 -55.2
172.0 -50.4
174.0 -60.0
175.0 -51.6
175.0 -51.6
176.0 -49.2
178.0 -54.0
179.0 -60.0
180.0 -64.8
180.0 -54.0
180.0 -62.4
181.0 -56.4
184.0 -73.2
185.0 -56.4
185.0 -80.4
186.0 -66.0
186.0 -64.8
186.0 -61.2
190.0 -74.4
190.0 -64.8
190.0 -60.0
190.0 -64.8
190.0 -64.8
191.0 -68.4
191.0 -81.6
192.0 -78.0
193.0 -60.0
196.0 -62.4
196.0 -81.6
198.0 -63.6
199.0 -60.0
200.0 -68.4
201.0 -62.4
203.0 -72.0
204.0 -61.2
207.0 -57.6
208.0 -68.4
211.0 -85.2
212.0 -69.6
213.0 -72.0
215.0 -86.4
216.0 -69.6
219.0 -82.8
221.0 -73.2
221.0 -70.8
222.0 -66.0
227.0 -92.4
227.0 -92.4
229.0 -80.4
231.0 -93.6
238.0 -73.2
241.0 -81.6
245.0 -69.6
256.0 -84.0
257.0 -81.6
262.0 -88.8
266.0 -84.0
275.0 -93.6
276.0 -92.4
278.0 -87.6
282.0 -75.6
285.0 -97.2
291.0 -80.4
301.0 -114.0
304.0 -117.6
370.0 -108.0
370.0 -108.0
388.0 -120.0
388.0 -120.0
388.0 -120.0
388.0 -120.0
388.0 -120.0
388.0 -120.0
388.0 -120.0
388.0 -120.0
388.0 -120.0
388.0 -120.0
391.0 -114.0
404.0 -121.2
405.0 -122.4
405.0 -122.4
406.0 -115.2
414.0 -122.4
417.0 -124.8
418.0 -126.0
423.0 -134.4
423.0 -134.4
423.0 -134.4
423.0 -134.4
423.0 -134.4
423.0 -134.4
429.0 -129.6
429.0 -129.6
434.0 -130.8
437.0 -121.2
447.0 -124.8
447.0 -141.6
451.0 -115.2
456.0 -130.8
456.0 -135.6
460.0 -134.4
461.0 -139.2
463.0 -130.8
464.0 -129.6
464.0 -144.0
465.0 -132.0
466.0 -140.4
471.0 -129.6
473.0 -141.6
479.0 -154.8
479.0 -154.8
479.0 -154.8
479.0 -154.8
479.0 -154.8
479.0 -154.8
479.0 -154.8
479.0 -154.8
479.0 -154.8
479.0 -154.8
479.0 -154.8
479.0 -154.8
479.0 -154.8
479.0 -154.8
479.0 -154.8
479.0 -154.8
479.0 -154.8
479.0 -154.8
481.0 -135.6
482.0 -156.0
482.0 -156.0
484.0 -138.0
490.0 -145.2
491.0 -146.4
495.0 -142.8
498.0 -152.4
499.0 -153.6
500.0 -152.4
504.0 -162.0
505.0 -158.4
507.0 -151.2
509.0 -159.6
510.0 -154.8
511.0 -159.6
513.0 -160.8
520.0 -164.4
520.0 -164.4
531.0 -156.0
534.0 -168.0
536.0 -172.8
538.0 -176.4
538.0 -176.4
538.0 -176.4
538.0 -176.4
538.0 -176.4
538.0 -176.4
538.0 -176.4
538.0 -176.4
538.0 -176.4
538.0 -176.4
538.0 -176.4
538.0 -176.4
538.0 -176.4
538.0 -176.4
538.0 -176.4
538.0 -176.4
538.0 -176.4
538.0 -176.4
538.0 -176.4
538.0 -176.4
543.0 -158.4
547.0 -158.4
547.0 -174.0
547.0 -170.4
549.0 -175.2
549.0 -174.0
550.0 -177.6
559.0 -181.2
561.0 -150.0
562.0 -182.4
565.0 -182.4
565.0 -182.4
565.0 -182.4
565.0 -182.4
565.0 -182.4
565.0 -182.4
565.0 -182.4
565.0 -182.4
565.0 -182.4
571.0 -175.2
578.0 -170.4
586.0 -182.4
590.0 -166.8
590.0 -174.0
592.0 -177.6
593.0 -171.6
594.0 -177.6
595.0 -176.4
598.0 -182.4
600.0 -187.2
601.0 -169.2
602.0 -172.8
602.0 -182.4
603.0 -188.4
604.0 -184.8
606.0 -192.0
606.0 -192.0
606.0 -192.0
609.0 -178.8
609.0 -193.2
611.0 -176.4
612.0 -180.0
624.0 -176.4
624.0 -200.4
624.0 -204.0
624.0 -204.0
624.0 -204.0
624.0 -204.0
624.0 -204.0
624.0 -204.0
624.0 -204.0
624.0 -204.0
624.0 -204.0
624.0 -204.0
627.0 -186.0
628.0 -172.8
631.0 -196.8
634.0 -188.4
634.0 -181.2
648.0 -201.6
652.0 -196.8
654.0 -195.6
656.0 -193.2
656.0 -205.2
660.0 -211.2
681.0 -202.8
684.0 -199.2
684.0 -218.4
686.0 -206.4
688.0 -212.4
724.0 -219.6
731.0 -220.8
743.0 -222.0
799.0 -231.6
821.0 -253.2
875.0 -261.6
876.0 -266.4
879.0 -262.8
886.0 -261.6
889.0 -268.8
889.0 -270.0
889.0 -270.0
889.0 -270.0
891.0 -266.4
895.0 -270.0
895.0 -270.0
896.0 -266.4
904.0 -268.8
904.0 -270.0
908.0 -273.6
908.0 -272.4
910.0 -271.2
913.0 -268.8
914.0 -273.6
914.0 -271.2
914.0 -273.6
914.0 -272.4
914.0 -272.4
915.0 -271.2
916.0 -270.0
921.0 -271.2
924.0 -268.8
925.0 -274.8
925.0 -273.6
925.0 -274.8
927.0 -271.2
927.0 -276.0
927.0 -272.4
927.0 -274.8
927.0 -274.8
927.0 -272.4
927.0 -272.4
927.0 -276.0
929.0 -273.6
933.0 -274.8
933.0 -276.0
933.0 -267.6
933.0 -276.0
933.0 -274.8
933.0 -276.0
934.0 -273.6
938.0 -274.8
940.0 -276.0
940.0 -273.6
944.0 -278.4
944.0 -278.4
944.0 -278.4
946.0 -276.0
946.0 -279.6
946.0 -278.4
946.0 -279.6
946.0 -276.0
946.0 -279.6
946.0 -278.4
948.0 -277.2
948.0 -276.0
950.0 -278.4
950.0 -278.4
952.0 -279.6
952.0 -278.4
952.0 -279.6
952.0 -279.6
952.0 -279.6
952.0 -279.6
957.0 -276.0
958.0 -278.4
959.0 -278.4
959.0 -277.2
959.0 -278.4
961.0 -278.4
962.0 -274.8
963.0 -282.0
963.0 -282.0
963.0 -282.0
963.0 -282.0
965.0 -282.0
965.0 -282.0
965.0 -282.0
965.0 -282.0
966.0 -277.2
968.0 -279.6
968.0 -279.6
969.0 -280.8
969.0 -282.0
969.0 -282.0
969.0 -282.0
969.0 -282.0
969.0 -282.0
971.0 -282.0
971.0 -282.0
971.0 -283.2
971.0 -283.2
971.0 -282.0
971.0 -283.2
971.0 -283.2
971.0 -283.2
971.0 -283.2
971.0 -283.2
971.0 -283.2
971.0 -283.2
971.0 -283.2
971.0 -283.2
971.0 -283.2
971.0 -283.2
971.0 -283.2
971.0 -283.2
971.0 -283.2
971.0 -283.2
971.0 -283.2
971.0 -283.2
971.0 -283.2
971.0 -283.2
971.0 -283.2
971.0 -283.2
971.0 -283.2
971.0 -283.2
971.0 -283.2
971.0 -283.2
971.0 -283.2
971.0 -283.2
971.0 -283.2
971.0 -283.2
971.0 -283.2
971.0 -283.2
971.0 -283.2
971.0 -283.2
971.0 -283.2
971.0 -283.2
971.0 -283.2
971.0 -283.2
971.0 -283.2
971.0 -283.2
971.0 -283.2
971.0 -283.2
971.0 -283.2
971.0 -283.2
971.0 -283.2
971.0 -283.2
971.0 -283.2
971.0 -283.2
971.0 -283.2
971.0 -283.2
971.0 -283.2
971.0 -283.2
971.0 -283.2
971.0 -283.2
971.0 -283.2
971.0 -283.2
971.0 -283.2
971.0 -283.2
971.0 -283.2
971.0 -283.2
971.0 -283.2
971.0 -283.2
971.0 -283.2
971.0 -283.2
971.0 -283.2
971.0 -283.2
971.0 -283.2
971.0 -283.2
971.0 -283.2
971.0 -283.2
971.0 -283.2
971.0 -283.2
971.0 -283.2
971.0 -283.2
971.0 -283.2
971.0 -283.2
971.0 -283.2
971.0 -283.2
971.0 -283.2
971.0 -283.2
971.0 -283.2
971.0 -283.2
971.0 -283.2
971.0 -283.2
971.0 -283.2
971.0 -283.2
971.0 -283.2
971.0 -283.2
971.0 -283.2
971.0 -283.2
971.0 -283.2
971.0 -283.2
971.0 -283.2
971.0 -283.2
971.0 -283.2
971.0 -283.2
971.0 -283.2
971.0 -283.2
971.0 -283.2
971.0 -283.2
971.0 -283.2
971.0 -283.2
971.0 -283.2
971.0 -283.2
971.0 -283.2
971.0 -283.2
971.0 -283.2
971.0 -283.2
971.0 -283.2
971.0 -283.2
971.0 -283.2
971.0 -283.2
971.0 -283.2
971.0 -283.2
971.0 -283.2
971.0 -283.2
971.0 -283.2
971.0 -283.2
971.0 -283.2
971.0 -283.2
971.0 -283.2
971.0 -283.2
971.0 -283.2
971.0 -283.2
971.0 -283.2
971.0 -283.2
971.0 -283.2
971.0 -283.2
971.0 -283.2
971.0 -283.2
971.0 -283.2
971.0 -283.2
971.0 -283.2
971.0 -283.2
971.0 -283.2
971.0 -283.2
971.0 -283.2
971.0 -283.2
971.0 -283.2
971.0 -283.2
971.0 -283.2
971.0 -283.2
971.0 -283.2
971.0 -283.2
971.0 -283.2
971.0 -283.2
971.0 -283.2
971.0 -283.2
971.0 -283.2
971.0 -283.2
971.0 -283.2
971.0 -283.2
971.0 -283.2
971.0 -283.2
971.0 -283.2
971.0 -283.2
971.0 -283.2
971.0 -283.2
971.0 -283.2
971.0 -283.2
971.0 -283.2
971.0 -283.2
971.0 -283.2
971.0 -283.2
971.0 -283.2
971.0 -283.2
971.0 -283.2
971.0 -283.2
971.0 -283.2
971.0 -283.2
971.0 -283.2
971.0 -283.2
971.0 -283.2
971.0 -283.2
971.0 -283.2
971.0 -283.2
971.0 -283.2
971.0 -283.2
971.0 -283.2
971.0 -283.2
972.0 -276.0
976.0 -280.8
982.0 -284.4
982.0 -284.4
982.0 -284.4
982.0 -280.8
982.0 -284.4
982.0 -284.4
982.0 -284.4
983.0 -278.4
988.0 -284.4
988.0 -285.6
988.0 -285.6
988.0 -285.6
988.0 -285.6
988.0 -284.4
988.0 -285.6
988.0 -284.4
988.0 -285.6
988.0 -285.6
988.0 -285.6
990.0 -285.6
990.0 -285.6
994.0 -284.4
997.0 -283.2
997.0 -283.2
999.0 -284.4
999.0 -284.4
1001.0 -283.2
1004.0 -284.4
1007.0 -288.0
1007.0 -288.0
1007.0 -288.0
1007.0 -288.0
1007.0 -288.0
1007.0 -288.0
1007.0 -288.0
1007.0 -288.0
1007.0 -288.0
1011.0 -283.2
1018.0 -286.8
1018.0 -286.8
1022.0 -285.6
1025.0 -279.6
1025.0 -283.2
1031.0 -289.2
1035.0 -289.2
1048.0 -290.4
1049.0 -289.2
1050.0 -291.6
1061.0 -292.8
1061.0 -292.8
1067.0 -294.0
1067.0 -294.0
1067.0 -294.0
1067.0 -294.0
1080.0 -295.2
1080.0 -295.2
1086.0 -296.4
1095.0 -289.2
1099.0 -298.8
1099.0 -298.8
1100.0 -294.0
1103.0 -297.6
1105.0 -294.0
1105.0 -298.8
1105.0 -298.8
1110.0 -296.4
1111.0 -298.8
1111.0 -298.8
1111.0 -295.2
1112.0 -296.4
1116.0 -301.2
1116.0 -301.2
1116.0 -301.2
1116.0 -301.2
1116.0 -301.2
1116.0 -301.2
1118.0 -301.2
1118.0 -301.2
1118.0 -301.2
1118.0 -301.2
1120.0 -298.8
1120.0 -298.8
1120.0 -298.8
1122.0 -297.6
1122.0 -300.0
1122.0 -300.0
1123.0 -292.8
1123.0 -296.4
1123.0 -298.8
1123.0 -292.8
1124.0 -302.4
1124.0 -302.4
1124.0 -302.4
1124.0 -302.4
1124.0 -302.4
1124.0 -302.4
1124.0 -302.4
1124.0 -302.4
1124.0 -302.4
1124.0 -302.4
1124.0 -302.4
1124.0 -302.4
1124.0 -302.4
1124.0 -302.4
1124.0 -302.4
1124.0 -302.4
1124.0 -302.4
1124.0 -302.4
1124.0 -302.4
1124.0 -302.4
1124.0 -302.4
1124.0 -302.4
1124.0 -302.4
1124.0 -302.4
1124.0 -302.4
1124.0 -302.4
1124.0 -302.4
1124.0 -302.4
1124.0 -302.4
1124.0 -302.4
1124.0 -302.4
1124.0 -302.4
1125.0 -296.4
1128.0 -294.0
1128.0 -301.2
1129.0 -296.4
1135.0 -303.6
1135.0 -303.6
1135.0 -303.6
1135.0 -296.4
1135.0 -300.0
1135.0 -303.6
1135.0 -303.6
1135.0 -303.6
1135.0 -303.6
1137.0 -300.0
1139.0 -301.2
1139.0 -301.2
1141.0 -304.8
1141.0 -304.8
1141.0 -304.8
1141.0 -304.8
1141.0 -304.8
1141.0 -304.8
1141.0 -304.8
1141.0 -304.8
1141.0 -304.8
1141.0 -304.8
1141.0 -304.8
1141.0 -304.8
1141.0 -304.8
1141.0 -304.8
1141.0 -304.8
1141.0 -304.8
1141.0 -304.8
1141.0 -304.8
1141.0 -304.8
1141.0 -304.8
1141.0 -304.8
1141.0 -304.8
1141.0 -304.8
1141.0 -304.8
1141.0 -304.8
1141.0 -304.8
1141.0 -304.8
1141.0 -304.8
1141.0 -304.8
1142.0 -295.2
1143.0 -304.8
1143.0 -304.8
1143.0 -304.8
1143.0 -304.8
1143.0 -304.8
1143.0 -304.8
1143.0 -304.8
1143.0 -304.8
1143.0 -304.8
1143.0 -304.8
1143.0 -304.8
1143.0 -304.8
1143.0 -304.8
1143.0 -304.8
1143.0 -304.8
1143.0 -304.8
1147.0 -303.6
1147.0 -297.6
1148.0 -302.4
1150.0 -301.2
1152.0 -303.6
1152.0 -303.6
1152.0 -303.6
1155.0 -301.2
1158.0 -303.6
1158.0 -300.0
1160.0 -307.2
1160.0 -307.2
1160.0 -307.2
1160.0 -307.2
1160.0 -307.2
1160.0 -307.2
1160.0 -307.2
1160.0 -307.2
1160.0 -307.2
1160.0 -307.2
1160.0 -307.2
1160.0 -307.2
1160.0 -307.2
1160.0 -307.2
1160.0 -307.2
1160.0 -307.2
1160.0 -307.2
1160.0 -307.2
1160.0 -307.2
1160.0 -307.2
1160.0 -307.2
1160.0 -307.2
1160.0 -307.2
1160.0 -307.2
1160.0 -307.2
1160.0 -307.2
1160.0 -307.2
1160.0 -307.2
1160.0 -307.2
1160.0 -307.2
1160.0 -307.2
1160.0 -307.2
1160.0 -307.2
1160.0 -307.2
1160.0 -307.2
1160.0 -307.2
1160.0 -307.2
1160.0 -307.2
1160.0 -307.2
1160.0 -307.2
1160.0 -307.2
1160.0 -307.2
1160.0 -307.2
1160.0 -307.2
1160.0 -307.2
1160.0 -307.2
1160.0 -307.2
1160.0 -307.2
1160.0 -307.2
1160.0 -307.2
1160.0 -307.2
1160.0 -307.2
1160.0 -307.2
1160.0 -307.2
1160.0 -307.2
1160.0 -307.2
1160.0 -307.2
1160.0 -307.2
1160.0 -307.2
1160.0 -307.2
1160.0 -307.2
1160.0 -307.2
1160.0 -307.2
1160.0 -307.2
1160.0 -307.2
1160.0 -307.2
1160.0 -307.2
1160.0 -307.2
1160.0 -307.2
1160.0 -307.2
1160.0 -307.2
1160.0 -307.2
1160.0 -307.2
1160.0 -307.2
1160.0 -307.2
1160.0 -307.2
1160.0 -307.2
1160.0 -307.2
1160.0 -307.2
1160.0 -307.2
1160.0 -307.2
1160.0 -307.2
1160.0 -307.2
1160.0 -307.2
1160.0 -307.2
1160.0 -307.2
1160.0 -307.2
1160.0 -307.2
1160.0 -307.2
1160.0 -307.2
1160.0 -307.2
1160.0 -307.2
1160.0 -307.2
1160.0 -307.2
1160.0 -307.2
1160.0 -307.2
1160.0 -307.2
1160.0 -307.2
1160.0 -307.2
1160.0 -307.2
1160.0 -307.2
1160.0 -307.2
1160.0 -307.2
1160.0 -307.2
1160.0 -307.2
1160.0 -307.2
1160.0 -307.2
1160.0 -307.2
1160.0 -307.2
1160.0 -307.2
1160.0 -307.2
1160.0 -307.2
1160.0 -307.2
1160.0 -307.2
1160.0 -307.2
1160.0 -307.2
1160.0 -307.2
1160.0 -307.2
1160.0 -307.2
1160.0 -307.2
1160.0 -307.2
1160.0 -307.2
1160.0 -307.2
1160.0 -307.2
1160.0 -307.2
1160.0 -307.2
1160.0 -307.2
1160.0 -307.2
1160.0 -307.2
1160.0 -307.2
1160.0 -307.2
1160.0 -307.2
1160.0 -307.2
1160.0 -307.2
1160.0 -307.2
1160.0 -307.2
1160.0 -307.2
1160.0 -307.2
1160.0 -307.2
1160.0 -307.2
1160.0 -307.2
1160.0 -307.2
1160.0 -307.2
1160.0 -307.2
1160.0 -307.2
1160.0 -307.2
1160.0 -307.2
1160.0 -307.2
1160.0 -307.2
1160.0 -307.2
1160.0 -307.2
1160.0 -307.2
1160.0 -307.2
1160.0 -307.2
1160.0 -307.2
1160.0 -307.2
1160.0 -307.2
1160.0 -307.2
1160.0 -307.2
1160.0 -307.2
1160.0 -307.2
1160.0 -307.2
1160.0 -307.2
1160.0 -307.2
1160.0 -307.2
1160.0 -307.2
1160.0 -307.2
1160.0 -307.2
1160.0 -307.2
1160.0 -307.2
1160.0 -307.2
1160.0 -307.2
1160.0 -307.2
1160.0 -307.2
1160.0 -307.2
1160.0 -307.2
1160.0 -307.2
1160.0 -307.2
1160.0 -307.2
1160.0 -307.2
1160.0 -307.2
1160.0 -307.2
1160.0 -307.2
1160.0 -307.2
1160.0 -307.2
1160.0 -307.2
1160.0 -307.2
1160.0 -307.2
1160.0 -307.2
1160.0 -307.2
1160.0 -307.2
1160.0 -307.2
1160.0 -307.2
1160.0 -307.2
1160.0 -307.2
1160.0 -307.2
1160.0 -307.2
1160.0 -307.2
1160.0 -307.2
1160.0 -307.2
1160.0 -307.2
1160.0 -307.2
1160.0 -307.2
1160.0 -307.2
1160.0 -307.2
1160.0 -307.2
1160.0 -307.2
1160.0 -307.2
1160.0 -307.2
1160.0 -307.2
1160.0 -307.2
1160.0 -307.2
1160.0 -307.2
1160.0 -307.2
1160.0 -307.2
1160.0 -307.2
1160.0 -307.2
1160.0 -307.2
1160.0 -307.2
1162.0 -301.2
1169.0 -306.0
1169.0 -306.0
1169.0 -306.0
1169.0 -306.0
1169.0 -306.0
1171.0 -301.2
1171.0 -300.0
1171.0 -306.0
1171.0 -303.6
1171.0 -302.4
1171.0 -306.0
1171.0 -306.0
1175.0 -301.2
1177.0 -302.4
1177.0 -307.2
1177.0 -307.2
1177.0 -302.4
1177.0 -307.2
1178.0 -301.2
1179.0 -304.8
1179.0 -301.2
1181.0 -306.0
1181.0 -306.0
1181.0 -306.0
1185.0 -306.0
1188.0 -308.4
1188.0 -308.4
1188.0 -308.4
1188.0 -308.4
1188.0 -308.4
1188.0 -308.4
1188.0 -308.4
1188.0 -304.8
1188.0 -304.8
1190.0 -306.0
1190.0 -301.2
1194.0 -309.6
1194.0 -309.6
1194.0 -309.6
1194.0 -309.6
1194.0 -309.6
1194.0 -309.6
1194.0 -309.6
1194.0 -309.6
1194.0 -309.6
1194.0 -309.6
1194.0 -309.6
1194.0 -309.6
1194.0 -309.6
1194.0 -309.6
1194.0 -309.6
1194.0 -309.6
1194.0 -309.6
1194.0 -309.6
1194.0 -309.6
1194.0 -309.6
1194.0 -309.6
1195.0 -300.0
1195.0 -300.0
1195.0 -300.0
1196.0 -309.6
1196.0 -309.6
1196.0 -309.6
1196.0 -307.2
1196.0 -309.6
1196.0 -309.6
1196.0 -309.6
1196.0 -307.2
1196.0 -309.6
1196.0 -309.6
1196.0 -307.2
1196.0 -307.2
1196.0 -309.6
1197.0 -303.6
1198.0 -304.8
1199.0 -301.2
1200.0 -308.4
1200.0 -308.4
1201.0 -307.2
1201.0 -307.2
1202.0 -308.4
1202.0 -308.4
1202.0 -306.0
1204.0 -308.4
1204.0 -308.4
1204.0 -308.4
1204.0 -308.4
1207.0 -307.2
1208.0 -307.2
1210.0 -307.2
1211.0 -306.0
1211.0 -302.4
1213.0 -312.0
1213.0 -312.0
1213.0 -312.0
1213.0 -312.0
1213.0 -312.0
1213.0 -312.0
1213.0 -312.0
1213.0 -312.0
1213.0 -312.0
1213.0 -312.0
1213.0 -312.0
1213.0 -312.0
1213.0 -312.0
1213.0 -312.0
1213.0 -312.0
1213.0 -312.0
1213.0 -312.0
1213.0 -312.0
1213.0 -312.0
1213.0 -312.0
1213.0 -312.0
1213.0 -312.0
1213.0 -312.0
1213.0 -312.0
1213.0 -312.0
1213.0 -312.0
1213.0 -312.0
1213.0 -312.0
1213.0 -312.0
1213.0 -312.0
1213.0 -312.0
1213.0 -312.0
1213.0 -312.0
1213.0 -312.0
1213.0 -312.0
1213.0 -312.0
1213.0 -312.0
1213.0 -312.0
1213.0 -312.0
1213.0 -312.0
1213.0 -312.0
1213.0 -312.0
1213.0 -312.0
1213.0 -312.0
1213.0 -312.0
1213.0 -312.0
1213.0 -312.0
1213.0 -312.0
1213.0 -312.0
1213.0 -312.0
1213.0 -312.0
1213.0 -312.0
1213.0 -312.0
1213.0 -312.0
1213.0 -312.0
1213.0 -312.0
1213.0 -312.0
1213.0 -312.0
1213.0 -312.0
1213.0 -312.0
1213.0 -312.0
1213.0 -312.0
1213.0 -312.0
1213.0 -312.0
1213.0 -312.0
1213.0 -312.0
1213.0 -312.0
1213.0 -312.0
1213.0 -312.0
1213.0 -312.0
1213.0 -312.0
1213.0 -312.0
1213.0 -312.0
1213.0 -312.0
1213.0 -312.0
1213.0 -312.0
1213.0 -312.0
1213.0 -312.0
1213.0 -312.0
1213.0 -312.0
1213.0 -312.0
1213.0 -312.0
1213.0 -312.0
1213.0 -312.0
1213.0 -312.0
1213.0 -312.0
1213.0 -312.0
1213.0 -312.0
1213.0 -312.0
1213.0 -312.0
1213.0 -312.0
1213.0 -312.0
1213.0 -312.0
1213.0 -312.0
1213.0 -312.0
1213.0 -312.0
1213.0 -312.0
1213.0 -312.0
1213.0 -312.0
1213.0 -312.0
1213.0 -312.0
1213.0 -312.0
1213.0 -312.0
1213.0 -312.0
1213.0 -312.0
1213.0 -312.0
1213.0 -312.0
1213.0 -312.0
1213.0 -312.0
1213.0 -312.0
1213.0 -312.0
1213.0 -312.0
1213.0 -312.0
1213.0 -312.0
1213.0 -312.0
1213.0 -312.0
1213.0 -312.0
1213.0 -312.0
1213.0 -312.0
1213.0 -312.0
1213.0 -312.0
1213.0 -312.0
1213.0 -312.0
1213.0 -312.0
1213.0 -312.0
1213.0 -312.0
1213.0 -312.0
1213.0 -312.0
1213.0 -312.0
1213.0 -312.0
1213.0 -312.0
1213.0 -312.0
1213.0 -312.0
1213.0 -312.0
1213.0 -312.0
1213.0 -312.0
1213.0 -312.0
1213.0 -312.0
1213.0 -312.0
1213.0 -312.0
1213.0 -312.0
1213.0 -312.0
1213.0 -312.0
1213.0 -312.0
1213.0 -312.0
1213.0 -312.0
1213.0 -312.0
1213.0 -312.0
1213.0 -312.0
1213.0 -312.0
1213.0 -312.0
1213.0 -312.0
1213.0 -312.0
1213.0 -312.0
1213.0 -312.0
1213.0 -312.0
1213.0 -312.0
1213.0 -312.0
1213.0 -312.0
1213.0 -312.0
1213.0 -312.0
1213.0 -312.0
1213.0 -312.0
1213.0 -312.0
1213.0 -312.0
1213.0 -312.0
1213.0 -312.0
1213.0 -312.0
1213.0 -312.0
1213.0 -312.0
1213.0 -312.0
1213.0 -312.0
1213.0 -312.0
1213.0 -312.0
1213.0 -312.0
1213.0 -312.0
1213.0 -312.0
1213.0 -312.0
1213.0 -312.0
1213.0 -312.0
1213.0 -312.0
1213.0 -312.0
1213.0 -312.0
1213.0 -312.0
1213.0 -312.0
1213.0 -312.0
1213.0 -312.0
1213.0 -312.0
1213.0 -312.0
1213.0 -312.0
1213.0 -312.0
1213.0 -312.0
1213.0 -312.0
1213.0 -312.0
1213.0 -312.0
1213.0 -312.0
1213.0 -312.0
1213.0 -312.0
1213.0 -312.0
1213.0 -312.0
1213.0 -312.0
1213.0 -312.0
1213.0 -312.0
1213.0 -312.0
1213.0 -312.0
1213.0 -312.0
1213.0 -312.0
1213.0 -312.0
1213.0 -312.0
1213.0 -312.0
1213.0 -312.0
1213.0 -312.0
1213.0 -312.0
1213.0 -312.0
1213.0 -312.0
1213.0 -312.0
1213.0 -312.0
1213.0 -312.0
1213.0 -312.0
1213.0 -312.0
1213.0 -312.0
1213.0 -312.0
1213.0 -312.0
1213.0 -312.0
1213.0 -312.0
1213.0 -312.0
1213.0 -312.0
1213.0 -312.0
1213.0 -312.0
1213.0 -312.0
1213.0 -312.0
1215.0 -309.6
1215.0 -302.4
1215.0 -297.6
1217.0 -304.8
1221.0 -310.8
1221.0 -310.8
1221.0 -310.8
1221.0 -310.8
1221.0 -310.8
1223.0 -310.8
1223.0 -310.8
1223.0 -310.8
1223.0 -310.8
1223.0 -310.8
1223.0 -310.8
1223.0 -310.8
1227.0 -309.6
1228.0 -308.4
1230.0 -309.6
1234.0 -306.0
1234.0 -309.6
1234.0 -309.6
1234.0 -309.6
1234.0 -309.6
1237.0 -307.2
1238.0 -308.4
1238.0 -310.8
1238.0 -309.6
1240.0 -313.2
1240.0 -313.2
1240.0 -313.2
1240.0 -313.2
1240.0 -310.8
1240.0 -313.2
1240.0 -313.2
1240.0 -313.2
1240.0 -313.2
1243.0 -308.4
1244.0 -306.0
1246.0 -301.2
1247.0 -304.8
1249.0 -312.0
1249.0 -312.0
1249.0 -312.0
1249.0 -312.0
1251.0 -312.0
1251.0 -312.0
1251.0 -312.0
1251.0 -312.0
1251.0 -312.0
1252.0 -308.4
1253.0 -309.6
1253.0 -309.6
1253.0 -309.6
1255.0 -310.8
1255.0 -313.2
1255.0 -313.2
1255.0 -313.2
1257.0 -313.2
1257.0 -313.2
1257.0 -313.2
1257.0 -313.2
1259.0 -313.2
1259.0 -313.2
1259.0 -313.2
1259.0 -313.2
1259.0 -313.2
1259.0 -310.8
1259.0 -310.8
1261.0 -312.0
1261.0 -312.0
1261.0 -312.0
1261.0 -312.0
1261.0 -312.0
1265.0 -312.0
1265.0 -306.0
1265.0 -308.4
1267.0 -312.0
1267.0 -312.0
1267.0 -312.0
1268.0 -314.4
1269.0 -310.8
1270.0 -312.0
1274.0 -315.6
1274.0 -315.6
1274.0 -315.6
1274.0 -315.6
1274.0 -315.6
1274.0 -315.6
1274.0 -315.6
1274.0 -315.6
1274.0 -315.6
1274.0 -315.6
1274.0 -315.6
1274.0 -315.6
1274.0 -315.6
1274.0 -315.6
1274.0 -315.6
1276.0 -313.2
1276.0 -315.6
1276.0 -315.6
1276.0 -315.6
1276.0 -315.6
1276.0 -315.6
1276.0 -315.6
1276.0 -315.6
1276.0 -315.6
1276.0 -315.6
1276.0 -313.2
1276.0 -315.6
1282.0 -308.4
1284.0 -314.4
1284.0 -314.4
1284.0 -314.4
1288.0 -313.2
1293.0 -318.0
1293.0 -318.0
1293.0 -318.0
1293.0 -303.6
1293.0 -318.0
1293.0 -318.0
1293.0 -318.0
1293.0 -318.0
1293.0 -318.0
1293.0 -318.0
1293.0 -318.0
1293.0 -318.0
1299.0 -312.0
1299.0 -304.8
1300.0 -308.4
1301.0 -316.8
1301.0 -309.6
1301.0 -316.8
1301.0 -316.8
1301.0 -313.2
1301.0 -316.8
1301.0 -316.8
1303.0 -316.8
1303.0 -316.8
1303.0 -316.8
1303.0 -316.8
1305.0 -313.2
1306.0 -307.2
1307.0 -313.2
1307.0 -313.2
1310.0 -315.6
1312.0 -313.2
1318.0 -316.8
1318.0 -316.8
1318.0 -316.8
1320.0 -316.8
1320.0 -314.4
1320.0 -316.8
1320.0 -316.8
1323.0 -314.4
1324.0 -315.6
1324.0 -315.6
1324.0 -315.6
1329.0 -318.0
1329.0 -314.4
1329.0 -313.2
1329.0 -318.0
1329.0 -318.0
1329.0 -318.0
1329.0 -318.0
1331.0 -318.0
1331.0 -315.6
1331.0 -318.0
1333.0 -315.6
1333.0 -315.6
1333.0 -315.6
1335.0 -319.2
1335.0 -319.2
1335.0 -319.2
1335.0 -319.2
1337.0 -313.2
1337.0 -319.2
1337.0 -319.2
1337.0 -319.2
1337.0 -319.2
1337.0 -319.2
1337.0 -319.2
1337.0 -319.2
1337.0 -319.2
1337.0 -319.2
1337.0 -319.2
1337.0 -319.2
1337.0 -319.2
1337.0 -319.2
1337.0 -319.2
1337.0 -319.2
1337.0 -319.2
1337.0 -319.2
1337.0 -319.2
1337.0 -319.2
1337.0 -319.2
1337.0 -319.2
1337.0 -319.2
1337.0 -319.2
1337.0 -319.2
1337.0 -319.2
1337.0 -319.2
1337.0 -319.2
1337.0 -319.2
1337.0 -319.2
1337.0 -319.2
1337.0 -319.2
1338.0 -314.4
1339.0 -319.2
1339.0 -319.2
1339.0 -319.2
1339.0 -316.8
1339.0 -319.2
1339.0 -319.2
1339.0 -316.8
1339.0 -319.2
1339.0 -319.2
1340.0 -306.0
1340.0 -314.4
1341.0 -318.0
1341.0 -318.0
1341.0 -318.0
1341.0 -318.0
1341.0 -318.0
1341.0 -318.0
1343.0 -318.0
1343.0 -318.0
1343.0 -318.0
1345.0 -318.0
1345.0 -318.0
1345.0 -312.0
1346.0 -310.8
1347.0 -318.0
1349.0 -312.0
1351.0 -316.8
1351.0 -316.8
1351.0 -316.8
1352.0 -313.2
1354.0 -321.6
1354.0 -321.6
1354.0 -321.6
1354.0 -321.6
1354.0 -321.6
1354.0 -321.6
1354.0 -321.6
1354.0 -321.6
1354.0 -321.6
1354.0 -321.6
1354.0 -314.4
1354.0 -321.6
1354.0 -321.6
1354.0 -314.4
1354.0 -321.6
1354.0 -321.6
1354.0 -321.6
1354.0 -321.6
1354.0 -321.6
1354.0 -321.6
1354.0 -321.6
1354.0 -321.6
1354.0 -321.6
1354.0 -321.6
1356.0 -321.6
1356.0 -321.6
1356.0 -321.6
1356.0 -321.6
1356.0 -321.6
1356.0 -321.6
1356.0 -321.6
1356.0 -321.6
1356.0 -321.6
1356.0 -321.6
1356.0 -321.6
1356.0 -321.6
1356.0 -321.6
1356.0 -321.6
1356.0 -321.6
1356.0 -321.6
1356.0 -321.6
1356.0 -321.6
1356.0 -321.6
1356.0 -321.6
1356.0 -321.6
1356.0 -321.6
1356.0 -321.6
1356.0 -321.6
1356.0 -321.6
1358.0 -315.6
1359.0 -308.4
1361.0 -310.8
1362.0 -315.6
1362.0 -316.8
1363.0 -310.8
1363.0 -314.4
1364.0 -320.4
1364.0 -320.4
1364.0 -320.4
1364.0 -320.4
1364.0 -320.4
1364.0 -320.4
1364.0 -320.4
1364.0 -320.4
1364.0 -320.4
1364.0 -320.4
1364.0 -320.4
1364.0 -320.4
1364.0 -320.4
1364.0 -320.4
1367.0 -314.4
1367.0 -314.4
1368.0 -316.8
1369.0 -312.0
1373.0 -319.2
1373.0 -319.2
1373.0 -319.2
1373.0 -310.8
1373.0 -319.2
1373.0 -319.2
1373.0 -315.6
1373.0 -313.2
1374.0 -308.4
1375.0 -315.6
1375.0 -315.6
1375.0 -315.6
1375.0 -315.6
1376.0 -314.4
1377.0 -316.8
1377.0 -316.8
1379.0 -318.0
1379.0 -314.4
1379.0 -315.6
1379.0 -318.0
1380.0 -316.8
1380.0 -316.8
1381.0 -320.4
1381.0 -315.6
1381.0 -320.4
1381.0 -320.4
1381.0 -320.4
1381.0 -320.4
1381.0 -320.4
1381.0 -315.6
1381.0 -314.4
1382.0 -314.4
1382.0 -314.4
1382.0 -315.6
1383.0 -310.8
1384.0 -315.6
1385.0 -319.2
1385.0 -319.2
1385.0 -319.2
1385.0 -319.2
1385.0 -319.2
1386.0 -318.0
1387.0 -319.2
1387.0 -319.2
1387.0 -308.4
1388.0 -314.4
1388.0 -314.4
1388.0 -318.0
1388.0 -318.0
1392.0 -321.6
1392.0 -321.6
1392.0 -321.6
1392.0 -321.6
1392.0 -321.6
1392.0 -321.6
1392.0 -321.6
1392.0 -321.6
1392.0 -318.0
1392.0 -321.6
1392.0 -316.8
1392.0 -321.6
1392.0 -318.0
1392.0 -321.6
1392.0 -318.0
1392.0 -321.6
1392.0 -318.0
1392.0 -321.6
1392.0 -321.6
1392.0 -316.8
1392.0 -321.6
1392.0 -316.8
1392.0 -321.6
1392.0 -321.6
1392.0 -321.6
1392.0 -321.6
1393.0 -316.8
1394.0 -319.2
1394.0 -319.2
1394.0 -318.0
1395.0 -316.8
1398.0 -322.8
1398.0 -316.8
1398.0 -322.8
1398.0 -322.8
1398.0 -322.8
1398.0 -322.8
1398.0 -322.8
1398.0 -322.8
1398.0 -322.8
1398.0 -322.8
1398.0 -322.8
1398.0 -322.8
1398.0 -322.8
1398.0 -322.8
1398.0 -322.8
1398.0 -322.8
1398.0 -322.8
1398.0 -322.8
1398.0 -322.8
1398.0 -322.8
1398.0 -322.8
1398.0 -322.8
1398.0 -322.8
1398.0 -322.8
1398.0 -322.8
1398.0 -322.8
1398.0 -322.8
1398.0 -322.8
1398.0 -322.8
1398.0 -322.8
1398.0 -322.8
1398.0 -322.8
1398.0 -322.8
1398.0 -322.8
1398.0 -322.8
1398.0 -322.8
1399.0 -315.6
1399.0 -313.2
1400.0 -322.8
1400.0 -322.8
1400.0 -322.8
1400.0 -322.8
1400.0 -322.8
1400.0 -322.8
1400.0 -322.8
1400.0 -322.8
1400.0 -322.8
1400.0 -322.8
1400.0 -322.8
1400.0 -322.8
1400.0 -322.8
1400.0 -322.8
1400.0 -322.8
1400.0 -322.8
1400.0 -322.8
1400.0 -322.8
1400.0 -322.8
1400.0 -322.8
1400.0 -322.8
1400.0 -322.8
1400.0 -322.8
1400.0 -322.8
1400.0 -322.8
1400.0 -322.8
1400.0 -322.8
1400.0 -322.8
1400.0 -322.8
1400.0 -322.8
1400.0 -322.8
1400.0 -322.8
1400.0 -322.8
1400.0 -322.8
1400.0 -322.8
1400.0 -322.8
1400.0 -322.8
1400.0 -322.8
1400.0 -322.8
1401.0 -318.0
1401.0 -318.0
1401.0 -318.0
1401.0 -318.0
1401.0 -316.8
1401.0 -316.8
1404.0 -321.6
1404.0 -321.6
1404.0 -321.6
1404.0 -321.6
1404.0 -321.6
1404.0 -321.6
1404.0 -321.6
1404.0 -321.6
1404.0 -321.6
1404.0 -321.6
1404.0 -321.6
1404.0 -321.6
1404.0 -321.6
1404.0 -321.6
1404.0 -321.6
1404.0 -321.6
1404.0 -321.6
1405.0 -320.4
1405.0 -320.4
1405.0 -320.4
1405.0 -316.8
1405.0 -320.4
1405.0 -320.4
1405.0 -320.4
1405.0 -320.4
1405.0 -316.8
1405.0 -320.4
1405.0 -320.4
1405.0 -320.4
1406.0 -314.4
1408.0 -318.0
1411.0 -320.4
1411.0 -320.4
1411.0 -320.4
1411.0 -320.4
1411.0 -320.4
1411.0 -320.4
1411.0 -320.4
1411.0 -320.4
1411.0 -320.4
1412.0 -319.2
1412.0 -319.2
1412.0 -319.2
1417.0 -325.2
1417.0 -325.2
1417.0 -325.2
1417.0 -325.2
1417.0 -325.2
1417.0 -325.2
1417.0 -325.2
1417.0 -325.2
1417.0 -325.2
1417.0 -325.2
1417.0 -325.2
1417.0 -325.2
1417.0 -325.2
1417.0 -325.2
1417.0 -325.2
1417.0 -325.2
1417.0 -325.2
1417.0 -325.2
1417.0 -325.2
1417.0 -325.2
1417.0 -325.2
1417.0 -325.2
1417.0 -325.2
1417.0 -325.2
1417.0 -325.2
1417.0 -325.2
1417.0 -325.2
1417.0 -325.2
1417.0 -325.2
1417.0 -325.2
1417.0 -325.2
1417.0 -325.2
1417.0 -325.2
1417.0 -325.2
1417.0 -325.2
1417.0 -325.2
1417.0 -325.2
1417.0 -325.2
1417.0 -325.2
1417.0 -325.2
1417.0 -325.2
1417.0 -325.2
1417.0 -325.2
1417.0 -325.2
1417.0 -325.2
1417.0 -325.2
1417.0 -325.2
1417.0 -325.2
1417.0 -325.2
1417.0 -325.2
1417.0 -325.2
1417.0 -325.2
1417.0 -325.2
1417.0 -325.2
1417.0 -325.2
1417.0 -325.2
1417.0 -325.2
1417.0 -325.2
1417.0 -325.2
1417.0 -325.2
1417.0 -325.2
1417.0 -325.2
1417.0 -325.2
1417.0 -325.2
1417.0 -325.2
1417.0 -325.2
1417.0 -325.2
1417.0 -325.2
1417.0 -325.2
1417.0 -325.2
1417.0 -325.2
1417.0 -325.2
1417.0 -325.2
1417.0 -325.2
1417.0 -325.2
1417.0 -325.2
1417.0 -325.2
1417.0 -325.2
1417.0 -325.2
1417.0 -325.2
1417.0 -325.2
1417.0 -325.2
1417.0 -325.2
1417.0 -325.2
1417.0 -325.2
1417.0 -325.2
1417.0 -325.2
1417.0 -325.2
1417.0 -325.2
1417.0 -325.2
1417.0 -325.2
1417.0 -325.2
1417.0 -325.2
1417.0 -325.2
1417.0 -325.2
1417.0 -325.2
1417.0 -325.2
1417.0 -325.2
1417.0 -325.2
1417.0 -325.2
1417.0 -325.2
1417.0 -325.2
1417.0 -325.2
1417.0 -325.2
1417.0 -325.2
1417.0 -325.2
1417.0 -325.2
1417.0 -325.2
1417.0 -325.2
1417.0 -325.2
1417.0 -325.2
1417.0 -325.2
1417.0 -325.2
1417.0 -325.2
1417.0 -325.2
1417.0 -325.2
1417.0 -325.2
1417.0 -325.2
1417.0 -325.2
1417.0 -325.2
1417.0 -325.2
1417.0 -325.2
1417.0 -325.2
1417.0 -325.2
1417.0 -325.2
1417.0 -325.2
1417.0 -325.2
1417.0 -325.2
1417.0 -325.2
1417.0 -325.2
1417.0 -325.2
1417.0 -325.2
1417.0 -325.2
1417.0 -325.2
1417.0 -325.2
1417.0 -325.2
1417.0 -325.2
1417.0 -325.2
1417.0 -325.2
1417.0 -325.2
1417.0 -325.2
1417.0 -325.2
1417.0 -325.2
1417.0 -325.2
1417.0 -325.2
1417.0 -325.2
1417.0 -325.2
1417.0 -325.2
1417.0 -325.2
1417.0 -325.2
1417.0 -325.2
1417.0 -325.2
1417.0 -325.2
1417.0 -325.2
1417.0 -325.2
1417.0 -325.2
1417.0 -325.2
1417.0 -325.2
1417.0 -325.2
1417.0 -325.2
1417.0 -325.2
1417.0 -325.2
1417.0 -325.2
1417.0 -325.2
1417.0 -325.2
1417.0 -325.2
1417.0 -325.2
1417.0 -325.2
1417.0 -325.2
1417.0 -325.2
1417.0 -325.2
1417.0 -325.2
1417.0 -325.2
1417.0 -325.2
1417.0 -325.2
1417.0 -325.2
1417.0 -325.2
1417.0 -325.2
1417.0 -325.2
1417.0 -325.2
1417.0 -325.2
1417.0 -325.2
1417.0 -325.2
1417.0 -325.2
1417.0 -325.2
1417.0 -325.2
1417.0 -325.2
1417.0 -325.2
1417.0 -325.2
1417.0 -325.2
1417.0 -325.2
1417.0 -325.2
1417.0 -325.2
1417.0 -325.2
1417.0 -325.2
1417.0 -325.2
1417.0 -325.2
1417.0 -325.2
1417.0 -325.2
1417.0 -325.2
1417.0 -325.2
1417.0 -325.2
1417.0 -325.2
1417.0 -325.2
1417.0 -325.2
1417.0 -325.2
1417.0 -325.2
1417.0 -325.2
1417.0 -325.2
1417.0 -325.2
1417.0 -325.2
1417.0 -325.2
1417.0 -325.2
1417.0 -325.2
1417.0 -325.2
1417.0 -325.2
1417.0 -325.2
1417.0 -325.2
1417.0 -325.2
1417.0 -325.2
1417.0 -325.2
1417.0 -325.2
1417.0 -325.2
1417.0 -325.2
1417.0 -325.2
1417.0 -325.2
1417.0 -325.2
1417.0 -325.2
1417.0 -325.2
1417.0 -325.2
1417.0 -325.2
1417.0 -325.2
1417.0 -325.2
1417.0 -325.2
1417.0 -325.2
1417.0 -325.2
1417.0 -325.2
1417.0 -325.2
1417.0 -325.2
1417.0 -325.2
1417.0 -325.2
1417.0 -325.2
1417.0 -325.2
1417.0 -325.2
1417.0 -325.2
1417.0 -325.2
1417.0 -325.2
1417.0 -325.2
1417.0 -325.2
1417.0 -325.2
1417.0 -325.2
1417.0 -325.2
1417.0 -325.2
1417.0 -325.2
1417.0 -325.2
1417.0 -325.2
1417.0 -325.2
1417.0 -325.2
1417.0 -325.2
1417.0 -325.2
1417.0 -325.2
1417.0 -325.2
1417.0 -325.2
1417.0 -325.2
1417.0 -325.2
1417.0 -325.2
1417.0 -325.2
1417.0 -325.2
1417.0 -325.2
1417.0 -325.2
1417.0 -325.2
1417.0 -325.2
1417.0 -325.2
1417.0 -325.2
1417.0 -325.2
1417.0 -325.2
1417.0 -325.2
1417.0 -325.2
1417.0 -325.2
1417.0 -325.2
1417.0 -325.2
1417.0 -325.2
1417.0 -325.2
1417.0 -325.2
1417.0 -325.2
1417.0 -325.2
1417.0 -325.2
1417.0 -325.2
1417.0 -325.2
1417.0 -325.2
1417.0 -325.2
1417.0 -325.2
1417.0 -325.2
1417.0 -325.2
1417.0 -325.2
1417.0 -325.2
1417.0 -325.2
1417.0 -325.2
1417.0 -325.2
1417.0 -325.2
1417.0 -325.2
1417.0 -325.2
1417.0 -325.2
1417.0 -325.2
1417.0 -325.2
1417.0 -325.2
1417.0 -325.2
1417.0 -325.2
1417.0 -325.2
1417.0 -325.2
1417.0 -325.2
1417.0 -325.2
1417.0 -325.2
1417.0 -325.2
1417.0 -325.2
1417.0 -325.2
1417.0 -325.2
1417.0 -325.2
1417.0 -325.2
1417.0 -325.2
1417.0 -325.2
1417.0 -325.2
1417.0 -325.2
1417.0 -325.2
1417.0 -325.2
1417.0 -325.2
1417.0 -325.2
1417.0 -325.2
1417.0 -325.2
1417.0 -325.2
1417.0 -325.2
1417.0 -325.2
1417.0 -325.2
1417.0 -325.2
1417.0 -325.2
1417.0 -325.2
1417.0 -325.2
1417.0 -325.2
1417.0 -325.2
1417.0 -325.2
1417.0 -325.2
1417.0 -325.2
1417.0 -325.2
1417.0 -325.2
1417.0 -325.2
1417.0 -325.2
1417.0 -325.2
1417.0 -325.2
1417.0 -325.2
1417.0 -325.2
1417.0 -325.2
1417.0 -325.2
1417.0 -325.2
1417.0 -325.2
1417.0 -325.2
1417.0 -325.2
1417.0 -325.2
1417.0 -325.2
1417.0 -325.2
1417.0 -325.2
1417.0 -325.2
1417.0 -325.2
1417.0 -325.2
1417.0 -325.2
1417.0 -325.2
1417.0 -325.2
1417.0 -325.2
1417.0 -325.2
1417.0 -325.2
1417.0 -325.2
1417.0 -325.2
1417.0 -325.2
1417.0 -325.2
1417.0 -325.2
1417.0 -325.2
1417.0 -325.2
1417.0 -325.2
1417.0 -325.2
1417.0 -325.2
1417.0 -325.2
1417.0 -325.2
1417.0 -325.2
1417.0 -325.2
1417.0 -325.2
1417.0 -325.2
1417.0 -325.2
1417.0 -325.2
1417.0 -325.2
1417.0 -325.2
1417.0 -325.2
1417.0 -325.2
1417.0 -325.2
1417.0 -325.2
1417.0 -325.2
1417.0 -325.2
1417.0 -325.2
1417.0 -325.2
1417.0 -325.2
1417.0 -325.2
1417.0 -325.2
1417.0 -325.2
1417.0 -325.2
1417.0 -325.2
1417.0 -325.2
1417.0 -325.2
1417.0 -325.2
1417.0 -325.2
1417.0 -325.2
1417.0 -325.2
1417.0 -325.2
1417.0 -325.2
1417.0 -325.2
1417.0 -325.2
1417.0 -325.2
1417.0 -325.2
1417.0 -325.2
1417.0 -325.2
1417.0 -325.2
1417.0 -325.2
1417.0 -325.2
1417.0 -325.2
1417.0 -325.2
1417.0 -325.2
1417.0 -325.2
1417.0 -325.2
1417.0 -325.2
1417.0 -325.2
1417.0 -325.2
1417.0 -325.2
1417.0 -325.2
1417.0 -325.2
1417.0 -325.2
1417.0 -325.2
1417.0 -325.2
1417.0 -325.2
1417.0 -325.2
1417.0 -325.2
1417.0 -325.2
1417.0 -325.2
1417.0 -325.2
1417.0 -325.2
1417.0 -325.2
1417.0 -325.2
1417.0 -325.2
1417.0 -325.2
1417.0 -325.2
1417.0 -325.2
1417.0 -325.2
1417.0 -325.2
1417.0 -325.2
1417.0 -325.2
1417.0 -325.2
1417.0 -325.2
1417.0 -325.2
1417.0 -325.2
1417.0 -325.2
1417.0 -325.2
1417.0 -325.2
1417.0 -325.2
1417.0 -325.2
1417.0 -325.2
1417.0 -325.2
1417.0 -325.2
1417.0 -325.2
1417.0 -325.2
1417.0 -325.2
1417.0 -325.2
1417.0 -325.2
1417.0 -325.2
1417.0 -325.2
1417.0 -325.2
1417.0 -325.2
1417.0 -325.2
1417.0 -325.2
1417.0 -325.2
1417.0 -325.2
1417.0 -325.2
1417.0 -325.2
1417.0 -325.2
1417.0 -325.2
1417.0 -325.2
1417.0 -325.2
1417.0 -325.2
1417.0 -325.2
1417.0 -325.2
1417.0 -325.2
1417.0 -325.2
1417.0 -325.2
1417.0 -325.2
1417.0 -325.2
1417.0 -325.2
1417.0 -325.2
1417.0 -325.2
1417.0 -325.2
1417.0 -325.2
1417.0 -325.2
1417.0 -325.2
1417.0 -325.2
1417.0 -325.2
1417.0 -325.2
1417.0 -325.2
1417.0 -325.2
1417.0 -325.2
1417.0 -325.2
1417.0 -325.2
1417.0 -325.2
1417.0 -325.2
1417.0 -325.2
1417.0 -325.2
1417.0 -325.2
1417.0 -325.2
1417.0 -325.2
1417.0 -325.2
1417.0 -325.2
1417.0 -325.2
1417.0 -325.2
1417.0 -325.2
1417.0 -325.2
1417.0 -325.2
1417.0 -325.2
1417.0 -325.2
1417.0 -325.2
1417.0 -325.2
1417.0 -325.2
1417.0 -325.2
1417.0 -325.2
1417.0 -325.2
1417.0 -325.2
1417.0 -325.2
1417.0 -325.2
1417.0 -325.2
1417.0 -325.2
1417.0 -325.2
1417.0 -325.2
1417.0 -325.2
1417.0 -325.2
1417.0 -325.2
1417.0 -325.2
1417.0 -325.2
1417.0 -325.2
1417.0 -325.2
1417.0 -325.2
1417.0 -325.2
1417.0 -325.2
1417.0 -325.2
1417.0 -325.2
1417.0 -325.2
1417.0 -325.2
1417.0 -325.2
1417.0 -325.2
1417.0 -325.2
1417.0 -325.2
1417.0 -325.2
1417.0 -325.2
1417.0 -325.2
1417.0 -325.2
1417.0 -325.2
1417.0 -325.2
1417.0 -325.2
1417.0 -325.2
1417.0 -325.2
1417.0 -325.2
1417.0 -325.2
1417.0 -325.2
1417.0 -325.2
1417.0 -325.2
1417.0 -325.2
1417.0 -325.2
1417.0 -325.2
1417.0 -325.2
1417.0 -325.2
1417.0 -325.2
1417.0 -325.2
1417.0 -325.2
1417.0 -325.2
1417.0 -325.2
1417.0 -325.2
1417.0 -325.2
1417.0 -325.2
1417.0 -325.2
1417.0 -325.2
1417.0 -325.2
1417.0 -325.2
1417.0 -325.2
1417.0 -325.2
1417.0 -325.2
1417.0 -325.2
1417.0 -325.2
1417.0 -325.2
1417.0 -325.2
1417.0 -325.2
1417.0 -325.2
1417.0 -325.2
1417.0 -325.2
1417.0 -325.2
1417.0 -325.2
1417.0 -325.2
1417.0 -325.2
1417.0 -325.2
1417.0 -325.2
1417.0 -325.2
1417.0 -325.2
1417.0 -325.2
1417.0 -325.2
1417.0 -325.2
1417.0 -325.2
1417.0 -325.2
1417.0 -325.2
1417.0 -325.2
1417.0 -325.2
1417.0 -325.2
1417.0 -325.2
1417.0 -325.2
1417.0 -325.2
1417.0 -325.2
1417.0 -325.2
1417.0 -325.2
1417.0 -325.2
1417.0 -325.2
1417.0 -325.2
1417.0 -325.2
1417.0 -325.2
1417.0 -325.2
1417.0 -325.2
1417.0 -325.2
1417.0 -325.2
1417.0 -325.2
1417.0 -325.2
1417.0 -325.2
1417.0 -325.2
1417.0 -325.2
1417.0 -325.2
1417.0 -325.2
1417.0 -325.2
1417.0 -325.2
1417.0 -325.2
1417.0 -325.2
1417.0 -325.2
1417.0 -325.2
1417.0 -325.2
1417.0 -325.2
1417.0 -325.2
1417.0 -325.2
1417.0 -325.2
1417.0 -325.2
1417.0 -325.2
1417.0 -325.2
1417.0 -325.2
1417.0 -325.2
1417.0 -325.2
1417.0 -325.2
1417.0 -325.2
1417.0 -325.2
1417.0 -325.2
1417.0 -325.2
1417.0 -325.2
1417.0 -325.2
1417.0 -325.2
1417.0 -325.2
1417.0 -325.2
1417.0 -325.2
1417.0 -325.2
1417.0 -325.2
1417.0 -325.2
1417.0 -325.2
1417.0 -325.2
1417.0 -325.2
1417.0 -325.2
1417.0 -325.2
1417.0 -325.2
1417.0 -325.2
1417.0 -325.2
1417.0 -325.2
1417.0 -325.2
1417.0 -325.2
1417.0 -325.2
1417.0 -325.2
1417.0 -325.2
1417.0 -325.2
1417.0 -325.2
1417.0 -325.2
1417.0 -325.2
1417.0 -325.2
1417.0 -325.2
1417.0 -325.2
1417.0 -325.2
1417.0 -325.2
1417.0 -325.2
1417.0 -325.2
1417.0 -325.2
1417.0 -325.2
1417.0 -325.2
1417.0 -325.2
1417.0 -325.2
1417.0 -325.2
1417.0 -325.2
1417.0 -325.2
1417.0 -325.2
1417.0 -325.2
1417.0 -325.2
1417.0 -325.2
1417.0 -325.2
1417.0 -325.2
1417.0 -325.2
1417.0 -325.2
1417.0 -325.2
1417.0 -325.2
1417.0 -325.2
1417.0 -325.2
1417.0 -325.2
1417.0 -325.2
1417.0 -325.2
1417.0 -325.2
1417.0 -325.2
1417.0 -325.2
1417.0 -325.2
1417.0 -325.2
1417.0 -325.2
1417.0 -325.2
1417.0 -325.2
1417.0 -325.2
1417.0 -325.2
1417.0 -325.2
1417.0 -325.2
1417.0 -325.2
1417.0 -325.2
1417.0 -325.2
1417.0 -325.2
1417.0 -325.2
1417.0 -325.2
1417.0 -325.2
1417.0 -325.2
1417.0 -325.2
1417.0 -325.2
1417.0 -325.2
1417.0 -325.2
1417.0 -325.2
1417.0 -325.2
1417.0 -325.2
1417.0 -325.2
1417.0 -325.2
1417.0 -325.2
1417.0 -325.2
1417.0 -325.2
1417.0 -325.2
1417.0 -325.2
1417.0 -325.2
1417.0 -325.2
1417.0 -325.2
1417.0 -325.2
1417.0 -325.2
1417.0 -325.2
1417.0 -325.2
1417.0 -325.2
1417.0 -325.2
1417.0 -325.2
1417.0 -325.2
1417.0 -325.2
1417.0 -325.2
1417.0 -325.2
1417.0 -325.2
1417.0 -325.2
1417.0 -325.2
1417.0 -325.2
1417.0 -325.2
1417.0 -325.2
1417.0 -325.2
1417.0 -325.2
1417.0 -325.2
1417.0 -325.2
1417.0 -325.2
1417.0 -325.2
1417.0 -325.2
1417.0 -325.2
1417.0 -325.2
1417.0 -325.2
1417.0 -325.2
1417.0 -325.2
1417.0 -325.2
1417.0 -325.2
1417.0 -325.2
1417.0 -325.2
1417.0 -325.2
1417.0 -325.2
1417.0 -325.2
1417.0 -325.2
1417.0 -325.2
1417.0 -325.2
1417.0 -325.2
1417.0 -325.2
1417.0 -325.2
1417.0 -325.2
1417.0 -325.2
1417.0 -325.2
1417.0 -325.2
1417.0 -325.2
1417.0 -325.2
1417.0 -325.2
1417.0 -325.2
1417.0 -325.2
1417.0 -325.2
1417.0 -325.2
1417.0 -325.2
1417.0 -325.2
1417.0 -325.2
1417.0 -325.2
1417.0 -325.2
1417.0 -325.2
1417.0 -325.2
1417.0 -325.2
1417.0 -325.2
1417.0 -325.2
1417.0 -325.2
1417.0 -325.2
1417.0 -325.2
1417.0 -325.2
1417.0 -325.2
1417.0 -325.2
1417.0 -325.2
1417.0 -325.2
1417.0 -325.2
1417.0 -325.2
1417.0 -325.2
1417.0 -325.2
