0000000000000000000000100
0000000000000000000001100
0000000001000000000000100
0000000000000000000001110
0000000001000000000001100
0000000000100000000001110
0000000001000000000001110
0000000001000100000001100
0000000000100000000001111
0000000001100000000001110
0000000001000100000001110
0000000001000011000000110
0000000001100000000001111
0000000000100011000001110
0000000001100100000001110
0000000001000011000001110
0000000001000111000001100
0000000000100011000001111
0000000001100100000001111
0000000001100011000001110
0000000001000111000001110
0000000000100011100001111
0000010001100100000001111
0000000001100011000001111
0000000001100111000001110
0000010000100011100001111
0000000001100011100001111
0000000001100111000001111
0000000011100111000001110
0000010001100011100001111
0000000001100111100001111
0000000011100111000001111
0000010001100111100001111
0000000011100111100001111
1000000011100111000001111
0000010011100111100001111
1000000011100111100001111
1000010011100111100001111
0011110001100111100001111
0011100011100111100001111
1000010011100111110001111
0011110011100111100001111
1000010111100111110001111
0011110011101111100001111
0011110011100111110001111
1000010111100111110011111
1100010111100111110001111
1011110011101111100001111
1100011011100111110101111
1011110111101111100001111
1011110111100111110011111
1011101111101111100111111
1100011111111111110101111
1011111111101111100111111
