0011000000100010000000001000000000000000001
0000000010100010000000011001100010000010001
0000000010100010000010001001100101000010101
0011010000100110000000001000000000000010001
0000000001100110010000101000000000000010001
0001000000100110011000111000000000100010101
0011000010100110110000111000000000000010101
0000110000100110001000101000000000001110001
0000001011101110000000001000000000010010101
0001100010100110111000111000000000100010101
0000001000111110001000111000100010000010001
0011000010100110010000111000000000011010001
1000000000100111001100101000110010000010101
0011000011100010010000111000100001011010101
0011110010100110011000101000100001010110101
0011001000101110001010111000100101001010101
0011101000111110000010111000100101001010001
1000110010100111000100101000110010011010001
1000100011100111000110011000110101010010101
0011101000111110010001111000100001000011001
1011100001100111001100101100011000000010101
1000101010101111100100101100110010001010101
1000100011100111011100111100110010010010101
1001100011100111000101001000010000110011101
1011110001100111010100111000111010000010101
