11111101111001011110111100000011011110011110111011100101010011110000111011111001010100100101011001100001111111101110000110100101001110000011100001110111010111010001010101100111000001001100011000101011101010111100111100111010110101111010011100001101111111111101111110111011000100111101110011
11111101111001011110111100000011011110001110111011100101010011111010011111111000000100100011001101100001111111101110001110100100000100000011100001110111010111010001010101100110001011001000011000101011101010111100111100111010110101111010011100001101111111111101111110111011000100111101110011
11111101111001011110101100000011011110011110111011100101010011110000111011111001010100100101011001100001111111101110000110100101001110000011100001110111010111010001010101100111000001001110011010111011101011110100111100111010010101111010011100001001111111111101111110111011000100111101110011
11111101111001011110111100000011011110001110111011100101010011111010011111111000000100100011001101100001111111101110001110100100000100000011100001110111010111010001010101100110001011001000011010111011101011110100111100111010010101111010011100001001111111111101111110111011000100111101110011
11111101111001011110111100000011011110011110111011100101010011110000111011111001010100100101011001100001111111101110000110100101001110000011100001110111010111010001010101100111000001001110011010111011101011110100111100111010010101111010011100001001111111111101111110111011000100111101110011
11111101111001011110111100000011011110011110111011100101010011111010011111111000000100100111001101100001111111101110000110100101001110000011100001110111010111010001010101100111000001001110011000101011101010111100111100111010010101111010011100001101111111111101111110111011000100110101110011
11111101111001011110101101000111001110111110111011100101000011110000111011111001010100100111011001100001111111101110000110100100000110000011100001111110010111010001110101100101000001001110011000101011101010111100111100111010010101111010011100001001111111111101111110111011000100111101110011
11111101111001011110101101010111011110011110111011100101010011110000111011111001010100100101011001100001111111101110000110100101001110000011100001110111010111010001010101100111000001001110011000101011101010111100111100111010010101111010011100001101111111111101111110111011000100111101110011
11111101111001011110101101010111011110011110111011100001010011111010011011111000000100100111001101100011111111101110000110100101001110000011100001110111010111010001010101100111000001001110011000101011101010111100111100111010010101111010011100001101111111111101111110111011000100110101110011
11111101111001011110111100000011011110011110111011100101010011110000111011111001010100100101011001100001111111101110000110100101001110000011100001110111010111010001010101100111000001001110011000101011101010111100111100111010110101111010011100011101111111111101111110111011001111111101110011
11111101111101011110111100010111011110011110111011100001010011110100111011111001010100100111011001100001111111101110001110100100000110000011100001110110010111010001010101100111001011001000011010111011101011111100111100111011010101111010011100011101111111111101111110111011000110110111110011
11111101111001011110101101010111011110011110111011100101010011110000111011111001010100100101011001100001111111101110000110100101001110000011100001110111010111010001010101100111000001001110011000101011101010111100111100111010110101111010011100011101111111111101111110111011000100111101110011
11111101111001011110111100000011011110011110111011100111010011111010011111111000000100100111001101100001111111101110001110100100000100000011100001110111010111010001010101100111001001001110011000101011101010111100111100111010010101111010011100001101111111111101111110111011000101111111110011
11111111111001011110111100000011011110101110111011100101010011111010011111111000000100100011001101100001111111101110001110100100000100000011100001110111010111010001010101100110001011001000011010111011101011110100111100111010010101111010011100001001111111111101111110111011000100111101110011
11111101111101011110111100010111011110011110111011100001010011110110111011101001010100100101011001100001111111101110000110100101001110000011100001110111010111010001010101100111000001001110011000101011101010111100111100111010110101111010011100001101111111111101111110111011000101111111110011
11111101111101011110111100010111011110011110111011100001010011110100111011111001010100100111011001100001111111101110001110100100000110000011100001110110010111010001010101100111001011001000011010111011101011111100111100111011010101111010011100001101111111111101111110111011000110111111110011
11111101111101011110111100010111011110011110111011100001010011110100111011111001010100100111011001100001111111101110001110100100000110000011100001110110010111010001010101100111001011001101011010111011101011110100111101111010110101111010011100001101111111111101111110111011001111111001110011
11111101111001011110111100000011011110011110111011100111010011111010011111111000000100100111001101100001111111101110001110100100000100000011100001110111010111010001010101100111001011001000011010111011101011110100111100111010010101111010011100001101111111111101111110111011001110111111110011
11111101111001011110101101010111011110011110111011100101010011111010011011111000000100100111001101100011111111101110000110100101001110000011100001110111010111010001010101100111000001001110011000101011101010111100111100111010110101111010011100001101111111111101111110111011000100111101110011
11111101111101011110111100010111011110011110111011100001010011110101111011111001010100100111011001100001111111101110001110100100000110000011100001110110010111010001010101100111001011001101011010111011101011110100111101111010110101111010011100001101111111111101111110111011001111111001110011
11111101111001011110101101010111011110011110111011100101010011111010011011111000000100100111001101100011111111101110000110100101001110000011100001110111010111010001010101100111000001001110011000111011101010111100111100111010110101111010011100001101111111111101111110111011000110111111110011
11111101111001011110101101000111001110111110111011100101000011110000111011111001010100100111011001100001111111101110000110100100000110000011100001111110110111010001110101100101011001001110011101111011101011111100111100111010010101111010011100001101111111111101111110111011000101111101111011
11111101111001011110101101010111011110011110111011100101100011111010111111111000011110110111111111100001111111101110001110000110001110000011100001110110010111010001010101100111001011001000011010111011101011111100111100111010010101101010011100001101111111111101111110111011000101111111111011
11111101111001011110101101010111011110011110111011100101010011110000111011111001010100100111011001100001111111101110001110100100000110000011110001111111110111010101110101100111001001001110011000101011111011111100111101111010000101111010011100001101111111111101111110111011000100111111110011
11111101111001011110101101010111011110011110111011100101100011111010111111111000011110110111111011100001111111101110001110000110001110000011100001110111110111010001010101100111001001001110011000101011101011111100111100111010010101111010011100001101111111111101110110111011000101111101110011
11111101111001011110101101010111011110011110111011100101011011110000111011111001010100100111011001100001111111101110001110100100000110000011110001111111110111010101110101100111001001001110011000101011111011111100111101111010010101111010011100001101111111111101111110111011000100111111110011
11111101111001011110101101010111011110011110111011100101010011111010011011111000000100101111001101100011111111101110000110100101001110000011100001110111010111010001010101100111000001001110011000101011101010111100111100111010110101111010011100001101111111111101111110111011001100111101110011
11111111111001011110101101010111001110111110111011100101000011110000111011111001010100100111011001100001111111101110000110100100000110000011100001111110010111010001110101100101011001001110011101111011101011111100111100111010000101011010011100001101111111111101111110111011000101111111111011
11111101111101011110111100010111011110011110111011100001010011110101111011111001010100100111011001100001111111101110001110100100000110000011110001111111110111010101010101100111001011001101011010111011101011110100111101111010110101111010011100001101111111111101111110111011001111111001110011
11111101111101011110111100010111011110011110111011100001010011110101111011111001010100100111011001100001111111101110001110100100000110000011110001111111110111010101110101100111001001001110011000101011111011111100111101111010010101111010011100001101111111111101111110111011000100111111110011
11111101111001011110101101010111001110111110111111100101010011111010011111111000000100100111001101100011111111101110001111100101001110000011100001110111010111010001010101100111000001001110011010101011101010111100111100111010010101111010011100001101111111111101111110111011000101111111110011
11111101111001011110101101010111001110111110111111100101010011111010011111111000000100100111001101100011111111101110001110100100000110000011100001110111010111010001010101100111001001001110011000101011101011111100111100111010010101111010011100001101111111111101110110111011000100111111110011
11111111111001011110101101010111011110011110111011100101010011110000111011111001010100110011101111100011111111101110000111100100000110000011100001110111010111010011010101100111000001001010011010101011101010111100111100111010110101111010011100001101111111111101111110111011001111111101110011
11111101111001011110101101010111011110011110111011100101100011111010111111111000011110110111111111100001111111101110001110000110001110000011100001110110010111010001010101100111001011001000011101111011101011111100111100111010010101111011011100001101111111111101111110111011000101111111110011
11111101111001011110101101010111001110111110111111100101010011111010011111111000000100100111001101100011111111101110001110100101001110000011100001110111010111010001010101100111000001001110011010101011101010111100111100111010110101111010011100001101111111111101111110111011001111111101110011
11111101111001011110101101010111011110011110111011100101010011110000111011111000011110100111011111110011111111111110011111100100001110000011100001110110010111010001010101100111001011001101011010111111101011110100111101111010010101111010011100001101111111111101111110111011000110111111110011
11111101111001011110101101010111011110011110111011100101010011110000101011111000011110100111011111110011111111111110011110100101000110000011100001111111110111010101110101100111001001001110011010101011101010111100111100111010110101111010011100001101111111111101111110111011001111111101110011
11111111111001011110101101010111011110011110111011100101010011110000111011111001010100110111101111100011111111101110000111100100000110000011100001110111010111010011010101100111001011001010001101111011101011111100111101111010010101111010011100001101111111111101111110111011001100111101110011
11111101111101011110111100010111011110011110111011100001010011110100111011111001010100110011101111100011111111101110010111100100000111100011110001111111010111010001010101100111001011001000001010111011101011111100111101111010110101111010011100011101111111111101111110111011001111111101110011
11111101111001011110101101010111011110011110111011100101100011111010111111111000011110110111111111100001111111101110001110000110001110000011100001110110010110010001010101100111001101001110011101111011101011111100111101111010010101111010011100001101111111111111111110111011001110111111110011
11111101111001011110101101010111011110011110111011100101010011110000111011111000011110100111011111110011111111111110011111100100001110000011100001110110010111010001010101100111001011001101011010111111101011110100111101111110010101111010011100001101111111111101111110111011000110111111110011
11111111111111011110101101010111011110011110111011100101100011111010111111111000011110110111111111100011111111101110001110000110001110000011100001110111010111010001010101100111000001001110011000101011101010111100111100111010110101111010011100001101111111111101111110111011001100111101110011
11111101111001011110101101011111011110111110111111100111110011111010111011111000000100100111001101100011111111101110000110100101001110000011100001110111010111010001010101100111000001001110011000101011101010111100111100111010110101111010011100001101111111111101111110111011000110111111110011
11111101111001011110101101010111011110011110111011100101010011110000111011111000011110100111011111110011111111111110011110100101000111100011110001111111010111010001010101100111001011001000001010111011101011111100111101111010010101111010011100011101111111111101111110111011001111111101110011
11111111111001011110101111010111011110111110111011100101110011111010011111111000011110110111011111110011111111111110001111100101000110000011100001110111010111010001010101100111001011001000011010111011101011111100111100111010010101111010011100001101111111111101111110111011000100111111110011
11111111111001011110101111110111011110111110111011100101110011111010011111111000011110110111111111100001111111101110001110000110001110000011100001110110010111010001010101100111001011001000011101111011101011111100111100111010010101111011011100001101111111111101111110111011000101111111110011
11111111111111011110101101010111011110011110111011100101010011110000111011111001010100110011101111100011111111101110010111100100000111100011110001111111010111010001010101100111001011001000001010111011101011111100111101111010110101111010011100011101111111111101111110111011001111111101110011
11111111111111011110101101010111011110011110111011100101100011111010111111111000011110110111111111100011111111101110001110000110001110000011100001110111010111010001010101100111001011001111011101111011101011111100111100111010000111111010011100001101111111111101111110111011000101111111111011
11111111111001011110101101011111011110111110111111100101110011111010111111111000000110100111111111100111111111101110001110100101001110000011100001110111010111010001010101100111000001001110011000101011101010111100111100111010010101111010111100001101111111111101111110111011000100111101110011
11111101111101011110111100010111011110011111111111100101010011111010111111111000011110100111011111110011111111111110011110100101000110100011110001111111010111010001010101100111001011001000011010111011101011111100111100111011010101111010011100011101111111111101111110111011000110110111110011
11111111111001011110101101011111011110111110111111100111110011111010111111111000011110110111111111100011111111101110001110000110000110000011100001111110010111010001110101100101000001001110011000101011101010111100111100111010010101111010011100001001111111111101111110111011000100111101110011
11111111111001011110101111010111011110111110111011100101110011111010011111111000011110110111011111110011111111111110001111100101000110000011100001110111010111010001010101100111001011001000011010111011101011110100111101111011010101111010011100001101111111111101111110111011001111111101110011
11111101111001011110101101010111011110111110111111100101010011111010011111111000000100100111001101100011111111101110001110100100000110000011100001110111010111010101010101100111111101001110011101111111101011111100111101111010010101111010011100001101111111111111111110111011001110111111110011
11111101111101011110111100010111011110011110111011100101110011111010111111111000000110100111111111100111111111101110001110100110010110000011100001111110010111011011110101100101011011001110011101111011101011111100111101111010010101111010011100001101111111111101111110111011001111111001110011
11111111111111011111111110010111011110111110111011100101110011111010111111111000011110110111111111100011111111101110001110001110000110000011100001111110010111010011110101100101001001001110001101111011101011111100111100111010010111111010011100001101111111111101111110111011000101111111111011
11111111111001011110101101011111011110111110111111100101110011111010111111111000000110100111111111100111111111101110001110100110010110000011100001111110011111010001010101100111001001001110011000101011101010111100111100111010010101111011011100001101111111111101111110111011001111111101110011
11111111111111011111111110010111011110011111111111100101010011111010111111111000011110100111011111110011111111111110011110100101000110100011110001111111010111010001010101100111001011001000011010111011101011111100111100111011010101111010011100011101111111111101111110111011000110110111110011
11111111111111011111111101010111011110111111111111100101110011111010011111111000011110110111011111110011111111101110001110100110010110100011110001111111010111010001010101100111001011001000011010111011101011111100111100111011010101111010011100011101111111111101111110111011000110110111110011
11111111111001011110101101011111011110111110111111100101110111111010111111111000011110110101011111100001111111101110000110100110010110000011100001111110010111011011010101100101011011001110011101111011101011111100111100111010010101111010011100001101111111111101111110111011000100111111110011
11111111111001011110101101011111011110111110111111100101110011111010111111111000000110100111111111100111111111101110001110000110010110000011100001111110010111011011010101100101011011001111011010111011101011110100111101111010110101111010011100001101111111111101111110111011001111111001110011
11111111111001011110101101011111011110111110111111100101110011111010111111111000000110100111111111100111111111101110001110000110010110000011100001111110010111011011010101100101011011001110011101111011101011111100111100111010010101111010011100001101111111111101111110111011000100111111110011
11111101111001011110101101010111001110111110111111100101010011111010011111111000000101100111011111110011111111111110000110100101000110000011100001111110011111011101110111100111111101001110011101111111101011111100111101111010010101111010011100011101111111111101111110111011000100111101110011
11111101111001011110101101010111011110011110111011100101100011111010111111111000011110110111011111110011111111111110001111100101000110000011100001111111011110011011110111100111111101001110011101111011101011111100111101111010010101111010011100001101111111111101111110111011010101111111110011
11111111111111011111111110010111011110111110111011100101110011111010111111111000011110111111111111110011111111101110001110000110010110000011100001111110010111010001110101100101011001001110011101111011101011111100111100111010010101111010011100001101111111111101111110111011000101111111111011
11111111111111011111111110010111011110111110111011100101110011111010111111111000011110110111011111100011111111101110001110000110010110000011100001111110010111011011110101100101011011001110011101111011101011111100111100111010010101111010011100001101111111111101111110111011000101111111110011
11111111111001011110101101011111011110111110111111100101110011111010111111111000011110110111011111100011111111101110001110000110010110000011100001111110010111011011110101100101011011001110011101111011101011111100111100111010010101111010011100001101111111111101111110111011000101111111110011
11111101111111011111111101010111011110111111111111100101110011111010111111111000011110110111111111110011111111101110001110000110010110000011100001111110010111011011110101100101011011001110011101111011101011111100111100111010010101111010011100001101111111111101111110111011000101111111110011
11111101111001011110101101010111001110111110111111100101010011111010011111111000000101100111011111110011111111111110000110100101000110000011100001111110011111011001110111100111111101001110011101111111101011111100111101111010010101111010011100011101111111111101111110111011001111111101110011
11111111111001011110101101011111011110111110111111100101110011111010111111111000000110100101111111100111111111101110001110100110010110000011100001111110010111011011110101100101011011001110011101111011101011111100111100111010010101111011011100001101111111111101111110111011000101111111110011
11111111111001011110101101011111011110111110111111100111110011111010111111111000011110110111111111110011111111101110001110000110000110000011100001111110010111010001110111100101011001001110011101111011101011111100111100111010010101111010011100001101111111111101111110111011001110111111110011
11111111111001011110101101011111011110111110111111100101110011111010110111111000000110100111111111100111111111101110001110000110010110000011100001111110010111011011010101100101011011001110011101111111101011111100111101111010010101111010111100011101111111111101111110111011000101111111110011
11111111111001011110101101011111011110111110111111100101110011111010111111111000000110100111111111100111111111101110001110100110010110000011100001111110010111011011110101100101011011001110011101111011101011111100111100111010010101111011011100001101111111111101111110111011000101111111110011
11111111111111011111111101010111011110111111111111100101110011111010111111111000011110110111011111110011111111101110001110100110010110000011100001111110010111011011010101100101011011001110011101101011101011111100111100111010010101111010011100011101111111111101111110111011000110110111110011
11111111111001011110101101011111011110111110111111100101110011111010110111111000000110100111111111100111111111101110001110000110010110000011100001111110010111011011010101100101011011001110011101111111101011111100111101111010010101111010111100011101111111111101111110111011001111111101110011
11111111111111011111111101110111011110111111111111100101110011111010111111111000011110110111111111110011111111101110001110000110010110000011100001111110010111011011110101100101011011001110011101111011101011111100111100111010010101111010011100001101111111111101111110111011000101111111110011
11111111111111011111111101010111011110111111111111100101110011111010111111111000011110110111011111110011111111101110001110100110010110000011100001111110010111011011010101100101011011001110011101101011101011111100111100111010010101111010011100001101111111111101111110111011001111111101110011
11111101111001011111111101000111011110111111111111110101100011111010111111111000011110110111011101110011111111111110001111100101000110000011100001111111011111011001100111100111111101001110011101111111101011111100111101111010010101111010011100011101111111111101111110111011000100111101110011
11111111111001011110101111010111011110111110111011100101110011111010011111111000011110110111011111110011111111111110001111100101000110000011100001111111011110011011110111100111111101001110011101111011101011111100111101111010010101111010011100001101111111111101111110111011001111111101110011
11111111111001011110101101011111011110011110111011100101010011111011111111111000011110110111011111110011111111111110001110100101000110000011100001111111011111111001110111100111111111001000011010111011111011110100111101111010010101111010011100001101111111111111111110111011001110111111110011
11111111111111011111111101000111011110111111111111110101100011111010111111111000011110110111011111110011111111111110001111100101000110000011100001111111011111011001110111100111111101001110011101111011101011111100111100111010000101011010011100001101111111111101111110111011000101111111111011
11111101111101011111111101000111011110111111111111110101100011111010111111111000011110110111011101110011111111111110001111100101000110000011100001111111011111011001100111100111111101001110011101111111101011111100111101111010010101111110011100011101111111111101111110111011000100111101110011
11111111111001011110101111010111011110111110111011100101110011111010011111111000011110110111011111110011111111111110001111100101000110000011100001111111011111011011110111100111111101001110011101111011101011111100111101111010010101111010011100001101111111111111111110111011001110111111110011
11111111111001011110101101011111011110111110111111100101110011111010111111111000000111100111111111100111111111101110001110100110010110000011100001111110011111011001110111100111111101001110011101111011101011111100111101111010010101111010011100011101111111111101111110111011000100111101110011
11111111111111011111111110010111011110111110111011100101110011111010111111111000011110110111111111110011111111101110001110000101010110000011100001111111011111010001110111100111111101001110011101111111101011111100111101111010010101111010011100001101111111111101111110111011001111111111110011
11111111111111011110101101011111011110111111111111100101110011111010111111111000000110100111111111100111111111101110001110100110010110000011100001111110011111011001110111100111111101001110011101111011111011110100111100111010010101111011011100001101111111111101111110111011000101111111110011
11111111111111011111111110010111011110111110111011100101110011111010111111111000011110111111111111110011111111101110001110000110010110000011100001111111011111011001100111100111111101001110011101111011101011111100111101111010010101111010011100001101111111111101111110111011001111111101110011
11111111111111011111111101000111011110111111111111110101100001111010111111111000011110110111011111110011111111111110001111100101000110000011100001111111011111011001110111100111111101001110011101111011101011111100111101111010010101111010011100001101111111111101111110111011001111111101110011
11111111111111011110101101011111011110111111111111100101110011111010111111111000000111100111111111100111111111101110001110100110010110000011100001111110011111011001110111100111111101001110011101111011111011110100111100111010010101111011011100001101111111111101111110111011001100111101110011
11111111111111011110101101011111011110111111111111100101110011111010111111111000000110100111111111100111111111101110001110100110010110000011100001111110011111011001110111100111111101001110011101111011111011110100111101111010010101111010011100001101111111111101111110111011001110111111110011
11111111111111011111111101000111011110111111111111110101100011111010111111111000011110110111011111110011111111111110001111100101000110000011100001111111011111011001110111100111111101001110011101111111101011111100111111111010010101111110011100011101111111111101111110111011000100111101110011
11111111111111011111111101010111011110111111111111100101110011111010111111111000011110110111011111110011111111111110001110100100000110000011100001111111011111011001110111100101111101001110011101111011101011111100111101111010010101111010011100001101111111111101111110111011001111111111110011
11111111111111011111111101110111011110111111111111100101110011111010111111111000011110110111011111100011111111111110001110100101000110000011100001111111011111011001110111100111111101001110011101111011101011111100111101111010010101111010011100001101111111111101111110111011001100111101110011
11111111111111011111111101110111011110111111111111100101110011111010111111111000011110110111011111100011111111111110001110100101000110000011100001111111011111011001110111100111111101001110011101111011101011111100111101111010010101111010011100001101111111111101111110111011001100111101110011
11111111111001011110101101011111011110111110111111100101110011111010111111111000011110110111011111110011111111111110001111100101010110000011100001111111011111011001110111100111111101001110011101111111101011111100111101111010010101111010011100011101111111111101111110111011001111111101110011
11111111111111011111111101000111011110111111111111110101100011111010111111111000011110110111011111110011111111111110001111100101000110000011100001111111011111011011110111100111111101001110011101111111101011111100111111111010010101111110011100011101111111111101111110111011000101111111111011
11111111111111011111111101010111011110111111111111100101110011111010111111111000011110110111011111110011111111111110001110100101010110000011100001111111011111011001110111100111111101001110011101111111101011111100111101111010010101111010011100001101111111111101111110111011001111111101110011
11111111111111011111111101010111011110111111111111100101110011111010111111111000011110110111011111110011111111111110001110100101010110000011100001111111011111011001110111100111111101001110011101111111101011111100111101111010010101111010011100011101111111111101111110111011001110111111110011
11111111111111011111111101010111011110111111111111100101110011111010111111111000011110110111011111110011111111111110001111100101010110000011100001111111011111011001110111100111111101001110011101111111101011111100111101111010010101111010011100011101111111111101111110111011001111111101110011
11111111111111011111111101010111011110111111111111100101110011111010111111111000011110110111011111110011111111111110001111100101010110000011100001111111011111011001110111100111111101001110011101111111101011111100111101111010010101111010111100011101111111111101111110111011001111111101110011
11111111111111011111111101010111011110111111111111100101110011111010111111111000011110110111011111110011111111111110001111100101010110000011100001111111011111011001110111100111111101001110011101111111101011111100111101111010010101111010111100011101111111111101111110111011001111111101110011
