1596.9 73.0 368.0 -205.2
1599.1 73.0 375.0 -206.4
1610.5 73.0 406.0 -213.6
1616.9 73.0 375.0 -207.6
1620.2 81.0 440.0 -220.8
1625.8 73.0 398.0 -210.0
1631.6 80.0 436.0 -219.6
1637.3 83.0 384.0 -214.8
1638.4 84.0 393.0 -216.0
1639.2 77.0 428.0 -217.2
1639.5 83.0 441.0 -223.2
1642.1 78.0 426.0 -217.2
1643.7 76.0 400.0 -211.2
1652.0 74.0 399.0 -211.2
1654.5 79.0 385.0 -213.6
1656.1 77.0 409.0 -214.8
1667.1 82.0 400.0 -217.2
1671.4 80.0 378.0 -214.8
1673.3 85.0 393.0 -219.6
1694.3 75.0 411.0 -217.2
1698.3 83.0 371.0 -218.4
1718.7 74.0 436.0 -219.6
1724.4 86.0 382.0 -223.2
1724.7 88.0 383.0 -224.4
1732.8 82.0 367.0 -219.6
1736.1 87.0 382.0 -224.4
1739.0 71.0 423.0 -216.0
1739.7 89.0 382.0 -225.6
1743.9 83.0 359.0 -219.6
1751.2 82.0 369.0 -220.8
1756.7 83.0 392.0 -225.6
1761.8 72.0 426.0 -218.4
1761.8 72.0 426.0 -218.4
1762.1 85.0 373.0 -223.2
1791.5 90.0 438.0 -232.8
1792.2 83.0 388.0 -226.8
1798.4 85.0 372.0 -225.6
1806.0 85.0 387.0 -228.0
1808.4 91.0 431.0 -234.0
1814.2 86.0 497.0 -238.8
1821.1 83.0 448.0 -230.4
1830.8 92.0 474.0 -238.8
1848.0 89.0 396.0 -234.0
1861.3 84.0 485.0 -238.8
1863.6 75.0 404.0 -231.6
1866.3 93.0 429.0 -238.8
1878.6 88.0 385.0 -235.2
1880.4 85.0 467.0 -242.4
1885.6 73.0 444.0 -228.0
1887.1 74.0 434.0 -229.2
1890.3 95.0 462.0 -243.6
1898.1 84.0 407.0 -236.4
1900.1 78.0 469.0 -240.0
1905.6 94.0 476.0 -244.8
1910.0 83.0 493.0 -243.6
1914.0 83.0 414.0 -237.6
1933.2 76.0 455.0 -234.0
1935.7 85.0 417.0 -240.0
1936.8 95.0 488.0 -248.4
1944.3 77.0 456.0 -237.6
1951.4 86.0 518.0 -250.8
1967.0 87.0 452.0 -246.0
1970.5 83.0 412.0 -241.2
1976.9 94.0 447.0 -249.6
1982.2 85.0 539.0 -255.6
1987.4 95.0 431.0 -248.4
1992.8 83.0 419.0 -243.6
1992.8 81.0 499.0 -247.2
2003.5 95.0 481.0 -254.4
2007.8 89.0 472.0 -250.8
2008.7 86.0 539.0 -258.0
2013.2 81.0 526.0 -253.2
2017.9 77.0 489.0 -243.6
2023.7 86.0 547.0 -259.2
2029.1 93.0 496.0 -258.0
2031.7 78.0 499.0 -247.2
2034.4 86.0 547.0 -260.4
2037.6 85.0 537.0 -259.2
2051.9 82.0 478.0 -252.0
2052.2 79.0 492.0 -249.6
2058.4 81.0 501.0 -252.0
2058.6 83.0 479.0 -254.4
2068.3 80.0 509.0 -252.0
2068.3 80.0 509.0 -252.0
2074.0 87.0 552.0 -264.0
2081.1 89.0 449.0 -255.6
2083.0 87.0 543.0 -261.6
2086.8 84.0 460.0 -254.4
2088.7 85.0 519.0 -260.4
2089.4 82.0 514.0 -256.8
2092.8 87.0 523.0 -262.8
2102.0 88.0 541.0 -265.2
2107.2 91.0 544.0 -266.4
2111.1 90.0 527.0 -266.4
2112.4 93.0 482.0 -264.0
2119.3 90.0 503.0 -264.0
2119.9 92.0 483.0 -264.0
2121.4 87.0 533.0 -264.0
2127.3 86.0 463.0 -260.4
2127.4 93.0 490.0 -265.2
