1566.9 78.0 371.0 -204.0
1566.9 78.0 371.0 -204.0
1586.1 78.0 365.0 -205.2
1593.7 80.0 373.0 -206.4
1596.2 82.0 360.0 -207.6
1601.7 79.0 373.0 -206.4
1607.0 78.0 385.0 -207.6
1616.0 81.0 361.0 -208.8
1631.2 83.0 362.0 -210.0
1644.1 79.0 342.0 -206.4
1645.6 76.0 382.0 -211.2
1650.1 85.0 390.0 -212.4
1657.0 87.0 367.0 -213.6
1657.8 77.0 328.0 -206.4
1662.6 84.0 378.0 -213.6
1672.2 90.0 379.0 -217.2
1680.0 86.0 373.0 -216.0
1684.1 92.0 386.0 -219.6
1684.9 91.0 387.0 -219.6
1684.9 91.0 387.0 -219.6
1690.4 88.0 357.0 -216.0
1697.2 78.0 383.0 -216.0
1706.2 80.0 311.0 -208.8
1706.6 94.0 386.0 -222.0
1714.0 93.0 397.0 -223.2
1723.1 82.0 408.0 -220.8
1733.3 80.0 311.0 -211.2
1736.1 95.0 403.0 -225.6
1743.6 93.0 391.0 -224.4
1750.0 81.0 333.0 -216.0
1752.6 76.0 380.0 -214.8
1758.5 80.0 313.0 -213.6
1769.8 92.0 393.0 -226.8
1771.8 96.0 385.0 -229.2
1775.5 79.0 315.0 -214.8
1779.6 92.0 400.0 -228.0
1804.3 84.0 341.0 -217.2
1807.8 97.0 395.0 -231.6
1814.1 85.0 334.0 -220.8
1820.6 95.0 401.0 -232.8
1824.1 90.0 393.0 -228.0
1836.5 97.0 406.0 -235.2
1847.7 83.0 355.0 -222.0
1849.6 93.0 351.0 -229.2
1857.5 87.0 338.0 -225.6
1862.0 89.0 328.0 -226.8
1873.5 82.0 347.0 -222.0
1876.6 98.0 413.0 -238.8
1879.0 99.0 397.0 -237.6
1881.3 84.0 320.0 -223.2
1883.6 87.0 411.0 -234.0
1887.0 100.0 396.0 -240.0
1891.7 91.0 482.0 -240.0
1898.8 97.0 414.0 -237.6
1908.9 82.0 385.0 -230.4
1924.5 77.0 428.0 -231.6
1925.9 101.0 413.0 -243.6
1940.4 99.0 398.0 -243.6
1956.0 95.0 389.0 -240.0
1974.4 96.0 428.0 -248.4
1974.8 79.0 460.0 -241.2
1984.3 86.0 472.0 -247.2
1993.3 96.0 394.0 -244.8
2004.1 89.0 479.0 -248.4
2018.0 100.0 414.0 -250.8
2019.6 91.0 485.0 -253.2
2025.5 82.0 458.0 -246.0
2029.8 80.0 451.0 -243.6
2034.1 93.0 410.0 -249.6
2039.8 91.0 503.0 -254.4
2043.9 81.0 451.0 -244.8
2046.1 101.0 424.0 -255.6
2061.3 85.0 489.0 -252.0
2065.2 102.0 428.0 -256.8
2067.3 95.0 427.0 -258.0
2071.5 84.0 411.0 -243.6
2081.6 97.0 431.0 -260.4
2088.3 83.0 414.0 -247.2
2100.0 97.0 433.0 -261.6
2112.9 94.0 496.0 -261.6
2118.6 86.0 463.0 -252.0
2122.1 88.0 459.0 -253.2
2122.4 90.0 456.0 -256.8
2126.4 91.0 443.0 -259.2
2127.1 103.0 450.0 -262.8
2132.8 87.0 421.0 -255.6
2137.5 103.0 450.0 -264.0
2144.3 92.0 435.0 -258.0
2144.5 89.0 442.0 -259.2
2147.1 95.0 507.0 -262.8
2148.1 104.0 447.0 -264.0
2155.2 97.0 510.0 -265.2
2155.9 104.0 452.0 -265.2
2164.6 95.0 474.0 -261.6
2166.6 92.0 466.0 -261.6
2186.2 102.0 452.0 -266.4
2189.0 101.0 455.0 -266.4
2191.1 97.0 487.0 -265.2
2192.0 99.0 481.0 -266.4
2192.0 96.0 466.0 -262.8
