11111101011000011110101010011010001100100010000011111101001011101100111011111000100100110001000111110001111110111010010111010000011110000011100001100100000011010001001101011110011011101010001001011011111100111001111011110011101100001010011000001001110111111000011110111011001110000111111010
11111101011000011110101010011010011100100010000011111101000011101100111011111000100100110001000111110001111110111010010111010000011110000011100001100100000011010001001101011110011011101010001001011011111100111001111001110010001100001010011000011001111111111000011110111011001111000111111010
11111101011000011110101010011010001100100010000011111101000011101100111011111000100100110001000111110001111110111010010111010000011110000011100001100100000011010001001101011110011011101010001001011011111100111001111001110010001100001010111001011001111111111000011110111011001111000111111010
11111101011000011110101010011010001100100010000011111101001011101100111011111000100100110001000111110001111110111010010111010000011110000011100001100100000011010001001101011110011011101010001001011011111100111001111001110010001100001010111001011001111111111000011110111011001111000111111010
11111101011000011110101010011010001100100010000011111101001111101100101011111000111100110001000111110101111110111011001111000000011110000011100001100100000011010001001101011110001011101111001011011111111100111011111001110010001100001010011000011001111111111000011110111011001111000111110010
11111101011000011110101010011010001100100010000011111101001111101100101011111000110110111001000011110101111110111011000111001100001100000011110001110110011010111111001101011110001011101010001001011011111100111001111011110011101100001010011000001001110111111000011110111011001110000111111010
11111101011000011110101010011010001100100001001011001101001011101100111011111000100100110001000111110001111110111010010111010000010110000011100001100100000011010001001101011111001011101110001001111111111101111011111001110010001100001010111001011001111111111000011110111011001111000111111010
11111101011000011110101010011010001100100010000011111101011011101100101011111000111100110001000111110101111110111011001111000000011110000011100001100100000011010001001101011110001011101111001011011111111100111011111001110010001100001010011000011001111111111000011110111011001111000111111010
11111101111010011110101000111010001110100001001011101101001011101100111011111000100100110001000011110001111110111010010111010000010110000011100001100100000011010001001101011110011011101010001001011011111100111001111001110010001100001010111001011001111111111000011110111011001111000111111010
11111101011000011110101010011010001100100001001011001101001011101100111011111000100100110001000111110001111110111010010111010000010110000011100001100100000011010001001101011110011011101111001011011111111100111011111001110010001100001010011000011001111111111000011110111011101111000111110010
11111101011000011110101010011010001100100010000011111101001011101100111011111000100100110001000111110001111110111010010111010000011110000011100001100100000011010001001101011110011011101111001011011111111100111011111001110010001100001010011000011001111111111000011110111011001111000111111010
11111101011000011110101010011010001100100010000011111101001111101100111011111000110010111001000011110101111110111011000111000000011100000011100001101100000011010001001101011110011011101111001011011111111100111011111001110010001100001010011001011001111111111000011110111111001111000011111010
11111101011000011110101010011010001100100010000011111101001111101100101011111000110110111001000011110101111110111011010111001100001100000011110001110110011010111111001101011110001011101010001001011011111100111001111011110011101100001010011000001001110111111000011110111011001110000111111010
11111101011000011110101010011010001100100010000011111101001111101100101011111000110110111001000011110101111110111011000111001100001100000011110001110110011010111111001101011110001011101010001001001011111100111001111011110011101100001010011001011001110111111000011110111011001110000111111010
11111101011001011110101010011010001100100010000011111111001111101100111011111000110110111001000011110101111110111011000111000010011100000011100001101100000010010001001101011110011011101111001011011111111100111011111001110010001100001010011001011001111111111000011110111011001111000011111010
11111101011000011110101010011010001101100010000011111101001111101100111011111000110110111001000011110101111110111011000111001100001100000011110001110110011010111101001101011111001011101010001001011111111100111001111011110011101100001010011000001001110111111000011110111011001110000111111010
11111101111010011110101000111010001110100001001011101101001011101100111011111000100100110001000011110001111110111010010111010000010110000011100001100100000011010001001101011111001011101110001001011111111101111011111001110010001100001010111001011001111111111000011110111011001111000111111010
11111101011000111111101000111010001110100011000011111101001111101100111011111000110110111001000011110101111110111011001111001000001100000011110001110110011010111101001101011111001011101010001001011111111100111001111011110011101100001010011000001001110111111000011110111011001110000111111010
11111101011000111111101000111010001110100011000011111101001111101100111011111000110100111001000011110101111110111011000111001100001100000011110001110110011010111101001101011110001011101010001011011111111100111001111011110011101100001010011000001001110111111000011110111011001110000111111010
11111101011000111111101000111010001110100011000011111101001111101100111011111000110100111001000011110101111110111011000111001100001100000011110001110110011010111101001101011110001011101010001011011011111101111011111001110010001100001010011000011001111111111000011110111011001101000111110010
11111101111010011110101000111010001110100001001011101101001011101100111011111000100100110001000111110001111110111010010111010100011110000011100001100100000011010001001101011110011011101111001011011111111100111011111001110010001100001010011000011001111111111000011110111011001111000111111010
11111101011000111111101000111010001110100011000011111101001111101100111011111000110110111001000001110101111110111011001111001000001100000011110001110110011010111101001101011110001011001110101001111111111101110011111011110010011100001010010000011001111111111000011110111111001111000011111010
11111101011001111111101000111010001110100011001011111101001011101100111011111000100100100001000111110001111110111010010111010000011110000011100001100100000011010001001101011110011011101111001011011111111100111011111001110010001100001010011000011001111111111000011110111011001111000111111010
11111101011000011110101010011010001100100010000011111101001111101100101011111000110110111001000011110101111110111011001111101100101101000011110001111110011010111111001101011111001011001110101001111111111101111011111001110010001100001010011001011001110111111000011110111011001110000111111010
11111101011000111111101000111010011110100011000011111101001111101100111011111000110100111001110111110101111110101111001111000100011100000011110001110110011010111101001101011110001011101010001011011111111100111001111011110011101100001010011000001001110111111000011110111011001110000101111010
11111101011001111111101010111010001110100001001011101101001011101100111011111000100100110001000111110001111110111010010111010100011110000011100001100100000011010001001101011110011011101111001011011111111100111011111001110010001100001010011000011001111111111000011110111011001111000111111010
11111101011000011110101010111010001100100010000011111101001111101100111011111000110100111001000011110101111110111011001111101100101101000011110001111110011010111111001101011111001011001110101001111111111101111011111001110010001100001010011001011001110111111000011110111011001110000111111010
11111101011000011110101010011010001100100010000011111101001111101100101011111000111100110001000111110101111110111011001111000000011110000011100001100100000011010001001101011110001011101111001011011111111100111011111011110011001100001010011001011001111111111000011111111111101111101111111010
11111101011000111111101000111010001100100011000011111101001111101100111011111000110100111001000011110101111110111011001111101100101101000011110001111110011010111111001101011111001011001110101001111111111101111011111001110010001100001010011000011001110111111000011110111011001110000111111010
11111101011000111111101000111010001110100011000011111101001111101100111011111000110100111001000011110101111110111011000111001100001000000011110001110110011010111111001101011111001011101110001001111111111101111011111011110010001100001010111001011001111111111000011110111011001111000111111010
11111101011000111111101000111011001100100011000011111101001111101100111011111000110100111001000011110101111110111011001111101100101101000011110001111110011010111111001101011111001011001110101001111111111101111011111001110010000100001010011000011001111111111000011110111011001111000111111010
11111101011000111111101000111011001100100011000011111101001111101100111011111000110100111001000011110101111110111011001111101100101101000011110001111110011010111111001101011111001011001110101001111111111101111011111001110010001100001010011001011001110111111000011110111011001110000111111010
11111101011001111111101010111010001110100001000011111101000111101100111011111000110110101001000011110101111110111011001111001100101100000011110001111110011010111111001101011111001011001110101001111111111101111011111001110010001100001010111001011001110111111000011110111011001110000111111010
11111101011000111111101000111010001100100011000011111101001111101100111011111000110100111001000011110101111110111011001111101100101101000011110001111110011010111111001101011111001011101110001001111111111101111011111001110010001100001010011000011001111111111000011110111011001111000111110010
11111101011010011110101000111010001110100001001011101101001011101100111011111000100100110001000111110001111110111010010111010000011111000011100001100100000011010001001101011110011011101100001001111111111101111011111011110010001100001010111001011001111111111000011111111111111111000111111010
11111101011110011110111110010110011100011011000011111101000111101110111011111000111111111001110111110101111110111011011111001100011100000011100001101100000011010011001111001110011011101111001010011111111100111011111001110010011100001010011000001001111111111000011110111011001111001111110010
11111101011010011110101000111010001110100001001011101101001011101100111011111000100100110001000111110001111110111010010111010000011110000011100001100100000011010001001101011110011011101100001001111111111101111011111011110010001100001010111001011001111111111000011111111111111111001111110010
11111101111110111111101000111010001100100011000011111101001111101100111011111000111100111001000011110101111110111011001111101100101101000011110001111110011010111101001101011110001011101010001011011011111101111011111001110010001100001010011000011001111111111000011110111011001101000111110010
11111101011000111111101000111010011110100011000011111101001111101100111011111000110100111001000011110101111110111011001111101100101101000011110001111110011010111111001101011111001011101110101001111111111101111001111011110010001100001010111001011001111111111000011110111011001111000111111010
11111101111010011111101010011010001100101010001011111111001011101110111111111000100100111001110101110101111110101011001111000100011100000011100001101100000011010011001111011110011011101111001010011111111100111011111001110010011100001010011000001001111111111000011110111011001111001111110010
11111101011000111111101000111010011110100011000011111101001111101100111011111000110100111001000011110101111110111011001111101100101101000011110001111110011010111111001101011111001011101110101001111111111101111011111011110010000100001010011000011001111111111000011110111011001111101101111010
11111101011000011110101010011010001100100010000011111101001111101100101011111000110110111001000011110101111110111011010111001100001100000011110001110110011010111111001101011110001011101010001011011111111101111011111011110011001100001010111001011001111111111000011111111111101111101111111010
11111101011000111111101000111010011110100011000011111101001111101100111011111000110100111001000011110101111110111011001111101100101101000011110001111110011010111111001101011111001011101110101001111111111101111011111011110010001100001010111001011001111111111000011110111011001111000111111010
11111101011000011110101010011010001100100011000111111111011011101110111111111000101100111001000101100001111110101010010111010000011100000011100001101100000011111111001101011110011011101111011110111011111101111011111001110010000100001010011000011001111111111000011110111011001111101101111010
11111101011000111111101000111011001100100011000011111101001111101100111011111000110100111001110111110101111110101111001111000100011100000011100001111110011011011111001101011110011011101111111111111011111101111011111001110010000100001010111000011001111111111000011110111011001111101111111010
11111101111110111111111110111011011110111010000011111011101111101110111011111000110011111011100111110111111110111011001111000100011110000011100001100100000011010001001101011110011011101010001001011011111100111001111001110010001100001010111001011001111111111000011110111011001111000111111010
11111101111110111111101000111010001100100011000011111101001111101100111011111000111100111001000011110101111110111011001111101100101101000011110001111110011010111111001101011111001011101110001001111111111101111011111001110010001100001010111001011001111111111000011110111011001111000111111010
11111101011000011110101010011010001100100010000011111101101111101110111011111000111110111001110111110101111110111011011110100110011101000011100001111110011010111111001101011111001011101110101001111111111101111011111011110010001100001010111001011001111111111000011110111011001111000111111010
11111101111010011110101000111010001110100001001011101101001011101100111011111000100100110001000111110101111110111011011111001110011101000011100001111110111011011111001101011110011011101111001011111111111100111011111011110110011100001010011000011001111111111000011110111011001111101111111010
11111101011110011110101010011011001111101011000111111111001011101110111111111000100100111001110111110101111110101111001111000100011100000011100001111110001011011111001101011110011011101111011111111011111101111011111001110010001100001010011000011001111111111000011110111011001101000111110010
11111101011001111111101010111010001110100001000011111101001111101100111011111000110110111001000011110101111110111011001111101100101100000011110001111110011010111111001101011110011011101111101001111111111101111011111011110010111100001010011001011001111111111000011110111011101111000111111010
11111101011001111111101010111010001110100011000011111101000111101100111011111000110110101001000011110101111110111011001111001100101100000011110001111110011010111111001101011111001011101110101001111111111101111011111011110010001100001010111001011001111111111000011111111111111111001111110010
11111101011110011110101010011011001111101011000111111111001011101110111111111000100100111001110111110101111110111011001111101100101101000011110001111110011010111111001101011111001011101110101001111111111101111011111011110010001100001010111001011001111111111000011110111011001111000111111010
11111101011110011110111110010110011100011010000011111011101111101110111011111000111111111001110111110101111110111011011111001110011101000011100001111110111010011111001101011110011011101111011011011111111101111011111011110110011100001010010000011001111111111000011110111011001111100111111010
11111101111110111110101010011011001111101011000111111111011011101110111111111000101100111011000101100001111110101010010111010000011100000011100001101100000011111111001101011110011011101111011110111011111101111011111001110010000100001010011000011001111111111000011110111011001111101101111010
11111101111110111110101010011011001111101011000111111111001011101110111111111000100100111001110111110101111110101111001111000100011100000011100001111110001011011111001101011110011011101111011111111011111101111011111001110010001100001010011000011001111111111000011110111011001101000111110010
11111101111110111110101010011011001111101011000111111111011011101110111111111000101100111001000101100001111110101010010111010000011100000011100001101100000011111111001101011110011011101111011111111011111101111011111001110010000100001010011000011001111111111000011110111011001111101101111010
11111101011110011110111110111010011110110001001011111101001011101100111011111000110110111001000011110101111110101011001111101100101101000011110001111110011010111101001101011111001011101110101001111111111101111011111011110010001100001010111001011001111111111000011111111111111111001111110010
11111101011110011110111110010110011100011110000011111011101111101110111011111000111111111001110111110101111110111011011111001110011101000011100001111110111011011111001101011110011011101111001011011111111100111011111001110010001100001010011001011001111111111000011110111011101111001111110010
11111101011000011110101010011010001100100010000011111101101111101110111011111000111110111001110111110101111110111011011110100110011101000011100001111111011011111111001101011110011011101111011011011111111101111011111011110110011100001010011000011001111111111000011110111011001111000111111010
11111101111000111111101001111010001111100011000111111111011111101110111111111000100100111001100111110101111110111111010111001100101100000011110001111110011010111111001101011111001011101110101001011111111101111011111011110010001100001010011000011001111111111000011110111011001111101111111010
11111101011111111111111110111010011110110001001011111101001011101100111011111000110110111001000011110101111110101011001111101100101101000011110001111110011010111101001101011111001011101110101001111111111101111011111011110010001100001010111001011001111111111000011111111111111111001111110010
11111101111110111110101010011011001111101111000111111111011011101110111111111000111110111001110111110101111110111011001111000000011110000011100001100100000011010001001101011110001011101111001011011111111100111111111011110010111100001010011001011001111111111000011111111111101111001111110010
11111101011110011110111110010110011100011110000011111011101111101110111011111000111111111001110111110101111110111011011111001110011101000011100001111110111011011111001101011110011011101111001011011111111100111011111001110010001100001010011001011001111111111000011111111111101111101111110010
11111101011001111111101010111010001110100011000011111101000111101100111011111000111111111001110101110101111110111011011111001110011101000011100001111110111011011111001101011110011011101111001011011111111100111011111001110010001100001010011001011001111111111000011111111111101111101111110010
11111101111010011111101010111010001111100011000111111111011011101110111111111001111110111001110111110101111110111011000111001100001100000011110001111110011010111111001101011110001011101111011101011111111101111011111011110010001100001010011000011001111111111000011110111011001111000111111010
11111101111110111111111110111011011110111010000011111011101111101110111011111000110111111011100111110111111110111011001111000110011101000011110001111110011011011111001101011110011111101111111011011111111101111011111011110110011100001010011000001001110111111000011110111011001111000011111010
11111101111010011110101010111011001111101011001111111111011011101110111111111000100100111001010111110001111110111011011111001110011101000011100001110111000011111111001101011110011011101111011111111111111100111011111001110010011100001010011000001001111111111000011110111011001111001111110010
11111101111110111110101010011011001111101011000111111111011011101110111111111000100100111001110111110101111110111011011111001110011101000011100001110111000011111111001101011110011011101111011111111111111100111011111001110010011100001010011000001001111111111000011110111011001111001111110010
11111101111110111110101010011011001111101011000111111111011011101110111111111000100100111001110111110101111110111011011111001110011101000011100001110111000011111111011101011110011001101111011111111111111101111011111001110010000100001010011000011001111111111000011111111111001111000011111010
11111101111110111110101010011011001111101011000111111111011011101110111111111000100100111001110111110101111110111011011111001110011101000011100001110111000011111111011101011110011001101111011111111111111101111011111001110010011100001010011000001001111111111000011110111011001111001111110010
11111101111110111110101010011011001111101011000111111111011011101110111111111000111110101001110111110101111110111011011111001110011101000011100001111111011011111111001101011110011011101111011111111111111101111011111001110010000100001010011000011001111111111000011110111011001111000111111010
11111101111110111111111110111011011110111010000011111011101111101110111011111000110111111011100111110101111110111011001111000110011101000011110001111110011011011111001101011110011111101111111011011111111101111011111011110110011100001010011000011001111111111000011110111011001111101111111010
11111101111110111111111110111010011111100011000111111111011011101110111011111000110111111001110111110101111110111011011111001110011101000011100001111110111010011111001101011110011011101111011011011111111101111011111011110110011100001010010000011001111111111000011110111011011111100111111010
11111101111000111111101001111010001111100011000111111111011011101110011111111000100100111001110111110101111110111111010111001110011101000011100001111111011011111111001101011110011111101111011101111111111100111011111011110011001100001010111001011001111111111000011110111011001111000111111010
11111101111110111110101010011011001111101011000111111111011011101110111111111000100100111001110111110101111110111011011111001110011101000011100001110111000011111111011101011110011001101111011111111111111101111011111001110010000100001010011001011001111111111000011111111111101111001111111010
11111101111110111110101010011011001111101011000111111111011011101110111111111000100101111001110111110101111110111011011111001110011101000011100001110111000011111111001101011110011011101111011111111111111100111011111001110010011100001010011000001001111111111000011111111111101111101111111010
11111101111110111111111110111010001111100011000111111111011111101110111011111000110111111011100111110101111110111011001111000110011101000011110001111110011011011111001101011110011111101111111011011111111101111011111011110110011100001010011000011001111111111000011110111011001111101111111010
11111101111010111111111110111010011111100011000111111111011011101110111111111001111110111101110111110101111110111011011111001110011101000011100001111111011011111111001101011110011111101111001011011111111100111011111001110010001100001010011001011001111111111000011110111111001111000011111010
11111101111110111110101010011011001111101011000111111111011011101110111111111000100100111001110111110101111110111011011111001110011101000011100001110111000011111111011101011110011011101111011011011111111101111111111011110010111100001010011001011001111111111000011111111111101111001111110010
11111101111110111110101000011011001111101011000111111111011011101110111111111000111110111001110111110101111110111011011111001110011101000011100001111111011011111111001101011110011111101111011101111111111101111011111011110011001100001010011001011001111111111000011110111011101111000111111010
11111101111110111110101011011011001111101011000011111111011011101110111111111000100100111001110111110101111110111011011111001110011101000011100001110111000011111111011101011110011111101111011101111111111101111011111011110011001100001010011000011001111111111000011111111111101111001111110010
11111101111000111111101001111010001111100011000111111111011011101110011111111000100100111001110111110101111110111111010111001110011101000011100001111111011011111111001101011110011111101111011101011111111101111011111011110010001100001010111001011001111111111000011111111111111111001111110010
11111101111110111110101010011011001111101011000111111111011011101110111111111000111110111001110111110101111110101011011111001110011101000011100001111111011011111111001101011110011111101111011101011111111101111011111011110010001100001010011001011001111111111000011111111111101111001111111010
11111101011111111111111110111010011110110010000011111011101111101110111011111000111111111001110111110101111110101111010111001110011101000011100001111111011011111111001101011110011111101111011101111111111101111011111011110010001100001010011001011001111111111000011111111111101111001111111010
11111101111000111111101001111010001111100011000111111111011011101110011111111000100100111001110111110101111110111111010111001110011101000011100001111111011011111111001101011110011111101111011101111111111101111011111011110011001100001010111001011001111111111000011111111111101111101111110010
11111101111110111110101010011011001111101011000111111111011011101110111111111000111110111001110111110101111110111011011111001110011101000011100001111111011011111111001101011110011111101111011101111111111101111011111011110011001100001010011000011001111111111000011111111111101111001111110010
11111111111110111110101010011011001111101011000111111111011011101110111111111000111110111001110111110101111110101011011111001110011101000011100001111111011011111111001101011110011111101111011101011111111101111111111011110010001100001010010001011001111111111000011111111111101111001111111010
11111101111110111111111110111011011110111010000011111011101111101110111011111000110011111011100111110111111110111011001111000110011101000011110001111111011011111111001101011110011111101111011101111111111101111011111011110011001100001010111001011001111111111000011111111111101111101111110010
11111101111110111110101010011011001111101011000111111111011011101110111111111000111110111001110111110001111110111111010111001111011101000011100001111111011011111111001101011110011111101111011101111111111101111011111011110011001100001010111001011001111111111000011111111111101111101111110010
11111101111110111110101010011011001111101011000111111111011011101110111111111000111110111001110111110001111110111111010111001110011101000011100001111111011011111111001101011110011111101111011101111111111101111011111011110011001100001010111001011001111111111000011111111111101111101111110010
11111101111000111111101001111010001111100011000111111111011011101110111111111000100100111001110111110101111110111111010111001110011101000011100001111111011011111111001101011110011111101111011101111111111101111011111011110011001100001010111001011001111111111000011111111111101111101111111010
11111101111000111111101001111010001111100011000111111111011011101110111111111000100100111001110111110101111110111111010111001110011101000011110001111111011011111111001101011110011111101111011101111111111101111011111011110011001100001010111001011001111111111000011111111111101111101111111010
11111101111110111111111110111010001111100011000111111111011011101110111111111000100100111001110111110101111110111111010111001110011101000011110001111111011011111111001101011110011111101111011101111111111101111011111011110011001100001010111001011001111111111000011111111111101111101111111010
11111101111110111111111110111010011111100011000111111111011011101110111111111001111110111001110111110101111110111011011111101110011101000011100001110111000011111111011101011110011011101111111011011111111101111111111011110010111100001010011001011001111111111000011111111111101111001111110010
11111101111110111111111110111010011111100011000111111111011011101110111111111001111110111001110111110101111110111011011111101110011101000011100001110111000011111111011101011110011011101111111011011111111101111111111011110010111100001010011001011001111111111000011111111111101111001111111010
11111101111110111111111110111010011111100011000111111111011011101110111111111001111110111001110111110101111110111011011111101110011101000011100001110111000011111111011101011110011011101111111011011111111101111011111011110011001100001010111001011001111111111000011111111111101111101111111010
11111101111010111111111110111010011111100011000111111111011011101110111111111001111110111001110111110101111110111011011111001110011101000011100001111111011011111111001101011110011111101111011101111111111101111111111011110010001100001010111001011001111111111000011111111111111111000111111010
11111101111010111111111110111010011111100011000111111111011011101110111111111001111110111001110111110101111110111011011111001110011101000011100001111111011011111111001101011110011111101111011101111111111101111011111011110011001100001010111001011001111111111000011111111111101111101111110010
11111101111010111111111110111010011111100011000111111111011011101110111111111001111110111001110111110101111110111011011111001110011101000011100001111111011011111111001101011110011111101111011101111111111101111011111011110011001100001010111001011001111111111000011111111111101111101111110010
