11111101011000111110101000010111011110000001111011101101000011110100000011111101100100110011111101101011111111101111100111001110101001011100000001110110011011110101111101111100001101101010000101011011101111111100110001010010001100001011110100001001110010111111110111111011000101111011111110
11111101011000111110101000010111011110000001111011101101000011110100000011111101100100110011111101101011111111101111100111001110101001011100000001110110011011110101111101111100001101101010000101011011101111111100110001010010001100001011110100001001110010111111110111111011010101111011111110
11111101011000111110101000010111011110000001111011101101000011110100000011111101100100110011111101101011111111101111100111001110101001011100000001110110011011110101111101111100001101101010000101011011101110111001110001010010111100001111110100011001110010111111110111111011000101111011111110
11111101011000111110101000010111011110000001111011101101000011110100000011111101100100110011111101101011111111101111100111001110101001011100000001110110011011110101111101111100001101101010000101011011101110111001110001010010111100001111110100011001110010111111110111111011000101111011111110
11111101011000111110101000010111011110000001111011101101000011110100000011111101100100110011111101101011111111101111100111001110101001011100000001110110011011110101111101111100000111111010000111111111111111111001110001010010010100001011110100001001110010111111110111111011010101111011111110
11111101011000111110101000010111011110000001111011101101000011110100000011111101100100110011111101101011111111101111100111001110101001011100000001110110011011110101111101111100000111111010000111111111111111111001110001010010010100001011110100001001110010111111110111111011010101111011111110
11111101011000111110101000010111011110000001111011101101000011110100000011111101100100110011111101101111111111101111100111001110101001011100000001110110011011110101111101111100000111111010000111111111111111111001110001010010010100001011110100001001110010111111110111111011010101111011111110
11111101011000111110101000010111011110000001111011101101000011110100000011111101100100110011111101101011111111111111000111000110001001011100000001110110010111111101111101111100101101101010000111111011101111111100110001010010011100001011110100001001110010111111110111111011010101111011111110
11111101011000111110101000010111011110000001111111101101000011110100000011111101100100110011111101111011111111101111100111001110101001011100000001110110011011110101111101111100001101101010000101111011101111111100110001010010001100001011110100001001110010111111110111111011010101111011111110
11111101011000111110101000010111011110000001111111101101000011110100000011111101100100111011011101111111111111111111010111000111101001011100000001111110010110111101001101111100100101011010000011111011111110111001110001010010010100001011110100001001110010111111111110111111110101110011111110
11111101011000111110101000010111011110000001111011101101000011110100000011111101100100110011111101101011111111101111100111001110101001011100000001110110011011110101111101111100001101101010000101111011101110111100110001010010111100001011110100001001110010111111110111111111010101111111111110
11111101011000111110101000010111011110000001111111101101000011110100000011111101100100111011011101111111111111111111010111000111101001011100000001110110010111011101001101111100100101011010000111111011111111111001110001010010111100001011110100001001110010111111110110111111000100111011111110
11111101011001111110101000110111011110000001111111101101000011110100000011111101110100110011111101111011111111101011100111000110101001011100000001110110011011110101111101111100101101101010000111111011111111111100110001010010110100001011110100001001110010111111110111111011010101111011111110
11111101011000111110101000010111011110000001110111101101000011110100000011111101100100111011011101111011111111111111010111000111101001011100000001111110010111111101001101111100100101011010000011111011111110111001110001010010111100001111110100001001110010111111111110111111110111011011111110
11111101011000111110101000010111011110000000111111101101000011110100000011111101100100111011011101111111111111111111100111000110001001011100000001110110010111111101111101111100101101101010000111111011101111111100110001010010010100001011110100001001110010111111110110111011010101111011111110
11111101011000111110101000010111011110000001111111101101000011110100000011111101100100111011011101111011111111111111010111000110101001011100000001110110010011110101111101111100101101101010000111111011111110111100110001010010010100001011110100001001111010111111110111111011010101111111111110
11111101011000111110101000010111011110000001111111101101000011110100000011111101100100111011011101111111111111111111010111000111101001011100000001110110011011110101001101111100100101011010000111111011111110111001110001010010111100001111110100001001110010111111110110111111110100111011111110
11111101011000111110101000010111011110000001111111101101000011110100000011111101100100111011111101111111111111111111000111000110001001011100000001110110010111111101111101111100101101101010000111111011101111111100110001010010011100001011110100001001110010111111110111111011010101111011111110
11111101011000111110101000010111011110000001111111101101000011110100000011111101100100111011011101111111111111111111010111000111101001011100000001111110010111111101001101111100100101011010000011111011111110111001110001010010111100001111110100001001110010111111111110111111110111011011111110
11111101011001111110101000110111011110000001111111101101000011110100000011111101110100110011111101111011111111101011100111000110101001011100000001110110011011110101111101111100100101011010000111111011111110111001110001010010111100001111110100001001111010111111111110111111110111011011111110
11111101011000111110101000110111011110000001111111101111000011110100000011111101100100111011011101111111111111111111010111000111101000011100000001110110011111011101001101111100100101011010000111111011111110111001110001010010111100001111110100011001110010111111110111111011000101111011111110
11111101011001111110101000110111011110000001111111101101000011110100000011111101110100110011111101111011111111101011100111000110101001011100000001110110011011110101111101111100100101011010000111111011111111111001110001010010111100001111110100001001111010111111111110111111110111011011111110
11111101011001111110101000110111011110000001111011101101100001110101001011111101110100110001111001111011111111111111101111000110101001011100010001111110010111110101001101111100100101011010000111111011111111111001110001010010111100001111110100001001111010111111111110111111110111011011111110
11111101011000111110101000010111011100000001111111101101000011110100000011111101100100111011011101111111111111111111010111000111101001011100000001111110011111011101001101111100100101011010000111101011111110111011110001010010111100001011110100001001110010111111110110111111010100111111111110
11111101011001111110101000110111011110001001111111101101000011110100000011111101110100110011111101111011111111101011100111000110101001011100000001110110011011110101111101111100100101011010000111111011111110111001110001010010111100001011110100001001111010111111110111111011110101111111111110
11111101111111111110101000110111011110101011111011101101100101110100000011111101110100110011111101111011111111101111100111000110101001011100000001110110010011110101111101111100101101101010000111111011111110111100110001010010010100001011110100001001111010111111110111111011010101111111111110
11111101011001111110101000110111011110000001111111101101000011110100000011111101110100110011111101111011111111101011100111000110101001011100000001110110011011110101111101111100101101101010000111111011111111111100110001010010110100001011110100001101111010111111110111111111110101111111111110
11111101011001111110101000110111011110101011111011101101100101110100000011111101110100110011111101111011111111111111110111010111101001111100010001111111011111111001001101111100101101011010000111111011111110111001110001010010111100001011110100001001110010111111110110111111000100110011111110
11111101111111111110101000010111011110000001111111101101000011110100000011111101100100111011111101111111111111111111000111000110011001011100000001110110010111111101111101111100101101101010000111111011101111111100110001010010011100001011110100001001110010111111110111111011010101111011111110
11111101011001111110101000110111011110000001111011101101000011110100101011111101111101110011111101111111111111111111110111000111101001111100010001110110011011110101001101111100100101011010000111111011111110111001110001010010111100001111110100001001111010111111111110111111110101110011111110
11111101011001111110101000110111011110000001111011101101100011110101001011111101110100110011111001111011111111111111110111110111101001111100010001111111011111111101001101111100100111111010000111111111111111111001110001010010010100001011110100001001110010111101110111111011010101111011111010
11111101111111111110101000110111011110000001111111101101000011110101000011111101100100111011011101111111111111111111010111000111101001011100000001110110011111011101001101111100100101011010000111111011111110111001110001010010111100001011110100001001110010111111111110111111110111011011111110
11111101011001111110101000110111011110000001111111101101000011110100101011111101111101110011111101111111111111111111110111000111101001111100010001110110011011110101001101111100100101011010000111111011111110111001110001010010111100001111110100001001110010111111110110111111110100111011111110
11111101011001111110101000110111011110000001111111101101000011110100101011111101111101110011111101111111111111111111110111000111101001111100010001110110011011110101001101111100100101011010000111111011111110111001110001010010111100001111110100001001110010111111111110111111110111011011111110
11111101011000111110101000010111011110000001111111101101000011110100000011111101100100111011011101111011111111111111101111000110101101011100010001110110010111111101111101111100111101111010000111111011101111111110110001010110011100001011110100001001110010111111110111111011010101111111111110
11111101011001111110101000110111011110000001111111101101000011110100101011111101111101110011111101111111111111111111110111000111101001111100010001110110011011110101111101111100100101011010000111111011111111111001110001010010111100001111110100001001110010111111111110111111110111011011111110
11111101011001111110101000110111011110000001111111101101000011110100101011111101111101110011111101111111111111111111110111100111101001111100010001110110011011110101001101111100100101011010000111111011111110111001110001010010111100001111110100001001111010111111111110111111110111011011111110
11111101011101111110101000111111111111101101111111101101000011110100000011111101100100111011111101111111111111111111000111000110011001011100000001110110010111111101111101111100101101101010000111111011101111111100110001010010011100001011110100001001110010111111110111111011010101111011111110
11111101111110111110101001111111111111101111110111101011000011110100000011111101100100111011111101111111111111111111000111000110001001011100000001110110010111111101111101111100101101101010000111111011101111111100110001010010011100001011110100001001110010111111110111111011010101111011111110
11111101111111111110101011111111111111101101111111111011100011110100000011111101100100110011111101111011111111101111100111001111101001011100000001110110011011110101111101111100001101101010000101111011101111111100110001010010011100001011110100001001110010111111110111111011000101111011111110
11111101011001111110101000110111011110000001111011101101100001110101001011111101110100110011111001111011111111111111110111110111101001111100010001111111011111111101001101111100100111111010000111111111111111111001110001010010111100001111110100001001111010111111111110111111110111011011111110
11111101011001111110101000110111011110000001111111101101000011110100101011111101111101110011111101111111111111111111110111000111101001111100010001110110011011110101001101111100100101011010000111111011111110111001110001010010111100001111111100001101111010111111110111111111110111111111111110
11111111011000111110101001111111111111101101111111101011100011110100000111111101111100110011111101111011111111101111100111000110101001011100000001110110011011110101111101111100001101101010000101111011101111111100110001010010011100001011110100001001110010111111110111111111110111111111111110
11111101011001111110101000110111011110101011111011101101100101110100000011111101110100110011101101111011111111111111110111010111101001111100010001111111011111111101001101111100101101011010000111111011111110111001110001010010111100001111110101011001111010111111110111111111110101111111111110
11111111111100111110101001111111111111101111111111101011100011110100000111111101111100110011111101111011111111101111100111000110101001011100000001110110010111111101111101111100100101011010000111111011111110111001110001010010111100001111110100001001110010111111110110111111110100111011111110
11111101011001111110101000110111011110000001111111101101000011110100101011111101111101110011111101111111111111111111110111011111101001111100010001111111011111111101001101111100101111011010000111111011111110111001110001010010111100001011110100001101110010111111110111111111010101111111111110
11111101111110111110101001111111111111101111111111101011100011110100000111111101101100110011111101111011111111101111100111000110101001011100000001110110010111111101111101111100101101101010010101111011101111111100110001010010011100001011010100001001110010111111110111111011010101111111111110
11111101011001111110101000110111011110000001111111101101000011110100101011111101111101110011111101111111111111111111110111000111101001111100010001110110111011110101111101111100100101011010000111111011111111111001110001010010111100001111110101011001111010111111110111111111110111111111111110
11111101111111111110101001111111111111101101111111101011100011110110100111111100111101111011111101111011111111111111100111001110101001011100000001110110011011110101111101111100000111111010000111111111111111111001110001010010010100001011110100001001110010111111110111111011010101011011111110
11111101111110111110101001111111111111101111111111101011100011110100000111111101101100110011111101111011111111101111100111000110101001011100000001110110010111111101111101111100101101101010010101111011101111111100110001010010011100001011110100001001111010111111110111111011010101111111111110
11111101011101111110101000111111111111101101111111101101000011110101101011111101111101110011111101111111111111111111110111000111101001111100000001110110011011110101111101111100100101011010000111111011111111111001110001010010111100001111110100001001110010111111111110111111110111011011111110
11111101011001111110101000110111011110000001111111101101000011110100101011111101111101110011111101111111111111111111110111010111101001111100010001111111011111111101001101111100100111111010000111111111111111111011110001010010111100001111110100001001111010111111111110111111110111011011111100
11111101111110111110101001111111111111101111111111101011100011110100000111111101101100110011111101111011111111101111100111000110101001011100000001110110010111111101111101111100101101101010010101111011101111111100110001010010011100001011110100001001111010111111110111111011110101111111111110
11111111111100111110101001111111111111101111111111101011100011110100000111111101111100110011111101111011111111101111100111000110101001011100000001110110010111111101111101111100101101101010010101111011111110111100110001010010111100001011110100001001110010111111110111111111110101111111111110
11111101011001111110101000110111011110000001111111101101100101110100000011111101110100110011111101111011111111101111100111000110101101111100010001110110111111111111111101111100111101111010000111111011101111111111110001010110111100001111110101011001111010111111110111111111110111111111111110
11111101011101111110101000111111111111101101111111101101000011110100101011111101111101110011111101111111111111111111110111010110101111011100010001110110011111111111111101111100111101111010000111111011111111111100110001010010001100001011110100001001110010111111110111111011010101111011111110
11111101111110111110101001111111101111101111111111101011100011110100000111111101101100110011111101111011111111101111100111000110101001011100000001110110010111111101111101111100111101111010000111111011101111111110110001010110011100001011110100001001111010111111110111111011110101111111111110
11111101011101111110101000111111111111101101111111101101000011110100101011111101111101110011111101111011111111111111110111010111101001111100010001111111111111111101001101111100100111111010000111111111111110111001110001010010111100001111110100001001111010111111111110111111110111011011111110
11111101111110111110101001111111111111101111111111101011100011110100000111111101101100110011111101111011111111101111100111000110101001011100000001110110010111111101111101111100111101111010000111111011101111111110110001010110011100001011110100001001111010111111110111111011110101111111111110
11111101011001111110101000110111011110000001111111101101000011110100101011111101111101110011111101111111111111111111110111011111101001111100010001111111011111111101001101111100101111111010000111111111111111111011110001010010111100001111111100001101111010111111110111111111110111111111111110
11111101111111111110101001111111111111101101111111101011100011110110100111111100111101111011111111111011111111111111101111000110101101011100010001110110010111111101111101111100111101111010000111111011101111111100110001010010011100001011110100001001110010111111110111111011010101111111111100
11111101111111111110101001111111111111101101111111101011100011110110100111111100111101111011111111111011111111111111101111000110101101011100010001110110010111111101111101111100111101111010000111111011101111111100110001010010011100001011110100001001111010111111111110111111110111011011111110
11111101111110111110101001111111111111101101111111101011100011110110100111111100111101111011111111111011111111111111101111000110101101011100010001110110010111111101111101111100111101111010000111111011101111111100110001010010011100001011110100001001110010111111110111111111110101111111111110
11111101111111111110101011111111111111101101111111111011110011111110000111111101101101111011111101101111111111101111100111000110101001011100000001110110011011110101111101111100101101101010000111111011111110111100110001010010010100001011110100001001111010111111110111111111110101111111111110
11111101011111111110101001111111111111101101111111101011110011111110001111111100111101111011111111111011111111111111101111000110101101011100010001110110010111111101111101111100111101111010000111111011101111111110110001010110011100001011110100001001110010111111110111111011010101111111111110
11111111011110111110101001111111111111101101111111101011110011111110001111111100111101111011111111111011111111111111101111000110101101011100010001110110010111111101111101111100111101111010000111111011101111111110110001010110011100001011110100001001110010111111110111111011010101111111111110
11111111111100111110101001111111011111101101111111101011100011110110100111111100111101111011111111111011111111111111101111000110101101011100010001110110010111111101111101111100111101111010000111111011101111110110110001010110011100001011110100001001111010111111110111111111010111111111111110
11111101011111111110101001111111111111101101111111101111110011111110000111111101111101111011111101101111111111111111111111000110101111011100010001110110010111111101111101111100101101101010010101111011101111111100110001010010011100001011110100001001110010111111110111111011010101111111111110
11111101011101111110101000111111111111101101111111101101000011110100101011111101111101110011111101111111111111111111110111010111101001111100010001111111111111111101001101111100100111111010000111111111111111111011110001010010111100001111111100001101111010111111110111111111110101111111111110
11111101011101111110101000111111111111101101111111101101000011110101101011111101111101110011111101111111111111111111110111010111101001111100010001111111111111111101001101111100100111111010000111111111111111111011110001010010111100001111111100001101111010111111110111111111110101111111111110
11111101011001111110101000111111111111101101111111101011100011110110100111111100111101111011111111111011111111111111101111000110101101111100010001110110010111111101111101111100111101111010000111111011101111111110110001010011111100001111110101011001111010111111110111111111110101111111111110
11111101111111111110101011111111111111101001111111101011100011110110100111111100111101111011111111111011111111111111101110000110101101011100010001110110010111111101111101111100111101111010000111111011101111111110110001010110011100001011110100001001111010111111110111111111110111111111111110
11111101111111111110101011111111111111101101111111111011110011111110000111111101101101111011111101101111111111111111111111001110101111011100010001110110011111010111111101111100011101111010000111111011111110111100110001010010111100001011110100001001110010111111110111111111010101111111111110
11111101011111111110101001111111111111101101111111101011110011111110001111111101111101111011111101101111111111111111111111000110101111011100010001110110011111111111111101111100111101111010000111111011101111111110110001010110011100001011110100001001110010111111110111111011010101111111111110
11111101011000111110101011111111111111101101111111111011110011111110000111111101101101111011111101101111111111111111111111001110101111011100010001110110011111110111111101111100111101111010000111111011101110111100110001010010111100001111110100011001111010111111110111111111110101111111111110
11111101111111111110101011111111111111101101111111111011110011111110000111111101101101111011111101101111111111111111111111001110101111011100010001110110011111110111111101111100111101111010000111111011111110111100110001010010111100001011110100001001110010111111110111111111010101111111111110
11111101011111111110101001111111111111101101111111101011110011111110001111111101111101111011111101101111111111111111111111000110101110011100010001110111011111111101001101111100101111111010000111111011111111111011110001010010111100001111111100001101111010111111110111111111110101111111111110
11111111111111111110101011111111111111101101111111101011000011110110100111111101111101110011111101111111111111111111110111010111101001111100010001111111011111111101001101111100100111111010000111111111111111111011110001010010111100001111111100101101111010111111110111111111110101110011111110
11111101111111111110101011111111101111101101111111111011110011111110000111111101101101111011111101101111111111111111111111001110101111011100010001110110111111111111111101111100111101111010000111111011101111111111110001010110111100001111110100001001110010111111110110111011010101111011111110
11111101111110011110101001111111111111101111111111111011110011111111100111111101111101110011111101111111111111111111111111000111101001011100010001111111011111111101001101111100101111111010000111111111111111111011110001010010111100001110111100001101111010111111110111111111110101111101111110
11111101111111111110101011111111111111101101111111111011110011111110000111111101101101111011111101101111111111111111111111001110101111011100010001110110011111110111111101111100111101111010000111111011111110111100110001010010010100001011110100001101111010111111110111111111110111111111111110
11111111111110111110101001111111111111101101111111101011100011110110100111111100111101111011111111111011111111111111101111000110101101111100010001110110010111111111111101111100111101111010000111111011101111111111110001010110111100001111110101011001111010111111110111111111110101111111111110
11111101111111111110101011111111111111101101111111111011110111110110100111111100111101111011111111111011111111111111101111000110101111111100010001110110111111111111111101111100111101111110000111111011101111111111110001010110111100001011110100001001110010111111110111111111010101111111111110
11111111011111111110101001111111111111101101111111111011110011111111100111111101111101110011111101111111111111111111111111000111101001011100010001111111011111111101001101111100101111111010000111111111111111111011110001010010111100001110111100001101111010111111110111111111110101111101111110
11111111111111111110101011111111111111101101111111101011000011110110100111111101111101110011111101111111111111111111110111010111101001111100010001111111011111111101001101111100100111111010000111111111111111110011110001010010111100001111111101011001111010111111110111111111110111111111111110
11111111011111111110101001111111111111101101111111111011110011111111100111111100111100111011111111111011111111111111101111000110101101111100010001110110010111111101111101111100111101111010000111111011101111111110110001010110111100001111111100011001111010111111110111111111110101111111111010
11111111011111111110101001111111111111101101111111111011110011111111100111111100111101111011111111111011111111111111101111000110101101111100010001110110010111111101111101111100111101111010000111111011101111111110110001010110111100001111111100011001111010111111110111111111110101111111111010
11111111111100111110101001111111111111101101111111111011110011111111100111111100111101111011111101111111111111111111110111010111101001111100010001111111011111111101001101111100101111111010000111111111111111111011110001010010111100001111111100001101111010111111110111111111110111111111111110
11111101111111111110101011111111111111101101111111111011110111110110100111111100111101111011111111111011111111111111101111000110101101111100010001110110111111111111111101111100111101111110000111111011101111111111110001010110111100001111110100011001111010111111110111111111110101111111111110
11111101111111111110101011111111111111101101111111111011110111110110100111111100111101111011111111111011111111111111101111000110101101111100000001110110111111111111111101111100111101111110000111111011101111111110110001010110111100001111111100011001111010111111110111111111110101111111111010
11111101111111111110101011111111111111101101111111111011110111110110100111111100111101111011111111111011111111111111101111000110101101111100010001110110111111111111111101111100111101111110000111111011101111111110110001010110111100001111111100011001111010111111110111111111110101111111111010
11111101111111111110101011111111111111101101111111111011110011111111100111111100111101111011111101111111111111111111110111010111101001111100010001111111011111111101001101111100100111111010000111111111111111111011110001010000111100001111111100001101111010111111110111111111110100111111111110
11111101111111111110101011111111111111101101111111111011100011110110100111111100111101111001111101111111111111111111111111000110101101111100010001110110111111111111111101111100111101111010000111111011101111111111110001010110111100001111110101011001111010111111110111111111110101111111111110
11111101111111111110101011111111111111101101111111111011110011111111100111111100111101111011111101111111111111111111110111010111101001111100010001111111011111111101001101111100101111111010000111111111111111111011110001010010111100001111111100001101111010111111110111111111110111111111111110
11111111111100111110101001111111111111101101111111101011110111111111100111111100111101111001111101111111111111111111111111010110101101111100010001110110111111111111111101111100111101111010000111111011101111111111110001010110111100001111110101011001111010111111110111111111110101111111111110
11111101111111111110101001111111111111101101111111111011010111111111100111111100111101111001111101111111111111111111111111010110101101111100010001110110111111111111111101111100111101111010000111111011101111111111110001010011111100001111110101011001111010111111110111111111110101111111111110
11111101111111111110101011111111111111101101111111111011110011111110000111111101101101111011111101101111111111111111111111001110101111011100010001110110111111111111111101111100111101111010000111111011101111111111110001010110111100001111110101011001111010111111110111111111110101111111111110
11111101111111111110101011111111111111101101111111111011110011111110000111111101101101111011111101101111111111111111111111001110101111011100010001110110111111111111111101111100111101111010000111111011101111111111110001010110111100001111110101011001111010111111110111111111110111111111111110
11111101111111111110101001111111111111101101111111111011110111111111100111111100111101111001111101111111111111111111111111010110101101111100010001110110111111111111111101111100111101111010000111111011101111111111110001010011111100001111110101011001111010111111110111111111110101111111111110
11111101111111111110101001111111111110101101111111111011110111111111101111111100111101111001111101111111111111111111111111010110101101111100010001110110111111111111111101111100111101111010000111111011101111111111110001010110111100001111110101011001111010111111110111111111110101111111111110
