1467.7 75.0 363.0 -86.5
1478.2 75.0 372.0 -87.0
1486.1 75.0 365.0 -87.0
1500.2 76.0 360.0 -87.0
1500.8 74.0 368.0 -86.0
1503.3 75.0 369.0 -87.5
1503.3 75.0 369.0 -87.5
1505.8 74.0 373.0 -87.0
1507.9 76.0 367.0 -87.5
1511.3 76.0 367.0 -88.0
1512.8 78.0 350.0 -86.0
1513.5 74.0 358.0 -87.0
1514.4 77.0 348.0 -87.0
1516.2 75.0 373.0 -88.0
1520.1 75.0 369.0 -88.0
1520.9 77.0 353.0 -87.5
1529.9 75.0 365.0 -88.0
1529.9 75.0 365.0 -88.0
1531.8 78.0 364.0 -88.5
1532.0 76.0 364.0 -88.5
1536.9 77.0 358.0 -88.0
1539.9 77.0 377.0 -89.0
1541.1 76.0 384.0 -89.0
1543.0 78.0 359.0 -88.5
1543.9 78.0 369.0 -89.0
1550.4 78.0 386.0 -89.5
1550.6 77.0 350.0 -88.0
1552.8 76.0 362.0 -88.5
1558.0 78.0 365.0 -89.0
1560.3 79.0 370.0 -89.5
1563.0 78.0 363.0 -89.0
1566.5 80.0 383.0 -90.0
1567.6 77.0 375.0 -89.0
1567.6 77.0 375.0 -89.0
1570.3 77.0 384.0 -90.5
1572.5 77.0 357.0 -88.5
1572.5 78.0 361.0 -89.0
1573.1 77.0 366.0 -89.5
1576.7 79.0 370.0 -90.0
1577.8 76.0 406.0 -90.5
1577.8 76.0 406.0 -90.5
1582.4 78.0 378.0 -90.0
1582.4 78.0 378.0 -90.0
1584.0 77.0 376.0 -90.5
1586.8 77.0 358.0 -89.5
1589.0 79.0 366.0 -90.0
1592.4 78.0 407.0 -91.5
1595.1 76.0 403.0 -90.5
1597.5 78.0 374.0 -90.0
1601.5 80.0 389.0 -91.0
1603.3 78.0 372.0 -90.0
1604.3 76.0 383.0 -90.5
1605.0 80.0 375.0 -91.0
1608.6 77.0 351.0 -89.5
1613.9 79.0 362.0 -90.0
1615.8 81.0 359.0 -90.5
1617.0 80.0 383.0 -91.5
1619.7 78.0 364.0 -90.0
1619.9 77.0 402.0 -91.0
1619.9 77.0 402.0 -91.0
1620.3 80.0 361.0 -90.5
1622.1 78.0 364.0 -90.5
1625.8 80.0 389.0 -92.0
1632.2 78.0 387.0 -91.0
1632.6 78.0 359.0 -90.0
1636.0 79.0 364.0 -91.0
1636.5 80.0 403.0 -92.5
1636.8 81.0 358.0 -91.0
1637.9 79.0 410.0 -92.0
1641.3 77.0 402.0 -91.5
1642.4 81.0 390.0 -92.5
1643.9 79.0 417.0 -92.5
1643.9 79.0 417.0 -92.5
1649.7 78.0 356.0 -90.5
1650.7 82.0 407.0 -93.0
1650.9 79.0 358.0 -91.0
1652.1 78.0 377.0 -91.5
1655.2 81.0 408.0 -93.5
1655.3 78.0 409.0 -92.0
1657.7 83.0 400.0 -94.0
1662.2 77.0 411.0 -92.5
1662.2 77.0 411.0 -92.5
1663.1 86.0 406.0 -95.5
1667.5 82.0 407.0 -93.5
1667.5 82.0 407.0 -93.5
1668.8 82.0 381.0 -92.5
1671.9 81.0 381.0 -92.0
1675.6 79.0 411.0 -93.0
1676.3 78.0 408.0 -92.5
1681.3 87.0 412.0 -96.0
1684.9 80.0 392.0 -93.5
1686.5 79.0 421.0 -93.5
1687.9 81.0 386.0 -93.0
1692.1 81.0 387.0 -93.5
1692.7 83.0 384.0 -94.0
1692.7 83.0 384.0 -94.0
1701.5 81.0 400.0 -94.5
1701.5 81.0 400.0 -94.5
1702.3 81.0 386.0 -93.5
1763.3 90.0 431.0 -99.0
