110111011010111011001001011010011010
111010111010111011001001011010011010
110111010110111011001001011010011010
111010110110111011001001011010011010
110111010110111011001001011011001010
111010111010111011001001010110011010
110111010110111011001001010110011010
110110111010111011001001010110011010
111010110110111011001001010110011010
110111010110111011001001010111001010
110111010110111011001001011011001100
110111010110111011001100010111001100
111010110110111011001001010110011100
110111010110111011001001010111001100
