93.4 6.0 27.0 -14.4
96.4 7.0 33.0 -15.6
99.6 5.0 26.0 -14.4
99.9 8.0 44.0 -18.0
102.6 9.0 48.0 -19.2
102.9 7.0 32.0 -16.8
105.7 5.0 25.0 -15.6
110.3 7.0 37.0 -18.0
110.9 10.0 58.0 -20.4
115.9 5.0 25.0 -16.8
118.5 10.0 58.0 -21.6
119.0 9.0 48.0 -22.8
126.2 10.0 49.0 -24.0
131.7 7.0 35.0 -21.6
133.0 5.0 25.0 -19.2
136.4 11.0 58.0 -25.2
140.6 5.0 25.0 -20.4
140.7 6.0 32.0 -21.6
142.5 12.0 67.0 -26.4
148.4 6.0 28.0 -21.6
151.7 8.0 38.0 -22.8
153.3 13.0 73.0 -27.6
159.4 13.0 73.0 -28.8
164.7 12.0 64.0 -30.0
168.6 8.0 39.0 -26.4
170.8 13.0 73.0 -31.2
179.0 6.0 28.0 -24.0
185.9 12.0 69.0 -32.4
186.7 14.0 83.0 -33.6
196.9 14.0 83.0 -34.8
204.1 11.0 61.0 -31.2
207.1 15.0 88.0 -36.0
209.8 8.0 41.0 -27.6
217.5 11.0 60.0 -32.4
219.4 5.0 25.0 -26.4
230.1 14.0 90.0 -37.2
231.4 6.0 28.0 -28.8
231.5 7.0 35.0 -30.0
232.9 15.0 91.0 -38.4
233.6 6.0 26.0 -27.6
236.9 8.0 33.0 -31.2
239.7 12.0 56.0 -32.4
248.0 17.0 92.0 -39.6
250.7 16.0 74.0 -37.2
251.8 7.0 37.0 -31.2
254.6 8.0 38.0 -32.4
257.3 9.0 42.0 -33.6
259.2 12.0 55.0 -34.8
263.7 11.0 52.0 -36.0
264.1 18.0 93.0 -40.8
266.3 17.0 97.0 -40.8
268.9 10.0 46.0 -34.8
272.1 17.0 97.0 -42.0
273.3 9.0 48.0 -36.0
275.9 10.0 47.0 -36.0
284.0 19.0 108.0 -43.2
284.5 14.0 75.0 -39.6
287.5 10.0 49.0 -37.2
288.5 16.0 88.0 -42.0
296.2 19.0 112.0 -44.4
303.8 11.0 50.0 -38.4
304.6 19.0 101.0 -44.4
305.9 18.0 103.0 -44.4
311.1 17.0 95.0 -43.2
315.0 18.0 102.0 -45.6
316.4 19.0 112.0 -46.8
321.3 13.0 56.0 -40.8
323.9 12.0 60.0 -40.8
324.0 17.0 99.0 -45.6
330.3 19.0 112.0 -48.0
340.1 15.0 64.0 -43.2
342.0 13.0 63.0 -42.0
343.5 14.0 66.0 -43.2
346.2 15.0 70.0 -44.4
349.2 18.0 81.0 -45.6
349.4 18.0 85.0 -46.8
352.2 20.0 113.0 -49.2
357.7 15.0 67.0 -44.4
360.4 16.0 71.0 -45.6
360.8 21.0 114.0 -50.4
363.0 17.0 76.0 -46.8
369.6 19.0 93.0 -49.2
373.2 18.0 81.0 -48.0
378.2 21.0 114.0 -51.6
379.0 19.0 89.0 -49.2
379.8 20.0 98.0 -50.4
385.9 21.0 107.0 -51.6
394.2 22.0 117.0 -52.8
