101000011000100100101001000000011010000000000000
101000011000100100101001000000011011000000000000
101000011000100110100001000000011010000000000000
101010011100100100100001000000011011000000100000
101010011110100100100001000000011011000000100000
001010011100100100001001000000011010010000100000
001000111000100100100001000000011011000000100000
001110011100100100100001000000011011000000100000
101010011110101100100001000000011011000000100000
011000111000100100100001000000011011000000100000
101010011110101100100001000000011011010000100000
101010011110100110100001100010011011000000100000
111010011110100110101001000010011011000000100000
111010111000100110100001000010011011010000000000
011100111000100110100001000010011011000000000000
101010011111100110101001000010011111000000100000
011100111000100110100001000010011011010000000000
111100111000100110100001000010011011010000000000
101010011111100110101001000010011111000000100001
011110111000100110100101000010011011000000000000
011110111001100110101001000010011011000000000000
101010011111100110001001100010011111000000100011
101010011111100110101001000010011111010000100011
101011111111100110101001100010011111000000100010
111110111010100110100011000010011011010000100000
101011111111100110101001100010011111000000100011
011110111000100110100011000000011011010010100000
111011111101100110101001100010011111010000100011
101011111111101110101001100010011111010000100011
111011111111101110101001100010011111010000100011
111101111011100110001001000010111111010000100011
111011111111101110101001100010011111011000100011
011000111001100110101101010010111111000000100010
101111111101100110101101010010111111000000100010
011000111000100110100111010010111011010010100000
111111111111101110100011100110011111010000100011
011110111000100110100111010010111011010010100000
111110111000100110100111010010111011010010100000
111111111111101110101011100110011111010000100011
011000111000100110100111010010111011010010101000
011110111010100110101111010010111011010010100000
011110111001100110001001000011011111010010111110
111111111111101110101001100010011111011000111011
111111111011100111011001100010011111011000101011
011110111001100110100111010010111111010010100000
011110111001100110101111010010111111010010100000
011110111011100110101111010010111111010010100000
111111111001100111111101010010111111000000100010
111011111001100110101111110010111111010000101010
111111111111101111111001100010011111011000101011
111111111111101110101011000110011111011010101011
111110111001100110101111010010111111010010101000
111111111111101110101011100110011111011010101011
111101111001100110101111110010111111010010100010
111100111011100110101111110010111111010010101000
111111111111101110101011100111011111011000111011
111011111111101110101111010010111111010010101010
111101111001100110101111110010111111010010101010
101011111111100110101011110111111111010011110110
111011111111101110101011110111011111011011110011
111101111001100110111111110010111111010010101010
111111111111101110111011100110011111011010111011
111111111011101110101011110111011111011011110011
111101111111100110101011110111111111011000111011
111011111111100110101011110111111111011011110111
111111111111101110101011110111011111011011110111
111111111001100111111111110010111111010010101010
111101111001100110101111110011111111010010111110
111101111111100110101011110111111111011011110111
111111111111101110101111110111011111011011110111
111111111001100111111111110010111111010011111010
111101111001100111111111110011111111010010110110
111111111001100111111111110011111111010010110110
111111111011100111111111110011111111010010110110
111111111011100111011101110011111111011011111110
111111111011100111111101110011111111010011111111
111111111111101110101111110111111111011011111011
111111111001100111111111110011111111010010111110
111111111011100111111111110011111111010010111110
111111111111101110111111110111011111011011111111
111111111011100111111111110011111111010011111110
111111111111100111111111110111111111010011111110
111111111011100111111111110011111111011011111110
111111111111101110111111110111111111011011111111
111111111011100111111111110111111111011011111110
111111111111100111111111110111111111011011111110
111111111111100111111111110111111111011011111111
111111111111101111111111110111111111011011111111
