101000011001100110000001000010011111000000000000
101010011111100110000001000010011111000000000000
101000011001100110001001100000011111000000000000
001000011001100110000001000010011111000000000010
101010011111100110000001000010011111000000000010
101010011111100110100001100010011111000000000000
101010011111100110101001100010011111000000000000
101010011111100110100001100010011111010000100000
101000011001100110000001100010111110010000000000
101010011001100110000001100010111110010000000000
101010011111100110101001100010011111010000100000
101010011111100110101001100010011111010000100001
101000111001100110001001100010011111001010000000
101011011111100110101001100010011111010000100010
101011011111100110101001100010011111010000100011
101000011001100110000001000010111110010010100010
101000011001100110000001100010011111010010101010
101111111001100110100011000010011111000000000010
101000011001100110000001000010011110010010111010
101101011001100110100101100010011110010010100010
101011011111110110101001100010011111110100100011
101011111111110110101001100010011111010100100011
101011111111110110101001100010011111110100100011
101101011001100110100101100010111110010010100010
101010111111100110101001100010011111010010111010
101011111111111110101001100010011111110100100011
101001111001100110100001110010111110011010100010
111011111111111110101001100010011111111100100010
101101111001100110100111110010111110010000000010
111011111111111110101001101010011111110100100011
101101111001100110100011110010111110010010100010
111111111111111110101001100010011111111100100011
101101111001100110100111110010111110010010100010
111111111111111110101101100010011111111100100011
101110011111100110101111110010111111010010101010
111101111001100110100111110010111111010010100010
101101111001100110100111110010111110010010101010
111101111001100110101111110010111111010010100010
111111111111111110101101100010011111111100110011
111111111111111110101101100010011111110100111011
111111111111111110101001110010011111111111100011
111101111001100110101111110010111111010010101010
111111111001100110101111110010111111010010101010
111111111111111110101011100110011111111110101011
111101111001100110111111110010111111010010101010
111111111001100110111111110010111111010010101010
111011111111100111111111110010111111011010100010
111111111111111110101011101110011111111110101011
111011111111100111111111110010111111011010100011
111111111001100111111111110010111111010010101010
111111111111111110101111110110011111111100110011
101011111111111110101111110111011111111111110011
111111111111111110101001110011111111011110111010
111111111111111110101011110111011111111111110011
111111111001100111111111110010111111010010111010
111111111111111110101011110111011111111111110111
111111111001100111111111110010111111011010111010
111111111001110111111111110010111111010110101011
111111111111111110101011110111011111111111111111
111111111001110111111111110010111111010110111010
111101111001110111111111110110111111111111101010
111111111001100111111111110011111111011010111110
111111111011110111111111110110111111111111101010
111111111111111110101111110111011111111111111111
111111111001100111111111110011111111011010111111
111111111011110111111111110010111111011110111010
111111111011110111111111110010111111011111111010
111111111111110110101111111111111111111111111010
111111111011110111111111110011111111111110110110
111111111111111110101111111111011111111111111111
111111111011110111111011110011111111111111111111
111111111011110111111111110011111111011111111110
111111111011110111111111110011111111111111111110
111111111111111111111111110111011111111111111111
111111111111111110101111111111111111111111111111
111111111011110111111111110111111111111111111110
111111111111110111111111110111111111111111111111
111111111011110111111111111111111111111111111110
111111111111111111111111110111111111111111111111
111111111011110111111111111111111111111111111111
111111111111111111111111111111111111111111111110
111111111111111111111111111111111111111111111111
