124.9 9.0 40.0 -22.8
131.1 8.0 44.0 -22.8
133.4 10.0 57.0 -24.0
134.7 7.0 33.0 -19.2
140.5 7.0 33.0 -20.4
140.7 6.0 27.0 -19.2
147.4 6.0 32.0 -21.6
151.2 5.0 26.0 -20.4
154.8 11.0 51.0 -26.4
163.4 13.0 72.0 -27.6
164.9 14.0 75.0 -28.8
167.5 12.0 68.0 -28.8
170.9 14.0 75.0 -30.0
178.4 10.0 55.0 -28.8
178.5 14.0 75.0 -31.2
183.6 7.0 28.0 -24.0
184.6 15.0 84.0 -32.4
188.2 12.0 68.0 -31.2
193.9 16.0 90.0 -33.6
198.6 5.0 26.0 -25.2
201.3 8.0 36.0 -28.8
204.4 7.0 33.0 -27.6
207.1 16.0 90.0 -36.0
209.8 12.0 62.0 -31.2
214.6 6.0 29.0 -26.4
215.4 17.0 100.0 -37.2
217.3 8.0 37.0 -30.0
221.6 8.0 37.0 -31.2
225.6 17.0 100.0 -38.4
232.3 18.0 96.0 -37.2
235.8 18.0 105.0 -39.6
240.5 15.0 80.0 -37.2
242.3 7.0 41.0 -31.2
245.1 8.0 42.0 -32.4
246.5 9.0 48.0 -33.6
252.6 10.0 57.0 -34.8
254.2 18.0 105.0 -40.8
258.2 18.0 105.0 -42.0
259.2 9.0 46.0 -33.6
261.5 9.0 50.0 -34.8
262.9 8.0 47.0 -33.6
272.0 9.0 50.0 -36.0
274.2 19.0 108.0 -43.2
282.3 19.0 110.0 -44.4
286.1 11.0 56.0 -37.2
290.3 13.0 59.0 -39.6
295.1 21.0 121.0 -45.6
298.6 20.0 111.0 -45.6
300.3 12.0 57.0 -38.4
309.3 22.0 122.0 -46.8
309.8 13.0 59.0 -40.8
315.2 12.0 60.0 -39.6
323.5 21.0 108.0 -46.8
332.7 14.0 66.0 -42.0
333.5 21.0 121.0 -49.2
339.4 21.0 112.0 -49.2
346.9 15.0 67.0 -43.2
349.6 21.0 106.0 -48.0
358.2 21.0 120.0 -50.4
359.0 22.0 129.0 -51.6
363.1 16.0 70.0 -44.4
364.0 23.0 123.0 -51.6
365.8 17.0 74.0 -45.6
373.2 23.0 130.0 -52.8
373.9 22.0 118.0 -51.6
376.0 16.0 77.0 -45.6
380.4 21.0 102.0 -50.4
383.3 17.0 78.0 -46.8
386.0 18.0 82.0 -48.0
388.3 24.0 137.0 -54.0
388.6 19.0 87.0 -49.2
389.2 24.0 133.0 -54.0
391.4 21.0 98.0 -50.4
398.8 20.0 92.0 -50.4
399.6 23.0 128.0 -54.0
401.9 21.0 98.0 -51.6
405.7 24.0 137.0 -55.2
407.7 22.0 106.0 -52.8
410.4 25.0 136.0 -55.2
420.6 26.0 141.0 -56.4
422.8 23.0 113.0 -54.0
423.6 24.0 122.0 -55.2
429.7 25.0 131.0 -56.4
438.0 26.0 141.0 -57.6
