834.6 36.0 183.0 -85.0
835.3 49.0 187.0 -91.0
843.9 44.0 209.0 -94.0
852.7 41.0 204.0 -99.0
854.5 43.0 203.0 -102.0
858.2 44.0 208.0 -102.0
873.1 44.0 211.0 -101.0
882.3 46.0 206.0 -98.0
893.9 40.0 200.0 -102.0
896.1 49.0 234.0 -100.0
896.7 38.0 198.0 -98.0
899.1 44.0 217.0 -104.0
912.8 43.0 204.0 -100.0
919.6 51.0 217.0 -106.0
920.7 44.0 218.0 -100.0
927.4 42.0 226.0 -102.0
928.1 49.0 202.0 -104.0
935.1 48.0 221.0 -103.0
945.5 45.0 225.0 -110.0
961.7 47.0 256.0 -107.0
966.6 45.0 225.0 -104.0
973.1 53.0 269.0 -117.0
976.0 50.0 224.0 -104.0
983.9 47.0 213.0 -105.0
1015.9 47.0 209.0 -109.0
1020.8 48.0 203.0 -114.0
1022.6 49.0 250.0 -119.0
1048.3 48.0 177.0 -109.0
1059.2 46.0 286.0 -113.0
1061.7 55.0 277.0 -121.0
