01001001001000011110101000000100001110000001111111010001001101000000111011111000000100000011000001010001011110101110000110001100000100000001010000100000011011010000000110000110000011011100000010000000111000000100110010010010100000001000010100000000010000000000010110110000110101010000100000
00001000011000011100111000000000001100000001100111000001010000000011001111101001000000010000100110110111111110101110000111011000101000000000000010010101010011000001000101000001000001011000000000100000111101011010100000000000000000001000110000000000010000000000011110110000011100010001100000
10101000011101011100111100000001001110000000100011010001001000000000000111111000000100000010000110101101101110101100100111000001000000000100010000001000011110010011000100000101010001000000001000100001111000100000100000000110000000000100000100001000010000010000011110101000100111010001100000
01011101011000011100101000001001001100010000000011100011011101000000110011101000000100000110000100010111111110101000000110000001010100000000000000010001110111010000000101100100001101010000000000100000101010010000000000001100000000001000000000000000010000000000011110100000100110010000100000
10001000011000001110111100001000011110011000000010010001000011001000110011101000000100100010000001110101111110101100000111001001111110000011100000110011110011010010000001000101001001011000000000010000101000000000010000010110100100001000010000000000010000001000010111110000110000000001100100
11011101011001011110101000000001001110011001010011010101110110000000110111101000000100000010000001110001111100101000000111100000010000000000000000110001110011010010000101000000001001011101000001000001111000000000000000000000000000001001100000001000010000010010111110110111010101010010100000
10001000011001011110101000001000001100000001000111000001000101111001001111101000000100000000100111010001011110101010000110000001101000000011100000111001110011010110000001000110001011011100101000010001111000010011110000001000000100001100111000000000010000000100110110110000110100000001100000
00001100011001011110101000001100001100001001000010100001100000000001110011101101000000000111000000100011111110101111000111001001000110011000000010110101110011010011000101000100001011011000000110001000110000000001100000010010000000000010010000000000011000000000010111110000111000001000100000
00001000011000011100101100000000001100011011110011001001101001111001001111101000000100000000101111010011111110101001000110010100010000000011100001010001110011010000000101000110011101010000001000000000111000100001110000010001000100001000000000000100010010000001111111100000010101010000100000
00001100011101011110101100000100001110010000000111000111000101101000110011101000000100000010010001110001011110101100000111000001000100000000000001110001110011010010000101000100001001010000000001010001111000100000100000010011100001111001110100000000110000110000010111000000110100000000100000
10001100011000011100101000010100001100001011000111010101001000110000110011101101000000000110000001100011101110101101000110101001010000011000000000011001110011010010010101000101001001010000001000000000111000000010110000010000100100001100000000001000011000011000011111100011110100000000100000
00001000011000011110101100000100001100110011110011100011000101101010110011101000100000000110000000000011111110101000000110000001101011000000000001100000000011010010000100000110000011011000000000100001010010110001110000000001100100001000100000000000010000111100011110110011110101011000110100
00001100011011011100011100000100001101001001111000100001001101111011001111101001000000000000101101100011111100101110100110100001011001100000000000011001110011010010000100000110000001010000001000000000111000000000010000011001100100001001010100000000011000000101010110100000001010010000100000
01101000001101011110101000000001101110011000000010010001010101000000110011111000000100000010000111100111111110101101000110001000001100000001000001111001110111010010000100100100001011011000000010101000111000100000110010000100000110001100010000000000010000001000010110111001110101000010100000
11011100011001011110101000001001001100101000000011010011000010000011001111110000000000100100100100100001111110101000100111010101001000000000000000100000000011010000010101000010001001010000001000000000111010110011110100001110000101100000111100000000010000100000010110100011010101000000110001
00011100011001011110101100100100001100010011000011100101000010001000111111101100000000000010100110100101111110101110100110010001010100011000000000101000000011010010000101000100001011010000000000010001110000000001010000010010000100000000110000001000011000011000010110100111110100001000100000
10001000011001011110101100000001001100010011000011011001000100000000110011101000010101011111000010110011111110101000100110001000001010000011000000110001110011010000100101000111001001011000001000000000111001010001110000011010000110001000100000001000011000010000010110110111110100000001100010
00001000011010011110111100000101001111010001100111100000000001110000110011101000100000000010001001000111111110101110000110000001101001000000000000110111110011010001010101000100000111011000000000100001111100000000010000000000000100001101010100001000010000110101111111110010010100010001110000
11001100011101011110111100000100001110001001110011100101001011111011010011100100001000000000000001010001011110101100100111001000010000011000000000111011110111010011000100000101001001011100001001110001111000000010000000000000100011001000000100001100010000010001110111010000110100010000100000
00111100011100011110111100000100001100010010100011001101000000010000110011101000000100000010001010100001111110101101100110011001010000011000010000000000110011010000000100100100001011011111000001110001010110110100110000011001000010000100110000001000011000110000011111111111010100010000110000
01011001111000011100111100000000011100011011000011001001001101101000111011101000110101111111000001010101111110101111100111000000010000000011100000011001110111010000000000000100000001010000000000000000111100000000000000010000000000001100110000001000011000111100010111100111010100000010110000
10101000011100011110101000011100001110000011111011000001000111100000110011101000001100000010000011110001011110101010000111000101101000000000000000111001110110010101000101000110011101001010000000010000111000000110110100011000100111101000010100001000010000011000011111111011010100010001100000
01001101011001011110101000001100001100000011000011100101100010000010110011101001000000001110001000100101011110101010000111100101001001000011100000110111110011010010000100000110010001001101001011110001111001110000010000001110000100000000110100000000010000000000010110110000110100000000100000
10001001011001011110111101000101011111011000110011000001001111000011001111101001000100100000100100010001111110101011000110000001011100000011100000110010110111010001000101000100001001011100000000010001111001010110110000010011100000001000010000000000111000001000011110110001010110010001100000
10001000011000011110111100000100011111010100100011001011001000000000111011101000110101111111000000100011111110101011110111011000011001100010000000110001110011010000000100001100000001011000000001010000111110010000010000000000000101010101110100000000010000100100010110110000110100010011110110
00001000111000011110101000000101011110000001110011110001000000000011000111101100100000100100100101111111111110101100000111001001101000011101000000111011110110010100110101000100011101011110000011000001111100010010000000010010100000001000110000000000010000101000010110010001110100010011110000
10001101011101011100111100000001001100011001000011001111001010000010110011101100000000000010000000110111111110101011100111001001000000011011100000010111110011010001000100000100010011010000000000100001010001010010010000011001000100001000010100000010010000011100010111101001010100000001100100
10001100011000011110101000000001001100111000110011111000011011111000111111111100000100000010011001000011111110101010100110010000001111000000000000011111110011010011000101000100001011011000000000110000111000000001100000011000100010001000010000000000010000000011011110010101101111011011110000
10001100011101011110001000000100001110001010110011111111010111101011001111101000100100000000100100010011111110101001010110000101001000000011110001111111000011010001100101000101000101010000000000010001010000100110100000011010000010001000000100000100011000101000011111000000110100010000110000
00101100011001011100111100000000001101011010110010101011000001111000111011101100000000000110000000010001011110101010100110000001011111010011100001001000100011010000010101000100011111011100000001010001111001110001110100000010100101100001011000001000010000111100110111110011110100010000100000
