737.0 36.0 142.0 -75.0
756.4 39.0 204.0 -95.0
762.2 44.0 164.0 -90.0
783.4 47.0 166.0 -95.0
794.3 47.0 169.0 -91.0
814.3 42.0 197.0 -93.0
824.9 43.0 215.0 -96.0
838.9 42.0 184.0 -100.0
859.6 49.0 191.0 -95.0
889.1 47.0 228.0 -98.0
891.1 46.0 219.0 -108.0
900.7 47.0 220.0 -108.0
900.7 46.0 244.0 -100.0
904.2 39.0 212.0 -103.0
920.7 47.0 215.0 -100.0
934.5 53.0 227.0 -105.0
944.1 45.0 200.0 -99.0
947.8 55.0 235.0 -111.0
955.1 50.0 228.0 -107.0
969.6 43.0 146.0 -101.0
972.6 50.0 215.0 -115.0
981.0 48.0 241.0 -103.0
995.1 51.0 271.0 -105.0
1007.8 46.0 243.0 -112.0
1009.0 48.0 233.0 -111.0
1041.3 58.0 245.0 -116.0
1044.8 48.0 246.0 -117.0
1045.9 51.0 236.0 -112.0
1047.1 48.0 241.0 -110.0
1076.6 47.0 255.0 -112.0
