745.4 41.0 191.0 -86.0
756.1 48.0 158.0 -95.0
790.1 50.0 200.0 -100.0
807.3 42.0 178.0 -92.0
813.4 48.0 189.0 -94.0
817.5 50.0 190.0 -98.0
828.7 43.0 210.0 -94.0
856.6 43.0 167.0 -95.0
856.6 46.0 189.0 -96.0
858.3 45.0 198.0 -103.0
868.1 48.0 163.0 -96.0
883.3 48.0 193.0 -94.0
883.4 48.0 226.0 -103.0
885.1 48.0 242.0 -108.0
900.5 40.0 257.0 -105.0
908.9 44.0 206.0 -101.0
909.7 51.0 208.0 -102.0
919.8 49.0 217.0 -103.0
946.7 48.0 218.0 -107.0
960.6 41.0 211.0 -101.0
964.8 51.0 229.0 -106.0
968.1 54.0 214.0 -107.0
970.8 50.0 211.0 -104.0
977.0 46.0 246.0 -111.0
983.3 47.0 224.0 -107.0
1002.5 49.0 240.0 -111.0
1020.0 53.0 258.0 -113.0
1037.2 55.0 244.0 -113.0
1057.1 48.0 207.0 -114.0
1090.0 52.0 214.0 -114.0
