749.1 44.0 196.0 -92.0
787.2 49.0 191.0 -97.0
811.4 48.0 227.0 -100.0
817.6 50.0 213.0 -99.0
841.2 44.0 176.0 -97.0
851.9 46.0 199.0 -97.0
860.1 42.0 200.0 -101.0
868.9 48.0 202.0 -107.0
875.2 52.0 198.0 -105.0
882.5 50.0 217.0 -105.0
886.9 49.0 263.0 -104.0
890.2 54.0 229.0 -111.0
899.6 45.0 175.0 -99.0
904.2 45.0 183.0 -98.0
904.8 49.0 178.0 -105.0
906.3 55.0 259.0 -103.0
906.9 49.0 284.0 -107.0
908.1 48.0 251.0 -106.0
915.5 48.0 215.0 -106.0
928.0 49.0 210.0 -104.0
937.4 48.0 215.0 -109.0
955.4 51.0 242.0 -110.0
963.9 56.0 238.0 -116.0
998.2 51.0 204.0 -112.0
1001.7 55.0 204.0 -112.0
1009.5 51.0 249.0 -114.0
1019.0 57.0 291.0 -122.0
1045.8 55.0 243.0 -117.0
1048.7 49.0 243.0 -127.0
1140.0 60.0 258.0 -123.0
