00001000011000011110101000000100001100000001000011001100001000001011000011101000000100001101000011100001111110101011000111001000000100100000010000100001010010011000000100001110000011000010000000110001010000000000010000010010000010001001100000000010000000110000111111100000000110000001110010
01011101011001011100101100000000001100011010010011010001100110000011000011101101010100000001000010100001111110101110000110001100000000011000000000001000000011000110000101000101001111001000000000000000111000000000000000010001000001010000010000000000010000000000010110110000110101010000100000
00001100011000011110101100000101001100010010110011011011101101000111000011101000000100001001000000010001011110101010000110001000000000000000000000100000110010011000000101000100001111001110000000000000010000000000010000010001000101101100000110000000010000000110010110110000110111010000100100
00001100011001001110101000001000001110010001110010100101001000000011001011101001000100001100010000100001011110101010100111000001001001100000000000101000000110000110000101000100001011010000000000000000111000000000010000010001000100000001000000001000011000010000010110101101011100010000101000
10101100011000011100101000000000001100000011100000100101101001101010111111101000010001010011111000010011011110101010010110000000101010000011110000010010010010011000000100100000000011000010000000000000111011000000010000000000000101011001000001000000010000010000010110101100000000000001101010
00001000111001011100101000000000001100011010000011110001001100010011000011101000000100001101101000100101111110101010000111001001001001000000000000001001000010011000000101000100001011001010000001000000010000110100110000010101100001110010000000000000010000000000110110110000110111000000100000
01111101011100011110111101101000001100001001000010011111001001101010000011101000000100001101100000010101111100101010000110001001100000000000010000101001011010010000000000000110000011011010000000100001010100000001110000000001100000001000001000000000010000101010010110110001011000000000110000
10011000011010011100101000000000001100010001000011100101000001111111000011101001000100000100100000010001011110101010000110000001101000100000100000011010010011011000100101000101001001010010000000110000110000000010100000001000000010001000000000000000010000001001110111101001001100000001101010
11001000011001011110111100000100001100011101000010011001000000101000111111101000000100001111100111000001111110101010100110001001101110100000010000110000111010011100000100000111000011001111001000000000010000000000000000010100000001010001000000010000010000000000011110010000000011000001101000
01001001011001011100111100000000011100011000000011101100000000000001100011101001010000100010000000100001011100101011100111001000000101100000000000001010100011010000110101000100000001010010000000000000010000000100000000010001000000000101010000001000011000101100110111000011001100000000110000
10011100011101011100101100001000001110010000100010011001100100000011000011101000010001010010000010110001011110101000100111001100101000000011100000000000010010011100000100000110011001001010000000000000111000000000010000000000000101101010000000000110010000010000010110111100111011010000101000
10001011011100011100101000000100001100000011000011100001000000000011000011101000110001010110010010100011111110101101000110000000011000100000010000111011111011000110100100000100001001011100000000000000111100000000000000000100100001010000010000010000010000100000011111111111001110000000111000
01011101011001011110101000001001001100000001001111000101000000000000111111100001010001010110000110100001111110101000000110101001100000000000000001100000000010010100000101000000000011001010000001100001010000010001110100011010000101100010000000000100011000000000011111110111001110000000100010
10001000011001011110101100000100001100011101000011001100000011101011000011101000000100001001000010110101111110111011010110101000000000101000000000110000010010011100000100000101011011001010001000010000010000000001000001010000100000011010010000000000011000000000010111010011001100000001100010
10001010111001011110111100000001001100010100000011001001001000000011000011101000000100001100000000100001011110101001100111001001011000100011100000100000010010000110000100000101000001000000001000000000111000000010010100010101100101100001000010000000011000011010010111100011001100000001100000
00001000011000011100101100000100101101011010000011011001000110010010000011101001100100100110101100000101111110101010000110001001001000000000011000010000111010011000000101000000001111001110000000000000010100000010010100001001100111010100110000000000010000111011010110111011110101000000110000
00101100011001011110111100000101001100001011111011110101100111111010000111101001000100001101101010100001011111101110010111000001000100000000000000000000000010011000000101100100001111001010000010001000010010000000000000000010000000011011010000000000010001000111010110010000100001010001100010
11001101011001011110101000100101001100000000111010110011001111000011000011101000000100001100100001110001011110101110010111001000000000000011110000110010101111010110100100000100000001010000000000000000000000000001100100000000000001101000010100001000010000010000010110000111110111010000101000
10001101111001001110101100000000001110110001000011001111101101110011100011101001000100001000001001010111111110101000000110001001011000100000000000100000000011000110000101000001001011000000000001000001111000100000010100011010000101001010000100001000010000000101111110100000001110000001101100
11111011111001011110101000100001001100010011100000110001001111100111000011111000010001000000101010110001011110101110000110000100101101000000000000100100100011000111100100100100000011011100000000000000010000000011100000000001000000001000011100000000010000100000010110111101110001010001110010
11111001111011011100111000000001001100001011000011000101001001101010000111101100000100001111101001001101111110101110000110001001111000111100000010000000000011010000110101000011000011011010000000000000010000000000010000010000100100001000010000000100011000000011110111111101001000000001101000
10001000011000011110101000001001001100010000001011000001000111111011000011101000000100001101001010110101011110101010000111000000111000100000010000010011110011011000110100000010000011010010000011001000000000000000000100011001100011001011100100000010010000101111110111100001001110000001111010
00101000011110111100101000000000001100011001100010011001000000101000111111101001100100001111100100010001111110101010110111000101000000000000010000011111111010011101000000100101000011001010001001000000010100000000010000011001100011000011010000000000010000100110011110111000110011000000110100
01011101011101011100101000100001011100010001000011001101101110000000111111101010110101110011000110100101111110101011100111111000101000000000000110001110100010011011000101000110000011001100101001000000111000000000010000001000000010000001000000001000010000110110010111110000011110000000110100
00001001011011001110001000001101001110001010000011110000000011111011000011101000000100001100100001100001111110101100000111000100011001000000010001111110111011011001100101100110001101011110001000010001111010010000000000010010000000001001100000000000010000011100111110011011110111001000100010
10101100011001011110111100100101011101001001000010010101100111110011000011101000001100101001100000000101111110101110010110001000000000000000000000100010100011011001100100000100000011011010000000010000111000000010010000000100100101100101110000000000011000101100111111111011011001000000111100
11111100011101111110111000001001011100001001100011101001000101000000101111101000000100101111100101110101111110101111100111011001011111100000010000100100100011011001100001000100000111011111100001000001111000000000010000010001000000001010010000000000010000000000011111111000001000000000101000
10101100111101011100101000000000001100000001000011101101110001110000101111101001100100001111100011100001011110101111000110000101000001100000000000001000101011011000100100000101011011011010001001010000110000000000010000010000100101101000111000001000010000110001010111111101001110000001101010
10101000111001011110111000001000001100000001110011100101100111111010000111101001110100001101101100110111111110101111010111001001001101000000010000010000000010011000010101000000001011000010000000000000111110000010000000011000000001111000010000001000011000111111110110101011011110010000110100
00111101011001011110101100100101001110011001100010001111000001101011100011101101100100001101000011001011111110101110000111010101101000111100000000101001000011011000100101000101011111011111000000000001111000000010010001000010000101101000110000000000010000100000010111111000011000000010111000
