760.2 48.0 185.0 -91.0
786.2 44.0 200.0 -96.0
808.4 40.0 197.0 -89.0
809.5 46.0 217.0 -97.0
815.9 44.0 187.0 -98.0
844.6 50.0 206.0 -100.0
863.1 49.0 222.0 -100.0
870.2 39.0 226.0 -95.0
873.0 48.0 199.0 -106.0
878.7 48.0 273.0 -105.0
885.9 47.0 196.0 -100.0
889.1 49.0 206.0 -103.0
890.0 53.0 231.0 -105.0
896.5 52.0 230.0 -106.0
905.9 52.0 208.0 -104.0
906.9 54.0 214.0 -105.0
908.3 50.0 224.0 -105.0
954.3 53.0 250.0 -114.0
956.6 56.0 200.0 -113.0
976.9 52.0 268.0 -114.0
991.2 49.0 234.0 -112.0
993.2 48.0 281.0 -115.0
1000.2 51.0 249.0 -117.0
1002.6 51.0 230.0 -112.0
1011.3 50.0 249.0 -111.0
1013.9 54.0 226.0 -112.0
1035.3 52.0 294.0 -120.0
1039.5 56.0 229.0 -115.0
1079.8 56.0 254.0 -119.0
1086.6 55.0 207.0 -114.0
