766.6 34.0 158.0 -91.0
800.4 44.0 151.0 -91.0
810.1 44.0 207.0 -99.0
818.5 37.0 173.0 -93.0
825.2 39.0 160.0 -92.0
854.0 45.0 200.0 -96.0
857.4 43.0 190.0 -99.0
858.8 42.0 201.0 -103.0
870.5 45.0 174.0 -102.0
872.3 41.0 163.0 -92.0
876.3 44.0 175.0 -92.0
882.7 50.0 213.0 -104.0
884.1 41.0 201.0 -96.0
904.9 42.0 242.0 -109.0
907.8 44.0 184.0 -102.0
916.2 40.0 246.0 -103.0
917.8 51.0 208.0 -105.0
929.6 40.0 236.0 -102.0
941.0 48.0 236.0 -107.0
946.6 45.0 230.0 -110.0
950.1 50.0 211.0 -111.0
951.7 47.0 233.0 -105.0
960.2 48.0 208.0 -100.0
983.1 43.0 217.0 -105.0
1003.5 48.0 231.0 -115.0
1006.1 48.0 229.0 -112.0
1010.2 54.0 250.0 -115.0
1040.5 48.0 266.0 -123.0
1043.4 50.0 262.0 -115.0
1183.4 50.0 289.0 -130.0
