00101000011001011110101000010101011100001010101010010001001010000011001011111000010000000010000000110101111110101010000111001000000100000000000000100000010010010100100100000100001011010010000000110001000010000000010000000000000000000001100100000000011000100000010111100000001000000000110000
10001100011001011110101000000101001100001000000110011100110001000011001011111001010000000010100000010011111110101101000110000101000000111000000000101000010011000000000111000100001011001000000000000000010001100001110000010011100000001000010000000000011000001000011111110000001000000000101000
00001100111001011110101000000001001110000000000011110101110111100010100011111001010000000010010001000001111110101110000110000101101101000000000000100000000010000000010101000110001111011100000000010000111000010100010000010011100000000000010000010000000000000000011111111000001110000000100100
00001000011010011110101000000100001100110010000000000001101101110011101011101000010000110111001011100001111110101010000111001100001000000011100000100000010010010110110001000010000001000010000000000000110001010000000000010010100000001110010000001000011000000101110110100000110101000000100000
10001000011001011110101000100100001110000011100000001001011001000011001011101001010000000110010001010001111100101010100110000000001100000000000000100001011011011000010100000100000111000000000000100001111000100010010000010101100000001001000000001000010000010000010110100000110001010001100100
01011110011000011110101100001101001100001001000010010101001100110000110111111000010000000010100001100111101110101000000111001000000101000011100000100000010010011111010100000100001001000000000000010000111000000101110000000001001110000000000100000000000010000111110111110000001010000000100100
11001001011000011110101100000101001100011010111110111001001010000011001011101000110000001011000000100001111110101100100110000101001010100011110000010110110010010101000001000100000111010000000000100000010100000000010000010010000000000000001100000000000000100000011111000000001000010010111110
11011101011001011110101000000101001100000101110010010011000011000010001011111000010001000111000001000001011110101110000110001001000000100000010000010011101111000000000100000000000001000010000100001000111001010100110000000100000100001000010100000000010000000100010111100000001010010000100000
00101100111011011110101100000101101110001010000101000101101011000011000111101000010000100010000001010011111110101000010110001101000100000001100000010111010010010011010101000110000101010010001000011000111001000001010000010010000100001010000000000000010000000000010110101000110101000000100010
00001100111001011110101000000100001100001011000010011111100101100011001111111111010000000000000010110001111110101110100111000000010100111000001010100001001010010010100100000100000001010000000000010001000000000000110000001001000111001100010000000000010000000100010111100000001010000000100000
00001000011000011110101000001101001100001010001011010001001011111011001011111001110000011011001001010001111110101110000110000001101100100000000100100000010010011111000101000110000111001110000000000000010100000000010000000000000000101001011100000000010010100101110111110000001100000000110100
10001100011100011100101000000100111110000010000011010101101100000000110111111010110000100000101110100001111110101000000110000001010000100000001000101001010011010100000101000100011001011010000000000000111101010000010000011010000110000001000100001000010000110100011111110010001110000001111001
01001101011001011110101100000001001110011011111010111101101001110011001011111000010001001011000001010101111110101011100110001001011000100000000000101000110011010100100100100100001001011000000000010000111000000000000000010011100000001000000000010000010000000000010111110000001000010000101000
00001000011000011110101100001101001101000001000011010101001011101011001011111001010000001011000000010101011110101111000110000001101110100000000000000001011010011110110101001111000001000000001001010000010000010001110010010010000100001000010101001000010000010000010111100000001110000000100000
00001100011011011100111100000001001110010010100010111001101100111011001011111000010100001011001011001001011110101011000110001101101100000100010000010000110011010000010100000100001011010010000000100000111000000001110000010110000100100010111100000000010001100001010111100000001010010000100010
00001100011001011110101100001000001100000011110011011101011000000011001011111000010000011011001010100001011110101011000110001100101100000000010100100001010110000100100101001101000111011100001010100001111001010010010000011001000100000000010000000000010000000000010111010000001110010000100000
01011101111001011110101000001100001110001010010011011111101001110011001011111000010000011011000011100011111110101110000110010001000000100000010000110000110011010000000000000110001001010010100010100000111000110000010100011010000000001000000100000000010000000101110101100000001110000000100001
10001001011001011100111100000000001100011001000010111101000011010011001011101100010100000111001000010011111110101100000110000001000000111000010000010000110010011000110100000101000101011111001100001000010001010010010000000001000101101100110100000000000000110111011111110000001100000001110100
00001100011000011100101000000100001100000010000010111111101010001011001011111101110001000011000010110011011100101111100110001001001000011011110000000001011010011100110100000000000001010100000001000001010100100001110000010011000111000000110100001000010000011000010111111011001101000001100000
01011111011001011100101100010000101100010010110010010101101101110011001011110101010000010011000001000011111110101011000110001001011000011011110000010000110111000100010100000100001001010000000000000000111000000100010001000001100101011000010000000100010000000000110111100000001010010000100000
00001000111000011110101100001101101100001010000111111101001100010011001011111001010000100010001010100011111110101010110110001001000100100011100000100000010010010110000001000100010101010010000000000000111000000100110000010010000001100110110100000000010000000101110111100010001100000000101000
11010110011000011110101000000101001100001001111111011101001010001000110111111001110000000101101100110001111110101000000111010100001100000000010000110000110110010110110011000100000001010010000100000000010100010010010100000011000100000000100100000000010000100100010111100000001110010001111000
00001100011000011110101100001001011101000010000011011001011001000111001011111000010100000111001000110111111110101111100111000100101110000000000000110001111010010010000101100111001001011100001010010001011010010000010000010010000100001010010000000000010000001000110111110000001100000000100100
10001000011001011110101100000001001110101000010011011101000101111010001111111100010100001011100001000011101110101000100110011000101100111000000000100000000010011000010101000100001101011010000000010001111000000000010000010101100100001000000101000000010000000101111111110011001100010000101000
00001000011001011110101000100001001100011000110010011001001001000011000111111000110000000011000011010101011110101011000110101001010100000000010000110000110011000010000101000110011001010000001000110001010101110000000010010011100000001000110000000000110000100100010111110111001100010000110000
00001100011000011110101100010101001100000011100011011101011001101000110111111000110000000000110000110001111110101101100110001000000100100011110001110110110010011011010101000100011001011101100010010001010110110000000000010100000000001000010000000000010000100000011111010010001110000000110000
00001000111000010110101100000100001101001011000011011001000101110011001011111000110000001011011011110011011110101111010111000100001100000100010001010000110011011100010101000100000001011010000010000001111101110000110000000010000001001000110000000000010000100001010111111111001110000000110000
10001000011001011110111100000100001101011100110110110001000101111111001011111000110000011011001011110001111110101000000110101100001000000001010000100001010011011100100110100110010001001000000000000000110111010100000000000000000000001100010100000000010000100101011111110000001010011001100010
10001000011001011110101100001100001100000101111011110001001100000011001011101001010000001011001011110111011110101110000111001101001101100011100000100000000010011110110101000111001001010000001000000000010000000000010000001011000100001001010000001000010000010100010111100000001010010001100001
10001100011000011110101100000100011110000010110011011100010001010011001011111100110000101011001011110001111110101111000110000001001100010000010000110000101011011000110101100110001001000010001000010000111111010010000000010100000000001010111100000000010000100101111111000000001110010001110000
