10001100011000011110101100000001001110011000000000000011001110000000011011101000100100001101100110000101111110101100000110001101000000000001000000110110010011010101100000000011000001010000001000010000111101010010010000000001100000000000000000000000010000100000011110100000010110000011100100
00001100011001011100111100000000001100011000000010000110100000000001100111101000000100001111000000000011111110101110000110000000111000000000010000010000110011010100100100000010000101010000000000100000111000100010010000001000000100100001010000001000010000000000011110100000101010000000100000
00001000011001011110101000001001001100000101100011001001001010000000011011001000000100001101100100110011011110101000000110111001000000100000010000111000111111010100100000000100000001011000000000000000111000000101110000010010000100000000000000000000010010000000010110110000101010010000100000
10001000011100011110111100000000001110001000000011000001001110000000011011101000000100001101100101000010101110101110000110000101000000100000000000100000111010001010000101100000000111000010000000000000111011000010010000000000100000000011010000000000010000000010011110100101101010000001101100
00001000011101011110101100100001001110011101000010000001000110010011100111101110100100001111000000100001101110101000000111000001100000111000011010110000110011010100100100101010000001001100000000000000111001000000010000000000000000000100100000000000010000100100111110110000101010000000100000
00001100111001011100101000000000001110000010010010001100010001110010011011111100000100001101101001010101111110101101000110010001000110011000000000000000110011011100000100000000000001001010000000001000111000000000000010011100100010001000000000010000010000000001010110010000101010010000100000
00101100011011011100101100000001001110011011000000000001100101000000011011101100100100001101100101011001011110101000000110001000001000010100000000010100111010010101100100100000000001011100000100011000111010110000000000010101000000001001000100000000010000000000010110111010011110000000100000
00001000011001011110101100101000001110011001000100001001001011111010011011101000000100001101001101010001111110101101000111000000000000000000000000110000011010010100000000100000000001001000000000001000111010110000000000000001100000001011010000001000010000010111110110000000011001000010100000
10101000011000011110101000000100001100000100000011000001001011110000011011101100010100000001100111111001011100101010000110001101001000110000000000110000111011010100000001000101001001000100000000000000010000010011100100010010000001101000110100000000010000100000110110101000101110000001111010
00001100001001011100111100000000001100011001100011001001101100000000011011101000100100001101101101000001111110101000000110001000010001100000000000010001001010010010000100000100000001010010000001010001010001010010010010000001100100001100000100000000010000100000010110100111101110000000101100
00001000011001011110101100000001001100010000010000001000100111110011100111101000000100001111000001110001011110101001000110101001001000000000000000110110110010010001000110100000000001011110000000010000111011010011100000010011100000001000000000001010010000010000111110010010011100010000100010
11011100011001010110101000000101011100001101000010100000100001101011100111101000000100001111000011110001111110101100000111000100000000100000010001110000110010010000000100100000000001011000000001011000111000100001110000010010000000001000011000000110010000100000011110110000101010100011100000
10101000011001011100101000000000111100001111000011100101000000010010011011101100000100101101101101000001111110101100000110000001100001111000000001010100110010010001010101000000000101010100000001110001111000000001100000010010000000000100100000000000011000100001011110010000101110000001110000
00001100011001011110001000000001001100001000000111110011000101101000011011111001000100001101110110110111111110101000000111000000111000000000010000111110110011010101110101100101000001011100000000000000111010010010010000010010100010001000000001010000010000000000011111110000010001000000100000
00001000011000011110101100001000001110011000001101001000000000110000011011101100000100001101000110100001111110101111000110000100001000011000000000100000000011010100100101010000000101010000000100010000111111010001000000010111000100000111011000000000010000100100110110000000011100000000100000
11011100011001011110111100000000001110010011100111000001100100001000011011101000000100001101100101001011011110101000000110001000010000100100010000011010110010011100100101000100001001001000000001010000111001010000000000000010100000000000000000001000010010010000010110110111101110110001101000
01011101011101011110101100000100001110011011100010100011101010010011100111101100000110101111001000100001111110101100000110001001000000100000000001110110111010010101000000000101000001001000000001000001111000000000000000010010000001000000000100000100010000000101111110110000101010111000100000
00001000011001011110111000100001001110001011000011101001000110000000011011101000000100001101100111100101111110101000000110010100001000100011010000110100110010010100100101100000001101001000000111001001101001000000010000010001000101011010100100000000010000100100010110111000101010000000100100
10001000011001011110111010000001011110001101101011000001000010000011100111101000000100001111011110110011101110101100000110000001101000100000010000110000110011010000110101000101001101000010001000010001111010010010010000000000000000000000010000000000010000000011011110100001101110100001101010
00001000111101011110111000000101001100000001100111100001101100000001000111101000100100001101000111100001011110101000000110001100011100100000010001111000110111010100100101000100000101011000000000000000010001100001110001011001100000000100000000000000010000100000010110100101101110010000100001
10101100011000011110101100000100001100011000010000001101100101000000011011101000100100001101101110110101111110101000100110000000010100010000000010110000110111010100100100001000000001000000000000010001010100010110100000010001000001101000001000001000010000111000011110101111011100010001100000
01111101011001001110111100000000001101001000010111000011110100000000011011101100000100001101100110100111111110101000000110000101011000111000000000100000000010010100000101000110001001001110001001000001111001010000010000000000100000000000100000000100011000100100111110111000101110010010100000
01011001011000011110101000100001001101000000000001001000000001110011110011101000100100000010001011010001011110101010110110000001111001000000000000110110111011010101100100000000000011010000000000010001111111010001010000010010000101101100110000001000010010101101110110100000001100110000100000
00011010011101011110101100000001001100011011111011000001011001110010011011101100000100001101101101010001111110101110000110001100000000111000000000100000010111010100100100000000000011001000000000010001010001010000010000010001100000001001011100000000010000100111110110111000101110010000100000
10001100011001011110101000000100001100001101111011001001100101110001010011101001010101010001101101110001011110101110000111000101010100100000010000111000110010010100000101000111001011011110101001100000110001010010000000000010000001101100010000000000010000000111110110010000101110000000100000
00101110011000011110111000100100001100000000010011011011000100000000011011111000000100001101100110110011111110101111000110011001111100111000000000111000011011010110000001000101001001001010001001000001111001010000010010010011100000010000111010000000010000110010010111111000101111000000100000
10101000111001011110101100000101001100010001100011001001001010100010011011101101110001010001100100110001011110101011110110100001000000100000000000110000110011010100100101101001001111011100101010001000010010010001100000011011000001101011010000000100010000000000010110111000101110010001101001
11011100011000011110101100000001001100011111000010100111011110000010011011101101000100001101100101011011111110101010000110000100001000111100000000110110110010010111000100100000000011011000000011110001010111000010000000010001100000001101001100000000011000100100110110110000101010001001100000
00001100011000011100111001001000001100000001100100000101100111110000011011101011100100001101101111110011111110101110000110001101000100000000001110011100110010010110010100001100001001001101000001110001010100010000010000011001000111101100110100001000010000111101110110110001011100000000100010
10001000011001011110101100000100001100011000110111001000010001111100011011101101010111010001100111110101111110101011100110000001000001100000001000110000111010011000000100000000000011011000000000000000010010110010000000010011100000001110010000001000010000011101110110000011101110010001100000
