01011000011001011110101000000101011100000010110000001001100110000001110011101001000001001001100000100001111110101110000110111000000000000000100000000000000011010100000100100011000001010000001000000000111000000000000000000000100001100110010000001000010000010000010111100000000000010000100000
10001000011001011110101000000100001100000010110010001001001010001001110011111010100001001001000000000001011110101111000110000001001000000000001110101100000110010111100100000100000011000010000001000001010001010000000000000000100000000001010000001000000000010000010111000010001110010010101000
01001001011000011110101000000101001110000001100011100101001111000010001111101010010100010111000101100101111100101100000111001001101110000000001110100001100010010010110100000100000001011000000000000000111000010000000010000010100000001000010000001000010000010000011111010000011100010000100010
10001000011100011110101100000100001100011001000011000001000111101001010011101001100001001101101001000011111110101010000110001001000000000000000000111000111010011100000101000101001001010010000000000000010100000110010000010010000100001000111101010000010000100000010111100000001101000000110000
00101110011101011110101000000101101100000001010011000101101010000001110011111000110100010101100010110001011110101000010111000000000000000000010001110000111011011000000101000101001001000000001000000000010001100001110000010000100100000000000000000000010000101000010111101001000110000000110000
10001000011001111110101000000100001100001101000010101001001100000001111011111001000001001101001000100101101110101000100111111000000000000000000100100001100011011010000100000100000001010000000000000001111000000011000000000001000000000001000000000000010000001100011111100001000010000001100000
10001100001000011110101000000101001110000110110010011101000110000001110011101101000001001001000000000011111110101011100111010001000000110001000001000001100110010110000100000001000011010100000000100001111000100000000000000000000001100001010000000000010000000000011110100000011000010001100010
11111111011000011110101000101001001100001000000010000011100101101001110011101000000001001001100001000101111100101010000110000000000100000000100000100001010011010010100100000100000111001010000000010000010000000000010000001000000010101000010000001000010000010000010111111100010010000000100000
10001000001000011110111100001000001100010000110111000101001000000010001011101001000001101011000100000001011110101010010110000001101000000000010000111001000010011110000101000101011111011000001000101001111001010000000000000000000000000000110000000000010000100000010111110000000100010011110000
10001000011000011110111100000100001100001000000011001101001011101001110011101000100001001001000001000001101110101110000110011001001000100000010000110000111011010010000100001100010001001110000000001000010100010000000000010000100100101000110000000010111000110000011111010000010110000000110000
00001000111001011100101000100000001100001001000111001001001011110001010011101001000001001011100000000001111110101110000110010001000000000000010000110000111010000000110101000110000011011111100000100001010000000000010000010000100100000001010000000100010000001010110111111011011110100000100100
01001101011001011110101000101101101100000000100110000100011100000001110011111101100001001001100010110001011110101110000111001000000100011100000000101001110110010000010100000110000111011010001000000000111000000000000001010011100010000000010000000000010000000000011111010000000010010000100000
10101000011001011110101100010101001100001100000001100001000101000001110011101000100001001001011000010111111110101110000111001000001110100011100000100000000010000000010101100100001111000010000000010000010000000000010000011101100110001000110000000000010000100001010110101000010100000000110000
00001000011001111110101000000001001100000000000000011001000011111001110011101000010100010101101000010001111110101100000110110001001000100011110000111001000010011000110101000100000011011000000000100001010001010000010001010001100100001101000000000000010000001101010110110001100101000000110000
00001000011001011110101100001001011101111000100011001001101111111011110011111000000001101001101000010111101110101011000110001000011000000000010000000001000010010111110101000000000011001000000000000000010000000000010000010000100100001001000000001000010000010101111111110000001110010000100010
01011001011101011110101000000101011100011001001011100001000100001001110011101100110100010101000000100011111110101100000111001000000110000000000000010001010010010000100101000101000101011000001000100001111001010000010000001000100110000000010000010000010000010000010111111000010110010000100000
00001100011000011100101100000100001100011000000011000001000011111001110011111001000001001101101011110011111111101110100111101000001000000000010000001001000011010100010101100101001101000000001000010001011000000000010000010000100100001000010010000000010000001011111111100000011100000000100000
00001000011101011110101000101100011100000011000010000101000011110000010111111011000001101001100110010011111110101000000110001000001000000011111100110000111010010100100101000000010111000010000001000001111100000001100000000001100101011001101000000000010000100000011101100000001010000000110000
00001001011001011100101100000100001100011001000011001101000000001010001111111000100001001011000110100011111110101011000110001101000000000001010000011010111011010100100100000101000111001010000000100001000000100100100000011000100010000001110000000100010000101100011111010011000100000000110000
00001000001000011110101000000101011100100001000011100001000101111001110011111000100001100101100101010001111110101000000110001000011001011000100000101000000010011010000101000100000101000010000000000000111101010000010100010000000101011001100000001000011000110000111111100111110101000010110000
00001000011101011110101000001000001100000011000011000001000100001001110011100001100001001001000010100011111110101011000110110101000100000000010000110000111011010000000100000100000101001100000000010001010101010000010000011100100111100000010000000100010010100000011111111000011110000010110000
10001000011000011110111100000001001110000011001011000001000101101001110111101000110100010101100000110001111110101000000111110101000110000011111000011000111011010100000000110101000001001110101001000001111100010000010010011000100110001100000100000000010000100000011111110000010111000000100000
01001100011001011110101000000001001101001000110010110011000100001011110011111001000001001001000000100011111110101010000111001000001000100011100000001000100011011010000100000110000011000000000000000001110000000001110000010000100100000001010000000000010000000000010110100111111101010000100100
00001000011001011110101000000001001100000011000011001101011001110001110011111000100001001001001010010111111110101011000111001100000100000100000010111011000010010111000100100101000011011110000000000000010000000000010000001000000100001100110000011000010000110001111111110000010010100001100001
01011101111101011110111100000101001100010001001010001101000110000001110011101001000001001001000010100011111110101011100110011000010000000000110000110001100010011000000101000100011101010110000000000000111000000010000000000000100010010000000000001000010000010000011111101001001010010001100010
00001000011000011110111100000001001100000000110011001001001110001001111011101001000001001001000001000101111110101110010111010101000000000000010001110000111111010110000001000111001001011000001100001000010000100000010000010101100100000010010000001000011000011000010111110011010100010000100000
01111101011000011110101000000001001100001000000011101111101001001001110011111001010100010111100011000011111110101001000110001001000000000100010000110000111011010010010101100010001101001000000001000000010110010000000000011000100010001011000000001000011000010000010111110111001100000000100000
01011101111001011100101000000100001110000010000011000101110010000001110011101101001001001101100000110011111110101010000110100001001000011011010001000001000011010010000101000000000001001110000000000001101000100001110000011001000100000000010000000000010001000000011111110000111100000001100001
10001000011000011110101000100101001110000001001011001011000111110001111011101101000001001101011001011001011100101010100110000001100000011000110000111001100110011110100000000100010001001110000100000000111001010100010000010001000100001000011000001000011000110001110111110111010100000000100000
00001000011001011110101100000100001110111001110010000011001101101001110111101100100001101001000000010111111110101110000010001000000000000000100001100001110011011000000100000110011111001100001000001000111000100001100000010011100010001000110000001000011000111000010111010011011110010000110000
