52.26 3.0 27.0 -6.0
52.26 3.0 27.0 -6.0
52.26 3.0 27.0 -6.0
52.26 3.0 27.0 -6.0
52.26 3.0 27.0 -6.0
52.26 3.0 27.0 -6.0
52.26 3.0 27.0 -6.0
52.26 3.0 27.0 -6.0
52.26 3.0 27.0 -6.0
52.26 3.0 27.0 -6.0
52.26 3.0 27.0 -6.0
52.26 3.0 27.0 -6.0
52.26 3.0 27.0 -6.0
52.26 3.0 27.0 -6.0
59.82 3.0 32.0 -7.0
64.39 4.0 31.0 -8.0
64.83 5.0 37.0 -8.0
64.96 5.0 33.0 -8.0
65.73 3.0 36.0 -8.0
66.2 3.0 34.0 -8.0
67.15 5.0 31.0 -8.0
67.33 3.0 34.0 -8.0
67.41 4.0 34.0 -8.0
67.78 4.0 32.0 -8.0
78.16 4.0 49.0 -10.0
82.61 6.0 42.0 -9.0
93.18 5.0 41.0 -11.0
108.06 6.0 48.0 -12.0
113.78 5.0 49.0 -12.0
117.8 9.0 47.0 -15.0
