52.26 3.0 27.0 -6.0
52.26 3.0 27.0 -6.0
52.26 3.0 27.0 -6.0
52.26 3.0 27.0 -6.0
52.26 3.0 27.0 -6.0
52.26 3.0 27.0 -6.0
52.26 3.0 27.0 -6.0
52.26 3.0 27.0 -6.0
52.26 3.0 27.0 -6.0
52.26 3.0 27.0 -6.0
52.26 3.0 27.0 -6.0
52.26 3.0 27.0 -6.0
61.72 4.0 30.0 -7.0
64.66 5.0 31.0 -8.0
64.66 5.0 31.0 -8.0
68.17 3.0 29.0 -8.0
68.17 3.0 29.0 -8.0
69.41 3.0 37.0 -8.0
72.06 4.0 37.0 -8.0
72.48 3.0 28.0 -8.0
73.48 3.0 39.0 -8.0
73.78 3.0 30.0 -8.0
74.15 5.0 43.0 -8.0
76.62 5.0 49.0 -9.0
79.13 5.0 53.0 -9.0
83.97 5.0 48.0 -10.0
84.91 6.0 47.0 -10.0
85.51 4.0 52.0 -10.0
90.63 7.0 45.0 -12.0
104.98 7.0 47.0 -12.0
