422.0 -99.6
422.0 -99.6
433.0 -106.8
433.0 -106.8
452.0 -110.4
458.0 -115.2
473.0 -127.2
498.0 -130.8
516.0 -145.2
519.0 -154.8
536.0 -159.6
547.0 -162.0
547.0 -162.0
547.0 -162.0
548.0 -165.6
559.0 -168.0
559.0 -168.0
559.0 -168.0
559.0 -168.0
559.0 -168.0
559.0 -168.0
559.0 -168.0
571.0 -172.8
588.0 -174.0
600.0 -175.2
600.0 -175.2
603.0 -180.0
622.0 -181.2
622.0 -181.2
622.0 -181.2
623.0 -182.4
628.0 -188.4
638.0 -190.8
638.0 -190.8
658.0 -195.6
677.0 -196.8
677.0 -196.8
691.0 -200.4
699.0 -201.6
702.0 -204.0
720.0 -213.6
767.0 -217.2
773.0 -220.8
785.0 -222.0
785.0 -222.0
795.0 -224.4
810.0 -229.2
810.0 -229.2
810.0 -229.2
812.0 -231.6
838.0 -232.8
843.0 -234.0
892.0 -238.8
