0.0 0.0
0.0 0.0
0.0 0.0
0.0 0.0
0.0 0.0
0.0 0.0
0.0 0.0
0.0 0.0
0.0 0.0
0.0 0.0
0.0 0.0
0.0 0.0
0.0 0.0
0.0 0.0
0.0 0.0
0.0 0.0
0.0 0.0
0.0 0.0
0.0 0.0
0.0 0.0
0.0 0.0
0.0 0.0
0.0 0.0
0.0 0.0
0.0 0.0
0.0 0.0
0.0 0.0
0.0 0.0
0.0 0.0
0.0 0.0
0.0 0.0
0.0 0.0
0.0 0.0
0.0 0.0
0.0 0.0
0.0 0.0
0.0 0.0
0.0 0.0
0.0 0.0
0.0 0.0
0.0 0.0
0.0 0.0
0.0 0.0
0.0 0.0
0.0 0.0
0.0 0.0
0.0 0.0
0.0 0.0
0.0 0.0
0.0 0.0
0.0 0.0
0.0 0.0
0.0 0.0
0.0 0.0
0.0 0.0
0.0 0.0
0.0 0.0
0.0 0.0
0.0 0.0
0.0 0.0
0.0 0.0
0.0 0.0
0.0 0.0
0.0 0.0
0.0 0.0
0.0 0.0
0.0 0.0
0.0 0.0
0.0 0.0
0.0 0.0
0.0 0.0
0.0 0.0
0.0 0.0
0.0 0.0
0.0 0.0
0.0 0.0
0.0 0.0
0.0 0.0
0.0 0.0
0.0 0.0
0.0 0.0
0.0 0.0
0.0 0.0
0.0 0.0
0.0 0.0
0.0 0.0
0.0 0.0
0.0 0.0
0.0 0.0
0.0 0.0
0.0 0.0
0.0 0.0
0.0 0.0
0.0 0.0
0.0 0.0
0.0 0.0
0.0 0.0
0.0 0.0
0.0 0.0
0.0 0.0
0.0 0.0
0.0 0.0
0.0 0.0
0.0 0.0
0.0 0.0
0.0 0.0
0.0 0.0
0.0 0.0
0.0 0.0
0.0 0.0
0.0 0.0
0.0 0.0
0.0 0.0
0.0 0.0
0.0 0.0
0.0 0.0
0.0 0.0
0.0 0.0
0.0 0.0
0.0 0.0
0.0 0.0
0.0 0.0
0.0 0.0
0.0 0.0
0.0 0.0
0.0 0.0
0.0 0.0
0.0 0.0
0.0 0.0
0.0 0.0
0.0 0.0
0.0 0.0
0.0 0.0
0.0 0.0
0.0 0.0
0.0 0.0
0.0 0.0
0.0 0.0
0.0 0.0
0.0 0.0
0.0 0.0
0.0 0.0
0.0 0.0
0.0 0.0
0.0 0.0
0.0 0.0
0.0 0.0
0.0 0.0
0.0 0.0
0.0 0.0
0.0 0.0
0.0 0.0
0.0 0.0
0.0 0.0
0.0 0.0
0.0 0.0
0.0 0.0
0.0 0.0
0.0 0.0
0.0 0.0
0.0 0.0
0.0 0.0
0.0 0.0
0.0 0.0
0.0 0.0
0.0 0.0
0.0 0.0
0.0 0.0
0.0 0.0
0.0 0.0
0.0 0.0
0.0 0.0
0.0 0.0
0.0 0.0
0.0 0.0
0.0 0.0
0.0 0.0
0.0 0.0
0.0 0.0
0.0 0.0
0.0 0.0
0.0 0.0
0.0 0.0
0.0 0.0
0.0 0.0
0.0 0.0
0.0 0.0
0.0 0.0
0.0 0.0
0.0 0.0
0.0 0.0
0.0 0.0
0.0 0.0
0.0 0.0
0.0 0.0
0.0 0.0
0.0 0.0
0.0 0.0
0.0 0.0
0.0 0.0
0.0 0.0
0.0 0.0
0.0 0.0
0.0 0.0
0.0 0.0
0.0 0.0
0.0 0.0
0.0 0.0
0.0 0.0
0.0 0.0
0.0 0.0
0.0 0.0
0.0 0.0
0.0 0.0
0.0 0.0
0.0 0.0
0.0 0.0
0.0 0.0
0.0 0.0
0.0 0.0
0.0 0.0
0.0 0.0
0.0 0.0
0.0 0.0
0.0 0.0
0.0 0.0
0.0 0.0
0.0 0.0
0.0 0.0
0.0 0.0
0.0 0.0
0.0 0.0
0.0 0.0
0.0 0.0
0.0 0.0
0.0 0.0
0.0 0.0
0.0 0.0
0.0 0.0
0.0 0.0
0.0 0.0
0.0 0.0
0.0 0.0
0.0 0.0
0.0 0.0
0.0 0.0
0.0 0.0
0.0 0.0
0.0 0.0
0.0 0.0
0.0 0.0
0.0 0.0
0.0 0.0
0.0 0.0
0.0 0.0
0.0 0.0
0.0 0.0
0.0 0.0
0.0 0.0
0.0 0.0
0.0 0.0
0.0 0.0
0.0 0.0
0.0 0.0
0.0 0.0
0.0 0.0
0.0 0.0
0.0 0.0
0.0 0.0
0.0 0.0
0.0 0.0
0.0 0.0
0.0 0.0
0.0 0.0
0.0 0.0
0.0 0.0
0.0 0.0
0.0 0.0
0.0 0.0
0.0 0.0
0.0 0.0
0.0 0.0
0.0 0.0
0.0 0.0
0.0 0.0
0.0 0.0
0.0 0.0
0.0 0.0
0.0 0.0
0.0 0.0
0.0 0.0
0.0 0.0
0.0 0.0
0.0 0.0
0.0 0.0
0.0 0.0
0.0 0.0
0.0 0.0
0.0 0.0
0.0 0.0
0.0 0.0
0.0 0.0
0.0 0.0
0.0 0.0
0.0 0.0
0.0 0.0
0.0 0.0
0.0 0.0
0.0 0.0
0.0 0.0
0.0 0.0
0.0 0.0
0.0 0.0
0.0 0.0
0.0 0.0
0.0 0.0
0.0 0.0
0.0 0.0
0.0 0.0
0.0 0.0
0.0 0.0
0.0 0.0
0.0 0.0
0.0 0.0
0.0 0.0
0.0 0.0
0.0 0.0
0.0 0.0
0.0 0.0
0.0 0.0
0.0 0.0
0.0 0.0
0.0 0.0
0.0 0.0
0.0 0.0
0.0 0.0
0.0 0.0
0.0 0.0
0.0 0.0
0.0 0.0
0.0 0.0
0.0 0.0
0.0 0.0
0.0 0.0
0.0 0.0
0.0 0.0
0.0 0.0
0.0 0.0
0.0 0.0
0.0 0.0
0.0 0.0
0.0 0.0
0.0 0.0
0.0 0.0
0.0 0.0
0.0 0.0
0.0 0.0
0.0 0.0
0.0 0.0
0.0 0.0
0.0 0.0
0.0 0.0
0.0 0.0
0.0 0.0
0.0 0.0
0.0 0.0
0.0 0.0
0.0 0.0
0.0 0.0
0.0 0.0
0.0 0.0
0.0 0.0
0.0 0.0
0.0 0.0
0.0 0.0
0.0 0.0
0.0 0.0
0.0 0.0
0.0 0.0
0.0 0.0
0.0 0.0
0.0 0.0
0.0 0.0
0.0 0.0
0.0 0.0
0.0 0.0
0.0 0.0
0.0 0.0
0.0 0.0
710.0 -7.2
710.0 -7.2
710.0 -7.2
710.0 -7.2
710.0 -7.2
710.0 -7.2
710.0 -7.2
710.0 -7.2
710.0 -7.2
710.0 -7.2
710.0 -7.2
710.0 -7.2
710.0 -7.2
710.0 -7.2
710.0 -7.2
710.0 -7.2
710.0 -7.2
710.0 -7.2
710.0 -7.2
740.0 -6.0
740.0 -6.0
740.0 -6.0
740.0 -6.0
740.0 -6.0
740.0 -6.0
740.0 -6.0
740.0 -6.0
740.0 -6.0
740.0 -6.0
740.0 -6.0
740.0 -6.0
740.0 -6.0
740.0 -6.0
740.0 -6.0
740.0 -6.0
740.0 -6.0
740.0 -6.0
740.0 -6.0
740.0 -6.0
740.0 -6.0
740.0 -6.0
740.0 -6.0
810.0 -6.0
810.0 -6.0
810.0 -6.0
810.0 -6.0
810.0 -6.0
810.0 -6.0
810.0 -6.0
810.0 -6.0
810.0 -6.0
810.0 -6.0
810.0 -6.0
810.0 -6.0
810.0 -6.0
810.0 -6.0
810.0 -6.0
970.0 -6.0
1030.0 -6.0
1030.0 -6.0
1030.0 -6.0
1030.0 -6.0
1030.0 -6.0
1030.0 -6.0
1030.0 -6.0
1030.0 -6.0
1140.0 -8.4
1140.0 -8.4
1140.0 -8.4
1140.0 -8.4
1140.0 -8.4
1140.0 -8.4
1230.0 -8.4
1230.0 -8.4
1230.0 -8.4
1230.0 -8.4
1230.0 -8.4
1230.0 -8.4
1230.0 -8.4
1230.0 -8.4
1230.0 -8.4
1230.0 -8.4
1450.0 -13.2
1450.0 -13.2
1450.0 -13.2
1450.0 -13.2
1450.0 -13.2
1450.0 -13.2
1450.0 -13.2
1450.0 -13.2
1450.0 -13.2
1480.0 -12.0
1520.0 -13.2
1520.0 -13.2
1550.0 -12.0
1550.0 -12.0
1550.0 -12.0
1550.0 -12.0
1550.0 -12.0
1570.0 -8.4
1570.0 -8.4
1570.0 -8.4
1570.0 -8.4
1570.0 -8.4
1570.0 -7.2
1570.0 -8.4
1570.0 -7.2
1570.0 -7.2
1680.0 -13.2
1680.0 -13.2
1680.0 -13.2
1680.0 -13.2
1680.0 -13.2
1710.0 -12.0
1740.0 -13.2
1740.0 -13.2
1770.0 -12.0
1770.0 -12.0
1780.0 -12.0
1780.0 -12.0
1780.0 -12.0
1780.0 -12.0
1780.0 -12.0
1780.0 -12.0
1780.0 -12.0
1840.0 -12.0
1850.0 -15.6
1850.0 -15.6
1850.0 -15.6
1880.0 -14.4
1940.0 -15.6
1950.0 -14.4
1950.0 -14.4
1970.0 -14.4
1970.0 -14.4
1970.0 -14.4
1970.0 -14.4
1970.0 -14.4
2040.0 -14.4
2040.0 -14.4
2040.0 -14.4
2170.0 -14.4
2190.0 -19.2
2190.0 -19.2
2260.0 -19.2
2260.0 -19.2
2260.0 -19.2
2260.0 -19.2
2260.0 -19.2
2260.0 -19.2
2280.0 -15.6
2280.0 -14.4
2290.0 -18.0
2310.0 -14.4
2310.0 -15.6
2310.0 -15.6
2310.0 -15.6
2310.0 -15.6
2310.0 -15.6
2310.0 -15.6
2310.0 -14.4
2310.0 -14.4
2310.0 -14.4
2420.0 -19.2
2420.0 -19.2
2420.0 -19.2
2420.0 -19.2
2480.0 -19.2
2480.0 -19.2
2480.0 -19.2
2480.0 -19.2
2490.0 -19.2
2570.0 -13.2
2590.0 -21.6
2590.0 -21.6
2620.0 -20.4
2660.0 -21.6
2710.0 -16.8
2740.0 -18.0
2870.0 -15.6
2910.0 -20.4
2910.0 -21.6
2940.0 -20.4
3005.0 -10.8
3020.0 -20.4
3020.0 -22.8
3080.0 -24.0
3120.0 -20.4
3290.0 -25.2
3340.0 -21.6
3350.0 -19.2
3400.0 -27.6
3450.0 -24.0
3480.0 -24.0
3490.0 -27.6
3760.0 -28.8
3770.0 -21.6
3850.0 -28.8
4040.0 -26.4
4220.0 -26.4
4350.0 -27.6
4440.0 -27.6
4540.0 -30.0
4630.0 -16.8
4760.0 -33.6
4890.0 -32.4
5490.0 -36.0
5600.0 -40.8
5770.0 -25.2
7100.0 -51.6
7870.0 -57.6
8650.0 -63.6
8700.0 -60.0
8710.0 -63.6
8910.0 -63.6
9020.0 -63.6
9240.0 -63.6
9450.0 -67.2
9450.0 -67.2
9510.0 -64.8
9510.0 -66.0
9510.0 -66.0
9650.0 -69.6
9650.0 -69.6
9650.0 -69.6
9650.0 -69.6
9650.0 -69.6
9650.0 -69.6
9650.0 -69.6
9680.0 -69.6
9680.0 -69.6
9680.0 -69.6
9680.0 -69.6
9680.0 -69.6
9700.0 -66.0
9710.0 -69.6
9710.0 -69.6
9710.0 -69.6
9710.0 -69.6
9710.0 -69.6
9710.0 -69.6
9860.0 -64.8
9870.0 -69.6
9940.0 -69.6
9940.0 -69.6
10020.0 -69.6
10020.0 -69.6
10080.0 -69.6
10080.0 -69.6
10080.0 -69.6
10110.0 -69.6
10110.0 -69.6
10110.0 -69.6
10150.0 -68.4
10220.0 -72.0
10220.0 -72.0
10220.0 -72.0
10235.0 -66.0
10250.0 -72.0
10280.0 -72.0
10280.0 -72.0
10280.0 -72.0
10280.0 -72.0
10280.0 -72.0
10440.0 -72.0
10440.0 -70.8
10480.0 -72.0
10480.0 -72.0
10480.0 -72.0
10510.0 -70.8
10510.0 -72.0
10540.0 -72.0
10680.0 -75.6
10680.0 -75.6
10680.0 -75.6
10680.0 -75.6
10680.0 -75.6
10680.0 -75.6
10680.0 -75.6
10680.0 -75.6
10680.0 -75.6
10680.0 -75.6
10680.0 -75.6
10680.0 -75.6
10680.0 -75.6
10680.0 -75.6
10680.0 -75.6
10680.0 -75.6
10680.0 -75.6
10700.0 -72.0
10700.0 -70.8
10770.0 -69.6
11020.0 -75.6
11020.0 -75.6
11020.0 -75.6
11020.0 -75.6
11110.0 -75.6
11220.0 -78.0
11220.0 -78.0
11220.0 -78.0
11220.0 -78.0
11220.0 -78.0
11220.0 -78.0
11220.0 -78.0
11220.0 -78.0
11220.0 -78.0
11220.0 -78.0
11220.0 -78.0
11220.0 -78.0
11220.0 -78.0
11220.0 -78.0
11220.0 -78.0
11250.0 -78.0
11250.0 -78.0
11250.0 -78.0
11250.0 -78.0
11250.0 -78.0
11250.0 -78.0
11250.0 -78.0
11250.0 -78.0
11250.0 -78.0
11250.0 -78.0
11280.0 -78.0
11280.0 -78.0
11280.0 -78.0
11280.0 -78.0
11380.0 -76.8
11410.0 -76.8
11440.0 -78.0
11440.0 -78.0
11440.0 -76.8
11440.0 -78.0
11460.0 -72.0
11510.0 -78.0
11510.0 -78.0
11510.0 -78.0
11510.0 -75.6
11510.0 -78.0
11890.0 -75.6
11950.0 -79.2
11980.0 -79.2
12040.0 -75.6
12140.0 -79.2
12250.0 -84.0
12250.0 -84.0
12250.0 -84.0
12250.0 -84.0
12250.0 -84.0
12250.0 -84.0
12250.0 -84.0
12250.0 -84.0
12250.0 -84.0
12250.0 -84.0
12250.0 -84.0
12250.0 -84.0
12250.0 -84.0
12250.0 -84.0
12250.0 -84.0
12250.0 -84.0
12250.0 -84.0
12250.0 -84.0
12250.0 -84.0
12250.0 -84.0
12250.0 -84.0
12250.0 -84.0
12250.0 -84.0
12250.0 -84.0
12250.0 -84.0
12250.0 -84.0
12250.0 -84.0
12250.0 -84.0
12250.0 -84.0
12250.0 -84.0
12250.0 -84.0
12250.0 -84.0
12250.0 -84.0
12250.0 -84.0
12250.0 -84.0
12250.0 -84.0
12250.0 -84.0
12250.0 -84.0
12250.0 -84.0
12250.0 -84.0
12250.0 -84.0
12250.0 -84.0
12250.0 -84.0
12250.0 -84.0
12250.0 -84.0
12250.0 -84.0
12250.0 -84.0
12250.0 -84.0
12250.0 -84.0
12250.0 -84.0
12250.0 -84.0
12250.0 -84.0
12250.0 -84.0
12250.0 -84.0
12250.0 -84.0
12250.0 -84.0
12250.0 -84.0
12250.0 -84.0
12250.0 -84.0
12250.0 -84.0
12250.0 -84.0
12250.0 -84.0
12250.0 -84.0
12250.0 -84.0
12250.0 -84.0
12250.0 -84.0
12250.0 -84.0
12250.0 -84.0
12250.0 -84.0
12250.0 -84.0
12250.0 -84.0
12250.0 -84.0
12250.0 -84.0
12250.0 -84.0
12250.0 -84.0
12250.0 -84.0
12250.0 -84.0
12250.0 -84.0
12250.0 -84.0
12250.0 -84.0
12250.0 -84.0
12250.0 -84.0
12250.0 -84.0
12250.0 -84.0
12250.0 -84.0
12250.0 -84.0
12250.0 -84.0
12250.0 -84.0
12250.0 -84.0
12250.0 -84.0
12250.0 -84.0
12250.0 -84.0
12250.0 -84.0
12250.0 -84.0
12250.0 -84.0
12250.0 -84.0
12250.0 -84.0
12250.0 -84.0
12250.0 -84.0
12250.0 -84.0
12250.0 -84.0
12250.0 -84.0
12250.0 -84.0
12250.0 -84.0
12250.0 -84.0
12250.0 -84.0
12250.0 -84.0
12250.0 -84.0
12250.0 -84.0
12250.0 -84.0
12250.0 -84.0
12250.0 -84.0
12250.0 -84.0
12250.0 -84.0
12250.0 -84.0
12250.0 -84.0
12250.0 -84.0
12250.0 -84.0
12250.0 -84.0
12250.0 -84.0
12250.0 -84.0
12250.0 -84.0
12250.0 -84.0
12250.0 -84.0
12250.0 -84.0
12250.0 -84.0
12250.0 -84.0
12250.0 -84.0
12250.0 -84.0
12250.0 -84.0
12250.0 -84.0
12250.0 -84.0
12250.0 -84.0
12250.0 -84.0
12250.0 -84.0
12250.0 -84.0
12250.0 -84.0
12250.0 -84.0
12250.0 -84.0
12250.0 -84.0
12250.0 -84.0
12250.0 -84.0
12250.0 -84.0
12250.0 -84.0
12250.0 -84.0
12250.0 -84.0
12250.0 -84.0
12250.0 -84.0
12250.0 -84.0
12250.0 -84.0
12250.0 -84.0
12250.0 -84.0
12250.0 -84.0
12250.0 -84.0
12250.0 -84.0
12250.0 -84.0
12250.0 -84.0
12250.0 -84.0
12250.0 -84.0
12250.0 -84.0
12250.0 -84.0
12250.0 -84.0
12250.0 -84.0
12250.0 -84.0
12250.0 -84.0
12250.0 -84.0
12250.0 -84.0
12250.0 -84.0
12250.0 -84.0
12250.0 -84.0
12250.0 -84.0
12250.0 -84.0
12250.0 -84.0
12250.0 -84.0
12250.0 -84.0
12250.0 -84.0
12250.0 -84.0
12250.0 -84.0
12250.0 -84.0
12250.0 -84.0
12250.0 -84.0
12250.0 -84.0
12250.0 -84.0
12250.0 -84.0
12250.0 -84.0
12250.0 -84.0
12250.0 -84.0
12250.0 -84.0
12250.0 -84.0
12250.0 -84.0
12250.0 -84.0
12250.0 -84.0
12250.0 -84.0
12250.0 -84.0
12250.0 -84.0
12250.0 -84.0
12250.0 -84.0
12250.0 -84.0
12250.0 -84.0
12250.0 -84.0
12250.0 -84.0
12250.0 -84.0
12250.0 -84.0
12250.0 -84.0
12250.0 -84.0
12250.0 -84.0
12250.0 -84.0
12250.0 -84.0
12250.0 -84.0
12250.0 -84.0
12250.0 -84.0
12250.0 -84.0
12250.0 -84.0
12250.0 -84.0
12250.0 -84.0
12250.0 -84.0
12250.0 -84.0
12250.0 -84.0
12250.0 -84.0
12250.0 -84.0
12250.0 -84.0
12250.0 -84.0
12250.0 -84.0
12250.0 -84.0
12250.0 -84.0
12250.0 -84.0
12250.0 -84.0
12250.0 -84.0
12250.0 -84.0
12250.0 -84.0
12250.0 -84.0
12270.0 -79.2
12325.0 -75.6
12370.0 -78.0
12410.0 -82.8
12440.0 -78.0
12580.0 -81.6
12580.0 -81.6
12580.0 -81.6
12840.0 -82.8
12840.0 -82.8
12945.0 -80.4
12950.0 -85.2
12950.0 -85.2
12980.0 -85.2
12980.0 -85.2
12980.0 -85.2
12980.0 -85.2
13010.0 -85.2
13010.0 -85.2
13120.0 -84.0
13170.0 -85.2
13195.0 -82.8
13240.0 -85.2
13240.0 -85.2
13255.0 -82.8
13285.0 -84.0
13315.0 -84.0
13795.0 -84.0
13980.0 -91.2
13980.0 -91.2
13980.0 -91.2
13980.0 -91.2
13980.0 -91.2
13980.0 -91.2
13980.0 -91.2
13980.0 -91.2
13980.0 -91.2
13980.0 -91.2
13980.0 -91.2
13980.0 -91.2
13980.0 -91.2
13980.0 -91.2
13980.0 -91.2
13980.0 -91.2
13980.0 -91.2
13980.0 -91.2
13980.0 -91.2
13980.0 -91.2
13980.0 -91.2
13980.0 -91.2
13980.0 -91.2
13980.0 -91.2
13980.0 -91.2
13980.0 -91.2
13980.0 -91.2
13980.0 -91.2
13980.0 -91.2
13980.0 -91.2
13980.0 -91.2
13980.0 -91.2
13980.0 -91.2
13980.0 -91.2
13980.0 -91.2
13980.0 -91.2
13980.0 -91.2
13980.0 -91.2
13980.0 -91.2
13980.0 -91.2
13980.0 -91.2
13980.0 -91.2
13980.0 -91.2
13980.0 -91.2
13980.0 -91.2
13980.0 -91.2
13980.0 -91.2
13980.0 -91.2
13980.0 -91.2
13980.0 -91.2
13980.0 -91.2
13980.0 -91.2
13980.0 -91.2
13980.0 -91.2
13980.0 -91.2
13980.0 -91.2
13980.0 -91.2
13980.0 -91.2
13980.0 -91.2
13980.0 -91.2
13980.0 -91.2
13980.0 -91.2
13980.0 -91.2
13980.0 -91.2
13980.0 -91.2
13980.0 -91.2
13980.0 -91.2
13980.0 -91.2
13980.0 -91.2
13980.0 -91.2
13980.0 -91.2
13980.0 -91.2
13980.0 -91.2
13980.0 -91.2
13980.0 -91.2
13980.0 -91.2
13980.0 -91.2
13980.0 -91.2
13980.0 -91.2
13980.0 -91.2
13980.0 -91.2
13980.0 -91.2
13980.0 -91.2
13980.0 -91.2
13980.0 -91.2
13980.0 -91.2
13980.0 -91.2
13980.0 -91.2
13980.0 -91.2
13980.0 -91.2
13980.0 -91.2
13980.0 -91.2
13980.0 -91.2
13980.0 -91.2
13980.0 -91.2
13980.0 -91.2
13980.0 -91.2
13980.0 -91.2
13980.0 -91.2
13980.0 -91.2
13980.0 -91.2
13980.0 -91.2
13980.0 -91.2
13980.0 -91.2
13980.0 -91.2
14150.0 -90.0
14150.0 -90.0
14150.0 -90.0
14225.0 -87.6
14225.0 -88.8
14285.0 -90.0
14740.0 -86.4
14850.0 -88.8
15795.0 -96.0
15850.0 -94.8
15880.0 -97.2
15880.0 -94.8
15880.0 -97.2
15880.0 -97.2
15880.0 -97.2
16010.0 -93.6
16015.0 -97.2
16015.0 -97.2
16015.0 -97.2
16015.0 -97.2
16140.0 -94.8
16260.0 -94.8
16330.0 -97.2
16880.0 -100.8
16880.0 -100.8
16880.0 -100.8
16880.0 -100.8
16880.0 -100.8
16880.0 -100.8
16880.0 -100.8
16880.0 -100.8
16880.0 -100.8
17580.0 -102.0
17610.0 -102.0
18040.0 -100.8
18230.0 -103.2
18610.0 -108.0
18610.0 -108.0
18610.0 -108.0
18610.0 -108.0
18610.0 -108.0
18610.0 -108.0
18610.0 -108.0
18610.0 -108.0
18610.0 -108.0
18610.0 -108.0
18610.0 -108.0
18610.0 -108.0
18610.0 -108.0
18610.0 -108.0
18610.0 -108.0
18610.0 -108.0
18610.0 -108.0
18610.0 -108.0
18610.0 -108.0
18610.0 -108.0
18610.0 -108.0
18610.0 -108.0
18610.0 -108.0
18610.0 -108.0
18610.0 -108.0
18610.0 -108.0
18610.0 -108.0
18610.0 -108.0
18610.0 -108.0
18610.0 -108.0
18610.0 -108.0
18610.0 -108.0
18610.0 -108.0
18610.0 -108.0
18610.0 -108.0
18610.0 -108.0
18610.0 -108.0
18610.0 -108.0
18610.0 -108.0
18610.0 -108.0
18610.0 -108.0
18610.0 -108.0
18610.0 -108.0
18610.0 -108.0
18610.0 -108.0
18610.0 -108.0
18610.0 -108.0
18610.0 -108.0
18610.0 -108.0
18610.0 -108.0
18610.0 -108.0
18610.0 -108.0
18610.0 -108.0
18610.0 -108.0
18610.0 -108.0
18610.0 -108.0
18610.0 -108.0
19730.0 -108.0
20510.0 -114.0
20510.0 -114.0
20510.0 -114.0
20510.0 -114.0
20585.0 -112.8
20585.0 -112.8
20645.0 -114.0
20645.0 -114.0
22860.0 -120.0
22860.0 -120.0
22995.0 -120.0
23550.0 -118.8
24055.0 -118.8
24360.0 -124.8
24360.0 -124.8
24615.0 -124.8
24615.0 -124.8
24895.0 -126.0
24895.0 -126.0
25305.0 -123.6
26335.0 -129.6
26335.0 -129.6
26335.0 -129.6
26650.0 -129.6
26650.0 -129.6
26710.0 -130.8
26710.0 -130.8
26710.0 -130.8
26710.0 -130.8
26785.0 -129.6
27160.0 -130.8
28465.0 -135.6
28600.0 -134.4
28625.0 -135.6
28685.0 -135.6
28685.0 -135.6
28685.0 -135.6
28685.0 -135.6
28685.0 -135.6
28685.0 -135.6
28685.0 -135.6
28685.0 -135.6
28685.0 -135.6
28685.0 -135.6
28685.0 -135.6
28685.0 -135.6
28685.0 -135.6
28685.0 -135.6
28685.0 -135.6
28685.0 -135.6
28685.0 -135.6
28685.0 -135.6
28685.0 -135.6
28685.0 -135.6
28685.0 -135.6
28685.0 -135.6
28685.0 -135.6
28685.0 -135.6
28685.0 -135.6
28690.0 -134.4
28780.0 -135.6
28915.0 -135.6
28915.0 -135.6
28940.0 -135.6
28975.0 -135.6
29000.0 -136.8
29000.0 -136.8
29475.0 -133.2
30055.0 -139.2
30190.0 -139.2
30275.0 -140.4
30275.0 -140.4
30275.0 -140.4
30275.0 -140.4
30275.0 -140.4
30440.0 -140.4
30440.0 -140.4
30590.0 -140.4
30590.0 -140.4
30725.0 -140.4
30815.0 -141.6
30815.0 -141.6
30815.0 -141.6
30815.0 -141.6
30890.0 -140.4
30975.0 -141.6
31265.0 -141.6
31265.0 -141.6
32075.0 -139.2
32075.0 -139.2
32075.0 -139.2
32075.0 -139.2
32090.0 -145.2
32090.0 -145.2
32090.0 -145.2
32090.0 -145.2
32090.0 -145.2
32090.0 -145.2
32090.0 -145.2
32090.0 -145.2
32405.0 -145.2
32405.0 -145.2
32405.0 -145.2
32540.0 -145.2
32540.0 -145.2
32540.0 -145.2
32625.0 -146.4
32625.0 -146.4
32625.0 -146.4
32625.0 -146.4
32625.0 -146.4
32625.0 -146.4
32625.0 -146.4
32705.0 -145.2
32770.0 -144.0
32790.0 -146.4
32790.0 -146.4
32790.0 -146.4
32790.0 -146.4
32790.0 -146.4
33080.0 -146.4
33080.0 -146.4
33080.0 -146.4
33080.0 -146.4
33080.0 -146.4
33240.0 -146.4
33660.0 -142.8
34355.0 -150.0
34355.0 -150.0
34355.0 -150.0
34355.0 -150.0
34355.0 -150.0
34355.0 -150.0
34355.0 -150.0
34440.0 -151.2
34440.0 -151.2
34440.0 -151.2
34440.0 -151.2
34440.0 -151.2
34440.0 -151.2
34440.0 -151.2
34440.0 -151.2
34440.0 -151.2
34440.0 -151.2
34440.0 -151.2
34440.0 -151.2
34440.0 -151.2
34440.0 -151.2
34440.0 -151.2
34440.0 -151.2
34440.0 -151.2
34440.0 -151.2
34440.0 -151.2
34440.0 -151.2
34440.0 -151.2
34440.0 -151.2
34440.0 -151.2
34440.0 -151.2
34440.0 -151.2
34440.0 -151.2
34440.0 -151.2
34440.0 -151.2
34440.0 -151.2
34440.0 -151.2
34440.0 -151.2
34440.0 -151.2
34440.0 -151.2
34440.0 -151.2
34440.0 -151.2
34440.0 -151.2
34440.0 -151.2
34440.0 -151.2
34440.0 -151.2
34440.0 -151.2
34440.0 -151.2
34440.0 -151.2
34440.0 -151.2
34440.0 -151.2
34440.0 -151.2
34440.0 -151.2
34440.0 -151.2
34440.0 -151.2
34440.0 -151.2
34440.0 -151.2
34440.0 -151.2
34440.0 -151.2
34440.0 -151.2
34440.0 -151.2
34440.0 -151.2
34440.0 -151.2
34440.0 -151.2
34440.0 -151.2
34440.0 -151.2
34440.0 -151.2
34440.0 -151.2
34440.0 -151.2
34440.0 -151.2
34440.0 -151.2
34440.0 -151.2
34440.0 -151.2
34440.0 -151.2
34440.0 -151.2
34440.0 -151.2
34440.0 -151.2
34440.0 -151.2
34440.0 -151.2
34440.0 -151.2
34440.0 -151.2
34440.0 -151.2
34440.0 -151.2
34440.0 -151.2
34440.0 -151.2
34440.0 -151.2
34440.0 -151.2
34440.0 -151.2
34440.0 -151.2
34440.0 -151.2
34440.0 -151.2
34440.0 -151.2
34440.0 -151.2
34440.0 -151.2
34440.0 -151.2
34440.0 -151.2
34440.0 -151.2
34440.0 -151.2
34440.0 -151.2
34440.0 -151.2
34440.0 -151.2
34440.0 -151.2
34440.0 -151.2
34440.0 -151.2
34440.0 -151.2
34440.0 -151.2
34440.0 -151.2
34440.0 -151.2
34440.0 -151.2
34440.0 -151.2
34440.0 -151.2
34670.0 -150.0
34670.0 -150.0
34670.0 -150.0
34670.0 -150.0
34670.0 -150.0
34805.0 -150.0
34805.0 -150.0
34805.0 -150.0
34805.0 -150.0
34805.0 -150.0
34890.0 -151.2
34890.0 -151.2
34890.0 -151.2
34890.0 -151.2
34890.0 -151.2
34890.0 -151.2
34890.0 -151.2
34890.0 -151.2
34890.0 -151.2
34890.0 -151.2
34890.0 -151.2
34890.0 -151.2
34890.0 -151.2
35055.0 -151.2
35055.0 -151.2
35055.0 -151.2
35675.0 -150.0
36705.0 -156.0
36705.0 -156.0
36705.0 -156.0
36705.0 -156.0
36705.0 -156.0
36705.0 -156.0
36705.0 -156.0
36705.0 -156.0
36705.0 -156.0
36705.0 -156.0
36705.0 -156.0
36705.0 -156.0
36705.0 -156.0
36705.0 -156.0
36705.0 -156.0
36705.0 -156.0
36705.0 -156.0
36705.0 -156.0
36705.0 -156.0
36705.0 -156.0
36705.0 -156.0
36705.0 -156.0
36705.0 -156.0
36705.0 -156.0
36705.0 -156.0
36705.0 -156.0
36705.0 -156.0
36705.0 -156.0
36705.0 -156.0
36705.0 -156.0
36705.0 -156.0
36705.0 -156.0
36705.0 -156.0
36705.0 -156.0
36705.0 -156.0
36705.0 -156.0
36705.0 -156.0
36705.0 -156.0
36705.0 -156.0
36705.0 -156.0
36705.0 -156.0
36705.0 -156.0
36705.0 -156.0
36705.0 -156.0
36705.0 -156.0
36705.0 -156.0
36705.0 -156.0
36705.0 -156.0
36705.0 -156.0
36705.0 -156.0
36705.0 -156.0
36705.0 -156.0
36705.0 -156.0
36705.0 -156.0
36705.0 -156.0
36705.0 -156.0
36705.0 -156.0
36705.0 -156.0
36705.0 -156.0
36705.0 -156.0
36705.0 -156.0
36705.0 -156.0
36705.0 -156.0
36705.0 -156.0
36705.0 -156.0
36705.0 -156.0
36705.0 -156.0
36705.0 -156.0
36705.0 -156.0
36705.0 -156.0
36705.0 -156.0
36705.0 -156.0
36705.0 -156.0
36705.0 -156.0
36705.0 -156.0
36705.0 -156.0
36705.0 -156.0
36705.0 -156.0
36705.0 -156.0
36705.0 -156.0
36705.0 -156.0
36705.0 -156.0
36705.0 -156.0
36705.0 -156.0
36705.0 -156.0
36705.0 -156.0
36705.0 -156.0
36705.0 -156.0
36705.0 -156.0
36705.0 -156.0
36705.0 -156.0
36705.0 -156.0
36705.0 -156.0
36705.0 -156.0
36705.0 -156.0
36705.0 -156.0
36705.0 -156.0
36705.0 -156.0
36705.0 -156.0
36705.0 -156.0
36705.0 -156.0
36705.0 -156.0
36705.0 -156.0
36705.0 -156.0
36705.0 -156.0
36705.0 -156.0
36705.0 -156.0
36705.0 -156.0
36705.0 -156.0
36705.0 -156.0
36705.0 -156.0
36705.0 -156.0
36705.0 -156.0
36705.0 -156.0
36705.0 -156.0
36705.0 -156.0
36705.0 -156.0
36705.0 -156.0
36705.0 -156.0
36705.0 -156.0
36705.0 -156.0
36705.0 -156.0
36705.0 -156.0
36705.0 -156.0
36705.0 -156.0
36705.0 -156.0
36705.0 -156.0
36705.0 -156.0
36705.0 -156.0
36705.0 -156.0
36705.0 -156.0
36705.0 -156.0
36705.0 -156.0
36705.0 -156.0
36705.0 -156.0
36705.0 -156.0
36705.0 -156.0
36705.0 -156.0
36705.0 -156.0
36705.0 -156.0
36705.0 -156.0
36705.0 -156.0
36705.0 -156.0
36705.0 -156.0
36705.0 -156.0
36705.0 -156.0
36705.0 -156.0
36705.0 -156.0
36705.0 -156.0
36705.0 -156.0
36705.0 -156.0
36705.0 -156.0
36705.0 -156.0
36705.0 -156.0
36705.0 -156.0
36705.0 -156.0
36705.0 -156.0
36705.0 -156.0
36705.0 -156.0
36705.0 -156.0
36705.0 -156.0
36705.0 -156.0
36705.0 -156.0
36705.0 -156.0
36705.0 -156.0
36705.0 -156.0
36705.0 -156.0
36705.0 -156.0
36705.0 -156.0
36705.0 -156.0
36705.0 -156.0
36705.0 -156.0
36705.0 -156.0
36705.0 -156.0
36705.0 -156.0
36705.0 -156.0
36705.0 -156.0
36705.0 -156.0
36705.0 -156.0
36705.0 -156.0
36705.0 -156.0
36705.0 -156.0
36705.0 -156.0
36705.0 -156.0
36705.0 -156.0
36705.0 -156.0
36705.0 -156.0
36705.0 -156.0
36705.0 -156.0
36705.0 -156.0
36705.0 -156.0
36705.0 -156.0
36705.0 -156.0
36705.0 -156.0
36705.0 -156.0
36705.0 -156.0
36705.0 -156.0
36705.0 -156.0
36705.0 -156.0
36705.0 -156.0
36705.0 -156.0
36705.0 -156.0
36705.0 -156.0
36705.0 -156.0
36705.0 -156.0
36705.0 -156.0
36705.0 -156.0
36705.0 -156.0
36705.0 -156.0
36705.0 -156.0
36705.0 -156.0
36705.0 -156.0
36705.0 -156.0
36705.0 -156.0
36705.0 -156.0
36705.0 -156.0
36705.0 -156.0
36705.0 -156.0
36705.0 -156.0
36705.0 -156.0
36705.0 -156.0
36705.0 -156.0
36705.0 -156.0
36705.0 -156.0
36705.0 -156.0
36705.0 -156.0
36705.0 -156.0
36705.0 -156.0
36705.0 -156.0
36705.0 -156.0
36705.0 -156.0
36705.0 -156.0
36705.0 -156.0
36705.0 -156.0
36705.0 -156.0
36705.0 -156.0
36705.0 -156.0
36705.0 -156.0
36705.0 -156.0
36705.0 -156.0
36705.0 -156.0
36705.0 -156.0
36705.0 -156.0
36705.0 -156.0
36705.0 -156.0
36705.0 -156.0
36705.0 -156.0
36705.0 -156.0
36705.0 -156.0
36705.0 -156.0
36705.0 -156.0
36705.0 -156.0
36705.0 -156.0
36705.0 -156.0
36705.0 -156.0
36705.0 -156.0
36705.0 -156.0
36705.0 -156.0
36705.0 -156.0
36705.0 -156.0
36705.0 -156.0
36705.0 -156.0
36705.0 -156.0
36705.0 -156.0
36705.0 -156.0
36705.0 -156.0
36705.0 -156.0
36705.0 -156.0
36705.0 -156.0
36705.0 -156.0
36705.0 -156.0
36705.0 -156.0
36705.0 -156.0
36705.0 -156.0
36705.0 -156.0
36705.0 -156.0
36705.0 -156.0
36705.0 -156.0
36705.0 -156.0
36705.0 -156.0
36705.0 -156.0
36705.0 -156.0
36705.0 -156.0
36705.0 -156.0
36705.0 -156.0
36705.0 -156.0
36705.0 -156.0
36705.0 -156.0
36705.0 -156.0
36705.0 -156.0
36705.0 -156.0
36705.0 -156.0
36705.0 -156.0
36705.0 -156.0
36705.0 -156.0
36705.0 -156.0
36705.0 -156.0
36705.0 -156.0
36705.0 -156.0
36705.0 -156.0
36705.0 -156.0
36705.0 -156.0
36705.0 -156.0
36705.0 -156.0
36705.0 -156.0
36705.0 -156.0
36705.0 -156.0
36705.0 -156.0
36705.0 -156.0
36705.0 -156.0
36705.0 -156.0
36705.0 -156.0
36705.0 -156.0
36705.0 -156.0
36705.0 -156.0
36705.0 -156.0
36705.0 -156.0
36705.0 -156.0
36705.0 -156.0
36705.0 -156.0
36705.0 -156.0
36705.0 -156.0
36705.0 -156.0
36705.0 -156.0
36705.0 -156.0
36705.0 -156.0
36705.0 -156.0
36705.0 -156.0
36705.0 -156.0
36705.0 -156.0
36705.0 -156.0
36705.0 -156.0
36705.0 -156.0
36705.0 -156.0
36705.0 -156.0
36705.0 -156.0
36705.0 -156.0
36705.0 -156.0
36705.0 -156.0
36705.0 -156.0
36705.0 -156.0
36705.0 -156.0
36705.0 -156.0
36705.0 -156.0
36705.0 -156.0
36705.0 -156.0
36705.0 -156.0
36705.0 -156.0
36705.0 -156.0
36705.0 -156.0
36705.0 -156.0
36705.0 -156.0
36705.0 -156.0
36705.0 -156.0
36705.0 -156.0
36705.0 -156.0
36705.0 -156.0
36705.0 -156.0
36705.0 -156.0
36705.0 -156.0
36705.0 -156.0
36705.0 -156.0
36705.0 -156.0
36705.0 -156.0
36705.0 -156.0
36705.0 -156.0
36705.0 -156.0
36705.0 -156.0
36705.0 -156.0
36705.0 -156.0
36705.0 -156.0
36705.0 -156.0
36705.0 -156.0
36705.0 -156.0
36705.0 -156.0
36705.0 -156.0
36705.0 -156.0
36705.0 -156.0
36705.0 -156.0
36705.0 -156.0
36705.0 -156.0
36705.0 -156.0
36705.0 -156.0
36705.0 -156.0
36705.0 -156.0
36705.0 -156.0
36705.0 -156.0
36705.0 -156.0
36705.0 -156.0
36705.0 -156.0
36705.0 -156.0
36705.0 -156.0
36705.0 -156.0
36705.0 -156.0
36705.0 -156.0
36705.0 -156.0
36705.0 -156.0
36705.0 -156.0
36705.0 -156.0
36705.0 -156.0
36705.0 -156.0
36705.0 -156.0
36705.0 -156.0
36705.0 -156.0
36705.0 -156.0
36705.0 -156.0
36705.0 -156.0
36705.0 -156.0
36705.0 -156.0
36705.0 -156.0
36705.0 -156.0
36705.0 -156.0
36705.0 -156.0
36705.0 -156.0
36705.0 -156.0
36705.0 -156.0
36705.0 -156.0
36705.0 -156.0
36705.0 -156.0
36705.0 -156.0
36705.0 -156.0
36705.0 -156.0
36705.0 -156.0
36705.0 -156.0
36705.0 -156.0
36705.0 -156.0
36705.0 -156.0
36705.0 -156.0
36705.0 -156.0
36705.0 -156.0
36705.0 -156.0
36705.0 -156.0
36705.0 -156.0
36705.0 -156.0
36705.0 -156.0
36705.0 -156.0
36705.0 -156.0
36705.0 -156.0
36705.0 -156.0
36705.0 -156.0
36705.0 -156.0
36705.0 -156.0
36705.0 -156.0
36705.0 -156.0
36705.0 -156.0
36705.0 -156.0
36705.0 -156.0
36705.0 -156.0
36705.0 -156.0
36705.0 -156.0
36705.0 -156.0
36705.0 -156.0
36705.0 -156.0
36705.0 -156.0
36705.0 -156.0
36705.0 -156.0
36705.0 -156.0
36705.0 -156.0
36705.0 -156.0
36705.0 -156.0
36705.0 -156.0
36705.0 -156.0
36705.0 -156.0
36705.0 -156.0
36705.0 -156.0
36705.0 -156.0
36705.0 -156.0
36705.0 -156.0
36705.0 -156.0
36705.0 -156.0
36705.0 -156.0
36705.0 -156.0
36705.0 -156.0
36705.0 -156.0
36705.0 -156.0
36705.0 -156.0
36705.0 -156.0
36705.0 -156.0
36705.0 -156.0
36705.0 -156.0
36705.0 -156.0
36705.0 -156.0
36705.0 -156.0
36705.0 -156.0
36705.0 -156.0
36705.0 -156.0
36705.0 -156.0
36705.0 -156.0
36705.0 -156.0
36705.0 -156.0
36705.0 -156.0
36705.0 -156.0
36705.0 -156.0
36705.0 -156.0
36705.0 -156.0
36705.0 -156.0
36705.0 -156.0
36705.0 -156.0
36705.0 -156.0
36705.0 -156.0
36705.0 -156.0
36705.0 -156.0
36705.0 -156.0
36705.0 -156.0
36705.0 -156.0
36705.0 -156.0
36705.0 -156.0
36705.0 -156.0
36705.0 -156.0
36705.0 -156.0
36705.0 -156.0
36705.0 -156.0
36705.0 -156.0
36705.0 -156.0
36705.0 -156.0
36705.0 -156.0
36705.0 -156.0
36705.0 -156.0
36705.0 -156.0
36705.0 -156.0
36705.0 -156.0
36705.0 -156.0
36705.0 -156.0
36705.0 -156.0
36705.0 -156.0
36705.0 -156.0
36705.0 -156.0
36705.0 -156.0
36705.0 -156.0
36705.0 -156.0
36705.0 -156.0
36705.0 -156.0
36705.0 -156.0
36705.0 -156.0
36705.0 -156.0
36705.0 -156.0
36705.0 -156.0
36705.0 -156.0
36705.0 -156.0
36705.0 -156.0
36705.0 -156.0
36705.0 -156.0
36705.0 -156.0
