5829.0 305.0 2948.0 -588.0
5928.43 281.0 2916.0 -600.0
5952.9 289.0 2844.0 -591.0
5954.47 272.0 2869.0 -588.0
6069.53 306.0 2900.0 -605.0
6108.74 301.0 3031.0 -615.0
6151.27 292.0 2951.0 -609.0
6193.02 315.0 3021.0 -618.0
6213.74 309.0 3052.0 -618.0
6237.1 297.0 3006.0 -614.0
6252.51 312.0 3018.0 -619.0
6262.35 299.0 3135.0 -619.0
6271.82 313.0 3013.0 -619.0
6281.83 318.0 3016.0 -624.0
6295.37 287.0 3105.0 -620.0
6311.76 306.0 3148.0 -626.0
6313.14 310.0 2959.0 -625.0
6325.98 313.0 3055.0 -637.0
6326.56 307.0 3178.0 -636.0
6338.5 300.0 2965.0 -623.0
6339.5 316.0 3034.0 -627.0
6378.13 307.0 3226.0 -639.0
6393.28 310.0 3053.0 -625.0
6397.88 315.0 3156.0 -644.0
6421.54 315.0 3144.0 -637.0
6459.54 288.0 3154.0 -634.0
6481.89 312.0 3140.0 -644.0
6493.04 311.0 3197.0 -642.0
6552.12 314.0 3119.0 -643.0
6656.07 311.0 3275.0 -665.0
