0001001000100000001011000100000000010000010011101100000001000010111101010101000001000000000000100000
0001001000100000001011100100000000010000010011101100000001000010111101010101000001000000000000100000
0001001000101001001011000100000000010000010011101000100001000010111101010101000001000000000000100000
0001001000101001001011000100000000010000010011101100000001000010111101010101000001000000000000100000
0001001000101001001011000100000000010000010011101100100001000010111101010101000001000000000000100000
0000001001100001001011101100100000010000010011001100000001000010111111010100000001000000000100100000
0001001001100001001011101100100000010000000011101100010001100010111101010101000001000000000000100000
0001001001000001001011101100100000010000000011101100000101000010111111010100000001000000001100100000
0001001000101001001011100100000000010000010011101100100001000010111101010101000001000000000100100000
0001001001100001001011101100100000010000010011001100000001000010111111010101000001000000000100100000
0001001001100001001011101100100000010000010011001100000001000010111111010101001001000000000100100000
0001001001100001001011101100100000010000010011001100010001000010111111010001000001000000001100100000
0001001001100001001011101100100000010000010011001100010001000010111111010101000001000000001100100000
0001001001101001001011101100100000010000010011101100000001000010111101010101000001000000000100100000
0001001001100001001011101100100100010000010011101100010101100010111111010100000001000000000100100000
0001001001100001001011101100100100010000010011001100010001000010111111010101000001000000001100100000
0001001001101001001011101100100000010000010011101100000001000010111101010101000001000000001100100000
0001001001101001001011101100100000010000010011101100000101000010111101010101000001000000001100100000
0001001001101001001011101100100000010000010011101100000101000010111101010101000001000000101100100000
0001001001101001001011101100100000010000010011101100000101000010111101010101000001000000001100100001
0001000001101001001011111100100100010000010011101100010101100010111111010101000001000000000100100000
0001001001101001001111111100100100010000010011101100010101100010110111010101000001000000100000100000
0001001001101001001011101100100100010000010011101100010101100010111111010101000001000000101100100000
0001001001101001001011101100100100010000011011101100010101100010111111010101000001000000101100100000
0011001001101001001011101100100100010000010011101100010101100010111111010101000001000000101100100000
0011001001101001001111111100100100010000010011101100010101100010111111010100000001000000001100100000
0001001001101001001011101100100000010000010011101100010101100010111111010101000001101000001100100000
0001001001101001001111111100101100010000010011101100000101100010111111010100000001000000001100100000
0011001001101001001111111100100100010000010011101100010101100010110111010101000001000000101100100000
0011001001101001001111111100100100010000010011101100010101100010111111010101000001000000101100100000
0011001001101001001111111100100100010000010001101100010101100010111111010101000001001000001100100000
0011001001101001001011111100100100010000010011101100010101100010111111010101000001100010001100100000
0001001001101001001111111100100100010000010011101100010101100010111111010101000001101000001100100000
0001001001101001001111111100100100010000010011101100010101100010110111011101000001101000001100100000
0001001001101001001111111100100100010000010011101100010101100010111111011101000001101000001100100000
0011001001101001001111111100100100010000010011101100010101100010111111010101000001101000001100100000
0011001001101001001111111100100100010000010011101100010101100010111111011101000001101000001100100000
0011001001101001001111111100100100010000010111101100010101100010111111010101000001101000001100100000
0011001001101001001111111100100100010000010011101100010101100010111111010101000001101000001100100001
0011001001101001001111111100100100010000010011101101110101100010111111010101000001101000001100100000
0011001001101001001111111100100100010000011011101101110101100010111111010101000001101000001100100000
0011001001101001001111111100101110010000011011101100010101100010111111010101000001001000001100100000
0001001001101001001111111100101100010000010011101100010101100010111111010101000001101000001100101001
0001001001101001001111111100101110010000011011101100010101100010111111010101000001101000001100100000
0011001001101001001111111100101010010000010011101100110101100010111111010101001001101000001100100000
0011001001101001001111111100101100010000010011101100010101100010111111010101000001101000001100101001
0011001001101001001111111100101110010000010011101100110101100010111111010101000001101000001100100000
0011001001101001001111111100101110010000010011101100110101100010111111010101001001101000001100100000
0011001001101001001111111100101110010000011111101101110101100010111111010101000001001000001100100000
0011001001101001001111111100101110010000011011101101110101100010111111010101000001101000001100100000
0011001001101001001111111100101110010000011111101101110101100010111111010101000001101000001100100000
0011001001101001001111111100101110010000011011101101110101100010111111010101000001101000001100100001
0011001001101001001111111100101110010000011011101101110101100010111111010101001001101000001100100001
0011001001101001001111111100101110010000011111101101110101100010111111010101000001101000001100100001
0011001001101001001111111100101110010000011011101101110111100010111111010101000001101000001100100001
0011001001101001001111111100101100010000011111101101110111100110111111010101000001101000001100100001
0011001001101001001111111100101110010000011111101101110101000110110101011101001001101000001100100001
0011001001101001001111111100101110010000011111101101110101100110110101011101001001101000001100100001
0011001001101001001111111100101110010000011111101101110101100110111101010101001001101010001100100001
0011001001101001001111111100101110010000011011101101110111100110111111010101000001101000011100100001
0011001001101001001111111100101110010000011111101101110111100110111111010101000001101000001100100001
0011001001101001001111111100101110010000011011101101110111100111111111010101001001101000101100101001
0011001001101001001111111100101110010000011111101101100101100110110111110101001001101010101100101001
0011001001101001001111111100101110010000011111101101110111100111111111010101001001101000101100101001
0011001001101001001111111100101110010000011111101101110111100110110111011101001001101010101100101001
0011001001101001001111111100101110010000011111101101110111100110111111110101001001101010101100101001
0011001001101001001111111100101110010000011111101101110111100110111111111101001001101010101100101001
0011001011101001001111111100101110010000011111101101110111100110111111110101001001101010101100101001
0011001001101001001111111100101110110000011011101101111111100110111111111101001001101010001100101001
1011001001101101011111111100101110010000011111101101111111100110110111110101001001101010101100101001
1011001001101101011111111100101110010000011111101101111111100110111111110101001001101010101100101001
0011001001101001001111111100101110011000011111101101111111110110111111110101001001101010101100101001
0011001001101001001111111100101111110000011011101101111111100110111111111101001001101010101100101001
0011001001101001001111111100101110110000011011101101111111100110111111110111001001101010101100101001
1011001001101001001111111100101111110000011011101101111111100110111111111101001001101010101100101001
0011001001101101011111111100101111110000011011101101111111100110111111110101001001101010101100101001
0011001001101101011111111100101111110000011011101101111111100110111111111101001001101010101100101001
1011001001101101011111111100101111110000011011101101111111110110111111110101001001101010101100101001
1011001001101111011111111100101111110000011011101101111111110110111111110101001001101010101100101001
0011001001101101011111111100101111110000011011101101111111100110111111111111001001101010101100101001
0011001001101101011111111110101111110000011111101101111111100110111111111101001001101010101100101001
0011001001101011011111111110101111110010011011101101111111100110111111110111001001101010101100101001
0011001001101011011111111110101111110010011011101101111111100111111111110111001001101010101100101001
1011001001101101111111111010101111110010011111101101110111100110111101111101001001101010101100101011
1011001001101101111111111010101111110010011111101101110111100110111101111101001001101010101101101011
