212.0 -13692.0
222.0 -14748.0
242.0 -14820.0
244.0 -18108.0
258.0 -19140.0
265.0 -19548.0
280.0 -20448.0
290.0 -20736.0
297.0 -21192.0
304.0 -21696.0
312.0 -22632.0
327.0 -22704.0
337.0 -22968.0
357.0 -23760.0
367.0 -24684.0
389.0 -24708.0
392.0 -24948.0
404.0 -25404.0
407.0 -25932.0
412.0 -26316.0
438.0 -26688.0
439.0 -27120.0
451.0 -27348.0
454.0 -27816.0
464.0 -27924.0
471.0 -28068.0
485.0 -28416.0
496.0 -28920.0
503.0 -29328.0
510.0 -29388.0
528.0 -29820.0
532.0 -29976.0
547.0 -30336.0
551.0 -30780.0
564.0 -31308.0
591.0 -31320.0
599.0 -32172.0
624.0 -32352.0
636.0 -32892.0
646.0 -33156.0
659.0 -33468.0
668.0 -33528.0
678.0 -33792.0
696.0 -34188.0
711.0 -34416.0
732.0 -34848.0
737.0 -34920.0
757.0 -35388.0
772.0 -35616.0
789.0 -35664.0
797.0 -36108.0
809.0 -36336.0
812.0 -36516.0
837.0 -36888.0
841.0 -37032.0
854.0 -37236.0
874.0 -37644.0
899.0 -37980.0
917.0 -38340.0
924.0 -38472.0
959.0 -38772.0
971.0 -39168.0
982.0 -39492.0
999.0 -39744.0
1015.0 -40068.0
1025.0 -40428.0
1043.0 -40644.0
1050.0 -40920.0
1067.0 -41172.0
1106.0 -41196.0
1109.0 -41340.0
1127.0 -41448.0
1131.0 -41688.0
1187.0 -41916.0
1239.0 -42168.0
1252.0 -42228.0
1261.0 -42876.0
1276.0 -43320.0
1351.0 -43332.0
1374.0 -43572.0
1395.0 -43692.0
1411.0 -43788.0
1418.0 -43944.0
1489.0 -44100.0
1553.0 -44124.0
1578.0 -44148.0
1618.0 -44184.0
1626.0 -44352.0
1707.0 -44376.0
1790.0 -44748.0
1797.0 -44928.0
