11111101011100011110101000001011001100000111110011001101110100000010011011101000100001010001100010100011111111101010000111110001000000000000000001101000000111011100010101000101000111011010001010011011010100101001110001010110000100000010010000001001110010111000010111111011101111010001110000
01011101011001011110101001000011011110001000111011100001111111110010010111111010100111101111011101110111111111101110001111001010101111000000001111101000000110010110000111000100001111011110000111011011111001111001110101011110110111011010110010001011110010111011111110110111011101010010110000
10101000011100011110101101000111101110010110001011101001001001110010010111101101110010111111111111101011111111101111001110001111111111111100000001100000000011010100001111101100001001010010000111111011111111111100110101011110010111101011010100001001110010111111110111101011011111000011111110
11111111111100011110101101001010111110010111111111100001111011111001011011111101111000100111101001111111111111101110000111100111000111111111100001110110111111010011000101000100000111001000000110111011101100101011111100111001100111011010011100001001111111111111110110111011111100011101111101
11111111111110011110101111000110111110011110111111111001111001110100011111111110111111101101111111101111111111101111101111000110011111111111101111110111000010111111000111000100011111101100010111111011101100101100110101011110110111111111010100001001111010111111110111111011001100111111111111
11011101011001011110111111110111001100011101111111101111011111111110001011101111101101000001001111110111111111111111010110111011101111011011101111111110110111010111011101001111100011111100001111111111010100111011111111111101111111011111011111011111111111111111111110110011101110111101110111
11111111111101011110111111111111011110011001111111101101011011111110001111101100011101111111101111111001111111111111110111110001111111011111100001111111111011011011110111100100101011111110000110101111111011111011111011110110111100001110011001011101111111111111111110111111101110111111110010
11111111111111011110101111001111001110110111110011111111111001111110001111111110111111101101111101111111111111101111001111011011011111111111101111110111011011111111010111000110011111111100011111011011101000101111110100011100110111111011010100001001111010111111111101111011001101111111111111
11111111111100011110111111110111101110111000111111101101000101111110001111101111101101111011101101111101111111111011010111011011000111011111111111111110101011010011011111001111101101111110001111011111111100111011111111111001111111111111110101011101111111111111111110111111101110111111110111
11011101011000111110101011111011001110101101111111101111111111111110100111111101101101111011101101111111111111111111010111001000101111011111110001111110011111010101001111111111101111111110001110111111111110111011111110111011111111111110111101011101111111111111110110110111101111111111110011
11111111111111011110101111001111101110110110111111111111111111111111011111111111111111101101111111111101111111101010101111100110011111111111111111110110110011111111010101000100000101101110010111011011101100101101110101011100110111101010011100001001111010111111110111111111001101111111111111
11111111111111011110101011001010111110101110111111101011111011111110001111111111101010101101111101101011111111101110101111001111011111011111101111110111101011111111100111000100011011101110010111111011111000101110111100111011110111111011011010001011111111111111111111111011110111111111111111
11111111111100011110101111111111011110011101111111101101111111111110001111101101101101111011101101110111111111111111110111011000101111011011110001111111010111011011110111000111101111111110001111111111111100101111111111111011111111101111110011011111111111111111111110111011001111111111110011
11111111111110011110101111001111111110111111111111111101111011111100101111111101101111111101111111101101111111101110001110110111011111111100010001111111001111111111101101001101000111101110011110111011101100111101111101111111110111101010111110001011111111111111110111111011011101111111110111
11111111111101011110101111111111111110110011111111101101010011111110000011101101001101101001101111111111111111111011110111101010101111011111110001111110111111010111111111001111101101111100001110111111101000111011111111111011111111111111110111011111111111111111111110111111101110111111110111
11111111111100011110101111110111011110011011111111101101111111111110101111101111101101100011101111111111111111111110110111111011101111011111111111111110111011011011111111101110101111111100001111101111111110111011111111111011111111011111111101011001111111111111111110111111101110011111111110
