11111101011000011110101110010111001101111001000011111101010011110100000011111000100100100001101100110011111111111010100111010010111001000011110000111110000010110011001101101110001111101100001000000000101110010010011001110000100100001010110110111011010101111111111110111011000111100001110100
11111101011000011110101110010111001111111001000011111101010011110100000011111000100100100001101100110011111111111010100111010010111001000011110000111110000010110011001101101110001111101100001000000000101110010010011001110000100100001010110110111011010101111111111110111011000111100001110100
11111101011000011110101110010111001111111001000011111101010011110100000011111000100100100001101100110011111111111010100111010010111001000011110000110110110010110011001101111110001111001100101000000000101110010010011001110000100100001010110110111011010101111111111110111011000111100001110100
11111101011000011110101110010111001111111001000011111101010011110100000011111000100100100001101100110011111111111010100111011010111001000011110000111110000010110011001101101110001111101100001000000000101110010010011001110000100100001010110110111011010101111111111110111011000111100001110100
11111101011000011110111110010111001111110011000011111101001111110100000011111000100100101001101100110011111111111011101111010010011001000011110000110110110010110011001101111110001111001100101000000000101110010010011001110000100100001010110110111011010101111111111110111011000111100001110100
11111101011000011110111110010111001111111001000011111101000111110100000011111000101100100011001100110011111111101011101111010011111001000011110000110110110010110011001101111110001111001100101000000000101110010010011001110000100100001010110110111011010101111111111110111011000111100001110100
11111101011000011110101110010111001111111011000011111101010011110100001011111000100100100001101100110011111111111010100111010010111001000011110000110110110010110011001101111110001111001100101000000000101110010010011001110000100100001010110110111011010101111111111110111011000111100001110100
11111101011000011110101110010111001111111011000011111101010011110100001011111000100100100001101100110011111111111010100111010010111001000011110000110110110010110111001101111110001111001100101000000000101110010010011001110000100100001010110110111011010101111111111110111011000111100001110100
11111101011000011110111110010111001111110001000011111101010011110100000011111000100100110001101100110011111111111010100111011010111001000011110000111110000010110011001101101110001111101100001000000000101110010010011001110000100100001010110110111011010101111111111110111011000111100001110100
11111101011000011110111110010111001111111001000011111101000111110100000011111000101100100011001100110011111111101011101111010011111001000011110000110110110010110011001101111111001111001100101000000000101110010010011001110000100100001010110110111011010101111111111110111011000111100001110100
11111111011000011110111110010111001111111001000011111101000111110100000011111000101100100011001100110011111111101011101111000011111001000011110000110110110010110011001101111110001111001100101000000000101110010010011001110000100100001010110110111011010101111111111110111011000111100001110100
11111101011000011110101110010111001111111001000011111101010011110100000011111000100100100001101100110011111111111010100111010010111001000011110000111110000010110011001101101110001111101100011000000000101110010010011001110000100100001010110110111011010101111111111110111011000111100001110100
11111101011000011110111110010111001111110001000011111101010011110100000011111000100100110001101100110011111111111010100111011010111001000011110000111110000010110011001101101110001111101100001000000000101110010010011001110000100100001010110110111011010101111111111110111011000111101001110100
11111101011000011110111110010111001111110001000011111101010011110100000011111000100100110001101100110011111111111011101111010011111001000011110000110110110010110011001101111111001111101100101000000000101110010010011001110000100100001010110110111011010101111111111110111011000111100011110100
11111101011001011110101110010111001111111001000011111101010011110100000011111000100100100001101100110011111111111010100111010010111001000011110000111110000010110011001101101110001111101100001000000000101110010010011001110000100100001011110110111011010101111111111110111011000111001001110100
11111101011000011110101110010111001101110011000011111101010111110110001011111000111010101111101011100011111111101010101111000010111001000011110000110110110010110111001101111110001111001100101000000000101110010010011001110000100100001010110110111011010101111111111110111011000111100001110100
11111101011000011110111110010111001111110011000011111101010111110110001011111000101010101101101011100011111111101010101111000010111001000011110000110110000011110011001101111110001111101010001000000000101110010010011001110000100100001010110110111011010101111111111110111011000111100001110100
11111101011000011110111110010111001111110011000011111101010111110110001011111000111010101111101011100011111111101010101111000010111001000011110000110110110010110111001101111110001111001100101000000000101110010010011001110000100100001010110110111011010101111111111110111011000111100001110100
11111101011000011110111110010111001111110011000011111101010111110110001011111000111010101111101011100011111111101010101111000010111001000011110000110110110010110111001101111110001111001100101000000000101110010010011001110010100100001010110110111011010101111111111110111011000111100001110100
11111101011001011110101110010111001111111001000011111101010011110100000011111000100100100001101100110011111111111010101111010010111001000011110000111110000010110011001101101110001111101100001000000000101110010010011001110000100100001011110110111011010101111111111110111011001101101001110100
11111101011000011110111110010111001111111001000011111101000111110100000011111000101100100011001100110011111111101011101111010011111001000011110000110110110010110011001101111110001111001100101000000000101110010010011001110000101100001011110111110011010101111111111110111011000111101001110100
11111101011000011110101110010111001101111001000011111101010011110100000011111000100100100001101100110011111111101010101111000010011101000011100000110110010010110011001101111110001111101100001000000000101110010010011001110000101100001011111110111011010101111111110110111011100111001001110100
11111101011000011110111110010111001111110011000011111101010111110110000011111000101010101101101011100011111111101010101111000010111001000011110000110110000011110011001101111110001111101010001000000000101110010010011001110000101100001011110110111011010101111111111110111011000111100001110100
11111101011000011110111110010111001111111011000011111101000111110100000011111000101100100011001100110011111111101011101111010011111001000011110000110110110010110011001101111110001111001100101000000000101110010010011001110000101100001011110111110011010101111111111110111011010111001001110100
11111101011000011110101110010111001111111001000011111101010011110100000011111000100100100001101100110011111111111010100111010010111001000011110000111110000010110011001101101110001111101100001000000000101110010010011001110000101100001011111110111011010101111111110110111011100111001001110100
11111101011000011110111110010111011111111011000011111101000101110110000111111000111010111111111111100011111111101010100111011010111001000011110000111110000010110011001101101110001111101100001000000000101110010010011001110000100100001010110110111011010101111111111110111011000111100001110100
11111101011000011110111110010111011111111011000011111101000111110110000011111000111010101111111111100011111111101011101111010011111001000011110000110110000010110111001101111110001111101101101000000000101110010010011001110010100100001010110110111011010101111111111110111011000111100001110100
11111101011000011110111110010111001111110011000011111101000111110110000011111000111010101111111111100011111111101011101111010011111001000011110000110110110010110011001101111110001111001100101000000000101110010010011001110000101100001011110111110011010101111111111110111011000111100001110100
11111101011000011110101110010111001111111001000011111101010011110100000011111000100100100001101100110011111111111010100111011010111001000011110000111110000010110011001111101110101101001100001000000000101110010010011011110000101100001011110110111011010101111111111110111011100111001001110100
11111101011000111110111110010111001111110011000011111101010111110110001011111000111010101111101011100011111111101010101111000010111001000011110000110110110010110111001101111110001111001100101000000000101110010010011001110100100100001010110110111011010101111111111110111011001111100001110100
11111101011000011110111110010111011111111011000011111101000101110110000111111000111010111111111111100011111111101011101111010011111001000011110000110110110010110011001101111111001111101100101000000000101110010010011001110000100100001010110110111011010101111111111110111011000111100011110100
11111101011000011110111110010111001111110011000011111101010111110110010011111000101010101101101011100011111111101010101111000010111001000011110000110110000011110011001101111110001111101010001000000000101110010010011001110000111100001011110110111011010101111111110110111011001111100001110100
11111111011000011110111110010111001111111001000011111101000111110100000011111000101100100011001100110011111111101011101111000011111001000011110000110110110010110011001101111110001111001101101000000000101110010010011011110000101100001011111110111011010101111111111110111011100111001001110100
11111101011000011110101111010111001111111001000011111101010011110100000011111000100100101001101100110011111111111010100111010010111001000011110000111110000010110011001101101110001111101110001000000000101110010010011001110000111100001011111110111011010101111111111110111011100111001001110100
11111101011000011110101110110111001111111001000011111101010011110100000011111000100100101001101100110011111111111010100111011010111001000011110000111110000010110011001111101110101101001100001000000000101110010010011001110000101100001011110110111011010101111111111110111011100111001001110100
11111101011000011110101110010111001101111001000011111101010011110100000011111000100110111111111111100001111111101010101111011010011001000011110000111110010010110111111111111110001111101100001000000000101110010010011001110000111100001011110110111011010101111111111110111011000111100001110100
11111101011000011110111110010111011101111011000011111101010111110110000111111000111010111111111111100011111111111011101111011011111001000011110000110110000010110011001101101110001111101100001000000000101110010010011001110000100100001011110110111011010101111111111110111011001111100001110100
11111101011000011110111110010111001111111011000011111101000101110110000111111000111010111111111111100011111111101011101111010011111001000011110000110110110010110011001101111111001111101101101000000000101110010010011001110000111100001011110110111011010101111111111110111011000111100001110100
11111101011000011110101110110111001110111001000011111101010011110100000011111000100100101001101100110011111111111010100111011010111001000011110000111110000010110011001111101110101101001100001000000000101110010010011011110000101100001011111110111011010101111111111110111011100111001001110100
11111101011000011110111110010111011111111011000011111101000101110110000111111000111010111111111111100011111111101011101111010011111001000011110000110110110010110011001101111111001111101101101000000000101110010010011001110000111100001011110110111011010101111111111110111011000111100001110100
11111101011000011110101110010111001111111001000011111101010011110100000011111000100100100001101100110011111111111010100111010010111001000011110000111110000011110011001101111111001111101110001000000000101110010010011011110001111100001011111110111011010101111111111110111011100111001001110100
11111101011000011110111110010111011111111011000011111101000101110110000111111000111010111111111111100001111111101010101111011010011001000011110000111110010010110111111111111110001111101100001000000000101110010010011001110000111100001011110110111011010101111111111110111011000111100001110100
11111101011000011110111110010111011111111011000011111101000101110110000111111001111010111111111111100011111111101011101111010011111001000011110000110110110010110011001101111111001111101101101000000000101110010010011001110000111100001011110110111011010101111111111110111011000111100001110100
11111101011000011110101110011111001110110011000011111101011111110110000011111000101010101111101111100011111111101010101111000010011101000011100000110110010010110011001101111110001111101100001000000000101110010010011001110000101100001011111110111011010101111111110110111011100111001001110100
11111111111101111111111110011111001111111001000011111101010111110110001011111001101100101001101011100011111111101010101111000010111001000011110000110110110010110111001101111110001111001100101000000000101110010010011001110000100100001010110110111011010101111111111110111011000111100001110100
11111111111100011110101110110111001111111001000011111101010011110100000011111000100100101001101100110011111111111010100111011010111001000011110000111110000010110011001111101110101101001100001000000000101110010010011001110000101100001011110110111011010101111111111110111011100111001001110100
11111101011000011110111100010111011111111011000011111101000101110110000111111000111010111111111111100011111111101011101111010011111001000011110000110110110010110011001101111111001111101101101000000000101110010010011001110000101100001011111111111011010101111111111110111011001111100001110100
11111111111100011110101110110111001111111001000111111101010011110100000011111000100100101001101100110011111111111010100111011010111001000011110000111110000010110011001111101110101101001100001000000000101110010010011001110000101100001011110110111011010101111111111110111011001111100001110100
11111101011000011110101111010111001111111001000011111101010011110100000011111000100100101001101100110011111111111010100111010010111001000011110000111110010011110011001101111111001111101110001000000000101110010010011011110001111100001011111110111011010101111111111110111011010111001001110100
11111101011000011110101111010111001111111001000011111101010011110100000011111000100100101001101100110011111111111010100111010010111001000011110000111110010011110011001101111111001111101110001000000000101110010010011011110001111100001011111110111011010101111111110110111011100111001001110100
11111101011000011110111110010111001111111011000011111101010011110100000011111000101100101001101100110111111111111011101111010011111001000011110000110110001011110111001111111110001111101100001000000000111110010010011001110000101100001011110111110011010101111111111110111011100111001001110100
11111101011000011110111110010111011111111011000011111101000101110110000111111000111010111111111111100011111111101011101111010011111001000011110000110110110010110011001101111111001111101101101000000000101110010010011011110000101100001011111110111011010101111111111110111011100111001001110100
11111111011001011110101110011111001110110011000011111101011111110110000011111000101010101111101111100011111111101010101111000010011101000011100000110110010010110011001101111110001111101100001000000000101110010010011001110000101100001011111110111011010101111111110110111011100111001001110100
11111111011000011110101110010111001111111011000111111101011111110110000011111000101010101111111111100011111111101010101111110010111101000011100000110110010010110011101111111110001111101100001000000000101110010010011001110000100100001011110110111011010101111111111110111011000111100101110100
11111101111001011110101110010111001111111001000011111101010111110110001011111001101100101001101111100011111111101011101111010011111001000011110000110110001011110011001101111110001111101110001000000000101110010010011001110000101100001011111110111011010101111111110110111011100111001001110100
11111111111100011110101110110111001111111001000011111101010011110100000011111000100100101001101100110011111111101010101111010010011101000011100000110110001011110011001101111110001111101110001000000000101110010010011001110000101100001111111110111011010101111111110110111111100111001001110100
11111111011001011110101110011111001110110011000011111101011111110110000011111000101010101111101111100011111111101010101111000010011101000011100000110110010010110011001101111110001111101100001000000000101110010010011001110000101100001011111110111011010101111111110111111111100111001001110100
11111101011001011110101111010111001111111001000011111101010111110110001011111001101100101001001100110111111111111011101111010011111001000011110000110110001011110011001101111110001111101110001000000000101110010010011001110000101100001011111110110011010101111111110110111011100111001001110100
11111101011001011110101110010111001111111001000011111101010111110110001011111001101100101001101100110111111111111011101111010011111001000011110000110110001011110011001101111110001101101110001000000000101110010010011011110000101100001011111110111011010101111111111110111011100111001001110100
11111111011101111111111110011111011101011011000011111101010111110110000111111000111010111111111111100011111111111011101111011011011001000011110000110110000010110011001101111110001111101100101000000000101110010010011001110010111100001011110110111011010101111111111110111011000111100001110100
11111101011101111111111111011111001111111001000011111101011111110110001011111000111010111111111111100011111111111011101111011011111001000011110000110110000010010011001101111110001111101100101000000000101110010010011001110000111100001011110110111011010101111111111110111011000111100101110100
11111101011001011110101110010111001111111001000011111101010111110110001011111001101100101001101100110111111111111011101111010011111001000011110000110110001011110011001101111110001111101110001000000000101110010010011011110001101100001011111110111011010101111111111110111011100111001001110100
11111111111101111111111110011111001110110011000011111101011111110110000011111000101010101111101111100011111111101010101111010010011101000011100000110110001011110011001101111110001111101110001000000000101110010010011011110000101100001011110110111011010101111111111110111011000111100001110100
11111111111101111111111110011111001111111001000011111101000111110110001011111001101100101001111100110011111111101011101111010011111001000011110000110110110010110011001101111111001111101101101000000000101110010010011001110000101100001011111111111011010101111111111110111011001111100001110100
11111101011001011110101111010111001111111001000011111101010111110110001011111001101100101001101100110111111111111011101111010011111001000011110000110110001011110011001101111110001111101110001000000000101110010010011011110001101100001011111110111011010101111111111110111011100111001001110100
11111101011001011110101111010111001111111001000011111101010111110110001011111001101100101001101100110111111111111011101111010011111001000011110000110110001011110011001101111110001111101110101000000000101110010010011011110001101100001011111110111011010101111111111110111011100111001001110100
11111101011001011110101110010111001111111001000011111101010111110110001011111001101100101001101100110111111111111011101111010011111001000011110000110110001011110011001101111110001101101110001000000000101110010010011011110000101100001011111110111011010101111111110111111111100111001001110100
11111111111101111111111110011111001110110011000011111101011111110110000011111000101010101111101111100011111111101010101111010010111001000011100000110110011010110111101111111110001111101100001000000000101110010010011001110000101100001011110110111011010101111111111110111011100111001001110100
11111111011101111111101110011111011101111011000011111101010111110110000111111000111010111111111111100011111111111011101111011011111001000011110000110110000010110011001101111110001111101100101000000000101110010010011001110000111100001011110110111111010101111111111110111011000111100101110100
11111111011101111111111110011111011101111011000011111101010111110110000111111000111010111111111111100011111111111011101111011011111001000011110000110110000010110011001101111110001111101100101000000000101110010010011001110010111100001011110110111011010101111111111110111011001111100001110100
11111111011101111111111110011111011101111011000011111101010111110110000111111000111010111111111111100011111111111011101111011011111001000011110000110110000010110011001101111110001111101100101000000000101110010010011001110010111100001011110110111011010101111111111110111011000111101001110110
11111111111101111111111110011111001110110011000011111101011011110110000011111000101010101111101111100011111111101010101111010010011101000011100000110110001011110011001101111110001111101110001000000000101110010010011011110000101100001011110110111011010101111111111110111011001111100001110100
11111111111101111111111110011111001111111001000011111101010111110110001011111001101100101001111100110011111111101111101111010011111001000011110000110110001011110011001101111110001111101110101000000000101110010010011001110000111100001011110110111011010101111111110110111011001111100001110100
11111111111101111111111110011111001110110011000011111101011111110110000011111000101010101111101111100011111111101010101111010010011101000011100000110110001011110011001101111110001111101110001000000000101110010010011011110000101100001011110111110011010101111111111110111011000111101001110110
11111111111101111111111110011111001110110011000011111101011011110110000011111000101010101111101111100011111111101010101111010010011101000011100000110110001011110011001101111110001111101110001000000000101110010010011011110000101100001011110110111011010101111111111110111011100111001001110100
11111111011101111111111110011111001110110011000011111101011111110110000011111000101001101111101111100011111111101010101111011010011001000011110000111110010010110111111111111110001111101100001000000000101110010010011001110000101100001011110110111011010101111111111111111011100111001001110100
11111111011101111111111110011111011101111011000011111101010111110110000111111000111010111111111111100011111111111011101111011011111001000011110000110110000010110011001101111110001111101100101000000000101110010010011001110000101100001111111110111011010101111111110110111011100111001001110100
11111111111101111110111110011111001110110011000011111101011111110110001011111001101100101001101100110111111111111011101111010011111001000011110000110110001011110011001101111110001111101110001000000000101110010010011001110000101100001011111111111011010101111111111110111011001111100001110100
11111111011101111111111110011111001110110011000011111101010111110110001011111001101100101001101100110111111111111011101111010011111001000011110000110110001011110011001101111110001111101110001000000000101110010010011001110000101100001111111110111011010101111111110110111011100111001001110100
11111111111101111111111110011111001111111011000011111101010111110110000111111000111110111111111111100011111111111011101111011011111001000011110000110110000010110011001101111110001111101100101000000000101110010010011001110000111100001111110110111011010101111111111110111011000111100101110100
11111101011001111111111110011111011101111011000011111101010111110110000111111000111010111111111111110111111111111011101111010011111001000011110000110110001011110011001101111110001111101110001000000000101110010010011001110000101100001011111110111011010101111111111110111011100111001001110100
11111111111101111111111110011111001110110111001011111101011111110110000011111000101010101111101111100011111111101011101111010011111001000011110000110110001011110011001101111110001111101110001000000000101110010010011001110000101100001011111110111011010101111111110110111011100111001001110100
11111111111110111111111110011111001110110011000011111101011111110110001011111001101100101001101100110111111111111011101111010011111001000011110000110110001011110011001101111110001111101110001000000000101110010010011001110000101100001011111111111011010101111111111110111011001111100001110100
11111111111101111111111110011111001111111001000011111101010111110110001011111001101100101001101100110111111111111011101111010011111001000011110000110110001011110011001101111110001111101110001000000000101110010010011001110000101100001011111110111011010101111111110110111011100111001001110100
11111111111101111111111110011111001110110011000011111101011111110110000011111000101010101111101111100011111111101010101111010010011101000011100000110110001011110011001101111110001111101110001000000000101110010010011001110000101100001111111110111011010101111111110110111111100111001001110100
11111111111101111111111110011111001111111001000011111101010111110110001011111001101100101001101111100111111111111011101111100011111001000011110000110110001011111011001101111110001111101100001000000000101110010010011001110010011100001011110110111011010101111111111110111011001111100001110100
11111101011001111111111111011111001111111001000011111101011111110110001011111000111010111111111111100011111111111011101111011011111001000011110000110110001011110011001101111110001111101110001000000000101110010010011011110001101100001011111010111011010101111111111110111011100111001001110100
11111111011101111111111110011111001110110011000011111101011111110111000011111000111010101111111111100111111111111011101111010011111001000011110000110110001011110111001111111110001111101100001000000000111110010010011001110000101100001011110111110011010101111111111110111011100111001001110100
11111111011101111111111110011111011101111011000011111101010111110110000111111000111010111111111111100011111111111011101111100011111000000011110000110110001011111011001101111110001111101110001000000000101110010010011001110000101100001111111110111011010101111111111110111011100111001001110100
11111111011101111111111110011111001110110011000011111101011111110111000011111001101100101001101100110111111111111011101111010011111001000011110000110110001011110011001101111110001111101110001000000000101110010010011011110001101100001011111110111011010101111111111110111011100111001001110100
11111111011101111111111110011111001110110011000011111101011111110111000011111000111010101111111111100111111111111011101111110011111001000011110000110110001011111011001101111110001111101110001000000000101110010010011001110010111100001011110110111011010101111111111110111011000111101001110110
11111101011001111111111111011111001111111001000011111101011111110110001011111000111010111111111111100011111111111011101111110011111001000011110000110110001011111011001101111110001111101110001000000000101110010010011011110000101100001011111110111011010101111111111110111011100111001001110110
11111111111101111111111110011111001111111001000011111101010111110110001011111001101100101001101111100111111111111011101111100011111001000011110000110110001011111011001101111110001111101110001000000000101110010010011001110000101100001111111110111011010101111111110110111011100111001001110100
11111111111101111111111110011111001111111001000011111101010111110110001011111001101100101001101111100111111111111011101111100011111001000011110000110110001011111011001101111110001111101110001000000000101110010010011001110000101100001111111110111011010101111111111110111011100111001001110100
11111111011101111111111110011111001110110011000011111101011111110111000011111000111010101111111111100111111111111011101111110011111001000011110000110110001011111011001101111110001111101110001000000000101110010010011001110000101100001111111110111011010101111111110110111011100111001001110100
11111111011101111111111110011111001110110011000011111101011111110111000011111000111010101111111111100111111111111011101111110011111001000011110000110110001011110011001101111110001111101110001000000000101110010010011011110001101100001011111110111011010101111111111110111011100111001001110100
11111111111101111111111110011111001111111001000011111101010111110110001011111001101100111001101111100111111111111011101111100011111001000011110000110110001011111011001101111110001111101110001000000000101110010010011001110000101100001111111110111011010101111111110110111011100111001001110100
11111111111101111111111110011111001111111001000011111101010111110110001011111001101100101001101111100111111111111011001111100011111001000011110000110110001011111011001101111110001111101100001000000000101110010010011011110000101100001011111110111011010101111111110111111111100111001001110100
