1673.2 84.0 427.0 -218.4
1681.3 86.0 398.0 -218.4
1688.3 85.0 429.0 -219.6
1702.1 85.0 386.0 -218.4
1706.4 87.0 408.0 -223.2
1710.2 88.0 396.0 -223.2
1715.5 86.0 386.0 -220.8
1721.5 89.0 396.0 -224.4
1728.5 76.0 436.0 -224.4
1735.7 90.0 396.0 -225.6
1736.8 91.0 417.0 -229.2
1745.7 80.0 441.0 -229.2
1749.9 77.0 436.0 -226.8
1755.9 81.0 441.0 -230.4
1756.0 78.0 444.0 -229.2
1764.5 83.0 402.0 -228.0
1772.8 85.0 379.0 -222.0
1775.4 82.0 442.0 -231.6
1784.1 85.0 379.0 -224.4
1790.9 93.0 450.0 -235.2
1798.4 94.0 450.0 -236.4
1804.1 84.0 372.0 -226.8
1805.5 76.0 423.0 -228.0
1821.7 82.0 477.0 -236.4
1822.3 76.0 423.0 -229.2
1827.4 95.0 441.0 -240.0
1831.2 80.0 464.0 -234.0
1846.3 83.0 479.0 -237.6
1850.3 79.0 462.0 -231.6
1855.2 79.0 462.0 -232.8
1862.0 84.0 391.0 -230.4
1869.3 96.0 457.0 -241.2
1872.0 77.0 449.0 -234.0
1888.5 83.0 472.0 -241.2
1898.0 88.0 497.0 -244.8
1904.9 84.0 482.0 -243.6
1909.3 85.0 363.0 -229.2
1911.5 78.0 441.0 -237.6
1914.8 84.0 376.0 -235.2
1916.3 80.0 464.0 -240.0
1918.1 82.0 383.0 -236.4
1922.2 87.0 524.0 -248.4
1924.7 92.0 482.0 -247.2
1925.8 79.0 423.0 -236.4
1929.7 81.0 362.0 -228.0
1934.2 92.0 446.0 -246.0
1935.4 81.0 360.0 -232.8
1935.5 98.0 452.0 -249.6
1938.1 96.0 454.0 -250.8
1938.4 84.0 371.0 -237.6
1942.6 81.0 357.0 -231.6
1948.1 82.0 370.0 -234.0
1951.2 91.0 413.0 -244.8
1958.0 92.0 481.0 -253.2
1965.6 95.0 509.0 -256.8
1966.3 87.0 534.0 -249.6
1983.1 89.0 407.0 -243.6
1997.2 88.0 419.0 -247.2
2000.3 82.0 397.0 -240.0
2013.2 99.0 487.0 -260.4
2019.2 93.0 424.0 -248.4
2027.5 91.0 398.0 -244.8
2029.5 92.0 538.0 -259.2
2046.5 95.0 513.0 -258.0
2048.3 91.0 530.0 -258.0
2064.9 86.0 428.0 -249.6
2069.2 94.0 548.0 -262.8
2075.2 92.0 540.0 -260.4
2076.2 99.0 520.0 -266.4
2083.3 100.0 470.0 -261.6
2084.6 96.0 506.0 -265.2
2090.0 83.0 429.0 -246.0
2093.4 97.0 461.0 -258.0
2103.3 81.0 467.0 -252.0
2103.3 82.0 466.0 -252.0
2116.1 86.0 436.0 -253.2
2123.4 85.0 440.0 -252.0
2131.8 97.0 532.0 -270.0
2133.3 87.0 489.0 -259.2
2137.8 94.0 526.0 -268.8
2141.2 85.0 447.0 -254.4
2145.0 98.0 517.0 -270.0
2152.4 97.0 481.0 -265.2
2153.8 96.0 496.0 -265.2
2154.5 99.0 531.0 -271.2
2158.2 86.0 486.0 -259.2
2159.9 98.0 523.0 -271.2
2163.0 92.0 465.0 -261.6
2165.4 95.0 511.0 -267.6
2171.3 88.0 444.0 -254.4
2176.0 90.0 513.0 -264.0
2178.2 84.0 474.0 -258.0
2182.6 95.0 512.0 -268.8
2187.3 89.0 500.0 -262.8
2201.4 93.0 459.0 -261.6
2201.6 91.0 475.0 -262.8
2206.6 91.0 468.0 -260.4
2218.0 94.0 468.0 -264.0
