10.3 3.0 25.0 -5.0
13.2 2.0 15.0 -5.0
13.2 3.0 13.0 -3.0
13.3 2.0 12.0 -3.0
18.0 1.0 4.0 -4.0
21.3 2.0 9.0 -6.0
21.9 3.0 13.0 -5.0
27.1 3.0 13.0 -7.0
27.2 3.0 16.0 -6.0
29.0 2.0 5.0 -6.0
29.5 4.0 18.0 -6.0
30.7 4.0 24.0 -8.0
31.3 4.0 28.0 -8.0
31.4 4.0 22.0 -5.0
32.3 3.0 22.0 -6.0
33.6 4.0 21.0 -5.0
34.2 2.0 12.0 -7.0
34.4 3.0 13.0 -6.0
34.8 4.0 27.0 -6.0
35.1 3.0 13.0 -7.0
35.4 3.0 15.0 -7.0
35.4 3.0 13.0 -6.0
35.7 1.0 8.0 -6.0
36.6 3.0 13.0 -7.0
36.6 3.0 23.0 -6.0
36.7 2.0 8.0 -5.0
36.8 4.0 23.0 -6.0
36.9 3.0 21.0 -6.0
37.5 5.0 31.0 -7.0
37.7 2.0 14.0 -6.0
37.7 4.0 16.0 -7.0
37.8 2.0 5.0 -4.0
38.1 3.0 13.0 -6.0
38.2 5.0 34.0 -7.0
38.2 3.0 18.0 -7.0
38.9 2.0 12.0 -6.0
39.6 4.0 23.0 -6.0
40.1 4.0 31.0 -7.0
40.4 0.0 0.0 -5.0
40.5 2.0 7.0 -5.0
40.6 5.0 33.0 -6.0
40.8 1.0 1.0 -7.0
41.2 1.0 4.0 -5.0
41.8 4.0 23.0 -7.0
41.9 3.0 13.0 -7.0
42.0 3.0 16.0 -5.0
42.1 3.0 21.0 -6.0
42.1 3.0 19.0 -6.0
42.4 4.0 17.0 -8.0
42.4 4.0 17.0 -8.0
43.4 1.0 4.0 -6.0
43.5 2.0 5.0 -7.0
43.6 2.0 12.0 -7.0
43.7 2.0 14.0 -6.0
43.8 3.0 13.0 -6.0
43.8 5.0 31.0 -8.0
43.8 3.0 14.0 -9.0
43.9 3.0 15.0 -6.0
43.9 4.0 23.0 -7.0
44.3 3.0 11.0 -8.0
44.4 4.0 25.0 -7.0
44.4 2.0 18.0 -6.0
44.5 3.0 16.0 -6.0
44.7 3.0 16.0 -7.0
45.1 4.0 26.0 -8.0
45.1 1.0 7.0 -6.0
45.3 2.0 12.0 -7.0
45.3 6.0 43.0 -9.0
45.3 3.0 22.0 -5.0
45.4 3.0 8.0 -7.0
45.5 4.0 22.0 -7.0
45.5 3.0 22.0 -6.0
45.8 5.0 31.0 -7.0
46.6 2.0 7.0 -6.0
46.9 4.0 27.0 -8.0
47.0 4.0 23.0 -8.0
47.5 4.0 19.0 -8.0
47.5 2.0 12.0 -8.0
47.5 4.0 22.0 -8.0
47.6 5.0 33.0 -7.0
48.7 5.0 27.0 -7.0
48.9 4.0 25.0 -9.0
48.9 5.0 33.0 -7.0
49.4 5.0 30.0 -7.0
49.6 4.0 17.0 -7.0
49.6 3.0 15.0 -6.0
49.7 6.0 30.0 -7.0
50.0 4.0 21.0 -7.0
50.1 4.0 26.0 -9.0
50.2 3.0 22.0 -7.0
50.3 3.0 15.0 -6.0
50.4 5.0 39.0 -9.0
50.6 5.0 20.0 -8.0
50.8 2.0 4.0 -7.0
50.9 3.0 15.0 -8.0
51.6 3.0 15.0 -8.0
51.8 3.0 16.0 -8.0
52.0 2.0 14.0 -6.0
52.6 2.0 10.0 -5.0
52.6 2.0 10.0 -5.0
52.8 2.0 10.0 -6.0
52.9 4.0 27.0 -8.0
53.1 5.0 37.0 -8.0
53.2 4.0 25.0 -7.0
53.3 3.0 19.0 -8.0
53.6 3.0 13.0 -8.0
53.9 5.0 28.0 -7.0
54.1 4.0 32.0 -9.0
54.1 5.0 29.0 -8.0
54.4 4.0 23.0 -9.0
54.5 6.0 40.0 -9.0
54.9 3.0 15.0 -8.0
55.3 3.0 14.0 -8.0
55.3 4.0 22.0 -7.0
55.4 4.0 31.0 -8.0
55.5 5.0 34.0 -9.0
55.5 5.0 20.0 -7.0
55.6 2.0 10.0 -8.0
55.6 2.0 11.0 -6.0
55.7 5.0 30.0 -8.0
56.2 4.0 26.0 -9.0
56.3 3.0 13.0 -9.0
56.3 6.0 30.0 -8.0
56.3 4.0 23.0 -7.0
56.5 4.0 23.0 -8.0
57.5 2.0 10.0 -7.0
57.5 6.0 35.0 -10.0
57.9 5.0 32.0 -10.0
58.0 5.0 29.0 -8.0
58.9 3.0 16.0 -9.0
59.0 6.0 28.0 -8.0
59.2 4.0 23.0 -9.0
59.3 2.0 8.0 -8.0
59.5 3.0 18.0 -7.0
59.6 6.0 34.0 -9.0
59.7 4.0 17.0 -10.0
59.9 4.0 24.0 -8.0
60.3 1.0 1.0 -8.0
60.4 4.0 23.0 -6.0
60.4 4.0 29.0 -9.0
60.5 5.0 25.0 -9.0
60.5 2.0 9.0 -9.0
60.8 5.0 23.0 -9.0
60.9 7.0 42.0 -10.0
61.3 4.0 31.0 -10.0
61.3 3.0 14.0 -8.0
61.4 5.0 27.0 -8.0
61.6 6.0 28.0 -9.0
61.6 5.0 26.0 -8.0
61.7 5.0 30.0 -9.0
61.7 3.0 14.0 -7.0
61.9 4.0 27.0 -7.0
62.3 4.0 29.0 -9.0
62.5 5.0 26.0 -10.0
62.6 4.0 23.0 -8.0
62.6 3.0 15.0 -9.0
62.7 2.0 14.0 -6.0
62.7 7.0 37.0 -7.0
63.0 4.0 19.0 -9.0
63.4 3.0 13.0 -10.0
63.5 4.0 22.0 -9.0
63.6 5.0 29.0 -9.0
64.0 5.0 28.0 -10.0
64.0 5.0 26.0 -10.0
64.2 3.0 16.0 -8.0
64.2 4.0 25.0 -8.0
64.3 4.0 23.0 -11.0
64.4 2.0 14.0 -8.0
64.5 5.0 31.0 -8.0
64.6 3.0 22.0 -9.0
64.7 5.0 39.0 -7.0
64.7 4.0 19.0 -10.0
64.7 5.0 29.0 -10.0
64.8 2.0 12.0 -9.0
64.8 4.0 20.0 -7.0
64.9 4.0 24.0 -8.0
65.1 3.0 20.0 -6.0
65.5 4.0 25.0 -9.0
65.5 3.0 17.0 -7.0
65.6 6.0 30.0 -9.0
65.8 5.0 33.0 -9.0
65.9 2.0 9.0 -9.0
65.9 4.0 27.0 -9.0
66.1 3.0 15.0 -9.0
66.1 2.0 13.0 -7.0
66.2 5.0 28.0 -7.0
66.2 6.0 35.0 -10.0
66.3 3.0 13.0 -10.0
66.3 3.0 13.0 -10.0
66.3 2.0 11.0 -7.0
66.5 4.0 20.0 -9.0
66.8 5.0 29.0 -9.0
67.2 4.0 26.0 -8.0
67.2 6.0 39.0 -10.0
67.4 3.0 24.0 -9.0
67.4 5.0 35.0 -10.0
67.4 5.0 37.0 -9.0
67.6 4.0 24.0 -9.0
67.7 4.0 22.0 -10.0
67.8 4.0 27.0 -10.0
67.8 6.0 38.0 -9.0
67.9 2.0 18.0 -9.0
67.9 2.0 9.0 -9.0
68.0 4.0 28.0 -8.0
68.1 4.0 25.0 -10.0
68.1 5.0 28.0 -11.0
68.3 2.0 12.0 -10.0
68.4 3.0 13.0 -10.0
68.4 3.0 13.0 -10.0
68.4 4.0 17.0 -7.0
68.5 7.0 44.0 -11.0
68.7 4.0 25.0 -8.0
69.0 5.0 22.0 -10.0
69.1 3.0 16.0 -10.0
69.2 3.0 12.0 -9.0
69.6 5.0 30.0 -10.0
69.8 7.0 36.0 -10.0
69.9 5.0 19.0 -9.0
70.1 4.0 23.0 -10.0
70.1 6.0 26.0 -10.0
70.2 4.0 19.0 -10.0
70.2 4.0 19.0 -9.0
70.4 5.0 29.0 -8.0
70.5 1.0 4.0 -8.0
70.5 4.0 22.0 -11.0
70.5 4.0 19.0 -9.0
70.6 6.0 40.0 -11.0
70.6 3.0 19.0 -7.0
70.7 3.0 21.0 -8.0
71.0 7.0 40.0 -12.0
71.0 3.0 16.0 -9.0
71.4 4.0 21.0 -11.0
71.5 3.0 22.0 -9.0
71.6 5.0 33.0 -11.0
71.8 6.0 31.0 -10.0
72.0 3.0 12.0 -8.0
72.0 5.0 38.0 -10.0
72.0 4.0 22.0 -10.0
72.1 3.0 12.0 -9.0
72.3 5.0 26.0 -11.0
72.4 4.0 20.0 -8.0
72.5 4.0 23.0 -7.0
72.7 6.0 35.0 -11.0
72.7 4.0 25.0 -10.0
72.9 6.0 38.0 -10.0
73.0 4.0 27.0 -9.0
73.1 3.0 16.0 -9.0
73.3 4.0 19.0 -10.0
73.5 3.0 23.0 -9.0
73.6 6.0 35.0 -10.0
73.7 8.0 42.0 -8.0
73.7 4.0 27.0 -11.0
73.8 6.0 37.0 -9.0
73.9 5.0 24.0 -11.0
74.0 3.0 24.0 -9.0
74.2 2.0 14.0 -10.0
74.4 4.0 22.0 -10.0
74.4 5.0 27.0 -10.0
74.8 6.0 38.0 -11.0
74.9 4.0 21.0 -11.0
74.9 6.0 45.0 -11.0
74.9 4.0 20.0 -10.0
74.9 5.0 26.0 -10.0
75.0 4.0 26.0 -9.0
75.1 4.0 23.0 -10.0
75.4 5.0 21.0 -12.0
75.4 3.0 19.0 -11.0
75.7 5.0 30.0 -11.0
75.8 3.0 15.0 -9.0
75.9 3.0 16.0 -11.0
76.1 5.0 28.0 -11.0
76.1 2.0 14.0 -9.0
76.3 6.0 32.0 -10.0
76.3 3.0 15.0 -10.0
76.3 6.0 33.0 -10.0
76.3 7.0 43.0 -10.0
76.4 3.0 26.0 -10.0
76.4 6.0 33.0 -10.0
76.5 5.0 26.0 -11.0
76.5 3.0 18.0 -8.0
76.7 4.0 27.0 -10.0
76.7 4.0 21.0 -10.0
76.8 5.0 38.0 -10.0
76.8 2.0 18.0 -9.0
76.9 5.0 34.0 -10.0
77.0 4.0 14.0 -9.0
77.1 8.0 55.0 -9.0
77.2 2.0 12.0 -8.0
77.3 7.0 48.0 -11.0
77.3 3.0 22.0 -9.0
77.6 6.0 34.0 -11.0
77.7 5.0 28.0 -12.0
77.8 4.0 12.0 -9.0
78.0 4.0 19.0 -10.0
78.0 8.0 41.0 -11.0
78.2 5.0 32.0 -12.0
78.2 7.0 45.0 -12.0
78.3 6.0 28.0 -11.0
78.4 6.0 22.0 -12.0
78.5 6.0 30.0 -10.0
78.5 6.0 35.0 -11.0
78.5 5.0 23.0 -11.0
78.6 6.0 26.0 -11.0
78.7 9.0 47.0 -14.0
78.7 5.0 29.0 -9.0
78.8 4.0 23.0 -11.0
79.0 8.0 51.0 -11.0
79.2 6.0 27.0 -9.0
79.3 4.0 17.0 -12.0
79.4 9.0 56.0 -14.0
79.4 7.0 45.0 -11.0
79.6 2.0 14.0 -8.0
79.6 3.0 11.0 -8.0
79.8 2.0 14.0 -9.0
80.1 4.0 25.0 -10.0
80.2 4.0 21.0 -9.0
80.3 6.0 38.0 -10.0
80.5 8.0 50.0 -13.0
80.5 5.0 35.0 -9.0
80.6 7.0 42.0 -12.0
80.7 7.0 37.0 -9.0
80.7 3.0 15.0 -10.0
80.8 4.0 28.0 -10.0
80.9 4.0 23.0 -11.0
80.9 7.0 36.0 -9.0
80.9 4.0 23.0 -11.0
81.0 6.0 19.0 -12.0
81.4 8.0 46.0 -11.0
81.5 5.0 32.0 -11.0
81.8 5.0 27.0 -10.0
81.9 5.0 20.0 -11.0
81.9 6.0 28.0 -9.0
82.1 4.0 21.0 -9.0
82.1 4.0 19.0 -11.0
82.1 7.0 42.0 -10.0
82.2 4.0 14.0 -8.0
82.2 4.0 25.0 -9.0
82.3 6.0 41.0 -10.0
82.4 7.0 36.0 -10.0
82.7 3.0 13.0 -12.0
82.9 7.0 27.0 -13.0
82.9 5.0 30.0 -10.0
82.9 5.0 19.0 -11.0
83.0 2.0 14.0 -9.0
83.1 5.0 31.0 -11.0
83.1 4.0 23.0 -10.0
83.1 6.0 34.0 -11.0
83.2 3.0 22.0 -10.0
83.3 4.0 20.0 -11.0
83.4 4.0 19.0 -9.0
83.5 7.0 42.0 -13.0
83.5 4.0 25.0 -11.0
83.5 7.0 36.0 -12.0
83.5 4.0 16.0 -11.0
83.7 6.0 42.0 -12.0
84.1 7.0 36.0 -11.0
84.2 3.0 20.0 -10.0
84.5 6.0 36.0 -10.0
84.6 5.0 26.0 -11.0
84.6 6.0 38.0 -12.0
84.6 7.0 43.0 -13.0
84.7 4.0 20.0 -12.0
84.9 7.0 28.0 -11.0
85.0 4.0 22.0 -12.0
85.2 3.0 15.0 -12.0
85.2 5.0 26.0 -12.0
85.3 6.0 36.0 -12.0
85.5 8.0 47.0 -11.0
85.6 6.0 29.0 -12.0
86.0 4.0 15.0 -12.0
86.0 6.0 33.0 -13.0
86.1 7.0 29.0 -13.0
86.2 4.0 23.0 -13.0
86.3 6.0 32.0 -10.0
86.5 6.0 29.0 -12.0
86.6 6.0 28.0 -9.0
86.7 4.0 19.0 -10.0
86.9 3.0 22.0 -11.0
87.0 6.0 39.0 -11.0
87.0 6.0 22.0 -11.0
87.1 6.0 32.0 -11.0
87.2 3.0 15.0 -12.0
87.3 5.0 31.0 -10.0
87.5 4.0 21.0 -11.0
87.9 4.0 19.0 -12.0
87.9 5.0 30.0 -10.0
88.1 7.0 36.0 -12.0
88.1 6.0 30.0 -11.0
88.3 4.0 23.0 -11.0
88.3 6.0 26.0 -11.0
88.4 5.0 24.0 -10.0
88.4 5.0 26.0 -12.0
88.6 4.0 21.0 -12.0
88.7 3.0 18.0 -10.0
88.9 6.0 31.0 -10.0
89.0 8.0 51.0 -15.0
89.0 6.0 26.0 -12.0
89.0 8.0 48.0 -12.0
89.0 6.0 33.0 -10.0
89.1 5.0 39.0 -11.0
89.2 7.0 46.0 -13.0
89.2 3.0 8.0 -10.0
89.3 6.0 28.0 -13.0
89.3 4.0 22.0 -9.0
89.3 8.0 42.0 -12.0
89.4 5.0 20.0 -9.0
89.4 5.0 25.0 -12.0
89.5 7.0 37.0 -13.0
89.5 9.0 46.0 -13.0
89.6 8.0 50.0 -13.0
89.7 6.0 30.0 -12.0
89.9 8.0 41.0 -14.0
89.9 6.0 28.0 -13.0
89.9 4.0 19.0 -11.0
90.1 5.0 25.0 -9.0
90.3 3.0 17.0 -11.0
90.3 4.0 21.0 -10.0
90.5 4.0 18.0 -10.0
90.7 3.0 17.0 -10.0
90.7 7.0 38.0 -10.0
90.7 6.0 28.0 -12.0
90.9 6.0 24.0 -12.0
91.0 3.0 11.0 -10.0
91.0 6.0 23.0 -10.0
91.3 4.0 28.0 -11.0
91.3 4.0 25.0 -10.0
91.3 5.0 26.0 -10.0
91.4 4.0 31.0 -11.0
91.4 8.0 38.0 -13.0
91.4 6.0 30.0 -12.0
91.6 5.0 29.0 -11.0
91.7 2.0 5.0 -11.0
91.8 7.0 49.0 -12.0
91.9 7.0 36.0 -11.0
91.9 5.0 32.0 -13.0
92.1 6.0 34.0 -12.0
92.1 5.0 16.0 -12.0
92.1 8.0 39.0 -12.0
92.2 5.0 22.0 -12.0
92.2 4.0 16.0 -12.0
92.3 6.0 23.0 -11.0
92.4 9.0 55.0 -14.0
92.4 5.0 20.0 -11.0
92.4 6.0 33.0 -12.0
92.5 4.0 26.0 -10.0
92.5 5.0 32.0 -11.0
92.5 5.0 22.0 -11.0
92.6 4.0 16.0 -11.0
92.6 8.0 49.0 -14.0
92.7 5.0 27.0 -12.0
92.8 8.0 45.0 -13.0
92.9 6.0 32.0 -11.0
93.0 5.0 25.0 -12.0
93.2 6.0 33.0 -14.0
93.5 6.0 36.0 -11.0
93.7 6.0 24.0 -12.0
93.7 3.0 14.0 -12.0
93.7 5.0 27.0 -9.0
93.9 4.0 19.0 -11.0
94.0 5.0 19.0 -11.0
94.0 6.0 38.0 -12.0
94.1 5.0 29.0 -11.0
94.1 8.0 53.0 -11.0
94.2 8.0 44.0 -11.0
94.5 6.0 39.0 -12.0
94.8 3.0 22.0 -12.0
95.0 7.0 39.0 -13.0
95.1 4.0 15.0 -13.0
95.2 4.0 22.0 -12.0
95.3 6.0 25.0 -11.0
95.3 6.0 34.0 -11.0
95.3 6.0 29.0 -10.0
95.7 3.0 24.0 -12.0
95.7 5.0 21.0 -13.0
95.8 4.0 16.0 -13.0
95.8 4.0 12.0 -10.0
96.0 5.0 33.0 -11.0
96.3 5.0 23.0 -11.0
96.5 4.0 23.0 -12.0
96.7 4.0 23.0 -14.0
96.9 7.0 33.0 -14.0
97.0 7.0 39.0 -15.0
97.0 6.0 33.0 -14.0
97.0 7.0 30.0 -13.0
97.0 9.0 49.0 -17.0
97.2 7.0 29.0 -14.0
97.3 5.0 17.0 -10.0
97.3 10.0 55.0 -13.0
97.4 8.0 46.0 -13.0
97.4 2.0 13.0 -10.0
97.5 3.0 12.0 -12.0
97.6 6.0 35.0 -13.0
97.7 8.0 56.0 -15.0
97.8 3.0 15.0 -13.0
97.8 5.0 31.0 -13.0
98.0 6.0 32.0 -12.0
98.2 6.0 30.0 -12.0
98.7 5.0 24.0 -12.0
98.7 4.0 16.0 -11.0
98.9 6.0 31.0 -12.0
98.9 5.0 23.0 -12.0
99.2 6.0 30.0 -14.0
99.3 5.0 29.0 -11.0
99.5 6.0 24.0 -12.0
99.6 4.0 18.0 -10.0
99.7 8.0 56.0 -13.0
99.8 6.0 24.0 -11.0
99.9 9.0 57.0 -13.0
100.0 5.0 31.0 -12.0
100.4 6.0 30.0 -13.0
100.5 4.0 19.0 -12.0
100.6 10.0 58.0 -17.0
100.7 5.0 28.0 -12.0
101.0 4.0 16.0 -13.0
101.1 5.0 29.0 -10.0
101.1 2.0 13.0 -11.0
101.2 7.0 39.0 -14.0
101.5 4.0 26.0 -12.0
101.6 7.0 21.0 -11.0
101.7 5.0 36.0 -11.0
101.8 4.0 18.0 -11.0
101.8 8.0 50.0 -13.0
102.0 7.0 39.0 -12.0
102.0 8.0 39.0 -15.0
102.3 6.0 26.0 -12.0
102.4 9.0 46.0 -13.0
103.1 9.0 63.0 -16.0
103.2 5.0 26.0 -14.0
103.4 6.0 30.0 -12.0
103.8 8.0 58.0 -16.0
103.8 7.0 53.0 -15.0
103.9 3.0 11.0 -11.0
103.9 5.0 20.0 -13.0
103.9 4.0 22.0 -12.0
103.9 5.0 25.0 -13.0
104.0 8.0 47.0 -12.0
104.1 6.0 37.0 -12.0
104.1 7.0 35.0 -12.0
104.3 10.0 58.0 -15.0
104.4 5.0 27.0 -11.0
104.5 8.0 53.0 -16.0
104.5 6.0 25.0 -13.0
104.8 7.0 47.0 -12.0
104.8 7.0 32.0 -12.0
104.9 5.0 25.0 -10.0
104.9 6.0 33.0 -13.0
105.1 9.0 58.0 -15.0
105.1 6.0 30.0 -13.0
105.5 3.0 15.0 -13.0
106.1 3.0 13.0 -10.0
106.4 6.0 26.0 -12.0
106.4 4.0 19.0 -13.0
106.5 11.0 70.0 -16.0
106.6 7.0 40.0 -12.0
106.6 6.0 32.0 -14.0
106.7 10.0 69.0 -17.0
106.8 4.0 20.0 -13.0
106.9 5.0 40.0 -13.0
107.4 7.0 33.0 -14.0
107.5 8.0 43.0 -14.0
107.6 6.0 35.0 -14.0
107.6 4.0 22.0 -11.0
107.7 7.0 41.0 -14.0
107.8 5.0 32.0 -13.0
108.0 9.0 56.0 -15.0
108.2 9.0 46.0 -15.0
108.2 5.0 21.0 -14.0
108.4 6.0 42.0 -13.0
108.6 5.0 30.0 -11.0
108.6 5.0 29.0 -13.0
108.7 8.0 46.0 -14.0
108.7 4.0 17.0 -13.0
108.8 6.0 32.0 -13.0
108.9 6.0 26.0 -13.0
108.9 5.0 29.0 -11.0
109.3 6.0 25.0 -14.0
109.3 8.0 47.0 -14.0
109.3 6.0 36.0 -13.0
109.4 7.0 45.0 -14.0
109.4 7.0 37.0 -12.0
109.4 5.0 20.0 -13.0
109.5 5.0 27.0 -13.0
109.5 8.0 40.0 -11.0
109.8 8.0 50.0 -15.0
109.9 9.0 57.0 -12.0
109.9 7.0 42.0 -15.0
110.0 6.0 33.0 -14.0
110.1 4.0 19.0 -11.0
110.3 8.0 40.0 -12.0
110.5 12.0 72.0 -17.0
110.6 4.0 25.0 -13.0
110.9 8.0 38.0 -14.0
111.3 7.0 34.0 -14.0
112.0 4.0 23.0 -12.0
112.1 5.0 25.0 -11.0
112.2 8.0 42.0 -15.0
112.3 4.0 21.0 -11.0
112.3 9.0 46.0 -14.0
112.4 6.0 32.0 -11.0
112.9 3.0 15.0 -12.0
112.9 6.0 22.0 -14.0
113.0 12.0 76.0 -17.0
113.1 5.0 19.0 -13.0
113.3 6.0 37.0 -14.0
113.3 8.0 45.0 -15.0
113.7 7.0 32.0 -15.0
113.7 4.0 19.0 -11.0
113.9 7.0 33.0 -14.0
114.1 4.0 17.0 -11.0
114.3 5.0 29.0 -14.0
114.6 6.0 28.0 -13.0
115.3 9.0 51.0 -16.0
115.3 7.0 42.0 -13.0
115.4 7.0 44.0 -13.0
115.5 4.0 18.0 -13.0
115.8 6.0 38.0 -14.0
115.8 9.0 38.0 -16.0
116.0 4.0 19.0 -12.0
116.3 7.0 28.0 -14.0
116.4 5.0 29.0 -14.0
116.5 9.0 47.0 -15.0
116.6 8.0 46.0 -15.0
116.7 7.0 39.0 -14.0
116.7 12.0 66.0 -17.0
116.7 6.0 31.0 -12.0
116.8 11.0 69.0 -17.0
116.8 12.0 66.0 -16.0
116.9 4.0 29.0 -14.0
116.9 9.0 54.0 -14.0
117.1 7.0 36.0 -13.0
117.1 11.0 72.0 -16.0
117.2 6.0 37.0 -16.0
117.2 7.0 34.0 -14.0
117.6 9.0 30.0 -14.0
117.6 12.0 81.0 -17.0
117.7 7.0 37.0 -13.0
118.0 7.0 40.0 -16.0
118.0 10.0 60.0 -16.0
118.1 9.0 56.0 -16.0
118.1 6.0 27.0 -13.0
118.2 6.0 32.0 -14.0
118.2 6.0 28.0 -16.0
118.5 10.0 60.0 -18.0
118.8 5.0 22.0 -14.0
118.8 11.0 67.0 -15.0
118.8 6.0 28.0 -13.0
118.9 5.0 20.0 -12.0
119.0 9.0 51.0 -17.0
119.0 7.0 34.0 -14.0
119.0 10.0 59.0 -16.0
119.2 9.0 49.0 -17.0
119.4 7.0 41.0 -13.0
119.9 9.0 58.0 -17.0
120.0 6.0 35.0 -13.0
120.4 7.0 27.0 -16.0
120.4 9.0 50.0 -16.0
120.5 8.0 47.0 -14.0
121.1 8.0 47.0 -18.0
121.4 8.0 42.0 -16.0
121.4 8.0 42.0 -15.0
121.8 9.0 42.0 -15.0
122.0 7.0 38.0 -14.0
122.4 7.0 34.0 -15.0
122.5 13.0 79.0 -19.0
122.5 8.0 46.0 -14.0
122.8 7.0 24.0 -12.0
122.8 5.0 26.0 -15.0
122.9 7.0 25.0 -12.0
123.1 9.0 39.0 -16.0
123.1 10.0 54.0 -18.0
123.1 8.0 56.0 -14.0
123.4 5.0 30.0 -15.0
123.5 5.0 27.0 -15.0
123.7 9.0 53.0 -17.0
123.9 6.0 35.0 -15.0
123.9 8.0 39.0 -16.0
123.9 12.0 64.0 -19.0
124.0 8.0 45.0 -16.0
124.2 6.0 30.0 -14.0
124.3 6.0 33.0 -14.0
124.4 8.0 41.0 -17.0
124.5 8.0 51.0 -17.0
124.6 5.0 25.0 -14.0
124.7 7.0 45.0 -16.0
124.8 11.0 63.0 -17.0
124.8 6.0 29.0 -14.0
124.8 6.0 29.0 -14.0
124.8 9.0 47.0 -15.0
124.8 6.0 30.0 -15.0
125.0 5.0 23.0 -15.0
125.1 11.0 65.0 -18.0
125.1 11.0 66.0 -19.0
125.2 9.0 49.0 -17.0
125.2 7.0 30.0 -12.0
125.3 11.0 54.0 -18.0
125.4 6.0 26.0 -15.0
125.5 10.0 49.0 -15.0
125.6 9.0 56.0 -15.0
125.8 9.0 43.0 -18.0
125.9 11.0 67.0 -20.0
125.9 7.0 26.0 -14.0
126.0 4.0 19.0 -12.0
126.2 11.0 68.0 -17.0
126.3 7.0 28.0 -15.0
126.4 5.0 27.0 -14.0
127.0 8.0 39.0 -16.0
127.0 10.0 54.0 -18.0
127.0 4.0 28.0 -14.0
127.1 8.0 48.0 -17.0
127.3 7.0 31.0 -17.0
127.5 11.0 65.0 -17.0
127.9 9.0 58.0 -16.0
128.2 10.0 41.0 -16.0
128.3 9.0 48.0 -18.0
128.3 8.0 45.0 -17.0
128.3 6.0 34.0 -14.0
128.6 11.0 63.0 -18.0
128.6 7.0 35.0 -15.0
128.8 11.0 64.0 -18.0
128.9 10.0 59.0 -17.0
129.0 11.0 71.0 -18.0
129.0 7.0 29.0 -14.0
129.3 5.0 21.0 -14.0
129.7 9.0 40.0 -17.0
129.7 9.0 46.0 -15.0
129.8 6.0 35.0 -14.0
130.0 7.0 27.0 -14.0
130.1 9.0 49.0 -14.0
130.2 8.0 38.0 -16.0
130.2 6.0 33.0 -15.0
130.3 8.0 49.0 -16.0
130.4 11.0 64.0 -20.0
130.4 13.0 88.0 -20.0
130.5 11.0 67.0 -19.0
130.7 8.0 43.0 -15.0
130.7 9.0 41.0 -16.0
130.8 11.0 64.0 -17.0
131.1 6.0 35.0 -16.0
131.4 9.0 54.0 -20.0
131.5 7.0 36.0 -14.0
131.7 7.0 38.0 -16.0
131.7 7.0 42.0 -16.0
131.7 7.0 23.0 -12.0
131.7 9.0 48.0 -15.0
132.0 11.0 65.0 -19.0
132.0 6.0 29.0 -14.0
132.4 9.0 56.0 -16.0
132.4 7.0 51.0 -17.0
132.7 8.0 44.0 -15.0
132.9 9.0 57.0 -18.0
132.9 6.0 35.0 -13.0
133.1 10.0 51.0 -19.0
133.5 11.0 65.0 -20.0
133.5 8.0 34.0 -17.0
133.6 11.0 56.0 -19.0
133.9 7.0 44.0 -15.0
134.2 12.0 72.0 -18.0
134.5 6.0 32.0 -15.0
134.5 7.0 33.0 -17.0
134.6 10.0 50.0 -17.0
134.9 8.0 52.0 -15.0
135.0 12.0 73.0 -19.0
135.1 10.0 59.0 -17.0
135.5 4.0 19.0 -14.0
135.7 7.0 31.0 -17.0
135.9 11.0 69.0 -18.0
135.9 7.0 38.0 -16.0
135.9 12.0 77.0 -19.0
136.1 4.0 15.0 -14.0
136.3 7.0 32.0 -14.0
136.3 8.0 50.0 -15.0
136.4 9.0 47.0 -16.0
136.7 12.0 72.0 -19.0
137.0 9.0 53.0 -16.0
137.5 6.0 28.0 -14.0
138.5 8.0 47.0 -17.0
138.7 4.0 19.0 -15.0
139.2 6.0 32.0 -15.0
139.3 6.0 33.0 -14.0
139.7 5.0 19.0 -14.0
139.7 9.0 45.0 -16.0
139.8 10.0 64.0 -20.0
140.0 10.0 70.0 -20.0
141.4 12.0 68.0 -18.0
141.6 13.0 74.0 -21.0
141.7 9.0 52.0 -18.0
141.8 8.0 39.0 -17.0
142.1 7.0 39.0 -15.0
142.3 12.0 60.0 -21.0
142.9 7.0 35.0 -17.0
143.3 10.0 48.0 -19.0
143.3 7.0 27.0 -16.0
143.5 11.0 65.0 -19.0
143.6 5.0 17.0 -15.0
143.7 12.0 67.0 -20.0
144.2 12.0 77.0 -19.0
144.5 6.0 21.0 -16.0
144.5 6.0 20.0 -15.0
145.0 11.0 59.0 -17.0
145.1 5.0 23.0 -15.0
145.3 11.0 64.0 -20.0
145.3 12.0 76.0 -21.0
145.3 7.0 34.0 -15.0
145.5 8.0 53.0 -17.0
145.5 8.0 39.0 -15.0
145.5 6.0 30.0 -16.0
145.7 11.0 63.0 -20.0
145.7 6.0 36.0 -14.0
145.8 8.0 35.0 -15.0
147.6 10.0 60.0 -19.0
147.8 9.0 43.0 -18.0
148.2 7.0 29.0 -16.0
148.2 11.0 60.0 -20.0
148.3 7.0 33.0 -17.0
148.3 13.0 63.0 -18.0
148.5 8.0 38.0 -16.0
148.7 10.0 57.0 -19.0
148.7 10.0 54.0 -19.0
150.3 8.0 29.0 -16.0
150.4 8.0 37.0 -16.0
150.7 13.0 73.0 -21.0
150.7 5.0 22.0 -15.0
151.1 10.0 47.0 -17.0
151.3 12.0 54.0 -16.0
151.5 13.0 74.0 -22.0
151.7 11.0 64.0 -19.0
151.8 10.0 54.0 -19.0
152.4 12.0 77.0 -21.0
152.4 10.0 48.0 -16.0
152.6 10.0 51.0 -20.0
152.7 12.0 69.0 -21.0
152.8 7.0 37.0 -18.0
152.9 12.0 74.0 -21.0
153.4 13.0 67.0 -20.0
153.4 8.0 40.0 -18.0
153.5 7.0 32.0 -17.0
153.7 8.0 42.0 -18.0
153.9 11.0 61.0 -19.0
154.4 5.0 29.0 -15.0
154.6 12.0 57.0 -20.0
154.7 11.0 47.0 -19.0
154.8 6.0 30.0 -16.0
155.3 8.0 39.0 -18.0
155.7 10.0 58.0 -20.0
155.9 7.0 35.0 -17.0
155.9 13.0 71.0 -21.0
156.2 6.0 26.0 -17.0
156.2 7.0 36.0 -19.0
156.4 14.0 92.0 -21.0
156.4 12.0 72.0 -22.0
156.7 7.0 30.0 -16.0
156.8 8.0 40.0 -17.0
157.0 9.0 46.0 -19.0
157.2 13.0 62.0 -18.0
158.3 11.0 43.0 -18.0
158.3 9.0 46.0 -19.0
158.3 12.0 72.0 -21.0
158.4 14.0 69.0 -22.0
158.6 7.0 33.0 -18.0
158.7 13.0 68.0 -22.0
159.4 7.0 32.0 -18.0
159.5 13.0 72.0 -21.0
160.1 9.0 38.0 -18.0
160.3 5.0 13.0 -15.0
160.6 7.0 30.0 -16.0
160.8 9.0 35.0 -18.0
161.1 9.0 52.0 -20.0
161.2 12.0 63.0 -21.0
161.3 13.0 70.0 -23.0
161.5 10.0 47.0 -18.0
161.5 14.0 81.0 -21.0
161.5 13.0 87.0 -22.0
161.6 10.0 53.0 -20.0
161.7 12.0 48.0 -19.0
161.8 12.0 70.0 -22.0
161.9 9.0 45.0 -20.0
161.9 9.0 45.0 -19.0
162.0 8.0 38.0 -18.0
162.5 13.0 72.0 -21.0
163.0 11.0 65.0 -20.0
163.1 8.0 36.0 -18.0
163.4 13.0 82.0 -21.0
163.4 10.0 50.0 -20.0
163.5 11.0 75.0 -22.0
163.5 9.0 50.0 -18.0
163.6 12.0 70.0 -21.0
163.9 10.0 49.0 -17.0
164.0 12.0 69.0 -19.0
164.5 9.0 42.0 -17.0
165.2 8.0 38.0 -19.0
165.4 13.0 69.0 -19.0
165.8 13.0 75.0 -22.0
166.3 9.0 47.0 -20.0
166.8 14.0 90.0 -22.0
167.5 9.0 41.0 -17.0
167.6 13.0 76.0 -24.0
168.1 13.0 70.0 -23.0
168.4 11.0 51.0 -17.0
168.8 11.0 56.0 -22.0
168.8 12.0 62.0 -21.0
169.0 11.0 53.0 -19.0
169.6 11.0 63.0 -21.0
170.1 8.0 48.0 -15.0
170.3 12.0 65.0 -22.0
170.4 7.0 36.0 -18.0
171.0 11.0 56.0 -21.0
171.1 8.0 31.0 -17.0
171.1 7.0 34.0 -18.0
171.4 15.0 82.0 -22.0
171.7 7.0 37.0 -19.0
171.8 10.0 63.0 -22.0
171.9 8.0 49.0 -18.0
172.3 11.0 61.0 -17.0
173.5 13.0 77.0 -21.0
174.4 10.0 44.0 -18.0
174.4 10.0 54.0 -18.0
175.1 11.0 51.0 -20.0
175.2 8.0 25.0 -18.0
175.2 7.0 38.0 -16.0
175.5 12.0 58.0 -20.0
175.8 11.0 47.0 -19.0
176.2 14.0 75.0 -24.0
176.5 8.0 37.0 -17.0
176.7 14.0 77.0 -22.0
177.5 7.0 31.0 -19.0
177.7 11.0 53.0 -21.0
178.5 9.0 39.0 -20.0
179.3 16.0 103.0 -24.0
179.7 10.0 46.0 -19.0
180.0 15.0 74.0 -25.0
181.0 12.0 61.0 -22.0
181.1 17.0 103.0 -25.0
182.6 8.0 38.0 -19.0
183.0 12.0 60.0 -22.0
183.1 13.0 65.0 -24.0
184.6 8.0 34.0 -16.0
184.7 14.0 64.0 -25.0
185.6 9.0 42.0 -19.0
186.5 13.0 62.0 -23.0
187.3 14.0 67.0 -22.0
187.4 14.0 74.0 -23.0
187.4 14.0 81.0 -24.0
188.2 10.0 46.0 -20.0
188.3 12.0 61.0 -23.0
189.8 9.0 36.0 -20.0
189.9 10.0 54.0 -22.0
190.1 12.0 55.0 -23.0
190.7 8.0 35.0 -19.0
191.1 13.0 53.0 -24.0
193.3 14.0 80.0 -25.0
193.5 14.0 80.0 -23.0
194.3 11.0 59.0 -22.0
195.4 15.0 85.0 -25.0
196.9 6.0 31.0 -19.0
197.6 15.0 83.0 -25.0
197.6 9.0 49.0 -20.0
199.0 7.0 34.0 -21.0
199.2 14.0 67.0 -25.0
199.7 13.0 59.0 -24.0
200.3 17.0 89.0 -25.0
201.2 15.0 82.0 -25.0
204.4 11.0 60.0 -22.0
205.9 14.0 86.0 -25.0
206.5 16.0 78.0 -26.0
207.0 13.0 81.0 -24.0
208.0 16.0 83.0 -26.0
208.6 12.0 70.0 -23.0
208.6 17.0 87.0 -26.0
210.6 13.0 61.0 -25.0
211.0 15.0 91.0 -27.0
211.7 12.0 58.0 -24.0
216.1 17.0 97.0 -29.0
217.0 18.0 93.0 -28.0
218.4 16.0 79.0 -26.0
218.8 12.0 59.0 -22.0
218.9 18.0 90.0 -28.0
218.9 14.0 79.0 -26.0
220.0 19.0 96.0 -28.0
221.1 15.0 82.0 -25.0
221.2 16.0 93.0 -26.0
221.5 11.0 49.0 -24.0
225.7 13.0 61.0 -26.0
226.4 14.0 81.0 -26.0
227.0 16.0 88.0 -28.0
228.1 16.0 84.0 -27.0
228.4 15.0 76.0 -27.0
228.8 16.0 78.0 -26.0
231.1 14.0 73.0 -27.0
234.7 15.0 78.0 -27.0
235.5 16.0 78.0 -26.0
237.6 18.0 99.0 -29.0
241.8 12.0 50.0 -24.0
241.9 14.0 63.0 -24.0
245.4 18.0 92.0 -28.0
245.8 20.0 105.0 -30.0
249.2 16.0 79.0 -29.0
253.2 18.0 100.0 -30.0
260.4 18.0 81.0 -28.0
279.7 19.0 108.0 -32.0
307.3 20.0 104.0 -33.0
