0000000100100101010110010
0100010011001000001010110
1001110010101010000000110
1010001110000110110000000
0011110011000101000010001
0100111000011000000101010
0100001011101000001100111
1101101000000001010001010
1001010010111100110000100
0011001100010110011100000
0111010100111000100011000
1100101100001000111000000
0101101001000010001110011
1001110100101110101100001
1101011101000100001101100
1001111100000100011101100
1001101100101110100101001
1000101001111111100001101
0110000110101110110110111
0111110000110101111001010
0011110111100110100111011
1011011011001100010110001
0000111001011101110011100
0001010110001110111111101
1100101010011011010010101
1100011011011001111000011
1101001110001101110010001
1111110101011011011000010
1001010111110101011111011
0101101011111011100110101
