5933.96 299.0 2998.0 -585.0
5945.23 298.0 2937.0 -596.0
5963.4 294.0 2906.0 -599.0
5994.22 308.0 2925.0 -600.0
6013.79 303.0 2895.0 -595.0
6043.63 309.0 3015.0 -605.0
6060.27 301.0 2993.0 -609.0
6062.04 305.0 2935.0 -609.0
6104.67 283.0 2953.0 -601.0
6128.2 296.0 2964.0 -609.0
6129.92 290.0 2979.0 -599.0
6148.5 301.0 3010.0 -617.0
6179.36 317.0 3023.0 -615.0
6179.66 317.0 3032.0 -611.0
6195.74 299.0 3117.0 -617.0
6272.16 313.0 2991.0 -615.0
6276.77 313.0 3086.0 -629.0
6292.92 297.0 3050.0 -617.0
6327.66 310.0 3005.0 -627.0
6339.4 306.0 3129.0 -633.0
6342.98 302.0 3077.0 -633.0
6380.95 305.0 3142.0 -630.0
6392.39 321.0 3162.0 -639.0
6433.13 302.0 3129.0 -644.0
6433.91 309.0 3028.0 -638.0
6439.55 323.0 3174.0 -644.0
6447.36 303.0 3109.0 -636.0
6447.68 310.0 3241.0 -651.0
6577.26 309.0 3174.0 -644.0
6656.43 335.0 3320.0 -660.0
