5917.73 282.0 2906.0 -594.0
5983.17 283.0 2938.0 -598.0
6021.26 303.0 2962.0 -611.0
6027.98 270.0 3043.0 -596.0
6041.15 302.0 2901.0 -599.0
6052.82 299.0 3043.0 -607.0
6054.56 286.0 2932.0 -601.0
6060.8 306.0 3030.0 -606.0
6088.44 307.0 2873.0 -609.0
6105.02 293.0 2972.0 -613.0
6127.63 300.0 3068.0 -612.0
6130.25 290.0 2982.0 -607.0
6132.47 286.0 2983.0 -607.0
6146.15 308.0 2916.0 -610.0
6203.22 313.0 3039.0 -615.0
6209.55 295.0 3000.0 -620.0
6269.4 310.0 3045.0 -626.0
6290.34 322.0 3037.0 -629.0
6296.94 305.0 3054.0 -626.0
6348.05 302.0 3176.0 -630.0
6378.36 312.0 3081.0 -625.0
6405.34 306.0 3156.0 -627.0
6410.55 322.0 3129.0 -635.0
6413.95 320.0 3104.0 -632.0
6430.93 318.0 3192.0 -639.0
6447.82 305.0 3125.0 -638.0
6456.7 306.0 3142.0 -642.0
6458.08 300.0 3126.0 -640.0
6530.02 313.0 3181.0 -641.0
6542.11 316.0 3188.0 -648.0
