5907.93 297.0 2922.0 -585.0
5930.02 289.0 2955.0 -590.0
5952.55 295.0 2912.0 -600.0
5993.46 294.0 2959.0 -602.0
6005.13 297.0 2931.0 -598.0
6005.96 275.0 2859.0 -592.0
6027.03 293.0 2992.0 -610.0
6087.94 285.0 2859.0 -607.0
6229.99 302.0 3038.0 -624.0
6254.1 315.0 3044.0 -624.0
6260.77 305.0 3061.0 -622.0
6267.55 310.0 3061.0 -631.0
6278.09 309.0 3086.0 -624.0
6308.01 307.0 3021.0 -628.0
6313.39 303.0 3115.0 -622.0
6328.21 322.0 3077.0 -627.0
6330.32 305.0 3065.0 -631.0
6336.72 305.0 3181.0 -631.0
6338.83 315.0 3151.0 -634.0
6341.11 314.0 3119.0 -631.0
6345.45 316.0 3101.0 -628.0
6422.13 315.0 3091.0 -638.0
6424.01 310.0 3146.0 -637.0
6455.8 303.0 3067.0 -633.0
6497.12 324.0 3223.0 -648.0
6520.23 316.0 3114.0 -643.0
6564.23 308.0 3189.0 -662.0
6571.73 337.0 3218.0 -655.0
6580.58 319.0 3087.0 -655.0
6660.03 322.0 3297.0 -665.0
