5704.96 271.0 2808.0 -569.0
6015.46 302.0 3003.0 -599.0
6042.91 282.0 2961.0 -610.0
6042.99 280.0 2858.0 -592.0
6045.71 301.0 3003.0 -608.0
6062.02 282.0 2927.0 -603.0
6110.77 304.0 2973.0 -603.0
6123.34 299.0 2951.0 -607.0
6175.68 306.0 3003.0 -618.0
6179.04 287.0 3098.0 -621.0
6179.08 314.0 3021.0 -617.0
6183.42 310.0 3088.0 -614.0
6219.36 308.0 3141.0 -624.0
6226.46 293.0 2998.0 -619.0
6237.25 299.0 3058.0 -623.0
6248.68 310.0 3038.0 -618.0
6251.44 296.0 3026.0 -618.0
6256.03 285.0 3041.0 -616.0
6308.56 301.0 3083.0 -626.0
6349.59 314.0 3153.0 -643.0
6375.39 297.0 2957.0 -627.0
6383.69 311.0 3173.0 -634.0
6424.49 305.0 3152.0 -646.0
6444.08 329.0 3118.0 -644.0
6449.57 300.0 3133.0 -643.0
6470.67 313.0 3203.0 -647.0
6475.76 310.0 3235.0 -638.0
6482.07 331.0 3250.0 -644.0
6496.08 295.0 3153.0 -642.0
6597.69 308.0 3274.0 -650.0
