5845.91 279.0 2836.0 -578.0
5981.79 309.0 2994.0 -601.0
6010.65 305.0 2914.0 -609.0
6044.67 291.0 2875.0 -596.0
6057.94 296.0 3019.0 -603.0
6072.34 312.0 2872.0 -608.0
6093.88 290.0 2991.0 -609.0
6124.43 299.0 3010.0 -610.0
6127.08 303.0 3014.0 -625.0
6140.47 302.0 3101.0 -607.0
6143.58 293.0 2909.0 -601.0
6153.66 298.0 3047.0 -616.0
6162.25 286.0 2935.0 -604.0
6173.12 299.0 2976.0 -612.0
6205.22 295.0 3028.0 -614.0
6230.45 302.0 2958.0 -618.0
6251.55 299.0 3083.0 -624.0
6259.69 302.0 3047.0 -624.0
6278.52 300.0 3019.0 -627.0
6287.9 291.0 3110.0 -630.0
6309.84 294.0 3096.0 -629.0
6327.01 310.0 2995.0 -628.0
6343.43 314.0 3101.0 -624.0
6374.29 321.0 3096.0 -629.0
6382.47 325.0 3198.0 -639.0
6452.13 328.0 3130.0 -637.0
6455.06 300.0 3153.0 -645.0
6483.46 307.0 3168.0 -636.0
6548.66 326.0 3181.0 -652.0
6675.7 320.0 3033.0 -652.0
