6012.94 283.0 2880.0 -593.0
6075.17 292.0 2925.0 -602.0
6093.25 292.0 2976.0 -608.0
6094.84 294.0 2944.0 -600.0
6138.93 308.0 3092.0 -613.0
6149.76 301.0 3011.0 -619.0
6162.26 301.0 3003.0 -615.0
6187.37 295.0 2931.0 -615.0
6190.9 300.0 2976.0 -613.0
6209.05 302.0 3029.0 -616.0
6222.59 324.0 3055.0 -620.0
6230.98 314.0 3031.0 -628.0
6242.49 302.0 3091.0 -617.0
6265.84 319.0 2998.0 -630.0
6267.66 299.0 3066.0 -623.0
6272.41 326.0 3053.0 -623.0
6277.06 307.0 2994.0 -621.0
6279.85 303.0 3036.0 -630.0
6337.13 315.0 3118.0 -632.0
6345.28 310.0 3123.0 -634.0
6349.07 324.0 3170.0 -641.0
6354.74 300.0 3157.0 -629.0
6364.27 310.0 3035.0 -631.0
6395.06 331.0 3104.0 -633.0
6415.93 321.0 3119.0 -637.0
6452.79 312.0 3260.0 -642.0
6531.39 321.0 3216.0 -646.0
6561.72 324.0 3137.0 -644.0
6621.37 330.0 3173.0 -653.0
6645.74 328.0 3290.0 -669.0
