5938.12 298.0 2826.0 -594.0
5963.88 299.0 2850.0 -593.0
5986.86 305.0 2856.0 -601.0
6037.66 302.0 2951.0 -611.0
6047.86 275.0 2939.0 -602.0
6053.04 287.0 2951.0 -604.0
6076.35 295.0 2910.0 -601.0
6103.4 307.0 2979.0 -603.0
6119.65 300.0 2992.0 -605.0
6139.05 292.0 3046.0 -614.0
6145.8 307.0 2929.0 -609.0
6150.42 312.0 2941.0 -607.0
6177.14 301.0 3029.0 -610.0
6235.44 298.0 3027.0 -617.0
6242.01 315.0 3136.0 -632.0
6249.55 289.0 3052.0 -626.0
6264.68 305.0 3061.0 -619.0
6266.51 296.0 3092.0 -633.0
6307.07 317.0 3087.0 -621.0
6314.54 305.0 3083.0 -621.0
6320.78 312.0 3014.0 -633.0
6329.94 291.0 3048.0 -631.0
6381.84 305.0 3122.0 -641.0
6400.39 303.0 3070.0 -633.0
6408.07 306.0 3075.0 -642.0
6413.42 297.0 3160.0 -635.0
6438.75 314.0 3091.0 -636.0
6451.91 320.0 3180.0 -640.0
6493.43 302.0 3179.0 -648.0
6522.91 315.0 3189.0 -651.0
