236.3 12.0 38.0 -25.2
242.7 10.0 45.0 -25.2
242.7 10.0 45.0 -25.2
243.1 8.0 60.0 -25.2
243.7 9.0 50.0 -25.2
244.1 7.0 65.0 -25.2
244.1 7.0 65.0 -25.2
244.1 7.0 65.0 -25.2
245.9 11.0 43.0 -25.2
245.9 11.0 43.0 -25.2
245.9 11.0 43.0 -25.2
245.9 11.0 43.0 -25.2
245.9 11.0 43.0 -25.2
245.9 11.0 43.0 -25.2
245.9 11.0 43.0 -25.2
245.9 11.0 43.0 -25.2
245.9 11.0 43.0 -25.2
245.9 11.0 43.0 -25.2
245.9 11.0 43.0 -25.2
245.9 11.0 43.0 -25.2
245.9 11.0 43.0 -25.2
245.9 11.0 43.0 -25.2
245.9 11.0 43.0 -25.2
245.9 11.0 43.0 -25.2
245.9 11.0 43.0 -25.2
245.9 11.0 43.0 -25.2
245.9 11.0 43.0 -25.2
245.9 11.0 43.0 -25.2
245.9 11.0 43.0 -25.2
245.9 11.0 43.0 -25.2
245.9 11.0 43.0 -25.2
245.9 11.0 43.0 -25.2
245.9 11.0 43.0 -25.2
245.9 11.0 43.0 -25.2
245.9 11.0 43.0 -25.2
245.9 11.0 43.0 -25.2
245.9 11.0 43.0 -25.2
245.9 11.0 43.0 -25.2
245.9 11.0 43.0 -25.2
245.9 11.0 43.0 -25.2
245.9 11.0 43.0 -25.2
245.9 11.0 43.0 -25.2
245.9 11.0 43.0 -25.2
245.9 11.0 43.0 -25.2
245.9 11.0 43.0 -25.2
245.9 11.0 43.0 -25.2
245.9 11.0 43.0 -25.2
245.9 11.0 43.0 -25.2
245.9 11.0 43.0 -25.2
245.9 11.0 43.0 -25.2
245.9 11.0 43.0 -25.2
245.9 11.0 43.0 -25.2
245.9 11.0 43.0 -25.2
245.9 11.0 43.0 -25.2
245.9 11.0 43.0 -25.2
245.9 11.0 43.0 -25.2
245.9 11.0 43.0 -25.2
245.9 11.0 43.0 -25.2
245.9 11.0 43.0 -25.2
245.9 11.0 43.0 -25.2
245.9 11.0 43.0 -25.2
245.9 11.0 43.0 -25.2
245.9 11.0 43.0 -25.2
245.9 11.0 43.0 -25.2
245.9 11.0 43.0 -25.2
245.9 11.0 43.0 -25.2
245.9 11.0 43.0 -25.2
245.9 11.0 43.0 -25.2
245.9 11.0 43.0 -25.2
246.2 8.0 55.0 -25.2
246.2 11.0 40.0 -25.2
246.2 11.0 40.0 -25.2
246.2 8.0 55.0 -25.2
246.2 8.0 55.0 -25.2
246.2 8.0 55.0 -25.2
246.2 8.0 55.0 -25.2
246.2 8.0 55.0 -25.2
246.2 8.0 55.0 -25.2
246.2 8.0 55.0 -25.2
246.2 11.0 40.0 -25.2
246.2 11.0 40.0 -25.2
246.2 11.0 40.0 -25.2
246.2 11.0 40.0 -25.2
246.2 8.0 55.0 -25.2
246.2 11.0 40.0 -25.2
246.2 11.0 40.0 -25.2
246.2 11.0 40.0 -25.2
246.2 11.0 40.0 -25.2
246.2 8.0 55.0 -25.2
246.2 11.0 40.0 -25.2
246.2 8.0 55.0 -25.2
246.2 11.0 40.0 -25.2
246.2 8.0 55.0 -25.2
246.2 11.0 40.0 -25.2
246.2 8.0 55.0 -25.2
246.2 11.0 40.0 -25.2
246.2 11.0 40.0 -25.2
246.2 8.0 55.0 -25.2
246.2 11.0 40.0 -25.2
246.2 8.0 55.0 -25.2
