111011011010110111001001011010101100
111011011010110111001001011010101100
111011011010110111001001011010101100
111011011010110111001001011010101100
111011011010110111001001011010101100
111011011010110111001001011010101100
111011011010110111001001011010101100
111011011010110111001001011010101100
111011011010110111001001011010101100
111011011010110111001001011010101100
111011011010110111001001011010101100
111011011010110111001001011010101100
111011011010110111001001011010101100
111011011010110111001001011010101100
111011011010110111001001011010101100
111011011010110111001001011010101100
111011011010110111001001011010101100
111011011010110111001001011010101100
111011011010110111001001011010101100
111011011010110111001001011010101100
111011011010110111001001011010101100
111011011010110111001001011010101100
111011011010110111001001011010101100
111011011010110111001001011010101100
111011011010110111001001011010101100
111011011010110111001001011010101100
111011011010110111001001011010101100
111011011010110111001001011010101100
111011011010110111001001011010101100
111011011010110111001001011010101100
111011011010110111001001011010101100
111011011010110111001001011010101100
111011011010110111001001011010101100
111011011010110111001001011010101001
111011011010111011001001011010101100
111011011010111011001001011010101100
111011011010111011001001011010101100
111011011010111011001001011010101100
111011011010111011001001011010101100
111011011010111011001001011010101100
111011010110110111001001011011001100
111011010110110111001001011010101100
111011010110110111001001011010101100
111011010110110111001001011010101100
111011010110110111001001011010101100
111011010110110111001001011010101100
111011010110110111001001011010101100
111011010110110111001001011010101100
111011010110110111001001011010101100
111011010110110111001001011010101100
111011010110110111001001011010101001
111011010110111011001001011010101100
111011011010111010011001011010101001
111011011010111010011001011010101001
111011011010111010011001011010101001
111011011010111010011001011010101001
111011011010111010011001011010101001
111011011010111010011001011010101001
111011011010111010011001011010101001
111011011010111010011001011010101001
111011011010111010011001011010101001
111011011010111010011001011010101001
110110110110110111001001011011001100
111011011010110111001001010111001100
111011011010110111001001010111001100
111011011010110111001001010111001100
111011011010110111001001010111001100
111011011010110111001001010111001100
111011011010110111001001010111001100
111011011010110111001001010111001100
111011011010110111001001010111001100
111011011010110111001001010111001100
111011011010110111001001010111001100
111011011010110111001001010111001100
111011011010110111001001010111001100
111011011010110111001001010111001100
111011011010110111001001010111001100
111011011010110111001001010111001100
111011011010110111001001010111001100
111011011010110111001001010111001100
111011011010110111001001010111001100
111011011010110111001001010111001100
111011011010110111001001010111001100
111011011010110111001001010111001100
111011011010110111001001010111001100
111011011010110111001001010111001100
111011011010110111001001010111001100
111011011010110111001001010111001100
111011011010110111001001010111001100
111011011010111011001001010110101100
111011011010111011001001010110101100
111011010110110111001001010111001100
111011010110110111001001010111001100
111011010110110111001001010111001100
111011010110110111001001010111001100
111011010110110111001001010111001100
111011010110110111001001010111001100
111011011010111010011001010110101001
110110110110110111001001010111001100
110110110110110111001001010111001100
