111011010110111011001100011010011010
111011010110111011001100011010011010
111011010110111011001100011010011010
111011010110111011001100011010011010
111011010110110111001001011010011010
111011010110110111001001011010011010
111011010110110111001001011010011010
111011010110110111001001011010011010
111011010110111011001001011010011010
110111010110110111001001011010011010
111011011010111011001100010110011010
111011011010111011001100010110011010
111011011010111011001100010110011010
111011011010111011001100010110011010
111011011010111011001100010110011010
111011010110110111001100010110011010
111011010110110111001100010110011010
111011010110110111001100010110011010
111011010110110111001100010110011010
111011010110110111001100010110011010
111011010110110111001100010110011010
111011010110110111001100010110011010
111011010110110111001100010110011010
111011010110110111001100010110011010
111011010110110111001100010110011010
111011010110110111001100010110011010
111011010110111011001100010110011010
111011010110111011001100010110011010
111011010110111011001100010110011010
111011010110111011001100010110011010
111011010110111011001100010110011010
111011010110111011001100010110011010
111011010110111011001100010110011010
111011010110111011001100010110011010
111011010110111011001100010110011010
111011010110111011001100010110011010
111011010110111011001100010110011010
111011010110111011001100010110011010
111011010110111011001100010110011010
111011010110111011001100010110011010
111011010110111011001100010110011010
111011010110111011001100010110011010
111011010110111011001100010110011010
111011010110111011001100010110011010
111011010110111011001100010110011010
111011010110111011001100010110011010
111011010110111011001100010110011010
111011010110111011001100010110011010
111011010110111011001100010110011010
111011010110111011001100010110011010
111011010110111011001100010110011010
111011010110111011001100010110011010
111011010110111011001100010110011010
111011010110111011001100010110011010
111011010110111011001100010110011010
111011010110111011001100010110011010
111011010110111011001100010110011010
111011010110111011001100010110011010
111011010110111011001100010110011010
111011010110111011001100010110011010
111011010110111011001100010110011010
111011010110111011001100010110011010
111011010110111011001100010110011010
111011010110111011001100010110011010
111011010110111011001100010110011010
111011010110111011001100010110011010
111011010110111011001100010110011010
111011010110111011001100010110011010
111011010110111011001100010110011010
111011010110111011001100010110011010
111011010110111011001100010110011010
111011010110111011001100010110011010
111011010110111011001100010110011010
111011010110111011001100010110011010
111011010110111011001100010110011010
111011010110111011001100010110011010
111011010110111011001100010110011010
111011010110111011001100010110011010
110111010110110111001100010110011010
110111010110110111001100010110011010
110111010110110111001100010110011010
111011010110110111001001011010011100
111011010110110111001001011010011100
111011010110110111001001011010011100
111011010110110111001001011010011100
111011010110110111001001011010011100
111011010110110111001001011010011100
111011010110110111001001011010011100
111011010110110111001001011010011100
111011010110110111001001011010011100
111011010110110111001001011010011100
110111010110110111001001011010011100
110111010110110111001100010110011100
110111010110110111001100010110011100
110111010111010110011001011010011100
110111010111010110011001011010011100
110111010110110111001100010111001100
110111010110110111001100010111001100
110111010110110111001100010111001100
110111010111010111001010010111001100
