111011011010110111001010010110011010
111011011010110111001010010110011010
111011011010110111001010010110011010
111011011010110111001010010110011010
110110111010110111001010010110011010
110110111010110111001010010110011010
110110111010110111001010010110011010
110110111010110111001010010110011010
110110111010110111001010010110011010
110110111010110111001010010110011010
110110111010110111001010010110011010
110110111010110111001010010110011010
110110111010110111001010010110011010
110110111010110111001010010110011010
110110111010110111001010010110011010
110110111010110111001010010110011010
110110111010110111001010010110011010
110110111010110111001010010110011010
110110111010110111001010010110011010
111011011010110111001010010110011100
111011011010110111001010010110011100
111011011010110111001010010110011100
111011011010110111001010010110011100
111011011010110111001010010110011100
111011011010110111001010010110011100
111011011010110111001010010110011100
111011011010110111001010010110011100
111011011010110111001010010110011100
111011011010110111001010010110011100
111011011010110111001010010110011100
111011011010110111001010010110011100
111011011010110111001010010110011100
111011011010110111001010010110011100
111011011010110111001010010110011100
111011011010110111001010010110011100
111011011010110111001000110110011010
111011011010110111001000110110011010
111011011010110111001000110110011010
111011011010110111001000110110011010
111011011010110111001000110110011010
111011011010110111001000110110011010
111011011010110111001000110110011010
110111011010110111001000110110011010
110110111010110111001010010110011100
110110111010110111001010010110011100
110110111010110111001010010110011100
110110111010110111001010010110011100
110110110110110111001010010110011100
110110110110110111001010010110011100
110110110110110111001010010110011100
110110110110110111001010010110011100
110110110110110111001000110110011010
110110110110110111001000110110011010
110110110110110111001000110110011010
110110110110110111001000110110011010
110110110110110111001000110110011010
110110110110110111001000110110011010
111011011010110111001000110110011100
111011011010110111001000110110011100
111011011010110111001000110110011100
111011011010110111001000110110011100
111011011010110111001000110110011100
111011011010110111001000110110011100
111011011010110111001000110110011100
111011011010110111001000110110011100
111011011010110111001000110110011100
111011011010110111001000110110011100
111011011010110111001000110110011100
111011011010110111001000110110011100
111011011010110111001000110110011100
111011011010110111001000110110011100
111011011010110111001000110110011100
111011011010110111001000110110011100
111011011010110111001000110110011100
111011011010110111001000110110011100
111011011010110111001000110110011100
111011011010110111001000110110011100
111011011010110111001000110110011100
111011011010110111001000110110011100
111011011010110111001000110110011100
111011011010110111001000110110011100
111011011010110111001000110110011100
111011011010110111001000110110011100
111011011010110111001000110110011100
110110110110110111001000110110011100
110110110110110111001000110110011100
110110110110110111001000110110011100
110110110110110111001000110110011100
110110110110110111001000110110011100
110110110110110111001000110110011100
110110110110110111001000110110011100
110110110110110111001000110110011100
110110110110110111001000110110011100
110110110110110111001000110110011100
110110110110110111001000110110011100
110110110110110111001000110110011100
110110110110110111001000110110011100
110110110110110111001000110110011100
110110110110110111001000110110011100
110110110110110111001000110110011100
