222.8 10.0 57.0 -25.2
223.3 11.0 52.0 -25.2
223.8 9.0 62.0 -25.2
224.1 11.0 48.0 -25.2
229.7 8.0 71.0 -25.2
229.7 8.0 71.0 -25.2
229.7 8.0 71.0 -25.2
229.7 8.0 71.0 -25.2
229.7 8.0 71.0 -25.2
229.7 8.0 71.0 -25.2
229.7 8.0 71.0 -25.2
229.7 8.0 71.0 -25.2
229.7 8.0 71.0 -25.2
229.7 8.0 71.0 -25.2
229.7 8.0 71.0 -25.2
230.5 8.0 67.0 -25.2
230.5 8.0 67.0 -25.2
233.5 9.0 55.0 -25.2
233.5 9.0 55.0 -25.2
233.5 9.0 55.0 -25.2
233.6 13.0 43.0 -25.2
233.7 8.0 64.0 -25.2
234.0 10.0 50.0 -25.2
234.0 10.0 50.0 -25.2
234.0 10.0 50.0 -25.2
234.0 10.0 50.0 -25.2
234.0 10.0 50.0 -25.2
234.0 10.0 50.0 -25.2
234.0 10.0 50.0 -25.2
234.0 10.0 50.0 -25.2
234.0 10.0 50.0 -25.2
234.0 10.0 50.0 -25.2
234.0 10.0 50.0 -25.2
234.0 10.0 50.0 -25.2
234.0 10.0 50.0 -25.2
234.0 10.0 50.0 -25.2
234.0 10.0 50.0 -25.2
234.0 10.0 50.0 -25.2
234.0 10.0 50.0 -25.2
234.0 10.0 50.0 -25.2
234.0 10.0 50.0 -25.2
234.0 10.0 50.0 -25.2
234.0 10.0 50.0 -25.2
234.0 10.0 50.0 -25.2
234.0 10.0 50.0 -25.2
234.0 10.0 50.0 -25.2
234.0 10.0 50.0 -25.2
234.0 10.0 50.0 -25.2
234.0 10.0 50.0 -25.2
236.7 12.0 44.0 -25.2
239.6 7.0 73.0 -25.2
239.6 7.0 73.0 -25.2
239.6 7.0 73.0 -25.2
239.6 7.0 73.0 -25.2
239.6 7.0 73.0 -25.2
239.6 7.0 73.0 -25.2
239.6 7.0 73.0 -25.2
239.6 7.0 73.0 -25.2
239.6 7.0 73.0 -25.2
239.6 7.0 73.0 -25.2
239.6 7.0 73.0 -25.2
239.6 7.0 73.0 -25.2
239.6 7.0 73.0 -25.2
239.6 7.0 73.0 -25.2
239.6 7.0 73.0 -25.2
239.6 7.0 73.0 -25.2
239.6 7.0 73.0 -25.2
239.6 7.0 73.0 -25.2
239.6 7.0 73.0 -25.2
239.6 7.0 73.0 -25.2
239.6 7.0 73.0 -25.2
239.6 7.0 73.0 -25.2
239.6 7.0 73.0 -25.2
239.6 7.0 73.0 -25.2
239.6 7.0 73.0 -25.2
239.6 7.0 73.0 -25.2
239.6 7.0 73.0 -25.2
239.6 7.0 73.0 -25.2
239.6 7.0 73.0 -25.2
239.6 7.0 73.0 -25.2
239.6 7.0 73.0 -25.2
239.6 7.0 73.0 -25.2
239.6 7.0 73.0 -25.2
239.6 7.0 73.0 -25.2
239.6 7.0 73.0 -25.2
239.6 7.0 73.0 -25.2
239.6 7.0 73.0 -25.2
239.6 7.0 73.0 -25.2
239.6 7.0 73.0 -25.2
239.6 7.0 73.0 -25.2
239.6 7.0 73.0 -25.2
240.4 7.0 69.0 -25.2
240.4 7.0 69.0 -25.2
240.4 7.0 69.0 -25.2
240.4 7.0 69.0 -25.2
240.4 7.0 69.0 -25.2
240.4 7.0 69.0 -25.2
240.4 7.0 69.0 -25.2
240.4 7.0 69.0 -25.2
240.4 7.0 69.0 -25.2
