111011010110110111001100011010011010
111011010110111011001100011010011010
110111010110110111001100011010011010
111011010110111011001001011010011010
110111010111010111001100011010011010
110111010111010111001100011010011010
110111010111010111001100011010011010
110111010111010111001100011010011010
110111010111010111001100011010011010
110111010111010111001100011010011010
110111010111010111001100011010011010
110111010111010111001100011010011010
110111010111010111001100011010011010
110111010111010111001100011010011010
110111010111010111001100011010011010
110111010111010111001001011010011010
110111010111010111001001011010011010
111011010110110111001001011010011100
111011010110110111001001011010011100
111011010110110111001001011010011100
111011011010111011001000111010011010
110111010110110111001100011010011100
111011010110111011001001011010011100
111011010110111011001001011010011100
111011010110111011001001011010011100
111011010110111011001001011010011100
111011010110111011001001011010011100
111011010110111011001001011010011100
111011010110111011001001011010011100
111011010110111011001001011010011100
111011010110111011001001011010011100
111011010110111011001001011010011100
111011010110111011001001011010011100
111011010110111011001001011010011100
111011010110111011001001011010011100
111011010110111011001001011010011100
111011010110111011001001011010011100
111011010110111011001001011010011100
111011010110111011001001011010011100
111011010110111011001001011010011100
111011010110111011001001011010011100
111011010110111011001001011010011100
111011010110111011001001011010011100
111011010110111011001001011010011100
111011010110111011001001011010011100
111011010110111011001001011010011100
111011010110111011001001011010011100
111011010110111011001001011010011100
111011010110111011001001011010011100
111011010110111011001000111010011010
110111010111010111001100011010011100
110111010111010111001100011010011100
110111010111010111001100011010011100
110111010111010111001100011010011100
110111010111010111001100011010011100
110111010111010111001100011010011100
110111010111010111001100011010011100
110111010111010111001100011010011100
110111010111010111001100011010011100
110111010111010111001100011010011100
110111010111010111001100011010011100
110111010111010111001100011010011100
110111010111010111001100011010011100
110111010111010111001100011010011100
110111010111010111001100011010011100
110111010111010111001100011010011100
110111010111010111001100011010011100
110111010111010111001100011010011100
110111010111010111001100011010011100
110111010111010111001100011010011100
110111010111010111001100011010011100
110111010111010111001100011010011100
110111010111010111001100011010011100
110111010111010111001100011010011100
110111010111010111001100011010011100
110111010111010111001100011010011100
110111010111010111001100011010011100
110111010111010111001100011010011100
110111010111010111001100011010011100
110111010111010111001100011010011100
110111010111010111001100011010011100
110111010111010111001100011010011100
110111010111010111001100011010011100
110111010111010111001100011010011100
110111010111010111001100011010011100
110111010111010111001100011010011100
110111010111010111001100011010011100
110111010111010111001100011010011100
110111010111010111001100011010011100
110111010111010111001100011010011100
110111010111010111001100011010011100
110111010111010111001001011010011100
110111010111010111001001011010011100
110111010111010111001001011010011100
110111010111010111001001011010011100
110111010111010111001001011010011100
110111010111010111001001011010011100
110111010111010111001001011010011100
110111010111010111001001011010011100
110111010111010111001001011010011100
