0000000000100010000000001000000000000000001
0000000000100010000000001000000000000000001
0000000000100010000000001000000000000010101
0000000010100010000000001001000000000010101
0000000000100010000000011000000000000010101
0000000000100110000000011000000000000010101
0000000000100110011000111000000000000010001
0000000000100110011000111000000000000010001
0000100000100110010000111000000000000010001
0000100000100110010000111000000000000010001
0000000000100010011000111000100010000010101
0000100000100110011000111000000000001010001
0000011000101110010000111000000000000010001
1000100000100111000100001000010000000110101
1000000001100111000100011000010000000010001
0011100010100110011000111000000000010110001
0000110000100110001010101000100101000110001
1000000010100111010100111000010000010010001
1000000010100111011100101000010000010010101
0011000001100110001000101000100010000010101
1000100010100111100100011000011000000010101
1000101000101111000100001000011000000000001
1000110000100111011100101000010000000110001
0011101001101110000000101000000000001010001
1000110000100111010100111000110010000010101
1000111000101111010100111000010000000010101
1000010110100111001100111000010100011010001
1000000001100111010100101000110010001010101
