224.5 10.0 57.0 -25.2
226.1 9.0 58.0 -25.2
228.5 10.0 53.0 -25.2
228.7 12.0 47.0 -25.2
228.7 12.0 47.0 -25.2
229.7 9.0 66.0 -25.2
230.6 11.0 52.0 -25.2
230.7 10.0 53.0 -25.2
231.0 8.0 67.0 -25.2
232.7 8.0 71.0 -25.2
233.0 7.0 72.0 -25.2
233.0 7.0 72.0 -25.2
233.7 11.0 47.0 -25.2
234.0 9.0 62.0 -25.2
234.0 9.0 62.0 -25.2
234.1 11.0 53.0 -25.2
234.2 11.0 48.0 -25.2
234.9 10.0 54.0 -25.2
235.2 10.0 53.0 -25.2
235.6 7.0 76.0 -25.2
236.4 7.0 72.0 -25.2
236.8 10.0 48.0 -25.2
236.8 10.0 48.0 -25.2
237.0 7.0 65.0 -25.2
237.6 9.0 62.0 -25.2
238.4 8.0 64.0 -25.2
239.0 7.0 77.0 -25.2
239.2 11.0 43.0 -25.2
239.3 7.0 76.0 -25.2
239.3 7.0 76.0 -25.2
239.6 7.0 69.0 -25.2
239.6 7.0 69.0 -25.2
239.7 9.0 63.0 -25.2
240.0 7.0 77.0 -25.2
240.1 7.0 72.0 -25.2
240.1 7.0 72.0 -25.2
240.4 7.0 69.0 -25.2
240.4 11.0 51.0 -25.2
240.5 11.0 43.0 -25.2
240.6 7.0 69.0 -25.2
240.6 9.0 59.0 -25.2
240.6 9.0 59.0 -25.2
240.8 8.0 71.0 -25.2
240.8 8.0 71.0 -25.2
240.9 8.0 64.0 -25.2
241.1 10.0 57.0 -25.2
241.3 11.0 48.0 -25.2
241.7 8.0 71.0 -25.2
242.0 8.0 64.0 -25.2
242.1 6.0 78.0 -25.2
242.1 6.0 78.0 -25.2
242.1 6.0 78.0 -25.2
242.2 8.0 60.0 -25.2
242.4 7.0 77.0 -25.2
242.4 7.0 77.0 -25.2
242.4 7.0 77.0 -25.2
242.4 7.0 77.0 -25.2
242.4 7.0 77.0 -25.2
242.4 8.0 64.0 -25.2
242.4 12.0 46.0 -25.2
242.9 6.0 74.0 -25.2
243.1 6.0 78.0 -25.2
243.1 8.0 68.0 -25.2
243.2 10.0 53.0 -25.2
243.2 7.0 73.0 -25.2
243.2 9.0 67.0 -25.2
243.3 7.0 69.0 -25.2
243.4 7.0 69.0 -25.2
243.7 9.0 50.0 -25.2
244.0 8.0 67.0 -25.2
244.3 8.0 64.0 -25.2
244.4 9.0 53.0 -25.2
244.5 7.0 73.0 -25.2
244.5 7.0 73.0 -25.2
244.9 11.0 51.0 -25.2
244.9 11.0 51.0 -25.2
245.3 9.0 59.0 -25.2
245.3 9.0 59.0 -25.2
245.3 8.0 63.0 -25.2
245.4 8.0 59.0 -25.2
245.4 8.0 59.0 -25.2
245.4 9.0 54.0 -25.2
245.4 9.0 54.0 -25.2
245.5 6.0 78.0 -25.2
245.5 6.0 78.0 -25.2
245.9 9.0 54.0 -25.2
245.9 8.0 68.0 -25.2
246.0 7.0 73.0 -25.2
246.3 6.0 74.0 -25.2
246.3 6.0 74.0 -25.2
246.3 6.0 74.0 -25.2
246.3 6.0 74.0 -25.2
246.3 6.0 74.0 -25.2
246.3 6.0 74.0 -25.2
246.5 6.0 78.0 -25.2
246.5 6.0 78.0 -25.2
246.5 6.0 78.0 -25.2
246.7 9.0 50.0 -25.2
247.0 8.0 67.0 -25.2
247.0 9.0 58.0 -25.2
247.2 8.0 64.0 -25.2
247.3 11.0 49.0 -25.2
247.6 6.0 74.0 -25.2
247.8 6.0 78.0 -25.2
247.8 6.0 78.0 -25.2
247.8 7.0 72.0 -25.2
247.8 7.0 72.0 -25.2
248.1 7.0 77.0 -25.2
249.1 10.0 49.0 -25.2
249.1 10.0 51.0 -25.2
249.2 6.0 78.0 -25.2
249.5 7.0 77.0 -25.2
249.5 7.0 77.0 -25.2
249.6 11.0 40.0 -25.2
249.6 11.0 40.0 -25.2
249.7 8.0 68.0 -25.2
250.0 6.0 74.0 -25.2
250.0 6.0 74.0 -25.2
250.0 6.0 74.0 -25.2
250.1 9.0 54.0 -25.2
250.2 6.0 78.0 -25.2
250.2 7.0 73.0 -25.2
250.2 6.0 78.0 -25.2
250.2 6.0 78.0 -25.2
250.2 6.0 78.0 -25.2
250.2 6.0 78.0 -25.2
250.4 10.0 45.0 -25.2
250.5 7.0 69.0 -25.2
250.5 7.0 69.0 -25.2
250.5 7.0 77.0 -25.2
250.7 10.0 49.0 -25.2
250.7 11.0 50.0 -25.2
251.0 6.0 74.0 -25.2
251.0 12.0 43.0 -25.2
251.1 9.0 53.0 -25.2
251.2 6.0 78.0 -25.2
251.2 6.0 78.0 -25.2
251.3 7.0 68.0 -25.2
251.3 10.0 45.0 -25.2
251.4 8.0 64.0 -25.2
251.4 9.0 50.0 -25.2
251.4 9.0 50.0 -25.2
251.5 7.0 69.0 -25.2
251.5 9.0 54.0 -25.2
251.9 12.0 43.0 -25.2
252.1 7.0 64.0 -25.2
252.4 13.0 38.0 -25.2
252.6 6.0 78.0 -25.2
252.6 6.0 78.0 -25.2
252.6 6.0 78.0 -25.2
252.6 6.0 78.0 -25.2
252.8 11.0 44.0 -25.2
252.9 8.0 67.0 -25.2
253.1 9.0 54.0 -25.2
253.3 9.0 58.0 -25.2
253.3 9.0 58.0 -25.2
253.4 6.0 74.0 -25.2
253.4 6.0 74.0 -25.2
253.4 6.0 74.0 -25.2
253.4 6.0 74.0 -25.2
253.4 6.0 74.0 -25.2
253.5 11.0 44.0 -25.2
253.6 7.0 72.0 -25.2
253.7 8.0 63.0 -25.2
254.0 12.0 39.0 -25.2
254.2 9.0 56.0 -25.2
254.3 8.0 55.0 -25.2
254.4 8.0 64.0 -25.2
254.5 8.0 63.0 -25.2
255.8 10.0 57.0 -25.2
256.0 8.0 59.0 -25.2
256.2 9.0 63.0 -25.2
257.5 10.0 55.0 -25.2
258.4 10.0 52.0 -25.2
258.4 10.0 52.0 -25.2
263.3 9.0 63.0 -25.2
263.6 7.0 70.0 -25.2
263.6 7.0 70.0 -25.2
266.0 7.0 70.0 -25.2
266.0 7.0 70.0 -25.2
266.2 8.0 68.0 -25.2
