11111101011100111110101101010110011100011011111011100001011111111010000111101101110000110001111001111001111110111110000111000001000001011100000001101100000010011001010101010100001001000000000100101011111100101001111101111010010111101110010000101101110111111111111110101011000110110001111010
11111101011100111110101101010110011100011011111011100001011111111010000111101101110000110001111001111001111110111110000111000001000001011100000001101100000010011001110101010100001001000000000100101011111100101001111101111010010111101110010000101101110111111111111110101011000110110001111010
11111101011100111110111110110110011100011011111011100001011111111010000111101101110000110001111001111001111110111110000111000001000001011100000001101100000010011001010101010100001001000000000100101011111100101001111101111010010111101110010000101101110111111111111110101011000110110001111010
11111101011100111110101101011110101100011001111011100001011011111010000111101100110000110001111001111001111110111110000111000001000001011100000001101100000010011001010101010100001001000000000100101011111100101001111101111010010111101110010000101101110111111111111110101011001110110001111010
11111101011100111110101101010110011100011011111011100001011111111010000111101101110000110001111001111001111110111110000111000001000001011100000001101100000010011001100101010100001001000000000100101011111100101001111101111000110111101110010000111101110111111111111110101011011110110001111010
11111101011100111110101101010110011100011011111011100001111111111110001111111100100000111001111111101001111110111110000111000001000001011100000001101100000010011001010101010100001001000000000100101011111100101001111101111010010111101110010000101101110111111111111110101011000110110001111010
11111101011100111110101111011110011100011011111011100101011111111100000111111101100000110011111001111001111110111110000111000001000001011100000001101100000010011001010101010100001001000000000100101011111100101001111101111010010111101110010000101101110111111111111110101011000110110001111010
11111101111000111110101101011110101100011011111011100001011111111010000111101101100000110011111001111001111110111110000111000001000001011100000001101100000010011001010101010100001001000000000100101011111100101001111101111010010111101110010000101101110111111111111110101011000110110001111010
11111101111100111110111110110110011100011011111011100001011111110110000111101101110011110011111011101001111110111110000111000001000001011100000001101100000010011001010101010100001001000000000100101011111100101001111101111010010111101110010000101101110111111111111110101011000110110001111010
11111111111100111110111110110110011100011011111011100011011111111010000111101100110000110001111001111001111110111110000111000001000001011100000001101100000010011001010101010100001001000000000100101011111100101001111101111010010111101110010000101101110111111111111110101011001110110001111010
11111101111000111110101101011110101100011001111011100001011011110010000011101101100000110001101101101001111110101110010111000001000001011100000001101100000010011001000101010100001001010000000100101111111100101101111111111010010111101110010000101101110111111101110110101011001110110001111010
11111101011100111110101101011110101100011001111011100001011011111010001011101101100000110011101101101001111110111110001110100101000001011100000001100100000010011001010101010100001001000000000100101011111100101001111101111010010111101110010000101101110111111111111110101011001110110001111010
11111101111100111110111110110110011100011011111011100001011111110110000111101101110011110011111001101001111110111110000111000001000001011100000001101100000010011001010101010100001001000000000100101011111100101001111101111010010111101110010000101101110111111111111110101011011110110001111010
11111101011100111110101101011110101100011001111011100001011011111010000011101101100000110001101101101001111110101110010111000001000001011100000001101100000010011001000101010100001001010000000100101011111100101101111111111010010111101110010000101101110111111101110110101111001110110001111010
11111101011100111110111110110110011100011011111011100001011111111010000111101101110000110001111001111001111110111110000111000001000001011100000001101100000010011011010101010100001101010000000000111111111100101001111111111000110111101110010000101101110111111111111110101111001110110001111010
11111101011100111110111110110110011100011011111011100001011111111010000111101101100000110011111001111001111110111110000111000001000001011100000001101100000010011011010101010100001101010000000000111111111100101001111111111000110111101110010000111101110111111111111110101011011110110001111010
11111101011100111110101101011110101100011001111011100001011011111010001011101101100000110011001101101001111110111110001110100101000001011100000001101100000010011001010101010100001001000000000100101011111100101001111101111010010111101110010000101101111111111111111110101011001110110001111010
11111101011100111110111110110110011100011011111011100001011111111010000111101101100000110011111001111001111110111110000111000001000001011100000001101100000010011011010101010100001101010000000000111111111100101001111111111011110111111110111100101101110111111111111110101011000110110001111010
11111101011000111110101110110111101100011110111011100001011011111010000011101101100000110011101101101011111110101110001110100101000001011100000001100100000010011001010101010100001001000000000100101011111100101001111101111010010111101110010000101101111111111111111110101011001110110001111010
11111101011100111110101101011110101100011001111011100001011011111010001011101101100000110011001101101001111110111110001110100101000001011100000001101100000010011001000101010100001011010000000100101111111100101101111111111010010111101110010000101101110111111101110110101011001110110001111010
11111101011100111110111110111110011100011011111011100101011111111100000111111101100000110011111001111001111110111110000111000001000001011100000001101100000010011011010101010100001101010000000000111111111100101001111111111000110111101110010000111101110111111111111110101011011110110001111010
11111101011100111110111110110110011100011011111011100001011111110110000111101101110011110011111011101001111110111110001110100001001001111100000001101100000010011001000101010100001001110000000100101011111100101101111111111010110111101110010100101101110111111111111110101011001110110001111010
11111101011100111110101101011110101100011001111011100001011011111010000011101101100000110001101101101001111110101110010111000001000001011100000001101100000010011001000101010100001001010000000100101011111100101101111111111111110111111111010100111101110111111111111110101011001110110001111010
11111101011100111110101110111110011100011011111011100101011111111100000111111101100000110011111001111001111110111110000111000001000001011100000001101100000010011011010101010100001101010000000000111111111100101001111111111010110111101110111000111101110111111111111110101011001110110001111010
11111111111100111110111110110110111100011011111011100011011111111010001011101101100000110011101101101001111110111110001110100101000001011100000001100100000010011001010101010100001001000000000100101011111100101001111101111010010111101110010000101101110111111111111110101011001110110001111010
11111101011100111110111110110110011100011111111011100001111111111110001111111100100000111001111101101011111110111110001110100001001111111100000001100100000010011001010101010100001001000000000100101011111100101001111101111010010111101110010000101101110111111111111110101011000110110001111010
11111101011100111110111110110110011100011011111011100001011111111010000111101101100000110011111001111001111110111110000111000001000001011100000001101100000010011011010101010100001101010000000000111111111100101001111111111011110111111110111100111101110111111111111110101011011111110011111010
11111101011100111110101110111110011100011011111011100101011111111100000111111101100000110011111001111001111110111110000111000001000001011100000001101100000010011011010101010100001101010000000000111111111100101001111111111010110111101110111000111101110111111111111110101011011110110011111010
11111111111100111110111110110110011100011011111011100011011111111010000111101100110000110001111001111001111110111110000111000001000001011100000001101100000010011001010101010100001001000000000100101011111100101001111101111010010111101110010000101101110111111111111110101111011110111111111011
11111101011100111110101110011110011100011011111011100101011111111100000111111101100000110011111001111001111110111110000111000001000001011100000001101100000010011011010101010100101111010000000101101111111100101101111111111011110111111110111100111101110111111111111110101011000110110001111010
11111101111000111110101101011110101100011001111011100001011011110010000011101101100000110001101101101001111110101110010111000001000001011100000001101100000010011001000101010100001001010000000100101111111100101101111111111010110111011011011100111001111111111111111110101111001100111111111010
11111101011100111110111110111110011100011011111011100101011111111100000111111101100000110011111001111001111110111110000111000001000001011100000001101100000010011011010101010100001101010000000000111111111100101001111111111011110111111110111100111101110111111111111110101011011111110011111010
11111101011100111110101110011110011100011011111011100101011111111100000111111101100000110011111001111001111110111110000111000001000001011100000001100100000010011001010101010100101111010000000101101111111100101101111111111011110111111110111100111101110111111111111110101011011111110011111010
11111101111000111110101110111110101100011001111011100001010011111010000011101101100000110011101101111001111110111110011111100001000001011100000001101100000010011011000101010100001001010000000100101111111100101001111111111000110101111110010000111101111111111111111110101011001101110001111011
11111111111010111110111111011110101110111011111011100001011111111010000111101101100000110011111001111001111110111110000111000001000001011100000001101100000010011011010101010100001101010000000000111111111100101001111111111000110111101110010000111101110111111111111110101011011110110001111010
11111101011100111110101110011110011100011011111011100101011111111100000111111101100000110011111001111001111110111110000111000001000001011100000001101100000010011011010101010100101111010000000101101111111100101101111111111011110111111110111100111101110111111111111110101011011110110011111010
11111101011100111110101110110110011100011011111011100001011111111110001111111100100000111001111111101011111110111110001110100001101001111100000001101100000011111111000111010100001101010000000100101011111100101101111111111010010111101110010100101101110111111111111110101011001110110001111010
11111101011100111110111110110110011100011011111011100001011111111010000111101101110000110011111101101001111110111110010111101001000001011100000001100100000010011001010101010100101111010000000101101111111100101101111111111011110111111110111100111101110111111111111110101011011111110011111010
11111101111100111110111110110110011100011011111011100001011111110110000111101101110000110011111101101001111110111110010111101001000001011100000001101100000010011011010101010100101111010000000101101111111100101101111111111011110111111110111100111101110111111111111110101011000110110001111010
11111101011100111110101101011110101110011111111011100001111111111010001111111100100000111001111111101011111110111110000110100101001101011100000001101100000010011001010101010100001001000000000100101011111100101001111101111010010111101110010000101101111111111111111110101011001110111101111011
11111101111100111110111110110110011100011011111011100001011111110110000111101101110000110011111101101001111110111110010111101001000001011100000001100100000010011001010101010100101111010000000101101111111100101101111111111011110111111110111100111101110111111111111110101011011111110011111010
11111101011100111110111110111110011100011011111011100101011111111100000111111101100100110011111101101001111110111110010111101001000001011100000001100100000010011001010101010100101111010000000101101111111100101101111111111011110111111110111100111101110111111111111110101011011111110011111010
11111111111000111110101111111111101110011111111011100001111111111010001111111100100000111001111111101011111110101110001110100101000001011100000001100100000010011001010101010100001001000000000100101011111100101001111101111010010111101110010000101101111111111111111110101011001110111101111011
11111101111010111110101111111111101110011111111011100001111111111010001111111100100000111001111111101011111110101110001110100101000001011100000001101100000010011001010101010100001001000000000100101011111100101001111101111010010111101110010000101101111111111111111110101011001110111101111011
11111101111000111110101110111110101100011001111011100001010011111010000011101101100000110011101101111001111110111110011111100001000001011100000001101100000010011011000101010100001001010000000100101111111100101001111111111111110111111110010100111101111111111111111110101111011110111111111011
11111101011100111110111110110110011100011111111011100001111111111110001111111100100000111001111101101011111110111110001110100001001111111100000001100100000011111101010111010100101111010000010101101111111100101101111111111010110111011011011100111001110111111111111110101011000110110001111010
11111101111000111110101101011110101110011111111011100001111111111010001111111100100000111001111111101011111110101110001110100101001111111100000001100100000011111101010111010100001111010010000100111011111100101101111111111010110111111111010100111101110111111111111110101011001110110001111010
11111101011000111110101111011110101110111111111011100001111111111110001111101100100000111001111101101011111110111110001111100001101001111100000001101100000011111111000111010100001101010000000100101011111100101101111111111010010111101110010000101101110111111111111110101011001100111111111011
11111101011100111110111110111110011100011011111011100101011111111100000111111101100000110011111001111001111110111110000111000001111111111100000001101100000011111111000111010100101111000010010101111111111100101101111111111111110111101110010100101101110111111111111110101011001110110101111010
11111101011000111110101110110111101100011110111011100001011011111010000011101101100000110011101101101011111110101110001110100101000001011100000001100100000010011001010101010100101111000010010101111111111100101101111111111111110111111110010100111101111111111111111110101111011110111111111011
11111111111010111110101111011110101110111111111011100001111111111110001111111100100000111001111101101011111110111110001110100001001111111100000001100100000011111101010101010100001001000000000100101011111100101001111101111010010111101110010000101101111111111111111110101011001110111101111011
11111111111010111110101111011110101110111111111011100001111111111110001111111100100000111001111101101011111110111110001110100001001111111100000001100100000011111101110101010100001001000000000100101011111100101001111101111010010111101110010000101101111111111111111110101011001110111101111011
11111101111100111110111110110110011100011011111011100001011111110110000111101101110111110011111011101001111110111110001110100001001111111100000001100100000011111101010111010100111111010000010101111111111100101101111111111000110111101110010000111101110111111111111110101111001100111111111011
11111101111000111110101101011110101110011111111011100001111111111010001111111100100000111001111111101011111110101110001110100101001111111100000001100100000011111101010111010100001111010010000100111011111100101101111111111010110111101110010000101101111111111111111110101111001100111111111011
11111101011100111110101111011110101110111111111011100001111111111110001111111100100000111001111111101011111110111110001110100001101001111100000001101100000011111111000111010100001101010000000100101011111100101101111111111010010111011011011100011001111111111111110110101111001100111111111011
11111111111000111110101111111111101110011111111111100001111111111010001111111100100000111001111111101011111110101110001110100101001111111100000001100100000011111101010111010100001001000000000100101011111100101001111101111010010111101110010000101101110111111111111110101111011110111111111011
11111111011000111110101111111111101110011111111011100011111111111010001111101101110011110011111011101001111110111110001110100001001111111100000001100100000011111101010111010100101111010000010101111111111100101101111111111010110111111011010000101101110111111111111110101011011111110011111010
11111101011100111111111110110110011100111011111011100101011111111110000111101101100000110011111101101101111110111110010111101001000001111100000001101100000011111111000111010100101111000010010101111111111100101101111111111111110111101110111000111101110111111101111110101011011110110011111010
11111111111010111110101111010110101110111111111011100001111111111110001111111100100000111001111101101011111110111110001110100001001111111100000001100100000011111101010111010100101111010000010101111111111100101101111111111010110111011011011100111001110111111111111110101011001110110001111010
11111101011100111110101101011110101100011001111011100001011011111010001011101101100000110011101101101001111110111110001110100101000001011100000001101100000011111111000111010100101111000000010101111111111100101101111111111111110111111111011100111101111111111111111110101111011110111111111011
11111111111000111110101111011110101110111111111011100001111111111110001111111100100000111001111111101011111110111110001110100001101001111100000001101100000011111111000111010100001101010000000100101011111100101101111111111010010111011011011100011001111111111111110110101111001100111111111011
11111111111010111110101111011110101110111111111011100001111111111110001111111100100000111001111101101011111110111110001110100001001111111100000001100100000011111101010111010100101111010000010101111111111100101101111111111010110111011011011100111001110111111111111110101011001110110001111010
11111111111000111110101111011110101110111111111011100001111111111110001111111100100000111001111111101011111110111110001110100001101001111100000001101110000011111111000111010100001101010000000100101011111100101101111111111010010111011011011100011001111111111111110110101111001100111111111011
11111111111000111110101111111111101110011111111011100001111111111010001111111100100000111001111111101011111110101110001110100101001111111100000001100100000011111101010111010100001111010010000100111011111100101101111111111010110111101110010000101101111111111111111110101111001100111111111011
11111111111010111110111111111111111110011111111011100011111111111110001011101101110011110011111101101001111111111110010111101001001001111100000001101100000010011001010101010100101111010000000101101111111100101101111111111011110111111110111100111101110111111111111110101011011111110011111010
11111101111000111110101101011110101110011111111011100001111111111010001111111100100000111001111111101011111110111110001110100001001111111100000001100100000011111101010111010100101111010000010101111111111100101101111111111010110111011011011100111001111111111111111110101111001100111111111011
11111111111001111110101111011110101110111111111011100001111111111110001111111100100000111001111111101001111110111110001110100001101111111100000001101100000011111111000111010100101111000010010101111111111100101101111111111010110111101110111100111101110111111111111110101011011110110011111010
11111101011100111110111110111110011100011011111011100101011111111100000111111101100000110011111001111001111110111110000111000001111111111100000001101100000011111111000111010100101111000010010101111111111100101101111111111111110111111111011100111101111111111111111110101111001110111111111011
11111101011100111110101101011110101100011001111011100001011011111010001011101101100000111001111101101011111110111110001110101001000111111100000001100100000011111111000111010100101111000000010101111111111100101111111111111111110111111111011100111101111111111111111110101111010110111111111011
11111111111001111110101111111110111111011111111011100011111111111010001111111100100011110101111111101001111110111110001110100001001111011100000001101100000011111111000111010100101111000000010101111111111100101101111111111111110111111111011100111101110111111111111110101011001110110001111010
11111101011100111110101111110110111111011111111011100011111111111010001111101101110011110011111011101001111110111110001110100001111111111100000001101100000011111111000111010100101111010000010101111111111100101101111111111010110111011011011100111001111111111111111110101111001100111111111011
11111101111100111110111110110110011100011011111011100001011111110110000111101101110011110011111011101001111110111110011110100001111111111100000001101100000011111111000111010100101111000010010101111111111100101101111111111111110111111111011100111101111111111111111110101111001110111111111011
11111111111010111110101111011110101110111111111011100001111111111110001111111100100000111001111101101011111110111110001110100001001111111100000001100100000011111101010111010100101111010000010101111111111100101101111111111010110111011011011100111101110111111111110110101011011110111111111011
11111101011100111111111110111110011100011011111011100101011111111110000111101101100000110011111101101101111110111110010111101001000001111100000001101100000011111111000111010100101111000010010101111111111100101101111111111111110111111111011100111101111111111111111110101111011110111111111011
11111111111010111110111111111111111110011111111011100011011111111110001011111100100000111001111111101011111110111110001110100001001111111100000001100100000011111101010111010100101111010000010101111011111100101101111111111010110111011011011100111001111111111111111110101111001100111111111011
11111111111001111110101111111110111110011011111011100111011111111010000111111101100001110011111101101001111111111110010111101001001001111100000001101100000011111111000111010100101111010000010101111111111100100101111111111010110111011011011100111001111111111111111110101111001100111111111011
11111101111000011110101101011110101110111111111011100001111111111110001111111100100000111001111101101011111110111110001110101001000111111100000001100100000011111111000111010100101111000000010101111111111100101111111111111111110111111111011100111101111111111111111110101111010110111111111011
11111101011100111111111111111110111110011111111011100011111111111010001111101101110011110011111011101001111110111110001110100001001111111100000001100100000011111101010111010100101111010000010101111111111100101101111111111111110111111110010100111101111111111111111110101111011110111111111011
11111111111010111110111111111111111110011111111011100011111111111110001011111100100000111001111111101011111110111110001110100001001111111100000001100100000011111101010111010100101111010000010101111111111100101101111111111010110111011011011100111001111111111111111110101111001100111111111011
11111111111010111110111111111111111110011111111011100011111111111110001011101101110011110011111101101001111111111110010111101001001001111100000001101100000011111101010111010100101111010000010101111111111100100101111111111010110111011011011100111001111111111111111110101111001100111111111011
11111111111001111110101111111110111111011111111011100011111111111010001111111100100011110101111111101001111110111110001110100001001111011100000001101100000011111111000111010100101111000000010101111111111100101101111111111111110111111111011100111101111111111111111110101111001111110111111011
11111111111001111110101111011110101110111111111011100001111111111110001111111100100000111001111111101001111110111110001110100001101111111100000001101100000011111111000111010100101111000010010101111111111100101101111111111111110111111111010100111101111111111111111110101111011110111111111011
11111111111000111110101111111111101110011111111011100101111111111110001011111100100000111001111111101011111110111110001110100001001111111100000001100100000011111101010111010100101111000000010101111111111100101101111111111111110111111111011100111101111111111111111110101111011110111111111011
11111101011100111111111111111110111110011111111011100011111111111010001111101101110011110011111011101001111110111110011110100001111111111100000001101100000011111111000111010100101111000010010101111111111100101101111111111111110111111110010100111101111111111111111110101111011110111111111011
11111111111001111110101111111110111110011011111011100101011111111010000111111101100001110011111101101001111111111110010111101001001001111100000001101100000011111111000111010100101111000000010101111111111100101101111111111111110111111111011100111101111111111111111110101111011110111111111011
11111111111001111110101111111110111111011111111011100011111111111010001111111100100011110101111111101001111110111110001110100001001111011100000001101100000011111111000111010100101111000000010101111111111100101101111111111111110111111111011100111101111111111111111110101111011110111111111011
11111111111001111110101111111110111110011111111011100011111111111010001111101101110011110011111011101001111110111110001110100001001111111100000001101100000011111111000111010100101111000010010101111111111100101101111111111111110111111111011100111101111111111111111110101111001110111111111011
11111111111000111110101111111110111110011111111011100011111111111010001111101101110011110011111011101001111110111110011110100001111111111100000001101100000011111111000111010100101111000010010101111111111100101101111111111111110111111110010100111101111111111111111110101111011110111111111011
11111111111001111110101111111110111110011111111011100011111111111010001111101101110011110011111011101001111110111110001110100001001111111100000001101100000011111111000111010100101111000010010101111111111100101101111111111111110111111111011100111101111111111111111110101111011110111111111011
11111111111000111110101111111110111110011111111011100011111111111110001111111101100000110011111101101101111110111110010111101001000001111100000001101110000011111111000111010100101111000010010101111111111100101001111110111111110111111111011101111101111111111111111110101111011110111111111011
11111101111010111110101111111110111111011111111011100011111111111010001111101101110011110011111011101001111110111110011110100001111111111100000001101100000011111111000111010100101111000010010101111111111100101101111111111111110111111111011100111101111111111111111110101111001110111111111011
11111111111010111110111111111110111110011111111011100011111111111110001011101101110011110011111101101001111111111110010111101001001001111100000001101100000011111101010111010100101111010000010101111111111100101111111111111111110111111111011000111101111111111111111110101111001111110111111011
11111111111010111110101111111110111110011111111011100011110111111010001111101101100011110111111111101001111110111110001110100001001111111100000001101100000011111111000111010100101111000000010101111111111100101101111111111111110111111111011100111101111111111111111110101111011110111111111011
11111111111001111110101111111110111111011111111011100011111111111010001111101101100011110111111101101001111111111110010111100001101001111100000001101100000011111111000111010100101101010000010100111111111100101101111111111111110111111111011101111001111111111111111110101111011110111111111011
11111111111000111110101111111110111110011111111011100011111111111110001111111101100000110011111101101101111110111110010111101001000111111100000001100100000011111111000111010100101111000000010101111111111100101101111111111111110111111111011100111101111111111111111110101111011110111111111011
11111111111010111110111111111111111110011111111011100011111111111110001011101101110011110011111101101001111111111110010111101001001001111100000001101100000011111101010111010100101111010000010101111111111100101111111111111111110111111111011000111101111111111111111110101111001100111111111011
11111111111010111110111111111111111110011111111011100011111111111110000111111101100100110011111011101001111110111110011110100001111111111100000001101100000011111111000111010100101111000010010101111111111100101101111111111111110111111111111100111101111111111111111110101111001110111111111011
11111111111000111110101111111110111110011111111011100011111111111110001111111101100000110011111101101101111110111110010111101001000111111100000001100100000011111111000111010100101111000000010101111111111100101101111111111111111111111111011100111101111111111111111110101111011110111111111011
