25.8 3.0 22.0 -4.8
25.8 3.0 22.0 -4.8
25.8 3.0 22.0 -4.8
25.8 3.0 22.0 -4.8
25.8 3.0 22.0 -4.8
25.8 3.0 22.0 -4.8
25.8 3.0 22.0 -4.8
25.8 3.0 22.0 -4.8
25.8 3.0 22.0 -4.8
25.8 3.0 22.0 -4.8
25.8 3.0 22.0 -4.8
25.8 3.0 22.0 -4.8
25.8 3.0 22.0 -4.8
25.8 3.0 22.0 -4.8
25.8 3.0 22.0 -4.8
25.8 3.0 22.0 -4.8
25.8 3.0 22.0 -4.8
25.8 3.0 22.0 -4.8
25.8 3.0 22.0 -4.8
25.8 3.0 22.0 -4.8
25.8 3.0 22.0 -4.8
25.8 3.0 22.0 -4.8
25.8 3.0 22.0 -4.8
25.8 3.0 22.0 -4.8
25.8 3.0 22.0 -4.8
25.8 3.0 22.0 -4.8
25.8 3.0 22.0 -4.8
25.8 3.0 22.0 -4.8
30.7 3.0 22.0 -7.2
30.7 3.0 22.0 -7.2
