101010011000100100101001000000011011000000100000
001000011000100100100001000000011010010000100000
101010011000100100000001000000011011010000100000
101010011100100100101001000000011011010000100000
001000111000100100100001000000011010010000100000
101010011110100100101001000000011011010000100000
001000111000100100101001000000011010010000100000
001010111000100100101001000000011010010000100000
101010111000100100101001000000011010010000100000
001000111000100100101001000000111010010000100000
001000111000100100101001000000111011010000100000
101010011110110110000001000010011011100100000000
101010011010110110001001000010011011000100100000
101010011110110110101001000010011011100100000000
101010011110110110101001000010011011100100100000
011100111000100100101001000000011011010000101000
111100111000100100101001000000011011010000101000
101010011110110110101001000010011011110100100000
001100111001100100101001000000011110010010100000
101010111110110110101001000010011011110100100000
011100111000110110101001000010011011010100000000
101010011111110110101001100010011111100100100000
111100111001100100101001000000011111010000101000
111100111110110110101001000010011011100100100000
111100111001110110101001000010011011100100100000
101010011111110110100001100010011111110100100010
101010011111110110101001100010011111100100100011
101010011111111110101001100010011111110100100000
101000111000110110100101010010011010010110000000
101010011111110110101001100010011111110100100011
101010011111111110101001100010011111110100100011
101010011100110110101111110010011011010101100000
101010111011110110001001110010011111110100100010
101100111000110110100101110010011010010110100000
101100111111111110101001100010011111110100100011
111100111000110110100111110010011011000100100000
111011111111111110101001100010011111110100100011
111111011111110111101001100010011111110100100010
111100111000110110101111110010011011010101100000
111100111000110110100111110010011011010110000000
111110111000110110100111110010011011010110000000
111100111000110110100111110010011011010110100000
111111111111111110101001100010011111111100100011
111110111111111110100111110010011011000100100000
101010011001110110101111110010111111110110100000
111111111111111110101001100010011111111100101011
111100111001110110100111110010011111010110100000
111100111001110110101011110010111111010110100000
111011111111111110101101100011011111111100110011
111111111111111110101001111010011111110110000011
111100111001110110100111110010111111010110100000
111100111001110110101111110010111111010110100000
101010011111110110101001110011111111110111111110
111100111001110110101111110010111111010110110000
111111111111111110101101100011011111110110110111
111100111001110110100111110011111111010110110100
111110111111111110101101101011011111111110110111
101011111111111110101101111011011111111111110111
011100111001110110101111010011111111010110111100
111100111001110110100111110011111111010110111100
111100111001110110101111110011111111010110111100
111011111111111110101101111011011111111111110111
111101111011110111101111110010111111010110111010
111100111001110111101111110011111111010110111100
111101111011110110101111110011111111010110111110
111011111111111110111101111011011111111111110111
111101111001110110100111111011111111010110111110
111111111111111110101111110111011111110111111111
111111111011110111111111110011111111011100110011
111101111011110110111111110011111111010110111110
111111111011110110111111110011111111010110111110
111111111111111110111111110111011111111111110111
111101111011110110111111110011111111111111110111
111111111111110110101111110111111111111111111111
111111111011110111111111110011111111010110111110
111111111011110111111111110011111111010111111110
111111111111111111101111110111011111111111111111
111101111111110111111111010011111111111111111110
111111111011110111111111110011111111011111111110
111111111011110111111111110011111111111111111110
111111111111111111111111110111011111111111111111
111111111111111110101111111111111111111111111111
111111111111110111111111110111111111011111111111
111111111011110111111111111011111111111111111110
111111111111110111111111111011111111111111111110
111111111111111111101111111111111111111111111111
111111111111111111111111110111111111111111111111
111111111011110111111111111111111111111111111111
