69.8 5.0 28.0 -10.8
73.8 5.0 28.0 -12.0
75.8 5.0 20.0 -12.0
76.6 6.0 29.0 -13.2
88.6 5.0 28.0 -13.2
93.8 6.0 29.0 -14.4
99.9 7.0 38.0 -15.6
100.0 8.0 45.0 -16.8
106.8 4.0 19.0 -14.4
108.2 8.0 36.0 -19.2
112.4 5.0 25.0 -15.6
113.3 6.0 29.0 -18.0
114.0 8.0 36.0 -20.4
122.1 11.0 58.0 -21.6
134.6 9.0 48.0 -22.8
140.3 11.0 58.0 -25.2
145.8 11.0 58.0 -26.4
154.4 5.0 26.0 -20.4
155.1 13.0 73.0 -27.6
157.1 12.0 67.0 -27.6
160.0 10.0 54.0 -26.4
162.4 12.0 72.0 -28.8
166.1 7.0 34.0 -22.8
168.3 5.0 26.0 -21.6
169.8 6.0 35.0 -24.0
170.2 13.0 73.0 -31.2
174.2 12.0 70.0 -30.0
178.5 14.0 83.0 -32.4
187.2 12.0 64.0 -32.4
190.0 7.0 36.0 -26.4
192.0 5.0 26.0 -24.0
199.1 13.0 73.0 -34.8
206.8 5.0 26.0 -25.2
207.4 7.0 36.0 -27.6
215.3 14.0 76.0 -36.0
221.0 17.0 95.0 -37.2
223.5 6.0 35.0 -28.8
229.3 18.0 105.0 -38.4
231.8 15.0 71.0 -36.0
234.8 17.0 92.0 -37.2
237.9 16.0 80.0 -37.2
239.5 19.0 110.0 -39.6
241.4 18.0 100.0 -39.6
247.7 19.0 110.0 -40.8
251.8 8.0 37.0 -31.2
257.3 7.0 41.0 -32.4
258.2 18.0 105.0 -42.0
261.8 8.0 39.0 -32.4
268.4 19.0 110.0 -43.2
274.3 9.0 43.0 -34.8
276.0 9.0 40.0 -33.6
284.4 20.0 113.0 -44.4
290.6 10.0 44.0 -36.0
298.8 21.0 114.0 -45.6
303.8 11.0 50.0 -38.4
305.3 12.0 53.0 -39.6
306.6 11.0 47.0 -37.2
309.3 22.0 122.0 -46.8
318.1 18.0 102.0 -45.6
321.5 13.0 56.0 -40.8
324.2 14.0 60.0 -42.0
325.6 23.0 123.0 -48.0
326.8 15.0 65.0 -43.2
332.3 19.0 103.0 -46.8
333.8 22.0 122.0 -49.2
338.1 17.0 82.0 -45.6
342.8 16.0 68.0 -44.4
343.6 17.0 77.0 -45.6
351.2 22.0 122.0 -50.4
354.1 18.0 85.0 -46.8
354.9 21.0 117.0 -50.4
362.2 20.0 106.0 -49.2
365.1 22.0 122.0 -51.6
372.3 22.0 112.0 -50.4
381.1 23.0 125.0 -52.8
387.0 21.0 110.0 -50.4
388.1 23.0 121.0 -52.8
392.6 18.0 87.0 -48.0
400.8 23.0 125.0 -54.0
404.1 24.0 124.0 -54.0
404.2 20.0 95.0 -50.4
406.9 24.0 131.0 -55.2
408.5 23.0 115.0 -54.0
408.6 19.0 90.0 -49.2
414.4 21.0 100.0 -51.6
414.6 24.0 124.0 -55.2
415.2 22.0 109.0 -52.8
