101000011100110100000001000000011011100100000000
101000011000110100100001000000011010100100000000
101010011100110100000001000000011011100100000000
101000011000110100100001000000011011100100000000
101010011010110100001001000000011011100100000000
101000011000110100101001000000011011100100000000
101010011100110100100001100000011010100100000000
101010011100110100100001000000011011100100100001
101010011110110110001001000010011011000100100000
101000011100110100101001000000011011100110000000
101010011111110100101001000000011011100100000001
101010011111110110001001000010011011000100100000
101010011111110110001001000010011011000100100001
011100111000110100100001000000011011010100100000
011100111010110100100001000000011011010100100000
011100111010110100101001000000011011010100100000
111010011100111110101001100010011011100100100000
111010011110111110101001100010011011100100100000
111010011110111110101001100010011011100100100001
011100111010110100101001000000011011010110100000
101010011111111110101001100010011111100100100001
111100111000110110101011100000011011010100000000
111010011111111110101001100010011111100100100001
111100111000110100101111100000011011010100100000
111110011111111110101001100010011111100100100001
111100111000110110101111100000011011010100100000
111110011111111110101001100010011111110100100001
111011111111111110101001100010011111110100100010
111101111001110110101001100010111111100100100010
111111111111111110101001100010011111100100100011
111100011001110110101111100010111111000100000000
111011111111111110101001100010011111110100110010
111011111111111110101001100010011111110100110011
111100111001110110100111110110011011010100000000
111111111111111110100001100011011111110100110010
011100111001110110100111010010111011010100100000
111011111111110111111001100010011111111100100011
111111111111111110100001100011011111110100110011
111111111111111110101001100011011111110100110011
001100111001110110100111010010111111010110100000
111100111001110110100111010010111111000110100000
011100111001110110100111010010111111010110100000
111111111111111111111001100010011111111100100011
111010111111111110101111110110011111110101100011
011100111001110110100111010010111111010110101000
111111111111111110101011110110011111111101100011
111100111001110110100111110010111111010110110000
111100111001110110101111110010111111010110110000
111111111101111110101111110010011111110110100011
011100111001110110100111010010111111010110111000
111111111111111110101111110110011111111101100011
111001111001110110100111110010111111110110101011
111101111001110110100111110010111111010110101010
111111111111110111111101100011011111111100110011
111111111001110110101111110010111111010110101010
111111111111111110101111111110011111111101100010
111111111111111110101111111110011111111101100011
111101111001110110100111110010111111010110111010
111011111111110110111111111010011111111101110011
101010011001110110111111110011111111010111111110
111111111111111111101111111110011111111101100011
111011111111111110100111111010111111010110111010
111111111001110111111111110010111111010110101010
111111111111111111111111111110011111111101100010
111111111111111111111111111110011111111101100011
111101111001110110110111110001111111010110111110
111101111001110110110111110011111111010110111110
111101111001110110111111110011111111010110111110
111111111111111110111111111111011111111101110011
111111111001110110111111110011111111010110111110
111011111111111110111011111111011111110111111111
111111111111111110101111111111011111111111111011
111111111001110111111111110011111111010110111110
111111111011110111111111110011111111010110111110
111111111111111110101111111111011111111111111111
111111111011110111111111110011111111010111111110
111111111011110111111111110011111111110111111110
111111111011110111111111110011111111011111111110
111111111011110111111111110011111111111111111110
111111111111111110111111111111011111111111111111
111111111011110111111111110011111111111111111111
111111111011110111111111111011111111111111111110
111111111011110111111111111111111111111111111110
111111111111110111111111111111111111111111111110
111011111111111111111111111111111111111111111111
111111111111110111111111111111111111111111111111
111111111111111111111111111111111111111111111111
