126.0 7.0 37.0 -18.0
129.3 8.0 40.0 -19.2
133.6 7.0 37.0 -19.2
135.0 8.0 46.0 -20.4
140.6 11.0 59.0 -24.0
144.6 11.0 59.0 -25.2
146.5 7.0 37.0 -20.4
152.1 10.0 53.0 -21.6
152.9 12.0 69.0 -26.4
154.3 11.0 55.0 -22.8
161.8 13.0 69.0 -27.6
162.1 14.0 84.0 -28.8
167.7 9.0 44.0 -22.8
176.0 9.0 44.0 -25.2
177.0 15.0 84.0 -31.2
184.3 8.0 38.0 -24.0
186.3 16.0 90.0 -32.4
191.3 16.0 90.0 -33.6
196.1 10.0 45.0 -26.4
201.5 16.0 90.0 -34.8
207.8 17.0 100.0 -36.0
210.8 12.0 73.0 -31.2
217.0 13.0 74.0 -33.6
219.7 14.0 78.0 -34.8
223.6 18.0 92.0 -36.0
228.9 9.0 55.0 -28.8
230.3 9.0 41.0 -30.0
230.4 8.0 46.0 -28.8
233.4 10.0 47.0 -31.2
236.1 17.0 100.0 -39.6
238.2 15.0 87.0 -37.2
242.0 17.0 99.0 -38.4
249.1 8.0 46.0 -31.2
251.9 9.0 47.0 -32.4
263.8 15.0 80.0 -37.2
264.2 19.0 108.0 -42.0
268.1 10.0 50.0 -33.6
276.8 13.0 66.0 -37.2
284.2 11.0 51.0 -34.8
284.6 20.0 113.0 -44.4
284.9 16.0 104.0 -40.8
291.7 11.0 57.0 -36.0
293.5 18.0 111.0 -43.2
296.9 10.0 59.0 -36.0
299.7 11.0 60.0 -37.2
303.3 19.0 107.0 -45.6
303.6 12.0 64.0 -38.4
307.3 18.0 114.0 -44.4
312.8 21.0 121.0 -46.8
317.0 14.0 68.0 -40.8
319.6 21.0 121.0 -48.0
321.0 12.0 64.0 -39.6
327.4 20.0 112.0 -48.0
333.5 21.0 121.0 -49.2
336.7 14.0 68.0 -42.0
339.3 19.0 101.0 -46.8
348.8 13.0 70.0 -42.0
351.4 23.0 132.0 -50.4
353.9 22.0 128.0 -50.4
360.1 17.0 93.0 -46.8
363.0 14.0 71.0 -43.2
365.8 15.0 72.0 -44.4
366.0 24.0 139.0 -51.6
367.3 16.0 75.0 -45.6
369.2 23.0 124.0 -51.6
374.2 23.0 117.0 -50.4
376.2 24.0 139.0 -52.8
378.8 19.0 91.0 -48.0
382.6 22.0 119.0 -51.6
383.3 17.0 78.0 -46.8
386.0 18.0 82.0 -48.0
386.1 21.0 98.0 -49.2
390.2 20.0 95.0 -49.2
390.6 23.0 130.0 -54.0
396.1 19.0 88.0 -49.2
398.8 20.0 92.0 -50.4
401.9 21.0 98.0 -51.6
405.5 25.0 134.0 -55.2
405.7 24.0 137.0 -55.2
411.0 23.0 117.0 -54.0
417.0 22.0 105.0 -52.8
422.8 23.0 113.0 -54.0
422.9 25.0 134.0 -56.4
428.9 24.0 122.0 -55.2
431.9 25.0 132.0 -56.4
438.0 26.0 141.0 -57.6
