52.98 1.0 33.0 -6.0
57.42 1.0 28.0 -6.0
59.58 1.0 33.0 -6.0
60.43 1.0 31.0 -6.0
62.57 1.0 36.0 -6.0
63.58 3.0 35.0 -7.0
63.58 3.0 35.0 -7.0
63.58 3.0 35.0 -7.0
63.58 3.0 35.0 -7.0
63.58 3.0 35.0 -7.0
63.58 3.0 35.0 -7.0
63.58 3.0 35.0 -7.0
63.58 3.0 35.0 -7.0
63.58 3.0 35.0 -7.0
63.58 3.0 35.0 -7.0
63.58 3.0 35.0 -7.0
63.58 3.0 35.0 -7.0
63.83 1.0 37.0 -6.0
64.92 1.0 34.0 -6.0
68.89 1.0 35.0 -8.0
69.87 3.0 45.0 -8.0
71.36 1.0 35.0 -8.0
74.11 3.0 42.0 -8.0
74.73 1.0 38.0 -8.0
74.98 3.0 43.0 -8.0
75.05 3.0 42.0 -9.0
75.05 3.0 42.0 -9.0
75.05 3.0 42.0 -9.0
75.81 3.0 51.0 -9.0
75.93 2.0 32.0 -8.0
76.07 4.0 38.0 -9.0
77.05 3.0 44.0 -9.0
77.14 3.0 42.0 -9.0
77.14 3.0 42.0 -9.0
77.9 1.0 37.0 -8.0
78.54 3.0 49.0 -9.0
78.65 3.0 42.0 -9.0
78.65 3.0 42.0 -9.0
78.65 3.0 42.0 -9.0
78.73 3.0 47.0 -9.0
79.1 4.0 40.0 -9.0
79.17 1.0 42.0 -8.0
79.42 2.0 40.0 -8.0
79.49 3.0 37.0 -9.0
79.49 3.0 37.0 -9.0
79.49 3.0 37.0 -9.0
79.49 3.0 37.0 -9.0
79.52 4.0 40.0 -9.0
79.83 4.0 41.0 -9.0
80.38 4.0 44.0 -9.0
80.73 3.0 45.0 -9.0
80.81 3.0 43.0 -9.0
80.98 3.0 47.0 -9.0
81.01 1.0 33.0 -8.0
81.05 3.0 41.0 -9.0
81.39 1.0 36.0 -8.0
81.66 4.0 42.0 -9.0
81.92 2.0 30.0 -8.0
81.97 1.0 34.0 -8.0
82.02 1.0 41.0 -8.0
82.49 3.0 40.0 -9.0
82.68 1.0 39.0 -8.0
82.72 1.0 36.0 -8.0
82.83 1.0 42.0 -10.0
83.26 4.0 43.0 -9.0
83.45 3.0 44.0 -9.0
83.45 3.0 44.0 -9.0
83.45 3.0 44.0 -9.0
83.47 1.0 37.0 -8.0
83.77 4.0 38.0 -9.0
83.8 3.0 36.0 -9.0
84.09 4.0 39.0 -9.0
84.13 3.0 46.0 -9.0
84.16 4.0 40.0 -9.0
84.31 3.0 43.0 -9.0
84.8 3.0 47.0 -9.0
85.1 3.0 38.0 -9.0
85.1 3.0 38.0 -9.0
85.33 3.0 41.0 -9.0
85.86 3.0 37.0 -9.0
86.15 4.0 39.0 -9.0
86.52 3.0 45.0 -9.0
86.62 3.0 44.0 -9.0
86.99 3.0 43.0 -9.0
87.17 3.0 40.0 -9.0
87.25 1.0 53.0 -10.0
87.85 4.0 42.0 -9.0
88.91 4.0 36.0 -9.0
89.36 6.0 50.0 -11.0
90.03 4.0 54.0 -11.0
90.19 3.0 43.0 -10.0
90.37 4.0 40.0 -9.0
90.96 3.0 44.0 -11.0
90.98 4.0 48.0 -9.0
91.0 1.0 36.0 -9.0
92.55 3.0 50.0 -11.0
93.28 3.0 55.0 -11.0
93.62 2.0 43.0 -8.0
93.75 1.0 45.0 -10.0
94.06 1.0 51.0 -10.0
94.22 2.0 36.0 -10.0
94.28 2.0 49.0 -10.0
94.29 3.0 52.0 -11.0
94.37 3.0 50.0 -11.0
94.8 1.0 46.0 -10.0
94.88 1.0 37.0 -10.0
94.99 3.0 48.0 -11.0
95.2 3.0 49.0 -11.0
95.46 3.0 64.0 -11.0
95.5 3.0 51.0 -10.0
95.6 3.0 53.0 -11.0
95.88 3.0 50.0 -11.0
96.11 3.0 52.0 -11.0
96.23 6.0 55.0 -11.0
96.45 4.0 60.0 -11.0
96.63 4.0 54.0 -11.0
96.98 2.0 39.0 -10.0
97.39 3.0 51.0 -11.0
97.65 4.0 46.0 -11.0
97.78 3.0 52.0 -11.0
98.54 3.0 51.0 -11.0
99.04 3.0 54.0 -11.0
99.38 3.0 50.0 -11.0
99.39 1.0 35.0 -10.0
99.95 2.0 34.0 -10.0
100.0 1.0 44.0 -10.0
100.15 3.0 37.0 -10.0
100.18 5.0 48.0 -11.0
100.37 3.0 49.0 -11.0
100.41 4.0 51.0 -11.0
100.42 1.0 38.0 -10.0
100.51 1.0 55.0 -12.0
100.51 4.0 47.0 -11.0
100.55 4.0 49.0 -11.0
100.65 3.0 49.0 -11.0
101.1 3.0 48.0 -11.0
101.22 4.0 46.0 -11.0
101.43 3.0 61.0 -11.0
101.88 1.0 41.0 -10.0
101.91 4.0 46.0 -11.0
102.36 3.0 49.0 -11.0
102.61 4.0 52.0 -13.0
102.8 6.0 60.0 -13.0
103.11 5.0 57.0 -11.0
103.37 2.0 46.0 -10.0
103.47 3.0 60.0 -11.0
103.55 3.0 48.0 -11.0
103.7 3.0 46.0 -11.0
104.06 3.0 48.0 -12.0
104.2 4.0 66.0 -11.0
104.6 3.0 51.0 -11.0
104.72 2.0 50.0 -10.0
104.82 2.0 43.0 -10.0
105.25 4.0 47.0 -11.0
105.51 3.0 61.0 -13.0
105.55 4.0 47.0 -11.0
105.77 3.0 54.0 -12.0
105.78 3.0 48.0 -11.0
106.08 3.0 38.0 -11.0
106.28 5.0 54.0 -11.0
106.34 3.0 61.0 -12.0
106.44 2.0 47.0 -10.0
106.59 3.0 55.0 -11.0
106.85 3.0 44.0 -11.0
107.02 1.0 52.0 -10.0
107.03 3.0 56.0 -11.0
107.17 1.0 49.0 -12.0
107.7 4.0 63.0 -13.0
107.84 4.0 50.0 -11.0
108.23 4.0 58.0 -11.0
108.36 3.0 52.0 -12.0
108.92 3.0 56.0 -12.0
109.14 3.0 56.0 -13.0
109.19 5.0 55.0 -12.0
109.51 4.0 61.0 -13.0
109.87 3.0 54.0 -11.0
110.46 2.0 47.0 -12.0
110.57 3.0 62.0 -12.0
110.61 3.0 72.0 -13.0
110.66 4.0 61.0 -13.0
110.95 4.0 53.0 -13.0
111.36 1.0 49.0 -10.0
111.53 3.0 58.0 -13.0
111.79 4.0 53.0 -12.0
112.12 4.0 58.0 -13.0
112.3 1.0 48.0 -12.0
112.3 6.0 52.0 -13.0
112.34 3.0 57.0 -13.0
112.58 5.0 62.0 -13.0
112.76 1.0 57.0 -12.0
113.32 5.0 61.0 -13.0
114.54 5.0 52.0 -13.0
115.0 4.0 52.0 -13.0
115.42 5.0 65.0 -13.0
115.45 5.0 63.0 -13.0
115.7 5.0 48.0 -13.0
116.19 3.0 50.0 -13.0
116.35 3.0 54.0 -13.0
116.81 4.0 50.0 -12.0
116.84 3.0 52.0 -13.0
117.0 5.0 58.0 -13.0
117.41 4.0 53.0 -13.0
117.48 3.0 64.0 -13.0
118.46 2.0 52.0 -12.0
118.58 3.0 67.0 -13.0
118.78 6.0 59.0 -13.0
119.16 3.0 62.0 -13.0
119.18 3.0 53.0 -11.0
119.2 3.0 56.0 -13.0
119.3 3.0 60.0 -13.0
119.41 1.0 75.0 -12.0
119.5 2.0 60.0 -13.0
119.52 3.0 58.0 -13.0
119.66 7.0 56.0 -13.0
119.81 3.0 49.0 -12.0
119.87 3.0 55.0 -13.0
120.95 1.0 51.0 -12.0
121.06 3.0 59.0 -15.0
121.1 4.0 64.0 -15.0
121.23 3.0 41.0 -13.0
121.46 3.0 62.0 -13.0
121.64 2.0 54.0 -12.0
122.45 3.0 47.0 -13.0
122.89 3.0 55.0 -13.0
122.96 5.0 55.0 -15.0
123.65 6.0 61.0 -15.0
123.81 7.0 49.0 -14.0
123.97 4.0 48.0 -13.0
124.61 3.0 75.0 -15.0
124.7 4.0 62.0 -13.0
124.73 1.0 67.0 -12.0
124.97 3.0 51.0 -12.0
125.46 3.0 48.0 -13.0
125.79 1.0 45.0 -12.0
125.83 5.0 60.0 -13.0
126.05 5.0 65.0 -13.0
126.08 3.0 64.0 -13.0
126.13 5.0 51.0 -14.0
126.83 6.0 50.0 -13.0
126.98 3.0 60.0 -14.0
127.22 3.0 78.0 -15.0
127.43 5.0 61.0 -13.0
127.64 4.0 62.0 -13.0
127.93 2.0 48.0 -14.0
128.14 3.0 61.0 -13.0
128.52 4.0 49.0 -13.0
128.93 4.0 57.0 -15.0
128.96 3.0 72.0 -15.0
129.3 4.0 54.0 -13.0
129.37 3.0 71.0 -15.0
129.38 3.0 60.0 -13.0
129.73 3.0 53.0 -13.0
129.95 2.0 69.0 -14.0
130.25 1.0 48.0 -14.0
130.36 3.0 59.0 -15.0
130.58 3.0 75.0 -15.0
130.97 4.0 81.0 -16.0
131.1 3.0 70.0 -15.0
131.44 2.0 55.0 -14.0
132.0 3.0 65.0 -15.0
132.27 4.0 75.0 -15.0
132.69 4.0 66.0 -14.0
132.87 3.0 61.0 -15.0
133.14 3.0 56.0 -14.0
133.26 1.0 65.0 -14.0
133.38 5.0 73.0 -14.0
133.4 4.0 56.0 -13.0
133.5 3.0 63.0 -15.0
133.81 3.0 82.0 -15.0
135.21 5.0 71.0 -16.0
135.24 3.0 66.0 -15.0
135.32 5.0 66.0 -15.0
135.93 3.0 57.0 -15.0
136.21 1.0 57.0 -14.0
136.65 3.0 65.0 -15.0
136.79 3.0 55.0 -15.0
136.97 3.0 69.0 -15.0
137.15 3.0 59.0 -14.0
137.24 3.0 62.0 -13.0
137.33 5.0 80.0 -15.0
137.33 2.0 62.0 -16.0
137.48 1.0 65.0 -14.0
137.62 3.0 62.0 -14.0
137.81 4.0 77.0 -15.0
138.19 3.0 60.0 -15.0
138.59 3.0 59.0 -15.0
139.33 4.0 54.0 -15.0
139.35 3.0 51.0 -15.0
139.42 4.0 69.0 -15.0
139.89 2.0 48.0 -14.0
140.0 3.0 72.0 -16.0
140.51 1.0 69.0 -14.0
140.76 3.0 59.0 -15.0
140.96 5.0 65.0 -15.0
141.81 2.0 53.0 -14.0
142.05 2.0 74.0 -14.0
142.06 3.0 76.0 -15.0
142.39 3.0 63.0 -15.0
142.78 5.0 62.0 -15.0
143.13 3.0 48.0 -14.0
143.61 6.0 66.0 -16.0
144.33 3.0 64.0 -15.0
144.53 4.0 66.0 -15.0
144.92 4.0 77.0 -16.0
144.95 5.0 72.0 -17.0
145.06 5.0 60.0 -15.0
145.16 4.0 74.0 -17.0
145.52 5.0 63.0 -16.0
146.17 5.0 81.0 -17.0
146.22 2.0 53.0 -16.0
146.48 2.0 55.0 -14.0
146.59 3.0 55.0 -14.0
147.26 3.0 59.0 -17.0
147.7 3.0 73.0 -17.0
147.88 3.0 70.0 -17.0
148.15 3.0 78.0 -17.0
148.18 3.0 52.0 -15.0
148.2 4.0 83.0 -17.0
148.69 3.0 78.0 -17.0
149.08 3.0 75.0 -17.0
149.92 4.0 64.0 -15.0
149.96 3.0 76.0 -15.0
150.03 3.0 85.0 -16.0
151.17 4.0 54.0 -17.0
151.7 4.0 77.0 -17.0
152.49 3.0 67.0 -17.0
152.8 5.0 58.0 -17.0
153.04 1.0 61.0 -16.0
153.54 5.0 58.0 -17.0
154.16 3.0 71.0 -17.0
154.23 3.0 55.0 -15.0
154.85 4.0 77.0 -19.0
155.2 3.0 70.0 -17.0
155.23 7.0 75.0 -18.0
157.27 1.0 63.0 -16.0
157.7 4.0 78.0 -18.0
157.7 5.0 58.0 -17.0
157.85 3.0 78.0 -19.0
158.04 4.0 60.0 -17.0
158.44 3.0 73.0 -17.0
158.82 4.0 72.0 -17.0
159.18 4.0 69.0 -17.0
159.33 3.0 65.0 -17.0
159.41 3.0 95.0 -19.0
159.43 1.0 69.0 -16.0
161.31 4.0 66.0 -18.0
162.01 4.0 77.0 -17.0
162.03 5.0 54.0 -17.0
162.54 3.0 78.0 -17.0
162.75 3.0 82.0 -19.0
163.0 6.0 74.0 -19.0
163.66 3.0 104.0 -21.0
163.91 3.0 60.0 -16.0
164.35 4.0 74.0 -17.0
164.44 4.0 85.0 -19.0
164.77 3.0 65.0 -19.0
166.07 4.0 60.0 -17.0
166.41 4.0 84.0 -19.0
166.8 4.0 59.0 -16.0
167.81 4.0 87.0 -19.0
168.11 3.0 92.0 -19.0
168.17 3.0 90.0 -19.0
168.2 6.0 60.0 -19.0
168.67 3.0 93.0 -19.0
169.71 6.0 58.0 -19.0
170.44 5.0 74.0 -17.0
172.38 4.0 77.0 -19.0
174.32 4.0 90.0 -19.0
174.94 4.0 97.0 -19.0
177.56 5.0 69.0 -19.0
177.57 4.0 100.0 -21.0
177.77 4.0 70.0 -19.0
177.83 3.0 77.0 -19.0
177.84 3.0 71.0 -17.0
178.08 4.0 105.0 -21.0
178.18 3.0 89.0 -20.0
178.32 3.0 60.0 -19.0
178.89 5.0 66.0 -19.0
179.95 3.0 79.0 -21.0
179.96 5.0 75.0 -19.0
180.72 5.0 76.0 -19.0
181.27 2.0 67.0 -18.0
181.38 3.0 91.0 -19.0
181.44 3.0 73.0 -17.0
182.53 3.0 61.0 -19.0
182.95 3.0 71.0 -19.0
183.63 3.0 69.0 -19.0
184.19 3.0 76.0 -18.0
184.53 4.0 72.0 -19.0
185.51 4.0 89.0 -21.0
185.76 4.0 65.0 -21.0
186.13 4.0 69.0 -19.0
186.77 4.0 105.0 -21.0
187.68 4.0 75.0 -21.0
187.7 4.0 69.0 -19.0
188.02 4.0 66.0 -19.0
188.72 4.0 75.0 -19.0
188.95 5.0 81.0 -19.0
189.03 4.0 82.0 -20.0
189.15 3.0 89.0 -21.0
189.83 4.0 80.0 -20.0
190.43 3.0 67.0 -18.0
191.01 4.0 105.0 -21.0
191.18 2.0 75.0 -20.0
191.34 5.0 87.0 -22.0
192.15 3.0 81.0 -21.0
192.29 5.0 85.0 -19.0
192.59 4.0 75.0 -19.0
193.58 3.0 75.0 -21.0
194.19 4.0 110.0 -23.0
194.25 3.0 69.0 -21.0
194.57 3.0 86.0 -19.0
194.63 6.0 77.0 -22.0
194.67 4.0 78.0 -21.0
194.72 3.0 73.0 -21.0
194.73 4.0 94.0 -21.0
195.3 4.0 76.0 -21.0
196.62 5.0 82.0 -24.0
197.41 6.0 84.0 -21.0
197.44 4.0 101.0 -23.0
197.48 3.0 92.0 -21.0
198.34 4.0 98.0 -23.0
198.39 4.0 106.0 -23.0
198.41 4.0 100.0 -21.0
198.5 5.0 100.0 -21.0
198.58 6.0 96.0 -21.0
198.94 6.0 73.0 -21.0
199.17 14.0 77.0 -25.0
199.4 13.0 73.0 -25.0
199.85 4.0 82.0 -21.0
200.95 6.0 69.0 -21.0
203.38 4.0 82.0 -20.0
203.63 2.0 71.0 -20.0
203.81 4.0 77.0 -21.0
203.82 4.0 79.0 -23.0
203.97 4.0 87.0 -23.0
204.51 5.0 61.0 -21.0
204.6 5.0 126.0 -23.0
205.4 3.0 63.0 -22.0
205.43 3.0 87.0 -20.0
207.14 6.0 56.0 -21.0
207.54 5.0 55.0 -20.0
207.72 3.0 95.0 -23.0
208.11 3.0 73.0 -21.0
208.33 6.0 67.0 -21.0
208.52 3.0 89.0 -21.0
208.66 4.0 72.0 -23.0
208.93 6.0 114.0 -23.0
209.27 3.0 80.0 -23.0
209.67 5.0 57.0 -21.0
210.99 4.0 88.0 -23.0
211.33 4.0 99.0 -23.0
211.6 5.0 67.0 -23.0
212.18 6.0 71.0 -23.0
212.59 4.0 76.0 -21.0
214.05 5.0 125.0 -25.0
214.16 4.0 97.0 -21.0
214.77 6.0 87.0 -25.0
215.55 4.0 92.0 -23.0
215.68 4.0 80.0 -22.0
217.84 17.0 81.0 -27.0
218.37 3.0 75.0 -22.0
218.94 6.0 69.0 -23.0
219.22 6.0 85.0 -23.0
219.59 6.0 75.0 -23.0
222.17 4.0 70.0 -23.0
222.73 7.0 77.0 -23.0
223.37 4.0 122.0 -23.0
223.69 4.0 68.0 -23.0
223.72 5.0 95.0 -26.0
224.18 4.0 121.0 -27.0
224.52 18.0 78.0 -29.0
224.84 2.0 70.0 -22.0
225.25 14.0 101.0 -29.0
225.51 4.0 78.0 -25.0
226.4 3.0 107.0 -25.0
227.06 6.0 60.0 -23.0
227.09 4.0 80.0 -23.0
227.88 4.0 102.0 -25.0
228.19 3.0 105.0 -25.0
228.24 7.0 73.0 -25.0
229.86 6.0 81.0 -25.0
230.52 3.0 91.0 -25.0
230.71 4.0 68.0 -23.0
230.92 4.0 92.0 -23.0
231.13 3.0 94.0 -25.0
231.25 4.0 73.0 -23.0
231.64 4.0 64.0 -23.0
232.0 8.0 71.0 -23.0
232.3 5.0 97.0 -26.0
232.6 5.0 78.0 -23.0
233.07 3.0 90.0 -25.0
233.11 5.0 85.0 -25.0
233.79 5.0 71.0 -23.0
234.2 5.0 69.0 -23.0
234.28 4.0 88.0 -25.0
234.5 9.0 76.0 -27.0
236.16 4.0 95.0 -25.0
237.08 4.0 99.0 -25.0
239.04 4.0 93.0 -27.0
239.08 5.0 104.0 -25.0
239.24 4.0 74.0 -24.0
239.4 4.0 84.0 -23.0
239.64 4.0 98.0 -26.0
240.86 8.0 64.0 -25.0
240.94 4.0 128.0 -27.0
241.9 6.0 88.0 -27.0
242.32 6.0 75.0 -25.0
242.71 19.0 89.0 -31.0
243.27 6.0 87.0 -25.0
243.47 9.0 101.0 -27.0
243.86 6.0 79.0 -25.0
243.89 7.0 79.0 -27.0
244.02 6.0 95.0 -27.0
245.39 3.0 99.0 -27.0
246.22 15.0 113.0 -33.0
247.65 8.0 82.0 -25.0
247.95 5.0 84.0 -27.0
248.33 13.0 111.0 -31.0
248.68 5.0 120.0 -27.0
249.65 7.0 86.0 -25.0
250.1 7.0 85.0 -27.0
250.78 4.0 82.0 -27.0
251.95 8.0 79.0 -25.0
252.05 5.0 101.0 -27.0
252.21 5.0 82.0 -27.0
252.35 6.0 106.0 -27.0
252.37 5.0 97.0 -29.0
252.61 6.0 80.0 -29.0
253.16 8.0 74.0 -27.0
253.46 1.0 109.0 -26.0
254.3 7.0 103.0 -29.0
254.55 6.0 77.0 -27.0
255.15 18.0 96.0 -33.0
255.7 21.0 103.0 -33.0
255.9 18.0 102.0 -33.0
256.3 6.0 86.0 -26.0
256.42 7.0 82.0 -27.0
256.73 6.0 67.0 -25.0
256.73 7.0 81.0 -27.0
257.04 8.0 80.0 -27.0
257.2 5.0 71.0 -25.0
257.98 5.0 71.0 -26.0
258.08 7.0 103.0 -29.0
258.23 5.0 98.0 -29.0
259.34 16.0 103.0 -31.0
259.79 5.0 103.0 -29.0
260.11 3.0 105.0 -27.0
260.51 4.0 113.0 -27.0
260.59 6.0 83.0 -27.0
261.16 7.0 77.0 -27.0
262.77 6.0 86.0 -29.0
262.84 3.0 120.0 -29.0
263.31 19.0 80.0 -31.0
264.13 5.0 95.0 -27.0
264.65 7.0 76.0 -25.0
264.99 18.0 98.0 -33.0
266.39 9.0 127.0 -31.0
266.65 3.0 120.0 -29.0
266.78 16.0 105.0 -33.0
266.86 7.0 72.0 -26.0
267.2 19.0 103.0 -35.0
267.24 5.0 88.0 -27.0
267.61 4.0 79.0 -27.0
268.16 6.0 84.0 -27.0
268.42 5.0 113.0 -27.0
268.91 19.0 113.0 -35.0
269.72 17.0 115.0 -35.0
270.92 19.0 107.0 -35.0
270.96 18.0 98.0 -33.0
271.84 20.0 97.0 -35.0
272.06 4.0 88.0 -28.0
272.38 4.0 98.0 -27.0
272.81 7.0 84.0 -29.0
274.17 7.0 90.0 -29.0
274.55 4.0 95.0 -27.0
275.09 8.0 88.0 -29.0
275.11 6.0 107.0 -29.0
275.64 19.0 107.0 -34.0
275.7 9.0 87.0 -29.0
275.72 19.0 107.0 -35.0
276.12 8.0 89.0 -29.0
276.47 17.0 113.0 -35.0
276.55 20.0 111.0 -33.0
276.9 5.0 94.0 -26.0
277.55 6.0 83.0 -28.0
277.74 20.0 118.0 -37.0
277.81 9.0 114.0 -33.0
278.16 7.0 122.0 -33.0
279.43 17.0 93.0 -33.0
280.2 9.0 110.0 -33.0
281.34 6.0 83.0 -29.0
281.36 5.0 82.0 -29.0
281.84 5.0 129.0 -33.0
282.58 9.0 127.0 -35.0
283.0 4.0 117.0 -29.0
283.13 20.0 119.0 -34.0
283.22 12.0 75.0 -31.0
284.79 8.0 76.0 -29.0
287.78 5.0 129.0 -33.0
288.76 3.0 106.0 -29.0
288.88 6.0 94.0 -33.0
289.38 8.0 89.0 -31.0
289.48 7.0 102.0 -31.0
291.49 6.0 83.0 -29.0
291.88 5.0 122.0 -30.0
292.36 7.0 137.0 -34.0
292.43 20.0 113.0 -37.0
292.67 20.0 118.0 -37.0
292.9 7.0 86.0 -31.0
292.99 6.0 106.0 -29.0
294.96 7.0 112.0 -33.0
295.21 5.0 96.0 -31.0
296.0 5.0 93.0 -29.0
296.25 5.0 117.0 -29.0
296.79 20.0 133.0 -39.0
296.82 19.0 106.0 -36.0
297.56 18.0 100.0 -36.0
297.94 7.0 81.0 -31.0
298.07 8.0 87.0 -30.0
300.01 22.0 108.0 -37.0
300.47 20.0 121.0 -39.0
301.54 25.0 107.0 -39.0
301.54 21.0 125.0 -40.0
302.3 8.0 121.0 -31.0
302.59 24.0 108.0 -39.0
302.71 17.0 111.0 -35.0
303.64 8.0 119.0 -33.0
305.11 22.0 117.0 -39.0
306.0 20.0 111.0 -37.0
306.0 22.0 129.0 -41.0
307.0 26.0 111.0 -39.0
307.15 3.0 117.0 -31.0
307.59 20.0 144.0 -40.0
308.33 19.0 112.0 -38.0
308.6 6.0 118.0 -35.0
308.95 8.0 105.0 -33.0
309.43 4.0 126.0 -31.0
309.54 5.0 119.0 -33.0
310.3 21.0 134.0 -40.0
311.71 21.0 102.0 -39.0
312.35 23.0 123.0 -39.0
312.64 8.0 112.0 -35.0
313.35 6.0 141.0 -35.0
313.38 10.0 114.0 -35.0
313.86 18.0 117.0 -37.0
315.2 9.0 143.0 -36.0
315.5 22.0 123.0 -41.0
315.69 22.0 122.0 -41.0
315.87 8.0 115.0 -34.0
315.97 7.0 130.0 -35.0
316.08 5.0 112.0 -33.0
316.1 8.0 106.0 -33.0
316.24 5.0 113.0 -33.0
316.3 22.0 126.0 -41.0
317.93 8.0 126.0 -35.0
318.29 21.0 118.0 -41.0
318.49 7.0 84.0 -31.0
318.5 8.0 94.0 -34.0
318.61 16.0 108.0 -37.0
318.63 22.0 118.0 -39.0
319.23 18.0 110.0 -37.0
319.45 7.0 95.0 -31.0
319.47 6.0 131.0 -35.0
320.13 6.0 135.0 -37.0
320.3 10.0 97.0 -32.0
320.98 22.0 131.0 -39.0
321.26 5.0 136.0 -37.0
321.8 11.0 93.0 -33.0
322.93 5.0 120.0 -35.0
325.09 24.0 130.0 -41.0
325.64 7.0 126.0 -37.0
325.82 7.0 153.0 -37.0
325.87 22.0 134.0 -43.0
325.87 17.0 142.0 -41.0
325.93 21.0 121.0 -41.0
326.61 8.0 100.0 -33.0
326.86 4.0 130.0 -35.0
326.93 8.0 92.0 -33.0
327.02 19.0 115.0 -40.0
327.19 9.0 117.0 -33.0
327.86 4.0 105.0 -33.0
328.0 5.0 136.0 -35.0
328.23 24.0 132.0 -41.0
328.51 26.0 134.0 -43.0
329.15 9.0 122.0 -35.0
329.77 22.0 131.0 -43.0
330.56 18.0 133.0 -41.0
332.52 20.0 130.0 -42.0
332.67 6.0 141.0 -36.0
333.87 7.0 127.0 -37.0
334.55 21.0 144.0 -43.0
335.72 9.0 128.0 -37.0
336.22 21.0 123.0 -41.0
337.73 8.0 117.0 -37.0
337.74 6.0 132.0 -37.0
338.37 21.0 125.0 -42.0
338.43 25.0 127.0 -43.0
338.75 7.0 152.0 -36.0
339.29 21.0 145.0 -43.0
339.48 6.0 97.0 -33.0
339.77 9.0 147.0 -39.0
342.82 6.0 118.0 -35.0
343.07 10.0 139.0 -39.0
343.82 7.0 134.0 -39.0
343.99 25.0 137.0 -43.0
344.21 6.0 112.0 -35.0
345.35 24.0 124.0 -43.0
345.55 10.0 87.0 -34.0
345.88 21.0 118.0 -41.0
345.97 8.0 144.0 -39.0
346.69 6.0 152.0 -41.0
347.17 10.0 113.0 -39.0
347.23 23.0 119.0 -43.0
347.28 11.0 137.0 -41.0
349.96 8.0 104.0 -35.0
350.54 9.0 112.0 -37.0
350.99 20.0 118.0 -41.0
351.4 9.0 137.0 -37.0
351.88 7.0 115.0 -37.0
352.0 27.0 140.0 -43.0
352.11 10.0 112.0 -37.0
352.45 10.0 119.0 -39.0
352.52 8.0 126.0 -39.0
352.53 9.0 107.0 -33.0
353.0 6.0 127.0 -37.0
353.04 22.0 134.0 -45.0
353.39 5.0 159.0 -39.0
355.32 23.0 144.0 -44.0
355.62 24.0 131.0 -45.0
357.31 10.0 153.0 -39.0
358.96 26.0 142.0 -43.0
358.96 8.0 133.0 -41.0
361.25 8.0 108.0 -37.0
361.49 11.0 120.0 -41.0
361.68 7.0 113.0 -36.0
364.0 8.0 139.0 -41.0
364.06 8.0 141.0 -40.0
364.11 9.0 160.0 -43.0
368.95 25.0 142.0 -45.0
370.63 10.0 138.0 -41.0
370.79 7.0 124.0 -39.0
371.33 21.0 141.0 -45.0
371.67 7.0 107.0 -37.0
372.76 29.0 145.0 -49.0
373.16 20.0 139.0 -45.0
374.42 8.0 143.0 -41.0
374.45 7.0 101.0 -37.0
374.59 3.0 160.0 -39.0
374.97 12.0 146.0 -42.0
375.07 10.0 146.0 -41.0
376.23 12.0 103.0 -37.0
377.34 10.0 145.0 -44.0
377.68 10.0 150.0 -43.0
378.95 11.0 139.0 -42.0
379.24 7.0 145.0 -40.0
379.26 9.0 144.0 -41.0
379.36 25.0 142.0 -47.0
380.61 12.0 109.0 -39.0
381.28 9.0 144.0 -43.0
382.13 24.0 161.0 -47.0
382.76 8.0 102.0 -37.0
384.08 8.0 170.0 -46.0
384.35 7.0 130.0 -39.0
385.25 8.0 153.0 -41.0
385.75 24.0 128.0 -47.0
387.93 10.0 140.0 -43.0
388.1 6.0 170.0 -43.0
388.67 29.0 153.0 -49.0
389.29 25.0 135.0 -45.0
393.0 7.0 166.0 -45.0
393.87 28.0 139.0 -49.0
395.45 25.0 156.0 -49.0
396.65 6.0 163.0 -43.0
397.34 9.0 132.0 -41.0
397.76 7.0 146.0 -43.0
399.36 27.0 125.0 -47.0
400.74 12.0 178.0 -45.0
401.72 27.0 143.0 -47.0
402.83 25.0 157.0 -51.0
404.07 7.0 163.0 -45.0
407.1 23.0 142.0 -49.0
414.11 10.0 129.0 -43.0
414.8 26.0 150.0 -51.0
417.94 8.0 175.0 -47.0
419.43 11.0 125.0 -45.0
421.59 8.0 159.0 -47.0
428.13 12.0 174.0 -49.0
431.44 10.0 150.0 -45.0
436.52 8.0 170.0 -48.0
443.51 3.0 249.0 -51.0
445.62 9.0 168.0 -49.0
445.69 31.0 155.0 -53.0
446.42 9.0 167.0 -48.0
452.02 9.0 175.0 -49.0
452.19 13.0 159.0 -47.0
453.01 8.0 180.0 -51.0
455.04 9.0 149.0 -47.0
473.39 28.0 163.0 -57.0
474.08 23.0 102.0 -51.0
474.16 3.0 242.0 -53.0
480.17 5.0 260.0 -55.0
485.12 28.0 109.0 -51.0
488.13 29.0 125.0 -54.0
492.51 10.0 204.0 -55.0
495.58 4.0 292.0 -55.0
497.52 4.0 265.0 -55.0
498.8 3.0 285.0 -59.0
500.56 3.0 266.0 -55.0
501.77 3.0 295.0 -57.0
502.92 27.0 121.0 -54.0
503.18 28.0 122.0 -55.0
504.38 10.0 190.0 -55.0
505.09 25.0 107.0 -53.0
507.76 24.0 124.0 -53.0
511.16 4.0 286.0 -59.0
513.11 3.0 277.0 -55.0
513.12 23.0 113.0 -51.0
514.75 3.0 278.0 -57.0
515.12 26.0 118.0 -55.0
515.41 27.0 106.0 -53.0
520.69 3.0 271.0 -59.0
520.87 3.0 263.0 -57.0
521.88 28.0 134.0 -57.0
522.71 23.0 114.0 -53.0
527.43 27.0 121.0 -56.0
529.8 3.0 266.0 -58.0
532.49 4.0 293.0 -61.0
537.12 26.0 130.0 -57.0
539.78 5.0 288.0 -59.0
545.21 3.0 308.0 -59.0
546.95 3.0 327.0 -63.0
547.52 30.0 126.0 -57.0
550.03 3.0 279.0 -61.0
551.64 4.0 298.0 -61.0
551.91 3.0 305.0 -62.0
554.02 3.0 282.0 -59.0
555.02 24.0 125.0 -57.0
555.86 5.0 315.0 -64.0
558.77 3.0 289.0 -61.0
559.67 35.0 138.0 -61.0
560.23 28.0 122.0 -57.0
563.93 29.0 145.0 -59.0
564.06 26.0 128.0 -59.0
564.39 23.0 116.0 -57.0
564.74 4.0 296.0 -61.0
565.01 33.0 138.0 -61.0
567.77 3.0 309.0 -63.0
568.13 4.0 320.0 -63.0
570.47 3.0 268.0 -61.0
570.9 3.0 307.0 -65.0
573.37 4.0 300.0 -65.0
574.77 29.0 127.0 -59.0
576.54 3.0 321.0 -67.0
578.28 28.0 138.0 -63.0
579.34 3.0 319.0 -67.0
580.22 30.0 147.0 -61.0
580.74 3.0 282.0 -63.0
581.18 3.0 314.0 -65.0
583.22 5.0 306.0 -66.0
584.0 31.0 147.0 -63.0
585.71 29.0 135.0 -59.0
587.09 31.0 128.0 -61.0
587.49 3.0 302.0 -63.0
590.53 27.0 148.0 -63.0
594.4 5.0 285.0 -66.0
594.6 30.0 148.0 -63.0
594.71 3.0 317.0 -65.0
597.21 5.0 309.0 -65.0
598.76 32.0 139.0 -61.0
599.86 3.0 307.0 -67.0
603.66 4.0 327.0 -68.0
604.18 29.0 143.0 -64.0
605.81 32.0 167.0 -63.0
606.02 3.0 324.0 -65.0
606.2 3.0 332.0 -65.0
608.68 3.0 319.0 -67.0
609.38 31.0 139.0 -64.0
610.54 29.0 154.0 -67.0
611.54 3.0 316.0 -68.0
611.61 27.0 147.0 -63.0
611.75 35.0 148.0 -63.0
612.48 32.0 150.0 -62.0
614.62 29.0 142.0 -65.0
614.75 3.0 303.0 -67.0
614.8 33.0 142.0 -65.0
616.38 34.0 144.0 -64.0
618.16 3.0 312.0 -67.0
619.12 3.0 313.0 -69.0
619.69 37.0 147.0 -66.0
621.88 3.0 301.0 -67.0
622.06 3.0 304.0 -67.0
623.27 27.0 123.0 -62.0
623.94 31.0 139.0 -63.0
624.61 3.0 323.0 -70.0
625.63 5.0 363.0 -74.0
627.1 28.0 158.0 -67.0
627.17 31.0 138.0 -65.0
629.21 4.0 318.0 -66.0
629.27 5.0 376.0 -71.0
629.79 32.0 143.0 -64.0
629.94 6.0 298.0 -70.0
632.04 31.0 147.0 -67.0
632.67 31.0 149.0 -67.0
632.93 34.0 166.0 -69.0
633.62 30.0 155.0 -68.0
635.76 4.0 298.0 -67.0
637.29 4.0 349.0 -71.0
637.54 6.0 339.0 -67.0
637.61 3.0 344.0 -69.0
639.88 31.0 135.0 -65.0
640.11 4.0 343.0 -69.0
640.7 33.0 157.0 -67.0
643.18 31.0 140.0 -64.0
643.35 4.0 339.0 -71.0
643.79 33.0 142.0 -66.0
644.25 36.0 154.0 -69.0
644.35 3.0 302.0 -68.0
646.37 34.0 158.0 -67.0
648.52 4.0 362.0 -73.0
648.54 3.0 313.0 -67.0
648.55 36.0 175.0 -70.0
649.15 34.0 147.0 -69.0
651.03 31.0 151.0 -67.0
653.42 3.0 322.0 -69.0
654.3 3.0 329.0 -71.0
654.83 4.0 361.0 -71.0
656.24 34.0 165.0 -70.0
657.99 5.0 367.0 -72.0
658.97 4.0 350.0 -73.0
659.93 35.0 163.0 -72.0
660.21 3.0 331.0 -73.0
661.77 4.0 357.0 -71.0
661.88 36.0 158.0 -69.0
663.33 40.0 141.0 -70.0
665.4 3.0 374.0 -71.0
665.61 34.0 149.0 -69.0
665.71 3.0 349.0 -73.0
665.92 3.0 351.0 -73.0
666.6 5.0 379.0 -72.0
668.38 34.0 162.0 -69.0
669.07 37.0 193.0 -70.0
669.29 39.0 142.0 -69.0
669.32 38.0 153.0 -70.0
671.81 4.0 339.0 -73.0
672.41 3.0 367.0 -71.0
672.42 6.0 330.0 -73.0
673.85 32.0 169.0 -69.0
674.15 3.0 362.0 -73.0
677.19 35.0 171.0 -71.0
678.74 35.0 154.0 -69.0
679.05 34.0 169.0 -71.0
681.66 31.0 147.0 -70.0
682.41 5.0 369.0 -76.0
683.84 3.0 368.0 -75.0
684.38 35.0 165.0 -71.0
686.2 35.0 164.0 -71.0
689.65 4.0 365.0 -75.0
692.66 40.0 190.0 -71.0
693.16 42.0 173.0 -75.0
697.4 5.0 353.0 -75.0
700.17 4.0 371.0 -75.0
700.24 36.0 165.0 -69.0
700.31 35.0 167.0 -73.0
700.55 5.0 346.0 -76.0
702.05 5.0 389.0 -78.0
702.2 39.0 168.0 -75.0
702.22 36.0 178.0 -75.0
703.84 40.0 167.0 -75.0
703.95 5.0 345.0 -75.0
706.54 33.0 158.0 -73.0
706.84 5.0 359.0 -77.0
706.84 37.0 150.0 -72.0
707.57 5.0 405.0 -77.0
709.97 3.0 386.0 -77.0
710.89 33.0 168.0 -73.0
712.27 37.0 161.0 -73.0
715.13 4.0 363.0 -75.0
720.65 4.0 363.0 -77.0
722.58 3.0 395.0 -79.0
724.42 36.0 176.0 -77.0
726.61 34.0 182.0 -76.0
727.24 4.0 374.0 -79.0
728.66 33.0 159.0 -73.0
729.77 3.0 373.0 -79.0
738.34 40.0 185.0 -75.0
741.67 40.0 166.0 -78.0
745.57 37.0 165.0 -76.0
747.88 3.0 386.0 -81.0
752.77 34.0 178.0 -78.0
753.8 39.0 166.0 -78.0
759.15 38.0 185.0 -79.0
761.82 37.0 177.0 -77.0
765.92 4.0 402.0 -83.0
768.94 4.0 417.0 -83.0
769.26 3.0 388.0 -84.0
773.51 40.0 186.0 -80.0
783.66 4.0 414.0 -83.0
846.18 45.0 221.0 -89.0
867.24 50.0 213.0 -91.0
