41.51 1.0 26.0 -4.0
41.51 1.0 26.0 -4.0
41.51 1.0 26.0 -4.0
41.51 1.0 26.0 -4.0
52.8 2.0 29.0 -6.0
62.09 1.0 38.0 -6.0
62.12 2.0 36.0 -6.0
62.57 1.0 34.0 -6.0
63.58 3.0 35.0 -7.0
63.58 3.0 35.0 -7.0
63.58 3.0 35.0 -7.0
63.58 3.0 35.0 -7.0
63.58 3.0 35.0 -7.0
63.58 3.0 35.0 -7.0
63.58 3.0 35.0 -7.0
63.58 3.0 35.0 -7.0
63.58 3.0 35.0 -7.0
63.58 3.0 35.0 -7.0
63.58 3.0 35.0 -7.0
63.58 3.0 35.0 -7.0
63.58 3.0 35.0 -7.0
63.79 1.0 28.0 -6.0
71.59 1.0 41.0 -8.0
71.88 2.0 38.0 -8.0
72.45 1.0 36.0 -8.0
72.5 3.0 34.0 -8.0
72.72 4.0 45.0 -8.0
74.04 1.0 43.0 -8.0
75.71 4.0 39.0 -9.0
76.12 1.0 44.0 -8.0
76.24 3.0 50.0 -9.0
76.38 1.0 44.0 -8.0
76.63 1.0 43.0 -7.0
77.05 3.0 44.0 -9.0
77.05 3.0 44.0 -9.0
77.6 1.0 44.0 -8.0
77.64 1.0 29.0 -8.0
77.95 2.0 45.0 -8.0
78.54 3.0 49.0 -9.0
78.61 3.0 43.0 -9.0
78.65 3.0 42.0 -9.0
78.65 3.0 42.0 -9.0
78.94 1.0 31.0 -8.0
79.49 3.0 37.0 -9.0
79.49 3.0 37.0 -9.0
79.49 3.0 37.0 -9.0
79.49 3.0 37.0 -9.0
79.72 3.0 48.0 -9.0
79.83 4.0 41.0 -9.0
79.93 1.0 41.0 -8.0
80.18 2.0 37.0 -8.0
80.68 4.0 40.0 -9.0
80.89 3.0 45.0 -9.0
81.06 4.0 46.0 -9.0
81.61 2.0 30.0 -8.0
81.76 3.0 41.0 -9.0
82.07 3.0 49.0 -9.0
82.49 3.0 40.0 -9.0
82.49 3.0 40.0 -9.0
83.25 3.0 50.0 -9.0
83.8 3.0 36.0 -9.0
83.86 3.0 37.0 -8.0
84.31 3.0 43.0 -9.0
84.31 3.0 43.0 -9.0
84.51 1.0 36.0 -8.0
84.93 2.0 36.0 -8.0
85.1 3.0 38.0 -9.0
85.73 3.0 48.0 -9.0
86.34 3.0 44.0 -9.0
86.36 3.0 45.0 -9.0
86.36 3.0 45.0 -9.0
86.62 3.0 44.0 -9.0
86.63 1.0 37.0 -9.0
87.06 4.0 45.0 -10.0
87.12 3.0 54.0 -11.0
87.17 3.0 40.0 -9.0
87.88 3.0 40.0 -10.0
88.43 4.0 45.0 -11.0
88.59 2.0 33.0 -8.0
88.61 3.0 49.0 -11.0
89.67 5.0 43.0 -11.0
90.64 3.0 55.0 -11.0
90.96 3.0 44.0 -11.0
91.35 5.0 48.0 -11.0
91.4 1.0 48.0 -8.0
91.72 4.0 47.0 -11.0
92.38 3.0 63.0 -11.0
92.67 3.0 54.0 -11.0
93.12 3.0 49.0 -11.0
93.13 3.0 44.0 -9.0
93.21 1.0 51.0 -8.0
93.33 1.0 57.0 -10.0
93.59 1.0 53.0 -10.0
93.79 1.0 40.0 -8.0
94.05 4.0 57.0 -11.0
94.52 2.0 48.0 -8.0
94.61 2.0 46.0 -10.0
95.0 2.0 42.0 -10.0
95.01 2.0 50.0 -10.0
95.08 3.0 50.0 -11.0
95.08 1.0 48.0 -10.0
95.17 5.0 52.0 -11.0
95.32 3.0 48.0 -11.0
95.71 1.0 54.0 -10.0
95.74 3.0 50.0 -11.0
95.86 5.0 38.0 -11.0
96.35 3.0 39.0 -10.0
96.56 4.0 46.0 -11.0
96.8 3.0 48.0 -11.0
96.8 3.0 48.0 -11.0
96.82 4.0 53.0 -11.0
96.86 3.0 59.0 -11.0
97.01 3.0 51.0 -11.0
97.38 5.0 57.0 -11.0
97.55 3.0 44.0 -11.0
98.12 3.0 54.0 -11.0
98.35 4.0 53.0 -11.0
98.87 5.0 45.0 -11.0
99.13 2.0 34.0 -10.0
99.27 4.0 61.0 -11.0
99.27 3.0 50.0 -10.0
99.31 4.0 52.0 -11.0
99.5 5.0 49.0 -11.0
99.8 3.0 44.0 -11.0
100.36 4.0 49.0 -11.0
100.38 4.0 52.0 -11.0
100.98 3.0 54.0 -11.0
101.01 3.0 40.0 -11.0
101.02 4.0 53.0 -11.0
101.1 3.0 50.0 -11.0
101.48 1.0 35.0 -10.0
101.74 3.0 69.0 -13.0
101.77 3.0 39.0 -11.0
101.95 3.0 53.0 -11.0
102.22 5.0 51.0 -11.0
102.45 4.0 50.0 -11.0
102.68 5.0 55.0 -12.0
103.08 3.0 42.0 -11.0
103.41 4.0 48.0 -11.0
103.81 3.0 55.0 -11.0
103.92 3.0 44.0 -11.0
103.94 4.0 49.0 -11.0
104.18 4.0 56.0 -11.0
104.24 3.0 59.0 -11.0
104.32 5.0 45.0 -11.0
104.39 5.0 48.0 -11.0
104.61 1.0 51.0 -10.0
104.77 3.0 42.0 -11.0
104.79 3.0 45.0 -11.0
105.56 4.0 55.0 -11.0
105.82 4.0 40.0 -11.0
105.83 3.0 51.0 -11.0
106.23 3.0 67.0 -12.0
106.72 5.0 62.0 -12.0
106.85 3.0 44.0 -11.0
107.23 3.0 60.0 -13.0
107.48 4.0 52.0 -11.0
107.76 4.0 46.0 -13.0
107.99 4.0 57.0 -12.0
108.13 2.0 38.0 -10.0
108.25 3.0 59.0 -12.0
108.59 4.0 48.0 -11.0
109.45 3.0 42.0 -11.0
109.67 2.0 62.0 -12.0
110.35 4.0 57.0 -13.0
110.8 3.0 53.0 -13.0
111.03 2.0 42.0 -12.0
111.13 4.0 59.0 -12.0
111.38 3.0 50.0 -11.0
111.51 5.0 48.0 -13.0
111.86 3.0 55.0 -13.0
112.01 4.0 64.0 -13.0
112.03 3.0 70.0 -13.0
112.12 5.0 52.0 -13.0
112.12 3.0 59.0 -12.0
112.45 1.0 50.0 -12.0
112.46 4.0 54.0 -13.0
112.71 3.0 57.0 -13.0
112.83 1.0 56.0 -12.0
113.26 1.0 49.0 -11.0
113.63 3.0 66.0 -13.0
114.15 4.0 70.0 -14.0
114.22 4.0 51.0 -12.0
114.46 4.0 50.0 -13.0
114.55 3.0 46.0 -11.0
114.66 3.0 63.0 -13.0
115.23 4.0 60.0 -13.0
115.46 3.0 58.0 -13.0
115.48 3.0 58.0 -13.0
115.48 5.0 46.0 -13.0
116.27 3.0 57.0 -13.0
116.43 3.0 54.0 -13.0
116.6 2.0 50.0 -12.0
116.8 3.0 47.0 -13.0
116.81 3.0 59.0 -13.0
117.02 3.0 55.0 -13.0
117.58 3.0 51.0 -12.0
117.59 5.0 55.0 -13.0
117.65 3.0 49.0 -12.0
117.69 2.0 54.0 -12.0
117.98 4.0 46.0 -13.0
118.09 2.0 60.0 -13.0
118.16 5.0 46.0 -13.0
118.64 3.0 58.0 -13.0
118.81 3.0 53.0 -13.0
119.03 4.0 47.0 -13.0
119.07 2.0 55.0 -12.0
119.11 3.0 62.0 -13.0
119.37 5.0 55.0 -13.0
119.67 3.0 59.0 -13.0
119.89 4.0 53.0 -13.0
119.95 6.0 57.0 -13.0
120.26 2.0 58.0 -12.0
120.32 3.0 55.0 -13.0
120.71 1.0 51.0 -12.0
120.87 3.0 50.0 -13.0
120.93 3.0 50.0 -13.0
121.46 4.0 64.0 -13.0
121.9 5.0 49.0 -13.0
122.26 3.0 60.0 -13.0
122.31 1.0 62.0 -12.0
122.51 3.0 63.0 -15.0
122.59 3.0 64.0 -13.0
123.0 5.0 42.0 -13.0
123.06 2.0 59.0 -12.0
123.31 3.0 69.0 -14.0
123.49 3.0 59.0 -13.0
123.69 3.0 59.0 -13.0
123.71 3.0 51.0 -13.0
123.85 4.0 56.0 -15.0
124.07 4.0 57.0 -13.0
124.28 3.0 56.0 -13.0
124.48 3.0 51.0 -13.0
124.78 2.0 67.0 -13.0
124.88 3.0 44.0 -12.0
124.92 2.0 51.0 -14.0
125.32 3.0 76.0 -14.0
125.39 3.0 72.0 -13.0
125.48 1.0 56.0 -12.0
125.58 3.0 67.0 -15.0
125.81 3.0 66.0 -14.0
126.32 1.0 67.0 -14.0
127.07 4.0 37.0 -12.0
127.2 2.0 45.0 -12.0
127.54 4.0 59.0 -15.0
128.17 3.0 60.0 -15.0
128.52 3.0 68.0 -15.0
128.57 4.0 54.0 -13.0
128.61 2.0 63.0 -13.0
129.02 3.0 81.0 -15.0
129.61 2.0 72.0 -14.0
129.64 3.0 64.0 -15.0
130.06 5.0 60.0 -13.0
130.98 5.0 53.0 -14.0
130.98 5.0 58.0 -13.0
131.46 5.0 79.0 -15.0
132.72 5.0 48.0 -13.0
132.8 3.0 64.0 -13.0
133.44 3.0 66.0 -15.0
133.45 5.0 67.0 -14.0
133.46 3.0 47.0 -15.0
133.78 4.0 73.0 -15.0
133.91 4.0 68.0 -15.0
134.9 3.0 59.0 -14.0
135.01 3.0 54.0 -14.0
135.22 4.0 50.0 -14.0
135.29 3.0 59.0 -15.0
135.86 3.0 51.0 -14.0
136.07 3.0 74.0 -14.0
136.61 4.0 69.0 -15.0
136.82 4.0 54.0 -15.0
136.83 5.0 64.0 -15.0
137.19 2.0 53.0 -14.0
137.35 5.0 66.0 -15.0
137.39 3.0 64.0 -15.0
137.45 3.0 77.0 -15.0
137.71 5.0 65.0 -15.0
137.71 4.0 71.0 -17.0
137.82 3.0 58.0 -12.0
137.98 1.0 68.0 -14.0
138.02 3.0 66.0 -15.0
138.41 3.0 65.0 -15.0
138.91 3.0 56.0 -15.0
139.23 3.0 58.0 -15.0
139.49 3.0 69.0 -15.0
139.75 1.0 58.0 -14.0
140.22 3.0 60.0 -14.0
140.32 3.0 67.0 -15.0
140.44 2.0 55.0 -14.0
140.54 1.0 62.0 -14.0
140.72 4.0 84.0 -16.0
141.15 3.0 68.0 -15.0
141.99 4.0 68.0 -16.0
142.59 3.0 52.0 -14.0
142.86 3.0 81.0 -17.0
143.37 4.0 54.0 -15.0
143.87 4.0 64.0 -15.0
144.83 4.0 57.0 -15.0
145.08 4.0 74.0 -17.0
145.09 6.0 77.0 -17.0
145.5 3.0 76.0 -17.0
146.08 2.0 53.0 -14.0
146.9 1.0 67.0 -14.0
147.01 4.0 62.0 -17.0
147.29 5.0 70.0 -15.0
147.43 3.0 78.0 -17.0
147.63 3.0 103.0 -18.0
147.99 4.0 68.0 -17.0
148.35 5.0 85.0 -17.0
148.42 3.0 68.0 -15.0
148.48 4.0 72.0 -17.0
149.1 1.0 87.0 -16.0
149.57 3.0 77.0 -17.0
149.77 4.0 73.0 -17.0
150.19 3.0 70.0 -17.0
150.83 4.0 71.0 -17.0
151.51 7.0 65.0 -15.0
152.13 3.0 75.0 -17.0
152.24 4.0 82.0 -16.0
153.68 5.0 82.0 -17.0
153.71 5.0 72.0 -17.0
154.79 3.0 63.0 -17.0
154.84 3.0 72.0 -16.0
154.98 4.0 82.0 -16.0
155.11 3.0 78.0 -17.0
155.43 7.0 76.0 -19.0
155.72 3.0 59.0 -17.0
155.81 4.0 82.0 -16.0
155.95 3.0 85.0 -19.0
156.06 4.0 64.0 -17.0
156.13 3.0 68.0 -17.0
156.41 4.0 68.0 -16.0
156.42 5.0 91.0 -17.0
156.77 1.0 91.0 -14.0
156.77 3.0 72.0 -17.0
157.57 3.0 66.0 -16.0
158.52 2.0 74.0 -17.0
158.57 4.0 61.0 -17.0
158.79 1.0 62.0 -16.0
159.59 3.0 84.0 -19.0
159.75 5.0 76.0 -19.0
161.17 4.0 67.0 -17.0
161.63 4.0 60.0 -16.0
161.73 4.0 78.0 -17.0
161.94 4.0 66.0 -20.0
162.82 4.0 54.0 -16.0
163.8 4.0 53.0 -16.0
163.98 3.0 65.0 -18.0
164.53 4.0 69.0 -17.0
166.07 4.0 77.0 -17.0
166.25 4.0 74.0 -19.0
166.26 4.0 74.0 -17.0
166.28 4.0 68.0 -18.0
167.48 3.0 83.0 -19.0
167.53 4.0 81.0 -19.0
167.99 3.0 66.0 -19.0
168.52 5.0 75.0 -19.0
168.65 3.0 63.0 -17.0
168.74 3.0 105.0 -21.0
168.87 4.0 73.0 -17.0
168.87 4.0 77.0 -19.0
169.61 3.0 62.0 -17.0
169.91 4.0 57.0 -17.0
169.99 4.0 86.0 -19.0
170.11 3.0 68.0 -18.0
170.46 7.0 73.0 -19.0
172.31 2.0 68.0 -17.0
172.34 4.0 88.0 -19.0
173.24 5.0 57.0 -19.0
173.71 5.0 78.0 -21.0
173.81 3.0 112.0 -21.0
174.27 3.0 72.0 -19.0
174.51 3.0 73.0 -19.0
175.06 4.0 67.0 -19.0
175.33 4.0 67.0 -18.0
175.55 4.0 101.0 -21.0
175.69 3.0 81.0 -19.0
177.35 4.0 64.0 -19.0
177.38 3.0 73.0 -19.0
177.69 3.0 68.0 -19.0
177.93 4.0 64.0 -19.0
178.06 7.0 101.0 -20.0
178.67 8.0 65.0 -18.0
178.83 4.0 61.0 -16.0
179.23 3.0 90.0 -21.0
180.01 5.0 78.0 -19.0
181.05 3.0 76.0 -19.0
181.21 5.0 115.0 -21.0
181.94 4.0 63.0 -19.0
182.27 3.0 86.0 -19.0
182.33 4.0 79.0 -19.0
183.04 4.0 102.0 -21.0
183.48 6.0 78.0 -21.0
183.61 4.0 72.0 -19.0
183.81 4.0 72.0 -19.0
184.23 5.0 76.0 -19.0
184.56 3.0 104.0 -21.0
184.9 4.0 85.0 -21.0
185.09 6.0 61.0 -21.0
185.75 3.0 82.0 -21.0
186.3 6.0 99.0 -23.0
186.68 4.0 82.0 -20.0
188.08 2.0 82.0 -19.0
188.55 3.0 79.0 -21.0
188.58 3.0 70.0 -20.0
189.32 4.0 91.0 -20.0
189.76 5.0 99.0 -23.0
192.18 3.0 86.0 -20.0
192.19 4.0 85.0 -21.0
193.21 4.0 77.0 -21.0
193.47 3.0 112.0 -21.0
195.18 5.0 80.0 -21.0
195.24 5.0 97.0 -23.0
195.4 3.0 87.0 -21.0
195.95 3.0 96.0 -21.0
196.63 11.0 78.0 -25.0
196.66 3.0 112.0 -23.0
198.55 5.0 67.0 -19.0
198.77 4.0 92.0 -22.0
198.86 7.0 71.0 -21.0
199.05 3.0 66.0 -20.0
199.24 4.0 72.0 -21.0
200.71 4.0 82.0 -22.0
200.89 5.0 89.0 -23.0
201.91 5.0 77.0 -21.0
202.05 4.0 91.0 -23.0
202.11 4.0 90.0 -21.0
202.72 4.0 114.0 -23.0
203.26 3.0 86.0 -21.0
203.36 3.0 92.0 -23.0
203.59 5.0 74.0 -21.0
204.59 3.0 79.0 -23.0
205.03 5.0 92.0 -23.0
206.02 3.0 84.0 -23.0
206.53 5.0 75.0 -21.0
206.66 5.0 79.0 -22.0
207.08 4.0 78.0 -23.0
207.57 3.0 79.0 -21.0
208.27 5.0 59.0 -21.0
209.1 4.0 91.0 -23.0
209.3 4.0 100.0 -23.0
209.83 4.0 90.0 -23.0
210.17 18.0 80.0 -27.0
210.3 4.0 90.0 -21.0
210.83 6.0 80.0 -23.0
211.18 5.0 101.0 -25.0
211.28 4.0 68.0 -23.0
213.55 4.0 73.0 -21.0
216.73 7.0 75.0 -22.0
216.91 4.0 90.0 -23.0
217.11 4.0 94.0 -23.0
217.79 3.0 76.0 -23.0
218.29 5.0 96.0 -22.0
218.34 7.0 63.0 -23.0
218.63 16.0 96.0 -29.0
219.74 6.0 107.0 -25.0
219.77 6.0 99.0 -25.0
220.68 4.0 65.0 -23.0
221.8 3.0 134.0 -25.0
222.19 7.0 83.0 -25.0
222.7 6.0 65.0 -23.0
222.74 6.0 88.0 -23.0
222.79 6.0 107.0 -27.0
223.22 4.0 95.0 -23.0
224.5 5.0 76.0 -25.0
224.83 4.0 82.0 -23.0
226.17 3.0 76.0 -23.0
230.15 4.0 94.0 -25.0
230.16 7.0 66.0 -24.0
230.71 5.0 93.0 -27.0
231.95 5.0 93.0 -23.0
232.6 12.0 89.0 -29.0
233.82 4.0 99.0 -25.0
234.64 3.0 88.0 -25.0
235.41 4.0 101.0 -29.0
235.9 4.0 114.0 -25.0
236.82 6.0 75.0 -25.0
237.45 5.0 97.0 -25.0
238.06 6.0 107.0 -29.0
238.63 6.0 79.0 -25.0
240.26 5.0 91.0 -27.0
240.66 4.0 99.0 -23.0
241.26 5.0 92.0 -24.0
242.69 4.0 75.0 -25.0
242.94 4.0 91.0 -27.0
243.03 5.0 87.0 -27.0
243.1 4.0 89.0 -25.0
244.29 5.0 68.0 -25.0
244.48 4.0 118.0 -27.0
244.67 5.0 102.0 -26.0
245.16 3.0 102.0 -27.0
245.4 5.0 80.0 -25.0
246.0 4.0 104.0 -25.0
246.16 3.0 101.0 -25.0
246.53 17.0 101.0 -31.0
246.54 3.0 96.0 -27.0
246.7 5.0 106.0 -27.0
247.25 5.0 114.0 -29.0
248.22 19.0 109.0 -31.0
249.93 4.0 94.0 -27.0
250.12 5.0 92.0 -25.0
250.24 2.0 114.0 -26.0
250.81 5.0 76.0 -25.0
250.95 4.0 88.0 -25.0
250.98 3.0 88.0 -25.0
251.34 6.0 83.0 -27.0
251.59 6.0 104.0 -29.0
251.72 5.0 116.0 -27.0
251.91 21.0 111.0 -33.0
252.08 4.0 125.0 -28.0
252.32 3.0 92.0 -27.0
252.41 5.0 112.0 -29.0
252.69 5.0 105.0 -29.0
252.97 16.0 89.0 -32.0
253.03 6.0 121.0 -29.0
253.46 5.0 77.0 -25.0
253.98 5.0 87.0 -29.0
254.53 7.0 96.0 -29.0
254.92 6.0 106.0 -29.0
255.44 16.0 77.0 -31.0
255.49 6.0 84.0 -27.0
255.91 16.0 91.0 -33.0
256.94 18.0 93.0 -34.0
259.33 4.0 81.0 -27.0
259.46 7.0 80.0 -25.0
259.58 3.0 109.0 -26.0
260.52 17.0 88.0 -32.0
260.69 18.0 117.0 -33.0
261.43 18.0 117.0 -33.0
262.36 7.0 97.0 -27.0
263.16 14.0 97.0 -33.0
265.14 20.0 120.0 -34.0
265.38 8.0 97.0 -27.0
265.76 21.0 105.0 -33.0
266.07 18.0 93.0 -33.0
266.29 19.0 117.0 -35.0
266.31 14.0 92.0 -32.0
266.36 17.0 99.0 -33.0
267.3 17.0 101.0 -33.0
267.66 7.0 108.0 -31.0
268.05 6.0 88.0 -29.0
268.75 17.0 100.0 -33.0
268.82 8.0 89.0 -31.0
269.41 7.0 85.0 -27.0
269.98 7.0 115.0 -31.0
270.47 5.0 105.0 -27.0
271.31 8.0 95.0 -31.0
271.34 3.0 113.0 -27.0
271.53 3.0 111.0 -29.0
272.32 22.0 121.0 -34.0
272.64 19.0 113.0 -33.0
273.86 7.0 70.0 -27.0
274.51 7.0 90.0 -29.0
275.02 16.0 98.0 -33.0
275.6 4.0 117.0 -31.0
276.45 5.0 106.0 -29.0
276.51 6.0 99.0 -29.0
277.0 8.0 95.0 -28.0
277.15 5.0 117.0 -33.0
277.4 15.0 109.0 -35.0
277.69 7.0 88.0 -29.0
278.62 7.0 84.0 -29.0
279.88 6.0 105.0 -30.0
280.46 24.0 102.0 -35.0
280.59 7.0 89.0 -28.0
281.51 16.0 107.0 -35.0
281.8 20.0 97.0 -35.0
281.81 8.0 98.0 -33.0
281.97 7.0 108.0 -29.0
282.55 8.0 106.0 -30.0
282.82 21.0 129.0 -37.0
282.87 20.0 111.0 -35.0
283.05 6.0 98.0 -33.0
283.25 7.0 93.0 -31.0
283.45 4.0 103.0 -31.0
283.54 7.0 97.0 -27.0
283.54 8.0 95.0 -33.0
286.43 17.0 114.0 -35.0
286.73 8.0 92.0 -29.0
287.38 7.0 85.0 -31.0
287.47 5.0 94.0 -29.0
287.88 5.0 106.0 -29.0
287.9 6.0 100.0 -28.0
288.34 20.0 115.0 -37.0
289.55 5.0 108.0 -29.0
289.61 10.0 96.0 -32.0
290.48 7.0 102.0 -31.0
291.45 20.0 107.0 -36.0
291.98 22.0 113.0 -37.0
292.56 6.0 100.0 -29.0
292.9 22.0 114.0 -37.0
293.9 6.0 111.0 -31.0
294.42 6.0 76.0 -29.0
295.55 8.0 83.0 -29.0
296.24 4.0 125.0 -28.0
297.6 5.0 102.0 -29.0
298.74 9.0 104.0 -31.0
298.78 6.0 110.0 -33.0
299.06 5.0 96.0 -31.0
299.21 23.0 130.0 -39.0
299.82 6.0 116.0 -33.0
299.92 24.0 125.0 -39.0
300.91 4.0 108.0 -31.0
301.39 9.0 98.0 -31.0
302.07 8.0 100.0 -33.0
302.21 8.0 118.0 -35.0
302.67 19.0 106.0 -35.0
303.14 26.0 144.0 -39.0
303.52 10.0 102.0 -34.0
303.74 7.0 140.0 -33.0
303.8 7.0 122.0 -34.0
304.49 9.0 104.0 -31.0
305.23 8.0 84.0 -32.0
306.19 24.0 123.0 -39.0
306.79 8.0 110.0 -31.0
306.86 6.0 114.0 -34.0
307.12 10.0 111.0 -35.0
307.44 4.0 134.0 -33.0
308.61 9.0 116.0 -35.0
309.43 3.0 122.0 -33.0
309.6 21.0 112.0 -37.0
310.65 11.0 91.0 -33.0
311.05 8.0 116.0 -37.0
311.12 5.0 116.0 -31.0
311.3 20.0 93.0 -37.0
311.46 17.0 98.0 -37.0
311.52 7.0 122.0 -33.0
311.64 5.0 106.0 -31.0
311.65 8.0 95.0 -31.0
311.9 8.0 99.0 -34.0
311.94 25.0 125.0 -41.0
312.51 8.0 105.0 -33.0
312.99 6.0 126.0 -37.0
313.09 8.0 125.0 -37.0
313.25 23.0 134.0 -39.0
313.97 8.0 121.0 -38.0
314.1 6.0 104.0 -33.0
314.1 6.0 127.0 -33.0
314.76 8.0 116.0 -35.0
315.81 7.0 104.0 -31.0
315.83 5.0 108.0 -35.0
316.0 8.0 119.0 -34.0
316.78 21.0 117.0 -39.0
317.66 9.0 87.0 -33.0
317.95 7.0 126.0 -35.0
318.22 8.0 80.0 -31.0
318.65 9.0 88.0 -33.0
318.68 9.0 119.0 -35.0
319.88 28.0 139.0 -43.0
320.13 22.0 115.0 -39.0
321.68 8.0 124.0 -35.0
321.7 9.0 98.0 -33.0
321.78 21.0 128.0 -41.0
322.48 6.0 136.0 -37.0
322.93 10.0 108.0 -32.0
323.09 22.0 114.0 -39.0
323.27 7.0 115.0 -32.0
323.59 7.0 128.0 -35.0
323.7 18.0 124.0 -41.0
323.95 20.0 115.0 -39.0
324.75 10.0 103.0 -34.0
324.91 9.0 101.0 -33.0
325.3 7.0 129.0 -37.0
325.66 3.0 138.0 -35.0
325.72 6.0 137.0 -37.0
325.84 9.0 88.0 -33.0
327.02 7.0 108.0 -37.0
327.34 10.0 103.0 -35.0
327.67 8.0 126.0 -36.0
328.29 4.0 122.0 -37.0
329.5 5.0 120.0 -35.0
329.85 23.0 122.0 -42.0
330.47 24.0 122.0 -41.0
330.88 7.0 119.0 -35.0
331.03 24.0 125.0 -43.0
333.01 23.0 131.0 -41.0
333.66 9.0 129.0 -37.0
333.71 6.0 117.0 -35.0
333.81 17.0 110.0 -40.0
334.08 21.0 126.0 -42.0
334.88 6.0 111.0 -33.0
334.95 8.0 101.0 -35.0
335.34 4.0 118.0 -33.0
335.47 8.0 116.0 -37.0
335.65 9.0 92.0 -35.0
335.7 8.0 109.0 -33.0
335.95 24.0 143.0 -43.0
336.39 23.0 143.0 -43.0
337.67 8.0 105.0 -31.0
338.28 24.0 120.0 -43.0
338.44 9.0 96.0 -33.0
338.45 6.0 114.0 -35.0
338.54 9.0 110.0 -37.0
338.82 7.0 95.0 -35.0
339.25 11.0 115.0 -37.0
340.06 9.0 122.0 -39.0
340.3 8.0 116.0 -37.0
343.39 24.0 123.0 -42.0
343.46 8.0 126.0 -35.0
343.77 9.0 132.0 -39.0
344.2 8.0 116.0 -38.0
344.25 23.0 126.0 -42.0
346.44 7.0 164.0 -40.0
346.63 9.0 108.0 -35.0
347.99 21.0 133.0 -43.0
348.99 28.0 154.0 -44.0
349.14 9.0 112.0 -33.0
349.21 20.0 138.0 -43.0
350.34 6.0 125.0 -37.0
351.11 21.0 141.0 -43.0
351.4 7.0 143.0 -40.0
351.47 24.0 148.0 -45.0
351.58 8.0 142.0 -39.0
351.81 9.0 124.0 -33.0
352.95 9.0 109.0 -37.0
353.03 24.0 147.0 -45.0
353.19 10.0 114.0 -34.0
353.41 6.0 131.0 -37.0
354.33 11.0 133.0 -41.0
354.52 8.0 142.0 -39.0
354.67 4.0 143.0 -34.0
354.73 9.0 149.0 -41.0
355.14 9.0 104.0 -35.0
357.36 24.0 147.0 -45.0
359.71 23.0 130.0 -45.0
360.54 6.0 126.0 -37.0
360.58 26.0 134.0 -45.0
361.32 10.0 159.0 -41.0
361.54 10.0 135.0 -41.0
363.89 10.0 132.0 -39.0
366.96 8.0 142.0 -39.0
367.12 25.0 158.0 -47.0
367.89 7.0 150.0 -43.0
369.4 24.0 118.0 -43.0
369.74 5.0 148.0 -40.0
371.18 25.0 108.0 -43.0
371.92 9.0 124.0 -39.0
372.91 9.0 136.0 -41.0
373.35 11.0 112.0 -37.0
373.61 8.0 126.0 -41.0
375.8 5.0 141.0 -39.0
376.46 29.0 159.0 -49.0
376.9 22.0 136.0 -45.0
378.58 8.0 112.0 -37.0
379.66 8.0 148.0 -43.0
379.76 7.0 149.0 -43.0
379.78 11.0 178.0 -46.0
380.16 5.0 172.0 -43.0
380.69 3.0 152.0 -39.0
382.21 23.0 136.0 -45.0
383.41 10.0 176.0 -43.0
383.92 20.0 113.0 -43.0
384.46 7.0 142.0 -39.0
385.12 9.0 155.0 -44.0
386.13 26.0 144.0 -49.0
386.98 13.0 103.0 -39.0
387.08 8.0 134.0 -41.0
387.31 28.0 133.0 -49.0
387.34 13.0 171.0 -41.0
387.8 31.0 148.0 -49.0
388.59 9.0 131.0 -41.0
389.23 25.0 153.0 -49.0
389.33 23.0 162.0 -49.0
391.15 10.0 157.0 -45.0
392.44 8.0 149.0 -41.0
393.94 11.0 151.0 -43.0
394.76 8.0 162.0 -45.0
395.7 23.0 158.0 -49.0
396.15 7.0 175.0 -43.0
397.74 7.0 187.0 -43.0
398.43 21.0 135.0 -47.0
398.95 8.0 135.0 -41.0
399.37 25.0 138.0 -49.0
400.93 32.0 155.0 -51.0
401.17 10.0 183.0 -47.0
406.16 28.0 176.0 -49.0
406.27 11.0 127.0 -41.0
406.32 11.0 181.0 -47.0
409.24 27.0 161.0 -51.0
410.9 9.0 178.0 -45.0
415.69 10.0 171.0 -46.0
416.78 9.0 187.0 -49.0
418.67 8.0 164.0 -45.0
420.01 8.0 161.0 -47.0
421.3 10.0 131.0 -45.0
421.39 32.0 185.0 -53.0
423.93 6.0 189.0 -47.0
425.01 3.0 244.0 -45.0
425.54 8.0 164.0 -49.0
425.97 26.0 160.0 -49.0
426.52 31.0 173.0 -52.0
426.96 3.0 273.0 -49.0
434.79 10.0 154.0 -47.0
435.04 24.0 165.0 -49.0
438.79 13.0 133.0 -47.0
440.64 34.0 155.0 -55.0
440.84 3.0 245.0 -47.0
452.14 13.0 129.0 -47.0
457.78 30.0 169.0 -55.0
457.99 3.0 265.0 -53.0
466.78 29.0 171.0 -55.0
470.74 3.0 250.0 -53.0
476.96 3.0 252.0 -51.0
477.05 6.0 169.0 -49.0
492.8 4.0 254.0 -54.0
501.22 3.0 285.0 -53.0
504.71 3.0 294.0 -57.0
504.91 4.0 268.0 -55.0
512.14 35.0 169.0 -61.0
514.47 3.0 266.0 -57.0
519.13 29.0 113.0 -55.0
522.23 3.0 294.0 -59.0
523.57 4.0 311.0 -58.0
524.31 3.0 291.0 -57.0
530.61 4.0 285.0 -57.0
533.25 3.0 318.0 -59.0
534.57 3.0 273.0 -57.0
534.88 3.0 287.0 -59.0
536.38 3.0 308.0 -59.0
536.57 31.0 135.0 -57.0
537.1 4.0 268.0 -59.0
537.89 3.0 296.0 -60.0
539.59 7.0 303.0 -60.0
542.58 3.0 288.0 -59.0
547.26 27.0 123.0 -57.0
548.48 29.0 129.0 -57.0
551.13 28.0 116.0 -57.0
552.7 3.0 289.0 -59.0
553.47 27.0 138.0 -57.0
553.94 4.0 254.0 -58.0
556.53 3.0 299.0 -62.0
558.52 5.0 318.0 -61.0
562.48 4.0 281.0 -57.0
563.03 28.0 122.0 -59.0
567.49 4.0 317.0 -62.0
568.41 4.0 312.0 -63.0
569.31 29.0 127.0 -58.0
570.0 5.0 312.0 -63.0
570.04 27.0 128.0 -59.0
571.29 15.0 210.0 -63.0
571.35 3.0 297.0 -63.0
573.97 3.0 324.0 -62.0
577.47 32.0 130.0 -61.0
578.28 5.0 328.0 -65.0
578.96 36.0 154.0 -63.0
580.83 28.0 142.0 -60.0
580.93 36.0 141.0 -61.0
581.28 29.0 144.0 -59.0
581.31 3.0 284.0 -61.0
581.38 5.0 319.0 -63.0
581.94 3.0 330.0 -67.0
582.23 30.0 139.0 -59.0
583.36 5.0 341.0 -65.0
583.79 4.0 314.0 -63.0
586.74 32.0 127.0 -61.0
587.18 5.0 281.0 -65.0
589.35 5.0 286.0 -63.0
590.03 4.0 329.0 -66.0
591.33 4.0 334.0 -65.0
592.85 4.0 309.0 -63.0
593.55 33.0 134.0 -63.0
599.14 4.0 323.0 -65.0
603.1 3.0 336.0 -66.0
603.33 4.0 343.0 -64.0
603.34 3.0 330.0 -65.0
603.99 33.0 137.0 -63.0
604.77 40.0 158.0 -65.0
606.27 34.0 139.0 -65.0
608.81 4.0 339.0 -67.0
609.25 28.0 125.0 -60.0
609.44 6.0 324.0 -67.0
610.01 31.0 131.0 -65.0
611.73 3.0 346.0 -67.0
614.37 4.0 311.0 -67.0
616.5 4.0 305.0 -66.0
616.77 3.0 352.0 -69.0
619.91 5.0 334.0 -67.0
621.66 3.0 335.0 -66.0
622.26 4.0 314.0 -67.0
622.85 35.0 132.0 -65.0
623.89 34.0 147.0 -65.0
625.45 3.0 348.0 -67.0
625.96 4.0 344.0 -69.0
626.22 35.0 150.0 -67.0
626.62 35.0 139.0 -66.0
627.3 29.0 143.0 -68.0
628.39 33.0 152.0 -67.0
628.77 3.0 351.0 -67.0
629.33 4.0 291.0 -66.0
630.46 6.0 340.0 -69.0
631.35 32.0 141.0 -65.0
632.11 28.0 142.0 -65.0
633.65 3.0 338.0 -70.0
634.27 4.0 356.0 -69.0
634.87 34.0 143.0 -65.0
635.58 4.0 352.0 -69.0
636.94 3.0 307.0 -69.0
639.15 31.0 161.0 -67.0
641.34 35.0 158.0 -67.0
642.15 3.0 338.0 -71.0
642.23 4.0 317.0 -65.0
644.15 3.0 326.0 -67.0
645.27 3.0 326.0 -71.0
645.31 38.0 156.0 -67.0
649.36 4.0 342.0 -71.0
650.59 35.0 131.0 -67.0
650.6 3.0 315.0 -69.0
650.94 3.0 359.0 -71.0
651.18 35.0 146.0 -69.0
651.63 4.0 337.0 -67.0
655.44 37.0 149.0 -69.0
655.69 37.0 143.0 -67.0
656.29 3.0 350.0 -73.0
656.67 31.0 147.0 -65.0
657.41 35.0 147.0 -69.0
660.04 3.0 324.0 -69.0
660.95 35.0 158.0 -71.0
663.01 36.0 150.0 -71.0
663.34 35.0 156.0 -69.0
663.68 37.0 153.0 -69.0
664.83 31.0 160.0 -67.0
666.27 5.0 325.0 -71.0
668.15 3.0 370.0 -73.0
668.27 5.0 362.0 -71.0
668.42 34.0 153.0 -71.0
669.15 38.0 176.0 -73.0
669.7 4.0 333.0 -69.0
675.19 30.0 148.0 -69.0
675.26 3.0 359.0 -73.0
676.94 5.0 385.0 -75.0
676.97 3.0 352.0 -71.0
677.05 36.0 175.0 -69.0
678.18 3.0 374.0 -73.0
678.27 34.0 155.0 -71.0
679.03 34.0 169.0 -69.0
681.0 34.0 155.0 -71.0
681.66 36.0 155.0 -71.0
686.61 36.0 152.0 -70.0
688.04 32.0 171.0 -72.0
688.68 4.0 327.0 -69.0
689.72 32.0 164.0 -69.0
690.91 38.0 152.0 -71.0
692.38 38.0 153.0 -71.0
693.39 32.0 175.0 -73.0
693.66 34.0 167.0 -71.0
697.7 5.0 402.0 -75.0
698.14 38.0 153.0 -71.0
699.98 4.0 363.0 -73.0
700.31 32.0 171.0 -73.0
701.76 36.0 154.0 -71.0
705.02 3.0 347.0 -73.0
705.35 36.0 181.0 -71.0
705.48 33.0 151.0 -74.0
706.71 35.0 148.0 -73.0
707.66 42.0 182.0 -75.0
711.02 33.0 174.0 -75.0
712.16 5.0 410.0 -79.0
717.13 38.0 159.0 -73.0
718.4 39.0 189.0 -75.0
720.13 40.0 163.0 -74.0
721.7 40.0 168.0 -75.0
726.1 3.0 389.0 -79.0
726.93 3.0 366.0 -77.0
729.33 41.0 157.0 -75.0
729.63 39.0 176.0 -77.0
730.28 41.0 173.0 -77.0
733.35 43.0 202.0 -76.0
735.15 37.0 172.0 -76.0
736.89 3.0 391.0 -79.0
737.77 37.0 195.0 -78.0
738.73 35.0 179.0 -77.0
740.28 42.0 174.0 -77.0
741.17 38.0 183.0 -77.0
741.62 37.0 171.0 -78.0
744.41 39.0 178.0 -77.0
745.85 3.0 377.0 -79.0
748.14 37.0 169.0 -77.0
750.9 36.0 170.0 -75.0
751.37 40.0 191.0 -79.0
754.23 5.0 357.0 -80.0
757.8 41.0 179.0 -79.0
758.99 42.0 173.0 -77.0
760.61 45.0 179.0 -79.0
760.9 41.0 183.0 -78.0
762.17 41.0 201.0 -79.0
763.01 39.0 194.0 -82.0
763.48 37.0 199.0 -79.0
764.53 41.0 178.0 -77.0
765.31 4.0 371.0 -81.0
771.86 40.0 173.0 -81.0
773.37 4.0 416.0 -84.0
785.8 39.0 177.0 -81.0
786.25 43.0 181.0 -83.0
790.25 43.0 186.0 -82.0
791.77 44.0 184.0 -81.0
796.68 42.0 184.0 -82.0
796.88 4.0 432.0 -83.0
804.0 4.0 436.0 -87.0
810.8 3.0 436.0 -86.0
820.32 3.0 391.0 -84.0
