180.7 11.0 64.0 -27.6
180.7 12.0 67.0 -28.8
180.7 11.0 64.0 -27.6
180.7 12.0 67.0 -28.8
188.4 11.0 61.0 -27.6
191.7 13.0 76.0 -31.2
192.6 13.0 71.0 -30.0
198.1 12.0 67.0 -30.0
200.4 10.0 52.0 -25.2
200.5 11.0 59.0 -26.4
202.3 9.0 51.0 -25.2
206.1 14.0 75.0 -32.4
206.1 14.0 75.0 -32.4
206.6 9.0 51.0 -26.4
206.7 10.0 58.0 -27.6
210.4 13.0 76.0 -33.6
213.1 14.0 80.0 -34.8
215.7 9.0 51.0 -28.8
219.5 12.0 56.0 -31.2
221.1 16.0 90.0 -36.0
221.1 16.0 90.0 -36.0
225.4 16.0 90.0 -37.2
225.5 15.0 81.0 -36.0
231.2 16.0 90.0 -38.4
234.0 15.0 89.0 -37.2
237.4 11.0 59.0 -32.4
238.4 9.0 51.0 -30.0
238.6 10.0 52.0 -31.2
241.0 11.0 57.0 -34.8
243.8 14.0 72.0 -37.2
247.3 9.0 50.0 -33.6
248.5 17.0 100.0 -39.6
250.8 8.0 47.0 -33.6
250.8 8.0 47.0 -33.6
255.8 14.0 65.0 -36.0
257.2 12.0 60.0 -36.0
258.1 16.0 77.0 -38.4
259.0 17.0 100.0 -40.8
262.5 10.0 53.0 -34.8
266.8 9.0 50.0 -34.8
266.8 9.0 50.0 -34.8
268.5 13.0 69.0 -38.4
276.7 17.0 100.0 -42.0
281.0 10.0 51.0 -36.0
284.8 13.0 68.0 -38.4
289.1 11.0 62.0 -37.2
290.6 19.0 101.0 -43.2
292.1 18.0 96.0 -42.0
296.1 16.0 79.0 -40.8
299.5 17.0 91.0 -43.2
300.4 18.0 96.0 -44.4
300.7 10.0 51.0 -37.2
304.6 15.0 69.0 -39.6
307.3 17.0 83.0 -43.2
311.9 18.0 105.0 -45.6
313.9 12.0 62.0 -39.6
316.4 19.0 99.0 -45.6
319.4 17.0 81.0 -42.0
321.6 18.0 95.0 -44.4
323.4 12.0 56.0 -38.4
323.4 12.0 56.0 -38.4
326.7 18.0 92.0 -44.4
328.1 13.0 63.0 -40.8
328.1 13.0 63.0 -40.8
328.2 19.0 106.0 -46.8
330.9 14.0 64.0 -42.0
330.9 14.0 64.0 -42.0
335.9 23.0 128.0 -48.0
339.0 17.0 87.0 -44.4
342.5 18.0 85.0 -45.6
343.4 21.0 116.0 -48.0
346.0 21.0 112.0 -48.0
346.1 23.0 128.0 -49.2
346.9 15.0 67.0 -43.2
346.9 15.0 67.0 -43.2
347.7 16.0 76.0 -44.4
353.9 22.0 124.0 -49.2
356.6 23.0 128.0 -50.4
358.2 21.0 116.0 -49.2
358.4 20.0 104.0 -49.2
363.1 16.0 70.0 -44.4
367.3 16.0 75.0 -45.6
369.0 23.0 120.0 -50.4
369.0 23.0 120.0 -50.4
370.0 17.0 79.0 -46.8
373.3 22.0 123.0 -50.4
375.7 19.0 90.0 -49.2
379.3 19.0 89.0 -48.0
382.9 21.0 114.0 -50.4
383.8 23.0 131.0 -51.6
384.9 22.0 115.0 -51.6
386.4 18.0 84.0 -48.0
389.1 19.0 88.0 -49.2
389.1 19.0 88.0 -49.2
390.2 22.0 109.0 -51.6
397.4 20.0 98.0 -50.4
400.1 21.0 102.0 -51.6
400.1 21.0 102.0 -51.6
407.6 22.0 109.0 -52.8
407.6 22.0 109.0 -52.8
