140.7 8.0 44.0 -21.6
142.5 10.0 57.0 -22.8
142.5 10.0 57.0 -22.8
144.0 9.0 48.0 -22.8
147.6 10.0 54.0 -25.2
148.6 6.0 35.0 -20.4
150.8 7.0 36.0 -22.8
154.8 10.0 54.0 -26.4
156.7 12.0 69.0 -27.6
156.7 12.0 69.0 -27.6
161.1 11.0 60.0 -27.6
162.9 13.0 74.0 -28.8
162.9 13.0 74.0 -28.8
163.4 6.0 35.0 -21.6
169.0 14.0 83.0 -30.0
169.0 14.0 83.0 -30.0
174.8 13.0 74.0 -31.2
178.6 8.0 47.0 -24.0
180.6 13.0 74.0 -32.4
183.4 13.0 72.0 -30.0
188.7 6.0 35.0 -24.0
193.4 6.0 31.0 -22.8
197.3 14.0 83.0 -33.6
198.5 10.0 51.0 -31.2
198.9 14.0 81.0 -33.6
200.7 13.0 73.0 -33.6
203.9 14.0 81.0 -34.8
207.2 7.0 35.0 -26.4
211.5 9.0 56.0 -30.0
211.6 6.0 34.0 -25.2
214.1 14.0 81.0 -36.0
217.4 8.0 40.0 -27.6
217.7 7.0 35.0 -27.6
219.8 12.0 58.0 -33.6
224.6 14.0 81.0 -37.2
227.9 8.0 42.0 -30.0
229.4 9.0 45.0 -31.2
236.0 14.0 78.0 -38.4
236.2 8.0 36.0 -28.8
236.2 8.0 36.0 -28.8
242.1 11.0 63.0 -32.4
245.7 10.0 46.0 -32.4
246.2 15.0 83.0 -39.6
253.5 12.0 57.0 -34.8
256.2 10.0 46.0 -33.6
260.1 15.0 83.0 -40.8
264.5 11.0 56.0 -34.8
270.5 8.0 47.0 -34.8
270.5 8.0 47.0 -34.8
271.9 14.0 77.0 -40.8
274.8 11.0 54.0 -37.2
276.5 14.0 68.0 -39.6
277.1 17.0 90.0 -42.0
277.1 17.0 90.0 -42.0
280.9 12.0 63.0 -38.4
284.7 9.0 48.0 -36.0
287.8 17.0 86.0 -42.0
289.6 10.0 49.0 -37.2
289.6 10.0 49.0 -37.2
291.7 12.0 56.0 -39.6
291.7 12.0 56.0 -39.6
293.2 17.0 91.0 -43.2
293.9 17.0 101.0 -44.4
299.3 18.0 100.0 -44.4
302.6 17.0 97.0 -44.4
303.8 11.0 50.0 -38.4
303.8 11.0 50.0 -38.4
308.0 13.0 57.0 -40.8
308.0 13.0 57.0 -40.8
308.8 14.0 66.0 -42.0
309.8 19.0 108.0 -45.6
309.8 19.0 108.0 -45.6
312.7 15.0 75.0 -43.2
318.2 14.0 62.0 -42.0
321.9 18.0 104.0 -45.6
322.9 16.0 84.0 -44.4
324.0 14.0 60.0 -42.0
327.2 19.0 108.0 -46.8
331.2 17.0 76.0 -44.4
332.2 19.0 103.0 -46.8
332.7 18.0 96.0 -45.6
334.2 15.0 65.0 -43.2
334.2 15.0 65.0 -43.2
337.0 16.0 70.0 -44.4
337.5 14.0 59.0 -42.0
341.7 18.0 92.0 -46.8
343.5 20.0 109.0 -48.0
343.5 20.0 109.0 -48.0
343.6 19.0 105.0 -48.0
347.6 17.0 89.0 -45.6
348.6 17.0 76.0 -45.6
348.6 17.0 76.0 -45.6
349.4 18.0 85.0 -46.8
349.4 18.0 85.0 -46.8
353.7 19.0 99.0 -48.0
359.6 19.0 90.0 -48.0
359.8 20.0 108.0 -49.2
363.8 20.0 104.0 -49.2
367.9 20.0 100.0 -49.2
374.0 21.0 109.0 -50.4
