111011100111111011110101011100010101110110101111010111101011100010101011101011101010100100001001011011011011000001111001001000001110110010000011110101001001010000000001000000000100001001100001000000110011010111010010010100101100000001000101
111011100111101011110101011010010101110010101110110111101011100010100111111111101000100100001001011011011011000001111001001010001110110010000011110111101001010000000001000000000100001001000001000000110011110111010010010100100100000001010101
111110110110101011110101011000010001010111101110010111101011100010100111111111101100100000001000011011011011000001101001101110101110110110000011110111101001110000000001000000000100001001100001000000100011110111010010010100100100000001010101
111110110110101011110101011110010101010111101100010111101011100010101011111011101110100000001001010011011011100001111001001010001110110010000011110111101001110000000011000000000100001001100001000000110011110111010010010100100000000001010101
111011100111101011110101011100010101110111101110010111101011100010100111111111101100100100001000011011011011100001111001001010001110110010000011110111101001010000000001000000000100001001100001000000110011110111010010010100101100000001010101
111110111110111011110101011100010001010111101110010111101011100010100111111111101100100100001000011011011011100001111001001010001110110010000011110111101001010000000001000000000100001001100001000000110011110111010010010100101100000001010101
111110111110111011110101011100010001110111101110010111101011100010100111111111101100100100001000011011011011000001001001101110001110110110000011110111101001110000000001000000000100001001100001000000110011110111010010010100101100000001000101
111110111110111011110101011100010001110111101110010111101011100010100111111111101100100100001000011011011011000001001001101110001110110110000011110111101001110000000001000000000100001001100001000000110011110111010010010100101100000001000101
111110110110101011110101011000010001010111101110010111101011100010100111111111101100100100001000011011011011000001101001101110101110110110000011110111101001110000000001000000000100001001100001000000100011110111010010010100101100000001010101
111110110110101011110101011000010001010111101110010111101011100010100111111111101100100100001000011011011011000001101001101110101110110110000011110111101001110000000001000000000100001001100001000000100011110111010010010100101100000001010101
111110110110101011110101011000010001010111101110010111101011100010100111111111101100100100001000011011011011000001101001101110101110110110000011110111101001110000000001000000000100001001100001000000100011110111010010010100101100000001010101
111011100111111011110101011110010101110110100111010111101011100010101011111011101110100001001001010011011011100001111001001000001110110010000011110111101001010000000001000000000100001001100001000000110011110111010010010100101110000001010101
111110110110101011110101011110010001010111101110010111101011100010101011111011101110100000011001010011011011100001111001001010001110110010000011110111101001010000000001000000000100001001100001000000110011110111010010010100101110000001010101
111011100111101011110101011100010101110110101111010111101011100010101011111011101110100001001001010011011011100001111001001010001110110010000011110111101001110000000001000000000100001001100001000000111011110111010010010100101100000001000101
111011100111101011110101011100010101110110101111010111101011100010101011111011101110100001001001010011011011100001111001001010001110110010000011110111101001110000000001000000000100001001100001000000111011110111010010010100101100000001000101
111110101111111011110101011000010101010111101111010111101011101010101011111011101110100001001000011011011011000001101001101010001110110010000011110111101001110000000001000000000100001001100001000000110011110111010010010100101110000001010101
111110110110101011110101011000010001010111101110010111101011110011101011111111001110100100001001011011011001100001111001001110001110110010000011110111101001010001000001001010000100001001100001000000110011110111010010010100101100000001000101
111110110110101011110101011110010101010111101100010111101111110010101011111111101010100100001001011011011011000001111001111110001110110010000011110111101101010000000011001010000100001001100001000000100011110111010010010100101110000001010101
111010100111111011110101011110010101010111101100010111101111110010101011111111101010100100001001011011011011000001111001111110001110110010000011110111101101010000000011001010000100001001100001000000110011110111010010010100101110000001010100
111110111110111011110101011100010001110111100110110111101111100010101011111111101010100100001001011011011011100001111001111110001110110010000011110111101101010000000011001010000100001001100001000000110011110111010010010100100100000001010111
111110100111111011110101011010010101110110101110010111101111110010101011111111101010100100101001011011011011000001111001111110001110110010000011110111101101010000000011001011000100001001100001000000110011110111010010010100101110000001010101
