011110110110111111111111001111010011010100101010111111011011101011000000110111110001010100000001100101111110100001001011001111010010010010011000010001001000010101000000000000001111001100100100100000001000010000001000010000100101000000010000
011110110110111111111111001111010011010100101010111111010011101011000000110111110001010100000101100101111110100001001011001111010010010010011000010001101000000101000000000000001111001100100100100000001000010001001100010101100101000000010000
011110110110111111111111001111010011010100101010111111010011101011000000110111110001010100000101100101111110100001001011001111010010010010011000010001101000000101000000000000001111001100100100100000001000010001001100010101100101000000010000
011110100110111111111111001111010011010000101010111110011011101011001000110111110001010110000011100101111110100000011011001111010010010010010000010001101000010101000000000000001111001100100100100000001001010011001100010101000101000000010000
011110100110111111111111001111010011010000101010111110011011101011001000110111110001010110000011100101111110100000011011001111010010010010010000010001101000010101000000000000001111001100100100100000001001010011001100010101000101000000010000
011110110010111111111111000111010011010000101010011111011111101011000000110111110001010110000011100101111110100000001011001111011010010110011010001001101000010101000000000000001111001100100100100000001001010011001000010001100101000000010000
011110110010111111111111000111010011010000101010011110011011101111000000110111110001010110000011100101111110100001001011001111011010010110011010001001101000010101000000000000001111001100100100100000001000010011001100010101100101000000010000
011110110010111111111111000111011011010000101010011110011011101111001000110111110001010110000011100101011110100001001011001111011010010110011010011001101000010101000000000000001111001100100100100000001001010011001100010101100101000000010000
011110110010111111111111000111011011010000101010011110011011101111001000110111110001010110000011100101011110100001001011001111011010010110011010011001101000010101000000000000001111001100100100100000001001010011001100010101100101000000010000
111110101010111110111111001111010011010100101010111111011111101011000000110111110001010111000001100101111110100001001011011011011010110110011010011001101000010101000000000000001111001100100100100000001001010011001100010101100111000000010000
