0.0 0.0
0.0 0.0
0.0 0.0
0.0 0.0
0.0 0.0
0.0 0.0
0.0 0.0
0.0 0.0
0.0 0.0
0.0 0.0
0.0 0.0
0.0 0.0
0.0 0.0
0.0 0.0
0.0 0.0
0.0 0.0
0.0 0.0
0.0 0.0
0.0 0.0
0.0 0.0
0.0 0.0
0.0 0.0
0.0 0.0
1.0 -27.6
1.0 -27.6
1.0 -27.6
1.0 -27.6
1.0 -27.6
1.0 -27.6
1.0 -27.6
1.0 -27.6
1.0 -27.6
1.0 -27.6
1.0 -27.6
1.0 -27.6
1.0 -27.6
1.0 -27.6
1.0 -27.6
1.0 -27.6
1.0 -27.6
1.0 -27.6
1.0 -27.6
1.0 -27.6
1.0 -27.6
1.0 -27.6
1.0 -27.6
1.0 -27.6
1.0 -27.6
1.0 -27.6
1.0 -27.6
1.0 -27.6
1.0 -27.6
1.0 -27.6
1.0 -27.6
1.0 -27.6
1.0 -27.6
1.0 -27.6
1.0 -27.6
1.0 -27.6
1.0 -27.6
1.0 -27.6
1.0 -27.6
3.0 -32.4
3.0 -32.4
3.0 -32.4
3.0 -32.4
3.0 -32.4
3.0 -32.4
3.0 -32.4
3.0 -32.4
3.0 -32.4
3.0 -32.4
3.0 -32.4
3.0 -32.4
3.0 -32.4
3.0 -32.4
3.0 -32.4
3.0 -32.4
3.0 -32.4
3.0 -32.4
3.0 -32.4
3.0 -32.4
3.0 -32.4
3.0 -32.4
3.0 -32.4
3.0 -32.4
3.0 -32.4
4.0 -60.0
4.0 -60.0
4.0 -60.0
4.0 -60.0
4.0 -60.0
4.0 -60.0
4.0 -60.0
4.0 -60.0
4.0 -60.0
4.0 -60.0
4.0 -60.0
4.0 -60.0
4.0 -60.0
4.0 -60.0
4.0 -60.0
4.0 -60.0
4.0 -60.0
4.0 -60.0
4.0 -60.0
4.0 -60.0
4.0 -60.0
4.0 -60.0
4.0 -60.0
4.0 -60.0
4.0 -60.0
4.0 -60.0
4.0 -60.0
4.0 -60.0
4.0 -60.0
4.0 -60.0
4.0 -60.0
4.0 -60.0
4.0 -60.0
4.0 -60.0
4.0 -60.0
4.0 -60.0
4.0 -60.0
4.0 -60.0
4.0 -60.0
4.0 -60.0
4.0 -60.0
4.0 -60.0
4.0 -60.0
4.0 -60.0
4.0 -60.0
4.0 -60.0
4.0 -60.0
4.0 -60.0
4.0 -60.0
4.0 -60.0
4.0 -60.0
4.0 -60.0
4.0 -60.0
4.0 -60.0
4.0 -60.0
4.0 -60.0
4.0 -60.0
4.0 -60.0
4.0 -60.0
4.0 -60.0
4.0 -60.0
4.0 -60.0
4.0 -60.0
4.0 -60.0
4.0 -60.0
4.0 -60.0
6.0 -43.2
6.0 -43.2
6.0 -43.2
6.0 -43.2
6.0 -43.2
6.0 -43.2
6.0 -37.2
6.0 -37.2
6.0 -43.2
6.0 -43.2
7.0 -70.8
7.0 -64.8
7.0 -33.6
7.0 -70.8
7.0 -64.8
7.0 -70.8
7.0 -70.8
7.0 -70.8
7.0 -33.6
7.0 -70.8
7.0 -64.8
7.0 -70.8
7.0 -70.8
7.0 -70.8
7.0 -70.8
7.0 -70.8
7.0 -64.8
7.0 -64.8
7.0 -64.8
7.0 -70.8
7.0 -44.4
7.0 -44.4
7.0 -70.8
7.0 -70.8
7.0 -64.8
7.0 -70.8
7.0 -70.8
7.0 -64.8
8.0 -39.6
8.0 -32.4
8.0 -39.6
8.0 -72.0
8.0 -39.6
8.0 -61.2
8.0 -72.0
8.0 -28.8
8.0 -39.6
8.0 -72.0
8.0 -39.6
8.0 -39.6
8.0 -28.8
9.0 -33.6
9.0 -60.0
9.0 -76.8
9.0 -75.6
9.0 -75.6
9.0 -75.6
9.0 -75.6
9.0 -33.6
9.0 -33.6
9.0 -67.2
9.0 -67.2
9.0 -67.2
9.0 -60.0
9.0 -69.6
9.0 -56.4
9.0 -60.0
9.0 -56.4
9.0 -60.0
9.0 -67.2
9.0 -33.6
9.0 -67.2
9.0 -75.6
9.0 -56.4
9.0 -60.0
9.0 -67.2
9.0 -56.4
9.0 -69.6
9.0 -75.6
9.0 -67.2
9.0 -75.6
9.0 -56.4
9.0 -69.6
9.0 -67.2
9.0 -56.4
9.0 -75.6
9.0 -76.8
9.0 -75.6
9.0 -75.6
9.0 -75.6
9.0 -75.6
9.0 -75.6
9.0 -67.2
9.0 -75.6
9.0 -75.6
9.0 -67.2
10.0 -97.2
10.0 -103.2
10.0 -61.2
10.0 -97.2
10.0 -103.2
10.0 -97.2
10.0 -87.6
10.0 -103.2
10.0 -61.2
10.0 -103.2
10.0 -103.2
10.0 -87.6
10.0 -61.2
10.0 -60.0
10.0 -103.2
10.0 -103.2
10.0 -103.2
10.0 -97.2
10.0 -87.6
10.0 -60.0
10.0 -66.0
10.0 -61.2
10.0 -103.2
10.0 -103.2
10.0 -87.6
10.0 -103.2
10.0 -103.2
10.0 -61.2
10.0 -60.0
10.0 -97.2
10.0 -97.2
10.0 -97.2
10.0 -103.2
10.0 -76.8
10.0 -103.2
10.0 -103.2
10.0 -103.2
10.0 -66.0
10.0 -61.2
10.0 -87.6
10.0 -103.2
10.0 -76.8
10.0 -103.2
10.0 -103.2
10.0 -103.2
10.0 -103.2
10.0 -76.8
10.0 -103.2
10.0 -33.6
10.0 -103.2
10.0 -61.2
10.0 -103.2
10.0 -97.2
10.0 -103.2
10.0 -61.2
10.0 -61.2
10.0 -103.2
10.0 -87.6
10.0 -97.2
10.0 -97.2
10.0 -87.6
10.0 -76.8
10.0 -103.2
10.0 -103.2
10.0 -103.2
10.0 -87.6
11.0 -61.2
11.0 -74.4
11.0 -87.6
11.0 -74.4
11.0 -72.0
11.0 -93.6
11.0 -87.6
11.0 -87.6
11.0 -87.6
11.0 -61.2
11.0 -87.6
11.0 -74.4
11.0 -87.6
11.0 -64.8
11.0 -87.6
11.0 -87.6
11.0 -87.6
11.0 -87.6
11.0 -87.6
11.0 -87.6
11.0 -48.0
11.0 -74.4
11.0 -72.0
11.0 -74.4
11.0 -87.6
11.0 -104.4
12.0 -102.0
12.0 -75.6
12.0 -88.8
12.0 -80.4
12.0 -88.8
12.0 -102.0
12.0 -66.0
12.0 -66.0
12.0 -80.4
12.0 -88.8
12.0 -102.0
12.0 -75.6
12.0 -88.8
12.0 -99.6
12.0 -92.4
12.0 -75.6
12.0 -92.4
12.0 -99.6
12.0 -102.0
12.0 -102.0
12.0 -88.8
12.0 -99.6
12.0 -99.6
12.0 -102.0
12.0 -66.0
12.0 -102.0
12.0 -88.8
12.0 -99.6
12.0 -102.0
12.0 -92.4
12.0 -99.6
12.0 -92.4
12.0 -88.8
12.0 -88.8
12.0 -66.0
12.0 -80.4
13.0 -93.6
13.0 -93.6
13.0 -108.0
13.0 -93.6
13.0 -92.4
13.0 -66.0
13.0 -87.6
13.0 -93.6
13.0 -92.4
13.0 -92.4
13.0 -108.0
13.0 -93.6
13.0 -61.2
13.0 -92.4
13.0 -93.6
13.0 -93.6
13.0 -93.6
13.0 -108.0
13.0 -66.0
13.0 -92.4
13.0 -93.6
13.0 -92.4
13.0 -92.4
13.0 -31.2
13.0 -92.4
13.0 -93.6
13.0 -93.6
13.0 -93.6
14.0 -93.6
14.0 -72.0
14.0 -120.0
14.0 -82.8
14.0 -106.8
14.0 -120.0
14.0 -120.0
14.0 -106.8
14.0 -120.0
14.0 -120.0
14.0 -120.0
14.0 -120.0
14.0 -82.8
14.0 -120.0
14.0 -106.8
14.0 -120.0
14.0 -115.2
14.0 -106.8
14.0 -120.0
14.0 -106.8
14.0 -120.0
14.0 -120.0
14.0 -80.4
14.0 -115.2
14.0 -106.8
14.0 -120.0
14.0 -115.2
14.0 -80.4
14.0 -120.0
15.0 -110.4
15.0 -93.6
15.0 -112.8
15.0 -134.4
15.0 -104.4
15.0 -134.4
15.0 -76.8
15.0 -134.4
15.0 -73.2
15.0 -103.2
15.0 -110.4
15.0 -110.4
15.0 -99.6
15.0 -134.4
15.0 -134.4
15.0 -134.4
15.0 -134.4
15.0 -134.4
15.0 -108.0
15.0 -134.4
15.0 -134.4
15.0 -93.6
15.0 -97.2
15.0 -134.4
15.0 -134.4
16.0 -148.8
16.0 -97.2
16.0 -76.8
16.0 -124.8
16.0 -103.2
16.0 -104.4
16.0 -98.4
16.0 -93.6
16.0 -130.8
16.0 -148.8
16.0 -109.2
16.0 -140.4
16.0 -104.4
16.0 -120.0
16.0 -104.4
16.0 -124.8
16.0 -98.4
16.0 -120.0
16.0 -130.8
17.0 -136.8
17.0 -176.4
17.0 -130.8
17.0 -124.8
17.0 -130.8
17.0 -124.8
17.0 -75.6
17.0 -115.2
17.0 -130.8
17.0 -130.8
17.0 -64.8
17.0 -116.4
17.0 -102.0
17.0 -176.4
17.0 -115.2
17.0 -109.2
17.0 -147.6
17.0 -176.4
17.0 -92.4
17.0 -130.8
17.0 -99.6
17.0 -147.6
17.0 -147.6
17.0 -109.2
17.0 -124.8
17.0 -121.2
17.0 -124.8
17.0 -108.0
17.0 -99.6
17.0 -121.2
17.0 -130.8
17.0 -130.8
17.0 -108.0
17.0 -176.4
17.0 -102.0
17.0 -176.4
18.0 -142.8
18.0 -142.8
18.0 -139.2
18.0 -142.8
18.0 -145.2
18.0 -132.0
18.0 -92.4
18.0 -92.4
18.0 -92.4
18.0 -136.8
18.0 -90.0
18.0 -99.6
18.0 -99.6
18.0 -118.8
18.0 -118.8
18.0 -121.2
18.0 -93.6
18.0 -105.6
18.0 -99.6
18.0 -142.8
18.0 -138.0
18.0 -116.4
18.0 -98.4
18.0 -116.4
18.0 -135.6
19.0 -102.0
19.0 -109.2
19.0 -135.6
19.0 -127.2
19.0 -135.6
19.0 -130.8
19.0 -136.8
19.0 -135.6
19.0 -109.2
19.0 -133.2
19.0 -109.2
19.0 -135.6
19.0 -116.4
19.0 -136.8
19.0 -99.6
19.0 -135.6
19.0 -135.6
19.0 -136.8
19.0 -135.6
19.0 -136.8
19.0 -136.8
19.0 -135.6
19.0 -93.6
20.0 -93.6
20.0 -141.6
20.0 -163.2
20.0 -126.0
20.0 -163.2
20.0 -127.2
20.0 -32.4
20.0 -115.2
20.0 -152.4
20.0 -121.2
20.0 -138.0
20.0 -163.2
20.0 -163.2
20.0 -147.6
20.0 -163.2
20.0 -132.0
20.0 -163.2
20.0 -163.2
20.0 -134.4
20.0 -157.2
20.0 -163.2
20.0 -163.2
20.0 -163.2
20.0 -163.2
20.0 -123.6
20.0 -120.0
20.0 -105.6
20.0 -157.2
20.0 -163.2
20.0 -32.4
20.0 -105.6
21.0 -174.0
21.0 -124.8
21.0 -171.6
21.0 -162.0
21.0 -127.2
21.0 -132.0
21.0 -162.0
21.0 -171.6
21.0 -134.4
21.0 -70.8
21.0 -153.6
21.0 -135.6
21.0 -60.0
21.0 -60.0
21.0 -147.6
21.0 -124.8
21.0 -151.2
21.0 -116.4
21.0 -151.2
21.0 -162.0
21.0 -60.0
21.0 -124.8
21.0 -63.6
21.0 -60.0
21.0 -145.2
21.0 -171.6
21.0 -162.0
21.0 -122.4
21.0 -121.2
21.0 -127.2
21.0 -133.2
21.0 -142.8
21.0 -164.4
22.0 -141.6
22.0 -133.2
22.0 -126.0
22.0 -139.2
22.0 -127.2
22.0 -192.0
22.0 -141.6
22.0 -152.4
22.0 -122.4
22.0 -159.6
22.0 -147.6
22.0 -127.2
22.0 -133.2
22.0 -148.8
22.0 -127.2
22.0 -159.6
22.0 -110.4
22.0 -126.0
22.0 -98.4
22.0 -169.2
22.0 -64.8
23.0 -168.0
23.0 -166.8
23.0 -174.0
23.0 -219.6
23.0 -108.0
23.0 -175.2
23.0 -141.6
23.0 -141.6
23.0 -184.8
23.0 -67.2
23.0 -153.6
23.0 -64.8
23.0 -213.6
23.0 -174.0
23.0 -174.0
23.0 -135.6
23.0 -153.6
23.0 -110.4
23.0 -127.2
23.0 -153.6
23.0 -142.8
23.0 -93.6
23.0 -142.8
23.0 -118.8
23.0 -166.8
23.0 -152.4
23.0 -174.0
23.0 -168.0
23.0 -153.6
23.0 -153.6
23.0 -140.4
24.0 -180.0
24.0 -166.8
24.0 -156.0
24.0 -133.2
24.0 -168.0
24.0 -126.0
24.0 -153.6
24.0 -138.0
24.0 -180.0
24.0 -135.6
24.0 -153.6
24.0 -132.0
24.0 -168.0
24.0 -166.8
24.0 -157.2
24.0 -129.6
24.0 -210.0
24.0 -180.0
24.0 -92.4
24.0 -135.6
24.0 -153.6
24.0 -180.0
24.0 -136.8
24.0 -177.6
25.0 -194.4
25.0 -136.8
25.0 -194.4
25.0 -168.0
25.0 -159.6
25.0 -147.6
25.0 -170.4
25.0 -187.2
25.0 -164.4
25.0 -159.6
25.0 -164.4
25.0 -196.8
25.0 -168.0
25.0 -165.6
25.0 -186.0
25.0 -194.4
25.0 -194.4
25.0 -96.0
26.0 -180.0
26.0 -136.8
26.0 -164.4
26.0 -190.8
26.0 -114.0
26.0 -114.0
26.0 -153.6
26.0 -114.0
26.0 -175.2
26.0 -208.8
26.0 -124.8
27.0 -212.4
27.0 -188.4
27.0 -141.6
27.0 -151.2
27.0 -146.4
27.0 -164.4
27.0 -141.6
27.0 -66.0
27.0 -175.2
27.0 -236.4
27.0 -146.4
27.0 -141.6
27.0 -181.2
27.0 -141.6
27.0 -207.6
27.0 -188.4
27.0 -223.2
27.0 -126.0
27.0 -135.6
27.0 -169.2
27.0 -168.0
28.0 -176.4
28.0 -189.6
28.0 -139.2
28.0 -72.0
28.0 -166.8
28.0 -166.8
28.0 -195.6
28.0 -153.6
28.0 -187.2
28.0 -184.8
28.0 -184.8
28.0 -139.2
28.0 -190.8
28.0 -192.0
28.0 -163.2
28.0 -212.4
28.0 -229.2
28.0 -180.0
28.0 -104.4
28.0 -196.8
28.0 -202.8
28.0 -127.2
28.0 -166.8
28.0 -192.0
29.0 -202.8
29.0 -216.0
29.0 -146.4
29.0 -163.2
29.0 -150.0
29.0 -193.2
29.0 -196.8
29.0 -146.4
29.0 -190.8
29.0 -153.6
29.0 -146.4
29.0 -141.6
29.0 -157.2
29.0 -188.4
29.0 -201.6
29.0 -146.4
30.0 -174.0
30.0 -174.0
30.0 -174.0
30.0 -162.0
30.0 -174.0
30.0 -192.0
30.0 -201.6
30.0 -174.0
30.0 -174.0
30.0 -174.0
30.0 -174.0
30.0 -174.0
30.0 -218.4
30.0 -174.0
30.0 -159.6
30.0 -162.0
30.0 -198.0
30.0 -174.0
30.0 -98.4
30.0 -194.4
30.0 -162.0
30.0 -154.8
31.0 -211.2
31.0 -187.2
31.0 -126.0
31.0 -200.4
31.0 -224.4
31.0 -126.0
31.0 -268.8
31.0 -248.4
31.0 -224.4
31.0 -224.4
31.0 -201.6
31.0 -104.4
31.0 -211.2
32.0 -220.8
32.0 -205.2
32.0 -270.0
32.0 -208.8
32.0 -194.4
32.0 -238.8
32.0 -199.2
32.0 -62.4
32.0 -236.4
32.0 -118.8
32.0 -199.2
32.0 -151.2
32.0 -246.0
32.0 -199.2
32.0 -180.0
32.0 -199.2
32.0 -177.6
32.0 -132.0
32.0 -199.2
33.0 -184.8
33.0 -249.6
33.0 -223.2
33.0 -199.2
33.0 -253.2
33.0 -188.4
33.0 -176.4
33.0 -279.6
33.0 -187.2
33.0 -128.4
33.0 -279.6
33.0 -141.6
34.0 -195.6
34.0 -288.0
34.0 -241.2
34.0 -204.0
34.0 -142.8
34.0 -235.2
34.0 -189.6
34.0 -152.4
34.0 -240.0
34.0 -206.4
34.0 -152.4
34.0 -177.6
34.0 -175.2
35.0 -217.2
35.0 -237.6
35.0 -222.0
35.0 -231.6
35.0 -193.2
35.0 -174.0
35.0 -225.6
35.0 -268.8
35.0 -181.2
35.0 -231.6
35.0 -231.6
35.0 -181.2
35.0 -190.8
35.0 -284.4
35.0 -231.6
35.0 -231.6
36.0 -211.2
36.0 -224.4
36.0 -172.8
36.0 -208.8
36.0 -300.0
36.0 -238.8
36.0 -244.8
36.0 -211.2
36.0 -234.0
36.0 -198.0
36.0 -168.0
36.0 -122.4
36.0 -178.8
36.0 -174.0
36.0 -201.6
36.0 -241.2
36.0 -241.2
36.0 -151.2
36.0 -234.0
36.0 -180.0
36.0 -210.0
36.0 -211.2
37.0 -176.4
37.0 -267.6
37.0 -279.6
37.0 -252.0
37.0 -186.0
37.0 -283.2
37.0 -195.6
37.0 -204.0
37.0 -207.6
37.0 -201.6
37.0 -207.6
37.0 -252.0
37.0 -225.6
37.0 -259.2
37.0 -207.6
38.0 -228.0
38.0 -216.0
38.0 -313.2
38.0 -236.4
38.0 -276.0
38.0 -213.6
38.0 -250.8
38.0 -265.2
38.0 -213.6
38.0 -276.0
38.0 -168.0
38.0 -187.2
38.0 -188.4
38.0 -213.6
39.0 -241.2
39.0 -235.2
39.0 -253.2
39.0 -316.8
39.0 -266.4
39.0 -140.4
39.0 -97.2
39.0 -232.8
39.0 -175.2
39.0 -207.6
39.0 -228.0
40.0 -261.6
40.0 -301.2
40.0 -208.8
40.0 -324.0
40.0 -240.0
40.0 -295.2
40.0 -276.0
40.0 -302.4
40.0 -318.0
40.0 -225.6
40.0 -205.2
40.0 -186.0
40.0 -234.0
40.0 -102.0
40.0 -234.0
40.0 -234.0
41.0 -252.0
41.0 -274.8
41.0 -234.0
41.0 -261.6
41.0 -238.8
41.0 -296.4
41.0 -205.2
41.0 -202.8
41.0 -139.2
41.0 -222.0
41.0 -217.2
41.0 -159.6
41.0 -247.2
42.0 -236.4
42.0 -258.0
42.0 -272.4
42.0 -272.4
42.0 -250.8
42.0 -282.0
42.0 -224.4
42.0 -271.2
42.0 -229.2
42.0 -240.0
42.0 -225.6
42.0 -276.0
42.0 -265.2
42.0 -159.6
42.0 -244.8
42.0 -298.8
42.0 -187.2
42.0 -160.8
43.0 -303.6
43.0 -290.4
43.0 -262.8
43.0 -254.4
43.0 -295.2
43.0 -255.6
43.0 -298.8
43.0 -278.4
43.0 -327.6
43.0 -327.6
43.0 -249.6
43.0 -344.4
43.0 -145.2
43.0 -271.2
43.0 -290.4
43.0 -271.2
44.0 -246.0
44.0 -301.2
44.0 -318.0
44.0 -240.0
44.0 -279.6
44.0 -312.0
44.0 -296.4
44.0 -278.4
44.0 -224.4
44.0 -177.6
44.0 -165.6
44.0 -224.4
44.0 -242.4
44.0 -264.0
44.0 -292.8
45.0 -261.6
45.0 -316.8
45.0 -256.8
45.0 -309.6
45.0 -280.8
45.0 -339.6
45.0 -225.6
45.0 -277.2
45.0 -270.0
45.0 -207.6
45.0 -307.2
45.0 -258.0
45.0 -291.6
46.0 -300.0
46.0 -350.4
46.0 -297.6
46.0 -334.8
46.0 -332.4
46.0 -219.6
46.0 -333.6
46.0 -339.6
46.0 -264.0
46.0 -285.6
46.0 -328.8
46.0 -349.2
46.0 -246.0
46.0 -208.8
46.0 -219.6
47.0 -279.6
47.0 -288.0
47.0 -282.0
47.0 -258.0
47.0 -334.8
47.0 -229.2
47.0 -328.8
47.0 -326.4
47.0 -296.4
47.0 -222.0
47.0 -294.0
47.0 -279.6
47.0 -271.2
47.0 -247.2
47.0 -289.2
47.0 -298.8
47.0 -192.0
47.0 -262.8
47.0 -333.6
47.0 -262.8
47.0 -274.8
47.0 -267.6
48.0 -327.6
48.0 -268.8
48.0 -284.4
48.0 -360.0
48.0 -297.6
48.0 -295.2
48.0 -339.6
48.0 -326.4
48.0 -284.4
48.0 -297.6
48.0 -296.4
48.0 -266.4
48.0 -246.0
48.0 -193.2
48.0 -207.6
48.0 -157.2
48.0 -182.4
48.0 -296.4
48.0 -262.8
48.0 -315.6
48.0 -201.6
49.0 -343.2
49.0 -159.6
49.0 -308.4
49.0 -307.2
49.0 -284.4
49.0 -298.8
49.0 -334.8
49.0 -292.8
49.0 -230.4
49.0 -206.4
49.0 -258.0
50.0 -268.8
50.0 -268.8
50.0 -297.6
50.0 -384.0
50.0 -325.2
50.0 -340.8
50.0 -370.8
50.0 -370.8
50.0 -298.8
50.0 -284.4
50.0 -240.0
50.0 -282.0
50.0 -364.8
50.0 -306.0
50.0 -357.6
50.0 -283.2
51.0 -328.8
51.0 -295.2
51.0 -316.8
51.0 -318.0
51.0 -370.8
51.0 -385.2
51.0 -332.4
51.0 -348.0
51.0 -314.4
51.0 -272.4
51.0 -355.2
51.0 -295.2
51.0 -301.2
51.0 -375.6
51.0 -363.6
51.0 -351.6
51.0 -304.8
51.0 -358.8
51.0 -270.0
51.0 -319.2
52.0 -302.4
52.0 -390.0
52.0 -336.0
52.0 -312.0
52.0 -295.2
52.0 -360.0
52.0 -336.0
52.0 -273.6
52.0 -368.4
52.0 -231.6
52.0 -308.4
52.0 -249.6
52.0 -315.6
52.0 -326.4
52.0 -314.4
52.0 -340.8
52.0 -285.6
52.0 -376.8
52.0 -392.4
52.0 -370.8
52.0 -356.4
52.0 -330.0
52.0 -338.4
52.0 -319.2
52.0 -363.6
52.0 -316.8
52.0 -343.2
52.0 -290.4
52.0 -382.8
52.0 -340.8
52.0 -324.0
52.0 -304.8
53.0 -320.4
53.0 -278.4
53.0 -361.2
53.0 -319.2
53.0 -303.6
53.0 -394.8
53.0 -313.2
53.0 -375.6
53.0 -332.4
53.0 -337.2
53.0 -376.8
53.0 -345.6
53.0 -274.8
53.0 -297.6
53.0 -274.8
54.0 -338.4
54.0 -333.6
54.0 -282.0
54.0 -300.0
54.0 -249.6
54.0 -360.0
54.0 -334.8
54.0 -367.2
54.0 -361.2
54.0 -370.8
54.0 -364.8
54.0 -360.0
54.0 -350.4
54.0 -367.2
54.0 -318.0
54.0 -381.6
54.0 -306.0
54.0 -301.2
54.0 -394.8
54.0 -301.2
54.0 -325.2
54.0 -290.4
55.0 -382.8
55.0 -326.4
55.0 -344.4
55.0 -304.8
55.0 -367.2
55.0 -342.0
55.0 -248.4
55.0 -307.2
55.0 -258.0
55.0 -320.4
55.0 -284.4
55.0 -313.2
55.0 -328.8
55.0 -334.8
55.0 -290.4
55.0 -301.2
55.0 -297.6
55.0 -415.2
55.0 -368.4
55.0 -370.8
55.0 -278.4
55.0 -268.8
55.0 -169.2
56.0 -362.4
56.0 -302.4
56.0 -354.0
56.0 -360.0
56.0 -277.2
56.0 -330.0
56.0 -296.4
56.0 -366.0
56.0 -344.4
56.0 -283.2
56.0 -294.0
56.0 -357.6
56.0 -379.2
57.0 -408.0
57.0 -326.4
57.0 -381.6
57.0 -366.0
57.0 -336.0
57.0 -328.8
57.0 -326.4
57.0 -259.2
57.0 -376.8
57.0 -255.6
57.0 -315.6
57.0 -301.2
57.0 -308.4
57.0 -387.6
57.0 -296.4
57.0 -290.4
58.0 -372.0
58.0 -333.6
58.0 -324.0
58.0 -376.8
58.0 -318.0
58.0 -386.4
58.0 -352.8
58.0 -418.8
58.0 -326.4
58.0 -363.6
58.0 -420.0
58.0 -334.8
58.0 -352.8
58.0 -270.0
58.0 -420.0
58.0 -345.6
58.0 -351.6
58.0 -388.8
58.0 -376.8
58.0 -408.0
58.0 -229.2
58.0 -361.2
59.0 -410.4
59.0 -322.8
59.0 -334.8
59.0 -336.0
59.0 -355.2
59.0 -315.6
59.0 -320.4
59.0 -332.4
59.0 -356.4
59.0 -382.8
59.0 -354.0
59.0 -372.0
59.0 -334.8
59.0 -355.2
59.0 -316.8
59.0 -374.4
59.0 -385.2
59.0 -403.2
59.0 -434.4
59.0 -262.8
59.0 -340.8
59.0 -434.4
59.0 -362.4
59.0 -402.0
59.0 -319.2
59.0 -282.0
59.0 -319.2
59.0 -381.6
60.0 -367.2
60.0 -373.2
60.0 -355.2
60.0 -368.4
60.0 -397.2
60.0 -392.4
60.0 -326.4
60.0 -333.6
60.0 -398.4
60.0 -352.8
60.0 -376.8
60.0 -394.8
60.0 -396.0
60.0 -422.4
60.0 -363.6
60.0 -391.2
60.0 -439.2
60.0 -348.0
60.0 -382.8
60.0 -379.2
60.0 -420.0
60.0 -384.0
60.0 -410.4
60.0 -310.8
60.0 -408.0
60.0 -382.8
60.0 -390.0
60.0 -204.0
60.0 -267.6
60.0 -236.4
60.0 -355.2
61.0 -446.4
61.0 -382.8
61.0 -404.4
61.0 -328.8
61.0 -370.8
61.0 -345.6
61.0 -360.0
61.0 -376.8
61.0 -446.4
61.0 -432.0
61.0 -328.8
61.0 -421.2
61.0 -410.4
61.0 -390.0
61.0 -339.6
61.0 -379.2
61.0 -350.4
61.0 -380.4
61.0 -342.0
61.0 -330.0
61.0 -304.8
62.0 -346.8
62.0 -355.2
62.0 -343.2
62.0 -414.0
62.0 -376.8
62.0 -459.6
62.0 -362.4
62.0 -394.8
62.0 -363.6
62.0 -448.8
62.0 -370.8
62.0 -392.4
62.0 -398.4
62.0 -384.0
62.0 -409.2
62.0 -267.6
62.0 -442.8
62.0 -399.6
63.0 -421.2
63.0 -351.6
63.0 -324.0
63.0 -400.8
63.0 -429.6
63.0 -285.6
63.0 -423.6
63.0 -321.6
63.0 -397.2
63.0 -296.4
63.0 -360.0
63.0 -326.4
63.0 -438.0
63.0 -421.2
63.0 -442.8
63.0 -409.2
63.0 -445.2
63.0 -385.2
63.0 -399.6
63.0 -464.4
63.0 -406.8
63.0 -464.4
63.0 -372.0
64.0 -387.6
64.0 -396.0
64.0 -426.0
64.0 -381.6
64.0 -338.4
64.0 -424.8
64.0 -362.4
64.0 -429.6
64.0 -444.0
64.0 -450.0
64.0 -313.2
64.0 -378.0
64.0 -421.2
64.0 -348.0
64.0 -355.2
64.0 -338.4
64.0 -346.8
64.0 -404.4
64.0 -447.6
64.0 -426.0
65.0 -294.0
65.0 -373.2
65.0 -338.4
65.0 -363.6
65.0 -393.6
65.0 -438.0
65.0 -398.4
65.0 -466.8
65.0 -367.2
65.0 -375.6
65.0 -418.8
65.0 -404.4
65.0 -394.8
65.0 -309.6
65.0 -384.0
65.0 -456.0
65.0 -402.0
65.0 -396.0
65.0 -451.2
65.0 -363.6
65.0 -421.2
65.0 -445.2
65.0 -477.6
65.0 -440.4
66.0 -414.0
66.0 -451.2
66.0 -354.0
66.0 -362.4
66.0 -388.8
66.0 -426.0
66.0 -380.4
66.0 -322.8
66.0 -412.8
66.0 -355.2
66.0 -405.6
66.0 -382.8
66.0 -468.0
66.0 -319.2
66.0 -430.8
66.0 -428.4
66.0 -408.0
66.0 -362.4
66.0 -352.8
66.0 -439.2
66.0 -370.8
66.0 -420.0
66.0 -427.2
66.0 -363.6
66.0 -384.0
66.0 -418.8
66.0 -391.2
66.0 -430.8
66.0 -475.2
66.0 -411.6
66.0 -351.6
67.0 -354.0
67.0 -319.2
67.0 -319.2
67.0 -414.0
67.0 -411.6
67.0 -435.6
67.0 -415.2
67.0 -360.0
67.0 -418.8
67.0 -430.8
67.0 -423.6
67.0 -428.4
67.0 -468.0
67.0 -459.6
67.0 -388.8
67.0 -324.0
67.0 -332.4
67.0 -466.8
67.0 -433.2
67.0 -466.8
67.0 -453.6
67.0 -369.6
67.0 -324.0
67.0 -418.8
67.0 -402.0
67.0 -376.8
67.0 -421.2
68.0 -409.2
68.0 -402.0
68.0 -402.0
68.0 -422.4
68.0 -379.2
68.0 -465.6
68.0 -422.4
68.0 -342.0
68.0 -373.2
68.0 -397.2
68.0 -447.6
68.0 -410.4
68.0 -394.8
68.0 -369.6
68.0 -432.0
68.0 -392.4
68.0 -380.4
68.0 -417.6
69.0 -416.4
69.0 -348.0
69.0 -360.0
69.0 -456.0
69.0 -418.8
69.0 -420.0
69.0 -369.6
69.0 -420.0
69.0 -476.4
69.0 -421.2
69.0 -372.0
69.0 -440.4
69.0 -472.8
69.0 -440.4
69.0 -432.0
69.0 -396.0
69.0 -456.0
69.0 -385.2
69.0 -454.8
69.0 -370.8
69.0 -460.8
69.0 -300.0
69.0 -382.8
69.0 -481.2
69.0 -386.4
69.0 -366.0
69.0 -423.6
69.0 -426.0
69.0 -454.8
70.0 -296.4
70.0 -360.0
70.0 -459.6
70.0 -378.0
70.0 -405.6
70.0 -470.4
70.0 -452.4
70.0 -468.0
70.0 -427.2
70.0 -410.4
70.0 -373.2
70.0 -442.8
70.0 -393.6
70.0 -445.2
70.0 -398.4
70.0 -478.8
70.0 -508.8
70.0 -480.0
70.0 -462.0
70.0 -456.0
70.0 -360.0
70.0 -408.0
70.0 -390.0
70.0 -392.4
70.0 -432.0
70.0 -358.8
70.0 -409.2
70.0 -508.8
70.0 -442.8
70.0 -417.6
70.0 -508.8
70.0 -466.8
71.0 -445.2
71.0 -318.0
71.0 -405.6
71.0 -429.6
71.0 -452.4
71.0 -448.8
71.0 -399.6
71.0 -482.4
71.0 -334.8
71.0 -356.4
71.0 -424.8
71.0 -494.4
71.0 -373.2
71.0 -402.0
71.0 -478.8
71.0 -432.0
71.0 -483.6
71.0 -435.6
71.0 -468.0
71.0 -468.0
71.0 -458.4
71.0 -458.4
71.0 -436.8
71.0 -415.2
71.0 -448.8
71.0 -477.6
71.0 -402.0
71.0 -463.2
71.0 -469.2
71.0 -459.6
71.0 -494.4
71.0 -452.4
71.0 -434.4
71.0 -486.0
71.0 -486.0
72.0 -453.6
72.0 -490.8
72.0 -457.2
72.0 -382.8
72.0 -434.4
72.0 -367.2
72.0 -457.2
72.0 -436.8
72.0 -476.4
72.0 -332.4
72.0 -417.6
72.0 -400.8
72.0 -458.4
72.0 -399.6
72.0 -414.0
72.0 -463.2
72.0 -470.4
72.0 -328.8
72.0 -429.6
72.0 -398.4
72.0 -504.0
72.0 -357.6
72.0 -496.8
72.0 -488.4
72.0 -416.4
72.0 -354.0
72.0 -435.6
72.0 -453.6
72.0 -474.0
72.0 -441.6
72.0 -403.2
72.0 -495.6
72.0 -453.6
73.0 -424.8
73.0 -433.2
73.0 -457.2
73.0 -357.6
73.0 -374.4
73.0 -482.4
73.0 -380.4
73.0 -445.2
73.0 -403.2
73.0 -411.6
73.0 -333.6
73.0 -429.6
73.0 -519.6
73.0 -399.6
73.0 -409.2
73.0 -374.4
73.0 -380.4
73.0 -471.6
73.0 -470.4
73.0 -475.2
73.0 -370.8
73.0 -480.0
73.0 -428.4
73.0 -472.8
73.0 -499.2
73.0 -457.2
73.0 -480.0
73.0 -403.2
73.0 -439.2
73.0 -495.6
73.0 -436.8
73.0 -438.0
73.0 -469.2
73.0 -477.6
73.0 -444.0
74.0 -386.4
74.0 -429.6
74.0 -472.8
74.0 -446.4
74.0 -420.0
74.0 -397.2
74.0 -433.2
74.0 -504.0
74.0 -411.6
74.0 -352.8
74.0 -422.4
74.0 -320.4
74.0 -463.2
74.0 -392.4
74.0 -385.2
74.0 -384.0
74.0 -369.6
74.0 -454.8
74.0 -330.0
74.0 -406.8
74.0 -410.4
74.0 -391.2
74.0 -476.4
74.0 -453.6
74.0 -432.0
74.0 -456.0
74.0 -464.4
74.0 -490.8
74.0 -466.8
74.0 -504.0
74.0 -494.4
74.0 -421.2
74.0 -379.2
74.0 -481.2
74.0 -464.4
74.0 -481.2
74.0 -507.6
74.0 -474.0
75.0 -388.8
75.0 -429.6
75.0 -433.2
75.0 -392.4
75.0 -506.4
75.0 -355.2
75.0 -390.0
75.0 -441.6
75.0 -334.8
75.0 -418.8
75.0 -498.0
75.0 -452.4
75.0 -448.8
75.0 -499.2
75.0 -475.2
75.0 -457.2
75.0 -411.6
75.0 -508.8
75.0 -412.8
75.0 -410.4
75.0 -408.0
75.0 -508.8
75.0 -441.6
75.0 -375.6
75.0 -475.2
75.0 -450.0
75.0 -427.2
75.0 -492.0
76.0 -469.2
76.0 -493.2
76.0 -423.6
76.0 -403.2
76.0 -469.2
76.0 -508.8
76.0 -508.8
76.0 -427.2
76.0 -423.6
76.0 -447.6
76.0 -424.8
76.0 -399.6
76.0 -392.4
76.0 -438.0
76.0 -456.0
76.0 -436.8
76.0 -494.4
76.0 -423.6
76.0 -358.8
76.0 -482.4
76.0 -351.6
76.0 -464.4
76.0 -475.2
76.0 -466.8
76.0 -471.6
76.0 -452.4
76.0 -529.2
76.0 -458.4
77.0 -453.6
77.0 -411.6
77.0 -420.0
77.0 -447.6
77.0 -402.0
77.0 -476.4
77.0 -384.0
77.0 -447.6
77.0 -542.4
77.0 -405.6
77.0 -385.2
77.0 -362.4
77.0 -451.2
77.0 -429.6
77.0 -350.4
77.0 -330.0
77.0 -513.6
77.0 -469.2
77.0 -457.2
77.0 -352.8
77.0 -433.2
77.0 -460.8
77.0 -409.2
77.0 -346.8
77.0 -460.8
77.0 -466.8
77.0 -464.4
77.0 -465.6
77.0 -343.2
77.0 -464.4
77.0 -460.8
77.0 -410.4
77.0 -475.2
77.0 -349.2
77.0 -494.4
77.0 -439.2
77.0 -505.2
77.0 -505.2
77.0 -405.6
77.0 -409.2
77.0 -430.8
77.0 -542.4
77.0 -496.8
77.0 -520.8
77.0 -508.8
77.0 -416.4
77.0 -504.0
77.0 -447.6
78.0 -457.2
78.0 -494.4
78.0 -453.6
78.0 -470.4
78.0 -422.4
78.0 -408.0
78.0 -537.6
78.0 -408.0
78.0 -474.0
78.0 -450.0
78.0 -500.4
78.0 -484.8
78.0 -420.0
78.0 -501.6
78.0 -411.6
78.0 -390.0
78.0 -457.2
78.0 -409.2
78.0 -434.4
78.0 -330.0
78.0 -363.6
78.0 -550.8
78.0 -463.2
78.0 -412.8
78.0 -457.2
78.0 -478.8
78.0 -445.2
78.0 -427.2
78.0 -412.8
78.0 -519.6
78.0 -421.2
78.0 -469.2
78.0 -480.0
78.0 -513.6
78.0 -524.4
78.0 -450.0
78.0 -522.0
78.0 -537.6
78.0 -482.4
78.0 -504.0
78.0 -470.4
78.0 -538.8
78.0 -513.6
78.0 -486.0
78.0 -538.8
79.0 -409.2
79.0 -445.2
79.0 -422.4
79.0 -505.2
79.0 -502.8
79.0 -494.4
79.0 -516.0
79.0 -511.2
79.0 -397.2
79.0 -488.4
79.0 -429.6
79.0 -387.6
79.0 -368.4
79.0 -457.2
79.0 -514.8
79.0 -423.6
79.0 -468.0
79.0 -460.8
79.0 -520.8
79.0 -435.6
79.0 -412.8
79.0 -512.4
79.0 -500.4
79.0 -400.8
79.0 -382.8
79.0 -403.2
79.0 -450.0
79.0 -518.4
79.0 -446.4
79.0 -475.2
79.0 -355.2
79.0 -492.0
80.0 -482.4
80.0 -397.2
80.0 -501.6
80.0 -432.0
80.0 -456.0
80.0 -492.0
80.0 -390.0
80.0 -486.0
80.0 -422.4
80.0 -421.2
80.0 -430.8
80.0 -436.8
80.0 -481.2
80.0 -430.8
80.0 -391.2
80.0 -462.0
80.0 -444.0
80.0 -328.8
80.0 -493.2
80.0 -456.0
80.0 -472.8
80.0 -495.6
80.0 -495.6
80.0 -432.0
80.0 -457.2
80.0 -489.6
80.0 -471.6
80.0 -361.2
80.0 -463.2
80.0 -466.8
80.0 -524.4
80.0 -528.0
80.0 -505.2
80.0 -526.8
80.0 -502.8
80.0 -465.6
80.0 -513.6
80.0 -494.4
80.0 -451.2
80.0 -436.8
80.0 -481.2
80.0 -535.2
80.0 -514.8
80.0 -522.0
80.0 -518.4
80.0 -375.6
80.0 -465.6
81.0 -504.0
81.0 -478.8
81.0 -462.0
81.0 -380.4
81.0 -522.0
81.0 -424.8
81.0 -471.6
81.0 -520.8
81.0 -493.2
81.0 -430.8
81.0 -456.0
81.0 -507.6
81.0 -452.4
81.0 -524.4
81.0 -549.6
81.0 -454.8
81.0 -442.8
81.0 -399.6
81.0 -495.6
81.0 -535.2
81.0 -498.0
81.0 -456.0
81.0 -506.4
81.0 -499.2
81.0 -466.8
81.0 -441.6
81.0 -513.6
81.0 -499.2
81.0 -420.0
81.0 -490.8
81.0 -490.8
81.0 -510.0
81.0 -448.8
81.0 -507.6
81.0 -505.2
81.0 -529.2
81.0 -483.6
81.0 -476.4
81.0 -411.6
81.0 -540.0
81.0 -501.6
81.0 -462.0
81.0 -470.4
81.0 -469.2
81.0 -501.6
81.0 -494.4
81.0 -501.6
81.0 -501.6
81.0 -528.0
81.0 -538.8
81.0 -536.4
82.0 -500.4
82.0 -514.8
82.0 -468.0
82.0 -454.8
82.0 -490.8
82.0 -432.0
82.0 -460.8
82.0 -432.0
82.0 -513.6
82.0 -523.2
82.0 -522.0
82.0 -436.8
82.0 -484.8
82.0 -471.6
82.0 -537.6
82.0 -516.0
82.0 -414.0
82.0 -525.6
82.0 -446.4
82.0 -451.2
82.0 -514.8
82.0 -447.6
82.0 -438.0
82.0 -522.0
82.0 -510.0
82.0 -525.6
82.0 -439.2
82.0 -500.4
82.0 -553.2
82.0 -478.8
82.0 -508.8
83.0 -469.2
83.0 -552.0
83.0 -424.8
83.0 -510.0
83.0 -447.6
83.0 -514.8
83.0 -405.6
83.0 -406.8
83.0 -481.2
83.0 -478.8
83.0 -459.6
83.0 -453.6
83.0 -453.6
83.0 -423.6
83.0 -476.4
83.0 -549.6
83.0 -446.4
83.0 -532.8
83.0 -550.8
83.0 -458.4
83.0 -462.0
83.0 -432.0
83.0 -471.6
83.0 -529.2
83.0 -465.6
83.0 -549.6
83.0 -452.4
83.0 -452.4
83.0 -516.0
83.0 -492.0
83.0 -543.6
83.0 -517.2
83.0 -464.4
84.0 -468.0
84.0 -489.6
84.0 -498.0
84.0 -458.4
84.0 -495.6
84.0 -507.6
84.0 -463.2
84.0 -526.8
84.0 -555.6
84.0 -494.4
84.0 -507.6
84.0 -441.6
84.0 -433.2
84.0 -547.2
84.0 -561.6
84.0 -536.4
84.0 -512.4
84.0 -482.4
84.0 -444.0
84.0 -498.0
84.0 -406.8
84.0 -447.6
84.0 -434.4
84.0 -486.0
84.0 -471.6
84.0 -535.2
84.0 -462.0
84.0 -484.8
84.0 -567.6
84.0 -477.6
84.0 -543.6
84.0 -501.6
84.0 -500.4
84.0 -343.2
85.0 -398.4
85.0 -501.6
85.0 -499.2
85.0 -387.6
85.0 -502.8
85.0 -448.8
85.0 -452.4
85.0 -462.0
85.0 -536.4
85.0 -500.4
85.0 -406.8
85.0 -451.2
85.0 -470.4
85.0 -424.8
85.0 -484.8
85.0 -471.6
85.0 -584.4
85.0 -495.6
85.0 -547.2
85.0 -546.0
85.0 -450.0
85.0 -568.8
85.0 -447.6
85.0 -475.2
85.0 -478.8
85.0 -505.2
85.0 -516.0
85.0 -490.8
85.0 -393.6
85.0 -504.0
85.0 -423.6
85.0 -540.0
85.0 -548.4
85.0 -531.6
85.0 -499.2
85.0 -558.0
85.0 -536.4
85.0 -532.8
86.0 -448.8
86.0 -531.6
86.0 -465.6
86.0 -511.2
86.0 -418.8
86.0 -457.2
86.0 -439.2
86.0 -482.4
86.0 -452.4
86.0 -453.6
86.0 -536.4
86.0 -488.4
86.0 -501.6
86.0 -522.0
86.0 -523.2
86.0 -535.2
86.0 -463.2
86.0 -465.6
86.0 -420.0
86.0 -535.2
86.0 -502.8
86.0 -531.6
86.0 -498.0
86.0 -530.4
86.0 -495.6
86.0 -475.2
86.0 -488.4
86.0 -429.6
86.0 -510.0
86.0 -548.4
86.0 -499.2
86.0 -583.2
86.0 -552.0
86.0 -576.0
86.0 -483.6
86.0 -580.8
86.0 -531.6
86.0 -513.6
86.0 -476.4
86.0 -534.0
86.0 -495.6
87.0 -439.2
87.0 -459.6
87.0 -470.4
87.0 -465.6
87.0 -525.6
87.0 -528.0
87.0 -354.0
87.0 -451.2
87.0 -482.4
87.0 -535.2
87.0 -508.8
87.0 -486.0
87.0 -548.4
87.0 -410.4
87.0 -409.2
87.0 -526.8
87.0 -554.4
87.0 -480.0
87.0 -489.6
87.0 -540.0
87.0 -478.8
87.0 -544.8
87.0 -558.0
87.0 -579.6
87.0 -562.8
87.0 -476.4
87.0 -522.0
87.0 -535.2
87.0 -468.0
87.0 -505.2
87.0 -490.8
87.0 -574.8
87.0 -554.4
87.0 -574.8
87.0 -536.4
87.0 -470.4
87.0 -567.6
87.0 -538.8
87.0 -506.4
87.0 -554.4
87.0 -554.4
87.0 -553.2
87.0 -535.2
87.0 -549.6
88.0 -416.4
88.0 -519.6
88.0 -580.8
88.0 -422.4
88.0 -441.6
88.0 -529.2
88.0 -501.6
88.0 -499.2
88.0 -512.4
88.0 -380.4
88.0 -580.8
88.0 -538.8
88.0 -506.4
88.0 -548.4
88.0 -541.2
88.0 -518.4
88.0 -498.0
88.0 -507.6
88.0 -476.4
88.0 -570.0
88.0 -550.8
88.0 -450.0
88.0 -530.4
88.0 -541.2
88.0 -560.4
88.0 -555.6
88.0 -578.4
88.0 -538.8
88.0 -550.8
88.0 -547.2
89.0 -508.8
89.0 -538.8
89.0 -588.0
89.0 -505.2
89.0 -528.0
89.0 -549.6
89.0 -410.4
89.0 -526.8
89.0 -536.4
89.0 -474.0
89.0 -501.6
89.0 -559.2
89.0 -477.6
89.0 -476.4
89.0 -543.6
89.0 -554.4
89.0 -490.8
89.0 -541.2
89.0 -428.4
89.0 -524.4
89.0 -483.6
89.0 -511.2
89.0 -566.4
89.0 -530.4
89.0 -472.8
89.0 -579.6
89.0 -490.8
89.0 -504.0
89.0 -514.8
89.0 -420.0
89.0 -508.8
89.0 -535.2
89.0 -585.6
89.0 -573.6
89.0 -558.0
89.0 -547.2
89.0 -541.2
89.0 -536.4
89.0 -534.0
89.0 -528.0
89.0 -499.2
90.0 -568.8
90.0 -546.0
90.0 -537.6
90.0 -540.0
90.0 -544.8
90.0 -498.0
90.0 -536.4
90.0 -583.2
90.0 -465.6
90.0 -564.0
90.0 -540.0
90.0 -498.0
90.0 -566.4
90.0 -554.4
90.0 -550.8
90.0 -501.6
90.0 -556.8
90.0 -417.6
90.0 -582.0
90.0 -553.2
90.0 -489.6
90.0 -523.2
90.0 -572.4
90.0 -585.6
90.0 -566.4
90.0 -471.6
90.0 -460.8
90.0 -540.0
90.0 -463.2
90.0 -486.0
90.0 -554.4
90.0 -496.8
90.0 -582.0
91.0 -547.2
91.0 -514.8
91.0 -506.4
91.0 -524.4
91.0 -562.8
91.0 -570.0
91.0 -465.6
91.0 -475.2
91.0 -432.0
91.0 -442.8
91.0 -537.6
91.0 -561.6
91.0 -561.6
91.0 -478.8
91.0 -566.4
91.0 -514.8
91.0 -493.2
91.0 -450.0
91.0 -537.6
91.0 -484.8
91.0 -538.8
91.0 -516.0
91.0 -543.6
91.0 -559.2
91.0 -540.0
91.0 -525.6
91.0 -436.8
91.0 -508.8
91.0 -548.4
91.0 -518.4
91.0 -525.6
91.0 -517.2
91.0 -586.8
91.0 -586.8
91.0 -612.0
91.0 -602.4
91.0 -602.4
91.0 -536.4
92.0 -531.6
92.0 -531.6
92.0 -453.6
92.0 -447.6
92.0 -460.8
92.0 -470.4
92.0 -439.2
92.0 -534.0
92.0 -501.6
92.0 -523.2
92.0 -457.2
92.0 -480.0
92.0 -538.8
92.0 -582.0
92.0 -480.0
92.0 -490.8
92.0 -567.6
92.0 -626.4
92.0 -523.2
92.0 -490.8
92.0 -447.6
92.0 -561.6
92.0 -530.4
92.0 -458.4
92.0 -505.2
92.0 -565.2
92.0 -463.2
92.0 -499.2
92.0 -488.4
92.0 -621.6
92.0 -460.8
92.0 -435.6
92.0 -591.6
92.0 -595.2
92.0 -452.4
92.0 -526.8
92.0 -584.4
92.0 -600.0
92.0 -567.6
92.0 -547.2
92.0 -535.2
92.0 -536.4
92.0 -603.6
93.0 -550.8
93.0 -489.6
93.0 -517.2
93.0 -596.4
93.0 -538.8
93.0 -483.6
93.0 -526.8
93.0 -520.8
93.0 -540.0
93.0 -529.2
93.0 -525.6
93.0 -471.6
93.0 -572.4
93.0 -578.4
93.0 -548.4
93.0 -510.0
93.0 -607.2
93.0 -529.2
93.0 -444.0
93.0 -447.6
93.0 -498.0
93.0 -548.4
93.0 -476.4
93.0 -598.8
93.0 -513.6
93.0 -590.4
93.0 -580.8
93.0 -488.4
93.0 -582.0
93.0 -612.0
93.0 -585.6
93.0 -603.6
93.0 -535.2
93.0 -528.0
93.0 -571.2
93.0 -572.4
93.0 -531.6
93.0 -546.0
93.0 -546.0
94.0 -544.8
94.0 -547.2
94.0 -471.6
94.0 -500.4
94.0 -542.4
94.0 -555.6
94.0 -469.2
94.0 -553.2
94.0 -564.0
94.0 -483.6
94.0 -562.8
94.0 -546.0
94.0 -550.8
94.0 -466.8
94.0 -588.0
94.0 -542.4
94.0 -494.4
94.0 -576.0
94.0 -508.8
94.0 -580.8
94.0 -498.0
94.0 -483.6
94.0 -487.2
94.0 -483.6
94.0 -589.2
94.0 -542.4
94.0 -566.4
94.0 -589.2
94.0 -556.8
94.0 -574.8
94.0 -584.4
94.0 -516.0
94.0 -495.6
94.0 -574.8
94.0 -618.0
94.0 -601.2
94.0 -566.4
94.0 -582.0
94.0 -577.2
94.0 -570.0
94.0 -591.6
95.0 -505.2
95.0 -488.4
95.0 -553.2
95.0 -520.8
95.0 -516.0
95.0 -470.4
95.0 -589.2
95.0 -487.2
95.0 -441.6
95.0 -532.8
95.0 -528.0
95.0 -577.2
95.0 -555.6
95.0 -488.4
95.0 -525.6
95.0 -555.6
95.0 -530.4
95.0 -462.0
95.0 -603.6
95.0 -480.0
95.0 -436.8
95.0 -601.2
95.0 -488.4
95.0 -574.8
95.0 -531.6
95.0 -522.0
95.0 -573.6
95.0 -553.2
95.0 -574.8
95.0 -484.8
95.0 -565.2
95.0 -616.8
95.0 -513.6
95.0 -590.4
95.0 -594.0
95.0 -525.6
95.0 -442.8
95.0 -584.4
95.0 -571.2
95.0 -583.2
95.0 -590.4
95.0 -572.4
95.0 -565.2
95.0 -554.4
95.0 -614.4
95.0 -561.6
95.0 -514.8
95.0 -566.4
95.0 -513.6
96.0 -494.4
96.0 -542.4
96.0 -579.6
96.0 -490.8
96.0 -506.4
96.0 -583.2
96.0 -524.4
96.0 -598.8
96.0 -440.4
96.0 -580.8
96.0 -556.8
96.0 -464.4
96.0 -494.4
96.0 -464.4
96.0 -592.8
96.0 -543.6
96.0 -552.0
96.0 -579.6
96.0 -579.6
96.0 -595.2
96.0 -540.0
96.0 -534.0
96.0 -588.0
96.0 -586.8
96.0 -550.8
96.0 -573.6
97.0 -620.4
97.0 -525.6
97.0 -474.0
97.0 -608.4
97.0 -608.4
97.0 -579.6
97.0 -555.6
97.0 -566.4
97.0 -548.4
97.0 -524.4
97.0 -614.4
97.0 -507.6
97.0 -626.4
97.0 -498.0
97.0 -487.2
97.0 -565.2
97.0 -536.4
97.0 -412.8
97.0 -526.8
97.0 -553.2
97.0 -606.0
97.0 -609.6
97.0 -489.6
97.0 -631.2
97.0 -580.8
97.0 -540.0
97.0 -548.4
97.0 -500.4
97.0 -598.8
97.0 -631.2
97.0 -588.0
97.0 -568.8
97.0 -597.6
97.0 -586.8
97.0 -567.6
97.0 -612.0
98.0 -543.6
98.0 -450.0
98.0 -561.6
98.0 -541.2
98.0 -500.4
98.0 -534.0
98.0 -532.8
98.0 -613.2
98.0 -603.6
98.0 -531.6
98.0 -508.8
98.0 -579.6
98.0 -474.0
98.0 -576.0
98.0 -583.2
98.0 -553.2
98.0 -524.4
98.0 -614.4
98.0 -547.2
98.0 -584.4
98.0 -603.6
98.0 -574.8
98.0 -628.8
98.0 -544.8
98.0 -555.6
98.0 -607.2
98.0 -624.0
98.0 -614.4
98.0 -522.0
98.0 -550.8
98.0 -591.6
98.0 -616.8
98.0 -627.6
98.0 -476.4
98.0 -595.2
98.0 -619.2
98.0 -619.2
98.0 -512.4
98.0 -585.6
98.0 -554.4
98.0 -619.2
98.0 -610.8
98.0 -624.0
98.0 -549.6
98.0 -522.0
98.0 -602.4
98.0 -638.4
98.0 -620.4
98.0 -458.4
98.0 -580.8
98.0 -507.6
98.0 -627.6
98.0 -552.0
98.0 -615.6
98.0 -577.2
98.0 -556.8
98.0 -584.4
98.0 -576.0
99.0 -559.2
99.0 -517.2
99.0 -517.2
99.0 -496.8
99.0 -546.0
99.0 -583.2
99.0 -574.8
99.0 -464.4
99.0 -468.0
99.0 -529.2
99.0 -542.4
99.0 -555.6
99.0 -584.4
99.0 -550.8
99.0 -529.2
99.0 -525.6
99.0 -579.6
99.0 -615.6
99.0 -535.2
99.0 -519.6
99.0 -523.2
99.0 -580.8
99.0 -610.8
99.0 -553.2
99.0 -519.6
99.0 -626.4
99.0 -615.6
99.0 -565.2
99.0 -543.6
99.0 -507.6
99.0 -562.8
99.0 -541.2
99.0 -591.6
99.0 -590.4
99.0 -536.4
99.0 -628.8
99.0 -522.0
99.0 -549.6
99.0 -597.6
100.0 -517.2
100.0 -525.6
100.0 -500.4
100.0 -529.2
100.0 -614.4
100.0 -597.6
100.0 -525.6
100.0 -532.8
100.0 -388.8
100.0 -522.0
100.0 -613.2
100.0 -505.2
100.0 -654.0
100.0 -609.6
100.0 -601.2
100.0 -572.4
100.0 -576.0
100.0 -622.8
100.0 -604.8
100.0 -566.4
100.0 -564.0
100.0 -602.4
100.0 -553.2
100.0 -572.4
100.0 -627.6
100.0 -520.8
100.0 -640.8
100.0 -552.0
100.0 -615.6
100.0 -615.6
100.0 -622.8
100.0 -537.6
100.0 -552.0
100.0 -583.2
100.0 -606.0
100.0 -616.8
100.0 -574.8
100.0 -604.8
100.0 -567.6
100.0 -615.6
101.0 -538.8
101.0 -579.6
101.0 -546.0
101.0 -603.6
101.0 -565.2
101.0 -541.2
101.0 -502.8
101.0 -554.4
101.0 -580.8
101.0 -538.8
101.0 -655.2
101.0 -547.2
101.0 -502.8
101.0 -572.4
101.0 -582.0
101.0 -597.6
101.0 -631.2
101.0 -549.6
101.0 -554.4
101.0 -630.0
101.0 -582.0
101.0 -589.2
101.0 -619.2
101.0 -555.6
101.0 -574.8
101.0 -555.6
101.0 -603.6
101.0 -580.8
101.0 -639.6
101.0 -648.0
101.0 -511.2
101.0 -578.4
101.0 -534.0
101.0 -655.2
101.0 -616.8
101.0 -648.0
101.0 -583.2
101.0 -438.0
101.0 -608.4
101.0 -589.2
101.0 -571.2
101.0 -598.8
101.0 -612.0
101.0 -625.2
101.0 -564.0
101.0 -561.6
102.0 -571.2
102.0 -538.8
102.0 -618.0
102.0 -616.8
102.0 -482.4
102.0 -596.4
102.0 -559.2
102.0 -576.0
102.0 -566.4
102.0 -534.0
102.0 -489.6
102.0 -568.8
102.0 -511.2
102.0 -506.4
102.0 -534.0
102.0 -622.8
102.0 -532.8
102.0 -522.0
102.0 -510.0
102.0 -624.0
102.0 -541.2
102.0 -516.0
102.0 -478.8
102.0 -601.2
102.0 -571.2
102.0 -562.8
102.0 -542.4
102.0 -627.6
102.0 -616.8
102.0 -619.2
102.0 -529.2
102.0 -590.4
102.0 -561.6
102.0 -630.0
102.0 -630.0
102.0 -536.4
102.0 -615.6
102.0 -615.6
102.0 -614.4
102.0 -592.8
102.0 -619.2
102.0 -561.6
102.0 -583.2
103.0 -532.8
103.0 -577.2
103.0 -436.8
103.0 -531.6
103.0 -626.4
103.0 -554.4
103.0 -589.2
103.0 -540.0
103.0 -469.2
103.0 -567.6
103.0 -486.0
103.0 -650.4
103.0 -670.8
103.0 -609.6
103.0 -579.6
103.0 -613.2
103.0 -619.2
103.0 -492.0
103.0 -536.4
103.0 -518.4
103.0 -571.2
103.0 -640.8
103.0 -585.6
103.0 -556.8
103.0 -532.8
103.0 -633.6
103.0 -540.0
103.0 -512.4
103.0 -526.8
103.0 -627.6
103.0 -595.2
103.0 -602.4
103.0 -651.6
103.0 -567.6
104.0 -529.2
104.0 -543.6
104.0 -562.8
104.0 -613.2
104.0 -595.2
104.0 -586.8
104.0 -612.0
104.0 -518.4
104.0 -609.6
104.0 -578.4
104.0 -538.8
104.0 -572.4
104.0 -572.4
104.0 -500.4
104.0 -637.2
104.0 -596.4
104.0 -601.2
104.0 -594.0
104.0 -648.0
104.0 -628.8
104.0 -630.0
104.0 -595.2
104.0 -620.4
104.0 -564.0
104.0 -660.0
104.0 -576.0
104.0 -660.0
104.0 -621.6
104.0 -604.8
104.0 -582.0
104.0 -572.4
104.0 -548.4
104.0 -528.0
104.0 -502.8
104.0 -610.8
104.0 -603.6
104.0 -579.6
104.0 -626.4
105.0 -616.8
105.0 -568.8
105.0 -555.6
105.0 -660.0
105.0 -578.4
105.0 -564.0
105.0 -457.2
105.0 -602.4
105.0 -570.0
105.0 -500.4
105.0 -516.0
105.0 -621.6
105.0 -616.8
105.0 -640.8
105.0 -636.0
105.0 -636.0
105.0 -620.4
105.0 -625.2
105.0 -585.6
105.0 -634.8
105.0 -690.0
105.0 -564.0
105.0 -640.8
105.0 -448.8
105.0 -562.8
105.0 -606.0
105.0 -627.6
105.0 -523.2
105.0 -520.8
105.0 -657.6
105.0 -591.6
105.0 -597.6
105.0 -627.6
105.0 -597.6
105.0 -596.4
105.0 -632.4
105.0 -590.4
105.0 -661.2
105.0 -570.0
105.0 -573.6
105.0 -583.2
105.0 -619.2
105.0 -561.6
105.0 -501.6
105.0 -666.0
105.0 -572.4
105.0 -513.6
106.0 -544.8
106.0 -631.2
106.0 -546.0
106.0 -619.2
106.0 -556.8
106.0 -559.2
106.0 -658.8
106.0 -522.0
106.0 -595.2
106.0 -591.6
106.0 -646.8
106.0 -573.6
106.0 -612.0
106.0 -512.4
106.0 -546.0
106.0 -595.2
106.0 -648.0
106.0 -585.6
106.0 -566.4
106.0 -573.6
106.0 -602.4
106.0 -579.6
106.0 -546.0
106.0 -642.0
106.0 -596.4
106.0 -607.2
106.0 -615.6
106.0 -580.8
106.0 -592.8
106.0 -595.2
106.0 -550.8
106.0 -638.4
106.0 -595.2
106.0 -614.4
106.0 -627.6
106.0 -612.0
106.0 -613.2
106.0 -610.8
106.0 -487.2
106.0 -642.0
106.0 -481.2
106.0 -639.6
107.0 -591.6
107.0 -573.6
107.0 -488.4
107.0 -505.2
107.0 -596.4
107.0 -649.2
107.0 -680.4
107.0 -632.4
107.0 -621.6
107.0 -607.2
107.0 -526.8
107.0 -621.6
107.0 -643.2
107.0 -632.4
107.0 -616.8
107.0 -565.2
107.0 -656.4
107.0 -613.2
107.0 -640.8
107.0 -592.8
107.0 -602.4
107.0 -592.8
107.0 -652.8
107.0 -517.2
107.0 -564.0
108.0 -612.0
108.0 -540.0
108.0 -631.2
108.0 -582.0
108.0 -616.8
108.0 -568.8
108.0 -612.0
108.0 -592.8
108.0 -644.4
108.0 -547.2
108.0 -609.6
108.0 -610.8
108.0 -529.2
108.0 -591.6
108.0 -624.0
108.0 -640.8
108.0 -612.0
108.0 -633.6
108.0 -621.6
108.0 -501.6
108.0 -573.6
108.0 -568.8
108.0 -518.4
108.0 -652.8
108.0 -566.4
108.0 -648.0
108.0 -627.6
108.0 -674.4
108.0 -552.0
108.0 -688.8
108.0 -657.6
108.0 -631.2
108.0 -602.4
108.0 -624.0
108.0 -633.6
108.0 -566.4
108.0 -589.2
108.0 -688.8
108.0 -646.8
108.0 -637.2
108.0 -517.2
108.0 -622.8
108.0 -583.2
108.0 -616.8
109.0 -652.8
109.0 -598.8
109.0 -606.0
109.0 -516.0
109.0 -554.4
109.0 -620.4
109.0 -565.2
109.0 -685.2
109.0 -582.0
109.0 -561.6
109.0 -510.0
109.0 -578.4
109.0 -560.4
109.0 -649.2
109.0 -660.0
109.0 -549.6
109.0 -595.2
109.0 -555.6
109.0 -543.6
109.0 -631.2
109.0 -595.2
109.0 -549.6
109.0 -662.4
109.0 -684.0
109.0 -658.8
109.0 -672.0
109.0 -565.2
109.0 -631.2
109.0 -626.4
109.0 -550.8
109.0 -654.0
109.0 -674.4
110.0 -595.2
110.0 -655.2
110.0 -624.0
110.0 -568.8
110.0 -477.6
110.0 -639.6
110.0 -628.8
110.0 -649.2
110.0 -643.2
110.0 -614.4
110.0 -588.0
110.0 -546.0
110.0 -577.2
110.0 -606.0
110.0 -546.0
110.0 -596.4
110.0 -602.4
110.0 -624.0
110.0 -628.8
110.0 -684.0
110.0 -637.2
110.0 -650.4
110.0 -590.4
110.0 -624.0
110.0 -622.8
110.0 -594.0
110.0 -650.4
110.0 -519.6
110.0 -639.6
110.0 -590.4
110.0 -571.2
110.0 -652.8
110.0 -561.6
110.0 -644.4
111.0 -638.4
111.0 -637.2
111.0 -596.4
111.0 -622.8
111.0 -571.2
111.0 -550.8
111.0 -534.0
111.0 -478.8
111.0 -674.4
111.0 -525.6
111.0 -513.6
111.0 -691.2
111.0 -703.2
111.0 -525.6
111.0 -541.2
111.0 -657.6
111.0 -650.4
111.0 -676.8
111.0 -643.2
111.0 -688.8
111.0 -649.2
111.0 -661.2
111.0 -644.4
111.0 -600.0
111.0 -650.4
111.0 -657.6
112.0 -552.0
112.0 -601.2
112.0 -514.8
112.0 -634.8
112.0 -638.4
112.0 -589.2
112.0 -655.2
112.0 -604.8
112.0 -578.4
112.0 -639.6
112.0 -608.4
112.0 -729.6
112.0 -657.6
112.0 -463.2
112.0 -620.4
112.0 -664.8
112.0 -567.6
112.0 -648.0
112.0 -646.8
112.0 -687.6
112.0 -664.8
112.0 -613.2
112.0 -650.4
112.0 -688.8
112.0 -574.8
112.0 -582.0
112.0 -624.0
112.0 -573.6
112.0 -632.4
112.0 -636.0
113.0 -618.0
113.0 -614.4
113.0 -658.8
113.0 -570.0
113.0 -631.2
113.0 -661.2
113.0 -618.0
113.0 -585.6
113.0 -682.8
113.0 -549.6
113.0 -730.8
113.0 -676.8
113.0 -642.0
113.0 -649.2
113.0 -705.6
113.0 -652.8
113.0 -636.0
113.0 -586.8
113.0 -618.0
113.0 -627.6
114.0 -637.2
114.0 -628.8
114.0 -598.8
114.0 -598.8
114.0 -433.2
114.0 -609.6
114.0 -624.0
114.0 -628.8
114.0 -676.8
114.0 -726.0
114.0 -548.4
114.0 -654.0
114.0 -678.0
114.0 -614.4
114.0 -619.2
114.0 -579.6
114.0 -621.6
114.0 -687.6
114.0 -662.4
114.0 -691.2
114.0 -630.0
114.0 -616.8
114.0 -589.2
114.0 -640.8
114.0 -650.4
114.0 -600.0
115.0 -583.2
115.0 -651.6
115.0 -615.6
115.0 -534.0
115.0 -686.4
115.0 -579.6
115.0 -566.4
115.0 -546.0
115.0 -588.0
115.0 -584.4
115.0 -669.6
115.0 -554.4
115.0 -678.0
115.0 -632.4
115.0 -621.6
115.0 -649.2
115.0 -595.2
115.0 -537.6
115.0 -584.4
115.0 -700.8
115.0 -645.6
115.0 -618.0
115.0 -574.8
115.0 -627.6
115.0 -646.8
115.0 -663.6
115.0 -645.6
115.0 -656.4
116.0 -578.4
116.0 -573.6
116.0 -582.0
116.0 -598.8
116.0 -610.8
116.0 -604.8
116.0 -649.2
116.0 -656.4
116.0 -589.2
116.0 -684.0
116.0 -620.4
116.0 -620.4
116.0 -651.6
116.0 -661.2
116.0 -656.4
116.0 -674.4
116.0 -672.0
116.0 -664.8
116.0 -674.4
116.0 -615.6
116.0 -598.8
116.0 -624.0
116.0 -582.0
116.0 -615.6
116.0 -658.8
116.0 -692.4
116.0 -690.0
116.0 -691.2
116.0 -686.4
117.0 -494.4
117.0 -627.6
117.0 -592.8
117.0 -573.6
117.0 -686.4
117.0 -657.6
117.0 -626.4
117.0 -676.8
117.0 -578.4
117.0 -663.6
117.0 -610.8
117.0 -696.0
117.0 -619.2
117.0 -564.0
117.0 -610.8
117.0 -626.4
117.0 -639.6
117.0 -676.8
117.0 -718.8
117.0 -627.6
117.0 -685.2
117.0 -626.4
117.0 -706.8
117.0 -718.8
117.0 -678.0
118.0 -703.2
118.0 -568.8
118.0 -639.6
118.0 -633.6
118.0 -672.0
118.0 -604.8
118.0 -652.8
118.0 -609.6
118.0 -601.2
118.0 -598.8
118.0 -559.2
118.0 -715.2
118.0 -676.8
118.0 -718.8
118.0 -642.0
118.0 -679.2
118.0 -614.4
118.0 -687.6
118.0 -613.2
118.0 -546.0
118.0 -720.0
118.0 -655.2
118.0 -680.4
118.0 -639.6
118.0 -614.4
118.0 -643.2
118.0 -657.6
119.0 -630.0
119.0 -633.6
119.0 -644.4
119.0 -667.2
119.0 -679.2
119.0 -667.2
119.0 -604.8
119.0 -660.0
119.0 -585.6
119.0 -724.8
119.0 -640.8
119.0 -597.6
119.0 -626.4
119.0 -678.0
119.0 -612.0
119.0 -603.6
119.0 -698.4
119.0 -636.0
119.0 -615.6
119.0 -638.4
119.0 -678.0
119.0 -698.4
120.0 -681.6
120.0 -601.2
120.0 -607.2
120.0 -579.6
120.0 -638.4
120.0 -710.4
120.0 -574.8
120.0 -663.6
120.0 -691.2
120.0 -613.2
120.0 -571.2
120.0 -672.0
120.0 -543.6
120.0 -663.6
120.0 -669.6
120.0 -636.0
120.0 -698.4
120.0 -658.8
120.0 -590.4
120.0 -622.8
120.0 -684.0
120.0 -642.0
120.0 -705.6
121.0 -670.8
121.0 -675.6
121.0 -620.4
121.0 -721.2
121.0 -608.4
121.0 -656.4
121.0 -700.8
121.0 -688.8
121.0 -627.6
121.0 -567.6
121.0 -610.8
121.0 -598.8
121.0 -728.4
121.0 -715.2
121.0 -668.4
121.0 -678.0
121.0 -691.2
121.0 -523.2
121.0 -680.4
122.0 -654.0
122.0 -633.6
122.0 -686.4
122.0 -560.4
122.0 -535.2
122.0 -711.6
122.0 -640.8
122.0 -718.8
122.0 -717.6
122.0 -718.8
122.0 -697.2
122.0 -704.4
122.0 -572.4
122.0 -682.8
122.0 -619.2
122.0 -589.2
122.0 -632.4
122.0 -614.4
122.0 -720.0
122.0 -715.2
122.0 -642.0
122.0 -672.0
122.0 -698.4
122.0 -715.2
122.0 -728.4
122.0 -552.0
122.0 -676.8
122.0 -674.4
123.0 -670.8
123.0 -626.4
123.0 -657.6
123.0 -667.2
123.0 -664.8
123.0 -657.6
123.0 -694.8
123.0 -583.2
123.0 -619.2
123.0 -674.4
123.0 -651.6
123.0 -706.8
123.0 -600.0
123.0 -720.0
123.0 -670.8
123.0 -685.2
123.0 -606.0
123.0 -656.4
123.0 -670.8
123.0 -720.0
123.0 -660.0
123.0 -694.8
123.0 -650.4
123.0 -687.6
123.0 -657.6
124.0 -667.2
124.0 -652.8
124.0 -730.8
124.0 -618.0
124.0 -638.4
124.0 -525.6
124.0 -658.8
124.0 -710.4
124.0 -679.2
124.0 -666.0
124.0 -596.4
124.0 -622.8
124.0 -634.8
124.0 -667.2
124.0 -704.4
124.0 -583.2
124.0 -681.6
124.0 -646.8
125.0 -657.6
125.0 -625.2
125.0 -572.4
125.0 -658.8
125.0 -699.6
125.0 -741.6
125.0 -606.0
125.0 -584.4
125.0 -618.0
125.0 -632.4
125.0 -675.6
125.0 -697.2
125.0 -603.6
125.0 -687.6
125.0 -649.2
125.0 -694.8
125.0 -601.2
125.0 -764.4
125.0 -739.2
126.0 -697.2
126.0 -654.0
126.0 -688.8
126.0 -674.4
126.0 -578.4
126.0 -696.0
126.0 -673.2
126.0 -748.8
126.0 -733.2
126.0 -733.2
126.0 -721.2
126.0 -644.4
126.0 -702.0
126.0 -738.0
126.0 -745.2
126.0 -745.2
126.0 -681.6
126.0 -685.2
127.0 -735.6
127.0 -645.6
127.0 -717.6
127.0 -649.2
127.0 -574.8
127.0 -663.6
127.0 -684.0
127.0 -709.2
127.0 -763.2
127.0 -705.6
127.0 -720.0
127.0 -646.8
127.0 -709.2
127.0 -679.2
127.0 -726.0
127.0 -648.0
127.0 -667.2
127.0 -578.4
127.0 -668.4
127.0 -709.2
127.0 -712.8
127.0 -706.8
128.0 -595.2
128.0 -668.4
128.0 -625.2
128.0 -650.4
128.0 -721.2
128.0 -716.4
128.0 -723.6
128.0 -717.6
128.0 -657.6
128.0 -694.8
128.0 -678.0
128.0 -638.4
128.0 -616.8
128.0 -754.8
128.0 -726.0
128.0 -703.2
128.0 -740.4
128.0 -702.0
129.0 -673.2
129.0 -711.6
129.0 -717.6
129.0 -724.8
129.0 -636.0
129.0 -735.6
129.0 -624.0
129.0 -751.2
129.0 -730.8
129.0 -645.6
129.0 -716.4
130.0 -730.8
130.0 -674.4
130.0 -711.6
130.0 -566.4
130.0 -753.6
130.0 -717.6
131.0 -656.4
131.0 -637.2
131.0 -643.2
131.0 -790.8
131.0 -603.6
131.0 -697.2
131.0 -634.8
131.0 -684.0
131.0 -702.0
131.0 -596.4
131.0 -742.8
131.0 -748.8
131.0 -735.6
131.0 -717.6
131.0 -726.0
131.0 -700.8
131.0 -682.8
131.0 -706.8
131.0 -697.2
132.0 -735.6
132.0 -573.6
132.0 -759.6
132.0 -682.8
132.0 -777.6
132.0 -768.0
132.0 -681.6
132.0 -711.6
132.0 -704.4
132.0 -718.8
132.0 -706.8
132.0 -738.0
132.0 -685.2
133.0 -685.2
133.0 -709.2
133.0 -604.8
133.0 -678.0
133.0 -686.4
133.0 -744.0
133.0 -744.0
133.0 -691.2
133.0 -622.8
133.0 -733.2
133.0 -634.8
133.0 -548.4
133.0 -738.0
134.0 -698.4
134.0 -733.2
134.0 -740.4
134.0 -705.6
134.0 -675.6
134.0 -663.6
134.0 -732.0
134.0 -734.4
134.0 -740.4
134.0 -714.0
134.0 -708.0
135.0 -776.4
135.0 -660.0
135.0 -658.8
135.0 -655.2
135.0 -757.2
135.0 -686.4
135.0 -738.0
135.0 -818.4
135.0 -637.2
135.0 -720.0
135.0 -777.6
135.0 -734.4
135.0 -794.4
135.0 -738.0
135.0 -702.0
135.0 -724.8
135.0 -664.8
135.0 -698.4
135.0 -592.8
135.0 -692.4
136.0 -676.8
136.0 -709.2
136.0 -736.8
136.0 -769.2
136.0 -770.4
136.0 -805.2
136.0 -712.8
136.0 -724.8
136.0 -679.2
136.0 -723.6
136.0 -794.4
136.0 -772.8
136.0 -745.2
136.0 -751.2
137.0 -606.0
137.0 -622.8
137.0 -854.4
137.0 -710.4
137.0 -734.4
137.0 -710.4
137.0 -696.0
137.0 -768.0
137.0 -764.4
137.0 -669.6
137.0 -630.0
137.0 -684.0
137.0 -753.6
137.0 -732.0
138.0 -685.2
138.0 -637.2
138.0 -656.4
138.0 -703.2
138.0 -782.4
138.0 -702.0
138.0 -679.2
138.0 -681.6
138.0 -777.6
138.0 -727.2
139.0 -787.2
139.0 -756.0
139.0 -633.6
139.0 -801.6
139.0 -757.2
139.0 -585.6
139.0 -715.2
139.0 -646.8
139.0 -796.8
139.0 -747.6
139.0 -810.0
139.0 -693.6
139.0 -756.0
139.0 -729.6
139.0 -739.2
139.0 -769.2
140.0 -670.8
140.0 -705.6
140.0 -796.8
140.0 -729.6
140.0 -788.4
140.0 -793.2
140.0 -696.0
140.0 -709.2
140.0 -769.2
140.0 -734.4
140.0 -787.2
140.0 -636.0
140.0 -746.4
140.0 -739.2
141.0 -686.4
141.0 -734.4
141.0 -692.4
141.0 -817.2
141.0 -709.2
141.0 -752.4
141.0 -688.8
141.0 -676.8
141.0 -728.4
141.0 -776.4
141.0 -723.6
141.0 -776.4
141.0 -759.6
142.0 -739.2
142.0 -746.4
142.0 -806.4
142.0 -757.2
142.0 -727.2
142.0 -758.4
142.0 -736.8
142.0 -672.0
142.0 -746.4
142.0 -724.8
143.0 -687.6
143.0 -792.0
143.0 -760.8
143.0 -670.8
143.0 -693.6
143.0 -685.2
143.0 -788.4
143.0 -709.2
143.0 -790.8
143.0 -774.0
143.0 -724.8
144.0 -770.4
144.0 -739.2
144.0 -606.0
144.0 -742.8
144.0 -579.6
144.0 -844.8
144.0 -636.0
144.0 -676.8
144.0 -759.6
144.0 -747.6
144.0 -715.2
144.0 -764.4
144.0 -704.4
144.0 -775.2
145.0 -728.4
145.0 -730.8
146.0 -693.6
146.0 -706.8
146.0 -718.8
146.0 -760.8
146.0 -826.8
146.0 -754.8
146.0 -808.8
146.0 -728.4
146.0 -808.8
146.0 -799.2
146.0 -802.8
147.0 -735.6
147.0 -770.4
147.0 -806.4
147.0 -708.0
147.0 -796.8
147.0 -828.0
147.0 -782.4
147.0 -648.0
148.0 -655.2
148.0 -776.4
148.0 -820.8
148.0 -789.6
148.0 -762.0
148.0 -738.0
148.0 -825.6
149.0 -892.8
149.0 -715.2
149.0 -896.4
149.0 -703.2
149.0 -834.0
149.0 -790.8
149.0 -772.8
150.0 -750.0
150.0 -811.2
150.0 -778.8
151.0 -726.0
151.0 -849.6
151.0 -716.4
151.0 -764.4
151.0 -871.2
151.0 -775.2
151.0 -643.2
151.0 -739.2
152.0 -692.4
152.0 -741.6
152.0 -837.6
152.0 -804.0
152.0 -780.0
152.0 -850.8
152.0 -796.8
153.0 -800.4
153.0 -805.2
153.0 -793.2
153.0 -748.8
154.0 -750.0
154.0 -705.6
154.0 -764.4
154.0 -872.4
154.0 -811.2
154.0 -808.8
154.0 -849.6
155.0 -804.0
155.0 -820.8
155.0 -732.0
155.0 -729.6
156.0 -715.2
156.0 -844.8
156.0 -883.2
156.0 -700.8
156.0 -790.8
157.0 -747.6
157.0 -829.2
157.0 -789.6
157.0 -723.6
157.0 -871.2
157.0 -860.4
157.0 -816.0
158.0 -930.0
158.0 -868.8
158.0 -800.4
159.0 -720.0
159.0 -728.4
159.0 -822.0
160.0 -886.8
160.0 -834.0
160.0 -780.0
160.0 -871.2
161.0 -753.6
161.0 -846.0
161.0 -718.8
161.0 -877.2
162.0 -828.0
162.0 -772.8
162.0 -855.6
162.0 -831.6
162.0 -876.0
163.0 -758.4
163.0 -800.4
163.0 -812.4
163.0 -806.4
164.0 -968.4
164.0 -842.4
164.0 -838.8
164.0 -818.4
164.0 -868.8
164.0 -844.8
164.0 -854.4
164.0 -776.4
164.0 -770.4
165.0 -864.0
165.0 -867.6
165.0 -802.8
165.0 -802.8
166.0 -903.6
166.0 -818.4
166.0 -864.0
166.0 -823.2
167.0 -848.4
167.0 -813.6
167.0 -819.6
168.0 -800.4
168.0 -793.2
168.0 -955.2
168.0 -903.6
168.0 -897.6
168.0 -891.6
169.0 -885.6
169.0 -879.6
170.0 -855.6
170.0 -847.2
170.0 -790.8
171.0 -836.4
171.0 -837.6
171.0 -885.6
171.0 -855.6
172.0 -760.8
172.0 -945.6
174.0 -813.6
174.0 -754.8
175.0 -868.8
175.0 -752.4
175.0 -855.6
176.0 -872.4
178.0 -843.6
178.0 -904.8
178.0 -806.4
179.0 -886.8
180.0 -843.6
180.0 -942.0
180.0 -921.6
181.0 -958.8
181.0 -907.2
183.0 -876.0
184.0 -796.8
184.0 -944.4
185.0 -849.6
185.0 -867.6
187.0 -806.4
187.0 -926.4
188.0 -991.2
189.0 -967.2
189.0 -804.0
190.0 -876.0
192.0 -956.4
194.0 -915.6
195.0 -913.2
196.0 -954.0
198.0 -868.8
198.0 -1083.6
200.0 -964.8
201.0 -1083.6
202.0 -926.4
203.0 -966.0
206.0 -999.6
208.0 -1040.4
208.0 -992.4
210.0 -1108.8
211.0 -1084.8
213.0 -1082.4
214.0 -1011.6
214.0 -1074.0
214.0 -1090.8
216.0 -1108.8
218.0 -1141.2
220.0 -1068.0
221.0 -1146.0
221.0 -1212.0
222.0 -1129.2
222.0 -1138.8
225.0 -1105.2
225.0 -1036.8
226.0 -1141.2
228.0 -1212.0
231.0 -1117.2
232.0 -1172.4
233.0 -1188.0
234.0 -1251.6
234.0 -1147.2
240.0 -1201.2
240.0 -1249.2
241.0 -1290.0
244.0 -1083.6
247.0 -1226.4
247.0 -1323.6
249.0 -1177.2
249.0 -1274.4
254.0 -1261.2
255.0 -1369.2
257.0 -1407.6
257.0 -1376.4
257.0 -1419.6
259.0 -1356.0
259.0 -1278.0
261.0 -1292.4
261.0 -1192.8
261.0 -1350.0
263.0 -1222.8
265.0 -1366.8
268.0 -1262.4
268.0 -1346.4
269.0 -1357.2
273.0 -1426.8
273.0 -1366.8
275.0 -1381.2
276.0 -1377.6
276.0 -1398.0
279.0 -1425.6
280.0 -1441.2
291.0 -1281.6
293.0 -1405.2
293.0 -1465.2
294.0 -1441.2
300.0 -1444.8
313.0 -1581.6
320.0 -1510.8
328.0 -1479.6
394.0 -1754.4
399.0 -1864.8
402.0 -1836.0
404.0 -1896.0
407.0 -2018.4
412.0 -1897.2
424.0 -1994.4
426.0 -2050.8
427.0 -1921.2
431.0 -1945.2
432.0 -2061.6
436.0 -2004.0
436.0 -2036.4
442.0 -1917.6
448.0 -2085.6
449.0 -2067.6
454.0 -2018.4
461.0 -2084.4
461.0 -2073.6
467.0 -2143.2
471.0 -2193.6
473.0 -2241.6
475.0 -2211.6
475.0 -2235.6
476.0 -2148.0
477.0 -2184.0
480.0 -2121.6
481.0 -2130.0
481.0 -2253.6
481.0 -2182.8
483.0 -2167.2
484.0 -2268.0
484.0 -2230.8
484.0 -2310.0
485.0 -2274.0
486.0 -2162.4
486.0 -2270.4
487.0 -2216.4
487.0 -2170.8
487.0 -2198.4
488.0 -2262.0
488.0 -2184.0
489.0 -2126.4
490.0 -2265.6
492.0 -2353.2
492.0 -2227.2
492.0 -2234.4
493.0 -2272.8
493.0 -2268.0
496.0 -2274.0
496.0 -2386.8
496.0 -2326.8
497.0 -2360.4
498.0 -2269.2
499.0 -2319.6
499.0 -2392.8
500.0 -2419.2
500.0 -2290.8
501.0 -2319.6
502.0 -2298.0
502.0 -2341.2
502.0 -2229.6
503.0 -2228.4
503.0 -2265.6
503.0 -2227.2
504.0 -2398.8
505.0 -2329.2
505.0 -2338.8
507.0 -2389.2
507.0 -2300.4
508.0 -2334.0
508.0 -2284.8
508.0 -2329.2
510.0 -2374.8
510.0 -2305.2
510.0 -2349.6
511.0 -2373.6
511.0 -2314.8
511.0 -2382.0
512.0 -2262.0
512.0 -2378.4
512.0 -2263.2
512.0 -2336.4
513.0 -2452.8
513.0 -2313.6
513.0 -2391.6
513.0 -2404.8
514.0 -2486.4
514.0 -2432.4
514.0 -2474.4
514.0 -2422.8
516.0 -2364.0
516.0 -2398.8
516.0 -2460.0
517.0 -2206.8
517.0 -2372.4
517.0 -2394.0
517.0 -2509.2
517.0 -2331.6
517.0 -2104.8
518.0 -2440.8
518.0 -2394.0
518.0 -2288.4
518.0 -2497.2
519.0 -2328.0
519.0 -2394.0
520.0 -2451.6
520.0 -2305.2
520.0 -2337.6
521.0 -2442.0
521.0 -2400.0
521.0 -2486.4
522.0 -2452.8
523.0 -2475.6
523.0 -2472.0
523.0 -2550.0
523.0 -2413.2
523.0 -2392.8
524.0 -2469.6
524.0 -2377.2
524.0 -2385.6
524.0 -2366.4
525.0 -2412.0
525.0 -2427.6
526.0 -2372.4
526.0 -2467.2
526.0 -2472.0
527.0 -2478.0
527.0 -2366.4
527.0 -2462.4
527.0 -2438.4
527.0 -2430.0
528.0 -2310.0
528.0 -2428.8
528.0 -2384.4
528.0 -2481.6
528.0 -2494.8
528.0 -2422.8
528.0 -2481.6
528.0 -2539.2
529.0 -2370.0
529.0 -2409.6
529.0 -2454.0
529.0 -2541.6
530.0 -2371.2
531.0 -2474.4
531.0 -2487.6
531.0 -2354.4
531.0 -2528.4
531.0 -2440.8
531.0 -2442.0
531.0 -2422.8
532.0 -2380.8
532.0 -2337.6
532.0 -2468.4
533.0 -2503.2
533.0 -2467.2
533.0 -2358.0
533.0 -2413.2
533.0 -2548.8
534.0 -2469.6
534.0 -2349.6
534.0 -2490.0
534.0 -2527.2
534.0 -2296.8
535.0 -2359.2
535.0 -2521.2
535.0 -2504.4
535.0 -2412.0
535.0 -2498.4
536.0 -2377.2
536.0 -2528.4
536.0 -2535.6
536.0 -2467.2
537.0 -2469.6
537.0 -2485.2
537.0 -2484.0
538.0 -2449.2
538.0 -2443.2
538.0 -2602.8
539.0 -2390.4
539.0 -2307.6
539.0 -2370.0
539.0 -2440.8
539.0 -2390.4
540.0 -2536.8
540.0 -2618.4
540.0 -2520.0
540.0 -2646.0
541.0 -2508.0
541.0 -2366.4
541.0 -2557.2
542.0 -2479.2
542.0 -2518.8
542.0 -2554.8
542.0 -2446.8
542.0 -2487.6
543.0 -2548.8
543.0 -2478.0
543.0 -2560.8
544.0 -2371.2
544.0 -2606.4
544.0 -2569.2
544.0 -2583.6
544.0 -2457.6
544.0 -2526.0
545.0 -2545.2
545.0 -2499.6
545.0 -2439.6
545.0 -2456.4
546.0 -2640.0
546.0 -2544.0
546.0 -2404.8
546.0 -2574.0
546.0 -2613.6
546.0 -2529.6
546.0 -2689.2
546.0 -2389.2
546.0 -2481.6
547.0 -2634.0
547.0 -2368.8
547.0 -2584.8
547.0 -2691.6
547.0 -2509.2
547.0 -2536.8
548.0 -2492.4
548.0 -2610.0
548.0 -2556.0
548.0 -2616.0
549.0 -2506.8
549.0 -2502.0
549.0 -2565.6
549.0 -2528.4
549.0 -2605.2
549.0 -2512.8
549.0 -2484.0
550.0 -2548.8
550.0 -2472.0
550.0 -2529.6
551.0 -2551.2
551.0 -2564.4
551.0 -2532.0
551.0 -2452.8
551.0 -2578.8
551.0 -2446.8
551.0 -2588.4
552.0 -2289.6
552.0 -2528.4
552.0 -2515.2
552.0 -2553.6
552.0 -2547.6
552.0 -2703.6
552.0 -2538.0
553.0 -2695.2
553.0 -2529.6
553.0 -2590.8
553.0 -2626.8
553.0 -2642.4
553.0 -2539.2
554.0 -2522.4
554.0 -2455.2
554.0 -2571.6
554.0 -2670.0
555.0 -2496.0
555.0 -2655.6
555.0 -2487.6
555.0 -2568.0
555.0 -2509.2
555.0 -2578.8
555.0 -2414.4
555.0 -2577.6
555.0 -2492.4
556.0 -2311.2
556.0 -2464.8
556.0 -2480.4
556.0 -2634.0
556.0 -2564.4
556.0 -2470.8
556.0 -2511.6
556.0 -2685.6
557.0 -2677.2
557.0 -2481.6
557.0 -2684.4
557.0 -2631.6
557.0 -2605.2
558.0 -2514.0
558.0 -2626.8
558.0 -2589.6
558.0 -2518.8
558.0 -2577.6
558.0 -2518.8
558.0 -2494.8
558.0 -2439.6
558.0 -2676.0
558.0 -2571.6
558.0 -2652.0
558.0 -2566.8
558.0 -2518.8
559.0 -2500.8
559.0 -2511.6
559.0 -2631.6
559.0 -2415.6
559.0 -2589.6
559.0 -2538.0
559.0 -2497.2
559.0 -2592.0
560.0 -2563.2
560.0 -2700.0
560.0 -2607.6
560.0 -2656.8
560.0 -2660.4
560.0 -2539.2
560.0 -2530.8
561.0 -2503.2
561.0 -2532.0
561.0 -2674.8
561.0 -2678.4
561.0 -2480.4
562.0 -2570.4
562.0 -2400.0
562.0 -2683.2
562.0 -2695.2
562.0 -2536.8
562.0 -2419.2
562.0 -2614.8
562.0 -2592.0
562.0 -2546.4
562.0 -2595.6
563.0 -2614.8
563.0 -2484.0
563.0 -2676.0
563.0 -2722.8
563.0 -2523.6
563.0 -2367.6
563.0 -2558.4
563.0 -2562.0
563.0 -2620.8
563.0 -2678.4
563.0 -2659.2
563.0 -2758.8
564.0 -2670.0
564.0 -2719.2
564.0 -2673.6
564.0 -2720.4
565.0 -2538.0
565.0 -2728.8
565.0 -2520.0
565.0 -2516.4
565.0 -2677.2
565.0 -2580.0
565.0 -2505.6
565.0 -2581.2
565.0 -2572.8
565.0 -2504.4
566.0 -2758.8
566.0 -2661.6
566.0 -2431.2
566.0 -2700.0
566.0 -2587.2
566.0 -2686.8
567.0 -2541.6
567.0 -2685.6
567.0 -2692.8
567.0 -2595.6
567.0 -2562.0
567.0 -2572.8
567.0 -2664.0
567.0 -2700.0
567.0 -2485.2
568.0 -2628.0
568.0 -2532.0
568.0 -2557.2
568.0 -2594.4
568.0 -2779.2
568.0 -2554.8
569.0 -2574.0
569.0 -2635.2
569.0 -2548.8
569.0 -2535.6
570.0 -2599.2
570.0 -2703.6
570.0 -2578.8
570.0 -2517.6
570.0 -2608.8
570.0 -2707.2
570.0 -2606.4
571.0 -2605.2
571.0 -2559.6
571.0 -2701.2
571.0 -2660.4
571.0 -2734.8
571.0 -2608.8
571.0 -2803.2
571.0 -2598.0
572.0 -2582.4
572.0 -2590.8
572.0 -2514.0
572.0 -2700.0
572.0 -2616.0
572.0 -2731.2
572.0 -2527.2
573.0 -2684.4
573.0 -2583.6
573.0 -2742.0
573.0 -2698.8
573.0 -2557.2
573.0 -2614.8
573.0 -2583.6
573.0 -2593.2
574.0 -2586.0
574.0 -2718.0
574.0 -2535.6
574.0 -2682.0
574.0 -2668.8
574.0 -2752.8
575.0 -2588.4
575.0 -2695.2
575.0 -2620.8
575.0 -2694.0
575.0 -2581.2
575.0 -2544.0
575.0 -2631.6
575.0 -2713.2
575.0 -2750.4
576.0 -2824.8
576.0 -2577.6
576.0 -2745.6
576.0 -2736.0
576.0 -2562.0
576.0 -2719.2
576.0 -2808.0
576.0 -2574.0
576.0 -2786.4
576.0 -2596.8
576.0 -2772.0
576.0 -2787.6
576.0 -2674.8
577.0 -2653.2
577.0 -2791.2
577.0 -2768.4
577.0 -2546.4
577.0 -2696.4
577.0 -2806.8
577.0 -2714.4
577.0 -2733.6
577.0 -2608.8
577.0 -2658.0
577.0 -2660.4
577.0 -2727.6
578.0 -2815.2
578.0 -2799.6
578.0 -2740.8
578.0 -2746.8
578.0 -2695.2
578.0 -2671.2
578.0 -2815.2
578.0 -2584.8
579.0 -2869.2
579.0 -2635.2
579.0 -2679.6
579.0 -2739.6
579.0 -2598.0
579.0 -2625.6
579.0 -2656.8
579.0 -2562.0
579.0 -2728.8
580.0 -2637.6
580.0 -2756.4
580.0 -2630.4
580.0 -2638.8
580.0 -2749.2
580.0 -2808.0
580.0 -2702.4
581.0 -2670.0
581.0 -2710.8
581.0 -2563.2
581.0 -2703.6
581.0 -2721.6
581.0 -2624.4
581.0 -2701.2
581.0 -2719.2
581.0 -2745.6
581.0 -2695.2
581.0 -2776.8
581.0 -2740.8
581.0 -2629.2
582.0 -2616.0
582.0 -2746.8
582.0 -2720.4
582.0 -2758.8
582.0 -2720.4
582.0 -2601.6
583.0 -2742.0
583.0 -2572.8
583.0 -2720.4
583.0 -2710.8
583.0 -2768.4
583.0 -2590.8
583.0 -2634.0
584.0 -2674.8
584.0 -2727.6
584.0 -2731.2
584.0 -2770.8
584.0 -2670.0
584.0 -2649.6
584.0 -2778.0
584.0 -2590.8
584.0 -2785.2
584.0 -2764.8
585.0 -2631.6
585.0 -2673.6
585.0 -2809.2
585.0 -2713.2
585.0 -2696.4
585.0 -2752.8
585.0 -2568.0
585.0 -2716.8
586.0 -2726.4
586.0 -2648.4
586.0 -2798.4
586.0 -2654.4
586.0 -2679.6
586.0 -2719.2
587.0 -2598.0
587.0 -2684.4
587.0 -2781.6
587.0 -2691.6
587.0 -2730.0
587.0 -2678.4
587.0 -2607.6
587.0 -2803.2
587.0 -2611.2
588.0 -2876.4
588.0 -2707.2
588.0 -2726.4
588.0 -2667.6
588.0 -2750.4
588.0 -2808.0
588.0 -2872.8
589.0 -2757.6
589.0 -2700.0
589.0 -2821.2
589.0 -2845.2
589.0 -2701.2
589.0 -2780.4
590.0 -2623.2
590.0 -2714.4
590.0 -2800.8
590.0 -2664.0
590.0 -2748.0
590.0 -2776.8
591.0 -2682.0
591.0 -2792.4
591.0 -2722.8
591.0 -2680.8
591.0 -2682.0
591.0 -2764.8
591.0 -2680.8
592.0 -2689.2
592.0 -2727.6
592.0 -2820.0
592.0 -2682.0
592.0 -2712.0
592.0 -2816.4
592.0 -2632.8
593.0 -2745.6
593.0 -2788.8
593.0 -2653.2
593.0 -2931.6
593.0 -2654.4
593.0 -2692.8
593.0 -2850.0
594.0 -2722.8
594.0 -2836.8
594.0 -2732.4
594.0 -2664.0
594.0 -2822.4
594.0 -2733.6
594.0 -2746.8
594.0 -2833.2
595.0 -2600.4
595.0 -2737.2
595.0 -2530.8
595.0 -2890.8
595.0 -2828.4
595.0 -2803.2
596.0 -2727.6
596.0 -2694.0
596.0 -2768.4
596.0 -2732.4
596.0 -2733.6
597.0 -2724.0
597.0 -2899.2
597.0 -2610.0
597.0 -2694.0
597.0 -2835.6
597.0 -2814.0
597.0 -2852.4
597.0 -2811.6
597.0 -2804.4
597.0 -2872.8
597.0 -2782.8
597.0 -2761.2
597.0 -2787.6
597.0 -2846.4
597.0 -2734.8
597.0 -2935.2
597.0 -2844.0
598.0 -2678.4
598.0 -2803.2
598.0 -2803.2
598.0 -2853.6
598.0 -2754.0
599.0 -2942.4
599.0 -2942.4
599.0 -2804.4
599.0 -2686.8
599.0 -2832.0
599.0 -2650.8
599.0 -2808.0
599.0 -2851.2
599.0 -2785.2
599.0 -2685.6
599.0 -2980.8
600.0 -2829.6
600.0 -2875.2
600.0 -2664.0
600.0 -2866.8
600.0 -2700.0
600.0 -2868.0
600.0 -2858.4
600.0 -2829.6
600.0 -2563.2
601.0 -2690.4
601.0 -2773.2
601.0 -2997.6
601.0 -2839.2
601.0 -2688.0
602.0 -2911.2
602.0 -2703.6
602.0 -2744.4
602.0 -2898.0
602.0 -2791.2
602.0 -2767.2
602.0 -2944.8
602.0 -2860.8
603.0 -2713.2
603.0 -2918.4
603.0 -2706.0
603.0 -2630.4
603.0 -2791.2
603.0 -2948.4
603.0 -2636.4
603.0 -2601.6
603.0 -2816.4
603.0 -2701.2
603.0 -2715.6
604.0 -2817.6
604.0 -2852.4
604.0 -2740.8
604.0 -2701.2
604.0 -2668.8
604.0 -2738.4
604.0 -2881.2
605.0 -2890.8
605.0 -2792.4
605.0 -2788.8
605.0 -2884.8
605.0 -2887.2
605.0 -2811.6
605.0 -2817.6
606.0 -2868.0
606.0 -2788.8
606.0 -2845.2
606.0 -2826.0
606.0 -2758.8
606.0 -2727.6
606.0 -2870.4
607.0 -2692.8
607.0 -2871.6
607.0 -2830.8
607.0 -2839.2
608.0 -2882.4
608.0 -2811.6
608.0 -2817.6
608.0 -2814.0
608.0 -2764.8
608.0 -2930.4
608.0 -2754.0
608.0 -2926.8
609.0 -2731.2
609.0 -2796.0
609.0 -2805.6
609.0 -2865.6
609.0 -2924.4
610.0 -2949.6
610.0 -2737.2
610.0 -2772.0
610.0 -2958.0
610.0 -2757.6
610.0 -2727.6
610.0 -2866.8
610.0 -2812.8
610.0 -2763.6
610.0 -2946.0
610.0 -2760.0
610.0 -2906.4
611.0 -2850.0
611.0 -2919.6
611.0 -2901.6
611.0 -2814.0
611.0 -2776.8
611.0 -2925.6
611.0 -2805.6
611.0 -2938.8
611.0 -2742.0
612.0 -2811.6
612.0 -2868.0
612.0 -2880.0
612.0 -2871.6
612.0 -2820.0
612.0 -2878.8
612.0 -2674.8
612.0 -2906.4
613.0 -2872.8
613.0 -2943.6
613.0 -2740.8
613.0 -2798.4
613.0 -2870.4
613.0 -2936.4
613.0 -2622.0
613.0 -2935.2
613.0 -2926.8
614.0 -2787.6
614.0 -2854.8
614.0 -2815.2
614.0 -2701.2
614.0 -2817.6
614.0 -2973.6
614.0 -2925.6
614.0 -2913.6
614.0 -2883.6
615.0 -2965.2
615.0 -2994.0
615.0 -2913.6
615.0 -2810.4
615.0 -2870.4
615.0 -2908.8
615.0 -2818.8
615.0 -2886.0
615.0 -2890.8
616.0 -2823.6
616.0 -2802.0
616.0 -2928.0
616.0 -2967.6
616.0 -2904.0
616.0 -2770.8
617.0 -2850.0
617.0 -2964.0
617.0 -2938.8
617.0 -2760.0
617.0 -2647.2
617.0 -2920.8
617.0 -2942.4
617.0 -2978.4
618.0 -2835.6
618.0 -2970.0
618.0 -2967.6
618.0 -2812.8
618.0 -2913.6
618.0 -2787.6
618.0 -3069.6
619.0 -2794.8
619.0 -2834.4
619.0 -2822.4
619.0 -2943.6
619.0 -2917.2
619.0 -2779.2
619.0 -2874.0
619.0 -2756.4
619.0 -2760.0
619.0 -2882.4
619.0 -2800.8
620.0 -2806.8
620.0 -2912.4
620.0 -2812.8
620.0 -2790.0
620.0 -2852.4
620.0 -2673.6
620.0 -2828.4
621.0 -2938.8
621.0 -2847.6
621.0 -2953.2
621.0 -2948.4
621.0 -2925.6
621.0 -2925.6
622.0 -2947.2
622.0 -2904.0
622.0 -2862.0
622.0 -2934.0
622.0 -2673.6
622.0 -2960.4
622.0 -2917.2
622.0 -2977.2
622.0 -2937.6
622.0 -2823.6
623.0 -2995.2
623.0 -2830.8
624.0 -2958.0
624.0 -2979.6
624.0 -2950.8
624.0 -2828.4
624.0 -2894.4
624.0 -2932.8
625.0 -2929.2
625.0 -2874.0
625.0 -2997.6
625.0 -2911.2
625.0 -2922.0
625.0 -2840.4
625.0 -2803.2
625.0 -3057.6
626.0 -2802.0
626.0 -2818.8
626.0 -3034.8
626.0 -2912.4
626.0 -2838.0
626.0 -2870.4
626.0 -2782.8
626.0 -2943.6
626.0 -2940.0
626.0 -2863.2
626.0 -3016.8
626.0 -2978.4
626.0 -2798.4
627.0 -2944.8
627.0 -2832.0
627.0 -2958.0
627.0 -2973.6
628.0 -2962.8
628.0 -2930.4
628.0 -2948.4
628.0 -2815.2
628.0 -2916.0
628.0 -2901.6
628.0 -3022.8
628.0 -2961.6
628.0 -2924.4
628.0 -2865.6
629.0 -2778.0
629.0 -2854.8
629.0 -2917.2
629.0 -2763.6
629.0 -2924.4
629.0 -2821.2
629.0 -2940.0
630.0 -2938.8
630.0 -2799.6
630.0 -2929.2
630.0 -2944.8
630.0 -2965.2
631.0 -3004.8
631.0 -3040.8
631.0 -2863.2
631.0 -2986.8
631.0 -2890.8
631.0 -2937.6
631.0 -2805.6
631.0 -3055.2
631.0 -3025.2
632.0 -2911.2
632.0 -2953.2
632.0 -2774.4
632.0 -2977.2
632.0 -2883.6
632.0 -3045.6
632.0 -2896.8
632.0 -2902.8
632.0 -3068.4
633.0 -2958.0
634.0 -2930.4
634.0 -2914.8
634.0 -3069.6
634.0 -2896.8
634.0 -2856.0
634.0 -3002.4
634.0 -3008.4
635.0 -3037.2
635.0 -3034.8
635.0 -2989.2
635.0 -3010.8
635.0 -2925.6
635.0 -2942.4
635.0 -2900.4
636.0 -3034.8
636.0 -2934.0
636.0 -2919.6
636.0 -2917.2
636.0 -2875.2
637.0 -3033.6
638.0 -2964.0
638.0 -3030.0
638.0 -2688.0
638.0 -2977.2
638.0 -2892.0
638.0 -2919.6
639.0 -2937.6
639.0 -2884.8
639.0 -3043.2
640.0 -2910.0
640.0 -2940.0
640.0 -2942.4
640.0 -2988.0
640.0 -3016.8
641.0 -2989.2
642.0 -2769.6
642.0 -2791.2
642.0 -2922.0
642.0 -2878.8
642.0 -2996.4
643.0 -3028.8
643.0 -3121.2
643.0 -2924.4
643.0 -2990.4
643.0 -3048.0
643.0 -2968.8
644.0 -3076.8
644.0 -3075.6
644.0 -3070.8
644.0 -2967.6
644.0 -3027.6
644.0 -2785.2
644.0 -2990.4
644.0 -2857.2
645.0 -3016.8
646.0 -2916.0
646.0 -3106.8
646.0 -3049.2
646.0 -2980.8
647.0 -2955.6
647.0 -3056.4
647.0 -2984.4
648.0 -3067.2
648.0 -3154.8
648.0 -2974.8
649.0 -3028.8
649.0 -3104.4
650.0 -3022.8
650.0 -3062.4
651.0 -3010.8
651.0 -2988.0
652.0 -3112.8
652.0 -3084.0
652.0 -3144.0
652.0 -3060.0
652.0 -3009.6
653.0 -2964.0
653.0 -3157.2
653.0 -3000.0
653.0 -3061.2
653.0 -3055.2
653.0 -3116.4
653.0 -2839.2
654.0 -3016.8
654.0 -3010.8
655.0 -3009.6
655.0 -3064.8
656.0 -2983.2
656.0 -3109.2
656.0 -3046.8
657.0 -3075.6
658.0 -3008.4
658.0 -3080.4
659.0 -3106.8
660.0 -3080.4
661.0 -3178.8
661.0 -3084.0
661.0 -3100.8
661.0 -3106.8
662.0 -2863.2
663.0 -3025.2
663.0 -2882.4
663.0 -3138.0
666.0 -3225.6
668.0 -3175.2
669.0 -3145.2
669.0 -3146.4
670.0 -3220.8
671.0 -3140.4
673.0 -3026.4
674.0 -3051.6
676.0 -3164.4
677.0 -3141.6
679.0 -3230.4
681.0 -3276.0
686.0 -2947.2
686.0 -3181.2
691.0 -3216.0
693.0 -3273.6
695.0 -3184.8
