110010110110100010111011111000000101111000100010011000011001001101000100101110101010100000001001001010111101000001101001111000011010010000001001100000100000100100000010000000000000001100100001000000010101010110100001010100100001000000010100
110010110110100010111011111000000101111000100010011000011001001101000100101110101010100000001001001010111101000001101001111000011010010000001001100000100000100100000010000000000000001100100001000000010101010110100001010100100001000000010100
110010110110100010111011111000000101111000100010011000011001001101000100101110101010100000001001001010111101000001101001111000011010010000011001100000100000100100000010000000000000001100100001000000010101010110100001010100100001000000010101
110010110110000110111011111000000101111000100010011100011001001101000101101110101010100000001001001010111001000011001001111000111010010000001001100100100000100100000010000000000000001100100001000000010101010110100001010100100001000000010100
110010110110100010111011111000000101111000000010011100011001001101000101101110101010100000001001001010111001000011001001111000111010010000011001100100100000100100000010000000000000001100100001000000010101010110100001010100100001000000010101
110010110110000110111011111000000101111000100010011100011001001101000101101110101010100000001001001010111001000011001001111000111010010000011001100100100000100100000010000000000000001100100001000000010101010110100001010100100001000000010101
110010110110100110111011111000011101111000010010011110001001001101000100101110101010100000001001001010111101000001101001111000011010011000011001100100100000100100000010000000000000001100100001000000010101010110100001010100100001000000010110
111010100110100110111011111000010111111000000010011100011001001101000101101110101010100000001101001010011101010001001001111100111010011000011001110100100000100100000010000000000000001100100001000000010101010110100001010100100001000000010100
111010110110101111111011111000011101111000010010011100011001001101000100111001111010100000001101001010111101000001101001111010011010010000011001110100100000110100000010000000000000001100100001000000000101010110100001010100101001001000010101
111111101110101110111011111000011011111100010110011110111001101101010100111011111010100000011001001010011001000011001001111000111010111000011001110100100000110100000010000000000000001100100001000000001101010110100001010100100001001000010111
111111101110101110111011111000011011111100010110011110111001101101010100111011111010100000011001001010011001000011001001111000111010111000011001110100100000110100000010000000000000001100100001000000001101010110100001010100100001001000010111
111010110110101010111011111000011010111100010010011100011001001101000100111011111010100101001111001010011101000011101011101010111011111000101001111100100000110100000010000000000000001100100001000000011101010110000001010100101001001000010101
111111101111001110111011111000111111111000010010011110011001101101000100111011111011100101001101001010011001000011101001111000111010111000111001110000100000110100000010000000000110001100100001000000011101010110100001010100100100000000010111
111111101110101110111011111000001111111000010010011100011001001101000100111111111010100101001101001010111111010011101011101010111011011000111001111100100000110100000010000000000000001100100001000000010101010110100001010100100101001000010101
