111110100110111110111011000010010101111100101101001110010001010101000000111001001011110001000000111010011010000001010011001001010000110010001000010100000000110100000000001001000111001110000100000010101001110011111001010110110101000000000111
111110100110111110111011000010010101111100101101001110010001010101000000111001001011110001000000111010011010000001010011001001010000110010001000010100000000110100000000001001000111001110000100000010101001110011111001010110110101000000000111
111110100111011110111011000010010001111100111110001110011001010101000000111001001011110001000000111010011010000001010011001001010000110010001000010100000000110100000000001001000111001110000100000010001001110011111001010110110101000000010111
111110100110111110111011000110010101111100101100001110011001000101000000111001001011100101000000111010011010000001011011001001010000110010001000010100000000110100000000001001000111001110000100000010101001110011111001010110110101000000010111
111110100111011110111011000110010101111000111111001110011001000101000000111001001011100101000000111010011010000001010011101001010000110010001000010100000000110100000000001001000111001110000100000010101001110011111000000110111101010100010111
111110100111011110111011000110010101111000111111001110011001000101000000111001001011100101000000111010011010000001010011101001010000110010001000010100000000110100000000001001000111001110000100000010101001110011111000000110111101010100010111
111110100111011110111011000110010101111000111111001110011001000101000000111001001011100101000000111010011010000001010011101001010000110010001000010100000000110100000000001001000111001110000100000010101001110011111000000110111101010100010111
111110100111011010111011000110010101111100101100001110011001010101000000111001001011110001000000111010011010000001010011101001010000110010001000010100000000110100000000001001000111001110000100000010101001110011111000010110111101010000010111
111110100111011010111011000110010101111100101100001110011001010101000000111001001011110001000000111010011010000001010011101001010000110010001000010100000000110100000000001001000111001110000100000010101001110011111000010110111101010000010111
111110100110111110111011000110010101111100101100001110010001000101100000111001001011100001000000111010011010000001010011101011010000110011001001010100000000110100000000001001000111001110000100000010101001110011111000000110111101010100010111
111110100110111110111011000110010101111100111101001110011001000101000100111001001011100101000000111010011010000001010011101001010000110010001000010100000000110100000000001001000111001110000100000010101001110011111001010110111101010000010111
111110100110111110111011000110010101111100101100001111011001000101000000111001001011110001000000111010011010000001010011101011010000110011001001010100000000110100000000001001000111001110000100000010101001110011111001010110111101010000010111
111110100111011010111011010010010100111000111111001110011001010101000000111001001011100101000001111010011010000001010011101111010000110011001001010100000000110100000000001001000011101110000100000010101001110011111001010110111101010000010111
111110100111011010111011010010010100111000111111001110011001010101000000111001001011100101000001111010011010000001010011101111010000110011001001010100000000110100000000001001000011101110000100000010101001110011111001010110111101010000010111
111110100111011110111011010110010101111100111101001110011001000101000100111001001011100101100000111010011010000001011011101011010000110011001001010100000000110100000000001001000111001110100100000010101001110011111001010110110101010000010111
111110100111011110111011010110010101111100111101001110011001000101000100111001001011100101100000111010011010000001011011101011010000110011001001010100000000110100000000001001000111001110100100000010101001110011111001010110110101010000010111
111110100111011110111011010110010001111100111111001110011001010101000101110111001011110101100100111010111010100001011011111011010000110011001000010000000000010010001000001001000111101110100100000010101011100011111001010110111101010000010111
111110100111011110111011010110010001111100111111001110011001010101000101110111001011110101100100111010111010100001011011111011010000110011001000010000000000010010001000001001000111101110100100000010101011100011111001010110111101010000010111
111110100111011110111011010110010001111100111111001110011001010101000101110111001011110101100100111010111010100001011011111011010000110011001000010000000000010010001000001001000111101110100100000010101011100011111001010110111101010000010111
111110100111011110111011010110010001111100111111001110011001010101000101110111001011110101100100111010111010100001011011111011010000110011001000010000000000010010001000001001000111101110100100000010101011100011111001010110111101010000010111
