63.58 3.0 35.0 -7.0
63.58 3.0 35.0 -7.0
63.58 3.0 35.0 -7.0
63.58 3.0 35.0 -7.0
63.58 3.0 35.0 -7.0
63.58 3.0 35.0 -7.0
63.58 3.0 35.0 -7.0
63.58 3.0 35.0 -7.0
63.58 3.0 35.0 -7.0
63.58 3.0 35.0 -7.0
75.02 5.0 50.0 -9.0
75.64 5.0 41.0 -9.0
75.98 5.0 39.0 -9.0
76.76 4.0 50.0 -9.0
78.02 5.0 44.0 -9.0
79.1 4.0 40.0 -9.0
83.51 5.0 45.0 -9.0
84.31 3.0 43.0 -9.0
86.92 6.0 48.0 -11.0
87.55 4.0 48.0 -10.0
93.79 5.0 49.0 -11.0
94.59 5.0 47.0 -11.0
95.78 6.0 43.0 -11.0
96.71 3.0 49.0 -11.0
100.05 4.0 52.0 -11.0
102.13 5.0 53.0 -11.0
105.14 9.0 57.0 -13.0
108.73 8.0 54.0 -13.0
121.03 7.0 51.0 -13.0
130.61 9.0 64.0 -15.0
