220.2 12.0 51.0 -25.2
220.5 11.0 52.0 -25.2
220.5 11.0 52.0 -25.2
220.5 11.0 52.0 -25.2
220.5 11.0 52.0 -25.2
220.5 11.0 52.0 -25.2
223.6 10.0 53.0 -25.2
223.6 10.0 53.0 -25.2
223.6 10.0 53.0 -25.2
223.6 10.0 53.0 -25.2
223.6 10.0 53.0 -25.2
223.6 10.0 53.0 -25.2
223.6 10.0 53.0 -25.2
223.6 10.0 53.0 -25.2
223.6 10.0 53.0 -25.2
223.6 10.0 53.0 -25.2
223.6 10.0 53.0 -25.2
223.6 10.0 53.0 -25.2
223.6 10.0 53.0 -25.2
223.6 10.0 53.0 -25.2
224.1 11.0 48.0 -25.2
230.7 11.0 47.0 -25.2
232.8 11.0 43.0 -25.2
233.5 9.0 55.0 -25.2
233.5 9.0 55.0 -25.2
233.5 9.0 55.0 -25.2
233.5 9.0 55.0 -25.2
233.5 9.0 55.0 -25.2
233.5 9.0 55.0 -25.2
233.5 9.0 55.0 -25.2
233.5 9.0 55.0 -25.2
233.5 9.0 55.0 -25.2
233.5 9.0 55.0 -25.2
233.5 9.0 55.0 -25.2
233.5 9.0 55.0 -25.2
233.5 9.0 55.0 -25.2
233.5 9.0 55.0 -25.2
233.5 9.0 55.0 -25.2
233.5 9.0 55.0 -25.2
233.5 9.0 55.0 -25.2
233.5 9.0 55.0 -25.2
233.5 9.0 55.0 -25.2
233.5 9.0 55.0 -25.2
233.5 9.0 55.0 -25.2
233.5 9.0 55.0 -25.2
233.5 9.0 55.0 -25.2
233.5 9.0 55.0 -25.2
233.5 9.0 55.0 -25.2
233.5 9.0 55.0 -25.2
233.5 9.0 55.0 -25.2
233.5 9.0 55.0 -25.2
233.5 9.0 55.0 -25.2
233.5 9.0 55.0 -25.2
233.5 9.0 55.0 -25.2
233.5 9.0 55.0 -25.2
233.5 9.0 55.0 -25.2
233.5 9.0 55.0 -25.2
233.5 9.0 55.0 -25.2
233.5 9.0 55.0 -25.2
233.5 9.0 55.0 -25.2
233.5 9.0 55.0 -25.2
233.5 9.0 55.0 -25.2
233.5 9.0 55.0 -25.2
233.5 9.0 55.0 -25.2
233.5 9.0 55.0 -25.2
233.5 9.0 55.0 -25.2
233.5 9.0 55.0 -25.2
233.5 9.0 55.0 -25.2
233.5 9.0 55.0 -25.2
233.5 9.0 55.0 -25.2
233.5 9.0 55.0 -25.2
233.5 9.0 55.0 -25.2
233.5 9.0 55.0 -25.2
233.5 9.0 55.0 -25.2
233.5 9.0 55.0 -25.2
233.5 9.0 55.0 -25.2
233.5 9.0 55.0 -25.2
233.5 9.0 55.0 -25.2
233.5 9.0 55.0 -25.2
233.5 9.0 55.0 -25.2
233.5 9.0 55.0 -25.2
233.5 9.0 55.0 -25.2
233.5 9.0 55.0 -25.2
233.5 9.0 55.0 -25.2
233.5 9.0 55.0 -25.2
233.5 9.0 55.0 -25.2
233.5 9.0 55.0 -25.2
233.5 9.0 55.0 -25.2
233.5 9.0 55.0 -25.2
233.5 9.0 55.0 -25.2
233.5 9.0 55.0 -25.2
233.5 9.0 55.0 -25.2
233.5 9.0 55.0 -25.2
233.5 9.0 55.0 -25.2
233.5 9.0 55.0 -25.2
233.5 9.0 55.0 -25.2
233.5 9.0 55.0 -25.2
233.5 9.0 55.0 -25.2
233.5 9.0 55.0 -25.2
233.5 9.0 55.0 -25.2
233.5 9.0 55.0 -25.2
233.5 9.0 55.0 -25.2
233.5 9.0 55.0 -25.2
233.5 9.0 55.0 -25.2
233.5 9.0 55.0 -25.2
233.5 9.0 55.0 -25.2
233.5 9.0 55.0 -25.2
233.5 9.0 55.0 -25.2
233.5 9.0 55.0 -25.2
233.5 9.0 55.0 -25.2
233.5 9.0 55.0 -25.2
233.5 9.0 55.0 -25.2
233.5 9.0 55.0 -25.2
233.5 9.0 55.0 -25.2
233.5 9.0 55.0 -25.2
233.5 9.0 55.0 -25.2
233.5 9.0 55.0 -25.2
233.5 9.0 55.0 -25.2
233.5 9.0 55.0 -25.2
233.5 9.0 55.0 -25.2
233.5 9.0 55.0 -25.2
233.5 9.0 55.0 -25.2
233.5 9.0 55.0 -25.2
233.5 9.0 55.0 -25.2
233.5 9.0 55.0 -25.2
233.5 9.0 55.0 -25.2
233.5 9.0 55.0 -25.2
233.5 9.0 55.0 -25.2
233.5 9.0 55.0 -25.2
233.5 9.0 55.0 -25.2
233.5 9.0 55.0 -25.2
233.5 9.0 55.0 -25.2
233.5 9.0 55.0 -25.2
233.5 9.0 55.0 -25.2
233.5 9.0 55.0 -25.2
233.5 9.0 55.0 -25.2
233.5 9.0 55.0 -25.2
233.5 9.0 55.0 -25.2
233.5 9.0 55.0 -25.2
233.5 9.0 55.0 -25.2
233.5 9.0 55.0 -25.2
233.5 9.0 55.0 -25.2
233.5 9.0 55.0 -25.2
233.5 9.0 55.0 -25.2
233.5 9.0 55.0 -25.2
233.5 9.0 55.0 -25.2
233.5 9.0 55.0 -25.2
233.5 9.0 55.0 -25.2
233.5 9.0 55.0 -25.2
233.5 9.0 55.0 -25.2
233.5 9.0 55.0 -25.2
233.5 9.0 55.0 -25.2
233.5 9.0 55.0 -25.2
233.5 9.0 55.0 -25.2
233.5 9.0 55.0 -25.2
233.5 9.0 55.0 -25.2
233.5 9.0 55.0 -25.2
233.5 9.0 55.0 -25.2
233.5 9.0 55.0 -25.2
233.5 9.0 55.0 -25.2
233.5 9.0 55.0 -25.2
233.5 9.0 55.0 -25.2
233.5 9.0 55.0 -25.2
233.5 9.0 55.0 -25.2
233.5 9.0 55.0 -25.2
233.5 9.0 55.0 -25.2
233.5 9.0 55.0 -25.2
233.5 9.0 55.0 -25.2
233.5 9.0 55.0 -25.2
233.5 9.0 55.0 -25.2
233.5 9.0 55.0 -25.2
233.5 9.0 55.0 -25.2
233.5 9.0 55.0 -25.2
233.5 9.0 55.0 -25.2
233.5 9.0 55.0 -25.2
233.5 9.0 55.0 -25.2
233.5 9.0 55.0 -25.2
233.5 9.0 55.0 -25.2
233.5 9.0 55.0 -25.2
233.5 9.0 55.0 -25.2
233.5 9.0 55.0 -25.2
233.5 9.0 55.0 -25.2
233.5 9.0 55.0 -25.2
233.5 9.0 55.0 -25.2
233.5 9.0 55.0 -25.2
233.5 9.0 55.0 -25.2
233.5 9.0 55.0 -25.2
233.5 9.0 55.0 -25.2
233.5 9.0 55.0 -25.2
233.5 9.0 55.0 -25.2
233.5 9.0 55.0 -25.2
233.5 9.0 55.0 -25.2
233.5 9.0 55.0 -25.2
233.5 9.0 55.0 -25.2
233.5 9.0 55.0 -25.2
233.5 9.0 55.0 -25.2
233.5 9.0 55.0 -25.2
233.5 9.0 55.0 -25.2
233.5 9.0 55.0 -25.2
233.5 9.0 55.0 -25.2
233.5 9.0 55.0 -25.2
233.5 9.0 55.0 -25.2
233.5 9.0 55.0 -25.2
233.5 9.0 55.0 -25.2
233.5 9.0 55.0 -25.2
233.5 9.0 55.0 -25.2
233.5 9.0 55.0 -25.2
233.5 9.0 55.0 -25.2
233.5 9.0 55.0 -25.2
233.5 9.0 55.0 -25.2
233.5 9.0 55.0 -25.2
233.5 9.0 55.0 -25.2
233.5 9.0 55.0 -25.2
233.5 9.0 55.0 -25.2
233.5 9.0 55.0 -25.2
233.5 9.0 55.0 -25.2
233.5 9.0 55.0 -25.2
233.5 9.0 55.0 -25.2
233.5 9.0 55.0 -25.2
233.5 9.0 55.0 -25.2
233.5 9.0 55.0 -25.2
233.5 9.0 55.0 -25.2
233.5 9.0 55.0 -25.2
233.5 9.0 55.0 -25.2
233.5 9.0 55.0 -25.2
233.5 9.0 55.0 -25.2
233.5 9.0 55.0 -25.2
233.5 9.0 55.0 -25.2
233.5 9.0 55.0 -25.2
233.5 9.0 55.0 -25.2
233.5 9.0 55.0 -25.2
233.5 9.0 55.0 -25.2
233.5 9.0 55.0 -25.2
233.5 9.0 55.0 -25.2
233.5 9.0 55.0 -25.2
233.5 9.0 55.0 -25.2
233.5 9.0 55.0 -25.2
233.5 9.0 55.0 -25.2
233.5 9.0 55.0 -25.2
233.5 9.0 55.0 -25.2
233.5 9.0 55.0 -25.2
233.5 9.0 55.0 -25.2
233.5 9.0 55.0 -25.2
233.5 9.0 55.0 -25.2
233.5 9.0 55.0 -25.2
233.5 9.0 55.0 -25.2
233.5 9.0 55.0 -25.2
233.5 9.0 55.0 -25.2
233.5 9.0 55.0 -25.2
233.5 9.0 55.0 -25.2
233.5 9.0 55.0 -25.2
233.5 9.0 55.0 -25.2
233.5 9.0 55.0 -25.2
233.5 9.0 55.0 -25.2
233.5 9.0 55.0 -25.2
233.5 9.0 55.0 -25.2
233.5 9.0 55.0 -25.2
233.5 9.0 55.0 -25.2
233.5 9.0 55.0 -25.2
233.5 9.0 55.0 -25.2
233.5 9.0 55.0 -25.2
233.5 9.0 55.0 -25.2
233.5 9.0 55.0 -25.2
233.5 9.0 55.0 -25.2
233.5 9.0 55.0 -25.2
233.5 9.0 55.0 -25.2
233.5 9.0 55.0 -25.2
233.5 9.0 55.0 -25.2
233.5 9.0 55.0 -25.2
233.5 9.0 55.0 -25.2
233.5 9.0 55.0 -25.2
233.5 9.0 55.0 -25.2
233.5 9.0 55.0 -25.2
233.5 9.0 55.0 -25.2
233.5 9.0 55.0 -25.2
233.5 9.0 55.0 -25.2
233.5 9.0 55.0 -25.2
233.5 9.0 55.0 -25.2
233.5 9.0 55.0 -25.2
233.5 9.0 55.0 -25.2
233.5 9.0 55.0 -25.2
233.5 9.0 55.0 -25.2
233.5 9.0 55.0 -25.2
233.5 9.0 55.0 -25.2
233.5 9.0 55.0 -25.2
233.5 9.0 55.0 -25.2
233.5 9.0 55.0 -25.2
233.5 9.0 55.0 -25.2
233.5 9.0 55.0 -25.2
233.5 9.0 55.0 -25.2
233.5 9.0 55.0 -25.2
233.5 9.0 55.0 -25.2
233.5 9.0 55.0 -25.2
233.5 9.0 55.0 -25.2
233.5 9.0 55.0 -25.2
233.5 9.0 55.0 -25.2
233.5 9.0 55.0 -25.2
233.5 9.0 55.0 -25.2
233.5 9.0 55.0 -25.2
233.5 9.0 55.0 -25.2
233.5 9.0 55.0 -25.2
233.5 9.0 55.0 -25.2
233.5 9.0 55.0 -25.2
233.5 9.0 55.0 -25.2
233.5 9.0 55.0 -25.2
233.5 9.0 55.0 -25.2
233.5 9.0 55.0 -25.2
233.5 9.0 55.0 -25.2
233.5 9.0 55.0 -25.2
233.5 9.0 55.0 -25.2
233.5 9.0 55.0 -25.2
233.5 9.0 55.0 -25.2
233.5 9.0 55.0 -25.2
233.5 9.0 55.0 -25.2
233.5 9.0 55.0 -25.2
233.5 9.0 55.0 -25.2
233.5 9.0 55.0 -25.2
233.5 9.0 55.0 -25.2
233.5 9.0 55.0 -25.2
233.5 9.0 55.0 -25.2
233.5 9.0 55.0 -25.2
233.5 9.0 55.0 -25.2
233.5 9.0 55.0 -25.2
233.5 9.0 55.0 -25.2
233.5 9.0 55.0 -25.2
233.5 9.0 55.0 -25.2
233.5 9.0 55.0 -25.2
233.5 9.0 55.0 -25.2
233.5 9.0 55.0 -25.2
233.5 9.0 55.0 -25.2
233.5 9.0 55.0 -25.2
233.5 9.0 55.0 -25.2
233.5 9.0 55.0 -25.2
233.5 9.0 55.0 -25.2
233.5 9.0 55.0 -25.2
233.5 9.0 55.0 -25.2
233.5 9.0 55.0 -25.2
233.5 9.0 55.0 -25.2
233.5 9.0 55.0 -25.2
233.5 9.0 55.0 -25.2
233.5 9.0 55.0 -25.2
233.5 9.0 55.0 -25.2
233.5 9.0 55.0 -25.2
233.5 9.0 55.0 -25.2
233.5 9.0 55.0 -25.2
233.5 9.0 55.0 -25.2
233.5 9.0 55.0 -25.2
233.5 9.0 55.0 -25.2
233.5 9.0 55.0 -25.2
233.5 9.0 55.0 -25.2
233.5 9.0 55.0 -25.2
233.5 9.0 55.0 -25.2
233.5 9.0 55.0 -25.2
233.5 9.0 55.0 -25.2
233.5 9.0 55.0 -25.2
233.5 9.0 55.0 -25.2
233.5 9.0 55.0 -25.2
233.5 9.0 55.0 -25.2
233.5 9.0 55.0 -25.2
233.5 9.0 55.0 -25.2
233.5 9.0 55.0 -25.2
233.5 9.0 55.0 -25.2
233.5 9.0 55.0 -25.2
233.5 9.0 55.0 -25.2
233.5 9.0 55.0 -25.2
233.5 9.0 55.0 -25.2
233.5 9.0 55.0 -25.2
233.5 9.0 55.0 -25.2
233.5 9.0 55.0 -25.2
233.5 9.0 55.0 -25.2
233.5 9.0 55.0 -25.2
233.5 9.0 55.0 -25.2
233.5 9.0 55.0 -25.2
233.5 9.0 55.0 -25.2
233.5 9.0 55.0 -25.2
233.5 9.0 55.0 -25.2
233.5 9.0 55.0 -25.2
233.5 9.0 55.0 -25.2
233.5 9.0 55.0 -25.2
233.5 9.0 55.0 -25.2
233.5 9.0 55.0 -25.2
233.5 9.0 55.0 -25.2
233.5 9.0 55.0 -25.2
233.5 9.0 55.0 -25.2
233.5 9.0 55.0 -25.2
233.5 9.0 55.0 -25.2
233.5 9.0 55.0 -25.2
233.5 9.0 55.0 -25.2
233.5 9.0 55.0 -25.2
233.5 9.0 55.0 -25.2
233.5 9.0 55.0 -25.2
233.5 9.0 55.0 -25.2
233.5 9.0 55.0 -25.2
233.5 9.0 55.0 -25.2
233.5 9.0 55.0 -25.2
233.5 9.0 55.0 -25.2
233.5 9.0 55.0 -25.2
233.5 9.0 55.0 -25.2
233.5 9.0 55.0 -25.2
233.5 9.0 55.0 -25.2
233.5 9.0 55.0 -25.2
233.5 9.0 55.0 -25.2
233.5 9.0 55.0 -25.2
233.5 9.0 55.0 -25.2
233.5 9.0 55.0 -25.2
233.5 9.0 55.0 -25.2
233.5 9.0 55.0 -25.2
233.5 9.0 55.0 -25.2
233.5 9.0 55.0 -25.2
233.5 9.0 55.0 -25.2
233.5 9.0 55.0 -25.2
233.5 9.0 55.0 -25.2
233.5 9.0 55.0 -25.2
233.5 9.0 55.0 -25.2
233.5 9.0 55.0 -25.2
233.5 9.0 55.0 -25.2
233.5 9.0 55.0 -25.2
233.5 9.0 55.0 -25.2
233.5 9.0 55.0 -25.2
233.5 9.0 55.0 -25.2
233.5 9.0 55.0 -25.2
233.5 9.0 55.0 -25.2
233.5 9.0 55.0 -25.2
233.5 9.0 55.0 -25.2
233.5 9.0 55.0 -25.2
233.5 9.0 55.0 -25.2
233.5 9.0 55.0 -25.2
233.5 9.0 55.0 -25.2
233.5 9.0 55.0 -25.2
234.5 8.0 60.0 -25.2
234.5 8.0 60.0 -25.2
234.5 8.0 60.0 -25.2
234.5 8.0 60.0 -25.2
234.5 8.0 60.0 -25.2
234.5 8.0 60.0 -25.2
234.5 8.0 60.0 -25.2
234.5 8.0 60.0 -25.2
234.5 8.0 60.0 -25.2
234.5 8.0 60.0 -25.2
234.5 8.0 60.0 -25.2
234.5 8.0 60.0 -25.2
234.5 8.0 60.0 -25.2
234.5 8.0 60.0 -25.2
234.5 8.0 60.0 -25.2
234.5 8.0 60.0 -25.2
234.5 8.0 60.0 -25.2
234.5 8.0 60.0 -25.2
234.5 8.0 60.0 -25.2
234.5 8.0 60.0 -25.2
234.5 8.0 60.0 -25.2
234.5 8.0 60.0 -25.2
242.7 10.0 45.0 -25.2
242.7 10.0 45.0 -25.2
242.7 10.0 45.0 -25.2
242.7 10.0 45.0 -25.2
242.7 10.0 45.0 -25.2
242.7 10.0 45.0 -25.2
242.7 10.0 45.0 -25.2
242.7 10.0 45.0 -25.2
242.7 10.0 45.0 -25.2
242.7 10.0 45.0 -25.2
242.7 10.0 45.0 -25.2
242.7 10.0 45.0 -25.2
242.7 10.0 45.0 -25.2
242.7 10.0 45.0 -25.2
242.7 10.0 45.0 -25.2
242.7 10.0 45.0 -25.2
242.7 10.0 45.0 -25.2
242.7 10.0 45.0 -25.2
242.7 10.0 45.0 -25.2
242.7 10.0 45.0 -25.2
242.7 10.0 45.0 -25.2
242.7 10.0 45.0 -25.2
242.7 10.0 45.0 -25.2
242.7 10.0 45.0 -25.2
242.7 10.0 45.0 -25.2
242.7 10.0 45.0 -25.2
242.7 10.0 45.0 -25.2
242.7 10.0 45.0 -25.2
242.7 10.0 45.0 -25.2
242.7 10.0 45.0 -25.2
242.7 10.0 45.0 -25.2
242.7 10.0 45.0 -25.2
242.7 10.0 45.0 -25.2
242.7 10.0 45.0 -25.2
242.7 10.0 45.0 -25.2
242.7 10.0 45.0 -25.2
242.7 10.0 45.0 -25.2
242.7 10.0 45.0 -25.2
242.7 10.0 45.0 -25.2
242.7 10.0 45.0 -25.2
243.2 11.0 40.0 -25.2
243.2 11.0 40.0 -25.2
243.2 11.0 40.0 -25.2
243.2 11.0 40.0 -25.2
243.7 9.0 50.0 -25.2
252.7 13.0 35.0 -25.2
252.7 13.0 35.0 -25.2
252.7 13.0 35.0 -25.2
255.8 12.0 36.0 -25.2
