111011011010111011001001011010011010
111011011010111011001001011010011010
111011011010111011001001011010011010
111011011010111011001001011010011010
111011011010111011001001011010011010
111011011010111011001001011010011010
111011011010111011001001011010011010
111011011010111011001001011010011010
111011011010111011001001011010011010
111011011010111011001001011010011010
111011011010111011001001011010011010
111011011010111011001001011010011010
111011011010111011001001011010011010
111011011010111011001001011010011010
111011011010111011001001011010011010
111011011010111011001001011010011010
111011011010111011001001011010011010
111011011010111011001001011010011010
111011011010111011001001011010011010
111011011010111011001001011010011010
111011011010111011001001011010011010
111011011010111011001001011010011010
111011011010111011001001011010011010
111011011010111011001001011010011010
111011011010111011001001011010011010
111011011010111011001001011010011010
111011011010111011001001011010011010
111011011010111011001001011010011010
111011011010111011001001011010011010
111011011010111011001001011010011010
111011011010111011001001011010011010
111011011010111011001001011010011010
110111011010111011001001011010011010
110111011010111011001001011010011010
110111011010111011001001011010011010
110111011010111011001001011010011010
110111011010111011001001011010011010
110111011010111011001001011010011010
111011010110111011001001011010011010
111011010110111011001001011010011010
111011010110111011001001011010011010
111011010110111011001001011010011010
111011010110111011001001011010011010
111011010110111011001001011010011010
111011010110111011001001011010011010
111011010110111011001001011010011010
111011010110111011001001011010011010
111011010110111011001001011010011010
111011010110111011001001011010011010
111011010110111011001001011010011010
111011010110111011001001011010011010
111011010110111011001001011010011010
111011010110111011001001011010011010
111011010110111011001001011010011010
111011010110111011001001011010011010
111011010110111011001001011010011010
111011010110111011001001011010011010
111011010110111011001001011010011010
111011010110111011001001011010011010
111011010110111011001001011010011010
111011010110111011001001011010011010
111011010110111011001001011010011010
111011010110111011001001011010011010
111011010110111011001001011010011010
111011010110111011001001011010011010
111011010110111011001001011010011010
111011010110111011001001011010011010
111011010110111011001001011010011010
111011010110111011001001011010011010
111011010110111011001001011010011010
111011010110111011001001011010011010
111011010110111011001001011010011010
111011010110111011001001011010011010
111011010110111011001001011010011010
111011010110111011001001011010011010
111011010110111011001001011010011010
111011010110111011001001011010011010
111011010110111011001001011010011010
111011010110111011001001011010011010
111011010110111011001001011010011010
111011010110111011001001011010011010
111011010110111011001001011010011010
110111010110111011001001011010011010
111011011010111011001100010110011010
111011011010111011001100010110011010
111011011010111011001001010110011010
111011011010111011001001010110011010
111011011010111011001001010110011010
111011011010111011001001010110011010
111011011010111011001001010110011010
111011011010111011001001010110011010
111011011010111011001001010110011010
111011011010111011001001010110011010
111011011010111011001001010110011010
111011011010111011001001010110011010
111011010110111011001001010110011010
111011010110111011001001010110011010
111011010110111011001001010110011010
111011010110111011001001010110011010
111011010110111011001001010110011010
111011010110111011001001010110011010
111011010110111011001001010110011010
111011010110111011001001010110011010
111011010110111011001001010110011010
111011010110111011001001010110011010
111011010110111011001001010110011010
111011010110111011001001010110011010
111011010110111011001001010110011010
111011010110111011001001010110011010
111011010110111011001001010110011010
111011010110111011001001010110011010
111011010110111011001001010110011010
111011010110111011001001010110011010
110111010111011011001001011011001010
110111010111011011001001011011001010
110111010111011011001001011011001010
111011010110111011001001011010011100
111011010110111011001001011010011100
110111010110110111001010010110011010
111011010110111011001001011010011100
111011010110111011001001011010011100
111011010110111011001001011010011100
111011010110111011001001011010011100
111011010110111011001001011010011100
111011010110111011001001011010011100
111011010110111011001001011010011100
111011010110111011001001011010011100
111011010110111011001001011010011100
111011010110111011001001011010011100
111011010110111011001001011010011100
111011010110111011001001011010011100
111011010110111011001001011010011100
111011010110111011001001011010011100
111011010110111011001001011010011100
111011010110111011001001011010011100
111011010110111011001001011010011100
111011010110111011001001011010011100
111011010110111011001001011010011100
111011010110111011001001011010011100
111011010110111011001001011010011100
111011010110111011001001011010011100
111011010110111011001001011010011100
110111010110111011001001010110011010
110111010110111011001001010110011010
110111010110111011001001011010011100
110111010110111011001001011011001100
110111010110111011001001011011001100
110111010110111011001001011011001100
110111010110111011001001011011001100
110111010110111011001001011011001100
110111010110111011001001011011001100
110111010110111011001001011011001100
110111010110111011001001011011001100
110111010110111011001001011011001100
110111010110111011001001011011001100
110111010110111011001001011011001100
110111010110111011001001011011001100
110111010110111011001001011011001100
110111010110111011001001011011001100
110111010110111011001001011011001100
110111010110111011001001011011001100
110111010110111011001001011011001100
110111010110111011001001011011001100
110111010110111011001001011011001100
110111010110111011001001011011001100
110111010110111011001001011011001100
111011011010111011001000110110011010
111011011010111011001000110110011010
111011011010111011001000110110011010
111011011010111011001000110110011010
111011011010111011001000110110011010
111011011010111011001000110110011010
111011011010111011001000110110011010
111011011010111011001000110110011010
111011011010111011001000110110011010
111011011010111011001000110110011010
111011011010111011001000110110011010
111011011010111011001000110110011010
111011011010111011001000110110011010
111011011010111011001000110110011010
111011011010111011001000110110011010
111011011010111011001000110110011010
111011010110111011001001010110011100
111011010110111011001001010110011100
111011010110111011001001010110011100
111011010110111011001001010110011100
111011010110111011001001010110011100
111011010110111011001001010110011100
111011010110111011001001010110011100
111011010110111011001001010110011100
111011010110111011001001010110011100
111011010110111011001001010110011100
111011010110111011001001010110011100
111011010110111011001001010110011100
111011010110111011001001010110011100
111011010110111011001001010110011100
111011010110111011001001010110011100
111011010110111011001001010110011100
111011010110111011001001010110011100
111011010110111011001001010110011100
111011010110111011001001010110011100
111011010110111011001001010110011100
111011010110111011001001010110011100
111011010110111011001001010110011100
111011010110111011001001010110011100
111011010110111011001001010110011100
111011010110111011001001010110011100
111011010110111011001001010110011100
111011010110111011001001010110011100
111011010110111011001001010110011100
111011010110111011001001010110011100
111011010110111011001001010110011100
111011010110111011001001010110011100
111011010110111011001001010110011100
111011010110111011001001010110011100
111011010110111011001001010110011100
111011010110111011001001010110011100
111011010110111011001001010110011100
111011010110111011001001010110011100
111011010110111011001001010110011100
111011010110111011001001010110011100
111011010110111011001001010110011100
111011010110111011001001010110011100
111011010110111011001001010110011100
111011010110111011001001010110011100
111011010110111011001001010110011100
111011010110111011001001010110011100
111011010110111011001001010110011100
111011010110111011001001010110011100
111011010110111011001001010110011100
111011010110111011001001010110011100
111011010110111011001001010110011100
111011010110111011001001010110011100
111011010110111011001001010110011100
111011010110111011001001010110011100
111011010110111011001001010110011100
111011010110111011001001010110011100
111011010110111011001001010110011100
110111010111011011001001011011001100
110111010111011011001001011011001100
110111010111011011001001011011001100
110111010111011011001001011011001100
110111010111011011001001011011001100
110111010111011011001001011011001100
110111010111011011001001011011001100
110111010111011011001001011011001100
110111010111011011001001011011001100
111011010110111011001000110110011010
111011010110111011001000110110011010
111011010110111011001000110110011010
111011010110111011001000110110011010
111011010110111011001000110110011010
111011010110111011001000110110011010
111011010110111011001000110110011010
111011010110111011001000110110011010
111011010110111011001000110110011010
111011010110111011001000110110011010
111011010110111011001000110110011010
111011010110111011001000110110011010
111011010110111011001000110110011010
111011010110111011001000110110011010
111011010110111011001000110110011010
111011010110111011001000110110011010
111011010110111011001000110110011010
111011010110111011001000110110011010
111011010110111011001000110110011010
111011010110111011001000110110011010
111011010110111011001000110110011010
111011010110111011001000110110011010
111011010110111011001000110110011010
111011010110111011001000110110011010
111011010110111011001000110110011010
111011010110111011001000110110011010
111011010110111011001000110110011010
111011010110111011001000110110011010
111011010110111011001000110110011010
111011010110111011001000110110011010
111011010110111011001000110110011010
111011010110111011001000110110011010
111011010110111011001000110110011010
111011010110111011001000110110011010
111011010110111011001000110110011010
111011010110111011001000110110011010
111011010110111011001000110110011010
111011010110111011001000110110011010
111011010110111011001000110110011010
111011010110111011001000110110011010
111011010110111011001000110110011010
111011010110111011001000110110011010
111011010110111011001000110110011010
111011010110111011001000110110011010
111011010110111011001000110110011010
111011010110111011001000110110011010
111011010110111011001000110110011010
111011010110111011001000110110011010
111011010110111011001000110110011010
111011010110111011001000110110011010
111011010110111011001000110110011010
111011010110111011001000110110011010
111011010110111011001000110110011010
111011010110111011001000110110011010
111011010110111011001000110110011010
111011010110111011001000110110011010
111011010110111011001000110110011010
111011010110111011001000110110011010
111011010110111011001000110110011010
111011010110111011001000110110011010
111011010110111011001000110110011010
111011010110111011001000110110011010
111011010110111011001000110110011010
111011010110111011001000110110011010
111011010110111011001000110110011010
111011010110111011001000110110011010
111011010110111011001000110110011010
111011010110111011001000110110011010
111011010110111011001000110110011010
111011010110111011001000110110011010
111011010110111011001000110110011010
111011010110111011001000110110011010
111011010110111011001000110110011010
111011010110111011001000110110011010
111011010110111011001000110110011010
111011010110111011001000110110011010
111011010110111011001000110110011010
111011010110111011001000110110011010
111011010110111011001000110110011010
111011010110111011001000110110011010
111011010110111011001000110110011010
111011010110111011001000110110011010
111011010110111011001000110110011010
111011010110111011001000110110011010
111011010110111011001000110110011010
111011010110111011001000110110011010
111011010110111011001000110110011010
111011010110111011001000110110011100
111011010110111011001000110110011100
111011010110111011001000110110011100
111011010110111011001000110110011100
111011010110111011001000110110011100
111011010110111011001000110110011100
111011010110111011001000110110011100
111011010110111011001000110110011100
111011010110111011001000110110011100
111011010110111011001000110110011100
111011010110111011001000110110011100
111011010110111011001000110110011100
111011010110111011001000110110011100
111011010110111011001000110110011100
111011010110111011001000110110011100
111011010110111011001000110110011100
111011010110111011001000110110011100
111011010110111011001000110110011100
111011010110111011001000110110011100
111011010110111011001000110110011100
111011010110111011001000110110011100
111011010110111011001000110110011100
111011010110111011001000110110011100
111011010110111011001000110110011100
111011010110111011001000110110011100
111011010110111011001000110110011100
111011010110111011001000110110011100
111011010110111011001000110110011100
111011010110111011001000110110011100
111011010110111011001000110110011100
111011010110111011001000110110011100
111011010110111011001000110110011100
111011010110111011001000110110011100
111011010110111011001000110110011100
111011010110111011001000110110011100
111011010110111011001000110110011100
111011010110111011001000110110011100
111011010110111011001000110110011100
111011010110111011001000110110011100
111011010110111011001000110110011100
111011010110111011001000110110011100
111011010110111011001000110110011100
111011010110111011001000110110011100
111011010110111011001000110110011100
111011010110111011001000110110011100
111011010110111011001000110110011100
111011010110111011001000110110011100
111011010110111011001000110110011100
111011010110111011001000110110011100
111011010110111011001000110110011100
111011010110111011001000110110011100
111011010110111011001000110110011100
111011010110111011001000110110011100
111011010110111011001000110110011100
111011010110111011001000110110011100
111011010110111011001000110110011100
111011010110111011001000110110011100
111011010110111011001000110110011100
111011010110111011001000110110011100
111011010110111011001000110110011100
111011010110111011001000110110011100
111011010110111011001000110110011100
111011010110111011001000110110011100
111011010110111011001000110110011100
111011010110111011001000110110011100
111011010110111011001000110110011100
111011010110111011001000110110011100
111011010110111011001000110110011100
111011010110111011001000110110011100
111011010110111011001000110110011100
111011010110111011001000110110011100
111011010110111011001000110110011100
111011010110111011001000110110011100
111011010110111011001000110110011100
111011010110111011001000110110011100
111011010110111011001000110110011100
111011010110111011001000110110011100
111011010110111011001000110110011100
111011010110111011001000110110011100
111011010110111011001000110110011100
111011010110111011001000110110011100
111011010110111011001000110110011100
111011010110111011001000110110011100
111011010110111011001000110110011100
111011010110111011001000110110011100
111011010110111011001000110110011100
111011010110111011001000110110011100
111011010110111011001000110110011100
111011010110111011001000110110011100
111011010110111011001000110110011100
111011010110111011001000110110011100
111011010110111011001000110110011100
111011010110111011001000110110011100
111011010110111011001000110110011100
111011010110111011001000110110011100
111011010110111011001000110110011100
111011010110111011001000110110011100
111011010110111011001000110110011100
111011010110111011001000110110011100
111011010110111011001000110110011100
111011010110111011001000110110011100
111011010110111011001000110110011100
111011010110111011001000110110011100
111011010110111011001000110110011100
111011010110111011001000110110011100
111011010110111011001000110110011100
111011010110111011001000110110011100
111011010110111011001000110110011100
111011010110111011001000110110011100
111011010110111011001000110110011100
111011010110111011001000110110011100
111011010110111011001000110110011100
111011010110111011001000110110011100
111011010110111011001000110110011100
111011010110111011001000110110011100
111011010110111011001000110110011100
111011010110111011001000110110011100
111011010110111011001000110110011100
111011010110111011001000110110011100
111011010110111011001000110110011100
111011010110111011001000110110011100
111011010110111011001000110110011100
111011010110111011001000110110011100
111011010110111011001000110110011100
111011010110111011001000110110011100
111011010110111011001000110110011100
111011010110111011001000110110011100
111011010110111011001000110110011100
111011010110111011001000110110011100
111011010110111011001000110110011100
111011010110111011001000110110011100
111011010110111011001000110110011100
111011010110111011001000110110011100
111011010110111011001000110110011100
111011010110111011001000110110011100
111011010110111011001000110110011100
111011010110111011001000110110011100
111011010110111011001000110110011100
111011010110111011001000110110011100
111011010110111011001000110110011100
111011010110111011001000110110011100
111011010110111011001000110110011100
111011010110111011001000110110011100
111011010110111011001000110110011100
111011010110111011001000110110011100
111011010110111011001000110110011100
111011010110111011001000110110011100
111011010110111011001000110110011100
111011010110111011001000110110011100
111011010110111011001000110110011100
111011010110111011001000110110011100
111011010110111011001000110110011100
111011010110111011001000110110011100
111011010110111011001000110110011100
111011010110111011001000110110011100
111011010110111011001000110110011100
111011010110111011001000110110011100
111011010110111011001000110110011100
111011010110111011001000110110011100
111011010110111011001000110110011100
111011010110111011001000110110011100
111011010110111011001000110110011100
111011010110111011001000110110011100
111011010110111011001000110110011100
111011010110111011001000110110011100
110111010111010110011001010111001100
