110100011100101111001000000100110000101001000111010110000001000001000000101011101000001101011000101001111101011010001110000110001010100111101000100000101001001011011101010011101011100101110011000111110101010101001001111101110100111001011000
110010000000111001000010000011010100010000111000100101110100010001010101100110000101000011100000000111101011000101001101011111101010110110100111010001010010001001010101101101000000100100110111011100001011001111001110100111010101101011100001
010011111011111100110000000010111100001101010111100100011010000100010011011001001100100110111101001110100011101000100000111000100000100100001110001101010000011111000010010010000010111001100111000001100000010001011010110101001100100101010001
010010101001001111110101110101110110001001101011001001101001100010000100010011101010100000001101010001101110110111100000100000011110111000000101000001111101100001100101101000000101000000010111110110010110010101001101101000000101000011000010
000101101100101011010111000010111111010111100001101101001100010001100011100010101001111110011100010000100110010001001101100010100000110010011100101101110100111010110111010111101011001110000101100110101100110111101000000001010010001100111001
100101010000100001101000011000000111100011100010111101011110101011101000010101010110100110100110010101011100000000010010111100011111000000000010100010011101010000000010010001111100000001000010010110010101111110110110010010101100100101101101
010101000000100100100111001100001101100110110110100011000101011001001000001111000100000100101011110111101111110011010000010110010101110101001001110110101101000000101101001101001001010111110111000110001100001100110000010110111100010001110100
010011111000011101000000110000000100001010000001000110110011100011110110110010001101101100001010101001010100000011010101101101001001111001100011001000100000110100011110000110110111011111000000011100101110001100110000010011011111000100001000
011110001110111101001110011011010011101110000110010110000001101111100111001001101010010110000001111100100000001100000011001001111100101000100100110101100110111110010011010110011010110010110100111111011011001010011110100111110101110100100000
000000001101010111100000101100101100001100100111000000001001000101111010011110011101101010100111110000001111000011101011100111001000100111001111111101000110111011010110100101100001111110001000110100011000100011110011010000100000100001000111
111100011101100000000000101001000101010101100001000111101110101011100111110110001110001110101000000101110101100110101001000110001010100010100111100000111111101101100100101010000101110010110100000101001000000000111011101110110110010101001001
010101010110011110100101100000000000000001010000000000001111101101010001111011110101011111101010100100001110111101010001000001001011111000101000101010001010000000110011001011100100001101110010011001110010011111010010000011011000110101011011
110101110110100110110100000110110111101100010010110110010100011100110100111100101011100010010110011011110100110000011000101000000011110100011111011011011100100100011100001010111111011101010100001101101110010110000110101000101100010011011001
001100001111110001100010101101100110100001000100100101011001101100010101010111011000001101001100110000101111001000011011111100001100110011111010110110000011011001011010001111000101100000010110110001110111111111110011101001000110010000111101
011110010011001011111111110010011010111011011001000001010111000111001010101000010000101000001101011011011010001111110010101101000110001011000001011101000100001111110001110010100001000001101110110110011000010101110011011000111100100011110011
101101010010100100100111010001011010100100101000110101000000101111100111000010001111011001101111101010001110010010100100100010001100111010010101100011001101101101011110001010001011101101010101111110100100001110101011000001000010100011011100
000001100010001010111000000000111111011111010001100010000011011010101101101100001110110111011010100011100100001101101101001001101001100010010001001111111111001101100111101001001000101101100110011111001000110000011110000101110110010010011000
000001001111101001011011111110110111000010111101110010001001001001110100001101100110101000101101101110100111010110001001011100001001010010010101111111100111001110111000100000010000011011010111101101011000100110011101101111000100001001011101
000110010000000110000010111111111110010000001101000000101100110101010011110011001000001001010111110100100000010111001111011100111111011110001111010000000000100010100010011101000110011101010001001100011110111110001101000100001010100111011101
001011111100100001111101000000001010000110011101111110000000100111100110111101010010111110001001100000011110110000101101001011110010001100010010001111011110110111000010100110001100000111000011101111010000110110101101100010111100100000101111
111101110010100100111101110000000101110010100101110011101010010010101110100100111100000111011101111000001001010011111101010010111110110010010000001010011010100001001101011011110100001101110000010101101000111110010100110000100100110010001000
100100010000101110010001000100010010110111111000111110110011101111011010010000100110111011111010001100111101001100011000101110011100010001100001111110001001000101110100010110010001001011010011001000001001100111011110000011001010110111101101
001011011101011001101011110001100010100101101001010111001001000111000111000000011100010111011101111100001000101110010000110101100101111011111010110100110110001001100010101000111000111000011011110010011011000000100011011110110100011100111001
010110011111100000100001000100001010111001111111101001000000111001111010011011010011101101010101010010001011010000101010101010111011011101110111111000000010000100101011000010010011111001011010101000001100001000110101000000101100100111101110
100010010100101100001110100111010110001111101101111000101111011110000100101101011110011000010001001000101011011011110010111000111101011101101010111011101100001110011011101000111010101111000101010011000011100100000111111010001000101100001100
111000101011010101011110111100001111111000100000011000101111010000110010000110001101110110111100110110000101111011101000111001111101011000110101101001111000100000011000011110100010000110010101001111001100001110011101010010010111000111010101
101001000110110110100110110010001000100001011100011101011111110011101010001100110101001010011100010101110100101101110001101110100011101111010101001110100100000011001011011110101110100111001001011101000000011001110110010001011000111101000111
101011101011111011000101001011001111011100111010110000111010010110001111000001110011011001100001011101110010001101011110000111000101111111100011101001111100011010001100011101101101100011001010100010111111101101100011010000111010111111111101
001100110000010100101101100101100111100001100111100101000100110111111111111000010100101101001111011100110110101001001110111000010011100011001110001000011110001011111111011010010011100001011101001110110111010001111100110010111101101101000111
100111001100011010111010110001111000001101001110111111011101111100100111110010011011011001001001000111101100101011011001100110111110000000110111101001110001110101111111111011010001110111010101111011100011001010110011011110010000001110001011
