111001100000111110110001011110010000000011010111000000001100010001100000001101100110101001011001110011000000101100100101000110000101010110110011100101100010000010110101010000100000110000100110110101011100101010110010001000000001000011110110
000111001010000100001100001110110110101001000000110100101100001101010001011010010000010101100110100110110111000100001000011001011110000101000100101111111001111010111110010101100111100000001000101100100001100100001100000010011111000011000010
100101100101001111100101111011101011101000110001001000100111001011001100001011000101100110000000001000011101000100101010110101011101110100100001100011001101001111100100100010110000101101111100101001010001110011010110010110110111000100101001
100101111101011111100100010000100110000011010011000111010101000010100001011011000010010011101011100000001011001001101110110101100011110001101111110111111100010110000101100010100100110001010010010011001100100100100101111101011111101010111001
100101111110100100101111110000000000110100000011110100100010000011101001010100010010110001001010100111000001111110000100010101011111110000100101010010001111100100000011010110110011110101000111110001100101000111000101110101010011000111011100
000000011110000010100110110011111111110101000000100011011101101111110111010111100110001001000000000001011010011010000111011011100000001000001100010000110011100011001001100101011110100101111010111010101101000000100101011110101111100100111110
000000110010111111100000010100110001111010010001111000111010111000101100101000011100100010100101011111110010011000010101110011101011000101110111100000000111011111001100010001101010010011001111101001110000010111001011010100010001111111110111
111101011111110100101100111000011001001010111100010000000001100101100010000100000111110000011101101101101001111001100101000101000100101011100011000111011001011010010011110101100110101010000001110111100110010101001011011000100111101010010101
010110110000100100000111000000111011001001000000100011011110111110101111111110010111011101001101000100000101101001010001010001100110100100001010111101110110101110001111111101011001011000000101010011110100110101010100101100010011011011100101
000111101011101110100101010001000110100111111100001001001001011010000001011011010100011110010000010011101111110110011110010101101110000000111011011010101111111111110010000010011110001000010010010111010010100101011100110101000010101001110011
000000000100101010001010110000101110110110000000001101000110101111000100110001101001000010011010011111010110001001111111010111010101000101100010001000100100110110111100110101000011111001001111001100010111011000001100111100111110011001111101
000101110100000011001100000111101010000011011101100111010010101100001101100111010111100100001110100111010101111110111110000100100010000000011101101110111010111000001000101010011000101101001101101011011101101010010100010011100101111110110111
001011010100110100010010001110010111010010111000100101100101010010000010110011001010011001100100111111011101111011001111001011100111100100011110100011110100010101000111100000101101111001100000110011110101011010000000110000100110110111101100
010001101010001001110000001010011111011001100011000111011111111111111111011001110110100000111000010000111010100101100010001000000100110011010010011111110000100010011110110111011111101000010011111110010110111001011001011110001111100110100111
010110000001001110100001010000000111100100001000000011110101101100111001011110000011011111111011010111001000110001111000000010111011011100100101111001010001011110000111010001101010001100101100011110110110010100111110000010011001101111101000
100101011011110001110001100011010110100011110000101000011000010101010100010100101110101010110111111010100000101001000110111010111000111110011110110010100101100011100101111011101001110001011100101010001001000100110100110000110011010001001111
101111001100000001011100101110110110011110100110011110000001110101001011110001111101101001011110011001011010001100011000010000000100101101101011000100001100011001100001011110001000111110010101100010110000101001110010000111111011111011001010
010110010111011001111110011000011111010100101111000011110001101111010111101000100000011111000010110100011011011000101011010000010110001011111001000110100110110101010011011100011000011110010011111101000110101110100000011110110010100001001100
100110001100110101100100100000101100010010101110001011111011110110011101110000010111100101100001101101010100111100000011011011100101001101010101011000010101000110101100110010001010001100110010110011000111010111110110010111011001010110011101
111000100111101000101001101111111010101110111101101100011101110001001110101100110111110001110000100101000000000010001011000011111101110001001110011111111010110101110101010110110010101010101001001001000111100101011101011001110110101010101001
000010100100000111111110011011110101110111000000011100110110011000011100010011110001101101111110101000101100111100110000111100010011100011111111010000011010000110101110100110010010011101100101101011000111010000111011001010011011000101101110
011100000111111011001001011000010101011010101001001111000100001000011011101000001111110010001101011010001010010111101100011011011111101111111010100001001110011010000101100010110010001110101010110100101110000110000110001010010000001000011000
001111100011001111110010110101101111111110011100001011011101011011100000110110100000100101101011110011000101101011110000001101010011111110011111011010111001011011101001111010010001110010101011000010100101101011011001000111010001010010001110
001100100010011011100010011111010001111010110000001100001101001111000110011100011100010011011111111100011101001101111000110001111111011100101100100010001000011011110111110100000011110110010001010111101001011111011000111100101110101110010111
010110001001010100101111010101001001111110011101101111010011000011011110100100101101001011110111000101110010001100010000111001101001110100110010100001010111100000011110110110011101000001101010000101100111001101101011001101001011001100001111
000110110111100001010100010010111010110000111010010010111110101100011110100001011111101010110001101001111100011011010010100001111110110001010011000010001000101100010011100111101101101011101100010011011110101010011101011101000100101100010010
010100011001100111101100111011110000101100000110111111111111110001110111010000100111111000110111001000111110101111010001101011000010110001010011111010100100100110000011001010111001010011100100100011100010011100111100101111101100001010100000
111010000111100110110000011000000101010101100001110111010001110100111111011101011010110100101111011001010100110101000001110111111101011110101000001110011100110001011011010010100011001100110010001110100101100001101010010000110101011000110000
101110011110011110111110110100100111101101011011100111011011110011100100011000000001101010000010110011111010111110101010110100110111011010110000000100000001110111011110101111010101110110000100010110101000000110001010010110001010111111101010
010110011101111100010110110100000111000110110101111111111110000010110101000011100111100000111000011001111111110110111010101111110111111010100101110010001011101000000111000110000000101111001100101011101101100011000010011101110010000101111010
