101001110101110100110001110101110001111101100001010000000101011001000001100000000001001110101100001010010011010110000111000001110000011110100010010001101010000110010100111111111100010010100101000111001101111101110110111011100000110101110101
110001011100111100110101100011011101010100011000000110010111110011000010101000010010001001000011101000111110000000111010001000000100110010001110110111100100100001110100100110111010101100010001010011101101101100100101111100011111000111010010
001000011001001010000111001011001011010011100101000111110011100111000000100011000011010110010111101001010011101011010011000010010000010001000001010110101001111011010101100011101111000000011101100011111100101101110111111101011011101000101010
000111111010001000101011000000111000011001010000000100011000100100001110001011101111000100101010101011010111111010111100101100010101001000001110010011100010011100100010010101111111000110111011110010100100001001010001001000000110100011101010
101100101000100101111010111111011001110101000100100100001010000100101101010001000001111101010101001011000010010010110010000110110001010001100011101101000101110010001001010001001100111010010011001110101010010110111110001110110100010000001101
111010000000010001001110101101001000000111000001101101011000000110100000010010101000001110101100111110011001000010000111110110110111011000101110101101010111000010010001000111010010100100011111000000011101111100000001100100000101111111001101
110111000111011000011001111011010010010100010000010111111010100010000101100011011001000110001101100010011110100100101000111000100000010111101001001111001011001001001000010100000000110010000100011000110110011001001110101111011011000110101001
000100111000011010001100000001011010101000010000010110110101100100100110111010000000001011011100001000100110100110101010011110110100111010111100110110010010011000100010100001000011001010100100111101011000101011010000011001001001000000011001
101110000011000011000101000001111000001010000010011010001010010100100000001101100110101011001110000100100011110110001000001111111011111010011011110000011001111111010010001111000101110010111010111000100000101010100111111100000101011001001110
010011001010111110110000110010010110111101001001110000111000110000011001010011000011111110001010100010000100001000110110111011100100110000110000110011000011000011010011101111110011111111111011000111111110011001101101000000100010100010110100
010000000111111001110110100011010001001110001001110110001001100101100011011010101110001100011010000111101101101100111000000101001100000010001001111100001101101111010100110111010111011111001001111000000111000101011000011001010001101010101010
000100101001101110011010101101000100001001001101000101000101100011100001001000111101001111111110000011001110001010100100101110000111010001110100001110101001010000111100011101111110111110110100001100000100110010001010001001110001001111100010
101110001011010001101010110111110000100100101110001101110011001000101001011011001110110110111101100010001001110000111000101110000000100100111000101001010100100111010100110010110010111011010110100000111110110110000011001110001101011001101111
110111001000001000010100101001000010011010001111110101111010100010101010110100101000101010111101101100011001000100011001110011010100111001000001011000110100011000101011000100011100000100010011000100100011010110111111011111000000111000110101
111010001100100101100000000001011101000111101101101110000111110101010110110011001101000011100010011001010000011101110100110001101110010110001001111111101110011000110011110100110110101011100110000101010001110011011100110100110111111101111010
001000011111111100100101101000001000101110100100010011110011101000010111000111101010001110111101101110100101000100100101100011100011000101101000101001011011010101100011010001101111110100011100000010111100101010111110000001100100001110000001
110111110111100010000111000010101011100100000000110110111001100100101001100100011101100010110011111111100000110000000001010000111110000111110001010000100001110010010111110101010100010010000001111101011000001011110001101110100001010011100110
100111111010100111001011010001001001011011110011111001001101011110111111011000101110110100001001101110110000101000111010001010100000011001001010111011101110000010000110000010111101101110001110111101011011111111000010001101001111101100000111
110011010101110100111010111011101110011011101110000100010101011001100110011011000000111010010010000000110111000111011011100000101110100111000000110001011010111011010000011011010110001001101000011001001100000000100111011010101100100101110101
101110010000010010100110001110111110010010110000001011110100111011001010000101110011100011010111000101011101001110011100000101011001100110010011000010000111010001000001000010000100111010011111000100111001010000001111100001111110001111011100
101001000011010001101011011111011110111000101000101110011110100111001001011110111001110001011000010011001011110011100111001111001000100010000101101011011101001011101001101000100011110000001010111110011100011001011010100111111111001000000110
000101010110100011101001111001111011101111001101101000100001111110111100100110011001101011101110101100000100101111010010100010100111001000110101011010011000010110010010000010101111100010110100110011100100010110101000101001010011001001101001
110011111111011011100001101101101101101100011101011100110011100010101101110011000100000000001011111111010010001000011110110101010010110011110101100110110110110011101011111001011000000010100100111000000111101010001001101101001110111010100111
110111100110111011011011100011100101011110000011101111001010101111101011010111000100101001000000010001010111101001100011101010011001011110010111001101011010101011100001001000001010000111110100000000100110110101100101110011001101010010011001
011110000110000001111001001110000110001100010101111101100011011001100110100001010011110111011110111101010111110110010101110000010000101111101001001110011110011111101011011100100011110011011100001110011011001100111111111001010100010000110101
100010111100110101111101110001101110110101111110001001111111110010100000010110011110000011111111001100100000001101010000001101011001101111111110001001010001111001010111011111011010010001010100100011011000101011111100110110000111110001001010
101110001110101101001110110010011010111111100111010110011101111001001001001000011010011111110101011101111101010111011010100000100100011001010010010110001111011010011100111001111011011000110011001111001010000011001101110111110010001101100101
111010100101010010110101110011100101001010011000000101011000001111111100101110000100111100100101001110100111010111111001011101011100111011011110111010111110000010111000011001010000110101011100001000001101001110111011010001110010101011000011
101110010001101001000011110111110010011111010100111101001011111100010011010110001110110100001001010101010100100101000111111100111111111101000110110010101000110000101110110010000011011010110101000111000000110011010001100111010100000000000111
100011000111110101101010111001011011011001011011011010000101110111110110100100011110100001100111111111100000100110010111101111101110101111000111110000001010110010010001011001100101011001010101000001011100001111010001011111010100100100010101
