000011010010011001010011100010100001100000100100010100111101100110101010000010100101100000000001011000101000110011010011110000000100010101101101011100110000100010111101110010010110000111000110101111010001000000101001111001000101000001011111
111111110110100010100100100101101101011000001010101001111000111001000110100011000000100100000111000011100110110100000101001101010100000101000010011101111000111101000111000101011000001100001000101110011001111000110001100101010100010100101001
000100101011000100101110001011110000000010010110100100001000010100001011011111110111010101111010101000101000110010010011000110010101000110000111000010011110000011011001100000111011101100000001101100010010010100101100010110001100000110110011
101000000110111101101111101100011000010011100101010100000011000101001000011110111110010001001001101100010100000100001011100011000010111001101100010111001011100101000001000111001110101000001100001010011001110100111000111100011110100111111111
110010100100010001011010001100011110111011000100001001001010101101110110100101111010010000100101110010111110010010010000100100101111001100001100001101010000101010101100100000001110111101010101011101001011001110111110100100011111010001101101
100110111011001110100000100001101011011000010010111100010010010011001010101111000001000011001101110110000110011100011001111010001101010010100111000110000011010001010101000010011100001001011010001111100001000001000001011101010010001001000001
010000110101111011100001011010000110011011111000100000111011001010010001110011101000010110010000010101110110100010100011000010010111110001010110100101111010100101010010000011000001001100111010101011001000011111011110110110010101110010000000
000110110100001110010011000111101110100000011101111011100010101100001000100010011000110011100000100001011111000111110100000111011000101011110100111010100001011011100000001110010100010000110000011100111100110001110110100110010101110101100010
000100000101101010110101110101101001111101000001101001100101101000001100010010110111011100101111100000100110000110111010110010001000101001010010101011000000001110001011011111100000011110110101111110000010110011101111110100100000101011110101
100010011100001011001110000110011011111101010100101010010010010011001000011110011000011011011010001010100100011011011000001111100010000111111101110001100110100010001000010001111110110111110101011110111001001101001001111000000101101101010101
110011001101101110101001110110001101010010100010010000101011100010100001110101010001101101100110001100000000110011010110100000110011111001111100101001101000010011111010001100010010000001001110110111100100001101101011001110100001000001111001
110101111100011110101001111000010110110111011010001101110100000000010011111000001001111000110010010011010001101100111000100111001000100101101000100000111101100010010111001000100110110010111110101011001100000011000011000111011111101011010100
111000100101011101001011110010100000011110000110111010110101001100101110011010111000010000111000100110000110110001011110000011101100000111010100011011110111000110010111100111110111111000010000110000110101101100100010110000010011000100101100
110010011010110100011000010000101001000001011010010101110000101011001010000010111011110000010010010001111000100110010001110000111110110111110111010000110111110011000101001000110101000110100111010100101101111001111100111111101001001101010011
100101010111000000011101100010011110011010011101010010010101100100011111101010010110010100011011100010000001011110111010101000110000111000000110110101100011101100101000000001000101100111110001101101101100000011000111000010001101001101011101
101100100001100000110101011011000011010011111011001001100000110010110010010111100110000100100111110001000110010110011101000111111100010101101010011001101101011010110010000110001111110000011001010010101011010110111101001111100100000110101010
010001101110110001011010001011001001011010100000100001111010100001010011100001011111111001001010111110000111000111101100010000001001010111011010001001010101110011010100011011111001101111011100001010000000100001001111100010110111100111111101
110001110101101001011001100101100011000001110011001001111010010011100110111010011101010110110110011110100100101110100000101111100100000011100101001011100011011000110001110101101111111001110000011111011101100100000111100100000110010000101111
001111111010011100001011101101011100110010111000010100111011001101010000000011011100011001010011101110011001001001010100011000111001100011011111101000001000110111010000011011101011001001101101101000111000101101010101000100100101111101001011
100000100111000011001110011101000011101001100000101111000010101001101010100111111010000011011100010001101111011010010110000010011101110111000111101110111010001100001101011100001110110110111010110000011011011101100110000100000111101100001110
011110011010001100001011101101101011011011001101101010001011101011010001110100000101110100011110111100010010100011100000000100010111001110011001000110111111101010000010000000100001001000110111110101101100111111101001001011011101001010110110
011111100101011110100011000100101010111111000111100110100111010000111111010101000101100010101110011000000111010110011100101001001101100101110011011010001110001011011011101101011100000111000001011001101010001100000011010011010000101101011001
101110100101100110011110110110011100100111101001001001101111010100011001100110000011100100111100011010010000011101111100101100101000111101111110011001100010010110001111001000110110000110110000101100011011011010010110100011111111110010111011
011110111001100010110100111100000011000000010001010101110111111111000111110010100100011101010001111001111001101010100001110000000010111001110000101101101011111010101000001110000010000100010111011110001110101110000001111010101110111011001001
110010100010111011000101110011001011101001100011000100100110111111011000101100011101000010011110110011101111101101000000111011010010001111010000001110111100100100101010011100011000100010000011010100000010110100101110110011101111000000110001
101111010011101010110110011000011100011111110010111110011011010000110111110001011110110100101101001100010011100010001111011110000101011110011101100100011101001101000001000010001001001101010000011011001110010010101101110110101001000100110111
111011001111100010001111110010110011111000010010011011111110100010111101011001011111111011001101000001100111001000100101001110001011000001100101000010111010000011111001111110000100100101101010001000011111100111111001010101110110110101011100
011001111010101000110111010010010110111001001111110110101110101010011110001000101100001101110100110110101111010010101111010110010111100001000000100011011101011011000110101010001000110110101001011100010110111100011100010000010011001010110001
100001001111010001001100011001100000011011000010010110101100111011101110110111010110101111101001100101101010011100010001001101111000011001101010110010000100101110110001111100010011111100011100010111111011000111011110001110001110000001111111
110111110010000000100110101100011011010011111111101101111100111111110110101001101011110110101000000101001101010000011001110101111111110011100111010010111011011100100010110001100111000001011010000101010101110110110011101100111001000000001000
