100001100001101010111111000100010001000001000100010100000111101111100101100011100000100010000001110010010001010001100101100101001110000111101100110001000111000101010000110111011010000111000001010010111010011011110110100011110100111111101011
010011011111101111001011110000101111011011010100011100010001110100000000000110111010000000000011010101100011111001010000001110100111001011011111101010011110100000010101010100000011000100011011010111111010010110001010010011111100001001000010
100000001011001001001001111110111010111101000100011010101001000011010001100101001101110001100100000000011001000011011100111000110101100111010001010001100101000011001101110101101000000000011111011111010101010000100110101100101101010101001101
111100010110110010000000100111101001011000110011111000110010110011111101110000001010000101000101010010001101001010100010111111001110011000000010111110101111010010011011001101010101001000110101001001011011110010100101111111101100001100110100
100110100011111001011110010000010010001001011000101110100000110001000011101111010101100100001010100001110111100110000100010011110001101101000001111110001101011111100000111111111110001101001110100000010010001100010110001101101111010101011111
011101011110010110011100111001001000011010100010010100001001010100001000000101100010001110110001101101001110001101111010011000001011111101011111001010011101111110001011110011000000111101101111110100101001001101111101111011101110110010001100
001001111100001111111010011000001110000010001001010011111001110010111010111101001001100001111100100000011101010110111000011001010000100100101000011001110000000010011011000010001101110010110100110110110001110111100011010011011100000000110110
110001000110100101111111110011111011100010111000011001011111010011100011001001100100111000001010010010101101101001110011111000001000000100100010100100001110100101100111010100010001110011001001010100001111111111000011001110110011100101101111
010000011010010100111101001101100000100001000110000101000000011101000110000000100010101101111010001111101110001111100100011010111110000111100100000101100101110111011011111000010111000000011110111001001000111000010100111101100001000011001000
000101011010001110001010010010011100101010000100011101010100101111110111011011010000100011000000110110011000100101100010100011001011101110110111110101011011110010100001011110101001011100101010101001101011101010010100010010011101100001101000
011010010101110111101110010001000001000111010101010001110001000001111110111010001010100000110011010110000000011101001111101111111000010000110111100000111000100010001001000110101010100001010010100000011000100001001010110010110100101001100110
101100000110111001011101101011000111001010011101111001110111100000100110010110011011000110101000010010101001101001011010011111010100011000100001000101101010011011110100000101100011010111111011101010111100110101010011001101010000110010100111
010001001101001001101001101101010001100100110101100111011001001101110111100000000000011010010000010101011111110011111111000001101100110010010111100001100111101000110111100100000111101011011010101001001111111110011100001100100110100000110100
001001101111111000110101101011100011101111011010010001111110000101110010010101011010010000011111000100100011011101010011100100001100000100100001010111011001101110101100000101111000100001000001001001111001011010010000000101010110100010000010
110000001100100100101101110101111100011000010111101010110100011100010100010101110101010101110110011000101001100101000110010000110110111001111011011111100111111110010010001110000011101101111100101000101011000010001001100011011001001001010001
110010001011101100001101011111100000101000110000001000001011101100110101110111101010000111011001000001010100100010101101011111100101101101101111001010110101001000011010000100100111110011101111001110110011001100000000010100010101011101001101
110010110001101110010101110010011010111111011001000011101001000011000110101110010000011001011111110111010111111010110101000000000010100011100110011001101100101101111000001110110101110111111101010110011010011011011011100010101011101111111001
011111100111111101110110011011100100110001010111010100011111100010010001100011100100010001100110000110011001110101110101010111101111001000011111001110001100011001010101101111000010010001000110110101011101101100011110110000010110100110110011
010101000111101110100100001100001011001001011000100010110111101011011110011010001101110010101010001010110100010111100010001000101010110110101011101000101001000110111100101000101011010110010001010010010100011010100001000010101011100010100110
110100100111100010101111001001011011000011000110101000110001101111001011110100001110011101100100000010100010001001111010111100111011100001000011111101000001000010111101110001110101100101100000100110111100110001111000101110000100100101010100
010100100101110101001010011110001110101110101000110110110010111101110101000111001000111100010101011001000111001100011010110101011000111010001101000010101110011101011110100110010100110111011000100100011110010101001101010100110000011000100110
111101010111010000100010011111101001101001100110111010011110100010011010011000110011100010111010001110011111010011000101101101111010001100010001101011010101111011110001011010010001000001101010111101001101001100100100100000001110010010110000
001101001100011011110010000000001001011111111011111000011001001111101110100000010111100100011011011101011001010011011000111001101001011011011101001011111111011011001011111011011000001101011010010100011101111100011110110100001010101000010000
101111011100100110100000011101110110011111101011110110011010001011100101111010010010110010111010000100111010101101001101011000101111010001000000001000001101010101110011001111111111011001001101000101010111010101101101110110000011000011000101
000111001100110111101100101111001101111111111110110110100110011001000010001000011101010011010110010111100111100010001101010000011100110110111000010110110101001010101010001100100010100100100100111011011101011001000010010010100001001000111011
110011110011001101010101110111010000000100101110110000111110011001001111001111011100100101100011111101100111011011011110101000010001100101000100001001110001100111101110010110001101011111101001111001111110011101111101100000111011011010011000
010010001111101110100010101001000010111010001100100100011110111111011110010110110111110100011111010000100011010100111001011011100011011000110010100011010111011001011010100100001001000011001010100111001100000100111001100111110011001011011011
010100111001100101100011010100111000110111101010000011110110111111000101011101101101101110000111101001111001101001001101011001101011010101010000001100100000110010100111000000110100100000100101000011101001100010100011100001100111110001111111
111101111011111100000110101010100000101011011011110111000010001111110010010110011110101011001110000010011101100101100000110111100111110001110110110010101110111100010110010010000100011101000011111101101100101111101010111101111100000110001110
011100101110010111011011101011111001110000111000111011011010111111111011100011010010111100000001001111010001110101111011110010001100111010110011010110000011000000100100111100110100000111010110000101111001010110111111000011101101110010000111
