100000100010011011010010010000111011011000000101100010101010100000100001011000110101000100100010011010000110011010110001001001001101001001001110111100100001111010011011111011111100110110101101100010010000110000111101000101000010001010010000
000100010110010101000001011100000010000111000011110000101010011111000100110010111000110000110001001010101001001010000000110001100100001111011001101111110010101010000010000110100100110101011110010010001000110110110111001101010001111000011111
001001001001101110111001010011011010100000011110100001110001110010100101101010001000100101100001011000100111101100001100010100100000010110011010110111100000010101111111111101001010001101110001011001110111110000101110000101000110010111000011
000010111011111001011100000010111000000100010001011101000101011100000100011001001001001010011000011011010000111010101010001110000000110110011010001011011000010101000000101000101000111010010111100110101011011001011111001010000111110010010001
111110100010101100111000011010101011000001111000100001010000000100011001100011100100011010001000001001100111001111100100000011110010111101001010011101110001100101101001000011111001001111110100011110001000001110100111111110111111100100111101
110101010000011000100010110000110011110001100010111101000011100010011011000010101101111000100110010010000001010101110000100101101010010011010000011110110111111111011000111110110001001000111010111101101101111100110101110000000101100111011101
001011010100100111010101001000001100000101110000000000111101101010110011011101111100111001001000001011001001100100010110011110010000000001101001010111100001110000000010111010011111101011100101110001110101111001101110000111101011000101000110
000100010001101001110100110110010111010100110010010010100100000001100001001001000100010101101101000011100010110110100111101111100111111100100100000101001100001111100001101110000000000111000100100001110111000010011000110100000110001000000100
101011000001001000100101100001110100101010010001111011100011000110010100101001110100101101011000100110001001100100111010110110000111110010100001000101001110011011110010111110111111110110110000101100111101110000111001000000111001001111011011
010101000001100001000001001010010100001011000010101001001110110000010011101101111101110111101011010110001000001001101010001011010110100011010101111010000000010110101100101110001111110111001000000110100111111100111001011010001010001011010111
001111001010000110100110000110001110110101011001101100010101001010110001010110001001011101110000101110000000000111101010001110101011100000110111100110101000100001000001010101000001010101111011011000110110101110011011101001001011101001011000
101000111011010000100010111000010010111110111110111000110110100010011011000101011001010010100010101101100110110101011010110101000110001000101110010000101000001101001000010110000001110011100011011010110001111100110100100010000110011001111100
101001101010010111111101101000010011110100111010101100010001101101100000010100010110110000001110110000100011110010101000110100100100011001101110010000101100011111010010110001100011100001100100000101111100011001000001111011101000011010010111
000111110111111010101110001011000100011001100001100101010000010000100100111011011011011001100001100111011111101010100000100101110011010110011000001010000100100001110001000011000100011000011001000101000100000001101011011100010010010011100010
111001000100001001000110001111001010101101111100001110111000000111111101111010110110011101101011001011001101001100011100111100011000000000011111101111010010011111111001100101000010011110011101110110010001101001000111110000111110110110011011
110001001101011100110010110010000100111000000110110110111111111001010111101100001110000111111101011110100001010010010001010000110010100011001100111010000111101110001000000011100001110110011111000111101111000001100011010100001111110001001000
000000101011011001010100101111000011101110011010011110100101101010100010000111011101010011101010111110000011101110101001001001000001111001101101001010010010000110011110101111100101101111100011100001110000100110010000010001001100010010000000
100001001000011110011001001000101111000111011110110111010110100101111000101110101011001100011111001000010011000111000001100110110000001101010010010000010010100000101110101010101011001111011111001100001010111011010100000111000001111000001011
111000100111010001111110001000011101100111011110000011110011001000110000111011100001101110110110110110100111111001111100001010000010100110101100111010011000011111010101001000001000011100110001111101100000010101010001000010100011100101100001
100011010100010111000110101100000111101000001010110111101110001001001100101000011101101111101010110001011011101101101001100010001010111100000101110101011011110000110011001101011010110111001011000111001000001001010101110111111011100000010001
001010001111010011100010101111011001100111010000000001001110111011100101010111110001110110111111001100101010000001110011001000001000011110110111000101010010101001001101111110011110000011000101000110000100111110110101001011100101011100101010
011100101110001001100000100101111011001001000100111000110000111101001101001111101111110100111011000101011100010110110010110101100101011000101001001111000111010101011010101001010001100011000110000011000100000110111011110111111110001001110011
101010111101110100011010110011001011100100111011000101101101000101011011110100110010001101000001010101111110011010101100111100111001000111000000000001111110011100001100101001010111110110011100100000111011110000011100011000110000010110010011
011001001101000111000110111000111101010111011100110011010101111000001011101100010000001101011100110001110100011010110001101101011111110100110100101000001000110011101100011010110010011111110011000111101001101000010010101100100001001111011111
001011000111101111101010111111000011101000111110010001111010100011100100001101101110010001110110010111111111000011111001110111110001011010001000000001001011000111101001001001101011010010101110101100001010011001101110100100111010100010000101
011010110011011110101110000111111101100101100001001110011011100110101111011100110100010011000110011111101001101111011011100011001110010011011000001000110010101111101101001010000010000001001110010100010001010010010010101101101000100111010101
001101001001100111110100100000100010011111110010101000100011011010010010010110001111001011010110000000110010011111111110111100111111001111111001001100011111101001110100110111110000000100001001001100101110101001110010001111011010010000010101
111011011011000101001111111111010100100010111101010000100100101110110110010001011110111000101001111110110010010001110000110010101111011010011100111111110100101101100110011000000110101111001111101010100101101100101100000111010110110110100111
001111101000010100011100110001111010100010001110010011010111111011011011010111111101100010001110001000110101111101000011001111010110111001010100011000111110010100001000100001010011100001111011011001110100111001000000110111111010001110010101
010101011000101011101111101011001100100100101000110000000111111101110110101110111111010001100001001001111101111111010111111011101100101100110111100111101110110000110111110000101010111100101101000001000110011010010111100111010101011100010100
