1100000000100110001101001111001101000100111000100100111100000011110000000000011001011000111000010000
1001000010110101000010000111001000000100111010000100000100011010100000110110010100000010100000000010
1001100010100001110011011000111001000100101110001000110000000111000100001110011001100001000101110000
0010100001011110111011000000000000000100111101100000100000010111000000010100011101101011010001110111
0010000001111011011010000101100000001100010110101100010000001100010000000110111001100010101011101100
1100000010010101110101100100101101000100111110101011100100000010110011011100010101000101010001001000
1000000000000101110010100010101001000100110111000100101101000100001010001100010101010001001001101010
1111000001101101000001001101101101000010000110101101000000000110110111100101011001010011010100001100
1101000000110001100111100110101000000000011110000011110000001101111000100101100000100001001100100100
0100000001000110100100011010100100001100100100111100010110000100110101000000001001110001001100000101
0010001010111000100100001011101101000000001010101100010000010111110001000110101001000101011000101000
1100001000110111011001110011101001001110001000100101100010000010011100000000011101000000010000101001
1110001001101010010101101010010000000000110010110010010001100011010010100111101000100101110001001000
1001001000100111100000000011101110001100010100100101011001000111110001011000011101011010101101100000
1100101000110001010101001110111011001110000000100110011101000111100001000000011101000000011101000100
1110101110111111000100110000100100001100100000000110010100001111110101010101010000110001001100111000
1100001010101001111110100010000011000100110000000001100001011000110000001101110100010010001100101000
1001000010111110000111101000000101000100111010100010010110001111110101100100111000010001000001001101
1110001000011011111010100111011110001100001010000101010010010101110011100110010010000001100000100000
1100000001110101010010011110111011000100100000000110010000010010111101011100100110000000001100111010
1010100001110000000010011110110101001010110101100000111100000111110111001100011101010001110101101000
1000000001110001110011111010100011001100001110100100110000000101101000011100011110010011100100101100
1100101001100011111100110010100001001100110110001100000011001110000001010101011101000101101001100000
1100110001111111111101101100001001000100010001100101010000110111100010001100111010000111110100110000
0001001010001101110010111011001010001000111110100000101011001001010100010101000101110001000100101100
1110101100100101011111111110000000000000111011100011000101001010011000001101101111000001101010111100
1100101010101101111010001000001000011010100000101011110000000000010011001010001110010001010100010010
0101000001111011100001111010100101000100111110100100010101010000000000011110111101011011110100111100
1110101001001100110101110010111101000100100000101110011110010111001100000100111001010001101100011110
1110000010111101001100000111100101001110101010110000001010000011110100000100011101010001100100011110
