35.7 3.0 28.0 -8.0
55.9 4.0 25.0 -10.0
65.1 4.0 15.0 -7.0
70.3 8.0 15.0 -10.0
77.3 8.0 46.0 -15.0
78.6 4.0 40.0 -12.0
80.3 5.0 38.0 -13.0
82.8 6.0 27.0 -11.0
86.3 7.0 45.0 -14.0
86.3 9.0 32.0 -14.0
89.6 5.0 40.0 -12.0
96.1 9.0 30.0 -15.0
96.9 8.0 4.0 -10.0
97.5 10.0 32.0 -15.0
98.0 4.0 56.0 -14.0
99.8 5.0 44.0 -14.0
101.3 8.0 39.0 -15.0
101.4 5.0 49.0 -12.0
102.9 7.0 48.0 -17.0
103.2 9.0 48.0 -17.0
104.5 7.0 28.0 -15.0
104.8 7.0 25.0 -12.0
105.0 5.0 62.0 -14.0
105.2 8.0 63.0 -18.0
105.6 13.0 18.0 -16.0
106.4 8.0 40.0 -17.0
106.5 7.0 56.0 -16.0
109.3 11.0 16.0 -14.0
109.6 5.0 45.0 -14.0
109.7 9.0 51.0 -18.0
109.8 6.0 63.0 -15.0
110.0 4.0 63.0 -16.0
111.0 9.0 39.0 -16.0
111.4 7.0 37.0 -14.0
111.6 4.0 50.0 -12.0
112.0 6.0 62.0 -15.0
113.3 7.0 32.0 -16.0
113.3 6.0 58.0 -16.0
114.7 11.0 51.0 -20.0
115.2 12.0 43.0 -20.0
115.3 6.0 48.0 -15.0
115.7 9.0 44.0 -18.0
116.4 6.0 40.0 -16.0
116.6 9.0 58.0 -19.0
117.1 10.0 35.0 -16.0
117.2 8.0 35.0 -15.0
118.1 10.0 23.0 -15.0
119.1 9.0 24.0 -15.0
119.4 4.0 50.0 -15.0
120.8 8.0 51.0 -16.0
121.8 7.0 57.0 -17.0
122.2 9.0 58.0 -19.0
122.4 6.0 66.0 -19.0
122.5 5.0 71.0 -17.0
122.5 8.0 34.0 -15.0
123.9 7.0 31.0 -15.0
124.3 10.0 61.0 -19.0
124.9 7.0 60.0 -18.0
125.2 6.0 42.0 -14.0
125.3 8.0 18.0 -14.0
126.0 11.0 56.0 -21.0
126.2 9.0 58.0 -18.0
126.2 10.0 47.0 -18.0
126.5 8.0 32.0 -14.0
127.1 9.0 31.0 -17.0
127.7 9.0 30.0 -14.0
127.9 7.0 56.0 -16.0
128.4 7.0 39.0 -15.0
128.8 9.0 55.0 -18.0
128.9 9.0 49.0 -19.0
129.2 9.0 30.0 -15.0
130.1 8.0 31.0 -14.0
130.9 9.0 45.0 -17.0
131.3 7.0 58.0 -17.0
132.0 6.0 53.0 -17.0
132.0 7.0 59.0 -16.0
132.5 8.0 50.0 -16.0
133.7 6.0 68.0 -16.0
133.9 12.0 46.0 -19.0
134.9 11.0 40.0 -20.0
135.3 10.0 18.0 -15.0
135.4 13.0 28.0 -19.0
135.5 11.0 34.0 -18.0
135.6 11.0 43.0 -18.0
135.8 9.0 22.0 -14.0
136.0 6.0 38.0 -14.0
136.1 6.0 83.0 -20.0
136.2 10.0 36.0 -16.0
136.3 1.0 75.0 -15.0
136.4 7.0 41.0 -15.0
136.6 7.0 69.0 -20.0
136.7 7.0 50.0 -17.0
137.3 9.0 50.0 -17.0
137.5 5.0 75.0 -18.0
137.6 6.0 74.0 -18.0
137.8 12.0 36.0 -18.0
138.1 11.0 42.0 -18.0
138.1 9.0 16.0 -13.0
138.3 12.0 46.0 -21.0
139.1 7.0 46.0 -17.0
139.2 8.0 48.0 -17.0
139.4 9.0 44.0 -18.0
139.4 5.0 85.0 -20.0
139.6 6.0 94.0 -20.0
140.0 6.0 69.0 -19.0
140.4 6.0 64.0 -16.0
140.9 9.0 50.0 -20.0
140.9 11.0 69.0 -22.0
141.6 13.0 24.0 -18.0
141.7 7.0 67.0 -20.0
141.9 9.0 85.0 -21.0
142.0 10.0 53.0 -21.0
142.1 10.0 36.0 -17.0
143.0 5.0 79.0 -18.0
143.4 6.0 61.0 -17.0
143.5 10.0 41.0 -18.0
143.6 11.0 59.0 -22.0
143.6 8.0 35.0 -15.0
143.7 10.0 53.0 -19.0
143.9 12.0 45.0 -21.0
144.0 8.0 29.0 -14.0
144.5 10.0 58.0 -20.0
145.0 9.0 45.0 -18.0
145.0 10.0 28.0 -15.0
145.3 15.0 58.0 -24.0
145.5 8.0 48.0 -17.0
145.9 10.0 46.0 -18.0
145.9 10.0 43.0 -19.0
146.2 11.0 53.0 -20.0
146.3 7.0 44.0 -16.0
146.6 8.0 76.0 -21.0
146.8 11.0 63.0 -23.0
146.9 9.0 46.0 -20.0
147.0 11.0 57.0 -21.0
147.1 7.0 74.0 -18.0
147.3 6.0 88.0 -21.0
147.7 10.0 75.0 -21.0
147.8 9.0 66.0 -20.0
148.1 9.0 66.0 -19.0
148.3 15.0 39.0 -22.0
148.4 10.0 54.0 -20.0
148.6 7.0 58.0 -16.0
148.8 11.0 28.0 -17.0
148.9 10.0 40.0 -18.0
149.5 10.0 33.0 -17.0
149.5 11.0 19.0 -17.0
149.9 10.0 61.0 -20.0
150.3 8.0 51.0 -19.0
150.9 8.0 53.0 -18.0
151.4 9.0 70.0 -23.0
151.7 6.0 71.0 -17.0
151.8 7.0 59.0 -17.0
151.9 8.0 42.0 -17.0
152.3 9.0 59.0 -19.0
152.4 9.0 50.0 -18.0
152.5 9.0 40.0 -18.0
152.6 9.0 57.0 -22.0
152.8 9.0 76.0 -21.0
152.8 9.0 76.0 -22.0
152.8 10.0 39.0 -16.0
153.0 13.0 64.0 -23.0
153.2 12.0 30.0 -19.0
153.2 7.0 68.0 -18.0
153.3 7.0 64.0 -20.0
153.4 6.0 68.0 -19.0
153.5 10.0 57.0 -19.0
153.7 10.0 41.0 -20.0
153.7 13.0 50.0 -21.0
153.9 5.0 68.0 -19.0
154.0 11.0 53.0 -23.0
154.0 12.0 38.0 -18.0
154.2 15.0 40.0 -21.0
154.5 7.0 65.0 -18.0
154.9 10.0 61.0 -21.0
155.0 13.0 59.0 -23.0
155.0 8.0 45.0 -17.0
155.1 7.0 49.0 -17.0
155.2 11.0 42.0 -19.0
155.5 9.0 64.0 -19.0
156.0 11.0 54.0 -20.0
156.0 7.0 33.0 -15.0
156.2 11.0 62.0 -22.0
156.4 3.0 80.0 -17.0
156.6 13.0 43.0 -21.0
156.7 9.0 36.0 -18.0
156.9 10.0 80.0 -25.0
157.1 11.0 59.0 -22.0
157.3 11.0 30.0 -17.0
157.4 7.0 76.0 -19.0
157.5 12.0 54.0 -22.0
157.7 11.0 35.0 -18.0
157.7 10.0 39.0 -18.0
157.8 9.0 61.0 -19.0
157.8 10.0 42.0 -18.0
157.9 11.0 50.0 -21.0
158.0 9.0 65.0 -20.0
158.1 12.0 31.0 -17.0
158.3 10.0 51.0 -18.0
158.4 8.0 53.0 -20.0
158.6 10.0 44.0 -18.0
158.7 5.0 48.0 -16.0
158.9 7.0 52.0 -18.0
158.9 6.0 69.0 -17.0
159.4 9.0 50.0 -18.0
159.5 12.0 51.0 -22.0
159.5 9.0 50.0 -17.0
159.5 10.0 73.0 -22.0
159.6 7.0 68.0 -18.0
160.1 9.0 75.0 -21.0
160.3 9.0 73.0 -22.0
160.3 8.0 53.0 -19.0
160.3 12.0 38.0 -19.0
160.4 9.0 52.0 -19.0
160.4 13.0 53.0 -22.0
160.5 8.0 87.0 -22.0
160.5 7.0 89.0 -22.0
160.9 14.0 62.0 -25.0
161.0 11.0 74.0 -22.0
161.2 12.0 46.0 -20.0
161.2 10.0 58.0 -21.0
161.5 12.0 51.0 -21.0
161.6 7.0 62.0 -20.0
161.6 11.0 70.0 -22.0
161.6 11.0 46.0 -19.0
161.7 12.0 35.0 -21.0
161.7 6.0 79.0 -22.0
161.9 7.0 48.0 -18.0
162.1 5.0 52.0 -15.0
162.7 10.0 57.0 -20.0
162.7 7.0 73.0 -20.0
162.8 7.0 67.0 -19.0
162.8 4.0 87.0 -19.0
162.9 14.0 50.0 -22.0
163.0 7.0 67.0 -20.0
163.2 8.0 72.0 -21.0
163.3 10.0 87.0 -23.0
163.4 5.0 80.0 -21.0
164.1 8.0 80.0 -21.0
164.4 8.0 83.0 -22.0
164.4 12.0 52.0 -22.0
164.5 10.0 40.0 -18.0
164.6 8.0 53.0 -19.0
164.7 11.0 50.0 -22.0
164.8 13.0 41.0 -22.0
164.8 16.0 28.0 -22.0
164.8 16.0 32.0 -21.0
164.9 8.0 52.0 -18.0
165.1 14.0 36.0 -21.0
165.3 10.0 58.0 -21.0
165.3 9.0 65.0 -21.0
165.3 9.0 23.0 -14.0
165.3 10.0 35.0 -20.0
166.1 12.0 42.0 -20.0
166.2 10.0 51.0 -21.0
166.4 11.0 84.0 -24.0
166.5 8.0 54.0 -18.0
166.6 12.0 32.0 -19.0
166.6 14.0 5.0 -16.0
166.8 10.0 40.0 -21.0
166.9 13.0 33.0 -21.0
167.1 13.0 35.0 -21.0
167.1 10.0 63.0 -24.0
167.2 10.0 46.0 -19.0
167.2 10.0 56.0 -22.0
167.4 8.0 86.0 -22.0
168.3 10.0 64.0 -22.0
168.3 12.0 28.0 -16.0
168.5 9.0 50.0 -18.0
168.7 8.0 54.0 -18.0
169.2 9.0 89.0 -23.0
169.2 8.0 65.0 -19.0
169.2 11.0 67.0 -23.0
169.4 11.0 71.0 -24.0
169.6 7.0 42.0 -16.0
169.9 7.0 90.0 -24.0
169.9 7.0 75.0 -23.0
170.6 10.0 74.0 -21.0
170.7 9.0 43.0 -18.0
170.7 10.0 33.0 -17.0
171.2 7.0 61.0 -20.0
171.3 10.0 58.0 -22.0
171.4 7.0 55.0 -18.0
171.5 6.0 82.0 -21.0
171.9 13.0 26.0 -19.0
172.0 10.0 48.0 -19.0
172.1 10.0 53.0 -19.0
172.3 8.0 50.0 -18.0
172.5 14.0 53.0 -22.0
172.6 10.0 74.0 -23.0
172.7 11.0 71.0 -22.0
172.7 9.0 71.0 -23.0
172.8 12.0 58.0 -21.0
173.3 11.0 84.0 -25.0
173.5 10.0 57.0 -21.0
173.5 13.0 63.0 -23.0
173.8 13.0 34.0 -19.0
173.9 12.0 43.0 -21.0
173.9 9.0 65.0 -21.0
174.0 14.0 34.0 -20.0
174.0 6.0 77.0 -20.0
174.2 11.0 37.0 -19.0
174.2 8.0 64.0 -21.0
174.3 11.0 56.0 -20.0
174.3 13.0 50.0 -22.0
174.4 9.0 41.0 -19.0
174.6 12.0 70.0 -25.0
174.7 7.0 70.0 -18.0
174.7 6.0 59.0 -17.0
174.7 12.0 48.0 -21.0
174.8 8.0 49.0 -20.0
174.9 7.0 77.0 -21.0
174.9 10.0 43.0 -20.0
175.1 14.0 52.0 -24.0
175.1 13.0 45.0 -22.0
175.2 8.0 61.0 -22.0
175.5 10.0 69.0 -24.0
175.6 13.0 44.0 -22.0
175.9 13.0 64.0 -24.0
176.1 10.0 39.0 -20.0
176.1 8.0 63.0 -21.0
176.1 6.0 60.0 -19.0
176.2 11.0 58.0 -22.0
176.3 8.0 58.0 -18.0
176.4 12.0 53.0 -21.0
176.5 11.0 78.0 -25.0
176.5 11.0 65.0 -22.0
176.5 6.0 46.0 -17.0
176.6 10.0 40.0 -18.0
176.7 10.0 59.0 -18.0
176.8 11.0 70.0 -24.0
176.9 7.0 73.0 -19.0
177.5 8.0 70.0 -22.0
177.5 13.0 26.0 -19.0
177.6 8.0 72.0 -21.0
177.7 8.0 80.0 -22.0
177.9 7.0 68.0 -20.0
178.2 12.0 60.0 -22.0
178.4 11.0 66.0 -24.0
178.5 14.0 37.0 -22.0
178.6 8.0 75.0 -21.0
178.8 9.0 50.0 -18.0
179.0 15.0 28.0 -21.0
179.0 9.0 61.0 -22.0
179.2 11.0 53.0 -23.0
179.3 13.0 31.0 -20.0
179.4 8.0 74.0 -20.0
179.4 14.0 54.0 -24.0
179.5 10.0 41.0 -19.0
179.5 12.0 33.0 -20.0
179.6 13.0 43.0 -21.0
179.7 7.0 72.0 -22.0
179.9 8.0 70.0 -19.0
179.9 7.0 82.0 -20.0
180.3 8.0 78.0 -24.0
180.5 8.0 55.0 -21.0
181.0 9.0 62.0 -19.0
181.2 10.0 73.0 -23.0
181.3 9.0 62.0 -21.0
181.5 10.0 53.0 -19.0
181.6 8.0 60.0 -22.0
181.6 14.0 42.0 -22.0
181.7 10.0 51.0 -20.0
181.9 10.0 58.0 -20.0
182.0 8.0 68.0 -21.0
182.0 10.0 49.0 -20.0
182.0 8.0 69.0 -19.0
182.1 10.0 78.0 -24.0
182.2 9.0 60.0 -21.0
182.2 10.0 58.0 -22.0
182.3 11.0 50.0 -21.0
182.4 9.0 72.0 -23.0
182.4 7.0 72.0 -21.0
182.6 12.0 45.0 -22.0
182.7 14.0 44.0 -22.0
182.7 9.0 72.0 -23.0
182.8 13.0 44.0 -22.0
182.9 9.0 72.0 -21.0
183.2 8.0 65.0 -21.0
183.4 7.0 79.0 -20.0
183.5 7.0 66.0 -19.0
183.5 13.0 35.0 -21.0
183.7 12.0 83.0 -26.0
183.8 9.0 76.0 -24.0
184.0 8.0 68.0 -19.0
184.2 5.0 92.0 -21.0
184.2 10.0 71.0 -22.0
184.5 11.0 53.0 -22.0
184.6 8.0 90.0 -25.0
184.6 7.0 62.0 -19.0
184.7 6.0 67.0 -19.0
185.1 9.0 65.0 -21.0
185.1 17.0 35.0 -24.0
185.2 12.0 63.0 -21.0
185.3 11.0 71.0 -21.0
185.4 10.0 63.0 -23.0
185.4 6.0 53.0 -18.0
185.8 12.0 66.0 -24.0
186.1 8.0 61.0 -19.0
186.3 10.0 73.0 -23.0
186.5 7.0 63.0 -19.0
186.5 8.0 74.0 -23.0
186.6 11.0 59.0 -22.0
186.8 3.0 79.0 -20.0
187.0 10.0 62.0 -22.0
187.2 16.0 40.0 -25.0
187.4 14.0 39.0 -22.0
187.6 10.0 49.0 -19.0
187.7 11.0 77.0 -25.0
187.8 13.0 60.0 -24.0
187.9 11.0 56.0 -23.0
188.0 11.0 72.0 -23.0
188.1 7.0 87.0 -23.0
188.2 7.0 73.0 -21.0
188.5 18.0 53.0 -27.0
188.6 11.0 47.0 -21.0
188.8 12.0 55.0 -20.0
188.9 4.0 82.0 -19.0
189.0 12.0 38.0 -20.0
189.0 11.0 55.0 -21.0
189.1 12.0 69.0 -26.0
189.1 10.0 93.0 -23.0
189.2 8.0 79.0 -21.0
189.4 9.0 74.0 -25.0
189.4 12.0 61.0 -21.0
189.5 11.0 62.0 -24.0
189.6 9.0 90.0 -24.0
189.6 12.0 61.0 -23.0
190.0 14.0 48.0 -24.0
190.1 5.0 77.0 -19.0
190.1 10.0 46.0 -20.0
190.2 11.0 62.0 -23.0
190.3 9.0 62.0 -21.0
190.4 11.0 66.0 -23.0
190.6 9.0 99.0 -25.0
190.9 7.0 100.0 -25.0
191.5 12.0 66.0 -26.0
191.5 12.0 66.0 -23.0
191.6 13.0 36.0 -21.0
191.7 10.0 48.0 -19.0
191.8 11.0 88.0 -26.0
192.1 7.0 87.0 -21.0
192.4 11.0 56.0 -22.0
192.4 9.0 67.0 -23.0
192.5 9.0 89.0 -25.0
192.9 9.0 75.0 -22.0
193.1 10.0 53.0 -21.0
193.3 13.0 53.0 -23.0
193.4 16.0 59.0 -28.0
193.6 9.0 77.0 -23.0
193.6 10.0 43.0 -21.0
193.7 14.0 60.0 -25.0
194.1 16.0 20.0 -21.0
194.2 10.0 77.0 -24.0
194.3 9.0 92.0 -24.0
194.3 10.0 57.0 -20.0
194.5 7.0 80.0 -20.0
194.6 15.0 32.0 -22.0
194.6 9.0 69.0 -22.0
194.7 7.0 94.0 -24.0
194.7 14.0 30.0 -20.0
194.8 14.0 68.0 -26.0
195.0 11.0 47.0 -21.0
195.1 12.0 74.0 -26.0
195.4 10.0 56.0 -19.0
195.5 12.0 68.0 -26.0
195.5 12.0 51.0 -22.0
195.6 8.0 96.0 -24.0
195.6 15.0 64.0 -25.0
195.7 10.0 63.0 -24.0
195.8 10.0 56.0 -20.0
195.9 12.0 66.0 -23.0
196.3 13.0 60.0 -24.0
196.4 12.0 60.0 -23.0
196.5 8.0 58.0 -21.0
196.5 10.0 95.0 -26.0
196.6 14.0 68.0 -27.0
196.6 14.0 57.0 -25.0
196.7 8.0 68.0 -21.0
196.7 10.0 66.0 -21.0
196.8 8.0 78.0 -25.0
196.8 9.0 66.0 -22.0
196.8 14.0 54.0 -26.0
196.9 17.0 37.0 -25.0
197.0 11.0 68.0 -23.0
197.0 6.0 79.0 -21.0
197.1 11.0 68.0 -22.0
197.2 11.0 69.0 -25.0
197.2 14.0 60.0 -24.0
197.3 10.0 95.0 -26.0
197.3 11.0 68.0 -24.0
197.4 12.0 72.0 -25.0
197.4 10.0 59.0 -19.0
197.5 11.0 68.0 -25.0
197.6 14.0 56.0 -23.0
198.0 12.0 58.0 -24.0
198.0 13.0 64.0 -25.0
198.3 9.0 50.0 -20.0
198.8 7.0 83.0 -23.0
198.8 13.0 58.0 -24.0
198.9 10.0 80.0 -26.0
199.0 10.0 100.0 -27.0
199.0 7.0 67.0 -22.0
199.1 10.0 74.0 -24.0
199.1 9.0 62.0 -21.0
199.1 8.0 62.0 -21.0
199.1 16.0 47.0 -26.0
199.1 13.0 44.0 -21.0
199.3 9.0 91.0 -27.0
199.5 11.0 32.0 -20.0
199.7 9.0 40.0 -18.0
199.7 10.0 80.0 -24.0
199.7 14.0 43.0 -24.0
199.8 16.0 50.0 -24.0
200.0 10.0 69.0 -25.0
200.0 11.0 60.0 -23.0
200.5 12.0 64.0 -22.0
200.6 9.0 61.0 -20.0
200.7 10.0 51.0 -20.0
200.8 9.0 70.0 -22.0
200.9 14.0 31.0 -22.0
201.1 16.0 45.0 -24.0
201.1 11.0 68.0 -24.0
201.2 9.0 61.0 -20.0
201.3 11.0 47.0 -20.0
201.3 14.0 48.0 -24.0
201.4 8.0 98.0 -26.0
201.4 7.0 106.0 -26.0
201.6 10.0 63.0 -23.0
201.7 7.0 98.0 -25.0
201.7 11.0 68.0 -24.0
201.7 12.0 59.0 -22.0
201.8 10.0 93.0 -26.0
201.9 9.0 58.0 -22.0
202.3 11.0 42.0 -22.0
202.4 12.0 86.0 -27.0
202.6 7.0 101.0 -24.0
202.7 13.0 70.0 -27.0
202.7 16.0 54.0 -25.0
202.8 15.0 41.0 -24.0
203.0 12.0 66.0 -26.0
203.0 13.0 56.0 -24.0
203.1 13.0 49.0 -22.0
203.1 11.0 97.0 -28.0
203.1 15.0 60.0 -27.0
203.2 13.0 46.0 -23.0
203.4 16.0 37.0 -23.0
203.5 13.0 49.0 -25.0
203.5 15.0 55.0 -26.0
203.8 7.0 88.0 -23.0
203.8 8.0 96.0 -23.0
203.8 13.0 70.0 -24.0
204.2 14.0 39.0 -23.0
204.4 10.0 64.0 -22.0
204.8 8.0 84.0 -23.0
205.2 14.0 57.0 -26.0
205.5 13.0 58.0 -23.0
205.7 11.0 54.0 -23.0
205.7 13.0 59.0 -24.0
205.7 9.0 115.0 -28.0
205.9 12.0 60.0 -24.0
205.9 14.0 33.0 -22.0
205.9 12.0 77.0 -27.0
206.0 14.0 50.0 -24.0
206.2 13.0 68.0 -27.0
206.2 15.0 47.0 -23.0
206.4 10.0 56.0 -21.0
206.6 14.0 51.0 -24.0
206.7 9.0 96.0 -25.0
206.7 11.0 47.0 -20.0
206.8 8.0 81.0 -23.0
207.0 6.0 81.0 -21.0
207.1 10.0 75.0 -23.0
207.2 12.0 58.0 -22.0
207.3 9.0 70.0 -20.0
207.4 11.0 74.0 -26.0
207.4 13.0 81.0 -26.0
207.4 14.0 30.0 -21.0
207.5 12.0 42.0 -20.0
207.6 11.0 53.0 -23.0
207.7 13.0 45.0 -22.0
207.8 14.0 49.0 -25.0
207.9 15.0 68.0 -27.0
208.0 15.0 37.0 -23.0
208.1 15.0 58.0 -24.0
208.1 11.0 75.0 -26.0
208.1 13.0 50.0 -23.0
208.2 9.0 60.0 -20.0
208.2 15.0 27.0 -22.0
208.3 11.0 70.0 -24.0
208.5 13.0 82.0 -26.0
208.5 12.0 66.0 -24.0
208.7 16.0 56.0 -26.0
208.7 11.0 96.0 -27.0
208.8 11.0 55.0 -23.0
209.3 6.0 127.0 -29.0
209.4 10.0 84.0 -25.0
209.5 16.0 34.0 -22.0
209.6 14.0 66.0 -29.0
209.7 10.0 72.0 -24.0
209.7 11.0 45.0 -20.0
210.1 13.0 55.0 -22.0
210.1 10.0 64.0 -22.0
210.2 12.0 63.0 -24.0
210.5 10.0 65.0 -24.0
210.6 11.0 70.0 -25.0
210.8 9.0 89.0 -26.0
211.0 16.0 34.0 -24.0
211.1 8.0 92.0 -24.0
211.4 15.0 61.0 -26.0
211.5 13.0 112.0 -30.0
211.6 12.0 86.0 -29.0
211.6 13.0 66.0 -26.0
211.7 9.0 73.0 -22.0
211.9 14.0 77.0 -28.0
211.9 10.0 57.0 -22.0
212.2 12.0 53.0 -23.0
212.3 18.0 46.0 -26.0
212.7 6.0 80.0 -21.0
212.9 11.0 95.0 -26.0
213.0 10.0 61.0 -23.0
213.1 8.0 92.0 -23.0
213.2 7.0 74.0 -22.0
213.2 15.0 75.0 -29.0
213.4 15.0 48.0 -23.0
213.4 11.0 64.0 -22.0
213.4 10.0 87.0 -24.0
213.6 9.0 47.0 -19.0
213.7 10.0 81.0 -23.0
213.8 13.0 57.0 -23.0
213.9 14.0 18.0 -19.0
214.2 9.0 76.0 -22.0
214.3 13.0 96.0 -29.0
214.4 13.0 39.0 -22.0
214.6 10.0 77.0 -26.0
214.6 13.0 61.0 -23.0
214.8 11.0 65.0 -21.0
214.9 12.0 63.0 -24.0
215.2 16.0 54.0 -26.0
215.2 16.0 72.0 -28.0
215.3 12.0 50.0 -21.0
215.6 17.0 56.0 -28.0
215.6 18.0 51.0 -27.0
216.0 11.0 80.0 -25.0
216.0 10.0 105.0 -28.0
216.1 15.0 60.0 -28.0
216.7 13.0 68.0 -25.0
216.7 11.0 61.0 -24.0
216.8 12.0 62.0 -25.0
216.8 15.0 55.0 -25.0
216.9 16.0 47.0 -24.0
216.9 14.0 57.0 -26.0
217.2 8.0 92.0 -27.0
217.7 14.0 54.0 -23.0
217.7 5.0 86.0 -22.0
218.1 13.0 94.0 -30.0
218.2 13.0 52.0 -25.0
218.4 12.0 69.0 -25.0
218.6 13.0 40.0 -22.0
218.6 14.0 71.0 -28.0
218.8 12.0 85.0 -27.0
218.8 6.0 94.0 -24.0
218.8 12.0 54.0 -24.0
219.0 11.0 56.0 -24.0
219.1 9.0 76.0 -23.0
219.2 9.0 67.0 -22.0
219.3 9.0 102.0 -25.0
219.3 13.0 69.0 -25.0
219.4 9.0 78.0 -23.0
219.4 13.0 43.0 -24.0
219.9 8.0 115.0 -25.0
220.2 13.0 42.0 -23.0
220.2 8.0 106.0 -26.0
220.6 13.0 69.0 -25.0
220.7 13.0 86.0 -29.0
220.9 12.0 80.0 -26.0
221.0 17.0 75.0 -31.0
221.1 13.0 72.0 -26.0
221.2 8.0 87.0 -22.0
221.4 13.0 75.0 -25.0
221.4 12.0 76.0 -27.0
221.4 5.0 88.0 -21.0
221.5 13.0 44.0 -23.0
221.5 15.0 54.0 -24.0
221.7 11.0 71.0 -23.0
222.2 16.0 53.0 -26.0
222.8 13.0 57.0 -25.0
222.8 8.0 83.0 -23.0
223.1 9.0 90.0 -22.0
223.2 10.0 51.0 -21.0
223.5 11.0 70.0 -24.0
223.5 16.0 62.0 -27.0
223.5 14.0 59.0 -26.0
223.8 10.0 95.0 -26.0
223.8 8.0 64.0 -22.0
223.9 9.0 87.0 -25.0
224.0 15.0 54.0 -24.0
224.1 4.0 119.0 -23.0
224.3 13.0 42.0 -25.0
224.3 16.0 46.0 -25.0
224.4 14.0 79.0 -28.0
224.4 14.0 71.0 -27.0
224.5 14.0 66.0 -26.0
224.7 11.0 63.0 -24.0
224.8 19.0 51.0 -27.0
224.9 8.0 82.0 -24.0
225.0 15.0 62.0 -28.0
225.5 15.0 46.0 -26.0
225.6 15.0 48.0 -25.0
225.6 14.0 58.0 -25.0
225.8 13.0 69.0 -29.0
225.9 16.0 42.0 -23.0
226.1 12.0 59.0 -25.0
226.2 9.0 106.0 -28.0
226.2 12.0 75.0 -27.0
226.3 14.0 74.0 -29.0
226.3 12.0 50.0 -23.0
226.6 11.0 55.0 -22.0
226.6 12.0 58.0 -23.0
226.9 11.0 101.0 -29.0
226.9 18.0 42.0 -27.0
227.0 15.0 54.0 -25.0
227.2 9.0 79.0 -25.0
227.3 17.0 34.0 -25.0
227.4 15.0 56.0 -27.0
227.4 11.0 91.0 -27.0
227.7 16.0 50.0 -24.0
227.8 11.0 93.0 -28.0
227.8 12.0 38.0 -19.0
227.9 13.0 85.0 -28.0
227.9 9.0 63.0 -21.0
228.0 12.0 86.0 -26.0
228.1 11.0 116.0 -29.0
228.1 14.0 70.0 -26.0
228.2 10.0 78.0 -23.0
228.3 12.0 91.0 -28.0
228.4 11.0 67.0 -24.0
228.6 8.0 92.0 -24.0
228.7 12.0 67.0 -27.0
228.7 8.0 86.0 -23.0
228.8 7.0 103.0 -25.0
228.8 13.0 87.0 -28.0
228.8 14.0 47.0 -24.0
228.9 15.0 59.0 -26.0
228.9 11.0 44.0 -19.0
229.0 10.0 94.0 -27.0
229.2 13.0 49.0 -23.0
229.6 9.0 84.0 -24.0
229.6 14.0 57.0 -25.0
229.6 14.0 66.0 -26.0
229.7 12.0 52.0 -23.0
230.2 9.0 73.0 -22.0
230.3 14.0 95.0 -32.0
230.4 13.0 74.0 -26.0
230.6 15.0 41.0 -24.0
230.7 18.0 30.0 -25.0
230.7 9.0 95.0 -24.0
230.7 13.0 98.0 -31.0
230.7 13.0 77.0 -28.0
230.8 11.0 60.0 -24.0
230.8 15.0 56.0 -26.0
231.0 10.0 79.0 -25.0
231.0 13.0 57.0 -27.0
231.2 15.0 36.0 -24.0
231.4 7.0 103.0 -26.0
231.4 8.0 81.0 -25.0
231.7 11.0 79.0 -25.0
232.0 11.0 83.0 -25.0
232.1 11.0 58.0 -23.0
232.5 15.0 45.0 -24.0
232.5 16.0 56.0 -27.0
232.6 14.0 41.0 -24.0
232.6 12.0 61.0 -25.0
232.8 11.0 97.0 -27.0
233.0 13.0 72.0 -25.0
233.0 16.0 74.0 -28.0
233.3 17.0 53.0 -28.0
233.3 15.0 36.0 -23.0
233.6 10.0 93.0 -27.0
233.8 16.0 43.0 -24.0
233.8 12.0 77.0 -26.0
233.8 15.0 78.0 -28.0
234.3 13.0 71.0 -26.0
234.4 10.0 89.0 -26.0
234.6 8.0 79.0 -26.0
234.6 11.0 82.0 -28.0
235.0 13.0 79.0 -28.0
235.0 19.0 52.0 -28.0
235.2 12.0 87.0 -27.0
235.4 10.0 96.0 -27.0
235.8 15.0 51.0 -26.0
235.9 9.0 95.0 -27.0
236.0 10.0 90.0 -26.0
236.1 9.0 67.0 -22.0
236.3 13.0 50.0 -24.0
236.5 14.0 61.0 -27.0
236.9 6.0 95.0 -23.0
237.0 13.0 56.0 -25.0
237.2 17.0 75.0 -29.0
237.4 12.0 69.0 -25.0
237.4 6.0 71.0 -23.0
237.6 9.0 93.0 -26.0
237.7 12.0 87.0 -27.0
237.9 15.0 54.0 -26.0
238.0 12.0 71.0 -26.0
238.0 15.0 46.0 -24.0
238.0 11.0 65.0 -24.0
238.1 13.0 66.0 -27.0
238.3 12.0 53.0 -24.0
238.8 10.0 82.0 -24.0
238.9 14.0 69.0 -26.0
239.1 6.0 78.0 -23.0
239.3 14.0 41.0 -23.0
239.6 14.0 72.0 -29.0
239.7 18.0 44.0 -27.0
239.8 15.0 78.0 -27.0
239.8 9.0 96.0 -26.0
240.0 13.0 59.0 -23.0
240.1 15.0 74.0 -27.0
240.2 8.0 84.0 -24.0
240.6 13.0 95.0 -30.0
240.7 11.0 83.0 -25.0
240.8 8.0 72.0 -24.0
240.8 15.0 71.0 -28.0
240.8 15.0 40.0 -23.0
241.2 13.0 90.0 -31.0
241.5 10.0 76.0 -26.0
241.6 16.0 58.0 -27.0
241.7 15.0 71.0 -28.0
241.8 6.0 81.0 -24.0
242.0 15.0 45.0 -23.0
242.1 11.0 91.0 -29.0
242.7 15.0 59.0 -28.0
242.7 12.0 97.0 -29.0
242.9 14.0 73.0 -27.0
243.0 10.0 61.0 -23.0
243.1 19.0 52.0 -27.0
243.2 16.0 40.0 -25.0
243.4 15.0 76.0 -28.0
243.5 14.0 65.0 -27.0
243.7 14.0 82.0 -28.0
244.1 16.0 72.0 -29.0
244.1 13.0 65.0 -26.0
244.9 13.0 78.0 -26.0
245.1 16.0 56.0 -26.0
245.5 13.0 91.0 -29.0
245.6 19.0 44.0 -27.0
245.7 15.0 82.0 -30.0
245.9 9.0 81.0 -25.0
246.1 13.0 84.0 -29.0
246.2 15.0 80.0 -29.0
246.3 13.0 59.0 -25.0
246.6 13.0 66.0 -27.0
247.0 14.0 95.0 -31.0
247.1 12.0 70.0 -26.0
247.6 17.0 57.0 -28.0
247.9 14.0 58.0 -26.0
248.1 8.0 90.0 -26.0
248.6 12.0 108.0 -32.0
248.8 17.0 70.0 -29.0
249.1 9.0 86.0 -25.0
249.4 15.0 72.0 -29.0
249.4 10.0 73.0 -26.0
249.8 15.0 83.0 -29.0
250.1 14.0 91.0 -30.0
250.2 12.0 77.0 -27.0
250.4 17.0 55.0 -28.0
250.7 14.0 57.0 -26.0
251.1 14.0 83.0 -29.0
251.7 8.0 91.0 -27.0
251.9 15.0 69.0 -28.0
251.9 13.0 92.0 -32.0
252.3 16.0 50.0 -26.0
252.4 20.0 59.0 -31.0
252.8 14.0 38.0 -23.0
252.9 12.0 84.0 -29.0
254.5 14.0 44.0 -25.0
254.7 15.0 53.0 -26.0
255.0 12.0 75.0 -25.0
255.1 16.0 51.0 -27.0
255.2 15.0 52.0 -25.0
255.4 13.0 74.0 -27.0
256.2 11.0 92.0 -29.0
256.2 16.0 69.0 -28.0
256.2 15.0 75.0 -29.0
256.3 15.0 59.0 -28.0
256.8 16.0 42.0 -25.0
257.2 11.0 64.0 -25.0
257.3 10.0 79.0 -25.0
257.4 12.0 112.0 -31.0
257.5 18.0 39.0 -26.0
257.9 16.0 57.0 -27.0
258.5 14.0 58.0 -27.0
258.6 15.0 48.0 -25.0
258.8 15.0 85.0 -29.0
258.9 20.0 46.0 -28.0
258.9 15.0 58.0 -30.0
259.1 13.0 72.0 -28.0
259.2 16.0 45.0 -25.0
259.7 9.0 61.0 -23.0
259.9 16.0 58.0 -27.0
260.7 13.0 64.0 -25.0
260.7 11.0 76.0 -27.0
261.2 12.0 103.0 -29.0
261.3 6.0 115.0 -25.0
261.5 16.0 66.0 -30.0
261.7 9.0 85.0 -25.0
261.8 14.0 77.0 -30.0
261.9 11.0 74.0 -25.0
262.0 11.0 80.0 -27.0
262.1 9.0 84.0 -25.0
262.3 15.0 67.0 -28.0
262.5 12.0 91.0 -27.0
262.7 13.0 57.0 -27.0
262.8 17.0 54.0 -27.0
263.1 13.0 69.0 -27.0
263.2 16.0 72.0 -28.0
264.1 12.0 90.0 -28.0
264.3 14.0 89.0 -30.0
264.4 15.0 66.0 -31.0
264.4 15.0 66.0 -28.0
265.1 16.0 57.0 -27.0
265.3 13.0 93.0 -30.0
266.7 14.0 56.0 -27.0
267.2 17.0 56.0 -27.0
267.3 19.0 43.0 -27.0
267.8 9.0 116.0 -29.0
268.0 13.0 74.0 -27.0
268.1 18.0 31.0 -27.0
268.7 12.0 90.0 -27.0
269.0 11.0 89.0 -31.0
270.1 16.0 47.0 -27.0
270.1 12.0 93.0 -30.0
270.6 16.0 92.0 -33.0
271.1 14.0 80.0 -30.0
271.5 12.0 131.0 -33.0
271.7 14.0 79.0 -29.0
271.8 12.0 108.0 -31.0
272.1 18.0 43.0 -28.0
272.4 13.0 94.0 -28.0
272.6 16.0 67.0 -28.0
273.1 16.0 63.0 -29.0
273.5 11.0 99.0 -29.0
273.7 11.0 107.0 -31.0
274.3 16.0 102.0 -33.0
275.1 15.0 106.0 -31.0
276.4 16.0 55.0 -28.0
277.5 13.0 84.0 -30.0
277.8 13.0 66.0 -27.0
278.2 14.0 66.0 -29.0
278.8 19.0 39.0 -29.0
279.0 12.0 96.0 -30.0
279.8 17.0 43.0 -29.0
279.8 11.0 122.0 -34.0
279.9 18.0 63.0 -29.0
281.3 13.0 96.0 -31.0
281.9 12.0 84.0 -29.0
282.2 11.0 103.0 -30.0
283.1 11.0 107.0 -32.0
283.3 16.0 64.0 -27.0
284.9 12.0 72.0 -28.0
285.5 18.0 59.0 -29.0
286.3 16.0 56.0 -27.0
286.8 17.0 89.0 -32.0
287.1 17.0 68.0 -29.0
287.4 9.0 117.0 -29.0
287.9 9.0 108.0 -26.0
288.8 12.0 112.0 -32.0
289.0 20.0 59.0 -33.0
289.0 14.0 86.0 -29.0
289.3 18.0 80.0 -33.0
289.7 12.0 105.0 -33.0
290.9 15.0 83.0 -29.0
291.2 9.0 131.0 -31.0
291.5 10.0 93.0 -28.0
292.3 14.0 91.0 -31.0
292.5 11.0 117.0 -32.0
292.6 16.0 65.0 -27.0
292.9 17.0 76.0 -32.0
293.9 9.0 121.0 -30.0
295.3 17.0 85.0 -32.0
297.0 15.0 89.0 -30.0
297.3 17.0 75.0 -31.0
298.3 16.0 74.0 -32.0
298.9 9.0 83.0 -28.0
299.1 13.0 80.0 -28.0
299.7 18.0 80.0 -33.0
301.3 13.0 96.0 -30.0
303.8 16.0 97.0 -33.0
304.3 20.0 67.0 -34.0
304.9 11.0 117.0 -31.0
312.1 18.0 58.0 -31.0
315.3 14.0 87.0 -32.0
316.0 8.0 100.0 -29.0
318.4 14.0 98.0 -33.0
319.0 13.0 118.0 -33.0
322.5 17.0 96.0 -35.0
329.0 14.0 108.0 -34.0
330.3 18.0 65.0 -33.0
333.0 16.0 107.0 -36.0
346.7 16.0 93.0 -34.0
