2046.0 -4902.45
2046.0 -4902.45
2046.0 -4902.45
2046.0 -4902.45
2046.0 -4902.45
2046.0 -4902.45
2046.0 -4902.45
2046.0 -4902.45
2046.0 -4902.45
2046.0 -4902.45
2046.0 -4902.45
2046.0 -4902.45
2046.0 -4902.45
2046.0 -4902.45
2046.0 -4902.45
2046.0 -4902.45
2046.0 -4902.45
2046.0 -4902.45
2046.0 -4902.45
2046.0 -4902.45
2046.0 -4902.45
2046.0 -4902.45
2046.0 -4902.45
2046.0 -4902.45
2046.0 -4902.45
2046.0 -4902.45
2046.0 -4902.45
2046.0 -4902.45
2046.0 -4902.45
2046.0 -4902.45
2046.0 -4902.45
2046.0 -4902.45
2046.0 -4902.45
2046.0 -4902.45
2046.0 -4902.45
2046.0 -4902.45
2046.0 -4902.45
2046.0 -4902.45
2046.0 -4902.45
2046.0 -4902.45
2046.0 -4902.45
2046.0 -4902.45
2046.0 -4902.45
2046.0 -4902.45
2046.0 -4902.45
2046.0 -4902.45
2046.0 -4902.45
2046.0 -4902.45
2046.0 -4902.45
2046.0 -4902.45
2049.0 -4924.3
2049.0 -4924.3
2049.0 -4924.3
2049.0 -4924.3
2049.0 -4924.3
2049.0 -4924.3
2049.0 -4924.3
2049.0 -4924.3
2049.0 -4924.3
2049.0 -4924.3
2049.0 -4924.3
2049.0 -4924.3
2049.0 -4924.3
2049.0 -4924.3
2049.0 -4924.3
2049.0 -4924.3
2049.0 -4924.3
2049.0 -4924.3
2049.0 -4924.3
2049.0 -4924.3
2049.0 -4924.3
2049.0 -4924.3
2049.0 -4924.3
2049.0 -4924.3
2049.0 -4924.3
2049.0 -4924.3
2049.0 -4924.3
2049.0 -4924.3
2049.0 -4924.3
2049.0 -4924.3
2049.0 -4924.3
2049.0 -4924.3
2049.0 -4924.3
2049.0 -4924.3
2049.0 -4924.3
2049.0 -4924.3
2049.0 -4924.3
2049.0 -4924.3
2049.0 -4924.3
2049.0 -4924.3
2049.0 -4924.3
2049.0 -4924.3
2049.0 -4924.3
2049.0 -4924.3
2049.0 -4924.3
2049.0 -4924.3
2049.0 -4924.3
2049.0 -4924.3
2049.0 -4924.3
2049.0 -4924.3
