111010111010110111001010011010011010
110111010110111011001001011010011010
111011010110111011001100010110011010
111011010110111011001100010110101010
110111010110111011001001010111001010
110111011010110110011001010110101010
110111011010110110011001010110101010
110111011010110110011001010110101010
111011011010110111001001010110011001
110111010111011011001010010110011010
111011010110111010101010010110011010
110111011010111011001001010110011001
110111011010111011001001010110011001
110111011010111011001010010110011100
111010111011011011001100010110101010
111011011010111011001001010111001100
111011011010111011001001010111001100
111011011010111011001000110110011010
111011011010111011001000110110011010
110110110110111010011001011010011100
110110110110111010011010011010011100
111011011010111011001010010110101100
110111011010111011001000110110011010
111010111010111011001010010110011001
110111010110111010101010010111001010
111011011010111010011010010110011100
110111010110110111001100010111001100
111011010110110111001000110110011010
111011010110110111001001010110101001
110110111010110111001100010110101001
110110111010110111001100010110101001
111011010111010110011001011010101100
111011010110111010011100010110011100
110111010111011010101001010110011010
111010111010111010011001010110011100
110111011010111010011100010110101001
111010110110110111001000110110011010
111010110110110111001000110110011010
110111011011011011001100010111001001
111010111010110110101001010110011100
111010111010110110011010010110101100
111010111010110110011010010110101100
111010111010111010011001010110101100
111010110110111010011001010110011100
111010110110111011001000110111001010
111011010111011011001001010110101100
111011010110110110101001010110101001
110111010110110110101010010111001100
111010110110111010101001010110011100
111010110110110110011001010110101100
111010110110111010011000110110011010
110111011010110110101000111010101100
110111011010110110101000111010101100
111011010110110110101000110111001010
111011010110110111001000110110011100
111011010110110111001000110110011100
111011010110110111001000110110011100
111011010110110110101000110110101010
110111011010110111001000110111001100
111011010110111011001000110110011001
110110110111010111001010010110101001
111010110110111010101001010111001001
110110110110110110101001010111001100
110110110110110110101001010111001100
110110110110111010101000110110011010
110110110110111010101000110110011010
110111010110111011001000110111001100
110111010110111011001000110110101100
110111011010110110011000110110101001
110111011010110110011000110110101001
110111010110111010011000110110011100
110111010110111010011000110110011100
111010110110111011001000110111001100
111010111010111010011000110111001100
111010111010111010011000110111001100
110110110110110110011000110110011100
110110111011010111001000110111001001
111010111010110110101000110111001100
110111010110110110101000110111001100
110110110110111010011000110111001100
110110110110111010011000110111001100
