0000000000100010000000001000000000000000001
0000000000100010000000001000000000000000001
0000000000100010000000001000000000000000001
0000000000100010000000001000000000000000001
0000000000100010000000001000000000000000001
0000000000100010000000001000000000000000001
0000000000100010000000001000000000000000001
0000000000100010000000001000000000000000001
0000000000100010000000001000000000000000001
0000000000100010000000001000000000000000001
0000000000100010000000001000000000000000001
0000000000100010000000001000000000000000001
0000000000100010000000001000000000000000001
0000000000100010000000001000000000000000001
0000000000100010000000001000000000000000001
0000000000100010000000001000000000000000001
0000000000100010000000001000000000000000001
0000000000100010000000001000000000000000001
0000000000100010000000001000000000000000001
0000000000100010000000001000000000000000001
0000000000100010000000001000000000000000001
0000000000100010000000001000000000000000001
0000000000100010000000001000000000000000001
0000000000100010000000001000000000000000001
0000000000100010000000001000000000000000001
0000000000100010000000001000000000000000001
0000000000100010000000001000000000000000001
0000000000100010000000001000000000000000001
0000000000100010000000001000000000000000001
0000000000100010000000001000000000000000001
0000000000100010000000001000000000000000001
0000000000100010000000001000000000000000001
0000000000100010000000001000000000000000001
0000000000100010000000001000000000000000001
0000000000100010000000001000000000000000001
0000000000100010000000001000000000000000001
0000000000100010000000001000000000000000001
0000000000100010000000001000000000000000001
0000000000100010000000001000000000000000001
0000000000100010000000001000000000000000001
0000000000100010000000001000000000000000001
0000000000100010000000001000000000000000001
0000000000100010000000001000000000000000001
0000000000100010000000001000000000000000001
0000000000100010000000001000000000000000001
0000000000100010000000001000000000000000001
0000000000100010000000001000000000000000001
0000000000100010000000001000000000000000001
0000000000100010000000001000000000000000001
0000000000100010000000001000000000000000001
0000000000100010000000001000000000000000001
0000000000100010000000001000000000000000001
0000000000100010000000001000000000000000001
0000000000100010000000001000000000000000001
0000000000100010000000001000000000000000001
0000000000100010000000001000000000000000001
0000000000100010000000001000000000000000001
0000000000100010000000001000000000000000001
0000000000100010000000001000000000000000001
0000000000100010000000001000000000000000001
0000000000100010000000001000000000000000001
0000000000100010000000001000000000000000001
0000000000100010000000001000000000000000001
0000000000100010000000001000000000000000001
0000000000100010000000001000000000000000001
0000000000100010000000001000000000000000001
0000000000100010000000001000000000000000001
0000000000100010000000001000000000000000001
0000000000100010000000001000000000000000001
0000000000100010000000001000000000000000001
0000000000100010000000001000000000000000001
0000000000100010000000001000000000000000001
0000000000100010000000001000000000000000001
0000000000100010000000001000000000000000001
0000000000100010000000001000000000000000001
0000000000100010000000001000000000000000001
0000000010100010100000001000000000000000001
0000000010100010100000001000000000000000001
0000000010100010100000001000000000000000001
0000000010100010100000001000000000000000001
0000000010100010100000001000000000000000001
0000000010100010100000001000000000000000001
0000000010100010100000001000000000000000001
0000000010100010100000001000000000000000001
0000000010100010100000001000000000000000001
0000000010100010100000001000000000000000001
0000000010100010100000001000000000000000001
0000000010100010000000001001000000000000001
0000000010100010000000001001000000000000001
0000000010100010000000001001000000000000001
0000000010100010000000001001000000000000001
0000000010100010000000001001000000000000001
0000000010100010000000001001000000000000001
0000000010100010000000001001000000000000001
0000000010100010000000001001000000000000001
0000000010100010000000001001000000000000001
0000000010100010000000001001000000000000001
0000000010100010000000001001000000000000001
0000000010100010000000001001000000000000001
0000000010100010000000001001000000000000001
0000000010100010000000001001000000000000001
0000000010100010000000001001000000000000001
0000000010100010000000001001000000000000001
0000000010100010000000001001000000000000001
0000000010100010000000001001000000000000001
0000000010100010000000001001000000000000001
0000000010100010000000001001000000000000001
0000000010100010000000001001000000000000001
0000000010100010000000001001000000000000001
0000000010100010000000001001000000000000001
0000000010100010000000001001000000000000001
0000000010100010000000001001000000000000001
0000000010100010000000001001000000000000001
0000000010100010000000001001000000000000001
0000000010100010000000001001000000000000001
0000000010100010000000001001000000000000001
0000000010100010000000001001000000000000001
0000000010100010000000001001000000000000001
0000000010100010000000001001000000000000001
0000000010100010000000001001000000000000001
0000000010100010000000001001000000000000001
0000000010100010000000001001000000000000001
0000000010100010000000001001000000000000001
0000000010100010000000001001000000000000001
0000000010100010000000001001000000000000001
0000000010100010000000001001000000000000001
0000000010100010000000001001000000000000001
0000000010100010000000001001000000000000001
0000000010100010000000001001000000000000001
0000000010100010000000001001000000000000001
0000000010100010000000001001000000000000001
0000000010100010000000001001000000000000001
0000000010100010000000001001000000000000001
0000000010100010000000001001000000000000001
0000000010100010000000001001000000000000001
0000000010100010000000001001000000000000001
0000000000100010000000011000000000000010001
0000000000100010000000011000000000000010001
0000000000100010000000011000000000000010001
0000000000100010000000011000000000000010001
0000000000100010000000011000000000000010001
0000000000100010000000011000000000000010001
0000000000100010000000011000000000000010001
0000000000100010000000011000000000000010001
0000000000100010000000011000000000000010001
0000000000100010000000011000000000000010001
0000000000100010000000011000000000000010001
0000000000100010000000011000000000000010001
0000000000100010000000011000000000000010001
0000000000100010000000001000000000000010101
0000000000100010000000001000000000000010101
0000000000100010000000001000000000000010101
0000000000100010000000001000000000000010101
0000000000100010000000001000000000000010101
0000000000100010000000001000000000000010101
0000000000100010000000001000000000000010101
0000000000100010000000001000000000000010101
0000000000100010000000001000000000000010101
0000000000100010000000001000000000000010101
0000000000100010000000001000000000000010101
0000000010100010000000001000000000010000001
0000000010100010000000001000000000010000001
0000000010100010000000001000000000010000001
0000000010100010000000001000000000010000001
0000000010100010000000001000000000010000001
0000000010100010000000001000000000010000001
0000000010100010000000001000000000010000001
0000000010100010000000001000000000010000001
0000000010100010000000001000000000010000001
0000000010100010000000001000000000010000001
0000000010100010000000001000000000010000001
0000000010100010000000001000000000010000001
0000000010100010000000001000000000010000001
0000000010100010000000001000000000010000001
0000000010100010000000001000000000010000001
0000000010100010000000001000000000010000001
0000000010100010000000001000000000010000001
0000000010100010000000001000000000010000001
0000000010100010000000001000000000010000001
0000000010100010000000001000000000010000001
0000000010100010000000001000000000010000001
0000000000100010001000101000000000000000001
0000000000100010001000101000000000000000001
0000000000100010001000101000000000000000001
0000000000100010001000101000000000000000001
0000000000100010001000101000000000000000001
0000000000100010001000101000000000000000001
0000000000100010001000101000000000000000001
0000000000100010001000101000000000000000001
0000000000100010001000101000000000000000001
0000000000100010001000101000000000000000001
0000000000100010001000101000000000000000001
0000000000100010001000101000000000000000001
0000000000100010001000101000000000000000001
0000000000100010001000101000000000000000001
0000000010100010100000011000000000000010001
0000000010100010100000011000000000000010001
0000000010100010000000011001000000000010001
0000000010100010000000011001000000000010001
0000000010100010000000011001000000000010001
0000000010100010000000011001000000000010001
0000000010100010000000011001000000000010001
0000000010100010000000011001000000000010001
0000000010100010000000011001000000000010001
0000000010100010100000001000000000000010101
0000000010100010000000011001000000000010001
0000000010100010000000011001000000000010001
0000000010100010000000011001000000000010001
0000000010100010100000001000000000000010101
0000000010100010000000011001000000000010001
0000000010100010000000011001000000000010001
0000000010100010000000011001000000000010001
0000000010100010000000011001000000000010001
0000000010100010100000001000000000000010101
0000000010100010000000011001000000000010001
0000000010100010000000011001000000000010001
0000000000100010010000101000000000000000001
0000000000100010010000101000000000000000001
0000000000100010010000101000000000000000001
0000000000100010010000101000000000000000001
0000000000100010010000101000000000000000001
0000000010100010000000001001000000000010101
0000000010100010000000001001000000000010101
0000000010100010000000001001000000000010101
0000000010100010000000001001000000000010101
0000000010100010000000001001000000000010101
0000000010100010000000001001000000000010101
0000000010100010000000001001000000000010101
0000000010100010000000001001000000000010101
0000000010100010000000001001000000000010101
0000000010100010000000001001000000000010101
0000000010100010000000001001000000000010101
0000000010100010000000001001000000000010101
0000000010100010000000001001000000000010101
0000000010100010000000001001000000000010101
0000000010100010000000001001000000000010101
0000000010100010000000001001000000000010101
0000000010100010000000001001000000000010101
0000000000100010000000011000000000000010101
0000000000100010000000011000000000000010101
0000000000100010000000011000000000000010101
0000000000100010000000011000000000000010101
0000000000100010000000011000000000000010101
0000000000100010000000011000000000000010101
0000000000100010000000011000000000000010101
0000000000100010000000011000000000000010101
0000000000100010000000011000000000000010101
0000000000100010000000011000000000000010101
0000000000100010000000011000000000000010101
0011000000100010000000001000000000000000001
0011000000100010000000001000000000000000001
0011000000100010000000001000000000000000001
0011000000100010000000001000000000000000001
0011000000100010000000001000000000000000001
0000000010100010001000101001000000000000001
0000000010100010001000101001000000000000001
0000000010100010001000101001000000000000001
0000000010100010001000101001000000000000001
0000000010100010001000101001000000000000001
0000000000100010000000001000100010000000001
0000000000100010000000001000100010000000001
0000000000100010000000001000100010000000001
0000000000100010000000001000100010000000001
0000000000100010000000001000100010000000001
0000000000100010000000001000100010000000001
0000000000100010000000001000100010000000001
0000000000100010000000001000100010000000001
0000000000100010000000001000100010000000001
0000000000100010000000001000100010000000001
0000000000100010000000001000100010000000001
0000000000100010000000001000100010000000001
0000000000100010000000001000100010000000001
0000000000100010000000001000100010000000001
0000000000100010000000001000100010000000001
0000000000100010000000001000100010000000001
0000000000100010000000001000100010000000001
0000000000100010000000001000100010000000001
0000000000100010000000001000100010000000001
0000000000100010000000001000100010000000001
0000000000100010000000001000100010000000001
0000000000100010000000001000100010000000001
0000000000100010000000001000100010000000001
0000000000100010000000001000100010000000001
0000000000100010000000001000100010000000001
0000000000100010000000001000100010000000001
0000000000100010000000001000100010000000001
0000000000100010000000001000100010000000001
0000000000100010000000001000100010000000001
0000000000100010000000001000100010000000001
0000000000100010000000001000100010000000001
0000000000100010000000001000100010000000001
0000010000100010000000001000000000000010001
0000010000100010000000001000000000000010001
0000010000100010000000001000000000000010001
0000010000100010000000001000000000000010001
0000010000100010000000001000000000000010001
0000010000100010000000001000000000000010001
0000010000100010000000001000000000000010001
0000010000100010000000001000000000000010001
0001000000100010000000001000000000100000001
0001000000100010000000001000000000100000001
0001000000100010000000001000000000100000001
0001000000100010000000001000000000100000001
0001000000100010000000001000000000100000001
0000000000100010000000001000100001000000001
0000000000100010000000001000100001000000001
0000000000100010000000001000100001000000001
0000000000100010000000001000100001000000001
0000000000100010000000001000100001000000001
0000000010100010000000011001000000000010101
0000000010100010000000011001000000000010101
0000000010100010000000011001000000000010101
0000000010100010000000011001000000000010101
0000000010100010000000011001000000000010101
0000100000100110000000001000000000000000001
0000000010100010000000011000000000010010001
0000000010100010000000011000000000010010001
0000000010100010000000011000000000010010001
0011000010100010000000001001000000000000001
0011000010100010000000001001000000000000001
0011000010100010000000001001000000000000001
0000000010100010100000001000100010000000001
0000000010100010000000001000000000010010101
0000000010100010000000001000000000010010101
0000000010100010000000001000000000010010101
0000000010100010000000001000000000010010101
0000000010100010000000001000000000010010101
0000000010100010000000001000000000010010101
0000000010100010000000001000000000010010101
0000000010100010000000001000000000010010101
0000000010100010000000001000000000010010101
0000010010100010100000001000000000000010001
0000010010100010100000001000000000000010001
0000000010100010000000001001100010000000001
0000000010100010000000001001100010000000001
0000000010100010000000001001100010000000001
0000000010100010000000001001100010000000001
0000000010100010000000001001100010000000001
0000000010100010000000001001100010000000001
0000000010100010000000001001100010000000001
0000000010100010000000001001100010000000001
0000000010100010000000001001100010000000001
0000000010100010000000001001100010000000001
0000000010100010000000001001100010000000001
0000000010100010000000001001100010000000001
0000000010100010000000001001100010000000001
0000000010100010000000001001100010000000001
0000000010100010000000001001100010000000001
0000000010100010000000001001100010000000001
0000000010100010000000001001100010000000001
0000000010100010000000001001100010000000001
0000000010100010000000001001100010000000001
0000000010100010000000001001100010000000001
0000000010100010000000001001100010000000001
0000000010100010000000001001100010000000001
0000000010100010000000001001100010000000001
0000000010100010100000001000100001000000001
0000010010100010000000001001000000000010001
0000010010100010000000001001000000000010001
0000010000100010000000011000000000000010001
0000010000100010000000011000000000000010001
0000000000100010001000111000000000000010001
0001000010100010000000001001000000100000001
0001000010100010000000001001000000100000001
0001000010100010000000001001000000100000001
0000000010100010000000001001100001000000001
0000000001100010000000001000000000000010001
0000000010100010000000001001100001000000001
0000000010100010000000001001100001000000001
0000000010100010000000001001100001000000001
0000000010100010000000001001100001000000001
0000000010100010000000001001100001000000001
0000000001100010000000001000000000000010001
0000000001100010000000001000000000000010001
0000000001100010000000001000000000000010001
0000000010100010000000001001100001000000001
0000000001100010000000001000000000000010001
0000000001100010000000001000000000000010001
0000000010100010000000001001100001000000001
0000000001100010000000001000000000000010001
0000000001100010000000001000000000000010001
0000000001100010000000001000000000000010001
0000000001100010000000001000000000000010001
0000000001100010000000001000000000000010001
0000000001100010000000001000000000000010001
0000000001100010000000001000000000000010001
0000000001100010000000001000000000000010001
0000000001100010000000001000000000000010001
0000000001100010000000001000000000000010001
0000000001100010000000001000000000000010001
0000000001100010000000001000000000000010001
0000000010100010000000001001100001000000001
0000000001100010000000001000000000000010001
0000000001100010000000001000000000000010001
0000000010100010000000001001100001000000001
0000000010100010000000001001100001000000001
0000000001100010000000001000000000000010001
0000000000100010001000101000000000000010101
0000000010100010001000101000000000010000001
0000000010100010001000101000000000010000001
0000000000100010010000101000000000001000001
0000000000100010010000101000000000001000001
0000100000100110000000001000000000000100001
0000100000100110000000001000000000000100001
0000000000100010011000111000000000000010001
0000000010100010010000101000000000010000001
0000000010100010000000011000000000010010101
0000010010100010100000011000000000000010001
0000010010100010100000011000000000000010001
0000000010100010000000101001000000001000001
0000000010100010000000101001000000001000001
0000000010100010000000101001000000001000001
0000000010100110100000001000000000000010101
0000000011100010100000001000000000000010001
0000000011100010100000001000000000000010001
0000000011100010100000001000000000000010001
0000000011100010100000001000000000000010001
0000000011100010100000001000000000000010001
0000000011100010100000001000000000000010001
0011000000100010000000011000000000000010001
0000010010100010000000011001000000000010001
0000000010100010001000101001000000001000001
0000010010100010000000011001000000000010001
0000010010100010000000011001000000000010001
0000010010100010000000011001000000000010001
0000000010100010001000111001000000000010001
0000000011100010000000001001000000000010001
0000000011100010000000001001000000000010001
0000000011100010000000001001000000000010001
0000000010100110000000001001000000000010101
0000000011100010000000001001000000000010001
0000000011100010000000001001000000000010001
0000000011100010000000001001000000000010001
0000000011100010000000001001000000000010001
0000000011100010000000001001000000000010001
0000000011100010000000001001000000000010001
0000000011100010000000001001000000000010001
0000000011100010000000001001000000000010001
0000000011100010000000001001000000000010001
0000000011100010000000001001000000000010001
0000000011100010000000001001000000000010001
0000000011100010000000001001000000000010001
0000000011100010000000001001000000000010001
0000000011100010000000001001000000000010001
0000000011100010000000001001000000000010001
0000000011100010000000001001000000000010001
0000000011100010000000001001000000000010001
0000000011100010000000001001000000000010001
0000000011100010000000001001000000000010001
0000000011100010000000001001000000000010001
0000000011100010000000001001000000000010001
0000000011100010000000001001000000000010001
0000000001100010000000011000000000000010001
0000000001100010000000011000000000000010001
0000000001100010000000011000000000000010001
0000000001100010000000011000000000000010001
0000000001100010000000011000000000000010001
0000000001100010000000011000000000000010001
0000000001100010000000011000000000000010001
0000000001100010000000011000000000000010001
0000000001100010000000011000000000000010001
0000000001100010000000011000000000000010001
0000000001100010000000011000000000000010001
0000000001100010000000011000000000000010001
0000000001100010000000011000000000000010001
0000000001100010000000011000000000000010001
0000000001100010000000011000000000000010001
0011000000100010000000001000000000000010101
0000000001100010000000011000000000000010001
0000000001100010000000011000000000000010001
0000000001100010000000011000000000000010001
0000000001100010000000011000000000000010001
0000000000100010000000011000100010000010001
0000010010100010000000001001000000000010101
0000010010100010000000001001000000000010101
0000010010100010000000001001000000000010101
0000000000100010000000011000100010000010001
0000000000100010000000011000100010000010001
0000000000100010000000011000100010000010001
0000000000100010000000011000100010000010001
0000010010100010000000001001000000000010101
0000000000100010000000011000100010000010001
0000010010100010000000001001000000000010101
0000000000100010000000011000100010000010001
0000000010100010001000101001000000000010101
0000010000100010000000011000000000000010101
0000000001100010000000001000000000000010101
0000000001100010000000001000000000000010101
0000000001100010000000001000000000000010101
0000000001100010000000001000000000000010101
0000000000100010000000001000100010000010101
0000000000100010000000001000100010000010101
0000000000100010000000001000100010000010101
0000000000100010000000001000100010000010101
0000000000100010000000001000100010000010101
0000000000100010000000001000100010000010101
0000000000100010000000001000100010000010101
0000000000100010000000001000100010000010101
0000000000100010000000001000100010000010101
0000000000100010000000001000100010000010101
0000000000100010000000001000100010000010101
0000000000100010000000001000100010000010101
0000000000100010000000011000100001000010001
0000000000100010000000011000100001000010001
0000000000100010000000011000100001000010001
0000000000100010000000011000100001000010001
0000000000100010000000011000100001000010001
0000100010100110100000001000000000000100001
0000000010100010110000111000000000000010001
0000100010100110100000001000000000000100001
0000000010100010000000001000100010010000001
0000000010100010000000001000100010010000001
0000000010100010000000001000100010010000001
0000000010100010000000001000100010010000001
0000000010100010000000001000100010010000001
0000000010100010000000001000100010010000001
0000000010100010000000001000100010010000001
0000000010100010000000001000100010010000001
0000000010100010000000001000100010010000001
0000000010100010000000001000100010010000001
0000000010100010000000001000100010010000001
0000000010100010000000001000100010010000001
0000000010100010000000001000100010010000001
0000000010100010000000001000100010010000001
0000000010100010000000001000100010010000001
0000000010100010000000001000100010010000001
0000000010100010000000001000100010010000001
0000000010100010000000001000100010010000001
0000000010100010000000001000100010010000001
0000000010100010000000001000100010010000001
0000000010100010000000001000100010010000001
0000000010100010111000101000000000001000001
0000000000100010000000001000100001000010101
0000000000100010000000001000100001000010101
0000000000100010000000001000100001000010101
0000010010100010000000001000000000010010001
0000010010100010000000001000000000010010001
0000010010100010000000001000000000010010001
0000010010100010000000001000000000010010001
0000100010100110000000001001000000000100001
0000100010100110000000001001000000000100001
0000100010100110000000001001000000000100001
0001000010100010000000001000000000110000001
0000000010100010000000001000100001010000001
0000000010100010000000001000100001010000001
0000000010100010000000001000100001010000001
0000000010100010000000001000100001010000001
0000000000100010001000101000100010000000001
0000000000100010001000101000100010000000001
0001000000100110000000001000000000100000001
0000000010100010100000011000100010000010001
0000000010100010100000011000100010000010001
0000000010100010100000011000100010000010001
0000010010100010100000011000000000000010101
0000000010100010101000111000000000000010101
0011000000100010010000101000000000000000001
0000001000101110000000001000000000000000001
0000001000101110000000001000000000000000001
0000001000101110000000001000000000000000001
0000000011100010000000011001000000000010001
0000000011100010000000011001000000000010001
0000000011100010100000001000000000000010101
0000000011100010000000011001000000000010001
0000000011100010000000011001000000000010001
0000000011100010000000011001000000000010001
0000000011100010000000011001000000000010001
0000000011100010000000011001000000000010001
0000000011100010000000011001000000000010001
0000000011100010000000011001000000000010001
0000000011100010000000011001000000000010001
0000000011100010000000011001000000000010001
0000000011100010000000011001000000000010001
0000000000100010000000111000000000001010001
0000000011100010000000011001000000000010001
0000000011100010000000011001000000000010001
0000000011100010000000011001000000000010001
0000000011100010100000001000000000000010101
0000000011100010000000011001000000000010001
0000000011100010000000011001000000000010001
0000000010100010000000011001100010000010001
0000000010100010000000011001100010000010001
0000000010100010000000011001100010000010001
0011000000100010000000011000000000000010101
0000000010100010100010001000100101000000001
0000000010100010000000011001100010000010001
0000000010100010000000011001100010000010001
0000000010100010000000011001100010000010001
0000000010100010000000011001100010000010001
0000000010100010000000011001100010000010001
0000010010100010000000011001000000000010101
0000010010100010000000011001000000000010101
0000000010100010001000111001000000000010101
0000000011100010000000001001000000000010101
0000000000100010010000101000100010000000001
0000000011100010000000001001000000000010101
0000000011100010000000001001000000000010101
0000000011100010000000001001000000000010101
0000000011100010000000001001000000000010101
0000000000100010010000101000100010000000001
0000000000100010010000101000100010000000001
0000000000100010010000101000100010000000001
0000000011100010000000001001000000000010101
0000000000100010010000101000100010000000001
0000000011100010000000001001000000000010101
0000000011100010000000001001000000000010101
0000000011100010000000001001000000000010101
0000000011100010000000001001000000000010101
0000000011100010000000001001000000000010101
0000000011100010000000001001000000000010101
0001000010100010000000011001000000100010001
0000000001100010000000011000000000000010101
0000000001100010000000011000000000000010101
0000000001100010000000011000000000000010101
0000000010100010000000001001100010000010101
0000000010100010000000001001100010000010101
0000000010100010000000001001100010000010101
0000000001100010000000011000000000000010101
0000000010100010000000011001100001000010001
0000010000100010010000101000000000000010001
0000000000100010000000011000100010000010101
0000000000100010000000011000100010000010101
0000000000100010000000011000100010000010101
0000000000100010000000011000100010000010101
0000000000100010000000011000100010000010101
0000000000100010000000011000100010000010101
0000000000100010000000011000100010000010101
0000000000100010000000011000100010000010101
0001000000100010010000101000000000100000001
0000000000100010011000101000100010000000001
0000000000100010011000101000100010000000001
0000000010100010000000001001100001000010101
0000000000100010000000011000100001000010101
0000000000100010000000011000100001000010101
0000000000100010000000011000100001000010101
0000010010100010000000011000000000010010001
0000000010100010110000111000000000000010101
0000010010100010000000011000000000010010001
0000000011100010000000001000000000010010001
0000000011100010000000001000000000010010001
0000000010100110000000001000000000010010101
0000000011100010000000001000000000010010001
0000000011100010000000001000000000010010001
0000000011100010000000001000000000010010001
0000000011100010000000001000000000010010001
0000010010100010000000001000000000010010101
0000010010100010000000001000000000010010101
0000100000100110000000011000000000000110001
0000100000100110000000011000000000000110001
0011000000100010000000001000100010000000001
0011000000100010000000001000100010000000001
0001000010100010101000101000000000100000001
0011010000100010000000001000000000000010001
0000000010100010001000101001100010000000001
0000100010100110000000001001000000000010101
0000000000100010011000111000000000001010001
0000100000100110000000001000000000000110101
0000000010100110000000001001100001000000001
0000010010100010001000101001000000000010001
0000010010100010001000101001000000000010001
0000010001100010000000001000000000000010001
0000010001100010000000001000000000000010001
0000001010101110100000001000000000000000001
0000010001100010000000001000000000000010001
0000010001100010000000001000000000000010001
0000000010100010010000111000000000010010001
0000000010100010010000111000000000010010001
0000010000100010000000001000100010000010001
0000010000100010000000001000100010000010001
0000000010100010010000111000000000010010001
0000010000100010000000001000100010000010001
0000100010100110000000001000000000010100001
0000100010100110000000001000000000010100001
0000100010100110000000001000000000010100001
0000100010100110000000001000000000010100001
0000100010100110000000001000000000010100001
0001000000100010000000001000100010100000001
0001000000100010000000001000100010100000001
0001000000100010000000001000100010100000001
0001000000100010000000001000100010100000001
0001000000100010000000001000100010100000001
0000001010101110000000001001000000000000001
0000001010101110000000001001000000000000001
0000000010100010011000101000000000011000001
0000000010100010010000101000000000010010101
0000000010100010010000101000000000010010101
0000000011100010100000011000000000000010101
0000000010100010100000011000100010000010101
0000000010100010000000101001000000001010101
0000000011100010000000011001000000000010101
0000000011100010000000011001000000000010101
0000000011100010000000011001000000000010101
0000000011100010000000011001000000000010101
0000000011100010000000011001000000000010101
0000000011100010000000011001000000000010101
0000000011100010000000011001000000000010101
0000000011100010000000011001000000000010101
0000000010100010000000011001100010000010101
0000000010100010000000011001100010000010101
0000000010100010000000011001100010000010101
0000000010100010000000011001100010000010101
0000000001100010010000101000000000000010001
0000000001100010010000101000000000000010001
0000000000100010001000111000000000001010101
0000100000100110000000001000100010000000001
0000100000100110000000001000100010000000001
0001000010100010000000011001000000100010101
0000000000100010000010011000100101000010001
0000100010100110100000011000000000000110001
0011000010100010100000001000100010000000001
0011000010100010100000001000100010000000001
0000000011100010000000011000000000010010001
0000000011100010000000011000000000010010001
0000000011100010000000011000000000010010001
0000000011100010000000011000000000010010001
0000000011100010000000011000000000010010001
0000000011100010000000011000000000010010001
0000000010100010000000011000100010010010001
0000000010100010000000011000100010010010001
0000000010100010000000011000100010010010001
0000000010100010000000011000100010010010001
0000000010100010000000011000100010010010001
0000000010100010000000011000100010010010001
0000010010100010000000011000000000010010101
0000010010100010000000011000000000010010101
0000010010100010000000011000000000010010101
0000100010100110000000011001000000000110001
0000100010100110000000011001000000000110001
0011000010100010000000001001100010000000001
0000000011100010000000001000000000010010101
0000000011100010000000001000000000010010101
0000000011100010000000001000000000010010101
0000000011100010000000001000000000010010101
0000000011100010000000001000000000010010101
0000000011100010000000001000000000010010101
0000000011100010000000001000000000010010101
0000000011100010000000001000000000010010101
0000000011100010000000001000000000010010101
0000000011100010000000001000000000010010101
0000000010100010000000001000100010010010101
0000000010100010000000001000100010010010101
0000000010100010000000001000100010010010101
0000010011100010100000001000000000000010001
0000000010100010000010001000100101010000001
0000000010100010000000001000100010010010101
0000000010100010000000001000100010010010101
0000000010100010000000001000100010010010101
0000010010100010100000001000100010000010001
0000100010100110000000001001000000000110101
0000000000100010000000101000100010001000001
0000000000100010000000101000100010001000001
0000010011100010000000001001000000000010001
0000010011100010000000001001000000000010001
0000010011100010000000001001000000000010001
0000010011100010000000001001000000000010001
0000010011100010000000001001000000000010001
0000010011100010000000001001000000000010001
0000100000100110011000101000000000000100001
0000000011100010001000101001000000000010001
0000000011100010001000101001000000000010001
0000010010100010000000001001100010000010001
0000010010100010000000001001100010000010001
0000010010100010000000001001100010000010001
0000010010100010000000001001100010000010001
0000010010100010000000001001100010000010001
0000000001100010001000111000000000000010001
0000010000100010000000011000100010000010001
0000010000100010000000011000100010000010001
0000010000100010000000011000100010000010001
0000010000100010000000011000100010000010001
0000010010100010001000101001000000000010101
0000010010100010001000101001000000000010101
0000010010100010001000101001000000000010101
0000000001100010000000001000100010000010001
0000000001100010000000001000100010000010001
0000000001100010000000001000100010000010001
0000000001100010000000001000100010000010001
0000000001100010000000001000100010000010001
0000000001100010000000001000100010000010001
0000000001100010000000001000100010000010001
0000000001100010000000001000100010000010001
0000000001100010000000001000100010000010001
0000000001100010000000001000100010000010001
0000000001100010000000001000100010000010001
0000000001100010000000001000100010000010001
0000000001100010000000001000100010000010001
0000000001100010000000001000100010000010001
0000000001100010000000001000100010000010001
0000000001100010000000001000100010000010001
0000010001100010000000001000000000000010101
0000010001100010000000001000000000000010101
0000010001100010000000001000000000000010101
0000000001100010001000101000000000000010101
0000010000100010000000001000100010000010101
0000010000100010000000001000100010000010101
0000100010100110000000011000000000010010001
0001000001100010000000001000000000100010001
0000000010100110000000001000100010010000001
0000000001100010000000001000100001000010001
0000000001100010000000001000100001000010001
0000000001100010000000001000100001000010001
0001010000100010000000001000000000100010101
0011100000100110000000001000000000000100001
0000010000100010000000001000100001000010101
0000100000100110000000001000100010000100001
0000100000100110000000001000100010000100001
0001000000100010010000111000000000000010011
0011000000100010000000011000000000100010001
0000000010100010000010011001100101000010001
0000000010100010000010011001100101000010001
0000000001100010010000101000000000000010101
0000100010100110000000001001100001000000001
0000000000100010000010011000100101000010101
0000000010100010010000101000100010010000001
0000000010100010000000101000000000011010101
0000000010100010010000101000100010010000001
0000000011100010000000011000000000010010101
0000000011100010000000011000000000010010101
0000000011100010000000011000000000010010101
0000000011100010000000011000000000010010101
0000000011100010000000011000000000010010101
0000000011100010000000011000000000010010101
0000000011100010000000011000000000010010101
0000000011100010000000011000000000010010101
0000000010100010000000011000100010010010101
0000000010100010000000011000100010010010101
0000100010100110000000011001000000000110101
0011000011100010000000001001000000000010001
0011000011100010000000001001000000000010001
0000000011100010100000001000100010000010001
0000000011100010100000001000100010000010001
0000000011100010100000001000100010000010001
0000010011100010000000011001000000000010001
0000010011100010000000011001000000000010001
0000000010100010000000011000100001010010101
0000000010100010000000011000100001010010101
0000000010100010000000011000100001010010101
0000000010100010000000011000100001010010101
0000000010100010000000011000100001010010101
0000010010100010000000011001100010000010001
0000010010100010000000011001100010000010001
0000010010100010000000011001100010000010001
0000010010100010000000011001100010000010001
0000000000100110010000101000100010000000001
0000000011100010000000001001100010000010001
0000000011100010000000001001100010000010001
0000000011100010000000001001100010000010001
0000000011100010000000001001100010000010001
0000000011100010000000001001100010000010001
0000000011100010000000001001100010000010001
0000000011100010000000001001100010000010001
0000000011100010000000001001100010000010001
0000000011100010000000001001100010000010001
0000000011100010000000001001100010000010001
0000000011100010000000001001100010000010001
0000000011100010000000001001100010000010001
0000000011100010000000001001100010000010001
0000000011100010000000001001100010000010001
0000000011100010000000001001100010000010001
0000000011100010000000001001100010000010001
0000000011100010000000001001100010000010001
0000000011100010000000001001100010000010001
0000000011100010000000001001100010000010001
0000000011100010000000001001100010000010001
0000000011100010000000001001100010000010001
0000000011100010000000001001100010000010001
0000000011100010000000001001100010000010001
0000000011100010000000001001100010000010001
0000000011100010000000001001100010000010001
0000000011100010000000001001100010000010001
0000000001100010000000011000100010000010001
0000000001100010000000011000100010000010001
0000000001100010000000011000100010000010001
0000010000100010000000101000000000001010101
0000000001100010000000011000100010000010001
0000000001100010000000011000100010000010001
0000000001100010000000011000100010000010001
0011000000100010000000001000100010000010101
0000010011100010000000001001000000000010101
0000010011100010000000001001000000000010101
0000010001100010000000011000000000000010101
0000000010100010001000101001100010000010101
0000000010100010001000111001100001000010001
0000010000100010000000011000100010000010101
0000010000100010000000011000100010000010101
0000100010100110000000011000000000010110001
0000100010100110000000011000000000010110001
0000100010100110000000011000000000010110001
0001000001100010000000011000000000100010001
0011000010100010000000001000100010010000001
0000000011100010000000001001100001000010001
0000000011100010000000001001100001000010001
0000000011100010000000001001100001000010001
0001000001100010000000011000000000100010001
0000000011100010000000001001100001000010001
0001000001100010000000011000000000100010001
0000000011100010000000001001100001000010001
0000000011100010000000001001100001000010001
0000000001100010000000001000100010000010101
0000000001100010000000001000100010000010101
0000000001100010000000001000100010000010101
0000000001100010000000001000100010000010101
0000000001100010000000001000100010000010101
0000000001100010000000001000100010000010101
0000001010101110000000011001000000000010001
0000100010100110100000001000100010000100001
0000100010100110100000001000100010000100001
0000100010100110000000001000000000010110101
0000100010100110000000001000000000010110101
0000000001100010000000001000100001000010101
0001000000100010000000001000100010100010101
0000010011100010000000001000000000010010001
0000010011100010000000001000000000010010001
0000010011100010000000001000000000010010001
0000000010100010111000101000100010001000001
0000100010100110000000001001100010000100001
0000100010100110000000001001100010000100001
0000100010100110000000001001100010000100001
0000100010100110000000001001100010000100001
0000100010100110000000001001100010000100001
0000100010100110000000001001100010000100001
0000001000101110000000011000000000000010101
0000001000101110000000011000000000000010101
0000000011100010111000101000000000000010101
0001100010100110000000001001000000100100001
0001100010100110000000001001000000100100001
0000100001100110000000011000000000000010001
0000100001100110000000001000000000000110001
0000010010100010000000001000100001010010001
0000100010100110000000001001100001000100001
0000100001100110000000001000000000000110001
0000000000100010010000111000100010000010101
0001000000100010010000111000000000000010111
0000100001100110000000001000000000000010101
0011000011100010100000011000000000000010001
0000010010100010010000111000000000010010001
0000010000100010001000101000100010000010001
0000101010101110000000001001000000000100001
0001000000100010001000101000100010100000001
0011000010100010000000011001100010000010001
0000000011100010100000011000100010000010001
0000010010100010100000011000100010000010101
0011000000100010010000101000100010000000001
0000000011100010000000011001100010000010001
0000000011100010000000011001100010000010001
0000000011100010000000011001100010000010001
0000000000100010000000111000100010001010001
0000000011100010000000011001100010000010001
0000000011100010000000011001100010000010001
0000000011100010100000011000100001000010001
0000011000101110000000001000000000000010001
0001010010100010100000011000000000100010101
0000010010100010000000011001100010000010101
0000000001100010000000101000000000001010101
0000000001100010000000101000000000001010101
0000000001100010000000101000000000001010101
0000000011100010000000001001100010000010101
0000000011100010000000001001100010000010101
0000000011100010000000001001100010000010101
0000000011100010000000001001100010000010101
0000000011100010000000001001100010000010101
0000000011100010000000001001100010000010101
0000000011100010000000001001100010000010101
0000000011100010000000001001100010000010101
0000000011100010000000001001100010000010101
0001000010100010000000011001100010100010001
0001000010100010000000011001100010100010001
0000000001100010000000011000100010000010101
0000000001100010000000011000100010000010101
0000000001100010000000011000100010000010101
0000010010100010000010001001100101000010001
0000010010100010000000011001100001000010101
0001000011100010000000001001000000100010101
0001000011100010000000001001000000100010101
0000000011100110000000011000000000010010001
0000000011100010000000001001100001000010101
0000000011100010000000001001100001000010101
0000000011100010000000001001100001000010101
0000000001100010000000011000100001000010101
0001000000100010000000011000100010100010101
0000000001100010000000011000100001000010101
0000010011100010000000011000000000010010001
0000010011100010000000011000000000010010001
0000010011100010000000011000000000010010001
0000010010100010000000011000100010010010001
0000000010100010011000111000000000011010101
0000000011100010000000001000100010010010001
0000000011100010000000001000100010010010001
0000000011100010000000001000100010010010001
0000000011100010000000001000100010010010001
0000000011100010000000001000100010010010001
0000100000100110000001001000000000000001001
0000100010100110101000101000000000000110101
0001000000100010000000011000100001100010101
0000100011100110000000001001000000000110001
0000100011100110000000001001000000000110001
0000100011100110000000001001000000000110001
0000100011100110000000001001000000000110001
0000100011100110000000001001000000000110001
0000100011100110000000001001000000000110001
0000100011100110000000001001000000000110001
0000100011100110000000001001000000000110001
0000100011100110000000001001000000000110001
0000010010100010000000001000100010010010101
0000010010100010000000001000100010010010101
0000100001100110000000011000000000000110001
0000000010100010001000101000100010010010101
0001000011100010000000001000000000110010001
0000100000100110000000011000100010000110001
0000100000100110000000011000100010000110001
0000100000100110000000011000100010000110001
0000100000100110000000011000100010000110001
0000110010100110000000001001000000000110101
0000000011100010000000001000100001010010001
0000100001100110000000001000000000000110101
0000010011100010001000101001000000000010001
0000100010100110000000011001100001000010001
0000010010100010001000101001100010000010001
0000010010100010001000101001100010000010001
0000000000100010010010111000100101000010001
0000100000100110000000011000100001000110001
0000010001100010000000001000100010000010001
0000010001100010000000001000100010000010001
0000010001100010000000001000100010000010001
0000010001100010000000001000100010000010001
0000010001100010000000001000100010000010001
0000010001100010000000001000100010000010001
0000010001100010000000001000100010000010001
0000010001100010000000001000100010000010001
0000010001100010000000001000100010000010001
0000000001100010001000101000100010000010001
0000000010100010010000101000100010011000001
0000010001100010001000101000000000000010101
0000010010100010010000111000000000010010101
0001010001100010000000001000000000100010001
0011000010100010011000101000000000010010101
0000001010101110000000001001100010000000001
0011000011100010000000011001000000000010101
0000010001100010000000001000100001000010001
0011000011100010000000011001000000000010101
0011000010100010000000011001100010000010101
0011000010100010000000011001100010000010101
0000000100100010001000101000100110001000001
0000000011100010001000111001000000001010001
0000100000100110010000111000000000000110101
0011000001100010010000101000000000000010001
0000001010101110000000001001100001000000001
0000000011100010000000011001100010000010101
0000000011100010000000011001100010000010101
0000000011100010000000011001100010000010101
0011000010100010000000001001100010100000001
0000000011100010000000011001100010000010101
0000000011100010000000011001100010000010101
0000000011100010000000011001100010000010101
0001000011100010000000011001000000100010101
0001000011100010000000011001000000100010101
0000000001100010010000101000100010000010001
0000000001100010010000101000100010000010001
0000000001100010010000101000100010000010001
0001000011100010000000011001000000100010101
0000000001100010000010011000100101000010001
0000100011100110100000011000000000000110001
0000100011100110100000011000000000000110001
0000100011100110100000011000000000000110001
0000000001100010011000101000100010000010001
0011000011100010000000001000000000010010101
0000100010100110100000011000100010000110001
0000000011100010000000011000100010010010001
0000010000100010011000101000100010000010101
0000010000100010010000101000100001000010101
0000100011100110000000011001000000000110001
0000100011100110000000011001000000000110001
0000100011100110000000011001000000000110001
0000100011100110000000011001000000000110001
0000100011100110100000001000000000000110101
0000100010100110000000011001100010000110001
0000100010100110000000011001100010000110001
0000100010100110000000011001100010000110001
0000100010100110000000011001100010000110001
0000100010100110000000011001100010000110001
0000000011100010000000001000100010010010101
0000000011100010000000001000100010010010101
0000000011100010000000001000100010010010101
0000000011100010000000001000100010010010101
0000000011100010000000001000100010010010101
0000000011100010000000001000100010010010101
0000000011100010000000001000100010010010101
0001000010100010000000011000100010110010001
0011000011100010001000101001000000000010001
0000010011100010100000001000100010000010001
0000100011100110000000001001000000000110101
0000100011100110000000001001000000000110101
0000100011100110000000001001000000000110101
0000100011100110000000001001000000000110101
0000100010100110000000001001100010000110101
0000100010100110000000001001100010000110101
0000100001100110000000011000000000000110101
0000100001100110000000011000000000000110101
0000100001100110000000011000000000000110101
0000100010100110000010001001100101000100001
0000100010100110000010001001100101000100001
0000100010100110000000001001100010000110101
0000100010100110000000001001100010000110101
0000100010100110000000011001100001000110001
0000100000100110000000011000100010000110101
0000010011100010000000001001100010000010001
0000010011100010000000001001100010000010001
0000010011100010000000001001100010000010001
0000010011100010000000001001100010000010001
0000010011100010000000001001100010000010001
0000010011100010000000001001100010000010001
0000010001100010000000011000100010000010001
0000010001100010000000011000100010000010001
0011100010100110000000011000000000010010001
0000100010100110000000001001100001000110101
0000100010100110000000001001100001000110101
0011000001100010000000001000100001000010001
0001000011100010001000101001000000100010001
0000001011101110100000001000000000000010001
0000001011101110100000001000000000000010001
0000100011100110000000001000000000010110001
0000011010101110000000011001000000000010001
0000001010101110001000111001000000000010001
0001000001100010000000001000100010100010001
0000000101100010000000101000000100001010001
0000001011101110000000001001000000000010001
0000001011101110000000001001000000000010001
0000100010100110000000001000100010010010101
0000001000101110000000011000100010000010001
0011010000100010010000111000000000000010101
0000100010100110001000101001100010000100001
0000000011100010001000111001000000001010101
0000000011100010001000111001000000001010101
0000000001100010010000111000100010000010001
0000110000100110001000111000000000000110001
0000001000101110000000001000100010000010101
0000001000101110000010001000100101000000001
0001100010100110001000101001000000100100001
0000000011100010000010011001100101000010001
0000000011100010000010011001100101000010001
0000110001100110000000001000000000000110001
0000110000100110000000001000100010000110001
0000001010101110000000001000100010010000001
0000000001100010010000101000100010000010101
0000001010101110000000001000100010010000001
0000000001100010010000101000100010000010101
0000000010100010000000111000100010011010001
0000100010100110000000111001000000001110001
0011010010100010100000011000100010000010001
0000000011100010000000011000100010010010101
0000000011100010000000011000100010010010101
0000010010100010001000111000000000011010101
0000000011100010000000011000100010010010101
0000010011100010100000011000100010000010001
0011010010100010000000011001100010000010001
0000100011100110000000011001000000000110101
0000010010100010000010011000100101010010001
0011000011100010000000001001100010000010001
0000100010100110000000011001100010000110101
0011000011100010000000001001100010000010001
0000100010100110000000011001100010000110101
0011000011100010000000001001100010000010001
0011000011100010000000001001100010000010001
0011000011100010000000001001100010000010001
0001000011100010000000011000000000110010101
0000010011100010000000011001100010000010001
0000000011100010001000111001100010000010001
0001000010100010000000101001100010101000001
0000000011100010101000101000100010000010101
0011100010100110000000011000000000010110001
0011000001100010000000001000100010000010101
0001010011100010000000011001000000100010001
0000010011100010000000001001100010000010101
0000010011100010000000001001100010000010101
0000010011100010000000001001100010000010101
0000010011100010000000001001100010000010101
0001010010100010000000011001100010100010001
0000001010101110100000011000100010000010001
0000100011100110000000011000000000010110001
0000100011100110000000011000000000010110001
0000000001100010000000101000100001001010001
0000100010100110000000011000100010010110001
0000100010100110000000011000100010010110001
0000100010100110000000011000100010010110001
0001000001100010000000011000100010100010001
0001000001100010000000011000100010100010001
0000001011101110000000011001000000000010001
0000010011100010000000001001100001000010101
0000000011100010110000111000100010000010001
0000100011100110000000001000000000010110101
0001100010100110000000011000000000110110001
0000000001100010001010101000100101000010001
0000100010100110000000001000100010010110101
0000100010100110000000001000100010010110101
0000110011100110100000001000000000000110001
0000000101100010001000111000000100001010001
0000100010100110000000011000100001010110001
0011110000100110000000011000000000000110001
0011100011100110000000001001000000000010001
0000010011100010000000001000100010010010001
0000010011100010000000001000100010010010001
0000010011100010000000001000100010010010001
0000010011100010001000101000000000010010101
0000110011100110000000001001000000000110001
0000110011100110000000001001000000000110001
0011000010100010000000011001100010100010001
0000100010100110000000001000100001010110101
0000110010100110000000001001100010000110001
0000100001100110001000111000000000000110001
0000110000100110000000011000100010000110001
0001010010100010000000001000100010110010001
0001010010100010000000001000100010110010001
0000100011100110000000001001100010000010001
0000100011100110000000001001100010000010001
0000010011100010000000001000100001010010001
0000101010101110000000011000000000010110001
0011000011100010000000001001000000100010101
0011000011100010000000001001000000100010101
0000100001100110000000001000100010000110001
0000100001100110000000001000100010000110001
0000100001100110000000001000100010000110001
0000100001100110000000011000100010000010001
0000100001100110000000001000100010000110001
0000100001100110000000001000100010000110001
0000000011100010000010011001100101000010101
0000100011100110000000001001100001000010001
0000010010100010100000111000100010001010001
0001010001100110000000001000000000100010001
0000010010100010010000111000100010010010001
0011010010100010100000011000100010000010101
0000101010101110000000001001100010000100001
0000101010101110000000001001100010000100001
0000110000100110000000001000100001000110101
0011001000101110000000001000100010000000001
0011001000101110000000001000100010000000001
0011000011100010000000011001100010000010001
0011010010100010000000011001100010000010101
0000101011111110100000001000000000000010001
0000000011100010000000101001100010001010001
0000000001100010000000111000100010001010001
0000000011100110000000011001100010000010101
0011000001100010000000011000100010000010101
0011000001100010000000011000100010000010101
0000010011100010000000011001100010000010101
0000010011100010000000011001100010000010101
0000010011100010000000011001100010000010101
0000010011100010000000011001100010000010101
0001001000101110000000001000100010100000001
0001000011100010100000001000100010100010101
0001000011100010100000001000100010100010101
0000000110100010000000111001100110001010001
0001000010100010000010001000100101110010101
1000000000100111000100001000110010000000001
0000001010101110010000101000000000010010101
0000100011100110000000011000000000010110101
0000000001100010001010111000100101000010001
0000100010100110000000011000100010010110101
0000100010100110000000011000100010010110101
0000100010100110101000101000100010001100001
0000110010100110100000011000100010000110001
0000010110100010001000111001000100001010101
0000001011101110000000011001000000000010101
0011100011100110000000001001000000000110001
0000000011100010110000111000100010000010101
0000010011100010000000011000100010010010001
0000010011100010000000011000100010010010001
0000010011100010000000011000100010010010001
0000100011100110100000001000100010000110001
0000100011100110100000001000100010000110001
0011110010100110000000001001000000000110101
0000000011100010111000111000100010000010101
0000010011100010000000001000100010010010101
0000010011100010000000001000100010010010101
0000100011100110000000001001100010000110001
0000100011100110000000001001100010000110001
0000100011100110000000001001100010000110001
0000100011100110000000001001100010000110001
0000100011100110000000001001100010000110001
0000100011100110000000001001100010000110001
0000100011100110000000001001100010000110001
0000100011100110000000001001100010000110001
0000100011100110000000001001100010000110001
0000100011100110000000001001100010000110001
0000100011100110000000001001100010000110001
0000100011100110000000001001100010000110001
0000100011100110000000001001100010000110001
0000100011100110100000001000100001000110001
0000100001100110000000011000100010000110001
0000100001100110000000011000100010000110001
0000110011100110000000001001000000000110101
0000110011100110000000001001000000000110101
0000100001100110000000011000100010000110001
0001000011100010000000001000100010110010001
0000110010100110000000001001100010000110101
0000110010100110000000001001100010000110101
0000100010100110001000101001100010000110101
0000110000100110000000011000100010000110101
0000100011100110000000001001100001000110001
0001100001100110000000011000000000100110001
0001100001100110000000011000000000100110001
0000100011100110000000001001100001000110001
0000100011100110000000001001100001000110001
0000100001100110000000001000100010000110101
0000100001100110000000001000100010000110101
0000100001100110000000001000100010000110101
0000011010101110000000011000000000010010101
0000100010100110110000111000100010000110001
0000110000100110000010001000100101000110001
0000110010100110001000111000000000010110001
0000100010100110000001001001000000000111101
0000011010101110100000001000100010000010001
0000101011101110000000001001000000000110001
1000000010100111000100011000010000010010001
0011000010100010000000011000100010110010001
0000101011101110000000001001000000000110001
0000110010100110000000001000100010010110001
0000000011100010000000111001100010001010001
0000001010101110000000001000100001010010101
0000000100100010011000111000100110001010101
0000000001100010000000111000100010001010101
0000010011100010100010001000100101000010101
0000101010101110000000001000100010010100001
0001000010100010000000101001100010101010101
0000101010101110000000001000100010010100001
0000001001101110000000001000100001000010001
0011000011100010000000011000100010010010001
0000001001101110010000111000000000000010001
0011100011100110000000001001000000000110101
0000010011100010000000011000100010010010101
0000100011100110000000011001100010000110001
0000100011100110000000011001100010000110001
0000100011100110000000011001100010000110001
0000100011100110000000011001100010000110001
0000100011100110000000011001100010000110001
0000100011100110000000011001100010000110001
0000100011100110000000011001100010000110001
0000001001101110011000111000000000000010001
0000100001100110000001001000000000000011001
0000100001100110000001001000000000000011001
0011000011100010001000101001100010000010001
0001100011100110000000011001000000100110001
0000100011100110000000001001100010000110101
0000100011100110000000001001100010000110101
0000100011100110000000001001100010000110101
0000100011100110000000001001100010000110101
0000100011100110000000001001100010000110101
0000100000100110000000111000100001001110001
0000100001100110000000011000100010000110101
0000100001100110000000011000100010000110101
0000100001100110000000011000100010000110101
0000100001100110000000011000100010000110101
0011100010100110110000111000000000000110101
0001100011100110000000001001000000100110101
0001001010101110010000101000000000010000011
0000001011101110000000011000000000010010101
0000100010100110001001101000000000010001001
0000010011100010001000101001100010000010101
0000010011100010010000111000000000011010001
0000000110100010001000101000100110011010101
0000101011101110000000011001000000000110001
0001010001100010000000011000100010100010001
0000100011100110000000001000100010010110001
0000100011100110000000001000100010010110001
0000100011100110000000001000100010010110001
0000100011100110000000001000100010010110001
0000100011100110000000001000100010010110001
0000100011100110000000001000100010010110001
0000100011100110000000001000100010010110001
0000100011100110000000001000100010010110001
0001001010101110000000101001000000101000001
0001010001100010000000001000100010100010101
0001000011100010010000111000000000110010101
0000101010101110000000001001100010000110101
0000001001101110000000011000100010000010001
1000100010100111000100011001010000000110001
0000000111100010010000111000000100011010001
0001010010100110000000001000100010110010001
0000110010100110000000001000100001010110101
0000001011101110000000001001100001000010001
0011010010100010000000111000000000011010101
0011000001100010000000011000100010100010001
0000100010100110000001011000000000010011101
0000100010100110010000111000100010010110001
0000000011100010000000111000100010011010001
0000101010101110001000101000000000010110101
0000100010100110000001001001100010000101001
0000100010100110000001001001100010000101001
0011100010100110000000011001100010000110101
0000100011100110100000011000100010000110101
0000111010101110100000001000100010000010001
0000100011100110000001001001000000000011001
0000100011100110000001001001000000000011001
0000100011100110000001001001000000000011001
0000010011100010010000101000100010010010001
0000100011100110000000011001100010000110101
0000100011100110000000011001100010000110101
0000100011100110000000011001100010000110101
0000100011100110000000011001100010000110101
0000100011100110000000011001100010000110101
0000000111100010000000111000000100011010101
0001100011100110000000011001000000100110101
0001101000101110000000001000100010100100001
0001010011100010000000101001000000101010001
0000101010101110000001001001000000000101001
0001100010100110000000011001100010100110101
0000100011100110000000011001100001000110101
0001100010100110000000011001100010100110101
0000100011100110000000011001100001000110101
0000100001100110000010011000100101000110001
0001010011100010000000011001100010100010001
0100100010100110000001011001000000000111001
0000100011100110000000011000100010010110001
0000100011100110000000011000100010010110001
0000100011100110000000011000100010010110001
0000100011100110000000011000100010010110001
0000100011100110000000011000100010010110001
0000100011100110000000011000100010010110001
0000100011100110000000011000100010010110001
0011010011100010000000001000100010010010001
0000110011100110101000111000000000000110001
0000100010100110001000111000100010010110101
0000001011101110000000011001100010000010001
0000001011101110000000011001100010000010001
0001100011100110000000011000000000110110001
0001000101100010000000111000000100101010001
0011110010100110000000001001100010000110001
0000010011100010111000101000100010001010001
0000110011100110100000001000100010000010101
0000110011100110000000001001100010000110001
0000110001100110000000011000100010000110001
0000100010100110000001011000000000010111101
0000101010101110000000011000100010010110001
0000101010101110111000111000000000001110001
0001110001100110000000011000000000100110001
0001110001100110000000011000000000100110001
1000000010100111000100011001110001000010001
0000101010101110000000011000100010010010101
0000001011101110000000001000100010010010001
0000111011101110100000001000000000000110001
0000100011100110000001011001000000000011001
1000100010100111000100011000010000010110001
0011100011100110100000001000000000100110001
0000111011101110000000001001000000000110001
0000111010101110000000001001100010000110001
0001101010101110000000001001100010100100001
0011000001100010000000101000100010001010101
0000101001101110000000001000100010000110001
0000010011100010001000111001100010001010001
1000100010100111000100001001110010000100001
0000010011100010000000111001100001001010001
0000011001101110000000001000100010000010001
1000110010100111000100001001010000000110001
1000110010100111000100001001010000000110001
0000100001100110011000111000100010000110001
0011100011100110000000011000000000010110101
0000110010100110000001001000000000010111001
0011100010100110000000011000100010010110101
0000000111100010000000111001100110001010001
0011000010100010111000101000100001100000011
0011001010101110000000011001100010000010101
0011100011100110100000001000100010000110001
0000110011100110010000101000000000010110001
0000100011100110000000011000100010010110101
0000100011100110000000011000100010010110101
0000100011100110000000011000100010010110101
0000000011100010011000111000100010011010101
0000101010101110100010001000100101000110101
0000100011100110000000011000100001010110101
0000110011100110100000001000100010000110101
0011101010101110000000011000000000010110101
0001110011100110000000011001000000100110001
0000110011100110000000001001100010000110101
0000110011100110000000001001100010000110101
0000100011100110001000101001100010000110101
0001110010100110000000011001100010100110001
0100100010100110000001001000000000010111101
0000001011101110000000011000100010010010001
0000101010101110000000101001100010001100001
0000100011100110000001011001000000000111001
0000110001100110000010001000100101000110001
0000111011101110000000011001000000000110001
0000111011101110000000011001000000000110001
0000001011101110000000001000100010010010101
0000101001101110000000101000000000001110001
0000101011101110000000001001100010000110001
0000101011101110000000001001100010000110001
0000101011101110000000001001100010000110001
0100100001100110000001001000000000000111001
0000101001101110000000011000100010000110001
0000101001101110000000011000100010000110001
0000110011100110001000111000000000010010101
0000101001101110000000011000100010000110001
1000000011100111000100001000010000010010101
0000100011100110000010011001100101000110101
0000101001101110000000011000100001000110001
0011100010100110000000011001100001100110001
0000000111100010100000111000100110001010101
0011000110100010000000101001100110101000001
0001010001100010010000101000100010100010101
0011001011101110000000001001000000100010001
0011011010111110111000101000000000000010101
0011100011100110000000001001100010000110101
0011100011100110000000011001100001000110001
0011100110100110000000111001000100001110001
0100100010100110101001111000000000000111001
0011100010100110001000111000100010010110001
1000101010101111000100001000010000010100001
0011100011100110000000001000100010010110001
0000100011100110110000111000100010000110101
0000100010100110000001011001100010000111101
0100100011100110000001001001000000000111001
0001110010100110000010001001100101100110001
0011110010100110000000001000100010010110101
0100100001100110000001011000000000000111001
0000110011100110001000111000000000010110101
0100100000100110000001011000100010000111001
0000101011101110001000101001000000001110001
0000111010101110000000011001100010000110101
0001100010100110000001011001000000100111101
0000110011100110000000001000100010010110101
0000110011100110000000001000100010010110101
0000110011100110000000001000100010010110101
0000110011100110000000001000100010010110101
0000101011101110000000001001100010000110101
0011110011100110001000101001000000000110001
0000101011101110000000001001100010000110101
0000110011100110000000011000100001010110001
0000101011101110000000011001100001000110001
0000100000100110010001101000100010000011101
0011010011100010000000011001100010100010001
0000100010100110000001011000100010010111001
0000100010100110000001011000100010010111001
0000101011101110000000001001100001000110101
0001001001101110000000011000100010100010001
1000100011100111000100001001010000000110101
0100110010100110000001001000000000010111001
0000111010101110000000011000100010010110001
0000111010101110000000011000100010010110001
1000100010100111000100011001110001000110001
0000101011101110000000001000100010010110001
0000100010100110000001011000100001010111001
0000101011101110000000001000100010010110001
0000101011101110000000001000100010010110001
0001100010100110010000111000100010010110011
0000100011100110000000111001100010001110001
0000100011100110011000111000100010010110001
0011100011100110000000011001100010000110101
0000101010111110111000111000100010000110101
0011100011100110000010001001100101000110001
0000101010101110100001001000100010000101001
0001100011100110000001001001000000100011001
0000110011100110000010011001100101000110001
0000110011100110000010011001100101000110001
0000100111100110000000111001000100001110101
0011100011100110000000011000100010010110001
0011100011100110000000011000100010010110001
0000101010101110000001001001100010000101001
0100100011100110000001011001000000000111001
0100100010100110000001011001100010000111001
0100100010100110000001011001100010000111001
0011100011100110000000001000100010010110101
0100100011100110000001001001000000000111101
0000110011100110000000011000100010010110101
0000110011100110000000011000100010010110101
0000100010100110100011001000100101000111101
0001110000100110000010011000100101100110101
0000100111100110000000111000000100011110001
0000101010101110000000101001100001001110101
0001101010101110000000011001100010100110101
0000101001101110000010011000100101000110001
0011100011100110001000101001100001000110001
0011110001100110000000001000100010000110101
0100101010101110000001011001000000000111001
0000101011101110000000011000100010010110001
0000101011101110000000011000100010010110001
0011100011100110000001001001000000000111001
0000101011101110001000111000000000010110101
0100101010101110000001001001000000000111101
0011000000100010011000111000100010101010011
0000110110100110000000101001100110001110001
0000110100100110000000111000100110001110001
0011100011100110000000011000000000110110101
0001101010101110000000011000100010110110001
0000111011101110100000001000100010000110001
1000100011100111000100011000010000010110001
0011101001101110000000001000100010000110001
0011101001101110000000001000100010000110001
0000110010100110000001001001100010000111101
1000100011100111000100001000010000010110101
0000100111100110011000111000000100011110001
0001101010101110000000001000100001110110101
1000100010100111000100001000110001010110101
0000011011101110010000101000000000011010001
0000101000101110000001011000100010000111001
0000100011100110000001001000100010010011001
0001101001111110000000011000100010100010001
0011111010111110111000101000000000000110101
0001100011100110000000011000100010110110101
1011000011100111000100011001010000000010101
0000100101100110011000101000100110001110001
0100101010101110100001011000000000000111101
0100100011100110000001011000000000010111001
0000101011101110000010001001100101000110101
0000101011101110000001001000000000010011001
0001110011100110000000011001100010100110001
0001100010100110111010111000100101100110101
0100100011100110000001001000000000010111101
0100100011100110000001001000000000010111101
0000101011101110000000011000100010010110101
0000101011101110000000011000100010010110101
0000101011101110000000011000100010010110101
0000100111100110000000101001100110001110001
0011101011101110001000111001000000000110001
0000100010100110000001111001100010001011001
0100110010100110100001001000100010000111001
1000100011100111000100011000010000010110101
0100110000100110000001011000100010000111001
0100101010101110000001011000000000010111001
0100100001100110000001001000100010000111001
0001100000100110010001101000100010100101001
0100100001100110001001101000000000000111101
0100100001100110001001101000000000000111101
0100100010100110100001111000000000001111101
0101100011100110000001001001000000100011001
0000101010111110111010111000100101000110101
0101100001100110000001001000000000100111001
0001101001101110000000011000100010100110001
1001110010100111000100011001010000100110001
0000100011100110000001001000100010010111001
0000100011100110000001001000100010010111001
1000110010100111000100001001110010000110101
0001100011100110000010011001100101100110101
0000111011101110000000001000100010010110001
0000111011101110000000001000100010010110001
0000101011101110001000101000100010010110001
0000101011101110001000101000100010010110001
0100101001101110000001001000000000000111001
0100100010100110100011001000100101000111101
0000110011100110011000111000100010010110001
1001010000100111000100011000110010100010001
1001010000100111000100011000110010100010001
0100100001100110010001101000000000000111101
0000101011101110000010011001100101000110101
0000111010111110111000111000100010000110101
0100100011100110000001011000000000010111101
0111110010100110000001011001000000000111001
0111100011100110000001001001000000000111001
0100110011100110000001011001000000000111001
0100100011100110001001111001000000000111001
0100110010100110000001011001100010000111001
0100110010100110000001011001100010000111001
0100100011100110000001001001100010000111001
0001110001100110000010011000100101100110001
0100100001100110000001011000100010000111001
0100110011100110000001001001000000000111101
0100110011100110000001001001000000000111101
0101110010100110000001011001000000100111001
0100110010100110000001001001100010000111101
0100110001100110000001011000000000000111101
0100110010100110000001001001100010000111101
0100110000100110000001011000100010000111101
0100100011100110000001001001100001000111001
0000100111100110000000101000100110011110001
1000100011100111000100011001110010000110001
1000100011100111000100001001110010000110101
0001111010101110000000011000100010110110001
0000110011100110000001001001100010000111001
0001101011101110000000001000100010110110001
1000101011101111000100011001010000000110001
0000110011100110000000111001100010001110101
0001101010111110111000111000100010100110101
0111100011100110000001011001000000000111001
0000101110111110111000111000100110001110001
0100100011100110000001011001100010000111001
0100100011100110000001011001100010000111001
0100100011100110000001011001100010000111001
0100100011100110000001011001100010000111001
0100100011100110000001011001100010000111001
0000101010111110110010111000100101001110101
0100100011100110000001001001100010000111101
0100100011100110000001001001100010000111101
0100100011100110000001001001100010000111101
0001110000100110010001101000000000001111011
0011100011100110000001011000000000010111101
1000100011100111000101001001010000000011001
0000101010111110111010111000100101001110101
1000100011100111000100011001110010000110101
0100101011101110000001011001000000000111001
0100101010101110000001011001100010000111001
0100100011100110000001001000100010010111001
0100100011100110000001001000100010010111001
0100101010101110000001001001100010000111101
0000110011100110000001011001100010000111001
1000000011100111000100011000111010010010001
1000100011100111000100011000110010010110001
0000100001100110000001101000100010001011101
0000100001100110000001101000100010001011101
0100101011101110000001001000000000010111001
1000100011100111000100011000110001010110001
0001111010111110111000111000000000101110101
0000111010111110111010111000100101000110101
0100100011100110000001111001000000001111001
0000101011101110010000111000100010010110101
0100100001100110000001111000000000001111101
0100100011100110000001011001100010000111101
0100100011100110000001011001100010000111101
0100110001100110010001111000000000000111001
1000110001100111000100001000110010000110101
0101100010100110000001011001100010100111101
1000111010101111000100001001110010000110001
0111100011100110000001001000000000010111101
0011101011101110000000011000100010010110101
0011101011101110000000011000100010010110101
0100100011100110000001011000100010010111001
0100100011100110000001011000100010010111001
0100100011100110000001001000100010010111101
0100100011100110000001001000100010010111101
0100100011100110000001001000100010010111101
0100100011100110000001001000100010010111101
0100100011100110000001001000100010010111101
0100100011100110000001001000100010010111101
0100100011100110000001001000100010010111101
0001100111100110101000101000100110101110001
0100100011100110000001001000100001010111101
0100110011100110000001001001100010000111001
0100110011100110000001001001100010000111001
1000100011100111000100011000110010010110101
0011101010111110111010111000100101000110101
0011101010111110111010111000100101000110101
0000101011101110010001111000000000010011001
0100100001100110001001111000100001000111001
1011110010100111000100011001110001000110001
1001101010111111000100011101010000100110101
0101110010100110000001001001100001100111001
0100100010100110101001111000100010001111101
0000110011100110000001001000100010010111101
0100111010101110000001001001100010000111001
0000111110111110000000101001100101001110101
0011101010111110011010111000100101010010101
0011111010111110000000011001100010100110101
0100100011100110000001011000100010010111101
0100100011100110000001011000100010010111101
0100100011100110000001011000100010010111101
0100100011100110000001011000100010010111101
0111110010100110100001001000100010000111101
0111100001100110000001011000100010000111001
0100110011100110000001011001100010000111001
0111100001100110000001001000100010000111101
0100100011100110001001101001100010000111101
1000110010100111000100111001110010001110001
0100100111100110000001101001000100001111001
0000110111100110000000111000100110011110001
0000110111100110000000101000100110011110101
0000101101101110000000111000100110001110101
0100110011100110000001001000100010010111001
0100110011100110000001001000100010010111001
1000101010111111110100111100010000001110101
1011101010101111000100011001110010000110001
0000111110111110001000111001100110001110101
0000111110111110001000111001100110001110101
0011101010111110011010111000100101010110101
1000110011100111000100011000110010010110001
0001100101100110010000111000100110101110101
0011100011100110110001111000100010000011001
0100110001100110001001101000100010000111001
0100111011101110000001001000000000010111001
1000100110100111011100111100010100011110101
0011101011101110000000011000100010110110001
0111100011100110000001001001100010000111101
0101100011100110100001011000100010100111001
0011101110111110001000111001000100101110101
0100110011100110000001011001100010000111101
1011100011100111000100011001110010000110101
0101100011100110000001001001100010100111101
0100110011100110110001111000000000001111001
0001111001101110010000111000100010100110001
0100110011100110000001011000100010010111001
0100101011101110100001001000100010000111101
0011110001100110010000101000100001101110001
0101100011100110000001001000100010110111001
0001111010111110001010111001100101100110101
1100110010100111000101011001010000000111101
0001101110111110001000111001100110101110101
0011111010111110111010111000100101000110101
0001101110111110001000111001100110101110101
0100111010101110000001011000100010010111001
0100101011101110000001001000100010010111001
0100100010100110000011101000100101011111101
1000011011101111000100001000110010010010101
1000101010111111111100111100110010000110101
1000101010111111111100111100110010000110101
0011100111100110000000111000100101011110101
0111101011101110000001011001000000000111101
1001101010101111000100001000110010110110101
1000111011101111000100011001110010000010001
1000111011101111000100001001110010000110001
0100101010101110011001111000100010010111001
0100100011100110111001111000100010001111001
0001101011101110000000111000100010111110001
0100101011101110000001011001100010000111101
0000111110111110011000111000100110011110101
0100110011100110001001111001100010000111001
0100101011101110000001011000100010010111001
0001111011101110000000101001100010101110001
0100101011101110000001001000100010010111101
1000111010111111110100111100010000001110101
0100111011101110001001101001000000000111101
0111100011100110000001001001100010100111001
1000111011101111000100011001110010000110001
1000101110101111111100111100010100001110101
1001101010111111000100001100110010110110101
0001101110111110010000111000100110111110101
1000101110111111111100111100010100001110101
0101100011100110000001011000100010110111101
0101100011100110000001011000100010110111101
0111110011100110000001001001100010000111101
0101100011100110000011001000100101110111001
0111100011100110110001111000100010000111001
1011100010100111111100101100110001001100011
0100111011101110100001011000100010000111001
1011101010111111000110011001110101000110101
0111100011100110100001011000100010100111001
0101101010101110000001011000100010110111101
0100111011101110100001001000100010000111101
0111111010101110000001001001100010000111101
0100101001101110000001101000100010001111001
0100111011101110000001001001100010000111101
1000101010101111001101101001110010000101001
1000101010111111111110111100110101000110101
0000101110101110000001111000100101011111001
1001010110100111110100111000110110101010001
0111101011101110100001011000100010000111001
0111101011101110100001011000100010000111001
0111101011101110000001011001100010000111001
1011100011100111000100011000110001110110001
0101101011101110000001011001100010100111001
1011101010111111101100111100110010000110101
0001101110111110111000111000100110101110111
0100111011101110000001011000100010010111001
1000101010111111001110111100110101010110101
1000101010111111001110111100110101010110101
1100100001100111000101011000110010000111101
1011101011101111000100011000110010010110001
1011101110111111101100101100010100001110101
1011101110111111101100101100010100001110101
1011100110100111111100101100110110001110101
1000111110111111101100111100010100001110101
1001101010111111001100111101110010100110101
1011100010100111110110111100110101001110101
0101111010101110000001001000100010110111101
1011110010100111011100111100110010010110101
1011101010111111111100111100110010000110101
1011101010111111111100111100110010000110101
0100110011100110011001101000100001011111001
1000101010111111011110111100110101010110101
1000101010111111011110111100110101010110101
1000101110111111110100111100110110001110001
1001101010111111111100111100110010100110101
1000101110111111111100111100110110001110001
1000101110111111111100111100110110001110001
1000111011101111000101011001010000000111001
1100100011100111100101011000110010000111101
1000001110111111111100111100111101001010001
1000101110111111111100111100110101001110001
0011101110101110011000111000100110011110111
1000111010111111011100111100110010010110101
0111100011100110000001111001100010001111101
0111111011101110000001001001100010000111001
1000101111111111101100111100010100001110101
0100111011101110001001111001100010000111001
0111111011111110000001001001100010000111001
0100101110101110000001111000100101011111001
0111101011101110100011011000100101000111001
1000101010111111001110111000111101010110101
1011101110111111111100111100010100001110101
1011101110111111101100101100110110001100001
1000111010111111111110111100110101000110101
1001101010111111111100101100110010101110101
0111101011101110000001011000100010010111101
1000101110111111001100111100110101011010101
1100111000101111000101001000110010000111101
1100111000101111000101001000110010000111101
1011111010111111000110011101110101000110101
0111101011101110001001111001100010000111001
1001101110111111111100101100110110101100001
1100101000101111010101101000110010000111101
1001101010111111011100101100010000111110111
0100111001101110010001111000100010001111001
1001101010111111111110111100110101100110101
1001101010111111111110111100110101100110101
1100111011101111000101011001010000000111001
1001111010111111001100111101110010100110101
1100111010101111000101011001110010000111001
1001110011100111111110101100110101100110001
1001110011100111111110101100110101100110001
1001100110100111111100111000111110101110101
1011111010111111111100111100110010000110101
1001111011101111000100011000110010110110001
0100111001101110011011111000100101000111001
1001110010100111111110111100110101001110111
1001111010111111111100111100110010100110101
1000111010111111001110111101110101001110101
1000111110111111111100111100110110001110001
1001101010111111011110101100110101110110101
1001101110111111011100111100010100111110101
1000111110111111111100101100110110001110101
1000110111100111001101101001010100001011101
1011101010111111111100111100110010000110111
0101111001101110010001101000100010100111001
1001011110111111111100111000110110101010001
1011101010111111111110101100110101001110101
0101110011100110001001111000100001110111101
1011111011101111000100011000110010010110101
1011111110111111001100111101010100001110101
1001101010111111111110101100110101101110101
1011101110111111001100101101110110001110101
1000111110111111101100111100110101001110101
1001110110100111111100111100110110101110101
0101110011100110000011101001100101101111001
0100101111101110001001101000100101011111001
0011111111111110011000111000100110011110101
1011101110111111111100111100110110001110001
1000101111111111111100111100110110001110001
1011101010111111110110111100110101001110101
1000111011101111010100101000110010011110101
1011101110111111101100111100110110001110101
1011101110111111001100111101110110001110101
1011101110111111001100111101110110001110101
1011101010111111011110101100110101011110101
0111101011101110000001011000100010110111101
1100101011101111000101011000110010010111001
1011101110111111111100111100110110001110101
1011101110111111111100111100110110001110101
1011101110111111111100111100110110001110101
1001111010111111111110111100110101000110111
1001101110111111110100111100110110001110111
1000111110111111001100111100110110011110101
1000111110111111001100111100110110011110101
1001111010111111111110111100110101100110101
1001110111100111110100111000110110101110001
1000111110111111001100111100110101011110101
1001111110111111001100101001110110101110101
1100110111100111001101101001010100001111101
1111100011100111000101011001110010100111001
1011111010111111101110111100110101001110101
1011111010111111101110111100110101001110101
1011111110111111110100111100110110001110001
1001111110111111001100101101110110101110101
1100111011101111000101001000110010010111001
1000101111111111011100111100110110011110101
1000101111111111011100111100110110011110101
1001101110111111011100111100110110111110101
1001111110111111111100111100110110101110001
1100101010111111101111111100110101000111101
1011111010111111111110111100110101000110011
1001101010111111111110111100111101001110111
1011101010111111011110111100110101110110101
1001111010111111111110111100110101001110111
1100101011101111000111001000110101010111101
1011101011111111011110111100110101010110101
1011111110111111111100111100110110001110101
1011111110111111111100111100110110001110101
1011101000111111010110111100110101100110111
1011101110111111001100111101110110101110101
1011101111111111100100111100110101001110101
1011111011111111111100101100010000100110111
1011111110111111011100101100110101011110101
1011101110111111111100111100110101101110101
1011101110111111010100111100110110011110011
1100111011101111000101011000110010010111101
1111111001101111000101011000110010000111001
1011111110111111010100111100110110011110101
1011111010111111110100111100110001100110111
1011111110111111011100111100110110011110101
1011101111111111100100111000111101001110101
1100111011101111000111001000110101010111101
1011111111111111111100101100110110001110101
1001101110111111110101111100110101001011111
1111101010111111111111111100110101001011101
1111111010111111111111111100110101000111101
1011101110111111101101111100111110001111101
1111101110111111111101111100110110001111101
1101101110111111110101111100110101001111111
1111101110111111000101111100110110011111101
1101111110111111001101111101110110101111101
1101111011111111001101111101110010101111101
1111111011101111000111101000110101011111101
