1780.0 -40.0
2230.0 -97.0
2230.0 -69.0
2260.0 -34.0
2350.0 -34.0
2360.0 -74.0
2390.0 -34.0
2420.0 -67.0
2430.0 -124.0
2480.0 -112.0
2510.0 -131.0
2510.0 -34.0
2520.0 -118.0
2530.0 -105.0
2530.0 -60.0
2550.0 -27.0
2560.0 -141.0
2570.0 -108.0
2570.0 -62.0
2580.0 -118.0
2580.0 -34.0
2590.0 -88.0
2600.0 -34.0
2640.0 -35.0
2650.0 -69.0
2650.0 0.0
2670.0 0.0
2680.0 -109.0
2680.0 -69.0
2700.0 -69.0
2710.0 -72.0
2710.0 -29.0
2730.0 -133.0
2730.0 -96.0
2730.0 -89.0
2750.0 -70.0
2750.0 -22.0
2760.0 -34.0
2760.0 0.0
2770.0 -97.0
2790.0 -74.0
2790.0 -51.0
2800.0 -64.0
2810.0 -125.0
2810.0 -35.0
2810.0 -33.0
2810.0 0.0
2820.0 -198.0
2830.0 -109.0
2830.0 -97.0
2840.0 -104.0
2840.0 -69.0
2840.0 -58.0
2860.0 -72.0
2860.0 -28.0
2870.0 -22.0
2880.0 -34.0
2900.0 -74.0
2900.0 -35.0
2900.0 -22.0
2910.0 -76.0
2910.0 -49.0
2920.0 -56.0
2930.0 -58.0
2960.0 -166.0
2960.0 -89.0
2960.0 -62.0
2960.0 -56.0
2970.0 -62.0
2970.0 -36.0
2970.0 -34.0
2980.0 -123.0
2980.0 -114.0
2980.0 -58.0
2990.0 -133.0
2990.0 -92.0
3000.0 -114.0
3000.0 -62.0
3020.0 -90.0
3020.0 -58.0
3020.0 -31.0
3030.0 -56.0
3030.0 0.0
3050.0 -75.0
3050.0 -64.0
3050.0 0.0
3060.0 -87.0
3070.0 -87.0
3070.0 -59.0
3070.0 -40.0
3070.0 -31.0
3080.0 -131.0
3080.0 -68.0
3080.0 0.0
3090.0 -96.0
3090.0 -86.0
3090.0 -75.0
3090.0 -55.0
3090.0 -34.0
3100.0 -68.0
3100.0 -68.0
3100.0 -49.0
3100.0 -29.0
3110.0 -104.0
3110.0 -42.0
3110.0 -42.0
3120.0 -65.0
3120.0 -64.0
3120.0 -62.0
3120.0 -60.0
3120.0 0.0
3130.0 -93.0
3130.0 -69.0
3130.0 -20.0
3140.0 -158.0
3140.0 -58.0
3160.0 -37.0
3160.0 0.0
3170.0 -149.0
3170.0 -35.0
3170.0 0.0
3190.0 -70.0
3190.0 -69.0
3190.0 -40.0
3190.0 0.0
3200.0 -93.0
3200.0 -76.0
3210.0 -92.0
3220.0 -134.0
3220.0 -120.0
3220.0 -109.0
3230.0 -74.0
3250.0 -69.0
3250.0 0.0
3260.0 0.0
3270.0 -64.0
3270.0 0.0
3280.0 -136.0
3280.0 -63.0
3290.0 -64.0
3290.0 -59.0
3290.0 -34.0
3290.0 -34.0
3290.0 -30.0
3300.0 -76.0
3300.0 -64.0
3320.0 -148.0
3320.0 -89.0
3330.0 -116.0
3340.0 -221.0
3340.0 -150.0
3340.0 -146.0
3340.0 -133.0
3340.0 -78.0
3350.0 -74.0
3360.0 0.0
3370.0 -58.0
3370.0 -38.0
3390.0 -97.0
3390.0 -72.0
3390.0 -36.0
3390.0 -36.0
3400.0 -69.0
3400.0 -67.0
3400.0 -22.0
3410.0 -93.0
3410.0 -58.0
3420.0 -96.0
3430.0 -138.0
3430.0 -22.0
3440.0 -60.0
3440.0 -22.0
3450.0 -193.0
3450.0 -135.0
3450.0 -98.0
3460.0 -95.0
3460.0 -88.0
3470.0 -108.0
3480.0 -233.0
3480.0 -96.0
3490.0 -130.0
3490.0 -56.0
3510.0 -34.0
3520.0 -228.0
3520.0 -118.0
3520.0 -77.0
3530.0 -121.0
3530.0 -74.0
3560.0 -70.0
3560.0 -59.0
3570.0 -34.0
3580.0 -142.0
3580.0 -96.0
3590.0 -135.0
3590.0 -120.0
3590.0 -68.0
3590.0 -57.0
3600.0 -94.0
3610.0 -31.0
3620.0 -120.0
3630.0 -163.0
3630.0 -149.0
3630.0 -133.0
3630.0 -56.0
3630.0 -42.0
3640.0 -67.0
3650.0 -146.0
3650.0 -96.0
3660.0 -55.0
3660.0 0.0
3660.0 0.0
3670.0 -129.0
3670.0 -111.0
3670.0 -31.0
3680.0 -101.0
3690.0 -103.0
3690.0 -91.0
3690.0 -35.0
3700.0 -93.0
3720.0 -63.0
3730.0 0.0
3740.0 -140.0
3740.0 -70.0
3750.0 -35.0
3760.0 -138.0
3770.0 -174.0
3770.0 -138.0
3780.0 -93.0
3780.0 0.0
3790.0 -112.0
3800.0 -235.0
3800.0 -100.0
3800.0 -83.0
3800.0 -67.0
3810.0 -131.0
3810.0 -56.0
3810.0 -22.0
3810.0 0.0
3830.0 -90.0
3830.0 -53.0
3840.0 0.0
3850.0 -62.0
3850.0 -35.0
3860.0 -56.0
3870.0 -152.0
3890.0 -195.0
3890.0 -145.0
3890.0 -134.0
3910.0 -142.0
3910.0 -53.0
3920.0 -109.0
3920.0 -22.0
3930.0 -165.0
3930.0 -92.0
3940.0 -22.0
3940.0 0.0
3960.0 -22.0
3970.0 -84.0
3980.0 -158.0
3980.0 -157.0
3980.0 -102.0
3980.0 -101.0
3990.0 -117.0
4030.0 -115.0
4050.0 -54.0
4060.0 -155.0
4080.0 -161.0
4080.0 -33.0
4090.0 -130.0
4090.0 -91.0
4120.0 -191.0
4120.0 -33.0
4140.0 -89.0
4160.0 -82.0
4170.0 -135.0
4180.0 -91.0
4190.0 -93.0
4210.0 -65.0
4220.0 -166.0
4220.0 -147.0
4240.0 -91.0
4250.0 -159.0
4250.0 -57.0
4270.0 -120.0
4290.0 -35.0
4300.0 -135.0
4310.0 -110.0
4310.0 -85.0
4320.0 -191.0
4330.0 -234.0
4330.0 -142.0
4340.0 -88.0
4360.0 -61.0
4390.0 -27.0
4400.0 -92.0
4420.0 -92.0
4430.0 -77.0
4430.0 -77.0
4470.0 -128.0
4500.0 -185.0
4500.0 -84.0
4520.0 -102.0
4530.0 -138.0
4530.0 -126.0
4560.0 -96.0
4560.0 -22.0
4570.0 -110.0
4590.0 -174.0
4590.0 -80.0
4640.0 -102.0
4670.0 -246.0
4670.0 -159.0
4680.0 -129.0
4680.0 -127.0
4700.0 -163.0
4730.0 -35.0
4740.0 -87.0
4750.0 -100.0
4820.0 0.0
4840.0 -95.0
4860.0 -98.0
4870.0 -92.0
4870.0 -22.0
4880.0 -22.0
4910.0 -125.0
4920.0 -90.0
4940.0 -66.0
4950.0 -104.0
5010.0 -185.0
5030.0 -68.0
5050.0 -123.0
5060.0 -57.0
5110.0 -169.0
5150.0 -104.0
5170.0 -103.0
5170.0 -77.0
5190.0 -76.0
5200.0 -97.0
5230.0 -96.0
5240.0 -148.0
5240.0 -111.0
5240.0 -91.0
5240.0 0.0
5300.0 -116.0
5300.0 -102.0
5310.0 -171.0
5310.0 -20.0
5320.0 -140.0
5320.0 -130.0
5330.0 -29.0
5340.0 -67.0
5410.0 -98.0
5420.0 -161.0
5450.0 -72.0
5460.0 -61.0
5480.0 -145.0
5490.0 -168.0
5490.0 -52.0
5520.0 -145.0
5520.0 -144.0
5550.0 -22.0
5570.0 -121.0
5570.0 -98.0
5580.0 -128.0
5580.0 0.0
5590.0 -97.0
5610.0 -183.0
5620.0 -122.0
5630.0 -35.0
5650.0 -284.0
5680.0 -198.0
5690.0 -20.0
5700.0 -140.0
5700.0 -123.0
5710.0 -114.0
5820.0 -131.0
5820.0 0.0
5850.0 -95.0
5870.0 -52.0
5880.0 -136.0
5890.0 -189.0
5890.0 -35.0
5900.0 -22.0
5910.0 -122.0
5940.0 -157.0
5940.0 -136.0
5940.0 -83.0
5950.0 -76.0
6010.0 -190.0
6100.0 -206.0
6180.0 -56.0
6200.0 -35.0
6220.0 -52.0
6320.0 -155.0
6320.0 -80.0
6340.0 -28.0
6360.0 -110.0
6360.0 -87.0
6520.0 -159.0
6550.0 -116.0
6860.0 -66.0
7010.0 -191.0
7030.0 -190.0
7040.0 -151.0
7060.0 -109.0
7080.0 -224.0
7100.0 -277.0
7120.0 -242.0
7140.0 -253.0
7160.0 -240.0
7170.0 -143.0
7180.0 -302.0
7240.0 -144.0
7270.0 -151.0
7280.0 -163.0
7320.0 -176.0
7340.0 -403.0
7340.0 -187.0
7350.0 -193.0
7400.0 -157.0
7440.0 -91.0
7450.0 -286.0
7470.0 -251.0
7520.0 -259.0
7530.0 -125.0
7570.0 -278.0
7570.0 -205.0
7590.0 -298.0
7590.0 -141.0
7600.0 -251.0
7610.0 -299.0
7630.0 -184.0
7640.0 -215.0
7650.0 -233.0
7670.0 -215.0
7680.0 -270.0
7690.0 -175.0
7710.0 -213.0
7710.0 -212.0
7710.0 -183.0
7730.0 -302.0
7740.0 -274.0
7750.0 -248.0
7770.0 -205.0
7770.0 -197.0
7800.0 -156.0
7820.0 -370.0
7820.0 -197.0
7840.0 -156.0
7860.0 -230.0
7860.0 -157.0
7870.0 -189.0
7870.0 -162.0
7910.0 -190.0
7910.0 -121.0
7920.0 -310.0
7930.0 -347.0
7930.0 -170.0
7950.0 -233.0
7970.0 -157.0
7970.0 -99.0
7980.0 -189.0
7980.0 -147.0
7990.0 -201.0
8000.0 -234.0
8000.0 -184.0
8020.0 -348.0
8020.0 -260.0
8030.0 -262.0
8040.0 -257.0
8040.0 -230.0
8050.0 -281.0
8050.0 -214.0
8060.0 -311.0
8060.0 -286.0
8060.0 -270.0
8070.0 -294.0
8070.0 -189.0
8070.0 -155.0
8070.0 -89.0
8090.0 -274.0
8100.0 -215.0
8120.0 -178.0
8130.0 -377.0
8150.0 -256.0
8160.0 -274.0
8170.0 -301.0
8170.0 -239.0
8190.0 -398.0
8190.0 -218.0
8190.0 -175.0
8190.0 -155.0
8200.0 -270.0
8220.0 -303.0
8230.0 -389.0
8230.0 -183.0
8250.0 -235.0
8260.0 -251.0
8260.0 -211.0
8280.0 -263.0
8280.0 -229.0
8320.0 -242.0
8330.0 -254.0
8330.0 -243.0
8340.0 -311.0
8340.0 -289.0
8340.0 -184.0
8350.0 -204.0
8360.0 -206.0
8370.0 -278.0
8370.0 -131.0
8380.0 -234.0
8390.0 -332.0
8410.0 -197.0
8410.0 -181.0
8420.0 -194.0
8430.0 -304.0
8430.0 -210.0
8440.0 -266.0
8450.0 -205.0
8460.0 -271.0
8470.0 -189.0
8480.0 -249.0
8490.0 -189.0
8490.0 -173.0
8500.0 -361.0
8510.0 -215.0
8540.0 -201.0
8540.0 -116.0
8550.0 -310.0
8580.0 -331.0
8590.0 -246.0
8610.0 -257.0
8620.0 -260.0
8620.0 -114.0
8640.0 -183.0
8650.0 -250.0
8660.0 -282.0
8670.0 -260.0
8680.0 -293.0
8680.0 -153.0
8700.0 -347.0
8700.0 -291.0
8700.0 -276.0
8700.0 -255.0
8720.0 -280.0
8730.0 -295.0
8730.0 -203.0
8750.0 -366.0
8770.0 -286.0
8780.0 -244.0
8790.0 -335.0
8790.0 -215.0
8810.0 -237.0
8820.0 -221.0
8820.0 -119.0
8840.0 -133.0
8850.0 -215.0
8860.0 -389.0
8860.0 -252.0
8860.0 -201.0
8880.0 -320.0
8880.0 -251.0
8880.0 -236.0
8890.0 -283.0
8890.0 -275.0
8900.0 -353.0
8920.0 -193.0
8920.0 -152.0
8920.0 -86.0
8930.0 -263.0
8940.0 -257.0
8940.0 -235.0
8950.0 -278.0
8950.0 -252.0
8960.0 -176.0
8970.0 -294.0
8970.0 -284.0
8970.0 -274.0
8970.0 -163.0
9010.0 -412.0
9010.0 -284.0
9020.0 -168.0
9030.0 -196.0
9040.0 -276.0
9050.0 -273.0
9050.0 -271.0
9050.0 -264.0
9050.0 -228.0
9060.0 -302.0
9060.0 -207.0
9080.0 -309.0
9110.0 -296.0
9130.0 -322.0
9140.0 -260.0
9140.0 -251.0
9220.0 -276.0
9220.0 -210.0
9230.0 -275.0
9270.0 -276.0
9270.0 -237.0
9280.0 -254.0
9300.0 -223.0
9310.0 -279.0
9310.0 -146.0
9330.0 -366.0
9340.0 -409.0
9340.0 -226.0
9350.0 -287.0
9350.0 -151.0
9370.0 -343.0
9370.0 -204.0
9390.0 -236.0
9410.0 -286.0
9420.0 -277.0
9430.0 -199.0
9440.0 -239.0
9450.0 -276.0
9450.0 -220.0
9470.0 -365.0
9470.0 -254.0
9480.0 -251.0
9490.0 -396.0
9490.0 -308.0
9510.0 -334.0
9510.0 -243.0
9520.0 -349.0
9520.0 -192.0
9530.0 -321.0
9530.0 -190.0
9540.0 -323.0
9540.0 -313.0
9540.0 -247.0
9540.0 -204.0
9540.0 -121.0
9560.0 -239.0
9560.0 -216.0
9600.0 -326.0
9610.0 -140.0
9620.0 -187.0
9630.0 -278.0
9630.0 -213.0
9640.0 -280.0
9640.0 -238.0
9660.0 -429.0
9660.0 -219.0
9670.0 -219.0
9680.0 -162.0
9690.0 -317.0
9690.0 -306.0
9690.0 -295.0
9700.0 -425.0
9700.0 -312.0
9700.0 -245.0
9710.0 -294.0
9750.0 -359.0
9760.0 -376.0
9760.0 -262.0
9760.0 -243.0
9770.0 -361.0
9780.0 -313.0
9790.0 -440.0
9790.0 -333.0
9810.0 -323.0
9820.0 -273.0
9830.0 -202.0
9840.0 -273.0
9850.0 -248.0
9850.0 -228.0
9860.0 -261.0
9870.0 -339.0
9880.0 -128.0
9890.0 -354.0
9890.0 -248.0
9890.0 -207.0
9920.0 -217.0
9980.0 -227.0
9980.0 -188.0
9980.0 -157.0
10010.0 -380.0
10020.0 -343.0
10020.0 -267.0
10030.0 -357.0
10030.0 -279.0
10030.0 -265.0
10030.0 -241.0
10070.0 -265.0
10080.0 -268.0
10090.0 -437.0
10100.0 -376.0
10100.0 -329.0
10120.0 -321.0
10130.0 -341.0
10140.0 -328.0
10140.0 -323.0
10160.0 -323.0
10170.0 -267.0
10180.0 -347.0
10190.0 -245.0
10200.0 -310.0
10200.0 -307.0
10220.0 -221.0
10230.0 -299.0
10240.0 -278.0
10250.0 -203.0
10260.0 -346.0
10260.0 -314.0
10270.0 -343.0
10270.0 -282.0
10270.0 -270.0
10280.0 -381.0
10280.0 -331.0
10280.0 -297.0
10300.0 -351.0
10300.0 -234.0
10360.0 -349.0
10360.0 -270.0
10360.0 -255.0
10370.0 -310.0
10380.0 -425.0
10380.0 -381.0
10410.0 -313.0
10420.0 -283.0
10430.0 -287.0
10440.0 -358.0
10450.0 -430.0
10460.0 -283.0
10460.0 -273.0
10490.0 -417.0
10490.0 -361.0
10530.0 -170.0
10550.0 -287.0
10580.0 -320.0
10580.0 -169.0
10590.0 -356.0
10590.0 -310.0
10600.0 -272.0
10630.0 -312.0
10650.0 -263.0
10660.0 -330.0
10670.0 -266.0
10680.0 -118.0
10710.0 -353.0
10710.0 -250.0
10730.0 -311.0
10770.0 -442.0
10780.0 -429.0
10790.0 -281.0
10790.0 -244.0
10880.0 -341.0
10880.0 -317.0
10880.0 -263.0
10890.0 -356.0
10920.0 -383.0
10920.0 -291.0
10920.0 -217.0
10950.0 -261.0
10950.0 -254.0
10980.0 -195.0
10990.0 -376.0
10990.0 -257.0
11010.0 -346.0
11030.0 -358.0
11040.0 -394.0
11040.0 -314.0
11050.0 -443.0
11090.0 -258.0
11130.0 -327.0
11130.0 -283.0
11140.0 -283.0
11180.0 -348.0
11180.0 -346.0
11180.0 -278.0
11180.0 -275.0
11180.0 -245.0
11180.0 -242.0
11220.0 -342.0
11230.0 -340.0
11230.0 -255.0
11240.0 -362.0
11250.0 -276.0
11250.0 -199.0
11280.0 -326.0
11280.0 -229.0
11300.0 -382.0
11320.0 -221.0
11360.0 -396.0
11370.0 -256.0
11370.0 -220.0
11380.0 -248.0
11410.0 -525.0
11420.0 -309.0
11420.0 -243.0
11450.0 -384.0
11450.0 -269.0
11460.0 -333.0
11500.0 -408.0
11520.0 -244.0
11530.0 -371.0
11530.0 -302.0
11540.0 -293.0
11550.0 -368.0
11550.0 -345.0
11560.0 -262.0
11560.0 -238.0
11580.0 -375.0
11590.0 -361.0
11590.0 -245.0
11600.0 -342.0
11600.0 -271.0
11610.0 -347.0
11670.0 -312.0
11680.0 -403.0
11710.0 -285.0
11720.0 -407.0
11720.0 -308.0
11730.0 -247.0
11750.0 -262.0
11760.0 -228.0
11770.0 -366.0
11800.0 -285.0
11840.0 -423.0
11860.0 -258.0
11860.0 -212.0
11870.0 -397.0
11880.0 -456.0
11900.0 -338.0
11910.0 -322.0
11920.0 -389.0
11930.0 -419.0
11950.0 -439.0
11950.0 -391.0
11970.0 -228.0
11980.0 -360.0
11990.0 -370.0
11990.0 -328.0
12040.0 -263.0
12060.0 -362.0
12060.0 -262.0
12090.0 -372.0
12100.0 -428.0
12110.0 -357.0
12160.0 -340.0
12160.0 -268.0
12170.0 -447.0
12170.0 -213.0
12180.0 -417.0
12190.0 -422.0
12190.0 -199.0
12200.0 -334.0
12230.0 -338.0
12240.0 -389.0
12240.0 -356.0
12250.0 -382.0
12260.0 -324.0
12270.0 -372.0
12290.0 -299.0
12300.0 -362.0
12350.0 -347.0
12360.0 -499.0
12360.0 -345.0
12390.0 -369.0
12400.0 -333.0
12400.0 -320.0
12410.0 -361.0
12430.0 -461.0
12430.0 -457.0
12430.0 -393.0
12450.0 -439.0
12460.0 -335.0
12460.0 -316.0
12470.0 -414.0
12490.0 -372.0
12490.0 -347.0
12530.0 -261.0
12540.0 -326.0
12540.0 -312.0
12540.0 -255.0
12540.0 -242.0
12550.0 -318.0
12560.0 -363.0
12560.0 -159.0
12580.0 -352.0
12610.0 -406.0
12610.0 -352.0
12620.0 -333.0
12640.0 -522.0
12650.0 -334.0
12660.0 -392.0
12660.0 -376.0
12680.0 -456.0
12720.0 -332.0
12720.0 -320.0
12740.0 -362.0
12740.0 -334.0
12750.0 -346.0
12770.0 -418.0
12790.0 -491.0
12790.0 -274.0
12800.0 -468.0
12810.0 -390.0
12810.0 -309.0
12810.0 -273.0
12850.0 -459.0
12870.0 -329.0
12880.0 -314.0
12880.0 -288.0
12890.0 -448.0
12890.0 -368.0
12910.0 -471.0
12920.0 -298.0
12980.0 -427.0
12980.0 -363.0
12980.0 -344.0
12980.0 -311.0
12990.0 -265.0
13010.0 -237.0
13020.0 -420.0
13030.0 -452.0
13030.0 -329.0
13030.0 -323.0
13030.0 -220.0
13040.0 -380.0
13050.0 -405.0
13050.0 -334.0
13060.0 -399.0
13070.0 -369.0
13070.0 -349.0
13070.0 -327.0
13080.0 -398.0
13080.0 -251.0
13100.0 -350.0
13110.0 -518.0
13110.0 -359.0
13120.0 -415.0
13150.0 -366.0
13150.0 -336.0
13170.0 -251.0
13190.0 -325.0
13190.0 -279.0
13260.0 -306.0
13280.0 -449.0
13280.0 -331.0
13290.0 -399.0
13290.0 -323.0
13310.0 -298.0
13320.0 -301.0
13380.0 -269.0
13420.0 -354.0
13460.0 -405.0
13480.0 -381.0
13490.0 -446.0
13490.0 -337.0
13490.0 -334.0
13500.0 -405.0
13550.0 -304.0
13560.0 -365.0
13570.0 -291.0
13590.0 -411.0
13600.0 -471.0
13600.0 -406.0
13670.0 -307.0
13680.0 -374.0
13740.0 -325.0
13750.0 -322.0
13760.0 -346.0
13810.0 -482.0
13810.0 -259.0
13810.0 -242.0
13840.0 -252.0
13850.0 -268.0
13860.0 -358.0
13900.0 -365.0
13910.0 -353.0
13910.0 -300.0
13930.0 -325.0
13940.0 -333.0
13990.0 -427.0
13990.0 -351.0
13990.0 -346.0
14030.0 -413.0
14090.0 -385.0
14110.0 -331.0
14120.0 -374.0
14130.0 -419.0
14140.0 -420.0
14150.0 -323.0
14160.0 -327.0
14160.0 -251.0
14170.0 -328.0
14290.0 -315.0
14320.0 -419.0
14320.0 -414.0
14340.0 -397.0
14350.0 -321.0
14390.0 -385.0
14430.0 -411.0
14700.0 -297.0
14830.0 -396.0
14840.0 -467.0
