2185.16 114.0 1158.0 -274.8
2185.16 114.0 1158.0 -274.8
2197.72 116.0 1179.0 -277.2
2197.72 116.0 1179.0 -277.2
2200.27 114.0 1169.0 -277.2
2200.27 114.0 1169.0 -277.2
2200.95 115.0 1168.0 -277.2
2200.95 115.0 1168.0 -277.2
2201.0 115.0 1166.0 -277.2
2201.0 115.0 1166.0 -277.2
2205.72 115.0 1160.0 -277.2
2210.26 116.0 1194.0 -279.6
2210.26 116.0 1194.0 -279.6
2211.66 116.0 1186.0 -279.6
2212.34 117.0 1185.0 -279.6
2212.34 117.0 1185.0 -279.6
2212.81 114.0 1184.0 -279.6
2213.5 115.0 1183.0 -279.6
2214.55 115.0 1181.0 -279.6
2214.71 116.0 1178.0 -279.6
2214.71 116.0 1178.0 -279.6
2214.9 115.0 1175.0 -279.6
2214.94 115.0 1173.0 -279.6
2214.94 115.0 1173.0 -279.6
2217.5 114.0 1177.0 -279.6
2217.5 114.0 1177.0 -279.6
2221.51 116.0 1170.0 -279.6
2221.51 116.0 1170.0 -279.6
2224.2 116.0 1201.0 -282.0
2224.2 116.0 1201.0 -282.0
2225.93 117.0 1198.0 -282.0
2226.1 118.0 1195.0 -282.0
2227.09 115.0 1196.0 -282.0
2227.28 118.0 1193.0 -282.0
2227.44 115.0 1190.0 -282.0
2227.48 115.0 1188.0 -282.0
2228.16 116.0 1187.0 -282.0
2229.34 117.0 1184.0 -282.0
2229.38 117.0 1182.0 -282.0
2229.56 116.0 1179.0 -282.0
2230.04 114.0 1192.0 -282.0
2230.04 114.0 1192.0 -282.0
2232.13 115.0 1183.0 -282.0
2232.17 115.0 1181.0 -282.0
2235.45 116.0 1177.0 -282.0
2235.45 116.0 1177.0 -282.0
2236.1 114.0 1185.0 -282.0
2236.1 114.0 1185.0 -282.0
2237.51 117.0 1210.0 -284.4
2238.83 117.0 1207.0 -284.4
2238.87 117.0 1205.0 -284.4
2238.87 117.0 1205.0 -284.4
2240.56 118.0 1204.0 -284.4
2240.72 119.0 1201.0 -284.4
2240.72 119.0 1201.0 -284.4
2240.77 119.0 1199.0 -284.4
2241.39 116.0 1209.0 -284.4
2241.71 116.0 1202.0 -284.4
2241.92 117.0 1197.0 -284.4
2242.11 116.0 1194.0 -284.4
2243.61 117.0 1175.0 -282.0
2243.61 117.0 1175.0 -282.0
2244.32 115.0 1204.0 -284.4
2244.46 117.0 1189.0 -284.4
2244.67 115.0 1198.0 -284.4
2244.71 115.0 1196.0 -284.4
2246.8 116.0 1187.0 -284.4
2246.8 116.0 1187.0 -284.4
2248.65 114.0 1200.0 -284.4
2248.65 114.0 1200.0 -284.4
2249.89 118.0 1186.0 -284.4
2250.08 117.0 1183.0 -284.4
2250.73 115.0 1191.0 -284.4
2250.77 115.0 1189.0 -284.4
2250.77 115.0 1189.0 -284.4
2252.42 119.0 1232.0 -286.8
2252.42 119.0 1232.0 -286.8
2252.78 118.0 1226.0 -286.8
2253.5 118.0 1211.0 -286.8
2253.5 118.0 1211.0 -286.8
2255.23 119.0 1208.0 -286.8
2255.39 120.0 1205.0 -286.8
2255.71 117.0 1221.0 -286.8
2256.02 117.0 1215.0 -286.8
2256.55 118.0 1203.0 -286.8
2257.55 117.0 1182.0 -284.4
2257.55 117.0 1182.0 -284.4
2258.62 116.0 1217.0 -286.8
2258.95 116.0 1210.0 -286.8
2258.99 116.0 1208.0 -286.8
2259.61 116.0 1206.0 -286.8
2261.07 117.0 1199.0 -286.8
2261.24 118.0 1196.0 -286.8
2262.92 115.0 1212.0 -286.8
2263.27 115.0 1206.0 -286.8
2263.32 115.0 1204.0 -286.8
2264.52 119.0 1192.0 -286.8
2264.97 118.0 1193.0 -286.8
2265.4 116.0 1195.0 -286.8
2265.4 116.0 1195.0 -286.8
2266.72 120.0 1245.0 -289.2
2266.72 120.0 1245.0 -289.2
2267.31 117.0 1191.0 -286.8
2268.39 119.0 1221.0 -289.2
2269.67 121.0 1217.0 -289.2
2270.01 118.0 1234.0 -289.2
2270.34 118.0 1227.0 -289.2
2270.68 118.0 1219.0 -289.2
2271.51 122.0 1215.0 -289.2
2271.51 122.0 1215.0 -289.2
2272.18 118.0 1188.0 -286.8
2272.18 118.0 1188.0 -286.8
2273.25 117.0 1223.0 -289.2
2273.62 117.0 1214.0 -289.2
2273.78 118.0 1211.0 -289.2
2275.51 119.0 1208.0 -289.2
2276.15 117.0 1190.0 -286.8
2277.22 116.0 1225.0 -289.2
2277.55 116.0 1218.0 -289.2
2277.59 116.0 1216.0 -289.2
2277.94 116.0 1210.0 -289.2
2278.79 120.0 1204.0 -289.2
2281.16 122.0 1254.0 -291.6
2281.16 122.0 1254.0 -291.6
2281.35 121.0 1251.0 -291.6
2281.59 118.0 1203.0 -289.2
2281.75 119.0 1200.0 -289.2
2282.67 120.0 1233.0 -291.6
2282.83 121.0 1230.0 -291.6
2282.83 121.0 1230.0 -291.6
2284.57 122.0 1227.0 -291.6
2284.64 119.0 1240.0 -291.6
2284.68 119.0 1238.0 -291.6
2285.48 121.0 1198.0 -289.2
2286.41 123.0 1225.0 -291.6
2286.41 123.0 1225.0 -291.6
2286.62 120.0 1197.0 -289.2
2288.51 118.0 1224.0 -291.6
2289.41 118.0 1196.0 -289.2
2291.85 117.0 1231.0 -291.6
2291.89 117.0 1229.0 -291.6
2292.22 117.0 1222.0 -291.6
2292.84 117.0 1220.0 -291.6
2292.84 117.0 1220.0 -291.6
2294.13 118.0 1218.0 -291.6
2294.29 119.0 1215.0 -291.6
2295.79 123.0 1260.0 -294.0
2295.79 123.0 1260.0 -294.0
2296.03 120.0 1212.0 -291.6
2296.43 120.0 1195.0 -289.2
2296.43 120.0 1195.0 -289.2
2297.87 121.0 1210.0 -291.6
2297.87 121.0 1210.0 -291.6
2297.99 120.0 1247.0 -294.0
2297.99 120.0 1247.0 -294.0
2299.31 120.0 1244.0 -294.0
2299.9 120.0 1241.0 -294.0
2300.38 122.0 1208.0 -291.6
2300.69 124.0 1237.0 -294.0
2300.81 118.0 1209.0 -291.6
2302.36 120.0 1236.0 -294.0
2302.71 121.0 1206.0 -291.6
2303.17 120.0 1207.0 -291.6
2303.28 119.0 1246.0 -294.0
2303.61 119.0 1239.0 -294.0
2303.85 120.0 1205.0 -291.6
2305.93 117.0 1213.0 -291.6
2305.93 117.0 1213.0 -291.6
2306.52 118.0 1235.0 -294.0
2307.12 118.0 1232.0 -294.0
2307.12 118.0 1232.0 -294.0
2308.42 120.0 1229.0 -294.0
2309.03 119.0 1228.0 -294.0
2309.03 119.0 1228.0 -294.0
2310.38 120.0 1202.0 -291.6
2310.38 120.0 1202.0 -291.6
2310.46 124.0 1264.0 -296.4
2311.41 123.0 1255.0 -296.4
2312.77 122.0 1220.0 -294.0
2314.2 121.0 1254.0 -296.4
2315.25 120.0 1218.0 -294.0
2317.25 121.0 1246.0 -296.4
2317.61 122.0 1216.0 -294.0
2317.91 120.0 1252.0 -296.4
2318.13 121.0 1217.0 -294.0
2318.51 120.0 1249.0 -296.4
2318.51 120.0 1249.0 -296.4
2320.37 119.0 1222.0 -294.0
2320.53 122.0 1242.0 -296.4
2320.56 118.0 1219.0 -294.0
2321.2 125.0 1241.0 -296.4
2321.2 125.0 1241.0 -296.4
2321.32 121.0 1214.0 -294.0
2321.42 119.0 1245.0 -296.4
2322.45 120.0 1213.0 -294.0
2323.33 120.0 1241.0 -296.4
2324.82 122.0 1211.0 -294.0
2324.82 122.0 1211.0 -294.0
2325.22 122.0 1235.0 -296.4
2325.36 125.0 1274.0 -298.8
2327.3 119.0 1243.0 -296.4
2327.63 119.0 1236.0 -296.4
2328.15 123.0 1273.0 -298.8
2328.98 120.0 1210.0 -294.0
2329.53 121.0 1230.0 -296.4
2331.86 122.0 1271.0 -298.8
2332.35 122.0 1261.0 -298.8
2332.81 121.0 1262.0 -298.8
2333.02 122.0 1227.0 -296.4
2333.73 124.0 1226.0 -296.4
2334.26 123.0 1257.0 -298.8
2334.71 122.0 1258.0 -298.8
2335.86 121.0 1254.0 -298.8
2336.21 122.0 1224.0 -296.4
2337.35 121.0 1223.0 -296.4
2339.02 121.0 1253.0 -298.8
2339.71 123.0 1221.0 -296.4
2341.27 120.0 1259.0 -298.8
2341.28 122.0 1222.0 -296.4
2341.48 127.0 1284.0 -301.2
2341.48 127.0 1284.0 -301.2
2341.65 120.0 1255.0 -298.8
2342.29 119.0 1228.0 -296.4
2343.42 122.0 1219.0 -296.4
2343.42 122.0 1219.0 -296.4
2343.83 122.0 1243.0 -298.8
2345.87 126.0 1278.0 -301.2
2346.22 121.0 1248.0 -298.8
2346.76 123.0 1281.0 -301.2
2347.25 123.0 1271.0 -301.2
2348.76 122.0 1239.0 -298.8
2349.15 124.0 1267.0 -301.2
2350.49 123.0 1236.0 -298.8
2352.33 124.0 1234.0 -298.8
2352.33 124.0 1234.0 -298.8
2352.66 122.0 1276.0 -301.2
2353.04 122.0 1272.0 -301.2
2353.32 122.0 1266.0 -301.2
2353.99 124.0 1233.0 -298.8
2355.83 125.0 1231.0 -298.8
2355.83 125.0 1231.0 -298.8
2356.09 122.0 1264.0 -301.2
2356.18 123.0 1232.0 -298.8
2357.18 120.0 1238.0 -298.8
2358.32 123.0 1229.0 -298.8
2358.73 124.0 1256.0 -301.2
2358.73 124.0 1256.0 -301.2
2361.19 125.0 1290.0 -303.6
2361.5 121.0 1269.0 -301.2
2361.79 121.0 1263.0 -301.2
2361.99 128.0 1288.0 -303.6
2362.24 124.0 1228.0 -298.8
2364.11 122.0 1230.0 -298.8
2364.87 121.0 1233.0 -298.8
2365.73 127.0 1279.0 -303.6
2366.61 124.0 1295.0 -303.6
2366.61 124.0 1295.0 -303.6
2366.61 125.0 1246.0 -301.2
2366.98 124.0 1291.0 -303.6
2367.1 124.0 1285.0 -303.6
2367.76 124.0 1275.0 -303.6
2367.76 124.0 1275.0 -303.6
2369.32 125.0 1245.0 -301.2
2369.32 125.0 1245.0 -301.2
2369.54 123.0 1228.0 -298.8
2370.11 126.0 1243.0 -301.2
2370.45 124.0 1244.0 -301.2
2371.46 121.0 1250.0 -301.2
2372.3 125.0 1242.0 -301.2
2372.89 123.0 1286.0 -303.6
2372.89 123.0 1286.0 -303.6
2374.44 125.0 1239.0 -301.2
2374.44 125.0 1239.0 -301.2
2375.94 123.0 1278.0 -303.6
2376.6 123.0 1268.0 -303.6
2377.14 125.0 1238.0 -301.2
2377.41 121.0 1248.0 -301.2
2379.01 124.0 1265.0 -303.6
2379.68 129.0 1298.0 -306.0
2379.94 128.0 1306.0 -306.0
2379.94 128.0 1306.0 -306.0
2380.23 124.0 1240.0 -301.2
2381.05 126.0 1304.0 -306.0
2381.42 126.0 1300.0 -306.0
2381.42 126.0 1300.0 -306.0
2383.25 122.0 1280.0 -303.6
2383.54 122.0 1274.0 -303.6
2383.91 122.0 1270.0 -303.6
2383.97 125.0 1237.0 -301.2
2383.97 125.0 1237.0 -301.2
2384.41 127.0 1256.0 -303.6
2385.44 127.0 1255.0 -303.6
2386.57 126.0 1254.0 -303.6
2386.84 125.0 1305.0 -306.0
2387.12 125.0 1299.0 -306.0
2387.61 125.0 1289.0 -306.0
2388.71 126.0 1251.0 -303.6
2389.68 125.0 1253.0 -303.6
2390.92 123.0 1257.0 -303.6
2391.42 126.0 1250.0 -303.6
2392.3 128.0 1276.0 -306.0
2393.17 126.0 1280.0 -306.0
2393.26 127.0 1248.0 -303.6
2393.4 124.0 1290.0 -306.0
2393.86 124.0 1288.0 -306.0
2394.5 125.0 1252.0 -303.6
2394.66 126.0 1249.0 -303.6
2396.83 129.0 1272.0 -306.0
2397.17 128.0 1314.0 -308.4
2397.54 128.0 1310.0 -308.4
2397.98 124.0 1283.0 -306.0
2398.5 131.0 1307.0 -308.4
2398.87 126.0 1247.0 -303.6
2398.87 126.0 1247.0 -303.6
2399.16 122.0 1259.0 -303.6
2399.74 128.0 1268.0 -306.0
2400.19 130.0 1302.0 -308.4
2401.25 126.0 1266.0 -306.0
2401.28 127.0 1314.0 -308.4
2401.56 127.0 1308.0 -308.4
2402.71 124.0 1281.0 -306.0
2403.01 127.0 1264.0 -306.0
2403.76 123.0 1284.0 -306.0
2403.96 126.0 1265.0 -306.0
2404.22 123.0 1282.0 -306.0
2405.72 127.0 1263.0 -306.0
2406.66 127.0 1297.0 -308.4
2407.35 126.0 1309.0 -308.4
2407.54 128.0 1260.0 -306.0
2407.81 126.0 1307.0 -308.4
2408.3 126.0 1297.0 -308.4
2408.94 127.0 1261.0 -306.0
2410.84 130.0 1291.0 -308.4
2411.13 130.0 1285.0 -308.4
2411.41 126.0 1262.0 -306.0
2413.15 127.0 1259.0 -306.0
2413.15 127.0 1259.0 -306.0
2413.44 123.0 1271.0 -306.0
2413.49 128.0 1258.0 -306.0
2414.09 125.0 1298.0 -308.4
2414.99 128.0 1257.0 -306.0
2415.21 127.0 1286.0 -308.4
2416.37 130.0 1319.0 -310.8
2417.01 125.0 1294.0 -308.4
2417.4 129.0 1324.0 -310.8
2417.4 129.0 1324.0 -310.8
2418.2 125.0 1293.0 -308.4
2418.26 127.0 1278.0 -308.4
2418.93 130.0 1277.0 -308.4
2419.1 127.0 1257.0 -306.0
2420.08 128.0 1275.0 -308.4
2421.79 128.0 1318.0 -310.8
2421.84 129.0 1273.0 -308.4
2422.24 128.0 1316.0 -310.8
2422.62 128.0 1312.0 -310.8
2422.93 129.0 1304.0 -310.8
2423.24 128.0 1274.0 -308.4
2424.45 124.0 1292.0 -308.4
2424.45 124.0 1292.0 -308.4
2425.69 127.0 1274.0 -308.4
2425.85 124.0 1287.0 -308.4
2426.23 130.0 1302.0 -310.8
2427.74 124.0 1284.0 -308.4
2427.74 124.0 1284.0 -308.4
2427.77 129.0 1270.0 -308.4
2428.03 127.0 1317.0 -310.8
2428.77 128.0 1302.0 -310.8
2429.27 129.0 1269.0 -308.4
2429.65 129.0 1295.0 -310.8
2431.45 127.0 1303.0 -310.8
2431.49 130.0 1293.0 -310.8
2432.19 128.0 1271.0 -308.4
2433.23 131.0 1290.0 -310.8
2434.38 129.0 1288.0 -310.8
2434.4 125.0 1277.0 -308.4
2435.22 129.0 1267.0 -308.4
2435.22 129.0 1267.0 -308.4
2436.22 131.0 1333.0 -313.2
2436.22 131.0 1333.0 -313.2
2437.33 132.0 1325.0 -313.2
2437.62 132.0 1319.0 -313.2
2438.74 130.0 1322.0 -313.2
2438.89 126.0 1301.0 -310.8
2439.16 131.0 1287.0 -310.8
2440.66 131.0 1286.0 -310.8
2440.66 131.0 1286.0 -310.8
2441.81 129.0 1284.0 -310.8
2442.07 130.0 1283.0 -310.8
2442.18 131.0 1317.0 -313.2
2442.47 129.0 1326.0 -313.2
2443.57 130.0 1282.0 -310.8
2443.9 131.0 1310.0 -313.2
2444.35 131.0 1308.0 -313.2
2445.77 131.0 1305.0 -313.2
2447.35 129.0 1316.0 -313.2
2447.6 125.0 1298.0 -310.8
2447.96 129.0 1311.0 -313.2
2448.71 126.0 1290.0 -310.8
2449.5 130.0 1279.0 -310.8
2449.5 130.0 1279.0 -310.8
2449.78 128.0 1328.0 -313.2
2449.78 128.0 1328.0 -313.2
2451.18 128.0 1323.0 -313.2
2451.67 128.0 1313.0 -313.2
2451.72 131.0 1303.0 -313.2
2452.42 129.0 1281.0 -310.8
2453.19 130.0 1301.0 -313.2
2453.46 132.0 1300.0 -313.2
2454.61 130.0 1298.0 -313.2
2456.11 130.0 1297.0 -313.2
2456.74 132.0 1337.0 -315.6
2457.47 133.0 1333.0 -315.6
2457.47 133.0 1333.0 -315.6
2458.3 133.0 1327.0 -315.6
2458.3 133.0 1327.0 -315.6
2458.59 131.0 1336.0 -315.6
2458.99 127.0 1315.0 -313.2
2459.04 129.0 1299.0 -313.2
2460.89 132.0 1296.0 -313.2
2460.89 132.0 1296.0 -313.2
2461.12 132.0 1325.0 -315.6
2461.3 131.0 1335.0 -315.6
2461.3 131.0 1335.0 -315.6
2462.04 130.0 1294.0 -313.2
2463.14 128.0 1299.0 -313.2
2463.8 131.0 1292.0 -313.2
2463.8 131.0 1292.0 -313.2
2464.21 132.0 1322.0 -315.6
2464.22 130.0 1337.0 -315.6
2464.58 132.0 1318.0 -315.6
2465.62 130.0 1332.0 -315.6
2466.0 132.0 1315.0 -315.6
2467.5 132.0 1314.0 -315.6
2467.5 132.0 1314.0 -315.6
2468.56 127.0 1304.0 -313.2
2469.69 130.0 1320.0 -315.6
2469.69 130.0 1320.0 -315.6
2471.61 131.0 1314.0 -315.6
2472.93 129.0 1334.0 -315.6
2473.45 132.0 1312.0 -315.6
2475.19 133.0 1309.0 -315.6
2475.19 133.0 1309.0 -315.6
2475.97 131.0 1311.0 -315.6
2476.34 131.0 1307.0 -315.6
2477.42 133.0 1345.0 -318.0
2477.7 134.0 1343.0 -318.0
2478.15 134.0 1341.0 -318.0
2478.15 134.0 1341.0 -318.0
2478.53 134.0 1337.0 -318.0
2478.84 133.0 1342.0 -318.0
2479.26 130.0 1309.0 -315.6
2479.95 134.0 1334.0 -318.0
2480.34 132.0 1347.0 -318.0
2480.34 132.0 1347.0 -318.0
2480.85 134.0 1328.0 -318.0
2481.74 132.0 1342.0 -318.0
2482.87 133.0 1336.0 -318.0
2483.0 129.0 1313.0 -315.6
2483.64 132.0 1339.0 -318.0
2483.64 132.0 1339.0 -318.0
2483.65 132.0 1306.0 -315.6
2483.65 132.0 1306.0 -315.6
2484.44 133.0 1332.0 -318.0
2485.85 133.0 1329.0 -318.0
2485.85 133.0 1329.0 -318.0
2486.59 132.0 1338.0 -318.0
2487.37 131.0 1343.0 -318.0
2487.73 133.0 1324.0 -318.0
2488.76 132.0 1329.0 -318.0
2488.76 132.0 1329.0 -318.0
2490.65 132.0 1326.0 -318.0
2490.65 132.0 1326.0 -318.0
2492.1 131.0 1336.0 -318.0
2492.1 131.0 1336.0 -318.0
2494.39 131.0 1330.0 -318.0
2494.39 131.0 1330.0 -318.0
2495.04 134.0 1323.0 -318.0
2496.2 132.0 1321.0 -318.0
2496.2 132.0 1321.0 -318.0
2498.38 135.0 1351.0 -320.4
2498.38 135.0 1351.0 -320.4
2499.12 131.0 1323.0 -318.0
2499.8 135.0 1348.0 -320.4
2500.57 134.0 1351.0 -320.4
2501.3 135.0 1347.0 -320.4
2501.68 135.0 1343.0 -320.4
2502.71 134.0 1348.0 -320.4
2503.49 133.0 1353.0 -320.4
2503.49 133.0 1353.0 -320.4
2504.6 134.0 1345.0 -320.4
2507.58 134.0 1338.0 -320.4
2507.58 134.0 1338.0 -320.4
2508.34 133.0 1349.0 -320.4
2508.34 133.0 1349.0 -320.4
2510.51 133.0 1340.0 -320.4
2510.51 133.0 1340.0 -320.4
2521.53 136.0 1357.0 -322.8
2521.53 136.0 1357.0 -322.8
2524.46 135.0 1359.0 -322.8
2524.46 135.0 1359.0 -322.8
