2439.56 135.0 1290.0 -308.4
2439.56 135.0 1290.0 -308.4
2454.0 137.0 1299.0 -310.8
2454.46 136.0 1300.0 -310.8
2454.46 136.0 1300.0 -310.8
2462.31 138.0 1289.0 -310.8
2462.31 138.0 1289.0 -310.8
2467.0 136.0 1315.0 -313.2
2467.0 136.0 1315.0 -313.2
2468.9 138.0 1309.0 -313.2
2471.36 138.0 1306.0 -313.2
2471.36 138.0 1306.0 -313.2
2476.13 138.0 1305.0 -313.2
2476.26 138.0 1296.0 -313.2
2476.26 138.0 1296.0 -313.2
2482.03 136.0 1323.0 -315.6
2482.03 136.0 1323.0 -315.6
2482.62 138.0 1294.0 -313.2
2482.62 138.0 1294.0 -313.2
2483.9 138.0 1321.0 -315.6
2485.93 139.0 1313.0 -315.6
2488.8 138.0 1311.0 -315.6
2490.69 140.0 1305.0 -315.6
2490.69 140.0 1305.0 -315.6
2493.92 138.0 1309.0 -315.6
2494.11 140.0 1303.0 -315.6
2494.11 140.0 1303.0 -315.6
2497.52 139.0 1304.0 -315.6
2499.52 140.0 1300.0 -315.6
2500.83 140.0 1323.0 -318.0
2502.64 138.0 1339.0 -318.0
2502.64 138.0 1339.0 -318.0
2503.05 139.0 1301.0 -315.6
2503.79 141.0 1320.0 -318.0
2505.94 135.0 1331.0 -318.0
2505.94 135.0 1331.0 -318.0
2506.66 140.0 1318.0 -318.0
2506.66 140.0 1318.0 -318.0
2507.7 138.0 1327.0 -318.0
2508.55 142.0 1312.0 -318.0
2508.55 142.0 1312.0 -318.0
2509.98 138.0 1300.0 -315.6
2511.12 138.0 1325.0 -318.0
2511.12 138.0 1325.0 -318.0
2515.53 137.0 1322.0 -318.0
2515.59 141.0 1308.0 -318.0
2518.69 142.0 1330.0 -320.4
2520.5 140.0 1346.0 -320.4
2520.71 139.0 1309.0 -318.0
2521.55 141.0 1328.0 -320.4
2522.73 138.0 1335.0 -320.4
2523.45 143.0 1322.0 -320.4
2523.92 138.0 1307.0 -318.0
2523.92 138.0 1307.0 -318.0
2525.6 137.0 1320.0 -318.0
2526.55 137.0 1347.0 -320.4
2526.55 137.0 1347.0 -320.4
2530.42 138.0 1332.0 -320.4
2531.38 137.0 1326.0 -320.4
2533.25 139.0 1324.0 -320.4
2535.22 136.0 1338.0 -320.4
2535.22 136.0 1338.0 -320.4
2539.34 141.0 1345.0 -322.8
2539.34 141.0 1345.0 -322.8
2540.59 140.0 1342.0 -322.8
2540.71 144.0 1335.0 -322.8
2541.45 138.0 1357.0 -322.8
2541.45 138.0 1357.0 -322.8
2542.39 143.0 1338.0 -322.8
2543.98 141.0 1313.0 -320.4
2544.99 138.0 1317.0 -320.4
2544.99 138.0 1317.0 -320.4
2547.46 139.0 1336.0 -322.8
2548.15 140.0 1334.0 -322.8
2548.28 139.0 1332.0 -322.8
2550.12 137.0 1348.0 -322.8
2551.11 141.0 1331.0 -322.8
2552.71 137.0 1343.0 -322.8
2554.18 141.0 1329.0 -322.8
2554.18 141.0 1329.0 -322.8
2555.77 140.0 1311.0 -320.4
2556.74 145.0 1348.0 -325.2
2556.74 145.0 1348.0 -325.2
2557.91 142.0 1355.0 -325.2
2558.47 146.0 1347.0 -325.2
2558.47 146.0 1347.0 -325.2
2559.76 142.0 1352.0 -325.2
2559.76 142.0 1352.0 -325.2
2562.66 137.0 1363.0 -325.2
2563.36 146.0 1337.0 -325.2
2565.21 139.0 1344.0 -325.2
2568.87 142.0 1316.0 -322.8
2568.87 142.0 1316.0 -322.8
2570.67 141.0 1321.0 -322.8
2570.98 147.0 1334.0 -325.2
2570.98 147.0 1334.0 -325.2
2571.73 136.0 1361.0 -325.2
2572.52 141.0 1341.0 -325.2
2573.98 141.0 1337.0 -325.2
2574.67 145.0 1350.0 -327.6
2575.45 145.0 1333.0 -325.2
2575.45 145.0 1333.0 -325.2
2576.33 139.0 1373.0 -327.6
2576.86 143.0 1315.0 -322.8
2577.04 138.0 1353.0 -325.2
2580.11 140.0 1354.0 -327.6
2580.77 137.0 1358.0 -325.2
2581.04 142.0 1349.0 -327.6
2585.29 141.0 1326.0 -325.2
2585.88 148.0 1344.0 -327.6
2587.0 137.0 1378.0 -327.6
2587.0 137.0 1378.0 -327.6
2589.58 138.0 1368.0 -327.6
2590.81 143.0 1322.0 -325.2
2592.06 147.0 1379.0 -330.0
2592.06 147.0 1379.0 -330.0
2593.97 143.0 1320.0 -325.2
2594.33 142.0 1343.0 -327.6
2595.11 141.0 1341.0 -327.6
2596.07 136.0 1376.0 -327.6
2596.07 136.0 1376.0 -327.6
2596.94 141.0 1389.0 -330.0
2598.52 137.0 1366.0 -327.6
2599.26 140.0 1392.0 -330.0
2599.26 140.0 1392.0 -330.0
2599.73 149.0 1353.0 -330.0
2600.18 142.0 1336.0 -327.6
2603.22 141.0 1371.0 -330.0
2605.08 142.0 1330.0 -327.6
2605.33 138.0 1383.0 -330.0
2606.1 141.0 1367.0 -330.0
2606.6 144.0 1365.0 -330.0
2607.91 143.0 1327.0 -327.6
2607.91 143.0 1327.0 -327.6
2608.86 140.0 1374.0 -330.0
2610.09 144.0 1351.0 -330.0
2610.34 150.0 1375.0 -332.4
2610.97 137.0 1386.0 -330.0
2611.5 143.0 1406.0 -332.4
2612.96 139.0 1375.0 -330.0
2614.53 143.0 1403.0 -332.4
2615.35 143.0 1401.0 -332.4
2615.94 142.0 1399.0 -332.4
2617.59 151.0 1360.0 -332.4
2617.59 151.0 1360.0 -332.4
2618.55 138.0 1370.0 -330.0
2619.46 141.0 1356.0 -330.0
2619.71 143.0 1369.0 -332.4
2620.75 140.0 1369.0 -330.0
2621.41 140.0 1405.0 -332.4
2622.86 137.0 1381.0 -330.0
2622.86 137.0 1381.0 -330.0
2622.99 145.0 1339.0 -330.0
2625.77 145.0 1334.0 -330.0
2626.11 149.0 1354.0 -332.4
2626.97 143.0 1361.0 -332.4
2627.76 142.0 1359.0 -332.4
2628.44 146.0 1346.0 -332.4
2632.49 152.0 1370.0 -334.8
2632.68 145.0 1413.0 -334.8
2633.45 139.0 1380.0 -332.4
2635.11 143.0 1413.0 -334.8
2635.35 144.0 1335.0 -330.0
2640.12 144.0 1384.0 -334.8
2640.89 144.0 1349.0 -332.4
2642.9 138.0 1385.0 -332.4
2642.9 138.0 1385.0 -332.4
2643.31 152.0 1359.0 -334.8
2645.59 150.0 1362.0 -334.8
2645.59 150.0 1362.0 -334.8
2646.38 151.0 1381.0 -337.2
2647.61 146.0 1366.0 -334.8
2650.28 150.0 1387.0 -337.2
2650.28 150.0 1387.0 -337.2
2652.2 140.0 1400.0 -334.8
2653.2 146.0 1342.0 -332.4
2653.2 146.0 1342.0 -332.4
2655.03 152.0 1378.0 -337.2
2655.97 150.0 1350.0 -334.8
2655.97 150.0 1350.0 -334.8
2657.8 139.0 1395.0 -334.8
2660.3 140.0 1388.0 -334.8
2660.49 151.0 1372.0 -337.2
2661.03 143.0 1431.0 -337.2
2663.15 139.0 1386.0 -334.8
2663.76 141.0 1406.0 -337.2
2663.76 141.0 1406.0 -337.2
2667.7 143.0 1403.0 -337.2
2668.1 147.0 1352.0 -334.8
2669.83 153.0 1392.0 -339.6
2670.98 151.0 1371.0 -337.2
2671.67 154.0 1390.0 -339.6
2671.67 154.0 1390.0 -339.6
2672.4 141.0 1393.0 -337.2
2672.4 141.0 1393.0 -337.2
2673.1 149.0 1412.0 -339.6
2673.1 149.0 1412.0 -339.6
2674.43 146.0 1372.0 -337.2
2674.65 149.0 1365.0 -337.2
2677.58 142.0 1427.0 -339.6
2678.04 140.0 1396.0 -337.2
2678.25 148.0 1358.0 -337.2
2679.91 150.0 1382.0 -339.6
2681.77 148.0 1407.0 -339.6
2682.17 153.0 1377.0 -339.6
2683.0 149.0 1400.0 -339.6
2683.13 150.0 1356.0 -337.2
2683.13 150.0 1356.0 -337.2
2683.76 143.0 1423.0 -339.6
2685.95 144.0 1420.0 -339.6
2687.69 155.0 1399.0 -342.0
2689.3 151.0 1373.0 -339.6
2690.48 147.0 1402.0 -339.6
2691.72 151.0 1421.0 -342.0
2693.46 144.0 1395.0 -339.6
2695.44 144.0 1434.0 -342.0
2695.65 151.0 1364.0 -339.6
2695.65 151.0 1364.0 -339.6
2697.53 148.0 1380.0 -339.6
2698.66 144.0 1433.0 -342.0
2698.98 149.0 1410.0 -342.0
2700.36 144.0 1411.0 -342.0
2701.36 151.0 1457.0 -344.4
2701.36 151.0 1457.0 -344.4
2701.84 151.0 1388.0 -342.0
2703.05 143.0 1447.0 -342.0
2703.05 143.0 1447.0 -342.0
2703.88 155.0 1414.0 -344.4
2704.77 147.0 1407.0 -342.0
2706.96 145.0 1407.0 -342.0
2707.68 154.0 1428.0 -344.4
2709.97 141.0 1395.0 -339.6
2710.54 152.0 1374.0 -342.0
2711.51 148.0 1432.0 -344.4
2712.36 150.0 1383.0 -342.0
2714.36 153.0 1402.0 -344.4
2716.74 152.0 1398.0 -344.4
2716.74 152.0 1398.0 -344.4
2717.65 147.0 1397.0 -342.0
2717.65 147.0 1397.0 -342.0
2719.22 153.0 1464.0 -346.8
2719.49 153.0 1396.0 -344.4
2721.47 152.0 1442.0 -346.8
2721.85 154.0 1391.0 -344.4
2722.45 156.0 1424.0 -346.8
2722.7 151.0 1376.0 -342.0
2723.09 152.0 1389.0 -344.4
2723.82 145.0 1429.0 -344.4
2726.6 152.0 1373.0 -342.0
2726.6 152.0 1373.0 -342.0
2727.57 145.0 1391.0 -342.0
2728.65 148.0 1454.0 -346.8
2728.65 148.0 1454.0 -346.8
2729.91 150.0 1443.0 -346.8
2731.38 154.0 1384.0 -344.4
2731.7 142.0 1404.0 -342.0
2731.88 155.0 1419.0 -346.8
2733.54 143.0 1428.0 -344.4
2735.45 145.0 1409.0 -344.4
2736.05 147.0 1455.0 -346.8
2736.61 149.0 1445.0 -346.8
2737.34 157.0 1434.0 -349.2
2738.92 154.0 1405.0 -346.8
2740.77 147.0 1401.0 -344.4
2741.61 146.0 1450.0 -346.8
2741.68 147.0 1436.0 -346.8
2743.81 146.0 1432.0 -346.8
2745.79 152.0 1415.0 -346.8
2745.79 152.0 1415.0 -346.8
2746.6 143.0 1414.0 -344.4
2746.6 143.0 1414.0 -344.4
2749.37 157.0 1430.0 -349.2
2749.37 157.0 1430.0 -349.2
2752.29 149.0 1473.0 -349.2
2752.29 149.0 1473.0 -349.2
2753.57 158.0 1426.0 -349.2
2753.57 158.0 1426.0 -349.2
2755.35 154.0 1392.0 -346.8
2755.35 154.0 1392.0 -346.8
2756.04 148.0 1459.0 -349.2
2756.05 158.0 1446.0 -351.6
2756.89 155.0 1413.0 -349.2
2757.56 150.0 1426.0 -346.8
2757.6 147.0 1417.0 -346.8
2758.34 144.0 1425.0 -346.8
2758.34 144.0 1425.0 -346.8
2759.87 148.0 1453.0 -349.2
2760.23 147.0 1410.0 -346.8
2762.07 153.0 1475.0 -351.6
2764.39 152.0 1478.0 -351.6
2764.69 153.0 1419.0 -349.2
2767.12 152.0 1477.0 -351.6
2768.56 151.0 1483.0 -351.6
2769.48 154.0 1404.0 -349.2
2770.15 151.0 1480.0 -351.6
2771.34 147.0 1439.0 -349.2
2773.21 156.0 1399.0 -349.2
2773.21 156.0 1399.0 -349.2
2773.98 147.0 1425.0 -349.2
2774.75 157.0 1420.0 -351.6
2776.31 150.0 1421.0 -349.2
2777.25 160.0 1463.0 -354.0
2778.64 154.0 1430.0 -351.6
2782.08 146.0 1430.0 -349.2
2782.39 155.0 1488.0 -354.0
2783.23 159.0 1456.0 -354.0
2783.23 159.0 1456.0 -354.0
2785.34 155.0 1479.0 -354.0
2786.42 153.0 1490.0 -354.0
2786.42 153.0 1490.0 -354.0
2787.02 148.0 1424.0 -349.2
2787.14 157.0 1416.0 -351.6
2787.65 155.0 1411.0 -351.6
2789.15 153.0 1489.0 -354.0
2789.7 145.0 1437.0 -349.2
2790.63 151.0 1441.0 -351.6
2791.21 151.0 1431.0 -351.6
2794.94 157.0 1408.0 -351.6
2794.94 157.0 1408.0 -351.6
2795.64 152.0 1471.0 -354.0
2795.96 161.0 1475.0 -356.4
2796.98 147.0 1440.0 -351.6
2796.98 147.0 1440.0 -351.6
2797.74 157.0 1435.0 -354.0
2798.47 148.0 1435.0 -351.6
2798.87 158.0 1427.0 -354.0
2800.53 154.0 1452.0 -354.0
2800.53 154.0 1452.0 -354.0
2801.09 161.0 1463.0 -356.4
2801.79 157.0 1434.0 -354.0
2802.55 158.0 1474.0 -356.4
2802.84 159.0 1455.0 -356.4
2803.72 157.0 1422.0 -354.0
2803.72 157.0 1422.0 -354.0
2804.37 155.0 1445.0 -354.0
2806.73 155.0 1503.0 -356.4
2806.73 155.0 1503.0 -356.4
2809.84 158.0 1418.0 -354.0
2810.15 159.0 1436.0 -356.4
2810.97 154.0 1439.0 -354.0
2811.72 146.0 1449.0 -351.6
2811.72 146.0 1449.0 -351.6
2813.48 153.0 1476.0 -356.4
2813.48 153.0 1476.0 -356.4
2814.2 149.0 1465.0 -354.0
2814.2 149.0 1465.0 -354.0
2816.26 157.0 1437.0 -356.4
2816.59 150.0 1423.0 -351.6
2817.59 149.0 1456.0 -354.0
2818.61 152.0 1481.0 -356.4
2819.19 159.0 1499.0 -358.8
2820.72 161.0 1472.0 -358.8
2821.58 159.0 1429.0 -356.4
2821.58 159.0 1429.0 -356.4
2822.37 151.0 1467.0 -356.4
2822.38 158.0 1433.0 -356.4
2823.54 162.0 1469.0 -358.8
2823.54 162.0 1469.0 -358.8
2826.4 148.0 1447.0 -354.0
2826.4 148.0 1447.0 -354.0
2826.9 160.0 1461.0 -358.8
2827.94 156.0 1487.0 -358.8
2828.73 159.0 1457.0 -358.8
2831.61 151.0 1456.0 -356.4
2832.7 155.0 1448.0 -356.4
2834.12 159.0 1444.0 -358.8
2834.91 155.0 1486.0 -358.8
2836.14 150.0 1461.0 -356.4
2837.09 152.0 1448.0 -356.4
2838.95 150.0 1456.0 -356.4
2841.52 149.0 1462.0 -356.4
2841.52 149.0 1462.0 -356.4
2841.76 161.0 1484.0 -361.2
2843.31 157.0 1498.0 -361.2
2843.31 157.0 1498.0 -361.2
2845.06 157.0 1494.0 -361.2
2847.6 156.0 1458.0 -358.8
2851.29 159.0 1441.0 -358.8
2851.66 161.0 1471.0 -361.2
2854.14 158.0 1444.0 -358.8
2854.4 155.0 1483.0 -361.2
2856.85 152.0 1467.0 -358.8
2858.46 159.0 1459.0 -361.2
2861.45 154.0 1461.0 -358.8
2862.22 156.0 1446.0 -358.8
2863.41 155.0 1451.0 -358.8
2864.79 151.0 1466.0 -358.8
2865.33 161.0 1450.0 -361.2
2865.46 160.0 1451.0 -361.2
2866.56 162.0 1481.0 -363.6
2867.76 161.0 1486.0 -363.6
2868.37 151.0 1463.0 -358.8
2868.37 151.0 1463.0 -358.8
2869.41 157.0 1509.0 -363.6
2871.94 156.0 1473.0 -361.2
2873.03 158.0 1499.0 -363.6
2874.7 158.0 1480.0 -363.6
2876.69 153.0 1477.0 -361.2
2878.06 157.0 1470.0 -361.2
2879.89 163.0 1467.0 -363.6
2880.43 159.0 1468.0 -363.6
2881.2 152.0 1482.0 -361.2
2881.98 161.0 1466.0 -363.6
2882.64 153.0 1473.0 -361.2
2885.85 160.0 1520.0 -366.0
2886.19 161.0 1505.0 -366.0
2886.81 152.0 1478.0 -361.2
2887.27 159.0 1516.0 -366.0
2887.44 156.0 1511.0 -363.6
2889.68 164.0 1504.0 -366.0
2889.68 164.0 1504.0 -366.0
2890.62 163.0 1487.0 -366.0
2891.17 162.0 1460.0 -363.6
2892.13 154.0 1470.0 -361.2
2893.51 161.0 1493.0 -366.0
2894.33 160.0 1513.0 -366.0
2894.33 160.0 1513.0 -366.0
2896.15 160.0 1464.0 -363.6
2897.14 160.0 1502.0 -366.0
2897.93 159.0 1502.0 -366.0
2899.05 158.0 1495.0 -366.0
2900.3 155.0 1481.0 -363.6
2903.71 162.0 1475.0 -366.0
2903.71 162.0 1475.0 -366.0
2904.67 154.0 1485.0 -363.6
2905.1 160.0 1482.0 -366.0
2907.65 161.0 1478.0 -366.0
2908.69 160.0 1479.0 -366.0
2909.74 159.0 1483.0 -366.0
2911.04 161.0 1526.0 -368.4
2914.73 163.0 1508.0 -368.4
2914.73 163.0 1508.0 -368.4
2916.23 157.0 1491.0 -366.0
2916.23 157.0 1491.0 -366.0
2916.27 160.0 1520.0 -368.4
2918.58 162.0 1500.0 -368.4
2920.0 161.0 1496.0 -368.4
2920.0 161.0 1496.0 -368.4
2921.59 164.0 1492.0 -368.4
2921.59 164.0 1492.0 -368.4
2922.32 160.0 1499.0 -368.4
2922.33 156.0 1493.0 -366.0
2922.87 159.0 1521.0 -368.4
2925.2 159.0 1518.0 -368.4
2925.2 159.0 1518.0 -368.4
2927.39 161.0 1491.0 -368.4
2928.97 159.0 1517.0 -368.4
2930.64 158.0 1507.0 -368.4
2931.15 163.0 1536.0 -370.8
2932.03 163.0 1485.0 -368.4
2934.08 159.0 1498.0 -368.4
2934.31 163.0 1530.0 -370.8
2934.67 162.0 1537.0 -370.8
2936.05 158.0 1504.0 -368.4
2936.05 158.0 1504.0 -368.4
2936.88 162.0 1536.0 -370.8
2937.84 162.0 1531.0 -370.8
2939.34 164.0 1506.0 -370.8
2939.65 163.0 1517.0 -370.8
2940.49 162.0 1519.0 -370.8
2940.73 161.0 1528.0 -370.8
2941.98 163.0 1514.0 -370.8
2942.12 162.0 1510.0 -370.8
2943.06 161.0 1525.0 -370.8
2944.57 163.0 1500.0 -370.8
2944.57 163.0 1500.0 -370.8
2945.65 161.0 1511.0 -370.8
2948.15 161.0 1509.0 -370.8
2949.66 160.0 1526.0 -370.8
2949.66 160.0 1526.0 -370.8
2953.91 160.0 1511.0 -370.8
2953.91 160.0 1511.0 -370.8
2958.61 163.0 1545.0 -373.2
2958.61 163.0 1545.0 -373.2
2959.84 165.0 1529.0 -373.2
2961.06 164.0 1535.0 -373.2
2961.06 164.0 1535.0 -373.2
2962.17 166.0 1526.0 -373.2
2963.38 163.0 1538.0 -373.2
2963.71 164.0 1523.0 -373.2
2964.79 162.0 1534.0 -373.2
2965.18 165.0 1516.0 -373.2
2966.26 163.0 1527.0 -373.2
2966.44 164.0 1522.0 -373.2
2967.52 162.0 1533.0 -373.2
2967.52 162.0 1533.0 -373.2
2968.92 163.0 1515.0 -373.2
2970.18 162.0 1521.0 -373.2
2984.14 165.0 1544.0 -375.6
2984.32 166.0 1539.0 -375.6
2985.4 164.0 1550.0 -375.6
2985.4 164.0 1550.0 -375.6
2986.64 165.0 1542.0 -375.6
2986.64 165.0 1542.0 -375.6
2988.06 164.0 1538.0 -375.6
2989.52 165.0 1531.0 -375.6
2989.52 165.0 1531.0 -375.6
2990.79 164.0 1537.0 -375.6
3008.67 166.0 1554.0 -378.0
3008.67 166.0 1554.0 -378.0
