2563.64 132.0 1301.0 -315.6
2563.64 132.0 1301.0 -315.6
2577.1 134.0 1305.0 -318.0
2580.95 132.0 1311.0 -318.0
2586.86 133.0 1305.0 -318.0
2593.38 136.0 1311.0 -320.4
2594.43 132.0 1320.0 -320.4
2600.32 135.0 1309.0 -320.4
2609.31 137.0 1318.0 -322.8
2610.18 138.0 1315.0 -322.8
2612.31 134.0 1337.0 -322.8
2617.12 137.0 1313.0 -322.8
2625.74 136.0 1331.0 -325.2
2627.17 139.0 1325.0 -325.2
2628.04 140.0 1322.0 -325.2
2633.4 139.0 1319.0 -325.2
2636.65 134.0 1352.0 -325.2
2642.83 142.0 1334.0 -327.6
2645.05 141.0 1342.0 -327.6
2651.04 137.0 1357.0 -327.6
2656.24 140.0 1326.0 -327.6
2656.24 140.0 1326.0 -327.6
2667.13 138.0 1337.0 -327.6
2669.39 141.0 1333.0 -330.0
2670.48 132.0 1357.0 -327.6
2679.55 134.0 1361.0 -330.0
2682.61 143.0 1352.0 -332.4
2691.96 136.0 1384.0 -332.4
2692.22 142.0 1340.0 -332.4
2693.69 133.0 1361.0 -330.0
2696.82 145.0 1366.0 -334.8
2697.18 144.0 1353.0 -334.8
2702.01 139.0 1392.0 -334.8
2709.1 134.0 1370.0 -332.4
2710.08 144.0 1347.0 -334.8
2715.06 146.0 1370.0 -337.2
2723.56 144.0 1356.0 -337.2
2729.68 135.0 1375.0 -334.8
2734.53 137.0 1389.0 -337.2
2736.8 148.0 1382.0 -339.6
2737.16 147.0 1369.0 -339.6
2743.23 146.0 1364.0 -339.6
2744.21 141.0 1414.0 -339.6
2748.12 140.0 1407.0 -339.6
2752.52 136.0 1382.0 -337.2
2755.04 149.0 1386.0 -342.0
2755.04 149.0 1386.0 -342.0
2764.46 137.0 1395.0 -339.6
2764.79 142.0 1419.0 -342.0
2769.55 137.0 1392.0 -339.6
2772.78 146.0 1373.0 -342.0
2778.34 150.0 1411.0 -344.4
2785.91 151.0 1404.0 -346.8
2787.3 138.0 1402.0 -342.0
2787.3 138.0 1402.0 -342.0
2789.53 141.0 1422.0 -344.4
2789.92 148.0 1382.0 -344.4
2798.06 145.0 1390.0 -344.4
2800.76 140.0 1406.0 -344.4
2801.3 146.0 1436.0 -346.8
2807.24 148.0 1392.0 -346.8
2807.91 139.0 1412.0 -344.4
2821.37 141.0 1416.0 -346.8
2824.27 149.0 1402.0 -349.2
2827.74 152.0 1426.0 -351.6
2836.96 143.0 1448.0 -349.2
2837.78 148.0 1451.0 -351.6
2838.16 143.0 1420.0 -349.2
2841.08 150.0 1428.0 -351.6
2842.02 150.0 1412.0 -351.6
2842.3 142.0 1435.0 -349.2
2848.67 153.0 1445.0 -354.0
2854.45 145.0 1426.0 -351.6
2859.1 144.0 1439.0 -351.6
2862.63 151.0 1422.0 -354.0
2863.71 148.0 1453.0 -354.0
2864.17 150.0 1425.0 -354.0
2871.89 154.0 1449.0 -356.4
2872.31 147.0 1433.0 -354.0
2874.6 152.0 1468.0 -356.4
2875.38 146.0 1445.0 -354.0
2877.29 151.0 1456.0 -356.4
2881.57 150.0 1460.0 -356.4
2884.78 151.0 1435.0 -356.4
2887.9 149.0 1465.0 -356.4
2891.98 149.0 1441.0 -356.4
2893.24 148.0 1452.0 -356.4
2905.05 151.0 1474.0 -358.8
2905.05 151.0 1474.0 -358.8
2909.12 151.0 1450.0 -358.8
2909.12 151.0 1450.0 -358.8
2912.92 150.0 1460.0 -358.8
2918.39 154.0 1477.0 -361.2
2924.72 153.0 1482.0 -361.2
2924.72 153.0 1482.0 -361.2
2927.0 153.0 1467.0 -361.2
2927.0 153.0 1467.0 -361.2
2930.06 152.0 1469.0 -361.2
2947.94 154.0 1486.0 -363.6
2947.94 154.0 1486.0 -363.6
