2507.49 132.0 1284.0 -315.6
2507.49 132.0 1284.0 -315.6
2521.77 133.0 1296.0 -318.0
2521.77 133.0 1296.0 -318.0
2522.39 133.0 1294.0 -318.0
2523.43 133.0 1289.0 -318.0
2523.43 133.0 1289.0 -318.0
2525.98 132.0 1298.0 -318.0
2525.98 132.0 1298.0 -318.0
2526.38 132.0 1295.0 -318.0
2526.38 132.0 1295.0 -318.0
2529.13 134.0 1287.0 -318.0
2529.13 134.0 1287.0 -318.0
2534.79 135.0 1300.0 -320.4
2534.79 135.0 1300.0 -320.4
2536.67 134.0 1306.0 -320.4
2537.71 134.0 1301.0 -320.4
2537.71 134.0 1301.0 -320.4
2538.33 134.0 1299.0 -320.4
2538.33 134.0 1299.0 -320.4
2540.25 133.0 1310.0 -320.4
2540.25 133.0 1310.0 -320.4
2540.34 135.0 1295.0 -320.4
2540.66 133.0 1307.0 -320.4
2541.28 133.0 1305.0 -320.4
2541.92 133.0 1303.0 -320.4
2542.33 133.0 1300.0 -320.4
2542.33 133.0 1300.0 -320.4
2544.87 132.0 1309.0 -320.4
2544.87 132.0 1309.0 -320.4
2545.08 135.0 1292.0 -320.4
2545.08 135.0 1292.0 -320.4
2548.02 134.0 1298.0 -320.4
2549.06 136.0 1312.0 -322.8
2549.83 134.0 1294.0 -320.4
2551.69 137.0 1306.0 -322.8
2551.69 137.0 1306.0 -322.8
2552.61 135.0 1311.0 -322.8
2552.61 135.0 1311.0 -322.8
2554.62 136.0 1307.0 -322.8
2555.15 134.0 1320.0 -322.8
2555.24 136.0 1305.0 -322.8
2555.56 134.0 1317.0 -322.8
2556.2 134.0 1315.0 -322.8
2556.82 134.0 1313.0 -322.8
2557.22 134.0 1310.0 -322.8
2558.82 135.0 1309.0 -322.8
2559.15 133.0 1321.0 -322.8
2559.15 133.0 1321.0 -322.8
2559.35 136.0 1304.0 -322.8
2559.77 133.0 1319.0 -322.8
2559.97 136.0 1302.0 -322.8
2559.97 136.0 1302.0 -322.8
2560.81 133.0 1314.0 -322.8
2561.98 137.0 1298.0 -322.8
2563.96 137.0 1322.0 -325.2
2563.97 135.0 1303.0 -322.8
2565.49 137.0 1320.0 -325.2
2565.97 138.0 1318.0 -325.2
2566.73 136.0 1300.0 -322.8
2568.31 134.0 1308.0 -322.8
2569.0 139.0 1313.0 -325.2
2569.51 137.0 1317.0 -325.2
2571.04 137.0 1315.0 -325.2
2571.09 135.0 1325.0 -325.2
2571.47 136.0 1297.0 -322.8
2571.47 136.0 1297.0 -322.8
2571.5 135.0 1322.0 -325.2
2571.5 135.0 1322.0 -325.2
2573.03 135.0 1320.0 -325.2
2573.33 139.0 1309.0 -325.2
2574.04 134.0 1331.0 -325.2
2574.13 136.0 1316.0 -325.2
2574.55 139.0 1308.0 -325.2
2575.09 134.0 1326.0 -325.2
2575.71 134.0 1324.0 -325.2
2575.78 137.0 1312.0 -325.2
2576.88 138.0 1308.0 -325.2
2578.86 136.0 1313.0 -325.2
2579.77 138.0 1332.0 -327.6
2581.63 137.0 1310.0 -325.2
2581.63 137.0 1310.0 -325.2
2583.21 135.0 1318.0 -325.2
2583.28 140.0 1325.0 -327.6
2584.45 133.0 1336.0 -325.2
2584.45 133.0 1336.0 -325.2
2585.32 138.0 1327.0 -327.6
2586.36 137.0 1307.0 -325.2
2586.9 136.0 1335.0 -327.6
2587.31 136.0 1332.0 -327.6
2588.23 140.0 1319.0 -327.6
2588.37 138.0 1303.0 -325.2
2588.37 138.0 1303.0 -325.2
2588.41 137.0 1328.0 -327.6
2589.45 140.0 1318.0 -327.6
2589.95 136.0 1311.0 -325.2
2589.99 135.0 1336.0 -327.6
2591.52 135.0 1334.0 -327.6
2592.61 136.0 1330.0 -327.6
2592.68 139.0 1318.0 -327.6
2594.51 138.0 1325.0 -327.6
2594.67 137.0 1323.0 -327.6
2596.67 140.0 1338.0 -330.0
2597.35 136.0 1327.0 -327.6
2597.35 136.0 1327.0 -327.6
2598.66 138.0 1343.0 -330.0
2598.73 134.0 1348.0 -327.6
2598.73 134.0 1348.0 -327.6
2599.71 141.0 1333.0 -330.0
2599.72 140.0 1314.0 -327.6
2600.01 137.0 1304.0 -325.2
2600.26 134.0 1346.0 -327.6
2600.4 134.0 1341.0 -327.6
2600.4 134.0 1341.0 -327.6
2600.8 142.0 1329.0 -330.0
2600.8 142.0 1329.0 -330.0
2602.1 135.0 1329.0 -327.6
2602.17 138.0 1317.0 -327.6
2602.25 137.0 1347.0 -330.0
2602.65 139.0 1315.0 -327.6
2602.87 137.0 1345.0 -330.0
2603.27 139.0 1313.0 -327.6
2604.21 138.0 1338.0 -330.0
2604.21 138.0 1338.0 -330.0
2605.79 136.0 1346.0 -330.0
2606.89 137.0 1342.0 -330.0
2606.96 140.0 1330.0 -330.0
2608.42 137.0 1340.0 -330.0
2610.05 139.0 1331.0 -330.0
2610.05 139.0 1331.0 -330.0
2611.58 139.0 1329.0 -330.0
2611.58 139.0 1329.0 -330.0
2613.16 137.0 1337.0 -330.0
2614.0 141.0 1326.0 -330.0
2614.28 138.0 1316.0 -327.6
2614.54 135.0 1358.0 -330.0
2614.54 135.0 1358.0 -330.0
2614.62 141.0 1324.0 -330.0
2614.67 135.0 1353.0 -330.0
2614.8 138.0 1333.0 -330.0
2614.98 136.0 1344.0 -330.0
2615.08 143.0 1341.0 -332.4
2616.15 140.0 1328.0 -330.0
2616.2 135.0 1351.0 -330.0
2616.91 139.0 1310.0 -327.6
2616.91 139.0 1310.0 -327.6
2617.55 140.0 1325.0 -330.0
2617.91 136.0 1339.0 -330.0
2619.08 140.0 1323.0 -330.0
2619.77 139.0 1351.0 -332.4
2621.64 141.0 1348.0 -332.4
2621.64 141.0 1348.0 -332.4
2623.07 141.0 1343.0 -332.4
2623.35 138.0 1360.0 -332.4
2623.89 139.0 1350.0 -332.4
2624.56 140.0 1349.0 -332.4
2625.45 140.0 1344.0 -332.4
2626.94 137.0 1364.0 -332.4
2626.94 137.0 1364.0 -332.4
2627.5 142.0 1339.0 -332.4
2627.56 137.0 1362.0 -332.4
2627.7 135.0 1346.0 -330.0
2628.26 141.0 1321.0 -330.0
2628.72 142.0 1338.0 -332.4
2628.9 142.0 1336.0 -332.4
2630.43 142.0 1334.0 -332.4
2630.43 142.0 1334.0 -332.4
2630.48 136.0 1363.0 -332.4
2631.19 140.0 1322.0 -330.0
2631.81 140.0 1320.0 -330.0
2631.81 140.0 1320.0 -330.0
2632.89 141.0 1337.0 -332.4
2633.11 137.0 1357.0 -332.4
2633.23 138.0 1355.0 -332.4
2633.35 141.0 1335.0 -332.4
2634.05 140.0 1363.0 -334.8
2635.36 143.0 1357.0 -334.8
2635.43 145.0 1352.0 -334.8
2635.43 145.0 1352.0 -334.8
2636.68 140.0 1342.0 -332.4
2637.84 137.0 1354.0 -332.4
2638.79 140.0 1360.0 -334.8
2639.67 136.0 1361.0 -332.4
2640.61 139.0 1367.0 -334.8
2641.83 138.0 1374.0 -334.8
2642.54 141.0 1333.0 -332.4
2642.59 136.0 1356.0 -332.4
2642.59 136.0 1356.0 -332.4
2643.0 144.0 1344.0 -334.8
2643.0 144.0 1344.0 -334.8
2643.16 142.0 1331.0 -332.4
2643.28 143.0 1351.0 -334.8
2644.71 143.0 1346.0 -334.8
2644.71 143.0 1346.0 -334.8
2645.93 143.0 1345.0 -334.8
2646.09 141.0 1332.0 -332.4
2646.53 142.0 1353.0 -334.8
2647.38 138.0 1369.0 -334.8
2647.61 142.0 1349.0 -334.8
2647.62 141.0 1330.0 -332.4
2647.62 141.0 1330.0 -332.4
2647.79 142.0 1347.0 -334.8
2648.81 139.0 1361.0 -334.8
2651.14 141.0 1352.0 -334.8
2651.85 137.0 1375.0 -334.8
2651.85 137.0 1375.0 -334.8
2652.24 141.0 1346.0 -334.8
2653.94 137.0 1373.0 -334.8
2654.92 140.0 1350.0 -334.8
2656.87 137.0 1368.0 -334.8
2657.44 143.0 1343.0 -334.8
2657.56 142.0 1373.0 -337.2
2658.97 143.0 1341.0 -334.8
2658.97 143.0 1341.0 -334.8
2659.5 138.0 1362.0 -334.8
2661.77 141.0 1375.0 -337.2
2661.89 142.0 1342.0 -334.8
2663.19 143.0 1360.0 -337.2
2663.19 143.0 1360.0 -337.2
2663.21 139.0 1386.0 -337.2
2663.47 140.0 1377.0 -337.2
2663.6 143.0 1357.0 -337.2
2664.24 138.0 1359.0 -334.8
2665.3 139.0 1384.0 -337.2
2666.06 137.0 1366.0 -334.8
2666.51 141.0 1341.0 -334.8
2667.81 142.0 1359.0 -337.2
2667.81 142.0 1359.0 -337.2
2668.17 144.0 1356.0 -337.2
2668.22 139.0 1379.0 -337.2
2669.03 140.0 1372.0 -337.2
2669.96 146.0 1355.0 -337.2
2669.96 146.0 1355.0 -337.2
2671.08 142.0 1340.0 -334.8
2671.08 142.0 1340.0 -334.8
2671.13 137.0 1363.0 -334.8
2672.78 143.0 1355.0 -337.2
2673.25 144.0 1353.0 -337.2
2673.62 142.0 1358.0 -337.2
2673.94 138.0 1388.0 -337.2
2673.94 138.0 1388.0 -337.2
2675.32 138.0 1385.0 -337.2
2675.58 139.0 1376.0 -337.2
2675.59 140.0 1370.0 -337.2
2676.05 142.0 1387.0 -339.6
2676.33 143.0 1354.0 -337.2
2676.85 146.0 1374.0 -339.6
2677.86 143.0 1352.0 -337.2
2678.24 138.0 1380.0 -337.2
2678.51 139.0 1371.0 -337.2
2679.32 146.0 1371.0 -339.6
2680.33 138.0 1378.0 -337.2
2681.14 140.0 1365.0 -337.2
2682.43 144.0 1351.0 -337.2
2683.95 145.0 1368.0 -339.6
2683.95 145.0 1368.0 -339.6
2684.97 144.0 1369.0 -339.6
2685.17 145.0 1367.0 -339.6
2685.29 140.0 1399.0 -339.6
2685.29 140.0 1399.0 -339.6
2686.67 140.0 1396.0 -339.6
2687.06 144.0 1367.0 -339.6
2688.57 140.0 1364.0 -337.2
2689.6 140.0 1391.0 -339.6
2689.6 140.0 1391.0 -339.6
2689.87 141.0 1382.0 -339.6
2691.09 141.0 1381.0 -339.6
2691.5 147.0 1385.0 -342.0
2691.5 147.0 1385.0 -342.0
2691.69 140.0 1389.0 -339.6
2692.08 145.0 1366.0 -339.6
2692.14 144.0 1364.0 -339.6
2692.77 139.0 1366.0 -337.2
2693.72 142.0 1372.0 -339.6
2694.19 142.0 1370.0 -339.6
2694.6 138.0 1373.0 -337.2
2695.42 141.0 1377.0 -339.6
2696.71 145.0 1363.0 -339.6
2697.24 140.0 1384.0 -339.6
2698.5 147.0 1362.0 -339.6
2699.36 144.0 1350.0 -337.2
2699.36 144.0 1350.0 -337.2
2699.89 140.0 1383.0 -339.6
2700.04 148.0 1377.0 -342.0
2700.04 148.0 1377.0 -342.0
2700.33 139.0 1393.0 -339.6
2700.97 143.0 1398.0 -342.0
2701.71 139.0 1390.0 -339.6
2701.97 140.0 1381.0 -339.6
2702.03 146.0 1382.0 -342.0
2702.16 143.0 1365.0 -339.6
2702.19 142.0 1405.0 -342.0
2702.19 142.0 1405.0 -342.0
2702.43 145.0 1382.0 -342.0
2704.03 147.0 1378.0 -342.0
2704.03 147.0 1378.0 -342.0
2704.66 147.0 1376.0 -342.0
2705.32 146.0 1380.0 -342.0
2705.55 144.0 1381.0 -342.0
2706.5 142.0 1397.0 -342.0
2706.5 142.0 1397.0 -342.0
2708.43 145.0 1379.0 -342.0
2708.43 145.0 1379.0 -342.0
2708.75 141.0 1409.0 -342.0
2708.75 141.0 1409.0 -342.0
2708.87 139.0 1385.0 -339.6
2710.62 144.0 1378.0 -342.0
2710.72 146.0 1361.0 -339.6
2711.24 142.0 1394.0 -342.0
2712.49 146.0 1375.0 -342.0
2713.33 142.0 1392.0 -342.0
2713.83 141.0 1406.0 -342.0
2713.83 141.0 1406.0 -342.0
2715.57 143.0 1382.0 -342.0
2716.7 147.0 1397.0 -344.4
2718.25 144.0 1361.0 -339.6
2718.93 148.0 1388.0 -344.4
2719.04 141.0 1401.0 -342.0
2719.04 141.0 1401.0 -342.0
2720.62 146.0 1373.0 -342.0
2720.62 146.0 1373.0 -342.0
2721.46 145.0 1407.0 -344.4
2722.91 141.0 1400.0 -342.0
2723.4 147.0 1394.0 -344.4
2723.79 140.0 1403.0 -342.0
2725.0 149.0 1387.0 -344.4
2725.0 149.0 1387.0 -344.4
2725.66 143.0 1415.0 -344.4
2725.66 143.0 1415.0 -344.4
2725.9 146.0 1392.0 -344.4
2726.92 145.0 1393.0 -344.4
2727.73 147.0 1390.0 -344.4
2728.17 147.0 1384.0 -344.4
2728.87 140.0 1400.0 -342.0
2728.87 140.0 1400.0 -342.0
2729.61 146.0 1372.0 -342.0
2729.61 146.0 1372.0 -342.0
2730.73 143.0 1412.0 -344.4
2730.73 143.0 1412.0 -344.4
2730.97 146.0 1389.0 -344.4
2731.61 143.0 1411.0 -344.4
2733.45 148.0 1409.0 -346.8
2733.6 144.0 1407.0 -344.4
2734.09 145.0 1388.0 -344.4
2735.31 145.0 1387.0 -344.4
2736.97 146.0 1386.0 -344.4
2737.05 149.0 1408.0 -346.8
2737.17 141.0 1395.0 -342.0
2737.29 142.0 1416.0 -344.4
2737.29 142.0 1416.0 -344.4
2738.47 148.0 1402.0 -346.8
2739.28 150.0 1399.0 -346.8
2739.28 150.0 1399.0 -346.8
2740.22 142.0 1411.0 -344.4
2740.31 149.0 1400.0 -346.8
2741.68 143.0 1408.0 -344.4
2742.81 146.0 1408.0 -346.8
2745.43 142.0 1406.0 -344.4
2746.15 145.0 1424.0 -346.8
2747.27 147.0 1404.0 -346.8
2747.27 147.0 1404.0 -346.8
2749.55 148.0 1396.0 -346.8
2749.55 148.0 1396.0 -346.8
2749.96 148.0 1383.0 -344.4
2749.96 148.0 1383.0 -344.4
2750.51 142.0 1403.0 -344.4
2751.33 144.0 1431.0 -346.8
2751.33 144.0 1431.0 -346.8
2751.61 145.0 1410.0 -346.8
2751.89 142.0 1400.0 -344.4
2752.33 141.0 1410.0 -344.4
2752.33 141.0 1410.0 -344.4
2754.08 146.0 1403.0 -346.8
2754.08 146.0 1403.0 -346.8
2754.2 144.0 1422.0 -346.8
2754.2 144.0 1422.0 -346.8
2755.53 149.0 1422.0 -349.2
2755.53 149.0 1422.0 -349.2
2756.78 144.0 1417.0 -346.8
2756.78 144.0 1417.0 -346.8
2758.14 148.0 1426.0 -349.2
2758.14 148.0 1426.0 -349.2
2759.87 147.0 1428.0 -349.2
2759.87 147.0 1428.0 -349.2
2760.65 151.0 1411.0 -349.2
2760.65 151.0 1411.0 -349.2
2761.58 148.0 1416.0 -349.2
2761.86 144.0 1414.0 -346.8
2762.37 147.0 1398.0 -346.8
2762.39 150.0 1413.0 -349.2
2764.18 147.0 1420.0 -349.2
2764.23 149.0 1395.0 -346.8
2764.23 149.0 1395.0 -346.8
2765.96 149.0 1409.0 -349.2
2765.96 149.0 1409.0 -349.2
2766.19 145.0 1402.0 -346.8
2766.37 143.0 1425.0 -346.8
2767.82 151.0 1406.0 -349.2
2767.82 151.0 1406.0 -349.2
2768.23 146.0 1437.0 -349.2
2768.23 146.0 1437.0 -349.2
2768.84 150.0 1407.0 -349.2
2769.26 147.0 1417.0 -349.2
2772.54 146.0 1429.0 -349.2
2772.82 143.0 1419.0 -346.8
2773.97 143.0 1413.0 -346.8
2773.97 143.0 1413.0 -346.8
2774.43 148.0 1414.0 -349.2
2775.81 146.0 1421.0 -349.2
2777.54 147.0 1413.0 -349.2
2777.72 145.0 1436.0 -349.2
2777.72 145.0 1436.0 -349.2
2778.77 146.0 1420.0 -349.2
2778.9 151.0 1430.0 -351.6
2779.14 151.0 1425.0 -351.6
2780.22 149.0 1439.0 -351.6
2780.22 149.0 1439.0 -351.6
2782.21 150.0 1435.0 -351.6
2782.21 150.0 1435.0 -351.6
2782.74 152.0 1424.0 -351.6
2782.74 152.0 1424.0 -351.6
2782.8 145.0 1433.0 -349.2
2784.18 145.0 1430.0 -349.2
2786.26 148.0 1433.0 -351.6
2786.26 148.0 1433.0 -351.6
2787.33 150.0 1421.0 -351.6
2789.19 152.0 1418.0 -351.6
2789.19 152.0 1418.0 -351.6
2790.11 149.0 1423.0 -351.6
2790.11 149.0 1423.0 -351.6
2790.87 145.0 1419.0 -349.2
2790.93 151.0 1420.0 -351.6
2792.72 148.0 1427.0 -351.6
2792.72 148.0 1427.0 -351.6
2794.62 147.0 1442.0 -351.6
2794.62 147.0 1442.0 -351.6
2794.91 144.0 1432.0 -349.2
2794.91 144.0 1432.0 -349.2
2801.22 152.0 1438.0 -354.0
2802.23 147.0 1430.0 -351.6
2803.58 151.0 1447.0 -354.0
2803.58 151.0 1447.0 -354.0
2806.26 146.0 1443.0 -351.6
2806.26 146.0 1443.0 -351.6
2807.44 152.0 1437.0 -354.0
2807.64 150.0 1464.0 -354.0
2807.64 150.0 1464.0 -354.0
2809.41 151.0 1434.0 -354.0
2809.41 151.0 1434.0 -354.0
2810.57 150.0 1459.0 -354.0
2811.28 153.0 1431.0 -354.0
2811.28 153.0 1431.0 -354.0
2811.77 150.0 1443.0 -354.0
2812.02 150.0 1438.0 -354.0
2812.02 150.0 1438.0 -354.0
2813.68 149.0 1458.0 -354.0
2813.68 149.0 1458.0 -354.0
2814.97 149.0 1453.0 -354.0
2814.97 149.0 1453.0 -354.0
2817.19 149.0 1445.0 -354.0
2817.19 149.0 1445.0 -354.0
2819.16 147.0 1429.0 -351.6
2819.16 147.0 1429.0 -351.6
2822.58 149.0 1441.0 -354.0
2822.58 149.0 1441.0 -354.0
2823.16 148.0 1449.0 -354.0
2823.19 146.0 1442.0 -351.6
2823.19 146.0 1442.0 -351.6
2825.67 152.0 1460.0 -356.4
2829.76 153.0 1445.0 -356.4
2829.76 153.0 1445.0 -356.4
2830.51 149.0 1440.0 -354.0
2830.51 149.0 1440.0 -354.0
2832.12 152.0 1454.0 -356.4
2832.12 152.0 1454.0 -356.4
2832.37 152.0 1449.0 -356.4
2834.03 151.0 1469.0 -356.4
2834.03 151.0 1469.0 -356.4
2834.1 151.0 1451.0 -356.4
2834.1 151.0 1451.0 -356.4
2840.09 148.0 1448.0 -354.0
2840.09 148.0 1448.0 -354.0
2842.22 150.0 1465.0 -356.4
2842.22 150.0 1465.0 -356.4
2842.46 150.0 1460.0 -356.4
2842.46 150.0 1460.0 -356.4
2851.45 150.0 1459.0 -356.4
2851.45 150.0 1459.0 -356.4
2854.21 153.0 1467.0 -358.8
2854.21 153.0 1467.0 -358.8
2854.45 153.0 1462.0 -358.8
2854.45 153.0 1462.0 -358.8
2862.57 152.0 1476.0 -358.8
2862.57 152.0 1476.0 -358.8
2870.5 152.0 1475.0 -358.8
2870.5 152.0 1475.0 -358.8
2871.8 152.0 1470.0 -358.8
2871.8 152.0 1470.0 -358.8
2890.85 154.0 1486.0 -361.2
2890.85 154.0 1486.0 -361.2
