111010100111111110111111111111011111111011111110111111111111111101101011111111001011110001101001111011111111101011011111111101011010110010111011011111101101110101001011100111111011101101110111100011111111010011111011010110111101111111010111
111110111111111111111111111110011101111110101110011110111111111101110011111111011011100001111011101111111111100001011111111111101110110010101111110111111101110011001011101011001111101101110111010011111110110111110011010110111111111111110111
111110100111111010111111111110110101111111111111011111111111111101111011111111001110110101101011111011111011100001010011111111111010111010101011110111101111110111001011101111001101101011010101111011111111110011111011010100111101010111110111
111110100111111111111111111110010111111111111111011111111111111111110011111111011011110001101001111111111111000010011111101111011001110111101111111111111011110110101011011111111111101100111111110010111111110011111011110110101111010111110111
111011100111111111111111111111010111111111111111111111101011101101110101111111001011101001111111101111111111110010011111101101011001110011101111111111111111110111111011001111111101001101111100010011111101111011111011010110101101110110010111
111111100110111111111111111110011111111111111111111110101111101101100111111111111111110001101001111111011111100001011111111101011011110111101011111111111111110111001011111111001101001101111111110011111111111011111011010110111111010011010111
111010100111111011111111011110011111111110111111111111111111101101111111111111101011110101111101101011111111110001010111111111011011110010101111111111111111111111111011101111000111001101011111100011111111110011111011010111111111011111110111
111110101111111110111111111111011111111110101111111111111111111111111011111111011111110001101001101011111111110011011111101101011001110010101011111111111111110111111011001101111111101100110111110011111111110011111111110110111111111111010111
111110100111111011111111111110011101111110111111011110111111111111111011111111011111110001101011111011111111100001011111111111111000111010101111110111111101110111001011101111101111101101110111101011111111110011111011010100111111011111110111
111010100111111010111111111111011100111110101111111110111111111111111011111111001010110001101000111111111110111101111111111111011010110111101111110101110111110111011101101111000101101101110111110101111111101011111011010110111111011111110111
111011110111111110111111111111011001111110101111011110111111111111110011111111011101110011101000111111111110101011011111011101111010110111111111110101111111110111001001010111100111101101110111100011101111111011101111010110101111100011010101
111011111111111110111111111111011111111110101111011110111111111111111011111111111011110001101001111111011011100101111111111111011010110110101111101111111111110111101111111011001111101100110101100111111111110011111111010110101111111011110111
111110101111111111111111111111011111111110111111111110111111101101110011111111011011110001101101111111111111110101111111101111011000110111101111111111101011110111011111011111001111001111110111110011111111111011111011010110111111011111110111
111010100111110110111111111111011101111110101101111111111111111111110111111111011011110001101001101111111111110111111111111111011100110010111111110111101111110111111111101111111011101001110111100111111111110011110111010110111011011111010111
111110100111111010111111111111011101111111111111011111111111111101111011111111011011110001101011101111011111100101111111111111111011110011101111110111111111110111101111101111001111101100111111101011111111111111111011010110110111011111110111
111110100111111010111111111110011111111111111111011111111111111101111011111111001011110001101011101111111111100111111111101111111011110110101111111111111111110111101111001111011111101101111011101011111111110111111011010110111110011111110111
111110100111111010111111111111011101111110111111011111111111111101111011111111011011110001101011111111011111100101111111101111111011110111101111110111111111110111101111001111001101101101111111111111111111111011111011010110111111011111110111
111010110111111110111111111111111101111110111111111110111111111111100011111111011011110001111101111111111111110001011111101111011110110111101011110111101101111111010011011111101111101111110111100011111111111011111111110110101101111111110111
111010100111111010111111111111011111111110111111111110111111111111110111111111111011110001101011101111111111110001111111111101011011110011101111110111101111110111011011101111101111101101111111110011111111111011111111010100111101011111010111
111010100111111111111111111110011101111110111111111110111111111101111011111111001011110101101011111111111111110101111011111111111001110110101111110111111111110111011101111111101111001101111101101011111111110011111011010110101111011110110111
111011110111111010111111111110111111111110111111011111111111111101111111111111011011110001101101101111011111100111111111101111111101110011101111111111111101110111101111001111001111101101111111110001111111111011111011010110011111011111110111
111011110111111111111111111110010111111011101111011111111111111101111101111111101011110101101011110111011111100101111111111111111011111111101111110111111111110100101111111101001111111101110111101111111111111111111011010111101101110110010111
111111101111111110111111111111111111111111111111111111111111101111111001111111101011110001101001111111110111010111111111111111011101110110101111110111111111110110111111011111111111011011111111100110111111110011111011110110101111011110010111
111011110111111110111111111110111111111110111111011111111111111111110011111111101111110111101001101111111111100011011111111111011001111011101111110111111111110111101011101111011111101001111111110011111110111011111011010111111111011111010111
111110110111111110111111111111011111111110101111111111111111111111110011111111111011110001101101111111111111110011111111111111011001110110101111111111101111110111111011111111111101101111110110100111111111110011111111010110111111011111110111
111111110111111110111111111111011111111111111111111111111111111101110011111111101011110001101001111111111111100111110111111111011010111111111111101111101111010111001111111101111101111101011111100111111111100011111011010110101111111111110111
111110110111111010111111111111011111111110111111111111111111111111100011111111111011111101101001111111111011111101111111111111011001110110101011111111101111110111010111111111001101101111111001010110111111010011101111010111111111111111111111
111011100111111110111111111010010111111111111111111111111111101111110011111111101111110001101011111111110111110111111111101111111101110110101111110111101110010111111111011111111111011001111111110011111111110011111011110110111111110111110111
111010100111111110111111111110010111111110111111111110111111111111110111111111101011110001111101111111111111110101111111111111111001111110111111111111101011111111011111111111101111101110111111100011101111110011111011110110101111010111110111
111011100111111110111111111110011111111111111111111111111111111101111011111111101111110101101101111111111011110111111111101111011011111110101111110111101111110111111111011111011101111101111101100011111111110011111011110111110111011111110111
