111111100111111110111111111010010101111110101111111111111011111101110011111111001011110001101101101011111111110100111111101111011000110010101110110111111011110101111111001011101111101101110111010011111111010011111011110110100111011111010111
111110110111111110111111111010111100111110111111111111111111101101110111111111001011110001101001111011111111010011011111111111011001111010101111110111110111111110111011101101111111001111111111010010111111110011111011111110111111011011110111
111010100111111110111111111011011001111110111111111111111111101111110001111111011011110001111101111011111111110011011011111111011010110010111011110111111111111011111011101111111111001111110100100011111111110111111111111110101111111000110111
111011101111111010111111111010011111111111101111011111111111110101110101111111111011110001101011111011111111000011111111111111011010111110101111110011101111110110101011101111101111111110110111100010101111110011111011010110111111011110110111
111111100111111111111111111110011111111111111111011111101111101100111011111111101011110111101001111111111111110001111111101101111010110110100111110111111111010110101011001011101101011111110111110111111111110111111011110111111111111111010111
111110101111111111111111111111011101111110101111011111111111111111110111111111011011110001101001111111111110100111111111111110011011110011101111110101101111110110101101101011111111101111110111110111011111111111111111010100111111111111110111
111110100111111111111111111111111101111110101111111111111111111111111011111111111011110000101001111111110111010011111111111101011010110111101111110111111111110110111011111011101111101010110111110100111111111111101111011110111111111111010111
111110110111111110111111111110011101111111101111111111111111101101111111111111001011110000101011111111111111101011111111101111111110111010101111110101111111110110101011001111111111001111110111101110111111110111111011111110111111011111110111
111110100111111111111111111011011111011111111110101111111111101111111111111111111011110001101011101011111111110111111011101111111010111010111111100111011101110111111111000111111111001101110101111011111111010011001111111110111111011011110101
111011111111111111111111111111011111111111111101111111111111110111100001111111111111110001101001111111110111110111111111111111011110110111001011110111101111010101011111011011111111111011100111100110111111111111111111110110111111111110010101
111010100111111111111111111111011101111110101111111111111111111111110011111111011111110001101011111111111111010101111111111111011010110111101011110111101101110110111101011011101111101101110101100110001111111111101111110110111111011111110111
111111100111111110111111111010011111111111101111111111111111111101111011111111111011111001101011111111111111010101111011101111111010110110111111110111111111110110111101011111101111011111110101110110111111110111111011110100101111111111111111
111011100111111110111111111111011111111110101111011111111111111111111011111111011111100001101011101111111111100101111111111111111011110011111111111111111111010110101111101111101111101101110111011111111111110111111111110110111111011110110111
111110100111111111111111101111011111111110111111111110111111111101100111111111111010111101101111111111111111110001111111101111111110110111101011110111111111110101011011001011101101101110110111110110111111111011111011010101101111011011111101
111111101111111110111111111110010111111111101111111111111111101101110011111111101011111001110001101111111111111111111111111111011110111111101011111101111111110100111111000101111111011101110100100110111111111111111011011110101111010111111111
111010101111111111111111111111011101111110101111011111111111111111111001111111011111110001101011111111111111100111111111101111111110111111101111110111111111110101101111001111011111101111110111111111111111111111111111111110111111111110110111
111010100111111111111111111111011101111110111111111111111111111111111011111111011011110001101011111111111111110111111111101111111010110111101111110111110111110011111111001111111111101111110111111111111111011111111111111110111111011111110111
111011101111111111111111111010011110111111111111111111111111111101111011111111111111110101111101111011111111110111111111101111011010110010101111111101110111111111111111001011111111111110110111110011111111110111111011110111111111111011110111
111110110111111011111111111111011001111110101101110111101111100111111111111111011111110001101001111111111111111001111111111111111011111111111111110101100111110111110011001001001101001111010111101111111111011011111111010110111111111111110111
111111100111111111111111111111011111111111111111111110111111111111100011111111111011110111101011101111111110110101111111111111011110111011101011110101111111110110011101001111101101111101110111110111111111111111111111110111111111011111010110
111111110111111110111111111111011111111111101111011111111011111111110011111111111011110101111001111111111110111111111111101111011010110111111111111101111011110111101101011111111111111101110111110111111111110011111011111111111111011111010111
111110100111111111111111111111011110111110111111111111111111111101110111111111111011110001111001111111111111110111111111111111111010110111101111111111100111110110111011110111111101101111110001110111111111111011111011111110111111111111110111
111111101111111110111111101111011110111111101111111111111111111100111011111111101011111001111011101111111111110111111111111111111010110011110111110111110111110101111111101111111011111100110111111111111111111111111011011110110111011111111111
111010100111111110111111111110011001111110111111111111101111101111111011111111011011110110101011111111111111110101111111111111111111110111111111110111111111110101111011110111101101001111111101111101111111111111111011110110111111011011110111
111011110111111111111111111010011110111111111111111111111111111101111011111111111011110011101011111111111111110111111111101111111011110110101111111111110111110111111111011101111111111111111111111011111111110111111011011110111111111110110111
111010110111111110111111111111011111111110111111111111111111111111111101111111111011110111101010111111111110110101111111111111111010111111101111111101111111110111111101011111100111101111110110111010111111110111111111110111111111111110110111
111110110111111010111111111111011111111110111111111111111111101111110011111111111011110111101001111111111111111111111111111111011010110111111011111111111111110100101111111111111111001101110111110111111111111011111111011111111111011111110111
111011100111111010111111111110011111111111111111111111111111111101110111111111101011111111101001111111111111110111111111111111011010111110111011110111101111110111111111001101011111111110110111110111101111010111111011010111111111111111111110
111010110111111111111111111111011101111110111111111111111111111111111011111111011011110101111011111111111111110111111111111111111001110111101111110111101111110111111111111111101111101111111111111111111111111011111011111110111111111111010111
111010110111111111111111111111111111111111111111111111111111111111110111111111111011111001101001111111111111111111011111111111111111111011101111110111011111110111111001101010111111101110111111110111111111111111111111111110111111011111111110
