111010100111101010111111101110011101111110101111011011101111101101100101111111001011111000101111111111011001000011111011111101011010110010101011110111111111110100001001101111001001001110110001100000110111110110111011011100101111011010010111
111111100111111110111111111010011011111110111110111111111111111101110011111111101011110001101001001111111111110010011111111101011011110010101111110111111001110111011011101111110101111100111110100011111111110011110011111110101111011011010111
111111100111111010111111111011011011111111110111111111111111111111100001111111111011110001101001101011111111101011011111111110011011110110001011110101101111110111001011101111111110111101101101100011111111110111101111010100101111011010010111
111010100111111010111111111010110101111110101111011111111111111101100111111111011011110001101001111111111011110111111011101111011010110110101011110111111110110111001111001111011101101111110100110011111101110111111011011110111101010111110101
111010100111111111111111101011011001111110110111111111111111111101110001111111011001110001101011111011111111110011111111101111111001110011101011110101111001110101010011001101111111101100101111110011111111110011110011111110101111011010110101
111011110111111111111111111010011111111111111110111011111111111101100001111111101011111000101101111011111111110011001111101111111111110000111011111100101101110011011011001010011011111110111111100000111111110110111011110110101111011110111111
111111100111111111111111111010001111111111101111111111111111111101110001111111101010111001101001111111111111110111111011101011011010110110101111110111101111110111011111011001010101111001110101100010111111110111111011111100101111011100111101
111110100111111111111111111110011111111110111111111111111111101101100011111111101011111001111001111111111011110111111011101111011010110110001011111111111111110110011111011111010111001110100101100111111111110111111011111110111111011111100111
111111110111111110111111111010011111111111111111111111111111111101100011111111101010111001101001111111111111100011111011111111011010110011101011110111111101110111001011101111011101111110110101110011111111110111111011111100111111011111111111
111011100111111010111111101110011111011011111111111111111111111101101111111111101011111001101001111111110111110011111111111101011010110011001011111101111011110101011011101111011101111010100101100111111111110111111011011010101101011011011101
111111100111111110111111101111011111111111111110111111111111111111100001111111111011110001101000111111111110110111111111101111011011110011101010111101111101110110011101001101110101111111111111110111111111011111111111111010111111011100110011
111011100111111110111111111110011111111111111111111111111111111101110101111111111011111001101001111111111111100111111111111111011000110100101110110101111111110110001011101111010111111111110111100111111111110010111011010110111111011110111111
111111100111111110111111111111011111111111111111011111111111110101111011111011101011110001101011111111111111000111111111111110111011110111101111110101101111110110001111111111011100111110111111101110111111111111101011110110001111011111110111
111110100111111010111111111111011001111110111110011111111111110101111011111111101011110111101111111111110111110001111111111111111111110010101111110111101101100111001001100111101101101011111111101111111111110111111011010110101111011111110111
111010100111111011111111111111011111111111111111011111111111111111101011111111001011110001111011111111011111100111111111101111111001110110101011110101111011110111001111011111001101101101111011101111111111110011111011011100111111001111110110
111011110111111110111111111111011111111110111111111111111011110111100011111111111011110001101001111111111111111011110111111101011011111111111011110111101011110111011011111111110101111110011111100110111111111111110111110110110111011111010111
111111110111111011111111111111011111111111111111111111111111111111100001111111111011111001101011101111110111110111111111101111011001110011011011111111111111110110011111001011111101111001101111100111111111011011101111010110101111011110110111
111110100111111011111111111110011111111110111111111111111111111101100111111111101010111011101001111111111111101111111111111111011011110011101011110111111011110111001111001111110101101110111111100111111111111111111011011100110111011111111111
111011100111111010111111111110011011111111111111111111101111111101100111111111101011110101101011111111111111110011111111111111011111110111001011110111111111110111011011111111101101011110101111100111111111111111111011011110111111011111110110
111111100111111111111111111110111111111111111111111111111111111101111011111111101011110001101011111111111111110011111011111111111100110010101111111111111111110111111011101111011101111110110001111111111111110011110011110110101111011111110011
111010110111111010111111111110111111111110111110111111111111111101111111111111101011111101101001111111111110110011111111111111011011110110101111111001111101110111111001111111011111001110111110110111111111110111111011011110111111101111111111
111111100111111011111111111110011111111111111111111111111111111101111011111111111011111001101011110111111011100011111111111111111010110111101111111111101111110111001011111111011111011110110101101111111111111111111011011110111111111111111111
111111100111111011111111111111011111111111111111111111111111101111110111111111111011100111101011111011111111101111111011001111011011111110101111111101111111110111001011001111111111011110111101010011111111110111111111011110111111000111110111
111111111111111110111111111111011111111111111111111111111111111101111001111111101011111001101101111111111111110111110111111111011011110010111111111111111111110111011111101111011111111110011111110111111111110111111011111110111111001110110111
111011100111111110111111111011011111111101101111111111111111111111110001111111111111111001111001101011111111110111111111111111011011110110111111111101101101110111011110101111111111111111110010110010111111110111110111110110111111011110111111
111011101111111110111111111111111111111111111111111111101111111101110011111111101011111101111101101111111011101111111111111111011000110110111111111111111011110111001011101111011101011101110101110111111111110011111011111110111111011111111111
111111100111111110111111111111011111111111111110111111101111111111101011111111111011110001011111111111110111111011111111111111111001110110101011111101110101111100011011111111010101111000111111101111010111100011111111011110111111101101110101
111010110111111111111111111111011111111110111111011111111111111111111111111111111011110001101011111111111111100111111111111111111011110011101111111101111111110111001111101111011111101110111011111111111111110111101111011100111111011111110111
111111111111111111111111111111011101111110111111111111111111111111101011111111011111110001101011111111111111111111110011111111011101111011101111110111111111110111011001101101111111101110111001110111111111110011111111111110111101011101110111
111111110111111110111111111111011111111111111111111111111111111101100011111111111011110001111111110111111111111111111111111111011011110111101011110111111111110111001111111111111111111111101110100111111111110111111011111110111111011111110111
