111011100110101111111111111110010111111111101111011111111111111101111011111111101011110001101001111111111001100011010011101111011010110110101011111111111111110101101011011111001111011111010001110011111111110111101011011110111111010111010111
111111100111111110111111111011011111111111111110111111101011111101011001111111101011101001101111111011011111100111011111111111011011110010001011111111111001110111101011101011111101011111100110000011101111110111110000011110111101110110011101
111111101111111111111111111010011010111111100111011111111111111101110011111111111011110001101001101011111111110011011111111111011011110010101111111111110111110101111011101011111111111101100111110011011111110111111011111111111111111011110110
111111100111111110111111111111010111111111101111011111111111111111110101111111111011110000101001111111111111110011111111011111011010110100101110111111111111110111100011111111111111111111110110100100111111110110111111111110111111100110110111
111010100111111111111111101111111010111110101110111111111111111101110011111111101011110001101001111011111111110011011111111111111100110110100111111111110101110101111011101111111111101110110101110011111111110111011011111110111111111011110110
111010100111110010111111111010110111111111101111011111111111111101111101111111011011110111100011111011111111100011011111011111111010110001111111110111111111110110101011101111011011101101110111110010111111110110111011011010111111100110110110
111010110111111010111111111011010111111111111111111111111111101111111001111111011011110001111111111011111111010011111111011111011010110010101111001111111111111110111011101011111011001111110111110010111111110111111111010100111101100100110101
111111111111111111111111111111010111111111111111111111111111111111110101111111111011110001101000111111111111101111110111111111011010110010111111101111111111110111110101101111110111111111010111100111101111110111111111011110111111110100110111
111111100111111011111111101111011111111111111111111111111111111101100110111111101011100001101001111111111111110111111111111111011111110011101110111111100111110101011110101011111111111110111111010111111101110101111011010110111111111111110101
111111101111111110111111011111011101111110101111111111111111111101110011111111101011110001101101111111111111101111111111111111011010110111101111110111111111110111100110110111111111101110110110010111111010111111111011011110111111111111110011
111111110111111110111111111110111110111111101100011111111111110101110111111111111011110011101001101111111111110111111111111111011011111010111111110111101101110101001101001111011111111101110111100111111111110111111011110100111111011011100101
111110101111111110111111111111111111111110111110011111111111111111110011111111011111110001101000111111111111101111111111111111011010110111101111111111111101110111101101001111110111101111110110010111111111100110110111011110111111011001110111
111111100111111010111111111010110110111111111110111111101111101101111101111111101010110001101011111111111111111011011111111111111011110111111110111111110101010111011010110111110101011111111111111011111111110111111011011100111111110110110011
111011100111111011111111111110111111111111111111111111101111101101111011111111111011111001101001111111111111100011111111111111011011110011101110101111111111110111101011101111111101011111111111110101111110111111111011011110111111111111111111
111011110111111110111111111111010111111111101110111111111111111101110011111111101011110111101011111111111011110111111111011111011100110111101111111111101101110111110111111111001111111111110101110111111110011111111011111111111111100111110111
111011100111111110111111111110011111111111111111111111111111111101110001111111111011101101101001111110111111100111111111111111011111110111111110111111110111110111101011111111101111111111111111010111111110111111111011011110111111101110111011
111011101111111011111111111110011111111111101111011111111111111101110001111111101011100101101011111111111111100111111111111111111111110111101110111111011111110111100111111111111111111111110111001111111111111111111011011101111111101110110111
111010101111111111111111111110011111111100111110111111111111111101111010111111101011111101101101111111111111110111111111111111111011110010101111111111110101110111110110101011011111101111111111110111111101110111111011110111111111111110111111
111111110111111110111111111111010111111111111110111111111111111111100011111011111011111101101011111111111111110011111111111111111010110111001010111111111101110110011011111011011100111111110111101111111111111111111111110111111111110111111101
111011110111111110111111111011011111111111101110111111111111111111111011111111111011111101101011101011111111110011111111111111111010110010111111110111111101110111101011101111111111110100110111111011100111110111111111111111111111101111111111
111011101111111011111111111110011111111111111111111111111111111101110011111111111011111001101011101111111111101111111111111111011011110011101111111111111111110111101101101111011111111101111111110111111111110111111011011110111111111111111011
111111110111111010111111011011011111111111101111111111111111111111111011111111111011110001101011111111111111110011011111111101111110110111111110111111101101110111110010111111111111111111110111111001101111010111101111011110111111111111010111
111011100111111110111111111111011111111110111111111111111111111111111111111111111011111001101101111111111111100011111111111111011010110110111110111111111001110111101011011111011111101110110111110111111111110111111111011110111111011111110111
111111100111111010111111111011111111111101101111011111111111111111110001111111111111111101111001111011111111110111111111111111011011110010111111111111111110110111101110101011111111111111110111100011111111110111111111011011111111111110010111
111111100111111110111111011110111111111111111111111111111111111101110101111111101011111101101101111111111111110111111111111111011111110011101110111111111111110111110111101111111111111111011111110111111011111111111011001101111111111111111111
111011110111111110111111111111011111111111101110111111111011111111111011111111111011101011101101111111111111100111111111111111111010110111101011110111101001110110101111111011111111011111110111010111111111011111111111011100111111111111011101
111011100111111010111111111110111111111111111110111111111111111101110111111111101011111011101001111111111111110111111111111111011111110111101111111111111101110111111111101111111111111111111111100111111111111111111011011110111111110111111111
111110101111111110111111111111111110111110111111111111111111111111110101111111111011111101101001111111111111111011111111111111011111111110101111111111110111110111111010011111011111101111111111110111111111110111101111011111111111101111111101
111011100111111110111111111111011011111111111111111111111111111011111111111111111111110101101111111111111111111011011111111101111110110011101011111111011101110011101011101011101111111101110111101011111111111101111110111101111111111011010111
111011110111111011111111111111011011111111111111111111101111101111111011111111111011111101101011110111111111111101111111110101111011110111111111111111101111110111001001111111100101011111111111111101111110111101101111010111111111111001010111
