111010111111101110111111111000011111111110110110011111111111111101100101111111101011110101101011101011011001100011011011111101011111110000001011111111111101110101001001101101001011101101101001010011111011110110111011011111110100011010110101
111110101111111011111111111111111101111111101110011110111111111111111001111111011111110001101101101011011111100101011111101101011010110010101101110111111101110111001011001101001111101101110111110011000111110111111111011110111101011110010101
111110100111111010111111111110010101111110111110011111111111111101110101111111111011110001111011111011111011000101110011111111011011110011101111110111111101110111101011101111001111101111011101110011111111110111111011010100111101010110010111
111110101111111110111111111011011110111111111111111111111111111101110101111111111010110001101001111111111111111011010011101111011010110110101111110111110111110111110011011011011101101111110101110011111111110111111011111100111111011110010111
111110100111111010111111011111011101111110101111111111111111111111111101111111011011110001111001111111111111100011011101111110011000110111101111110011101101110111010011111110011110101111110011110011011011111011111111010100111101011110110111
111110111111111011111111111110011111111110101111011111111111111101111101111111101011110001101011111011111111100011011011111111111100111000101111110111111101110111101011101101001111101101110101111011111111110110111011011110110101001110110111
111111100111111011111111011110111111111101111110111111111111101101110100111111111011110001101001111011111111111001111111101111011010110110111110110111111101110111011010001101001101011001110110110011011011110111111011010110111111011100110111
111010110111111011111111111110011101111110111110011111111111111101101101111111001011110001101001111111111111100111111111101111011111111110101111110111111101110111001101011101101101101111111111110111111111110111111011011110110111001110110111
111111100111111011111111011011011111111101111111011111111011111111110101111111111111110101111101101011011011100011011111111111011011111010101101111111111011111111101000101101001111111101111101110011111011110111111111011101110101011110010010
111111100111111011111111111110011111111110111111011111111111111101110001111111001011111101111001101111111111100111011111111111011011111010101101111111011111110111101011101101101101001101111011110011111111110111111011011110111101011110110111
111111100111111110111111111010011111111111111111111111111111111101110001111111111011111101111000111101111110100001110111101111011111110101111111111101111111110111101001011111000111011111011111110011101111010111111011010101100101011110110001
111011100111111011111111111111011111111110111111001111111110111111110001111101001011110101111001111111011111101111111111111101011011110111100111111110011101110111000011111101001111101101111011110011011111110011111011011110111001011100010100
111011101111111111111011111010011111111111111110111110111111111111110011111111111110111001111001111101111111110001011101101111010011111110101101110111111001110111011011011111001101111111111011110010101111110111110011010100110101001111110010
111111101111111010111111111111011111111100111110111111111111111111100001111111111011110101101001111111111111110111111111111101010011110110101001101111111101110111011010111101011111101111111111110111101111110111111111010111111100011110010111
111111100111111010111111011110011011111111101110111110111111111101111011111111101010110011101011111111111011110001111011111111111100110111101111111111111101110111011011011101001101111101110101111111111011100011111011010110111111011011110111
111111110111111011111111111101011111111110111111011111111111111101111001111111111011110101101011101111011011100111111111101111111011110011101111111111111101110111101111001101001101111101111001111111111111111111111011011111111101011100110011
111111110111111111111111111111011011111111101111111111111011111111111000111111111011110001101001111111111111110011111111111111011010110101101101110111111001110111011010111101011111111111110111110111111101110010111111110110111101011000010001
111111100111111011111111111110011111111111111110111110111111111101110111111111101011110111101001101111111011110001011011111111011011111111101101110111111101110011011001101101001111111101111101110011111111110111111011010111111111011111010111
111110101111111111111111111111111101111110101111011111111111111101111011111111011111110001101101111111011011101011011111111101011100110111111111110111101111110111001001111001001110101111110101110011111111111011111011111110111101011111010011
111111110111111010111111111110011101111110101110111111101111101101111011111111001011110011101111111111111111100111111111111101011110111110101111110111101101110111101011111101001101001111110101110111111111110111111011011110111101011111010101
111111110111111011111111111110011111111101111111111111111111111101110000111111101011110111101001111111111111110001111111111111011010110111111101111111111111110110011010111101001101111101110111010111111101111111111011010110111111011110110111
111111100111111110111111011111111111111111101110011110111111111111100001111111111111110101101101111111111111100101111111111111111000110111101111111111101101110111001010111101101101111111110110110111111011111011111111110111111111011110110101
111111100111111011111111111111011111111111111110011111111111111111110101111111111011110101101101111111111011100011111011111111011111110110101111111111111101110111101011111111011110111111111101110011111111110111111111011111111111101110110111
111111110111111110111111111010011111111111111111011111111111111101111001111111111110110001101011111111111111101111011111111111111010110110101111110101111111110111001011111111011101111101110111111011111111110111111011011100111101011110010100
111111100111111110111111111110011111111100111110111111111111111101110101111111101011110101101001111111111111111111110111111111011111110110111111110111111101110111011100011111001111101111011111110011111111110111111011011111111101011110110101
111111111111111110111111111110011111111101101111111111111111111111110101111111101010110011101011111111111111100111111111111111011010110011101101111111111111110111101010001101101101111111110110110111011101110111111011111100110111011110110101
111111100111111010111111011111011111111111111111011111111111111111111101111111111011110101101101111111111011100111111011111111011011110110111111111111111101110111100111111111001111111111110100110011111011110111101111011111111101011110110111
111111110111111111111011111111011111111111111110011111111011111111111111111111111011110011101001111111111111100111111011111111011010111111101111111111111001110111101101111111001101111111111101110111111111110111111111111110111101011101010111
111010101111111011111111111011011111111110111110111111111111101111110011111111111011110001111111111111111111110111011011111111011011110110101101111111111101110111110000111111011111001101111100110001111111110111111111010000011111011111110101
111111100111111110111111111111011111111111111111111111111111101111110111111111111011110101111101111111111011110111111111101111011011110110101111110111111101111111011011011111001111011111111101110111111111110111111111011111111111011111010111
