111011111110101011111111111011011100011110111111111111111011100101110011111111101011110001101001111011111011101001011011111101011001110010101010100111110011110101101011001111001111001111111001100011111111110011111011000110111111111011010101
111111100111111110111111111011001011111110111111011111111111110101110011111111111000110000101001101011111011100111011011111101111011110110101011111111101110110101100011101001011111101101111101110000111111110011101011011010101111011011010001
111010100111111110111111111111011101111110101110011111111111110111110001111111011111110001111001111011011011100001111011111111011011110010101111110111101101110111101011101111001111101110110101000010111111110011111111110110111111111110110111
111110110111111111111111111011010011111110111111011111111111101111110111111111111011110001101101111111011001100011011011111111011010110011101011111111111011110101101011101101001111001111110001110011111111110111111111011110111111110011110111
111011111110111010111111111011111110111111101111011111111011111111110001111111111011110001101001111011011111110011011111111101011000110110101011111111110011110111101001111111001111111111110101000011111111110011111111010110111111111010010111
111011100111111111111111011111011111111110111111011111111111110101110001111111011011110001101011111111111111100001011111111101111010111010111011110101101111110111101011101111101111101111100111100011011111110011111011110110111111011110010111
111010101111111111111111111011011110111110111110111111111111111101110101111111001011110001101001111111011111100001010111111111011001111111101111111101100101110111100011101111001111101110011111110010111111110011111010010100111111111110110111
111111110111111110111111111111011001111110101111111111111011101110110101111111111011110001101001111111111111110011011011111101011010110111100011110101101001110111111011111111011111001111110101100011111111110011111011010110111111111000010111
111010100111111111111111101111011010111110111111111111111111110111111001111111111011110001101011101011111111101011011011111101111011110010101011111110100101010111101011001111111111101100111000101011111111110111111111110110111111011010010111
111110100111111110111111111111011101111110101110011111111111111111111001111111011011110001101001111111111111101111111011111101011000110110101011110101110001110111100011111111101111101001110101110111111111110011111111111110111111111010010111
111010101111111111111111011111111111111110101111011111111111111101110011111111001011110001101001111111011111101101111111111111111000110010101011111111111101110111101011101111001111101111110010110111111111110011110011010110111111011011110111
111011100111111111111111111111011111111111101111111111111011101101110001111111101011110001101011111111111111100111111011101111011010110110101111110111111011110111101111001111111111011101110101110111111111110011111011011110111111111110010111
111011111111111110111111111111011111111101101111011111111111111101111001111111101011100101101011111011011111110001011111101101111010110111101011111111111011110111101010001111001101111111110111001010111111110011111011010111101111111110010101
111011110111111111111111111011011111111111111111011111111111111111110001111111111011110001111101101011111011101011111011111101011001110010101011111111111111111111101011101011011111111101111101110011111111110011111111011110111101011110010111
111111100111111111111111111111111111111111111111111111111111101101110001111111111011111101101001111111011011000111111111111101010000111010111101111111111011110111101011111111001111011111110001110110111110110011111011111111111111111110011111
111111101111111011111111111111011111111111111111111111111111111101110011111111101011110101111001111011011011100011011011111111011100111011101011110111111101110111101011101111001111111111110101110011111111110011111011010111111111111111010111
111011100111111110111111111011011111111111111111011111111111111111110011111111111011110101101101101011111111100011011111111111011001110010111011111101111111110111100011101010011111111101111111110011111111110011111111110110110111011111010101
111110111111111111111111111101011101111110111111011111111011111111111111111111011011110001111101101111111111101011111111111101011010110010101011110001110011111101101001101111011111101101110011110111111111110011111111110110111111011111010111
111110100111111110111111111111111101111110111111111111111111100101111111111111101011110001101001111111111011110111111011101111011101111110101111110101101011110111110111011111011111001111111101100111111101110011111011010100111111011011010111
111010110111111111111111111110011111111111111110111111111111101101110001111111101011110011011101111111111011111001111011111111011011110011101011111111110101111101110011101100001111001111111101000111111111110011111011110110111111111100110111
111011100111111111111111111111011101111110111110111111111111101101111011111111111011110001101011111111111111110011011111101111011011110011101001110111101101110111110011011111111111001101111111100011011111111111011011110110111111111111110111
111011111111111111111111111111011111111110101111111111111111101101111001111111011011110001101011111111111101110111111011111111011010110110111111111111111111110111110111111111101111001111110001110110011111110011111011111110111111111010010110
111011110111111011111111101011011111111111111111111111111111111111111011111111111011111001011001111111111011100111011011111111011001110010101011110111111001110101100011101111001111111110110101110011111111110011111111011110111111011001111111
111110110111111111111111111001111101111111111111011111111111111101111011111111011011110001111111111111011111100001111111111111011111110010101111110111111011111111100001101011001111101101110011110011111111110111111011010110111111011011110111
111011110111111011111111111110011111111111111111111111101111101101110111111111101111111101101001111111111111100011011111111101011011110010111011111111101001110111101011001111111101011111011011100011111111110111111011011111111111111111011111
111011110111111110111111111011011111111111101111011111111011101111111011111111111011111101101111111011011111100111111111111111111000110110101011111111111011110111100111100111001101011111110111101011111111110011101111010111111111011001010111
111111110111111110111111111111011111111111111111111111111011101111110011111111111011110101101011111111111111110011111111111101011001110111101010111111111011100111111011111111111111011111111111110110011111111011111111111111110111111011010111
111011100111111111111111111111011111111111111111111111111111111111110001111111111011111001101001110111111111101001111111111101111011110111111111111111111111110111101011111111101111111111111111110111111111110011011111110110111111111100010101
111110111111111111111111111111011001111111111111111111111111111101111111111111001011111001111111111111111111110011111111101111011000110111101011100111111011111111110011011111001111101101110111110111011111111011101011111110111111111001110111
111011110111111111111111111111011011111111111111011111111111111101111111111111111111110111101111111111011111100011011111101111111101110110101111111111111001110111101011011111001111111111111111111011111111110011111011111111111111110011110111
