111011101111111010111101100111011111111111111110111110111011111111110011111111111011110101101000110111111100110101011011101101011010110010101011110101110001110101010001001011101111111100100001110011111111110111011111010110111111011111011111
111111101111111111111111010100011111111111101111011110101111101101100011111111111011110001101100101111111110011001111111101111011100111011101010110101101011110110001000001111101101011100110011110110110111101011111011110110111111001011110101
111011101111111111111111111100011011111110111110011111111111101111110011111111011011110001101001101011111101100101011111111101011011110010101111110111111101110001001001101111101111001100011001110011111101110111111011110110111111111011010111
111110100111111110111101111100011111111110111111110111111111101101110001111111101011111001111101100011111111110011011011111111011010110010101011110101111111110111110011101111111111001101110001100011101111010111010011011110101111011110111111
111011111111111111111111111111011111111111111110111111111111100111110001111111111011110001101001111111111110110011010011101111011000110010111011111111101101110111110001001111111111111111010101100011111111111001110011111110111111011110110110
111110100111111110111111111011011111111111111111111110111111111111110011111111001011110001101001101011011111100011111111101111011001110011101111111111111001110111001001001111001101001110110111100010011101110011111011110110111111011011110010
111011101111111110111111111110010011111111110111011111111111101101111001111111101011110101101001101011111111100111111111111011011011110110111011110111111111110101101011101001111111011101101101100010111111110111111011111111111111010000110111
111011101111111010111111111011010001111110101111011111111111111110110011111111011011110101101001111111111111110011011111111111011010110011100110110111111001110101101011101001111101101110110111100010011111110111111111011110111111010011010100
111011100111111110111111111111011110111111100111111111111111101011111111111111011011110001101000101111111111110011011111101001111110111011101011111111110111110101111001001001100111001100110111110011101111111111110110110110111111011101010011
111110101111111110111111111010111011111111111110111111111111101101111011111111001011110001101011111011111111110011011111111101111010110010101011111111110001110101111001100101111111001111110111111011101111110111111011110110110111011011010101
011011100111111010111111111010011111111111111111111111111111111101110011111111101011010101101011111011111111110011011111111011011011111010101010111101111111110101111011101101111111111111101011100011001101100111111011011001111111011100010100
111011111111111111111111110111010011011111101111011110111111111111111011111111111011110101101011111111111101000001111011011111111000110110101011110101111111100100000011111110101111111110110001101110111111110011111111010111111111010011010101
111010100111111011111111111111011111111110101110111111111011111111110101111111011011110100101011101111111111011011111111111111011010110010111111111111111101110110111011001001111110001101110011110110111111110111111111011110111111011110010110
111011100111111110111111111111111111111111111111001111101111101101110011111111101010110001101001101111111111110111111111111111111010110011101011111111010111010111101111101111111101011100110111110011111111111011111011011100111111011111110111
111111100111111110111111111110111011111111111110111111111111111101110111111111101011110101101001101111111111100011111111101101111010110010101110111111111101110110111010001111111111111101110011110111111111110111111011110111111111011011010110
111011111111111110111111111010111111111101110111111111111111111101110011111111111011110101101010101011111111111011011111111101111110110010001011111111101111110101011000100011110111111101100011100011101111110111111011111110100111011100010111
111010110111111110111111100110111111111010111111111111111111101101111010111111101011111001101011111011111111111011011111101111111011110010101011111111101111110101110010001111101111001110111111111001111101110111111011111010111101001011010111
111011110111111011111111110010010011111111101111010110111011101101111011111111111111110011101111111011011111110001111111111101111010111010111001111111111011110111000001101111001111011110110111111010111111110111111011010110110111011011010111
111010110111111110111111111100011111111010101111011111111111111101111011111111011011110001101011111111111111110111111111111111111010110010101001111111111111110101101111101101111111101100110011111111111111110111111011111110111101011111010101
111111101111111111111111000111111111111111111111111111111011101101111001111111101011111001101011101011111111111011111111111111011111110010101011111111111011110101111001101101111111010100111001100110001011110111111011111110111101011010011111
111111100111111011111111111010010111111111110111111111111111111111111011111111101111111001101011101011111110110011011111111101111011110010101011110101101111110111111001101111111101110101101111101011111111110111111011011110111111010011011101
111111101111111110111111011010011111111110111111111111111111101101111011111111101111110101101011101011111111110111111011101111011111110010101011111111111001110100110111001011111111001101111101110011111011110111111011111110111111011011110111
111010100111111110111111111011011111111110111111111111111111110111110011111111011011110001111010111111111111100111111111111111011011110011101111111111101111110111101101101111110111101111111111100011111111011111111111110110111111010011010111
111011101111111111111111111111011111111111101110111111111011111101110001111111101111110001101001111111111111110111111111101111111010110111101111111111111001110111111111011111111111111011110011100111111111111111111011110110111111011110010111
111011101111111110111111110110111111111110111110111111101111101101111001111111101010111101101100111111111111110111011111111101011111110111110011111101101001110101111001111101110101011111011011110011111111111111111011110101111111011010011110
111111100111111110111111111111011111111111101111011111111111101111110010111111111111110101101101100111111111110111110111111011011011110011111111111111111111110100101110101101111111001101010001100111111111111111111111111111111111011101110111
111011110111111111111111111111011111111111101111111111111111101111110001111111111011111101101001111111111111110011110111111001011010111111101011110111101111110100111011111001111111011101010101110111111111111111111111101111111111011000011111
111011110111111111111111101110111111111111101111111111111011101101111111111111111011110101101011111111111111110011111111111101110000110011111101111111111011110101111011001111111111011110110111101110101111111011111011110111111111011001010111
111111110111111111111111111111011011111111111110111111111111101101110011111111111011111001101001111111111111110011011111111111011011110111111011111111110101110101111011110011111111011101111101110011111111111101111011111110111111011011110111
111111110111111110111111111110111111111111111111001111111111111101011111111111101011111101101111111111111111010111011111111111111011110010111111111111011111110100100011101011101111111111111101111010111111110011110001110111011111101011010111
