111110100111111110111111111010011101111110111111011111111111111101110001111111001001111001101001101011111011101010011001101111011010110010101111110111111001110110101001001011011111101100110001110011111111110011111011010110101111011110110100
111111110111101110111111111110011011111001101110011111111011111101100101111011101011110001101001111111111001100011011011111101011010110111101011111111101001110100001000111000001111111101110001100011111111110111111011011110111101011010010111
111011100111111010111111101011011110111010101110011111111011100101110111111111011011111001101001101111011001010111111011111111011010110010101111110111100001110100101011101110001111001100110001100010111111110111111011010110111101011111010110
111010100111111110111111111110011111111110101111011111111111111100111011111111101011110001101111100011111001100010011011111111111100110010101111110111100001110101101011101111011111101101110001111010111111100011010011011110101111011111100111
111011100111111011111111111011101011111111110110011111111011111110110011111111111001110001111101101011011011110001011111111101011010110010101101110111101001111101101011101101001111111100100101110000111101110111101111010110101111011011010101
111010111111111011111111111000011101111110111111111111111011110101110111111111001011110011111101101011011011100000011011111111011001110110101111110111100001110111101011101101001111101100111001100011111111110011111011010110101111011110000101
111011100110111010111111111110011111111111101111011110111111111101101011111111111111110000101001101111011011000011111111111101011110110010101011111111101111110110001011101111001111011100110101100010111111110111101011000110110111011111010111
111111100111111010111111111110010111111101111110011111111111101101110001111111101001110001101001111111111111100011111111111111011001111010101011111111101001110111100011000101011111011111111111110111111111110011111011011110101101111110110111
111010100110111111111111111111010011111100111110111111111011111101111000111111101010100001101011111111011110100001111111111101111011110111101111111101111001110111101000111101001111001111111111011010111101111111111011010100111111110010010111
111110101111111111111111111000011100111110111110111111111111111111101111111111001011110001101001111111111011101010011111111111011100110010101011110111110001110111001011101101011111101100110001110010111111110011111011010110101111011111100111
111110101111111010111111111010011111111100101111111111111111111101110101111111101011110001101001111111011111101001111111111111011100110110101111111111111001110111100000111101001111101110110111110011011111110011111011010110111111011110110111
111010100111111111111111111100011111111110111110111111111111111101110100111111111011110001101001101111111111100011111111111011011111110011101011111111111101110111101010101100011110101100111111100110111101111111111011111110101111011100110111
111110100111111010111111111001111111111110111111011111111111101101110111111111001011110001101001111011111111100111111111111011011111110010111011111111111111110111101110001101111111101110111111110010111111110011111011010110111111011001110111
111110100111110110111111111111011110111110111111111111111111111101100001111111001011110001101111101111111111110011111111111111011011110000111010110111110111110111001011101101011011101100110111110111111111110110111011110110111011011110110111
111010100111111010111111111111011111111110111111111111111111101111100011111111111011110101101001111011111011110011111011111111011011110010101011111111111111110111001001101101011111001110111101110011111111110111111111010110101111111111110111
111110111111111010111111111010000111111111111111011111111111111101111011111111101011110101101001111111111011100011011011111111011001110011111111111111101101110111101011101111011111101100110001110011111111110011111011011111101111110111110101
111010100111111011111111101011011101111110111100111111111011110111111110111111011011110001111011111011111101100011111011111111111011111110001011110101101001110101101010101101011110101110101001101011111101110111111111010110111111011110010111
111011110111111111111111111111011111111110111110011111111011111111110111111111111011110101101001111111110111000001111111111101011010110111101111100111101001110110000010111010001111101011110111110110111111110111111111100111101111111111000111
111111100111111010111111111111111111111110111111011111111111110101110011111111111111100001101001111111111011100111111011111111111011111010100011111111101111110111101111101111011111101100111101000111111111110111111011010110111111111101100111
111111100111111110111111111110011111111101111111111111111111111101110101111111101011110001101001111111111111101111111111111111011110110110101111111111101111110111000111111111111101111100110111110111111111110111110011111110111111111110110111
111110110111111011111111111111011101111110111111111111111111110111111000111111111111110001101011111111111111100011111111101110111011110101101011110111101111010111101010011111011111101111110101001111111101110110111111010100111101111110110101
111010100111111010111111111110011111111100111111111111111111111101110101111111001111111101101001111111111111110110111011111111011001110110111111110111111001110011100110111111011111101100111101110010011111110011111011010111111111011110110111
111010100111111110111111111111111111111110111111111111111111111111110111111111011011110111101001101111111111100000111111111101011001111010111011111111110011110111100011101111101111101100111011010111111111110011111111110111101111011101010111
111011110111111110111111111111011111111111101111111111111111101111110011111111011011110001101001111111111111110011011111111111111111110010101011111111110111110110101001101101011111001110110111100011111111100111111111111100111111011111110111
111011111111111110111111111110011111111111101111111111111111111101100001111111101011110111101101111111111011110111111111101111111010111110101001111111101111110111010101011111011111111100110101010111011111110111111011011111101101111110110111
111110111111111111111111111111111111111111111111111111111111111111110111111111011011110001101001111111111111101011011111101111011101110110101111111111101111110111101011001111011111101110111111110011111111110011101111111110111111011111110111
111011110111111010111111111011011111111110111111011111111111111111111111111111101111110101101101111011111011110011111111101111011011110011101110110111101111110111101011001101011111101100111001110011111111110111111011011111111110011110010111
111010100111111111111111111110011111111110111110111111111111111101111111111111101001111001101010111111111111110111111111111111111111110110101111110101111101110110111100111101010111101100111111111011111111110111111011111110100111011111100111
111111100111111111111111111010011111111111110111111111111111111101111001111111101111111101101111101111111111111011111111111111111011110111001011111101111101110111111011101111111111111100101111101011111111110111111011010111001111011110111111
111110101111111110111111111111011110111111111110111111111111111101111011111111111011110101101111111111111111100111111111101111111111111010111011111111110001110111101101001101011111101110111011110111111111110111111010111111111111111111110111
