011011100111111110111111111010001111011111111101011111111011110101111000111111111000010001101101111111111111100001011011111001011010110000101011110101101011110110101011101101001101111111110101100011011101010110111011110100100111010000010000
111111101111101111111111111110001011011011101111011111111011111101101001111111111001110001101011110111111001101011011011101111011010110011101011111101111011110101001010011101001111111111110001100011111101100111111011011110101101011000010101
111111110111111111111111111100011111111100111111011111111011110101111001110111001011110001101001100011011111111101111111111111011011110010101010111001101001110111101010101111001111101101111011100011111111110111011011110110111101011010010111
111011100111111011111011111011001111111011111110011111111111101101110001111111101001110001101011111011111011101111111111111111011010110010101111111101111001110111101111101101011111011111110101110011111111110111111011010110101101011110010101
111111101111111110111111111010011110111101101111111111101111101101110001111111101011100101101001111110111111100011011011101101011011110111101011110101110001110111100010001101111101011111111101010011111111110111111011011110101110011110011111
111010110111111110111111111010010111111100101110011111111111111101111000111111011011110101101001111111111111100111011111111101011010111110001011111101101001110111101010011011011111101111100111100011111101110111111011111100101111010110010111
111011101111111111111111101110111111111011101110111111111111101101110001111111101011111001011001111011111001111011011111101101011010110010101011111101101101110101110011001111011111011110110001100011111111110111111011111110111101011100011101
111010111111111010111111111111010111111110101111111111111011101101111001111111001011110001101011101111111111110011011111101101111010111010111011111101001001110111111011001101011111001101110111111011111111110111111011010110101111010110010111
111011111111111110111111111010011111111111111110011110111111110101111001111111101111110001101011111111011011100001011111111111011011110110101011111101101001110111001011101101001111011111111101100011111111110111101011110110100101010110010110
111111100111111110111111111101110111111101111111111111111011111101110001111111101011111001101001101011111011110011011111001111011011111111101011111100111001110111101010001011011111111101111001110001111101110111111011011110101110000010011011
111111101111111011111111111011011111111011101111011111101111100101111001111111101011101001101011111011111111101111011011111101111010111010111010111101101101010111101011101011011101011111110101001011111111110111111011010110100101011110010111
111011101111111110111111111111111111111110111111111111111011111101110001111111101011110011101001101111111111110010011111111101011100110011101111111101101001110111111010001111111111101101110111110011111111111011111011111111101111011110010111
111011101111111011111111111111010011011110111110111111111111111101110001111111101011111101101001101111111111110111111011101111011010110010101011111101101001110111110011001101011111101101110001110111111111010111111011010110111101010010010001
111111110111111110111111111011011111111101111111011111111011101111110101111111111011110101101001111111111111110011011111111101111000110010101011111101101011110110101010111111011111011111110111110011111111110011111111011110101111011010010111
111111100111111110111111111111011111111111111111111111111011101101110001111111101111111001101001111011111111110011011111111101011011110010101011111101101011110111110001101111111111011111111111100011101111110110111011011110111111011100011101
111011111111111111111111111110111011111101111111011111111011111101111001111111111111110001101001111111111111100011111111101101011010110110101111111111111011110111101010011101011111111111110011110111101111110111111011011110111111011010010111
111111110111111011111111111010011111111011111111011111101011100101110011111111111011110111101001111111011111111111011111111111011011110110101011111101101011110111101011111111001101011111111111100011111111110111111011010100101101011111010111
111111100111111011111111111010111111111111111111011111101111101101111101111111101011111101101001101011011111110011011111101111011111110110111011111111111111110111101011001011001101011101111111100011111111110111111011010110111111011110110101
111111110111111110111111111011011111111111111111011111111011111001111001111111101011110101101001111011111111110011111111111111011110110111101010111110111011110111101011101011011111111100110111100011111110110111101010111110101111011110010111
111111110111111110111111111111011011111111111111011111111011111101111001111111101011110001101011111111011111111111011111101101111111110010101011111111101011110111101011001111001111011111111111111001111111110111111011001110111111011110010111
111011110111111111111101111101011111111111101110111111111111101111110001111111111011111001101001101111111111100111111111101111011010110111101001111101101101110111100011001011111111011101110101110111111111111011101111111110111101011000111111
111111101111111110111111111111011111111010111111111111111011111101111101111111001011110001101011111011111111110111111111111111011111110010001011111101101011110101111010101111111111100111101111111011111111110111111010111110101101011110010101
111111100111111011111111101011011111111011101111111111111111111111110001111111111011111001101001111011111111110111111111101101111011110010101011111111101011110111111011001011101111111110110111100011101111110111111111011110101101011110011111
111111100111111110111111111111111011111101111111011111101011101101111101111111111010110101111101111111111111110011111111101111011011110110011011111111101011101111101010011011101101011111101111100111111111110011111011011101111111011010010111
111011101111111111111111111111011111011111101110111110111011111101110001111111101011111001101011111111111111110101111111101111111010111011101011111101101001110111011111001111001101111101110101100111111111111111111011010110111101011010011101
111111110111111110111111111011111111111101101111111111111011111101111000111111111011111101111001111011111111111111011111111111011010110010101010111111101011110011111010001111011111111110110111100011111111110111101011010110111111011110011110
111111100111111110111111101111011011111111111110111111111111111101111001111111101011110011101011111111111111110101111111101111111010110010111111111101111001110111111011011111101101111110110111111011111111110111101011111110111101011000110111
111110101111111011111111101110011111111110101111111111111111111101111111111111111011111001101011111111111111110011010111111101111010110010111010111111111011110111110011101111111111101110010011101011110111110111011011011110111111111111011111
111010111111111011111111111010110101111110111111111111111011111101110011111111111011101001111101111111111111101111111111101111011011110110101010110111111011111111001110011011111101001101111111010011111111110111111001011100101111010101010110
111011111111111011111111111111101111011101101110111111111111111101110001111111101011100101101001111111111111110111111011111111111111111110111011111111101001110111111110111101101011101111110001000011101111110111111011011110101111010010010101
