111010110111111110111111111010011111011101111100111110111111110101111001111111001011110001101101111011011011101101011011101101011010110110111111110111101101110100001010011111001111101110110101100011111111110111111011110100110111111010010101
111010111111101111111111111110111101111111101101011111111111110101110011111111101011110001111001111011011101100001011111101111011110110010101111110111101101110101101011001111001111101110110001000011111111110111110011110110110111011011110101
111111100111111111111111111111011111111111101110011111111111110101111011111111101011110001101101111111111011100011110011101100011010110110101011111111101101100111101010011111001110111111010101100011111111110111110011010101101111011011010111
111111100111111110111111111010111101111110111110111111111111111101110001111111001011110101101001111011111111110011011011101111011010110110101111110011101101110101111010011111111111101111110101110011111111110111111011111110111111011010010111
111010100111111111111111111110111101111111111100011111111111111101100011111111001011111001101001111111011011100101011011111110111011110110101011110011101101110111000011011111001111101111111101100011111111110111111011110110111111011011010111
111110100111111111111111111110111101111111110110011111111111111101111011111111001011110001111101111011011111101001011011111100111110111010001011110111101101111111101011101111001110101101000101100010111111110111111011010100101111011111010111
111010100111111111111111111111011101111111101110011111111111110111110011111111111011110001101001111011111111100011011111111111011010110110101111110111101101110111101011101101011111101101110111000011011111110111110111100110101111111011110101
111111100110111111111111111111010101111110111101011110111111111110100010111111011111111001101101111111010111111011011111101101011011110110100011110110100111110101000010011111001111001011111111100011111101100111011111010110101111010011010101
111111100111111111111111111110011111111011101111011011111111111101110101111111111011110101101011111111011011100111100111101111011010110110101011110111101101110111100111011000001111111111110101100001111111110111111011111111101101011110010111
111111100111111010111111111111100111011101111110011111111111111101110111111111101011110001111001101011111111110011011011111110011010111110101111110111101101110101101000101101011110111101110101110011111111110111111011010110101111010010010101
111110100111111111111111111111011101111010101100111111111111110111110011111111111111110111101001111011111011101011011111101110011010111010101111110111101101110111101010001111011110101111110101100011111111110111111111110110111101111111010111
111011101111111111111111111010011011111011101111011111111111111111110011111111111111110011101001111011111001100011011011101101111010110110101111111111101111100101101010000011011101110010110001110011111110110111111011110101111101011011010111
111110101111111111111111111011111001111100111100011111111111110111011011111111011011110001101011111011111011101111011011111111011011110110101111110111101101110111101010011011011111101111111101000011111111110111111111010110111111011010110111
111011101111111111111111111011011111111011101110011110111111110111101101111111111011111011101011101011110111110011011111111100011110110110100011111111101101110111001010100111101100111001110111100011110111110111110111110111111101011011010001
111111101111111011111111111011011011111111111111111111111111110111110011111101111011110001111001111111111111111011011001101100011010110110101011110111101101110111111011001011111111111111110011100011111101110111110111010100111101011111010101
111110100111111111111111111110011011011110111111111111111111111101111011111111011011110000111101111011111111110011001011111101011011110110101111111111101111101011111011101110111111101111111101100000111111110111111011010110111101011011010111
111010111111111110111111111011011001111110111111011111111111111111111011110111001010110000111101111111111111100011011011111111011111110110011010110011111101111111101011101111111101101111101101100000111111110111111011011100111111011011110111
111011101111111110111111111001011111111111111111011111111111111111110001111111011011110001111101101011111111101011110011111111011110111010101111111111101111111111101011101111101101101101010001100011011111110111111111011100111111010110010111
111011100111111110111111111011011111111111111111111111111111111101110011111111101011111101101001111011111111100101011111101110011010110110111111111011101111110111101000001011001111111111110111100011111111110111111011110101101110011111111101
111110101111111111111111111111011101111100111100111111111111110111110011111111011011110101111101111011111111100101011011101111111011110110101111110111001101011111101010001111101111101111111101000011111111110111110111010110101111010000010111
111111101111111111111111111010011111111111111111011111111111100101110001111111101111110101101001111011111111100111111111111111111011110110101011110111101111110111101011111111111111011111111111100011111111110111111011010110111111101110110111
111110111111111111111111111110111111111110111111111111111111110111110111111111011011110001101011111111111011100111111011111101011010110110001011111111101101110111101011101111011111101101100001100010111111110011111011010110111101011111010000
111010100111111111111111111111011011011110101111011111111111111111111011111111111011110001111001111111111111110011011011111111011110110111001011111110101011110111101010111101111111101110100101100000111111110111111111111101111111111011110101
111011110111111111111111111111111111111101111110111111111111111101111001111111101011110001101001111111111111110011111111111101011011110110101111110011110101110111110010111111011101111111111111110111111111110111111011110100111111111010010111
111011110111111111111111111111011111111110111111011110111111111101111011111111011011111101111001111111111111101011011111101101011110110110101111110111111101110111001011001111011111001111110111100010111111110011110111110110111111011011010111
111011101111111110111111111011011111111101111111111111111111111110111000111111111011111101101011111011111111100111011111111101111010110110100111110011101111110101100010001111011111111111110101101011111111110111111111110101111111011110000110
111011100111111011111111111011111111111111110111011111111111111101110111111111101110110101101001111011111111100111111111101111111011111110001011110111101101110111101010001110111101111101101111100011111111110111111011011101111111011111010111
111111101111111111111111111011011111111111111111011110111111111101111011111111101011110001101011111011111111101101111111101111111111110110101111110111101111110111001110001111101111111111111111111010111111110011111011010111111111111111110111
111111101111111111111111111010011111111111111110111111111011111101111011111111101011110001101111111111111111101011011111101101111111110111101111111111101001110111101001011111111111111111111111101011111111110111111011111111110111111111010101
111010101111111010111111111110111101111110111111111111111111111101111111111111011011110011101011111011111111100111111111101111111011110110101111110111101111110111110100001111111111101110111111011010111111110111111011010100101111011111110111
