955.3 45.0 197.0 -101.0
1034.8 50.0 287.0 -117.0
1070.0 49.0 284.0 -116.0
1072.5 53.0 270.0 -117.0
1087.9 64.0 259.0 -124.0
1090.4 59.0 256.0 -123.0
1092.8 61.0 265.0 -126.0
1095.1 55.0 294.0 -127.0
1101.4 47.0 203.0 -118.0
1101.5 57.0 258.0 -125.0
1113.9 57.0 270.0 -126.0
1118.2 62.0 270.0 -126.0
1134.0 56.0 270.0 -121.0
1146.9 52.0 252.0 -125.0
1169.9 59.0 239.0 -129.0
1172.1 60.0 277.0 -130.0
1172.8 59.0 264.0 -121.0
1182.2 56.0 307.0 -129.0
1196.3 60.0 250.0 -133.0
1204.9 62.0 287.0 -135.0
1209.2 57.0 284.0 -136.0
1210.2 60.0 241.0 -131.0
1215.1 64.0 319.0 -127.0
1215.9 58.0 319.0 -134.0
1239.9 67.0 290.0 -133.0
1241.2 62.0 318.0 -135.0
1244.0 62.0 266.0 -131.0
1250.9 64.0 240.0 -128.0
1420.7 69.0 291.0 -152.0
1438.4 65.0 353.0 -151.0
