00100000011100011110001000010101001100001011000110101101000000000000100011011000000100000111010000101110110110011110100110011000010110000100000000000000111111010000100101000010001001011100001011000000101000000000000001010010110000100010110000001101010000100000011001010000001001101110110000
00011000000000010110101000010100001010001010000111000011101000010000101111101100010011000111001010100001111110111110000100001100111100011000100000001010110011010000110101000100001000010000000101101001111100000000001010010010000000100010111000101101001101110001011011101010001101100010111001
10101100011001000100100000010100011110101101100010101101101110111010100011000000100110100011011010110111101111111011100110100100001000000000000000010000010001110000100100000010000001010000000000000010101000000001100001010101100000100010100100011001100010111001000111001111011101111000110010
00101000010001011001100000010001001000000001000010101001001001100000101111101110000111111111000011010101101100111010110111000001001000000011101110001111010111010001110101000111000110010100001100111001111000000000010000010011111100101010000000010001000000100000010011001000001101001100011000
01111110101101111110110110100011001100011011001000111100100001110110101010111000000101001111000001010000011001001011101110001001001001000001000000100110110001010001100100000101000011110000010010001000111000000000000111111111101010011011111000000101000000100000110110001000110010100010110000
10001000011001010000000010010110100100101111001111101101000010010100100111101000110110110000001000010101101010101111001000001101000010000001000000001100010011010001111101000011000110011100001000000000111100000001001110001000001110001010110100101100010101110111111111000010011101110001110001
10000000000101010100011100000010001100000110001011101010000010010110100011001100000110000011000011110010001100101111100111001001101101011000010000001010110011010000100100000101010001010100101110111010010001011011101111101000101010101010011001000001001011101001110110011011011101100010111000
11011101011000011010001000000110101111101010000011101001100000101000101111101000000010100010010010100001101101001111101111010011101000011000000001010111100011010001100001000010000101010100000100001000111000100001110101101000000011110010011110000011110010100010011101111000011101000010111101
01011101011100001100001000000110001110100101111010010001110011010100100110001000000100101111000000011001001010111110100110000110001110010011000000010000011010001110001011000100011001110010000110001000001100000000010101001000001111010000010101101000110000111000011010100010111010010010110110
01110001011001010110000010110101000110000111001011001001001010101100100111100000100000000011011001010011111111101011001011000100010000000011100100100001001011010000101111001010001011011101001000101001111000010000001010100000100000101011001101001001001101100001011011110100011101100010110010
11011001011101001100100100000010001100010011000011101001100010111000100111101000000111010111001000100000111100101101110111100011000110000000010000010001100011110000100101000100001101010000000011111010110000000010011101110011011101110010000000101001000111011101001011110011001101100001100100
00000000011000011101010100000010001000000101100011001001000010010000100111101111110001110010010010110001101101111011001110011111000100000000000101011010110011010000010001000101100111010100011100101011001100001001110110101010101101100010110001010001001011100000111101100100011101110100110000
00101100111111010100001001000011001100010011010010111101101000111111011111111000101101000000110110100101010111101000100110000001000000000000000000011100011111010001101100000101000001011000101000110101111000000011010101000001000011010010000000000001000000100010110010111000101010111110110010
10001100011001011010101110100101001110011111000110101101010001101000100110011001010000110110001001010111111110001011101010000010010101000011100000011100010011011000110111001100011001000000000000100000111000000011001000110010111001011010111100001001010101100010010010000000001001001011110010
11011000011001011110001000111111101100000001001010101100100011111000100101101001110000100010001001000110011100101011001000000011101001100011100001111010000010101110001100101110000001000010001110101011011100100001100101111011100001011011011000000001000010100111111010000000011001001010011101
00011000011000010110111101110101001110011000111010101101001001101000100101101000100000000010000000011010111111101011010111010110101101000000110000011011110101010000110100100110000011011101001000010000101010010001000000010100100010111111011100011101010000110100011111110000001101011000110100
11011111010001011100100000000000001100100011110010100011101000111110100011101100000000000010011000110100110001101111010111000010000100011000000000010000111111010000110100100010101011000000011000010000111010010011000100100000010001101010110100010101010101100111010111101000001001111101010010
10001101011000011000110100000010000110001110010011101100000101001000100111101000110100010011001011100010101111101010000111000011010100000000101001001000100100001110010101100101100000001010001010111011001111111111100100111000110001101010010010000011110010110011001111010000001101011100110001
11011101000001001110101000000111001100010010110011101000110011101000100011001000010010000010010011000011111111011111101110000010101101011010110001111000000011010000100001000101000011010000001001101001111000101111101011110100100001101010100000001001110111100000011111001100011101011011110000
10001000011000011110110001100011001100011111000011101001001000110000100111000000000001001111000000111001001111111010100111001011100111000100100001110010011100010001110101000010100000011010001001001110101001010100101110111101100011010111000000010101111111011100000111010011011101110010101001
10101000001101011110010100101101111110011010110111101101001000000000101011001101111101101111010000011001011100111001000110000001000111000100010001110011001001110111010101000110000100010010001010111001011000100011100100011110000010010010000100111001000100110000110011001000011101011101111011
11110101001001010100101000010000001100000010100011101100000010001110100101100100000100010010010001010011101111101111101110010100000101011000100001001011100110001111010001100100100011000010010011111001110000100110101110111000100001111110011101011001000101101000011110101000001101010001111001
10101100011000011100011100010000000000000011100110101001100001100011011110101001000011001110101100011100111110110010110101000101010000000011100000010011111011110001100101011100011000011001001000000010101100011000011010010010100001111010101000001000010000100001011111111100011101010011111000
11111111001000000100101000000000001110000110110011101001101010010010101101100000000101001111011001000001011011101101010110011011010100000000000010011010010011110000100101101110101101011101000001010000101010110000001110111010100000001011010110001101100101000101010011111100011101111011111100
00011000010001011100101001010011001101010010010011001101000101010100100111101100000101001111011011100101101011111011000101001011101001010000000000110011011111110000110001110010111000110000101010000000000000000001010101011101110101101010001100101001110101011100100011110111001101010000110100
00101000011001001110001000000111011110011001010111101001001110000000100011100011010000000010000011100011111011011010101110101101000110000000101101100100010011010001100011001111101001010100001101011111010001111101110100011100111011100111110000011000010010110100011001101000011101000000111001
11000111011001011101000001000001001100000100101011101100010101110110100110101000100001011111000000010001111100101000100110011010001000011111001111010011110011010000111101101000100001110000000011001001000010011011101010010011011011101010000100011001000101101111110011000000001101000100111100
00001000010101000100101011010000001110001011000011001001100101111000100110101001000001010010001000010101111110101011100100001100000000000000000101010011100011010000110001010010101101010000001011101011101010110000111011110010101110001011110111000011110111101100101011100111011101000100010010
11011101001001011101101001100011011100010011001011101001100111000011011111100100001000101011110111110111101111001010110111110101000100000100000011101000110011010000111101000101000101001100001110001110111000110011101111011010001010001110100100001001110111111000010111110011011101101011110000
11110101001001011110110101010100101100010101001011101101110111111000100111100100000001111111000011100100101100101100101100100100001000111111100100110001110011110000111101010110001101000000001100011100111010000111000011011010101010001011000110101011110110011100011111101011000101100111111001
