00001100001100111110101000011111001100111101000011101010100000001110001011111010101000110010000010100010111101001000101111010011000111100111010010010100010010011001101101000110001000110010000000100000011100000100001101111010010010100110000011010101000001100000011111000010001111100000110000
00001100111100101100011100010110000100010111000001011101101010000101000010000111110000010111010111011001001111101010100100010000011000011100001111100000100001010010010101000100100011111010000111001001000100000111100001110011000000001010001000001001010001110000010110010010110000010001110010
01001000001000111111110110000110001100010011000011101101101010010100100111111010111000000100010000100101011010101000000111011011010001100011011110010001110010011000011101101000101011011000000001100001101110010000000101011000100010000011101000101101000000111100110011010000001111100000110000
10001100001001011010000001000011011101011111100011100111000111111010101010111100011010100000110000010100111000001101100110011001010001111000000000111100010010010101001101101110001001011100111000001010111010000010001101011010000110001000000000001100110011001011110111110011001111000110110010
11011100000001010110100001100010010110000000000100010001010010101100000111101000010110110101100010110101101010101011000100001010010000001000011001100110000010011011011100001110101010000100101101011001111000010011111011110101010100001010010000010100000001100000010110111000110110100010110111
01011101011001010000100001000000011010011011001010001001010100001010101010011001110100000101000101100101111100001001100110100011001101100000010001010010011010010001000100000010000111010110011110011111001001010010110010000100000000001011100100110001100010100110111011110011001011000010010100
10101100011001011111001110001100000100011000110010100001100101101000010011010110100001001011100001010001011110101110010010011010001000111000001111110000010000010100011001000111000111011110001001011001010000101010100001000011000010101010011010011010000101100000101101110000001111010001111000
10010100011001010110101000011010101000001100000010101000110111001000001011111000100110000111000101000101100100011010100111011111110000001000010000111011011011010110100101000010001001000110000011001001010001000000001110111100100011101011110000001001010101101000011111100001001111100001010000
11001001011001000101101000000101001110111100101011001001000101110000111111111000000000000010100000010101110100111001011100010011011010100001010000000000010010010110000111000010101110011000011010110001111110000000000000110110001000001111101000100001010001101111110111100000001111111011110000
11000000101000001100111101000110010001100010000011001101001011101000111110110110000100110011110100011111101110001010111110011011011000110000011011011000010000011001001111001110001101011010000100001100101000110011101100110010000010011110100001010100100011100000001101010000001111000011110000
11010100001001011010101101100101010111011110000000111001110000000010000001101000010100100001100000110001011111110010001001100000111000101000011001011111011000010101000000000110000011010010010110010011000000101101111000100001000101100110110000001001100011011000010110100011110100001110110001
01000000011000010110000000100101111010000011100011001001000000000111001010011000100000100100000110110001011111101010100011001100100001000011110001110111001000010011001011101111111001011000001101011001111111011100111010110011100010011110111000010111000001100100110101110000001111110010110000
00001101011001001000001100000000011111000000110011000101111010001000101110111000000001110111111000101011011010101110001111000000111100110101011000001000000000111000010101100110101100010110000100000000111100000000000100011101000011010010111001011100001000100110101101000111001111010100010000
00001000010000010100010101010000010100011111001011000101100101101100101111011000100011110011110000010110110110100100000111010011000000001011100000011010111010010001000101110100100111010010000100001000011100000101111001110100101000001111000100111001011101111100010111100111001011100001110010
10001100001000011110111101001100011100001001100011100100100000000011000011111100110100110111001100000101000101110011000110011000111000111011110001110010011010010010000111000110111111011110000001100101111000000011101000000100000010000000000110000010010000000101011101010111001111111101101000
10001100001001011110011101000111000111010011110101010100100001111001010011000000010001000101001100011101011111000010000111001001000000000101000011101000000111110010111111001110011101010000001001011001000100100111101001100100000101111010000100010000001101100111110100000000110100010001111000
01001100011000010101101110000011011100001010001010101011100010111010101111011111100000100111100010101001111111011011001101011011011011010110111110010010000001110000000000000100101001011101000001100011011000000101101111100000010001100110100001010000010101100100111111011000001011000100111010
00101100011001011110001000100110011000000010001010101111101000111000101111010000010001100111101010100001011101101011011100010001000001000001000001111101100011010101110110000110001111001010010010101011011001111110100110010010110001011111111100000000101010100101100111010000001111100011110000
10000101011001011010111101010110001111001001001010001100011000000110100110111100010001001101000010101111110111011000100101010001001000101100010001010100011010010111101001100101001001101001000001001111111000000101110101011010111100100110000100011101100010000100000111100000001011100001111111
00001100001101011110111110100111011111010000001111101111100100001001011001110000110011000111010100010000000011101110000110011000101001100000000101101001011010010010000011000100001111010010010000011001111011111001101011000010010001110011111000001101000101110000000111110000001011101110010001
00001000001001011110111011100000010100001000000011001001100110001000001111111110100100011101011111100111110101101010100110100010111000110001111111110011110010010110000011000000011011010000010100011011010101110000010000010010010010000010100101010001010111110011011111000111001111000011110010
01011101001011010100100001000010000000100111101011101001111001100111011001011000101101010011010100000111010101001011110111001011101111100011110000010010001110110101000101100110000001001011000001010011001010010001001101111101000010000010000001010100110001001010010011110000001011110000010010
11011101001011011110101110011001011100011101001111001101010000000100001010111010000010000010100111000000011110011011000101110000110001100000011110110001100010010011000011000101001011000000011001000001111101100001010000110011000010101110001000001011000000111111010111100111001111100101111000
00001100011001001101001011010100111110000010100001110011010111110110100101101001010010110010100001010101011110101110000010001011001100000000010001011000010011010110110001100111111011101011001001011111001010101111101010110100101000101010110010010011010111100010110100010010110100001010110111
10001101001001011010101011011100011110101010010111001101010011111010101110010010011000101101110010110001111010101010001110111001101000101001000110111010001000011010010101000100101111011110000001010101111000101000001000110100111000001010011100010001010101101100101111010110001111010001011000
10001100101101000100101001100110100101010010001011001100110001111001101111111110111111000011110011100101111111101011000101011111101001011000001111101000000110111001110101000110100101011000001100111111011000000110101010000000010001011010000001011111100111110010011011011000101011000011010011
11011101010001011101001100000111101110010001000001110001010010010100111101001101111101000111100000001101101110001110011110000101111111000111100001000111001010000001000101100101101111011101011000110011010010100010110011000110010011100111110101010000110010100100100110110000110010100001110010
11011100011101001111110110100100101011111010100011001001111110010110100111111010111000000101101111100100111111101011000110110111001010000100111001111010001010010011010101000110001011001100000011010011011110001011110000010000100110101110001100010101110010101101010101111001001011101101111000
10001101001001001001010101001110001010100000111111001111011010101000100110111110001010110101101101100101101001111010100000001111001000010001100101000100001011110011010101101100100001001111000100111011101000111110110100111010100111010010001000010001111111001010010011010001001111011101110000
11001100011101110110001110000100011100110010110011101101010111111101010001111101100001110101011100010111110011101110100110001000101101110000011001110100011110011000110101000110001011010011101001100011011001100100100000010010011010011111111000001100100010110101110111100100101111111100010000
