917.8 55.0 241.0 -113.0
921.9 50.0 213.0 -107.0
933.6 55.0 208.0 -113.0
955.8 49.0 228.0 -113.0
961.3 47.0 249.0 -108.0
973.5 45.0 238.0 -103.0
1004.9 50.0 240.0 -112.0
1038.6 57.0 240.0 -118.0
1084.9 60.0 253.0 -121.0
1095.3 54.0 285.0 -124.0
1097.4 56.0 262.0 -128.0
1103.4 59.0 275.0 -126.0
1107.0 53.0 281.0 -123.0
1113.0 52.0 259.0 -124.0
1120.6 59.0 277.0 -123.0
1123.3 63.0 238.0 -125.0
1129.1 59.0 247.0 -119.0
1156.9 60.0 219.0 -120.0
1159.3 58.0 302.0 -128.0
1162.3 67.0 297.0 -129.0
1180.3 62.0 255.0 -124.0
1183.9 55.0 286.0 -128.0
1185.7 53.0 260.0 -128.0
1190.7 64.0 310.0 -137.0
1194.2 62.0 264.0 -137.0
1196.4 59.0 288.0 -131.0
1224.8 63.0 245.0 -131.0
1237.3 52.0 267.0 -127.0
1243.4 64.0 270.0 -132.0
1279.6 61.0 279.0 -140.0
