00001000010100011100100001000000001110000001110011111101001010000010010011001000110001000101100010110001111110101011000011110101101100011011010011000000010010010100000100001110000001010110000001100001101110011001101000111111000110011010000000010000000001100000011101100010001110010000100100
11011000011001011111000101000000101100011001000010100001001110101110010011110000010101000011110000000001001110100100101110000001011000100000010000110000001010010101000001000110000101011110000010100011000000010100010001011001101110000100000110000001110010001100010100110001110001000100001000
00101000001100000100101001000001010100001011001010010001001111110010010110111000110101100001100000000001100011001000000010001001001000011100011000010011110010010110001101001001000101110010001010001000011000000000011001110001100100010111100110011000010001101100010011101111001010100000110110
00011000010001011010000000001001000100001000000011111000100001000111010011101000010000011111110100010111111111101110001110011101100001000000000000100000111010011100011001001000000011011110000110101000101001010000000100011011010010001010010000000001000100000010011111010011011110000010110010
01011101011111000110101010000001000100001001000011011010100101110001101110101101000000010011001101000000011110100110111100000100001000000010110000101000101010010100001001001100101001010010000000000000010000000101110100001000010110001111010000000101000000000100111111101011001110000000100000
01011001011000010110001001011100001111001000000010110000000000001011000001100000110010000110101100100001011010101000001111101001000001000000000011010101000011011011100101000000000011000010000000011001111100100100110001000000101100000010101000010001000000111001000111100011011110000010100000
10011000011001101000111001000110000100000000100010111101001111111010010011100000000000001101111000010011111111110001000100000011000000000011110010011000100000010100010001000000100001011101010001000001010100000110110101010010110100101011100001000000010000100011100001110000001010010001111110
11010001011101011000000000000000010110101110100011011001001110010010010000101101010010110101100001110000111110111010101111000011001001000011100000111010010110000100000001000101100101010000000010100010001111011000011000010001010100011110011000010000010010101100110001100000001110010110011000
01111101011101011110110001100001010110001011010011000001100100000110010011011001010001110011100100101100101111100110001110000001101000100000110000111000100000010110001101001111100101010010001000010001111000000000011000000000001101100010011000010110010001001000001001101111110101010000100010
10001101000001011110001010100001000100001100001011101011011001101001101111011000010011010111010111110111100100101011101110000101000000100000001011101010000010010111000001000110100001011110110001001000111000000111110000010010110100001110010100110001010000000100011011110000110101000100100000
10101000001000110101000000100011000100010000001011111001001110010110010011011000100000000110111101101110001110101001001011000001000000000011000001101000100010010100001111001011000100011111001011111101111000100101110100001010010101011101000000000100111010011111110111111001011110000011001100
10000000001000011110001000000110001100100000100010011001000011101100101111110001010001001111010000010011011001101010100000100011010100000000001001110000110011011010100000100111011001001101111101001000110010000011111110111010100111110110100000001001110011011010010111110000001110010010101100
00101000011111010000101011100100110110001011000011010001001101101101010001111000100100111011100101110001111111110110011101100111000000000000010000111110000010010111010111000100001000010010000001110001011100001000010000001000100110001010010100000001010000100001011111101000001110000100111100
10001100111000011110101000100100100000011000110010110100110101101000111001111000110001011011100001011011101101101110101110001100011000011100110001110101100110010101000000010101110000010011001110001000111100101000000000100000110110001000010000011001010010110000010111000000001110010001101000
10001010011101011110011001001001011100101110101011010000100100000001001011101000010001010011010100100001011101001001000110100110101001000011111001111110010010100100010001100100100101011110000001100101000010110001000100001001001000000010101000001100110010100010010111011000001111110001010110
01011101001000011100111101000010000000010001010000000101100111100100101101111001100101010110010000010101101100101110010100111000101110000000010001011001100011011010100010000110101001000000001111011011011100110000010101011000100110001010111000010101010010100000011110100000110101110100110010
01011101001000011100101000000011001100010000100011011110010000000000101111110000000011000011000101010101111101000001101010000010011100011000010001011011001011011010100001000100111001000010000010011111101010110001111001110101000100001010010001111001110010010000011101100000011110010000000100
01011101111000001100100001000010000101000000100011110100100101010000111111101100111001010101100000101101110101101100111001000001101001011100010000110011010001011011110010000100001001000000000001100011010101110010000001110001000000000110010000000001110111001100100111000001011110111000110000
10010100001001001101011110000111110000011010000011111111101010001100101110101000000101110011000011100001000101100011011100000011011000000000000011010000101110010100000001100110111001010010001100101100001000100001110001010010000100010110110010100011110010110010010111100111001110001011111110
01111101011001010110001001001000000100100110101011011010110100101001101111100001010101110001010110100101101111111011001101001010001000000000010001011100100010010100011001001110100011010010000000000110111001000001010000100000000111010110100100111101110010010100011111101111011110010000000000
11011100011100011100100000000010011100011011000010010101000101101110110000001100110101000101110011010101111110001110001010000001000010011000000001000011000110010100000100100001000101010010111111001001110101110010010001010001100101001010110010010011001000111000011101101011001110100001011000
10101000001001001000010101000010011000011110110111111001001101000001101110101000110010110101000101011011101000101100101110000100000011000100010001011100101011011011101101001100000101001100000010000010010001011011100100011001001001001010010100110001110010101000111111010001011110011100110000
01011001111100010110001001100110001100010000100011111110000100000110010011101000111000011111100100100001001101101100110111001010111000000011100011100001000100010110000001101010100111110100100110001000000110111000010100011001000111110011010100001001110010111000000111101001001110110000010000
00110000011001011100110100100000011101000111000011011011100111111111010011101010101011111001101001110101001101001100100111110001011000000011010010110010001010110111011011001101001011111010000100000010010001011000011000100000100100101111010100100001000101101100110011111011001110000000110000
00001000111000011110111100000001000101011010111011111100000100000011001011101100000010011111111101010001101101011101100101011001011001011010110001111010110111011010111001000101000001001000000000011001111000101001001001001011000010001110010010011010111001011010011111010111001110010010100000
11011001011000011001001000001100011100001110110011110000101100001001101111111000110110111001000000100111111111101110000111000001101110001000010000110000100010010110000101000100000111011110010110001000111101010000010100001100000110010110010100010001010000100100010111111101001110010101010110
10101010001001011010011100000011011100011001110011110000000101111001101111001001110100100011010101000100101110101110010110000001010100011011010001011000110000110110000001000110001010010010100110000100001100001110111001010001101100000010010000010010111111111000000101001111011110010101010110
11010001011010010100101000010010001110000000000011111010110001111010010010001100010101001011111101010011101011101111000110010110011001011100000001101100000010011000010101000110000101010000010001101001011001100000010101111011011110011010010000000001110000001001001111100000001110000111111100
11110101011001011110101001000010110000001010001011011000100101110110110010111100011000100001100001011010101110011100001110011001000110010001010001011001001011011010100000101101100101101000001111011100011010010001110001100000000000001011110100110001010000001100111011101111001110010001011000
10000110011100011001101101000110000100011010110011010001011010001001101111111000110011011011010111100011111100101110001111000101100000000001000001010011100001011110101111101000001111000000000010101011011111110000010100001000000111010110110101010001000010101100110111101101011110010111011000
