10001100010000001100101000000000001100000110000001001000000000000011101101101010110000000010100011101001011110101001001110000011000001110111110010011010100010111000010101100111000101010000111000100000111110010010001000000010000010001100000100000000010100100100010111010101100110000000100100
01010100011101001110111110010001001110001010010001100101111110010010010110000000100001000010010100100001101100101010000110001001000000000000010001110000110010010110010001000101001110010010001000011011111000000100001001100011010000000010010100111011111101000100110001100111100110010000101000
10001000000000000111100010000100001100000111000100101011000000000010010011001100010010000010010111100001000110111001101101010101001100111010100101011110100001001001110101001100000101010000000011101101011000101001100000000000011000000010100110010001010010100100010011000000100110000101110010
11010100001000011100100101000000001101001101100000100101011001010010010010101000110000000010011101010001111111101001001001001100000110100010101000010001110010110110000101000110000101010010001000101000110100000010010100100010100111101000100000101100010000111001101011100011100010110001010000
00101000111010011110000000101011100110100001000000100001000010000010010001000001111000100000010100100001011010001110000111111011010000111100010000110011111000010111011100001111001011010011001000000000111000000000001100111010101001110011110010000010010001110100000111101010100010000000110011
10000100000011000001101001000000001100100000000000001110000011101110010111101010110000100000000100100000011011001101011000101101101000111011101110100001000010010111100000100111000001111111001000111100111011110101110000110011101000010011010000010000000000101010000011110000100110110001111001
00001100011000011101111100100110101100010001100011010101010011000010010011111000100011000100000111010000001111000000000110000011010111000000000000011001000110010010100101100101000101011100101010101000111110000001000001000000100000001000101110001010011000111000010110010111011001010100110000
10011000000000011110001010010101011110100111000000100001000010000010010111101000000011110101000110110001001010111010011011100110111110100000011001111001011010010110000001000100001000010010000001101011111001101001110000110110100110000010101000010001010110101000011011100011100110100010010100
00001100011000010010101110010011101010110001000010010010000001101010010111011011110000100101010110100000010111100010011100101001101000101000011111100001000100110010000001000100101110111110000000100011101100101100100000010011100010001010111100000001110010100100011110010000011001010000111000
10001100011001111111111111000101001100010011000001001011100011011010010110101000110010000000011111011101000100101001101111000110111000111100000000111010101010010110010101000101001001111110001010110000010101000000010100001100010011011111100110010000111000100101010111110000100110000001111000
10000100011001110111010000001111001100100011110010011101000001111010010011110010110000110111010100100001001000101111100111001111001000000000011110100000000000110110000101100000001100011110000001001000111010011010000001000010010000000010110101010100111000101011000100111011011001010101110010
11010001000000011100111111010010001110010011100000011001010000111010010011110110110010100010000110110001011100001000001101101111011000011011010000110001010011001001111001001100001101001100000000100000111101011000011011110010000101100011000000001001010101100100110110100101011001000101110010
00011000001100010110011101000110001100011000010011011011000101111000010110111010110000001001010101000110100101111101000111010111000101000011111011000000000001011000101001001100000101011000000001111001000101110010000011000010100000011111110000011001011000110100110110111000011101010000110110
00011000001001011010111000101010000100001001010101001000010100000110010111101010100010100000000100101011111110101000000111110110100000111000001111111000011010010110001111001101001000010010001011101111111001111010000111110010010010000010100010011001110111000000010111010000100110100100110000
10000101111101001110110100000100001000000000001011110111001100101010010110011000110000000100010101100001001110101100000100010111001000100001000001110110101010010011000001000111100100111000001100111011000000110100101000110011110011010011100100101000110111111100010010111011011101100011110110
11110001010000011110010100001000001100001110001000101011100100000010010011100111010000000011010101100001110101101101101001011001001100111000001100111010111010010111001100101101000001001111001010111001011010010010001010110010110010011110111010000111000001100000011111110000100010101101111010
10100101001110000110101001001001101100001001000011101011000101101010010011101100111000100100000101010101110100100010100110001101111000010000010001111010000010010111000101100111101111111110001010110001010010111010110000110011100010001110101110010000010000101100010111111001100110000000110000
10001000010000011010001100001010011111010100100000101001000111101010010001101011110000000100011110110001011111111010101011101100001011111000011111010101000010010111000001000101001101010110010101111001111100001101100100110010110010001010101000000101111011100000100011010000100010001001110100
01011101010100011000101010010110001101000000100000101101101001101010010101001101110000000101010111110011101111111011100101010110001000010000010000010100010111011001110101000000100011000100010000000000111100000000010101101000001101101010011000000101110000101000011111101000100010110001010011
11010111010101001111101000111111101100100110000001101101000010100010010110101000110010100010010111000001010110111000001000010010011001100100010001110010100010010110010001010101101101010010000001010011000110110100110001010010100110010011001010000011110010100000000101101000110110000000110000
01011101011000111110100110001111000111111010000100001000000011110110010101001100110000100100011111111010100110100001101111000110011000110110000000111101000011001101110001000100000100101000010000011000111100010100100011110001001010101111000000000011010000100111111111110000100110000011110010
00011100010100011100110100110010101100100011001011101011101010100110010011000000110000100110010110110001101111111000101000100110010010101000001000000000010011001001010011000001101101011101101000100010001000010100001100111011100010000011000001011001001101111000011111110010100110001101010111
01011001001001010100101100100100001100011011110001001100010011110010010100101100000000000010010110010001111111111011000011000010101100100010110001011000101000010111001000001100000011010010010011101001101100111101111000110000100100001010111111011011010111110001110111101100100110010011110110
00000000110001011110101000001111101100011010001011010001000000000011101011110100010000100010110000100001101010101000000010100111000110011100010001111001001011101001110101001110101100000101110000111011011000010100110101110110001101110110100110110010110110101100011110100000011101000110111000
11011011011001000110111110000101001110010100001000001000000000000010010101001100010010010111011111100010110101111111011111000111000000110011110001001001000010010110001100101101011011010010001100111011000010111011100000110111000000011010010100010100000111001100011111101101100010100100110101
11111101001001000101100100000011001100000001111100000000000011110010010111101010000000000100011101010001011111111100100010001110011100010100011011010111110110010111000100000110000000010010000011101001101000111011100110011111000011101010001101010101000000100111110111101000100110110011011100
11010001010000011010101000000110001100000111000101101011000101110010010000001100100101011000011110001100111111111100101110010011001111111100000001011100011011011001011101000110001001000010011000100001001000000100110001110010110101110010110110010011010000100101111111100000100010000001010100
11011001011000000011101001010111101100001100000001001001000111110110010111101010110000000101001100110111110110100010001100101100001001101010110111111010110010110111000001100100101111000010000100111001000100000101101100100011000001101010001101010101010101100111100111100000100110000101110010
10000101110001001110101001001011001000011011111101000101001011010110010111101110010000001111011111111001111000111100000111100101010000111000010111111000110000010111000101101111001001011110001000011001111010111110101101111001010011011010100000000001110111001000101111010001100110010001110000
00001001010000011110001010001110000100011001101011110001001001111010010111111110100100000111010111110001111111111010001110000011001000111011101111111000100111101000111001000111000101001000001011011100001001010110110001110000110000001010100001011001110011111001010010110111011101010011110110
