00001100011000000110011100000001001100010101101001100001011010001011001101001001110000100111101010100001001100111101010111000001111010000000010000100010000010011100010101100101000100001011001011000110111110101001000000111011110010000011000001001100100101111010010111110011101110110010110011
00001000011000011111001000001001011100000010000011011001001011110000111111111000110000010101101111100001001110111010100001000111100000100000001000100000000010011101000101001111001101001111001010011010111011010000000000000000100001011111010000001101010000110111100110010110010101100000011000
00000100001101001101101100010100011100011000000011110101000010010000111101111001110000110101111100100001111110001010000111000100011000100000010000000100100110011101010111100110001101000010000000000010001110000101100000010000001000010011000110000001100100101100111110101101010101010110011010
00001000010001011110111100010101101100010110000000101101001000000111000001010000110000100111110001010101101110001111001110010001101001000011011000110010010110011101010100000100100111010010000000000001101000000000001010100000111000001011111010000011100001101100000011010101101010100100110001
01011001111000011101101100101000011010010000100010011001000010101000111111111000110000100101100101100001011110011101100111001100000000100000000000101000111110011100010100000101000101001010110001000000111100000001010000000000001100111111110100010101000000100100010110101000010001010000111000
10001100010000011101110000000010001101000100100111110011000110001011011111001000110010000111100011100001101110111010000110101101001001100001010100011010011110011100001111101000101101000010000000000010000111010100001011110010000000000110100000110001010101100010011010000000010101100001010000
10001001001001001010100011001011011110010010111011111000000000100000111111110001010011100101111101100000010100101000100110001101001000100000010001100000001110011100001101001000101001001111000101111011101000000101100101111101110100000110100001010101000001001010010010010101010101010011111000
10000100010000011110101000000010110100010001001010011100001000000000111111110000110000110101100101101111110111111101101111000010010101111100010100110011000010011101100101000100011001101110000010000010101110000010010000010001100100100010010000010000001110100000110110110000010001100111110110
00000000011000011110010110111101010001001011110010110001101001000100111111011110110000000101110110000011111100101000100010000101000001111000001111100110000110010101100100010110100001001010001110011000001100101101100000101000000100000010100001010001001000101100011110010101010101111000110001
00110100110000011101100000000010111100001000001011111001010011111111001001011010010010100111111010011000101100001001010110011001101001100110000101010001110010011100011111001110001101100010011101001111011101011000010001000000101110011100100000000000110010100101110110101000010101000000011000
10000010010001001010111110000111011100110111100011111001001010000000111111111010010000100101110101110001010111111110101101001001000000100001001111000011000110011101100001100110001011001110000001001001000111111000010111011011000101011010011110010001010000000110000010010000010101001001000110
00000000001100001100111111000011011111111010100011111001011010000000111101001000010000100101100100100001101110101010100101111000101011100001000001001000111110111100111001100111101011000010001001001101011010101001011111011010100101010010001000001101000011110000011000100111010101110110111001
01110100111000011000011000001000101110000001000011111101101110000111011011111000110010000110001000110101100111101001000111001000100100100000010001110110111100011101001101111110000101101110000010111001111110111001111010110111000000000111100100010001010011101100011110111000010101100000110001
00000100110001011010000110110111101010010101000011111111001110000000111101010100111000110101101110110101101111111001100111100001010000111000010001111010000110011101010101000110000001101110010011011011011000101100100100011000100011100010001110000000100010100101010110010000010101001010111001
10100100011110010110011101000011110100000110101010011011000110000100111111111101011010100101100100111101101000101101101101101011000000111100000001100100100110011101111111101100001000011010000000010110111010110011100101100000100011010011000100001100100010001110010010011001010101000100110011
00001000000000011100111100000011001000011100000011111011001101110000101111101000010000100101111110111011110000101111100010101111011001111000000101001000000000011100011001101101001111001010001111101001011100101000010100011001101011011011111000000101010000100111010110100101010101000111110010
11011100111000000110110001101100000100001100101011110100000010000011011011101001011000010111110001100100111010100111100110101111101000100011110001110110101010011101000100000100000001001111000010111001010110101010000000001001001010000010011001010001000000100000110110100000010001110101010111
00001000011100011110101001010011001110000111010110010001001000010011010010111001110110000111101010000011111010101011110110000101101000100000000001110000111011110010111001000111011101010000000011011111111100101000000100011001000001100010011000111001010010111001111110100111010001000000110001
01110000010001111111101110100011000100010100000111011001001110000011010011001100010000010111101011101011001110101001100100001001101000110100100011100110110010011101000101001111111000010010011001101011111000101100100001010010000000000010111110010001110010101000010110100100010101100100011001
01011000001000011110111110101000011111001011110011111100000000110111010101111000110010110111110001110011111110101001110111000100001001100000010001101000100010011100000101000100101000001010000000111111001110110101101011000001000100100010000000011001101010110100001110010101010101010000010001
00000110010100011010100011010001111001000000100011011100000100001100111101110001110000110101111111100001011111001011110001010110101000100000010100010110101100111101101101101011001011101010011101001000010111010011000000000010001100000011100001010101001000101010000010010011010101111000110000
01000101011001110000101100000000011100010011111111111111101000000000111111111000110000100101100111100000011110111110100010000101101101100001000001011111000100011101000100100101010111000010000010111001111011111101100000010000100000100010010101000000111010101010000010000000010101010010111001
10110000110000011101100000000000011100000100000111110001001101110000111111010000110010000101111111100011111110101111000111001001001101111000010001010000000010011100000101000101101111000010101001010011111100101110110100011010010100011011111100011001010010101111101110101001010101100011111001
10011100001001001100001010001000111110000000001011111111100110111111010011110000110000100111101000110001001100101011100101101001100100100001010001011101011010111101000100100100011010101010000110111011111110001011110000000000110000100111101110000111010000100111110110110000010101101001111001
11001001011100001110111110010001011100000000100111111010000000111111001011101000111000100111111011100011101011101101111110000001001000100000000110111110011110111101010101001100001100001110000010011100011100010010000000010011001000010110111110010000010000100111010110010101000101111011110000
10001100011000111110100100101000011101010111010111010011011011000000111111011000100111101000110111100011101111101001010111000001011000100011010101010010111010011101100101000011001101001010001111001011011101101011110000010000101100001110101010011010011000110110010010110000010101000001110000
01010100111000011100100011010010001100001000000111111000010101101000111101101110010010010101110110110001011111100001101101010001101101110011001111100000100010111100010001110100001101001110000111001011111010111000010101001011001110011010001000000011011100111000011110110011000101100000110111
01010101011001011111011100001101111010011000110011011110000010000011001111001000010000110111101000110001111111110111000111001111001100100011100001111101000111010011001110001101000010010010001001101001010001101101100010010011000000100010011010001011000000011011011110000011010101110101010010
01000101011111011111100000101001001000000011110111011011010011110011001110100010000111001010110010110001110101101001111111100000010000100001001101100010000010111101110101100100001101101110000001101011010000001001110000000100001110001111000100010001111010001101111110111011010101010000111010
10000100011111010111001000000101001101010110110011011101001101010000101111111000110010100100111110100001001110101001100111001101001100100011110001110111100010011101111101001111011101000010001101011111101000110011111100101100000111011011001011010001100111101111010100101000010101000001111111
