941.0 52.0 223.0 -114.0
959.6 50.0 207.0 -109.0
968.8 57.0 202.0 -115.0
1007.3 54.0 264.0 -117.0
1016.3 57.0 180.0 -114.0
1018.0 50.0 245.0 -117.0
1023.9 45.0 222.0 -111.0
1025.0 53.0 221.0 -114.0
1025.8 53.0 284.0 -118.0
1028.1 60.0 224.0 -114.0
1046.4 50.0 268.0 -118.0
1051.9 57.0 271.0 -122.0
1063.6 59.0 228.0 -121.0
1065.0 58.0 271.0 -119.0
1075.4 49.0 253.0 -121.0
1084.3 55.0 245.0 -117.0
1096.5 56.0 259.0 -118.0
1124.7 52.0 253.0 -128.0
1140.9 55.0 297.0 -128.0
1150.7 54.0 263.0 -129.0
1151.6 67.0 303.0 -134.0
1158.5 50.0 273.0 -128.0
1169.0 59.0 265.0 -132.0
1178.7 54.0 285.0 -124.0
1180.3 58.0 304.0 -138.0
1193.8 68.0 307.0 -129.0
1200.6 57.0 235.0 -128.0
1208.8 61.0 242.0 -138.0
1224.2 62.0 254.0 -134.0
1250.3 60.0 264.0 -126.0
