900.2 49.0 219.0 -104.0
927.1 43.0 206.0 -103.0
966.3 45.0 185.0 -102.0
990.6 51.0 236.0 -111.0
1019.6 57.0 191.0 -106.0
1020.5 51.0 246.0 -112.0
1039.3 57.0 236.0 -110.0
1067.0 60.0 304.0 -124.0
1084.5 51.0 249.0 -119.0
1087.9 59.0 262.0 -134.0
1108.6 56.0 283.0 -128.0
1108.7 59.0 241.0 -128.0
1117.1 59.0 243.0 -129.0
1132.0 67.0 281.0 -131.0
1148.1 67.0 324.0 -135.0
1152.3 60.0 279.0 -127.0
1153.5 51.0 276.0 -123.0
1155.3 69.0 296.0 -139.0
1162.7 61.0 278.0 -131.0
1163.2 62.0 274.0 -130.0
1182.9 68.0 260.0 -129.0
1186.6 61.0 252.0 -128.0
1192.2 60.0 238.0 -127.0
1212.9 68.0 268.0 -127.0
1218.9 58.0 325.0 -136.0
1236.9 67.0 365.0 -139.0
1244.3 70.0 306.0 -144.0
1250.5 59.0 311.0 -130.0
1264.0 63.0 271.0 -141.0
1302.5 67.0 274.0 -148.0
