922.4 53.0 231.0 -102.0
975.6 42.0 225.0 -109.0
1012.4 55.0 250.0 -113.0
1027.1 58.0 259.0 -116.0
1039.8 56.0 248.0 -116.0
1051.0 55.0 227.0 -119.0
1055.3 53.0 293.0 -117.0
1107.0 53.0 287.0 -123.0
1119.3 51.0 234.0 -121.0
1132.1 61.0 257.0 -125.0
1143.8 62.0 259.0 -129.0
1145.3 61.0 260.0 -130.0
1151.6 58.0 286.0 -125.0
1154.7 58.0 262.0 -126.0
1167.9 64.0 321.0 -138.0
1186.2 62.0 254.0 -138.0
1198.3 62.0 290.0 -127.0
1200.6 67.0 314.0 -132.0
1205.3 66.0 286.0 -134.0
1228.2 66.0 325.0 -139.0
1236.3 67.0 304.0 -141.0
1237.8 65.0 268.0 -132.0
1252.5 63.0 279.0 -132.0
1264.9 62.0 303.0 -138.0
1279.3 65.0 361.0 -141.0
1298.5 63.0 312.0 -142.0
1310.4 66.0 303.0 -146.0
1310.8 67.0 326.0 -140.0
1357.3 68.0 275.0 -148.0
1379.2 69.0 233.0 -142.0
