011000100110101011110011101001000000011010011010000101011010000100111011101001000001100000001001101010010101000000011001101001011001010010100010110100000000010100000011000001001110001000100000000000010110010011100011010000101101000001000000
011000100011111110110011101000010000011010111010001101011011010100100111111101000001001000001001101010100001010010001001101000001001010110000010110100000000010100000001000100011110101000100000000000000111010011100011010000101101010001000000
011000100111111010111011101001000010011010110000001101011010011100101011101001000000000000001001101110100101000010011001101000011001111111100010110100000000010000000011000001111100101000100000000000010111010011100011010000101101010001000000
011100100111101111110011101000000001011010111000001100011010110100111011101101000001010001001011111111000100000000011001101000101001110010100010110100000000010000000001000101001110101000110000001000010111010011100011010000101100010001000000
111100110111111110111011101001001000011010111000011101011011010100100011011101000001000100101001111010100101000010011001101100001000010110100010110100000000010000000011000101111110101000110000000000010111010011100011010000001101010001000000
011000100111111110110011101100000101111010101000011100011011110100100011101101010001110000001001111011010001000000011011101101001000010110000010110100000000010000000011000001001110101000110000000000010110010011100011110000101101000001000000
011000100111101110111011101001000011011010110000001100011011011111111011101101010001010000001011111010000000100000011001101000111000100011000010110100000000010000000001000101001110101000100000001000010110010011100111110000101100010001000000
011110100111111111110011101101010100111010101000101111011010010111110011101001010011000001101001101010100001010010011001101101001000000010100010110100000000010000000011000001011110101000110000000000010110010011100111010000101101010101000000
010000100111111010111111101100000000111010101000011100011110111100100011101101000001000000101001101010100111010000011011101101001001010011000010100100100000010000000011000101101110101000100000000000010111010011100011010000101101010001000000
011000100111111010111011101000000110011010011000000101011010010101110011111101001011000100000001101011110011000010011011001101011000000010100000010100000000010100000011000101011110001000110000000000010110010011100011010000101101000001000000
011000100111111111110011101000000000011011101110001101011011010100100011111101000001100000101001101110100101000010111001101001111000110010100010110100000000010100000011000101111110101000110000000000010111010011100011010000101101010001000000
011011100111111110110011101000000000011010101000001101011110010100100011111101000011010000101001101010110111100010011001101000011001110010100010110100000000010000000011000101111110101000110000000000010110010011100011110000101101010001000000
011010110111111010110011101000000100011010101000001101011010010100111011101101001000010100100011101110100101000010011011101100111000110010100010010100000000010100000011000101111100101000110000001000010111010011100011010000101101010001000000
011000100110111011110111101001000000011110101000100100111011101110100011101101010011100000001101111010110001010000011001101000011000010010100010110100000000010100000011000101001110001000110000000000010111010011100111010000101101010001000000
111000100111111010110011101000000101011111100010001101001011000100101111101101000010001000100011101111100111010010011001101000111001000110100010010100000000010100000011000101111100001000100000001000000110010011100011010000101100010001000000
011011100111101110110011100000000000011011101000001100011010111101101011101101000011111100001011101010000001000000011011101010111001000010100010110100000000010100000001000001001110101000110000001000010110010011100011110000101101010001000000
011010111000111110100011000100011101010101011000001110100001111110100010101111111100000101110011000000011011010110001000000111000001101110010001010011001101101100010010001001111010001111011101101111100111110100100011110010001001011100101000
011100100111111111110011101001000001111010101000001101011011110110110011101101010001110000001001111111100101000010011001001000011001010010100010110100000000010100000011000101011110101000110000000000010111010011100111110000101101000001000001
011000110111111110111011101101000100011010101000011110011011010110100011101101010001001101001001101010100001100000011101101001011000010011100010110100000000010100000011000101001110101000110000000000010111010011100111010000101101010001000000
011010100111101110111011101001000000011110101000001100011110010111100011101101001001010110001001111010000101000000111001101011011001010010100010110100000000010100000011000101001110101000110000000000010111010011100011110000101101010001000000
011010100111111110110011101100000000111010110000010101011011000101110011101101000011001100101001101110110111010010011101101100001000010110000010110100000000010000000011000101111110001000100000000000010111010011100011010000101101010001000000
011000100111111110110011100100000100111010101000101011011010110100101011101101010001000000101011111010110000110010011001101001111001110001100010110100000000010100000001000101011110101000110000001000010111010010100011010000101101010000000000
111010100011111010111011100001010111011010101000011100111010010110110011101101011011000000101001111010110100010000001011101000011001110010100010110100000000010100000001000100101110101000110000000000010111010011100011010000101101010001000000
011010100111101111111011101011000100011010101000011111011011010110100011111101110001010000001101111010110011000000111001101000011000010010100010010100000000010100000011000101001110101000110000000000010111010011100111110000101101010001000000
111010100111111110110011101000000100111010101000011111111011010100100011101101000001000000101001101111101111000010111011101011011001010010100010110100000000010000000011000101111100101000110000000000010111010011100011010000001100010101000000
011000100111111011110011101000000001111010100000000111011010011110100011101101000011100100101001101011100101111010111011101101011000010011000010110100000000010000000011000101111110001000100000000000000111010011100011010000101101010001000000
011100100111111110111011100000000000111010111010001101011011010101110011101111000001100000111001101110101101000010111011101001001001110110100010110000000000010000000001000101111110101000110000000000010111010011100011010000101101010001000000
011100100111111011110111101001000000111110100000001101011010100111101011101111010001000000001111111011110011000010011001111001111001010010000010110100000000010100000011000101011110001000100000001000010111010011100111010000101101010001000000
111000100111111110110111111001000000111110101000101001011111110100110001111001100011010001101001111110100001000010011001101000111000110110100010110100000000010100000011000001011110101000110000000000010111010010100011110000101100010000000000
111000100111111110110111101000100000011110101000111101011111011100101011111101010001010000100111101110100101000010011001101001111001010010100010110100000000010100000011000101111110101000110000001000011111010011100011110000101100010001000000
