011100100111111110110011100001010100011010100010001100011010010110100001101101000001111000001001101110000100100000011001101001001000011110100010110100000000010000000001000101001110101000100000000000010111010011100011110000101101010000000000
011100100111111110110011100000010000011010101000101100011010110101100001101101000001110001101001101010001110100000011001101001111000010010000010110100100000010100000001000101001110101000100000000000010111010011100011110000101101010000000000
011010110111111110110011101001010100111010101010001101111010010110100011111001010001010000001001101010100111000010011001101000011011010010100010110100100000010100000011000001011110101000110000000000010111010011100111110000101101010001000000
011000110111111110110011101001000001011010100000001101011010011111100011101101011001011000001001111010000111100000111001101000011000010010000010110100000000010100000001000001001110101000100000000000010111010011100111110000101101010001000000
001000010100011110000010110110110000010010111110110010011011000110100101010100011110111110000000000100111011111001001100101110010000100001001001001000011011111110010101010010110110000110111001110011010100010010011100101111100001101110011011
011000100111111110110111100101000100011011100000111101011010010111100011101101010011110000001001101010000100000000111101101100111000010010000010100100000000010100000001000101001110101000100000000000010111010011100111110000101101010001000000
011100100111111110111111101001000000011010101000011100011110011101100011111101001001111000001001011010000101100000011011101001001000000010101010110100000000010000000011000101001110101000110000000000010110010011100011110000101100010001000000
011000100111111110110011100001000100011010111000010100011010010110101011101101010011010000001001101011110110100010011011101101011010000010100010110100000000010100000001000101001110001000110000000000010110010011100111110000101100010001000000
011000100111111110111011101001000100011110101000101100011010010110100001101101110011010000101001111011010101100000111001101000011001010010100010110100000000010100000011000101001110101000110000000000010111010011100111110000101101010000000000
011011100111111111110011111001010100111010100100001111011011110110100001101101010001010000001001101011100101100010011001101001111000010110100010110100000000010100000011000101011110101000100000000000010111010011100111110000101101010100000000
011100110111111110110111101001000100011010111000001101011010010110110011111101011001010001000001101011100101010010011011101000011001010010000010110100000000010100000011000101011110101000100000000000011111010011100111110000101100010001000000
011100100111111110110111101000000100011010101001101101011011010101111011101101000001010001001011001110100101000110011001101100011001010010000010110100000000010100000011000101011110101000100000000000010111010011100011110000101101010001000000
011100100111111110111011101001000000111010111000001111011010010101111011101101000001010000011001101111000101000000011001101101011001010011100010110100000000010100000011000101001110101000110000000000010111010011100011110000101100010001000000
011000100111111111110011101010000000111010101010000101011010001100110111101111100011010101001101101010110101000010111001101100011000010010100010110100000000010000000011000101011110001000110000000000010111010011100011110000101101010001000000
011110100111111011110111111000000100011010101000001101011011010100100011111001000011100100101001111010100101000010111011101001011000110010100010110100000000010100000011001001011110101000110000000000010111010011100011010000101101010001000100
011000110111111111110111111001000110011110101000001101011010110101110001101101001001010001001001001010100101010010011011101011111000000011100010110100000000010100000011000101011110101000110000000000010111010011100011110000101100010000000000
011000110111111110111011101000000000011010101000001101111110110100100011111001100001110001101001101011110101100010011001101000011000010011100010110100000000010100000011000001011110101000110000000000010111010011100011110000101100010001000000
011000100111111110111011101100100000011010101001001111111010010101100011101101001001011100000001101111100101110010011001101000011000010011101010010100000000010100000011000101011110101000110000000000010111010011100011110000101101010001000000
011010100111111110110011100001000000111010111000001100011010110101100011111101011001110000101001111011010100100000011011101000011001010110100010110100000000010100000001000101001110101000110000000000011111010011100011110000101101010001000000
011110100011111110110111101000010000111010100000111101011010010110110011101101000001010101001001101110110101100010101011111000011001010010000010110100100000010000000011000100011110101000100000000000011111010011100011110000100101010001000000
111100100111111010110011101101000100011010101000001100011010010110100011101101011001100100001001111110000101111000011011101011011000011011100010110100000000110100000011000101001110101000110000000000010111010011100111010000101101010001000100
011001100111111011111011111001000100011010101010001101011010010100100011111101000011100111001001111010100111010010011011101000011000010010100010110100000000010100000011000101011110101000110000000000010110010011100011010000101101010001000000
011110100111111110110011101011010100011110111000011101011110010110100011111101011001011000001001101110100101100010011011101100011000010010100010110100000000010100000011000101011110101000110000000000010111010011100111110000101101010001000000
011100100111111111110011101001000000111011101011011101111010011100100001111101001001110001001001101110110101000010011011101101011011010010100010110100000000010100000011000101011110101000100000000000010111010011100011110000101101010000000000
011100100111111110110011101001000000011010101001101100011011010110100011111111010011101000001101111011010101100010011001101100011001010010100010110100000000010100000011000101001110101000110000000000010111010011100111010000101101010001000001
011100100111111010111011101001000100011010100010101100011111010111101001101101011111100001001011001010010101000000011011101001111001010110001010110100000000010100000011000001001110101000100000001000010111010011100111010000101101010000000000
011000100111111110111011101001000000011110101010011100011010011111100001101111011001110001001001101011000111010010111011101000011000110011100010110100100000010100000011000101000110101000110000000000010111010011100111110000101101010000000000
011100100111111111110111100001001100011010101000111101011011110111100011101111010001111000000011101011010100110000011111101001011000010010100010010100000000010000000001000101001110101000110000000000010111010011100111110000101101010001000000
011001100111111110110111100000000000111010101000011110111111110101101011111101001011111100001001111111000100100000111001101001011100110010100010110100000000010100000001000101001110101000110000000000010111010011100011110000101101010001000000
011000100111111010111011101001000100011010101010001100011111010101100111111101001011101101011001101111000111010010111011101001011010110010100010110100000000010100000011000101001110101000110000000000010111010011100011010000101100010001000001
