011000100111101010110011101100001000111010110010001100011011011101111011101101000001000001001001101011000001000000001001101101001000010111000010110100000000010000000011000100001100101000100000000000010111010011100011010000101101010001000000
011100100111111110110111101000010011011010100000011101011010010110100011101101000001010000101001111011110101000010011001001000011001010011100010110100000000010000000011000101111110101000100000000000010110010011100011110000101101000001000000
011100110111111110110011101101000000111010101000011101011110011100100001101101000001000100101001001011100100000010111101101000011001010011110010110100000000010100000001000101110110101000100000000000010111010011100011010000101101010000000000
011100100111111110111111101000000000011010111000011101011110000100101011101101000001010000010111101010100001100010011001101010111000010010111010110100000000010100000011000101011110001000110000001000010101010011100011110000101101010001000000
011000100111111111110011101000000000011010100000111101011011110100111001101101000011110001100011101011100101000010011001001000111000010011000010010100000000010100000011000101111110101000100000001000010111010011100011110000101101000000000000
011000110111111110111111111000000010011011100000001101011010010100110011101101010001011000101001101010111111000010011001101000011000010110100010110100000000010100000011000101111110101000100000000000010110010011100011110000101101010001000000
011000100111111110110011101100000000011110101000001101111011011100100011101101010001110001101001111011100101000010011001101100011000110110000010110100000000010100000011000101111110101000100000000000010111010011100011110000101101010001000000
011010100111111110111111110101000100111010100000010111111110000110100011101101011001000001100001111110110100100010011001101000011000010011100010110100000000010100000001000101111110001000100000000000010111010011100111010000101101010101000000
011000101111111110111111101001000100011110101000001101011011010100110011101101010001010100101001111101100101000010011001101000011000110110000010110100000000010100000011000101111110101000100000000000000111000011100011110000100101010001000000
011000100011111110111011101101000001011010100000110101011011100110100011101101011001001001110001111010101101010010001001101100011000010011100010010100000000010100000011000100111110001000100000000000010111010011100111010000101101010001000000
011010100011111110111011101000000100111010100000001111011010010101101011101101000011001100101001111010110101111010001001101001011001010010100010110100000000010100000011000100111110101000100000000000010111010011100011010000101101010101000000
011100100111111110110111111001000000011010100000010101111111001100100011111111000011010000100001111110110101110010011001101000011000010011100010010100000000010100000011000101111110001000100000000000010111010011100011110000101101010001000000
011000100111111010110011111101000001011010101000001101011111011110100011111101010001000000101101111010100111010010011001101000001001010111100010110100000000010000000011000101111110101000110000000000011111010011100111010000101101010001000000
011000100111101111111111100001000000011010101010001110011010010110101101101101010001110100101111101110100100000010011011101001111000110010100010110100000000010100000001000101101110101000110000001000010110010011100111110000101101010000000000
011100100111111110110111101101000001011010101000110101011111000100100011101101000001000101101011101010101111010010111001101001011000010011100010110100000000010000000011000101111110001000110001000000010111010011100011010000101101010001000000
011000100111111110110011100000000110011010111000001101011010011100111011111101000101010001101001101010100100111010011001101101001001110011100010110100100000010000000001000101111110101000100000000000010110010011100011110000101101010001000000
011100100111111010110111101001000000111010101000111111011010010110110011101101011011000001100001101010100101000010011001101111011001010011100010010100000000010100000011000100111110101000110000000000010111010011100111010000101100010001000000
011000100111111110110011101001000100111010101000001101011010010110100011111101011011001101101001101010110111010010011001101000011001010110100010110100000000010100000011000101111110101000110000000000010111010011100111010000101101010101000000
110111010010001001101110101011110111001110110000111001100110111100100010101001011101110101110000001010010100001000111101110010110010011110100000010100001010010001001111011011110101010011100110111011011111100010100101110111010111100100100111
011001100111111110111111100100000001111010111000011101011111111101100011101101000001011000100011101011100110000010011001101100011001010010101010010000000000010100000001000101111110101000110000000000010111010011100011110000101101010001000000
011100110111111011110011101001010001011010101010100101011011000111111001101100011001110000101011111010110101010010011011101000101001010111100010110100100000000000000011000101111110001000110000001000010111010011100111010000100101010000000000
111011100111111010110111101001000101111010101000001111011111110110101011111101011011100101101001101010101101000010011001101100001000010010100010110100000000010000000011000101111010101000110000000000011111010011100111010000101101010101000000
011101101111111110111111101000001101111010100000001101011011010101100011101101010011101100100011111010110101110010111001101000011000010110011010010100100000010100000011000101111110101000100000000000010111010011100011010000101101010101000000
011000100111111110110011101001000100111110101000010101011111100110111011101101010011110100101011101010110101010010111001101000111000010010100010110100000000010100000011000101111110001000110000001000010111010011100111110000101101010001000000
011100100111111110110011111001000100011010101000010101011011100110111011101101010101110100101011101010100101100010111001101101111000110010100010110100000000010100000011000101111110001000110000001000010111010011100111110000101101010001000000
011110100110111110111011101001010101111010101100000111011111101110101011101001010011101001101101111011000001110000011011101000011001110010100010110100000000010100000011000101001110001000110000000000011111010011100111010000101100010101000000
011110110111111111111111101001000110111110101000011111111010001110100011101101010011110100100111101011110101010010011011101000011000010010100010010100000000010100000011000101111110001000100000000000010111010011100111110000101101010101000000
011100100111111110110111101000100101111010101110011101011011011100110111101101000001010110101101111011100101110010111001101001011100010110100010110100000000010100000011000101111110101000110000000000010110010011100011110000101101010001000000
011010111111111110110111101001010101111010111100011111011010100100100011111101000011000101111001101010110101110010111011101101011000110010100010110100000000010000000011000101111110001000100000000000011111010011100011010000101101010101000000
011000110111111111111111101001000100011110101000101101011011111111100001111101011011110001000111111110100101100110011001101000011001010011000010010100000000010100000011000101111110101000110000000000011111010011100111010000101100010000000000
