011000100110101110110011101100000000111010101000010101011010110100100011101101000001010001001101101010010001100000011001101000011000010010100010110100000000010100000011000101001110001000110000000000010111010011100011010000100101010001000000
011100110111101010110011101000000001111010111000000100011010000100100011101101001001100100001001111010000011000000011011101100011000110011100010110100000000010100000001000101001110001000110000000000010111010011100011010000101101010001000000
011000100111101010110011101010000100111110101010010111001010100100100011111001010000000001001001111111000101000000001001101010011001010010100010110100000000010100000010000100001100001000110000000000010111010011100011010000101101010001000000
011010100111111010110011110000000010111010100000001101011011011100100011101101000011001000001101101010110010000010101001101111011000010011000010010100000000010100000001000100011110101000100000000000010111010011100011010000101101010001000000
011000110111101010110011101000001000011010100000000110001010100100100011010101000011011101000001101011000101100001111001101001111001110010100010110000000000010100000011000101001100001000110000000000010111010011100011010000001101010001000000
011000100110101110110011101001100100111010111100001101011010100110100011111101010001001100001001101011000001100000111011101000011000010110100010110100000000010100000011000101001110001000100000000000010111010011100111010000101101010001000000
011010100111111110110011101001010101111010100000011111011010010100100011101101010001010001101001101010100111010010111011101001001000010110000010110100000000010000000011000101111110101000100000000000010111010011100011110000101101010101000000
011100100111111110111111100000000101011010101100001101011011010101101011011001010001010000001011101010110000000010011001101100111000010011001010110100000000010100000001000001011110101000100000001000010111010011100011110000001101010001000000
011110110111111110110011001001010100011010111000000101011010000110100011101101010001011100101101101011110101000010011011101000011000110010000010110100000000010000000011000101111110001000110000000000010111010011100111100000101101010001000000
011100100111111110111111110000000100111011101000101101011010010100100011101101001001010100101001101011100100000010011001101001011001010011100010110100000000010100000001000101111110101000110000000000010111010011100011110000101101010001000000
011000100111111110111011101010010100111010110000001101111111010100100011101101000001011000101101101110110101000010011001101001111000110010000010110100000000010100000011000101111110101000100000000000010111010011100011110000101100010000000000
011010100111111010111011101001000000111010101001001101011010110110100111111101011001000101101001111010100101010010011011101100001000010010000010110100000000010000000011000101111110101000110000000000010111010011100111010000101100010001000000
011010110111111110111011100001001000111110101000011101111110010100100011111101000011010000101001111110100100010010011001101001011010100110001010110100000000010100000001000101111110101000100000000000010110010011100011110000101101010001000000
011000100111111010111011101000001100011110101010010101011010110100100011111101010001010001100001111111100101000010011001101100011001010010100010110100000000010100000011000101111110001000110000000000010111010011100011010000101101010001000000
011100100111101110111011101010000100011010101000001100011011011100101011101101001011110100000011111010000001000000011001101001111001110111000010010100000000010100000011000101001110101000100000001000010111010011100011110000101101010001000000
011000100111101111110011111001010000011011101010101110011011011100110011111101010011011000001001101010110001000000011001101101011000010011100010110100100000010100000011000101001110101000110000000000010111010011100011110000101101010000000000
011101100111111010110011101000000100010010111010000101011110100010101001101001011011101100001111101010110001000010011001101000111011010110100010110100000000010000000011000001011110001000100000001000010111010011100010010000101101010000000000
101101101111000000011110111101110100101010111000110000110001010111011101100010100101000101110000010001001011101001110001000010111101100101101111000110000111101010101000110001010010000001010101011001000110100110100111000001110001010000111101
011100100111111110111111101000010001111011111000000101111011010101100011111101000001110001101101111010100100000010011001101100101000010011110010110100000000010000000001000101111110001000110000000000010111010011100011110000101101010001000000
011000100111101110110011101101000000011010100010101101011010011110101011101101010011010000001011101010000111110100111011101100101001110011000010110100000000010000000011000101001110101000100000001000010111010011100111110000101100010001000000
011000100111111011110011100000000001011010101000001111011011110101101011111101000001101000111101111011100100000010111011101000011001010011000010110100000000010100000001000101111110101000110000000000010111010011100011010000101101010001000000
011000100111111110110011101000010100011010101000001101011011110100100011111101011001011001101001101011110111010010111001101000101001010011000010110100000000010000000011000101111010101000110000000000010111010011100011110000101101010001000000
111000110111111110110011101101000100011010100000001111011010010110100011111001111011010101001001101010110001010010011111101001111000010111000010110100000000010100000011000001011110101000100000000000010111010011100111110000101101010001000000
011010100111111110110111101100000100111010110010101111111010010100110011111001101001010001001001101111100011000010111011101100111001010010000010110100000000010000000011000001011110101000100000000000010111010011100011110000101101010101000000
011000100011111110111111101000010000111110110000110101011011011100100011111101000011010000101001111010110011100010011011101001011001010011100010010100000000010100000011000100011110001000100000000000010111010011100011110000101101010001000000
011110100111101111110011101001000001111110101010100111011111001111110011101101010001010000001101101111110001010000011011101000011000010111000010110100000000010000000011000001001110001000110000000000010111010011100111110000101101010001000000
011000100111111110110011101001000100111010111000101111111011011100111011111001000011010000101011111110100101000010011001101101111000110010100010110100000000010100000011000001011110001000110000001000010110010011100011110000101101010001000000
111000100111111110110111101000010001011010001010000111011010000101111001101101000001110101101011111111100011100010111011001100111001010110100010110100000000010100000011000101011110001000110000001000010111010011100011110000101101000000000000
011100110111111110110011100010010100111010111000011101011011011101110011101101001001010001001001101111110000001011111011101001011000110111100010110100000000010100000001000101011110101000110000000000010111010011100011110000101101010001000000
011010100111101111111011110001000001011010101011001101011011110101111011111101011001001000001011101010010001110010111011101100111000010111100010110100000000010000000011000101001110101000110000001000010111010011100011010000101101010001000000
