011001100111101111111011101000000000011110100000000100011010000100100001101101010001110001001101111011010001100010011001101010011000010000100010110100000000010100000011000101001110001000110000000000010111010010100011110000101101010000000000
111100100111111010110011100000000001111011101000110101101110000101110001101101000010000100001000001011110000010010011001101100011000010011100010110100000000010100000001000101010100001000110001000000010111010011100011010000101101010000000000
011100101111111110110011101001000001011010101000100101111110000100110011111101000001010000001001111110000001100000011001101100001001010011100010110100000000010000000011000101001110001000110000000000010111010011100011010000101101010001000000
011100101111111011110011100010000000011110111001101101011010010100100011111101001011010000001000001010100110100010011001101010001001010110100010110100000000010000000001000101010110101000110000000000010110010011100011010000101101010001000000
011100100011111110111111101000000001011110101000110100011011001100101011101101010001110100101001101111000001000000001001101000001000010010100010110100000000010000000010000100001110001000110000000000010111010011100011110000101100010001000001
011100100110111010110111101000010000011110001001001100011010110100100011101101011011100000001001101110100001100000011011001000011011010010100010010100000000010100000011000101001110001000110001000000010111010011100011010000101101000001000000
011100100111111111110111101001000000011010101000000100011010000110100011001101010001010001001001101011110001110000011001101101011000010110100010110100000000010100000011000101001110001000110001000000010111010011100111110000001101010001000000
011000100111111110111011100000000000111111101001101101011010110110100011101101000011011000101000001010100100000110011001101101011000010110100010110100000000010100000000000101110110101000110000000000010111010011100011110000101101010000000000
011000100111111111110111101001000000111010111000101101011010011110110011101101010001100000100001101010100101110010111011101000001000010010100010010100000000010000000011000101111110101000110000000000010111010011100111010000101101010001000000
111000110111101110111011110010000000111010100000011100011111010101110001101101000001110001001000001111010101100000011001101101011010010011001010110100000000010100000001000101000110101000100000000000000111010011100011110000101100010000000101
011100101111101111110111101101010001011010111111000100011010101111101011101101010001011000101011101110000000000000011001101100101000010010100010110100000000010000000001000101001110001000110000001000010111010011100111110000101101010001000000
011100100111111010110111101101000000111110101010110100011110000110110011111101010001100001001001101010010001100000011011101110001000010010100010110100000000010000000011000101001110001000110000000000010111010011100111010000101101010001000000
111000100111111110111011101001000000111010111000111101011011010110100011101101010001110000000101011010110111000010011001101000001000010111100010010100000000010100000011000101010100101000110000000000010111010011100111110000101101010001000000
011100100111101111111011101011000000011110101000000100011110010110101011101101010001010000000011101010010011100000111001101000111001110011100010110100000000010100000011000101001110001000110000001000010111010011100111110000101101010001000000
011110110111111010110011101000010000011010101000000111011010010100110011101101001001001100001101111010101001100110001011101100011001110010100010110100000000010100000011000100011110001000110000000000010111010011100011010000101101011001000000
011000100111101010111111101001000100011010111001101100011010010110100011101001011001100101001001101111100001010000011001101010011000110110100010110100000000010100000011000001001110101000110000000000010111010011100111010000101101010001000000
011000100111111110110111110001000100011011111010101111111010010110101011101101010001010101101000001000111100110010011001101000011000110110100011110100000000010100000001000101110110101000110000000000000111010011100111110000100101010001000000
011101100111111110110111101001000000111010100000000101011011000110101011101101010001110101101001101010110101000010011001101001111000010011110010110100000000000100000011000101111110001000100000000000010111010011100111110000101101010001000000
011100100111111011111111100001000000011010110000101101011010010110111011111101010011000000101010101011100110000010011001101110111000010110100010010100000000010100000001000101110110101100100000001000011111010011100111010000101101010001000000
011000100111111111110011101001000000011010100100110101011011001110111011101101110001010001011011101010110001010010101001101100101000010010100010110100000000010100000011000100011110001000100001001000010111010011100111110000101101010001000000
011000100111111011111111101101000000011010101000101100111010000110101011011101010011000000101011101010110101001000011111101001101000010011100010110100000000010000000011000101101110001000110000001000010111010011100111010000001101010001000000
011010100111111110110011101001000000011010110100001110011110010110101011101101011011011000001011101010000011000000111001101100111001000111110010110100000000010100000011000101001110101000100000001000010100010011100111110000101100010001000000
011100100111111110110111101001001000011010101000010101011111000110111001101101011011010001001001111010110001100010001001111000011001010110100010110101000000010100000011000100011110001000110000000000010111010011100111110000101101010000000000
011100100110101010110011101001000000011010101001110111011111000110101011101101011011100100001011101010000011100000011001101101111000110010100010110100100000010100000011000101001110001000100000001000010111010011100111010000101101010001000000
011101100111111110110111101000000101011010101001001101111011011100100011101101011011010000101001101010110011100010011011101101001000010111000010110100000000010000000011000101011110101000100000000000010111010011100011110000101101010001000000
011010100111111110110111101000010010011010100000101101011010010110111011101111011001110000001011101010110001100010011001001001101001010111100010110100000000010000000011000101011110101000100000001000010111010011100011110000101101000001000000
011110100111111011110011111101000000111011111100101101111011010101110011111101001001010000111001001110101101100010011011101000011000010011100010110100000000010100000011000101110110101000110000000000010111010011100011010000101101010001000000
100111000011100010111011110010100011111010010001001100111110111011101000101101100010001011111000101101010100001011011011100100111010110010011000010110001111111110111011101011011101100010011101110101001111001010011000001110100101110101010000
111110100111111110111111101001000000011110110010101101011010011111101011101101011001110001011111111010110011000010011011101100101000010010000010110100000000111000000011000101011110101000100000001000010111010011100111110000101101010001000000
111001100111111110111011101001010000001010111010101111011011010101101001111101000011110101111011001011100011110010011001101010111001010010100010110100000000010100000011000001010110101000110000001000010111000011100011110000101101010000000000
