011000100111101110110011101001000110111010101010001101011110010100100001101101011001010101000001101010100001010000011001101000011000010010000010110100000000010100000011000101001110101000100000100000010111010011100011010000100101010000000000
011010110011101110111011100001010100111110110000010101001011000100100001101101011000110000000001111111000010110000001001101100001000010010100010110100000000010100000001000100001100001000110000000000010111010011100011110000101101010000000000
011100100111101110110011100000000000011010100000110000011011001100110011101101000001010001001101101011000110000010011001101000001000010101100010010100000000010000000001000101001110001000100000000000010111010010100011110000101101010000000000
011000110110111111111011101001011000011010100010011101111010000100100011111101000001000101001001101010000011000000011001101100111000010110000010110100000000010100000011000101001110001000100000000000010111010010100011010000101101010001000000
011010100111111110110011101000000100111111100000100110111110000101110011101101000001010000001001101010010001000000111011101000101000010110000010110100000000010100000011000101001110001000100000000000010111010011100011110000101101000101000000
011000110011101110110111100100000100011010100001000100011110110100100011101101100011010000101001101010000010100000101001101001011000110111010010110100000000010100000001000100001110001000100000000000010111010011100011110000101101010001000000
011000101111111110111111101001000000011010101100011100011010010100100001101101011000110001100001111010100101000010011001101001001000110010100010010100000000010000000011000101101100101000110000000000010111010011100011110000101101000000000000
011010100111101111110111100001010101111110100000010110011010011100100011111101000011110000000101111010010010000000011001101100001001010010100010110100000000010100000001000101001110001000100000000000010111010011100011110000101101010001000000
011101100111111110111111101000010001111010100001101101011010010100100001111101000001010010101001101011110101010000101001101100011000010010000010110100100000010000000011000100101110101000100000000000011111010011100011110000101101010000000000
111101100010111011000111001001001000010000010001111111001001111010100010111111010100010100011010101001010101111110000010101000000001000001000011100001100010001101101001000101110100001110111111100000111001111010110110110101010010011010011110
011000110111111110111011000001010000011010100001111101011011011100100001101101001001000101101001101111100100000010111001101000011000010111000010110100000000010100000001000101111110101000100000000000010011010011100011010000001101010000000000
110100110111101110110011100000010000011010101010001100011110010101101011111101000001111000111001101010000010110000011011101000001001010011100010110100000000010000000001000100001110101000110000000000010111010011100011100000101101010001000000
011100100111111011110111101101000000011010100010001111011011010100100111111101010001000000111101111010100101010010011011101000111000010010000010110100000000010100000011000101111110101000100000000000010111010011100011010000101101010001000000
111010100111111110111011100000010111011010101000001101011011110100100011101111000001011101100001111010100100100010011001101000011001010010100010010100100000010100000001000101111110101000110000000000010111010011100011110000101101010001000000
011110100111111110110011101000000100111110101010000111011111110101110001111101000001100000101001111011100101000010011001001001001000010110100010110100000000010000000011000101111110001000110000000000011111010011100011010000101101000100000000
011100100011111110110011101011000000011011100010001101011010010110110011101101010011010000101001101011100101100010011011101011001001010111000010100100000000010000000011000100111110101000110000000000010111010011100111110000101101010001000000
011100110111111110110011101000010001011010100000101101011010010100111011111101000011000001000011101011100101100010111001101000111101010010100010110100000000010100000011000101011110101100100000001000011111010011100011010000101101010001000000
011000100111111110111011100000000000011010100001101101011110110101101011101101010011011000100001111110100100100010011011101000011000010111000010010100100000010100000001000101111110101000100000000000010111010011100011110000101101010001000000
011111100111111110110011111000000001111010101010000101011011000101110011101101010011011000101011111010100101000010111001101000001000110011100010110100000000010000000011000101111110001000100000000000011111010011100011110000101100010001000000
011010110110111011110011111000010110111111101000010110011010000101110011101101001001000000101001111010100111000100111001101001011001010110100010110100000000010100000011000101101110001000100000000000010111010011100011010000101101010101000000
011110100111111110110111101001010000011010111010111101011011010100110011111101001001000100001001101101000001110010011001101110111000110010100010110100000000010100000011000101001110101000110000000000000111010011100011010000100101010001000000
011110100111111110111111101101000001011110110000010100111111000110110011101101010001110001101001111011100111000010011001101001001001010010100010110100000000010100000011000101101110001000100000000000010111010011100111110000101100010001000001
111000110111111110110111100000010101011011111000101101011010011100101001111101000011110000101001101110111100000010011001101000011001111110100010110100000000010100000001000101111110101000100000000000010111010011100011110000101101010000000000
111011100111111110110011101100000100111110110000111101011110011100110011111101001001000101101001101011100111000110011001101001001000010110100010010100000000010100000011000101111110101000100000000000010111010011100011010000101101010001000100
011010100011111110111111101001000100011110100010100101111011000111101011111101000001010101101001111111100101100011001001101001001000010010111010110100000000010100000011000100111110001000110000000000010111010011100011110000100101010001000000
011010110111111010110111101000000000111010101000001101011111110100111011011101001001001101101011101111100101010010011001111000111000010110100010110100000000010100000011000101111110101000110000001000010110010011100011010000001101010001000000
111110100111111110110011101000000000011010100000111111111111110101101001111101011001011000101111111110100111110010011011101100101000110011000010110100100000010000000011000101111100101000100000001000010101010011100011110000101101010000000000
011000111111111111110111101000000001011110110100000111101111110110100011101101001010111001100101101110110111000010111001101010111000110111110010110100000000010100000011000101111100001000100000000000010111010011100011110000101101010001000000
011110100111111111110011100001001001111010101000001101011111010111111001111101011011010000101011111010110101110010011001101101111000111110100010110100000000010000000001000101111110101000110000001000010111010011100111110000101101010000000000
111110101111111110111011101001100100111010110011011101111110011110100011101101011011011101101001101111100111110010111001101000011010010010110010110100000000010000000011000101111110101000100000000000010111010011100111110000100101000001000000
