111100110111101110110011111000000000111110101000011100011010010100100011100101001001010000001101001011100001000000011001101000011000010010100010110000000000010100000011000101000110101000110000000000010111010011100011110000101101010000000000
011010110111111110110011100001000000011010101000011101011110010110100001101101010001010000100100001010100100010010001011101110001000010011100010010100000000010000000001000100110110101000110000000000010111010011100111110000101101010000000000
011010110110101010111011101000000110111010100000000101011010000100100011101101000011100000011001111111010001100000111001101000011000010010100010110100100000010100000011000101001110001000100000000000010110010011100011010000101101010001000100
011100100111101110111111100000100100111010111010010100011010101101110001001101001011110000001000001010010000010000001001101100011000010110100010110100100000010100000001000100000110001000110000000000010111010011100011110000001101010000000000
011100100110101010110011101100000000011010100100000100011011001101100011101101001001010100101101101110010001000000111001101010011010010011000010110100000000010100000011000101001110001000100000000000010111010011100011010000101101010001000000
111011100011111010110011100001000100011110111000100101011110000110100011101101011001001001000101101010100000000010111001101000001000010110100010110100100000010000000001000100011110001000110000000000010111010011100111010000101101010001000000
111001100110101110111011100000000100011011111000000100011010100100101011111101000001000100101001101011000011110000111011101000001000110010100010110100000000010000000001000101001110001000110000000000010111010011100011010000101101010001000000
011110100111101010111011101000000000011010111000011111011010010100101011101101001011000000001011101011000000110000011101101100101001010010100010110100100000010100000001000101001110101000110000001000011111010011100011000000101101010001000000
011000100111101111110011101001000100011010111000100100011011000110100011101101010011011001001001111010000010010000011001101001011001010011100010010100000000010100000001000101001110001000110000000000010111010011100111010000101101010001000000
011000100111101110110011101001000001111010101000001101011011110110100011111101010011001000001011101010010001000101011011101001001000010010100010110100000000010000000011000101001110101000110000000000010111010011100111010000101101010001000000
011000100111111110110011101000000100111010101010110100011011010100100011101101001001110000011111101110010000010000011001101100011000010010100010110100000000010000000001000101001110001000110000000000010111010011100011110000101101010001000000
011000100111101110110011101000010011011010111010101101011011111100100011111101010001110001001001101010000001110000011001101100011000010010100010110100000000010100000011000101001110101000100000000000010111010011100011110000101101010001000000
011010100111111110110111100000010100111010111010000110001011000100101001111101101000010000101011111110100100100000011001101010111000110110100010110100000000010100000001000101101100001000110000001000011111010011100011110000101101010100000000
011000110111111110110111111001000100011010100010010100001111100110100001101101111001000001111001101011100111000000011001001101011000010011000010110100000000010100000011000101101100001000100000000000010111010011100111010000101101000000000000
011110100111101010110011101000000000111110111110001100111010010101110111101101101001100000011101101111000110000000011011101000011000010010100010110100000000011100000001000101001110101000110000000000010111010011100011010000101101010001000000
111001001010110100110101000111011100010000101010010010010000101101011111110111100100010010101001011000011111000000111000110000110000111000100010000010000111110010000101001100010111100111101010101111000101010101001110111110000001110110010011
011000100111101110110011111001010100011010101100001101011010011110101011101101011011001000001011101110010001110000011011101001101000010010100010110100000000010000000011000101001110101000110000001000010111010011100111010000101101010001000000
111100100111111110110111101001000000011010101100001101011010000110100001101101011001010001011001111010100101000010011011101101011001110011100010110100000000010100000011000101011110001000110000000000010110010011100111110000101101010000000000
011000110111111110110011101000000000011011101110001100011010111110111011111101001011010000001011101010010001000100011101101001111000010011000010110100000000010100000011000101001110101000100001001000010111010011100011110000101101010001000000
011001100111111110110011101001010000111010111000000100011011001110100001111111011001010101100011101010100111100000111001101001011001010110100010110100000000010100000011000101101110001000110000000000011111010011100111110000101101010000000000
011010100111101110111111101001000100011110101010011100011010111111100011111101011011010001001001101010000011100001011011101000001000010011000010110100000000010100000011000101001110101000100000000000010110000011100111110000101101010001000000
011010100111101111111011101001000000011110101010011100011010111111110011101101010001010001011001111011000101100000011011101000001000110110100010110000000000010000000011000101001110101000110000000000010110010011100111110000101101010000000000
011010100111111110110111100000010101111110101000001111001010001100111011111101001000011000001011101110110010000010101011101011111000010110000010110100000000010000000001000100011100001000100000001000010111010011100011110000101101010101000000
011010100111111110110011101001010100111000101010001110011110110110100011101101010111110001001101111011010001001000111001101000001001010011100010110100000000010000000010000101001110101000110000000000010111010011100111110000101101010100000000
011100110111111011110011101001000000011010101000111101011011111100110011111101001001000100101001111011100101000010011001101100111001010010100010110100000000010100000011000101111110101000110000000000010111010011100011010000101101010001000000
111010100111111011111011101010000100111010111010001111011010011101100011111101001001100100101001111010101111000010011001101101011000010010101010110100000000010100000011000101111110101000110000000000010111010011100010010000101101010101000000
011001100111101110111011101001000011011110100010111100011011010111101011111101011001011001111011111010010011000000001001101100101000010011101010110100000000010000000011000100001110101000110000001000010111010011100111110000101101010001000000
011010100111101110110011101001000000011111101010001100111111011110111011001101010001010001110011111110000001100000011001101001111001011111100010010100000000010100000011000101001110101000110000001000010111010011100011110000001101010001000000
011010100111111111111111101001000100111010101000011111011010011110100011101101011011110000000011101110110111100010001011101000111000010011100010110100000000010100000011000100011110101100100000000000010111010011100111110000101101010101000000
011110100111101110110011101001000000011110111000001100011010111110101011101101011001011001011111101111000001110000101001101101111001010010100010110100000000011100000011000100001110101000110000001000010111010011100111110000101101010001000000
