498.0 -694.0
500.0 -785.0
503.0 -646.0
508.0 -795.0
512.0 -788.0
512.0 -790.0
512.0 -854.0
512.0 -719.0
512.0 -807.0
512.0 -773.0
517.0 -852.0
517.0 -817.0
519.0 -790.0
519.0 -709.0
520.0 -832.0
521.0 -755.0
522.0 -755.0
524.0 -646.0
525.0 -646.0
525.0 -871.0
525.0 -755.0
525.0 -796.0
525.0 -755.0
526.0 -755.0
526.0 -761.0
527.0 -755.0
527.0 -877.0
527.0 -832.0
528.0 -678.0
528.0 -755.0
529.0 -755.0
530.0 -879.0
530.0 -854.0
530.0 -832.0
530.0 -729.0
530.0 -778.0
530.0 -780.0
530.0 -800.0
530.0 -854.0
530.0 -842.0
530.0 -870.0
532.0 -832.0
533.0 -975.0
533.0 -694.0
533.0 -852.0
533.0 -832.0
534.0 -801.0
534.0 -755.0
535.0 -790.0
536.0 -694.0
536.0 -790.0
536.0 -757.0
536.0 -755.0
536.0 -832.0
536.0 -805.0
536.0 -838.0
536.0 -838.0
536.0 -747.0
536.0 -815.0
536.0 -856.0
536.0 -696.0
536.0 -755.0
537.0 -811.0
537.0 -790.0
537.0 -865.0
538.0 -771.0
538.0 -755.0
538.0 -830.0
538.0 -726.0
538.0 -823.0
539.0 -773.0
539.0 -694.0
539.0 -795.0
539.0 -811.0
540.0 -838.0
540.0 -832.0
540.0 -860.0
540.0 -839.0
540.0 -845.0
540.0 -855.0
540.0 -897.0
541.0 -832.0
541.0 -755.0
541.0 -709.0
541.0 -790.0
541.0 -790.0
541.0 -755.0
541.0 -879.0
541.0 -849.0
541.0 -900.0
541.0 -875.0
541.0 -903.0
541.0 -765.0
541.0 -894.0
542.0 -678.0
542.0 -790.0
542.0 -755.0
542.0 -850.0
542.0 -694.0
542.0 -710.0
542.0 -811.0
542.0 -832.0
542.0 -755.0
542.0 -757.0
542.0 -836.0
542.0 -832.0
542.0 -747.0
542.0 -832.0
542.0 -751.0
542.0 -709.0
543.0 -685.0
543.0 -790.0
543.0 -755.0
543.0 -790.0
543.0 -704.0
543.0 -755.0
543.0 -845.0
543.0 -838.0
544.0 -646.0
544.0 -885.0
544.0 -901.0
545.0 -832.0
545.0 -782.0
545.0 -806.0
545.0 -800.0
545.0 -766.0
545.0 -694.0
546.0 -638.0
546.0 -710.0
546.0 -685.0
546.0 -745.0
546.0 -710.0
546.0 -832.0
546.0 -817.0
546.0 -835.0
546.0 -753.0
546.0 -674.0
546.0 -872.0
546.0 -790.0
546.0 -838.0
546.0 -767.0
546.0 -832.0
546.0 -747.0
546.0 -811.0
546.0 -795.0
546.0 -778.0
546.0 -834.0
546.0 -696.0
546.0 -690.0
546.0 -864.0
546.0 -780.0
546.0 -819.0
547.0 -694.0
547.0 -801.0
547.0 -694.0
547.0 -881.0
547.0 -879.0
547.0 -660.0
547.0 -666.0
547.0 -747.0
547.0 -813.0
547.0 -819.0
547.0 -838.0
547.0 -800.0
547.0 -832.0
547.0 -830.0
548.0 -850.0
548.0 -778.0
548.0 -755.0
548.0 -811.0
548.0 -743.0
548.0 -790.0
548.0 -854.0
548.0 -832.0
548.0 -830.0
548.0 -832.0
548.0 -923.0
548.0 -832.0
548.0 -823.0
548.0 -901.0
548.0 -912.0
548.0 -889.0
548.0 -859.0
548.0 -817.0
549.0 -780.0
549.0 -685.0
549.0 -786.0
549.0 -790.0
549.0 -832.0
549.0 -740.0
549.0 -745.0
549.0 -854.0
549.0 -790.0
549.0 -771.0
549.0 -836.0
549.0 -817.0
549.0 -778.0
549.0 -832.0
549.0 -624.0
549.0 -858.0
549.0 -832.0
549.0 -879.0
549.0 -830.0
549.0 -778.0
549.0 -763.0
549.0 -770.0
550.0 -839.0
550.0 -790.0
550.0 -694.0
550.0 -813.0
550.0 -708.0
550.0 -790.0
550.0 -743.0
550.0 -843.0
550.0 -624.0
550.0 -757.0
550.0 -714.0
550.0 -755.0
550.0 -760.0
550.0 -741.0
550.0 -861.0
550.0 -782.0
550.0 -704.0
550.0 -775.0
550.0 -788.0
550.0 -741.0
551.0 -836.0
551.0 -811.0
551.0 -854.0
551.0 -789.0
551.0 -828.0
551.0 -903.0
551.0 -773.0
551.0 -704.0
551.0 -832.0
551.0 -784.0
551.0 -877.0
551.0 -859.0
551.0 -922.0
552.0 -743.0
552.0 -789.0
552.0 -861.0
552.0 -851.0
552.0 -817.0
552.0 -881.0
553.0 -832.0
553.0 -813.0
553.0 -784.0
553.0 -786.0
553.0 -838.0
554.0 -755.0
554.0 -755.0
554.0 -848.0
554.0 -769.0
554.0 -860.0
554.0 -789.0
554.0 -795.0
554.0 -747.0
554.0 -725.0
554.0 -755.0
554.0 -704.0
555.0 -757.0
555.0 -788.0
555.0 -811.0
555.0 -832.0
555.0 -801.0
555.0 -751.0
555.0 -712.0
555.0 -848.0
555.0 -798.0
555.0 -755.0
555.0 -767.0
555.0 -838.0
555.0 -795.0
555.0 -765.0
555.0 -832.0
555.0 -690.0
556.0 -747.0
556.0 -755.0
556.0 -832.0
556.0 -891.0
556.0 -775.0
556.0 -755.0
556.0 -832.0
556.0 -832.0
556.0 -666.0
556.0 -832.0
557.0 -784.0
557.0 -838.0
557.0 -871.0
557.0 -771.0
557.0 -763.0
557.0 -795.0
557.0 -872.0
557.0 -817.0
557.0 -855.0
557.0 -767.0
557.0 -817.0
557.0 -790.0
557.0 -757.0
557.0 -755.0
557.0 -903.0
558.0 -832.0
558.0 -815.0
558.0 -889.0
558.0 -790.0
558.0 -832.0
558.0 -890.0
558.0 -838.0
558.0 -896.0
558.0 -860.0
558.0 -755.0
558.0 -881.0
558.0 -839.0
558.0 -838.0
558.0 -832.0
558.0 -903.0
558.0 -781.0
559.0 -811.0
559.0 -786.0
559.0 -791.0
559.0 -771.0
559.0 -817.0
559.0 -832.0
559.0 -795.0
559.0 -832.0
559.0 -788.0
560.0 -806.0
560.0 -771.0
560.0 -870.0
560.0 -820.0
560.0 -877.0
560.0 -822.0
560.0 -903.0
560.0 -755.0
560.0 -782.0
560.0 -869.0
560.0 -745.0
560.0 -832.0
560.0 -896.0
561.0 -757.0
561.0 -790.0
561.0 -836.0
561.0 -790.0
561.0 -795.0
561.0 -832.0
561.0 -840.0
561.0 -881.0
561.0 -838.0
561.0 -736.0
561.0 -832.0
561.0 -877.0
561.0 -917.0
561.0 -865.0
561.0 -894.0
561.0 -848.0
562.0 -726.0
562.0 -747.0
562.0 -753.0
562.0 -838.0
562.0 -786.0
562.0 -838.0
562.0 -757.0
562.0 -780.0
562.0 -813.0
562.0 -832.0
562.0 -803.0
562.0 -795.0
562.0 -714.0
562.0 -860.0
562.0 -865.0
562.0 -854.0
562.0 -796.0
562.0 -745.0
562.0 -795.0
562.0 -849.0
562.0 -850.0
562.0 -786.0
562.0 -834.0
562.0 -838.0
562.0 -875.0
562.0 -875.0
562.0 -823.0
562.0 -755.0
562.0 -786.0
562.0 -819.0
562.0 -784.0
562.0 -912.0
562.0 -910.0
562.0 -854.0
563.0 -823.0
563.0 -880.0
563.0 -823.0
563.0 -832.0
563.0 -832.0
563.0 -790.0
563.0 -881.0
563.0 -865.0
563.0 -817.0
563.0 -865.0
564.0 -811.0
564.0 -778.0
564.0 -745.0
564.0 -755.0
564.0 -795.0
564.0 -838.0
564.0 -881.0
564.0 -872.0
564.0 -769.0
564.0 -780.0
564.0 -832.0
564.0 -865.0
564.0 -886.0
564.0 -788.0
564.0 -838.0
564.0 -744.0
564.0 -832.0
565.0 -845.0
565.0 -755.0
565.0 -897.0
565.0 -755.0
565.0 -897.0
565.0 -879.0
565.0 -780.0
565.0 -851.0
565.0 -911.0
566.0 -694.0
566.0 -790.0
566.0 -765.0
566.0 -743.0
566.0 -832.0
566.0 -753.0
566.0 -747.0
566.0 -838.0
566.0 -745.0
566.0 -845.0
566.0 -706.0
566.0 -848.0
566.0 -786.0
566.0 -747.0
566.0 -690.0
566.0 -790.0
566.0 -870.0
566.0 -725.0
566.0 -790.0
566.0 -859.0
566.0 -832.0
566.0 -686.0
566.0 -757.0
567.0 -694.0
567.0 -832.0
567.0 -817.0
567.0 -745.0
567.0 -848.0
567.0 -758.0
567.0 -832.0
567.0 -832.0
567.0 -840.0
567.0 -894.0
567.0 -849.0
568.0 -831.0
568.0 -838.0
569.0 -694.0
569.0 -786.0
569.0 -832.0
569.0 -597.0
569.0 -817.0
569.0 -771.0
569.0 -905.0
569.0 -755.0
569.0 -788.0
569.0 -832.0
570.0 -832.0
570.0 -722.0
570.0 -795.0
570.0 -694.0
570.0 -755.0
570.0 -755.0
570.0 -771.0
570.0 -838.0
570.0 -755.0
570.0 -790.0
570.0 -765.0
570.0 -881.0
570.0 -771.0
570.0 -851.0
570.0 -810.0
571.0 -795.0
571.0 -787.0
571.0 -832.0
571.0 -780.0
571.0 -865.0
571.0 -881.0
571.0 -786.0
571.0 -832.0
571.0 -755.0
571.0 -722.0
571.0 -817.0
571.0 -795.0
572.0 -743.0
572.0 -743.0
572.0 -790.0
572.0 -848.0
572.0 -775.0
572.0 -889.0
572.0 -745.0
572.0 -901.0
572.0 -819.0
572.0 -848.0
572.0 -784.0
572.0 -896.0
572.0 -861.0
572.0 -832.0
572.0 -796.0
572.0 -743.0
572.0 -780.0
573.0 -765.0
573.0 -755.0
573.0 -780.0
573.0 -766.0
573.0 -747.0
573.0 -806.0
573.0 -726.0
573.0 -714.0
573.0 -624.0
573.0 -785.0
573.0 -755.0
573.0 -894.0
573.0 -763.0
573.0 -889.0
574.0 -903.0
574.0 -861.0
574.0 -789.0
574.0 -784.0
574.0 -936.0
574.0 -801.0
574.0 -796.0
574.0 -755.0
574.0 -780.0
574.0 -832.0
574.0 -767.0
575.0 -754.0
575.0 -798.0
575.0 -735.0
575.0 -832.0
575.0 -832.0
575.0 -757.0
575.0 -848.0
575.0 -751.0
575.0 -782.0
575.0 -780.0
575.0 -720.0
575.0 -790.0
575.0 -755.0
575.0 -765.0
575.0 -788.0
575.0 -832.0
575.0 -767.0
575.0 -836.0
575.0 -879.0
575.0 -796.0
575.0 -888.0
575.0 -848.0
576.0 -771.0
576.0 -725.0
576.0 -831.0
576.0 -854.0
576.0 -754.0
576.0 -832.0
576.0 -896.0
576.0 -838.0
576.0 -788.0
576.0 -832.0
576.0 -744.0
576.0 -655.0
576.0 -769.0
576.0 -820.0
576.0 -786.0
576.0 -842.0
577.0 -961.0
577.0 -765.0
577.0 -823.0
577.0 -840.0
577.0 -881.0
577.0 -821.0
577.0 -832.0
577.0 -844.0
578.0 -790.0
578.0 -765.0
578.0 -748.0
578.0 -736.0
578.0 -818.0
578.0 -694.0
578.0 -755.0
578.0 -848.0
578.0 -889.0
578.0 -832.0
578.0 -876.0
578.0 -832.0
578.0 -771.0
578.0 -773.0
578.0 -881.0
578.0 -768.0
579.0 -832.0
579.0 -765.0
579.0 -736.0
579.0 -747.0
579.0 -773.0
579.0 -801.0
579.0 -808.0
579.0 -823.0
579.0 -798.0
579.0 -755.0
579.0 -839.0
579.0 -816.0
579.0 -805.0
579.0 -780.0
579.0 -729.0
579.0 -918.0
579.0 -838.0
579.0 -838.0
579.0 -847.0
579.0 -784.0
579.0 -901.0
579.0 -790.0
580.0 -643.0
580.0 -736.0
580.0 -832.0
580.0 -838.0
580.0 -787.0
580.0 -755.0
580.0 -729.0
580.0 -771.0
580.0 -790.0
580.0 -707.0
580.0 -796.0
580.0 -843.0
581.0 -810.0
581.0 -751.0
581.0 -749.0
581.0 -790.0
581.0 -835.0
581.0 -758.0
581.0 -848.0
581.0 -768.0
581.0 -761.0
581.0 -790.0
581.0 -798.0
581.0 -810.0
581.0 -766.0
581.0 -881.0
581.0 -729.0
582.0 -795.0
582.0 -782.0
582.0 -819.0
582.0 -789.0
582.0 -818.0
582.0 -788.0
582.0 -729.0
582.0 -904.0
582.0 -832.0
582.0 -786.0
582.0 -710.0
582.0 -858.0
582.0 -864.0
582.0 -829.0
582.0 -909.0
582.0 -812.0
582.0 -813.0
582.0 -832.0
582.0 -831.0
583.0 -838.0
583.0 -755.0
583.0 -810.0
583.0 -832.0
583.0 -881.0
583.0 -847.0
583.0 -790.0
584.0 -848.0
584.0 -832.0
584.0 -742.0
584.0 -900.0
584.0 -819.0
584.0 -763.0
584.0 -730.0
584.0 -875.0
585.0 -880.0
585.0 -832.0
585.0 -755.0
585.0 -832.0
585.0 -803.0
585.0 -833.0
585.0 -897.0
586.0 -800.0
586.0 -871.0
586.0 -894.0
586.0 -790.0
586.0 -838.0
586.0 -729.0
586.0 -832.0
586.0 -813.0
587.0 -871.0
587.0 -729.0
587.0 -903.0
587.0 -838.0
587.0 -817.0
587.0 -812.0
587.0 -780.0
587.0 -865.0
587.0 -900.0
588.0 -817.0
588.0 -832.0
588.0 -790.0
588.0 -827.0
588.0 -865.0
588.0 -842.0
589.0 -790.0
589.0 -823.0
589.0 -838.0
589.0 -889.0
589.0 -838.0
589.0 -789.0
589.0 -865.0
589.0 -686.0
589.0 -875.0
589.0 -698.0
589.0 -830.0
589.0 -832.0
589.0 -903.0
589.0 -832.0
590.0 -832.0
590.0 -619.0
590.0 -842.0
590.0 -774.0
590.0 -670.0
590.0 -865.0
590.0 -755.0
590.0 -856.0
590.0 -836.0
590.0 -774.0
590.0 -832.0
590.0 -785.0
590.0 -755.0
591.0 -811.0
591.0 -912.0
591.0 -848.0
591.0 -763.0
592.0 -790.0
592.0 -780.0
592.0 -881.0
592.0 -667.0
592.0 -832.0
592.0 -655.0
592.0 -790.0
592.0 -881.0
592.0 -790.0
592.0 -865.0
592.0 -909.0
592.0 -889.0
592.0 -757.0
592.0 -875.0
592.0 -816.0
592.0 -787.0
592.0 -823.0
592.0 -863.0
592.0 -790.0
592.0 -739.0
592.0 -801.0
592.0 -765.0
592.0 -838.0
592.0 -802.0
592.0 -854.0
592.0 -865.0
592.0 -871.0
592.0 -861.0
592.0 -832.0
592.0 -807.0
592.0 -763.0
592.0 -894.0
592.0 -841.0
593.0 -832.0
593.0 -765.0
593.0 -842.0
593.0 -848.0
594.0 -812.0
594.0 -817.0
594.0 -832.0
594.0 -850.0
594.0 -765.0
594.0 -755.0
595.0 -755.0
595.0 -832.0
595.0 -729.0
595.0 -822.0
595.0 -838.0
595.0 -860.0
596.0 -875.0
596.0 -848.0
596.0 -876.0
596.0 -801.0
596.0 -832.0
596.0 -763.0
596.0 -900.0
596.0 -796.0
597.0 -823.0
597.0 -788.0
597.0 -832.0
597.0 -848.0
597.0 -813.0
597.0 -742.0
597.0 -881.0
597.0 -881.0
597.0 -891.0
598.0 -832.0
598.0 -823.0
598.0 -813.0
598.0 -811.0
599.0 -832.0
599.0 -832.0
599.0 -765.0
599.0 -850.0
599.0 -795.0
599.0 -744.0
599.0 -848.0
599.0 -832.0
599.0 -838.0
599.0 -778.0
599.0 -753.0
600.0 -743.0
600.0 -827.0
600.0 -838.0
600.0 -789.0
600.0 -881.0
600.0 -858.0
600.0 -848.0
600.0 -838.0
600.0 -763.0
601.0 -832.0
601.0 -765.0
601.0 -831.0
601.0 -827.0
601.0 -896.0
602.0 -838.0
602.0 -842.0
602.0 -755.0
602.0 -832.0
602.0 -747.0
602.0 -842.0
602.0 -773.0
602.0 -832.0
602.0 -904.0
602.0 -861.0
602.0 -858.0
602.0 -837.0
602.0 -831.0
603.0 -816.0
603.0 -848.0
603.0 -832.0
604.0 -881.0
604.0 -853.0
604.0 -832.0
604.0 -807.0
604.0 -830.0
604.0 -882.0
604.0 -832.0
605.0 -599.0
605.0 -839.0
605.0 -755.0
605.0 -762.0
605.0 -838.0
605.0 -896.0
605.0 -832.0
605.0 -842.0
605.0 -805.0
605.0 -785.0
605.0 -755.0
606.0 -858.0
606.0 -806.0
607.0 -810.0
607.0 -881.0
607.0 -848.0
607.0 -820.0
607.0 -861.0
607.0 -832.0
607.0 -789.0
607.0 -881.0
607.0 -881.0
607.0 -868.0
607.0 -893.0
607.0 -781.0
607.0 -870.0
607.0 -873.0
607.0 -863.0
608.0 -805.0
608.0 -897.0
609.0 -765.0
609.0 -807.0
609.0 -858.0
609.0 -755.0
609.0 -841.0
609.0 -817.0
609.0 -757.0
609.0 -790.0
609.0 -911.0
610.0 -838.0
610.0 -760.0
610.0 -765.0
610.0 -769.0
610.0 -791.0
610.0 -812.0
610.0 -806.0
610.0 -854.0
610.0 -844.0
610.0 -810.0
610.0 -810.0
610.0 -755.0
610.0 -835.0
610.0 -782.0
610.0 -693.0
610.0 -878.0
610.0 -854.0
611.0 -838.0
611.0 -832.0
611.0 -897.0
611.0 -637.0
611.0 -795.0
611.0 -766.0
611.0 -823.0
611.0 -831.0
612.0 -832.0
612.0 -807.0
613.0 -755.0
613.0 -842.0
613.0 -860.0
613.0 -881.0
613.0 -838.0
613.0 -865.0
614.0 -889.0
614.0 -875.0
614.0 -889.0
614.0 -883.0
614.0 -926.0
615.0 -897.0
615.0 -855.0
615.0 -714.0
615.0 -735.0
615.0 -830.0
615.0 -686.0
615.0 -709.0
615.0 -910.0
616.0 -714.0
616.0 -823.0
616.0 -844.0
616.0 -844.0
617.0 -711.0
617.0 -865.0
617.0 -755.0
617.0 -764.0
617.0 -833.0
617.0 -853.0
619.0 -765.0
619.0 -838.0
619.0 -830.0
619.0 -848.0
620.0 -795.0
620.0 -833.0
620.0 -872.0
620.0 -829.0
620.0 -838.0
620.0 -786.0
621.0 -869.0
621.0 -806.0
622.0 -775.0
622.0 -838.0
622.0 -773.0
622.0 -881.0
622.0 -875.0
622.0 -853.0
622.0 -860.0
622.0 -848.0
623.0 -875.0
624.0 -813.0
625.0 -833.0
626.0 -755.0
626.0 -871.0
628.0 -912.0
628.0 -833.0
629.0 -842.0
630.0 -832.0
630.0 -861.0
631.0 -714.0
631.0 -910.0
633.0 -833.0
633.0 -860.0
635.0 -848.0
635.0 -851.0
635.0 -886.0
637.0 -637.0
639.0 -833.0
646.0 -786.0
