1100001010111100000000000000000000000000000000000010111100000011100000000101000
1100001010111100000000000000000000000000000000000010111100000011100000000101000
1100001010111100000000000000000000000000000000000010111100000011100000000101000
1100001010111000100000000000000000000000000000000010111100000011100000000101000
1100001010111000100000000000000000000000000000000010111100000011100000000101000
1100001010111100000000000000000000000000000000000010111001000011100000000101000
1100001010111100000000000000000000000000000000000010111001000011100000000101000
1100001010111100000000000000000000000000000000000010111001000011100000000101000
1100001010111010000000000000000000000000000000000010111100000011100000000101000
1100001010111010000000000000000000000000000000000010111100000011100000000101000
1100001010111000100000000000000000000000000000000010111001000011100000000101000
1100001010111000100000000000000000000000000000000010111001000011100000000101000
1100001010111010000000000000000000000000000000000010111001000011100000000101000
1100001010111010000000000000000000000000000000000010111001000011100000000101000
1100001010111010000000000000000000000000000000000010111001000011100000000101000
1100001010111000100000000000000000000000000000000010111100000011100000000110000
1100001010111000100000000000000000000000000000000010111100000011100000000110000
1100001010111010000000000000000000000000000000000010111100000011100000000110000
1100001010111010000000000000000000000000000000000010111100000011100000000110000
1100001010111010000000000000000000000000000000000010111100000011100000000110000
1100001010111000100000000000000000000000000000000010111001000011100000000110000
1100001010111000100000000000000000000000000000000010111001000011100000000110000
1100001010111010000000000000000000000000000000000010111001000011100000000110000
1100001010111010000000000000000000000000000000000010111001000011100000000110000
1100001010111000100000000000000000000000000000000010111100000011001000000110000
1100001010111000100000000000000000000000000000000010111100000011001000000110000
1100001010111000100000000000000000000000000000000010111100000011001000000110000
1100001010111100000000000000000000000000000000000010111100000011100000000101110
1100001010111100000000000000000000000000000000000010111100000011100000000101110
1100001010111000100000000000000000000000000000000010111100000010000010100110000
1100001010111000100000000000000000000000000000000010111100000010000010100110000
1100001010111000100000000000000000000000000000000010111100000010000010100110000
1100001010111010000000000000000000000000000000000010111100000010000010100110000
1100001010111010000000000000000000000000000000000010111100000010000010100110000
1100001010111000100000000000000000000000000000000010111100000011100000000101110
1100001010111000100000000000000000000000000000000010111100000011100000000101110
1100001010111100000000000000000000000000000000000010111001000011100000000101110
1100001010111100000000000000000000000000000000000010111001000011100000000101110
1100001010111100000000000000000000000000000000000010111001000011100000000101110
1100001010111010000000000000000000000000000000000010111100000011100000000101110
1100001010111010000000000000000000000000000000000010111100000011100000000101110
1100001010111000100000000000000000000000000000000010111001000010000010100110000
1100001010111000100000000000000000000000000000000010111001000010000010100110000
1100001010111010000000000000000000000000000000000010111001000010000010100110000
1100001010111010000000000000000000000000000000000010111001000010000010100110000
1100001010111010000000000000000000000000000000000010111001000010000010100110000
1100001010111000100000000000000000000000000000000010111001000011100000000101110
1100001010111000100000000000000000000000000000000010111001000011100000000101110
1100001010111000100000000000000000000000000000000010111001000011100000000101110
1100001010111010000000000000000000000000000000000010111001000011100000000101110
1100001010111010000000000000000000000000000000000010111001000011100000000101110
1100001010111010000000000000000000000000000000000010111001000011100000000101110
1100001010111000100000000000000000000000000000000010111100000011100000000110110
1100001010111000100000000000000000000000000000000010111100000011100000000110110
1100001010111010000000000000000000000000000000000010111100000011100000000110110
1100001010111010000000000000000000000000000000000010111100000011100000000110110
1100001010111010000000000000000000000000000000000010111100000011100000000110110
1100001010111000100000000000000000000000000000000010111100000011100000000101101
1100001010111000100000000000000000000000000000000010111100000011100000000101101
1100001010111000100000000000000000000000000000000010111001000011100000000110110
1100001010111000100000000000000000000000000000000010111001000011100000000110110
1100001010111100000000000000000000000000000000000010111001000011100000000101101
1100001010111100000000000000000000000000000000000010111001000011100000000101101
1100001010111010000000000000000000000000000000000010111100000011100000000101101
1100001010111010000000000000000000000000000000000010111100000011100000000101101
1100001010111010000000000000000000000000000000000010111001000011100000000110110
1100001010111010000000000000000000000000000000000010111001000011100000000110110
1100001010111000100000000000000000000000000000000010111100000011001000000110110
1100001010111000100000000000000000000000000000000010111100000011001000000110110
1100001010111000100000000000000000000000000000000010111100000011001000000110110
1100001010111000100000000000000000000000000000000010111001000011100000000101101
1100001010111000100000000000000000000000000000000010111001000011100000000101101
1100001010111010000000000000000000000000000000000010111001000011100000000101101
1100001010111010000000000000000000000000000000000010111001000011100000000101101
1100001010111000100000000000000000000000000000000010111100000010000010100110110
1100001010111000100000000000000000000000000000000010111100000010000010100110110
1100001010111000100000000000000000000000000000000010111100000010000010100110110
1100001010111010000000000000000000000000000000000010111100000010000010100110110
1100001010111010000000000000000000000000000000000010111100000010000010100110110
1100001010111000100000000000000000000000000000000010111100000011100000000110101
1100001010111000100000000000000000000000000000000010111100000011100000000110101
1100001010111010000000000000000000000000000000000010111100000011100000000110101
1100001010111010000000000000000000000000000000000010111100000011100000000110101
1100001010111000100000000000000000000000000000000010111001000011100000000110101
1100001010111000100000000000000000000000000000000010111001000011100000000110101
1100001010111000100000000000000000000000000000000010111001000011100000000110101
1100001010111010000000000000000000000000000000000010111001000011100000000110101
1100001010111010000000000000000000000000000000000010111001000011100000000110101
1100001010111000100000000000000000000000000000000010111100000010000010100110101
1100001010111000100000000000000000000000000000000010111100000010000010100110101
1100001010111000100000000000000000000000000000000010111100000010000010100110101
1100001010111010000000000000000000000000000000000010111100000010000010100110101
1100001010111010000000000000000000000000000000000010111100000010000010100110101
1100001010111010000000000000000000000000000000000010111100000010000010100110101
1100001010111000100000000000000000000000000000000010111001000010000010100110101
1100001010111000100000000000000000000000000000000010111001000010000010100110101
1100001010111000100000000000000000000000000000000010111001000010000010100110101
1100001010111010000000000000000000000000000000000010111001000010000010100110101
1100001010111010000000000000000000000000000000000010111001000010000010100110101
1100001010111010000000000000000000000000000000000010111001000010000010100110101
