95.4 6.0 53.0 -14.95
95.4 6.0 53.0 -14.95
95.4 6.0 53.0 -14.95
95.4 6.0 53.0 -14.95
95.4 6.0 53.0 -14.95
95.4 6.0 53.0 -14.95
95.4 6.0 53.0 -14.95
99.7 6.0 48.0 -14.95
99.7 6.0 48.0 -14.95
99.7 6.0 48.0 -14.95
99.7 6.0 48.0 -14.95
99.7 6.0 48.0 -14.95
99.7 6.0 48.0 -14.95
102.1 6.0 57.0 -16.1
102.1 6.0 57.0 -16.1
102.1 6.0 57.0 -16.1
102.1 6.0 57.0 -16.1
102.1 6.0 57.0 -16.1
102.1 6.0 57.0 -16.1
103.0 7.0 43.0 -14.95
103.0 7.0 43.0 -14.95
103.0 7.0 43.0 -14.95
103.0 7.0 43.0 -14.95
103.0 7.0 43.0 -14.95
103.0 7.0 43.0 -14.95
106.4 6.0 52.0 -16.1
106.4 6.0 52.0 -16.1
106.4 6.0 52.0 -16.1
106.4 6.0 52.0 -16.1
106.4 6.0 52.0 -16.1
106.4 6.0 52.0 -16.1
107.3 7.0 38.0 -14.95
107.3 7.0 38.0 -14.95
107.3 7.0 38.0 -14.95
107.3 7.0 38.0 -14.95
107.3 7.0 38.0 -14.95
107.3 7.0 38.0 -14.95
109.7 7.0 47.0 -16.1
109.7 7.0 47.0 -16.1
109.7 7.0 47.0 -16.1
109.7 7.0 47.0 -16.1
109.7 7.0 47.0 -16.1
109.7 7.0 47.0 -16.1
114.0 7.0 42.0 -16.1
114.0 7.0 42.0 -16.1
114.0 7.0 42.0 -16.1
114.0 7.0 42.0 -16.1
114.0 7.0 42.0 -16.1
114.0 7.0 42.0 -16.1
114.0 7.0 42.0 -16.1
130.4 7.0 55.0 -17.25
130.4 7.0 55.0 -17.25
130.4 7.0 55.0 -17.25
130.4 7.0 55.0 -17.25
130.4 7.0 55.0 -17.25
130.4 7.0 55.0 -17.25
130.4 7.0 55.0 -17.25
134.7 7.0 50.0 -17.25
134.7 7.0 50.0 -17.25
134.7 7.0 50.0 -17.25
134.7 7.0 50.0 -17.25
134.7 7.0 50.0 -17.25
134.7 7.0 50.0 -17.25
137.1 7.0 59.0 -18.4
137.1 7.0 59.0 -18.4
137.1 7.0 59.0 -18.4
137.1 7.0 59.0 -18.4
137.1 7.0 59.0 -18.4
137.1 7.0 59.0 -18.4
138.0 8.0 45.0 -17.25
138.0 8.0 45.0 -17.25
138.0 8.0 45.0 -17.25
138.0 8.0 45.0 -17.25
138.0 8.0 45.0 -17.25
138.0 8.0 45.0 -17.25
141.4 7.0 54.0 -18.4
141.4 7.0 54.0 -18.4
141.4 7.0 54.0 -18.4
141.4 7.0 54.0 -18.4
141.4 7.0 54.0 -18.4
141.4 7.0 54.0 -18.4
142.3 8.0 40.0 -17.25
142.3 8.0 40.0 -17.25
142.3 8.0 40.0 -17.25
142.3 8.0 40.0 -17.25
142.3 8.0 40.0 -17.25
142.3 8.0 40.0 -17.25
144.7 8.0 49.0 -18.4
144.7 8.0 49.0 -18.4
144.7 8.0 49.0 -18.4
144.7 8.0 49.0 -18.4
144.7 8.0 49.0 -18.4
144.7 8.0 49.0 -18.4
149.0 8.0 44.0 -18.4
149.0 8.0 44.0 -18.4
149.0 8.0 44.0 -18.4
149.0 8.0 44.0 -18.4
149.0 8.0 44.0 -18.4
149.0 8.0 44.0 -18.4
149.0 8.0 44.0 -18.4
