1100001011010000000000000000000001000001000000000011000000000010000010010101000
1100001011010000000000000000000001000001000000000011000000000010000010010101000
1100001011010000000000000000000001000001000000000011000000000010000010010101000
1100001011010000000000000000000001000001000000000011000000000010000010010101000
1100001011010000000000000000000001000001000000000011000000000010000010010101000
1100001011010000000000000000000001000001000000000011000000000010000010010101000
1100001011010000000000000000000001000001000000000011000000000010000010010101000
1100001011010000000000000000000001001000000000000011000000000010000010010101000
1100001011010000000000000000000001001000000000000011000000000010000010010101000
1100001011010000000000000000000001001000000000000011000000000010000010010101000
1100001011010000000000000000000001001000000000000011000000000010000010010101000
1100001011010000000000000000000001001000000000000011000000000010000010010101000
1100001011010000000000000000000001001000000000000011000000000010000010010101000
1100001011010000000000000000000001001000000000000011000000000010000010010101000
1100001011010000000000000000000001001000000000000011000000000010000010010101000
1100001010110000000000000000000001001000000000000011000000000010000010010101000
1100001010110000000000000000000001001000000000000011000000000010000010010101000
1100001010110000000000000000000001001000000000000011000000000010000010010101000
1100001010110000000000000000000001001000000000000011000000000010000010010101000
1100001010110000000000000000000001001000000000000011000000000010000010010101000
1100001011010000000000000000000001000001000000000011000000000010000010010110000
1100001011010000000000000000000001000001000000000011000000000010000010010110000
1100001011010000000000000000000001000001000000000011000000000010000010010110000
1100001011010000000000000000000001000001000000000011000000000010000010010110000
1100001011010000000000000000000001000001000000000011000000000010000010010110000
1100001011010000000000000000000001000001000000000011000000000010000010010110000
1100001011010000000000000000000001000001000000000011000000000010000010010110000
1100001011010000000000000000000001000001000000000011000000000010000010010110000
1100001011010000000000000000000001001000000000000011000000000010000010010110000
1100001011010000000000000000000001001000000000000011000000000010000010010110000
1100001011010000000000000000000001001000000000000011000000000010000010010110000
1100001011010000000000000000000001001000000000000011000000000010000010010110000
1100001011010000000000000000000001001000000000000011000000000010000010010110000
1100001011010000000000000000000001001000000000000011000000000010000010010110000
1100001011010000000000000000000001001000000000000011000000000010000010010110000
1100001011010000000000000000000001001000000000000011000000000010000010010110000
1100001011010000000000000000000001000001000000000011000000000010000010010101110
1100001011010000000000000000000001000001000000000011000000000010000010010101110
1100001011010000000000000000000001000001000000000011000000000010000010010101110
1100001011010000000000000000000001000001000000000011000000000010000010010101110
1100001011010000000000000000000001000001000000000011000000000010000010010101110
1100001011010000000000000000000001000001000000000011000000000010000010010101110
1100001011010000000000000000000001000001000000000011000000000010000010010101110
1100001011010000000000000000000001001000000000000011000000000010000010010101110
1100001011010000000000000000000001001000000000000011000000000010000010010101110
1100001011010000000000000000000001001000000000000011000000000010000010010101110
1100001011010000000000000000000001001000000000000011000000000010000010010101110
1100001011010000000000000000000001001000000000000011000000000010000010010101110
1100001011010000000000000000000001001000000000000011000000000010000010010101110
1100001011010000000000000000000001001000000000000011000000000010000010010101110
1100001011010000000000000000000001001000000000000011000000000010000010010101110
1100001010110000000000000000000001001000000000000011000000000010000010010101110
1100001010110000000000000000000001001000000000000011000000000010000010010101110
1100001010110000000000000000000001001000000000000011000000000010000010010101110
1100001010110000000000000000000001001000000000000011000000000010000010010101110
1100001010110000000000000000000001001000000000000011000000000010000010010101110
1100001010110000000000000000000001001000000000000011000000000010000010010101110
1100001010110000000000000000000001001000000000000011000000000010000010010101110
1100001011010000000000000000000001000001000000000011000000000010000010010110110
1100001011010000000000000000000001000001000000000011000000000010000010010110110
1100001011010000000000000000000001000001000000000011000000000010000010010110110
1100001011010000000000000000000001000001000000000011000000000010000010010110110
1100001011010000000000000000000001000001000000000011000000000010000010010110110
1100001011010000000000000000000001000001000000000011000000000010000010010110110
1100001011010000000000000000000001000001000000000011000000000010000010010110110
1100001011010000000000000000000001001000000000000011000000000010000010010110110
1100001011010000000000000000000001001000000000000011000000000010000010010110110
1100001011010000000000000000000001001000000000000011000000000010000010010110110
1100001011010000000000000000000001000001000000000011000000000010000010010101101
1100001011010000000000000000000001000001000000000011000000000010000010010101101
1100001011010000000000000000000001000001000000000011000000000010000010010101101
1100001011010000000000000000000001000001000000000011000000000010000010010101101
1100001011010000000000000000000001000001000000000011000000000010000010010101101
1100001011010000000000000000000001000001000000000011000000000010000010010101101
1100001011010000000000000000000001000001000000000011000000000010000010010101101
1100001011010000000000000000000001001000000000000011000000000010000010010101101
1100001011010000000000000000000001001000000000000011000000000010000010010101101
1100001011010000000000000000000001001000000000000011000000000010000010010101101
1100001011010000000000000000000001001000000000000011000000000010000010010101101
1100001011010000000000000000000001001000000000000011000000000010000010010101101
1100001011010000000000000000000001001000000000000011000000000010000010010101101
1100001011010000000000000000000001001000000000000011000000000010000010010101101
1100001011010000000000000000000001001000000000000011000000000010000010010101101
1100001010110000000000000000000001001000000000000011000000000010000010010101101
1100001010110000000000000000000001001000000000000011000000000010000010010101101
1100001011010000000000000000000001000001000000000011000000000010000010010110101
1100001011010000000000000000000001000001000000000011000000000010000010010110101
1100001011010000000000000000000001000001000000000011000000000010000010010110101
1100001011010000000000000000000001000001000000000011000000000010000010010110101
1100001011010000000000000000000001000001000000000011000000000010000010010110101
1100001011010000000000000000000001000001000000000011000000000010000010010110101
1100001011010000000000000000000001000001000000000011000000000010000010010110101
1100001011010000000000000000000001000001000000000011000000000010000010010110101
1100001011010000000000000000000001001000000000000011000000000010000010010110101
1100001011010000000000000000000001001000000000000011000000000010000010010110101
1100001011010000000000000000000001001000000000000011000000000010000010010110101
1100001011010000000000000000000001001000000000000011000000000010000010010110101
1100001011010000000000000000000001001000000000000011000000000010000010010110101
1100001011010000000000000000000001001000000000000011000000000010000010010110101
1100001011010000000000000000000001001000000000000011000000000010000010010110101
