124.4 8.0 52.0 -19.55
129.1 7.0 60.0 -19.55
129.1 7.0 60.0 -19.55
129.1 7.0 60.0 -19.55
129.1 7.0 60.0 -19.55
143.6 7.0 58.0 -19.55
143.6 7.0 58.0 -19.55
143.6 7.0 58.0 -19.55
143.6 7.0 58.0 -19.55
151.2 7.0 64.0 -20.7
151.2 7.0 64.0 -20.7
151.2 7.0 64.0 -20.7
151.2 7.0 64.0 -20.7
151.7 9.0 46.0 -19.55
151.7 9.0 46.0 -19.55
151.7 9.0 46.0 -19.55
151.7 9.0 46.0 -19.55
153.1 8.0 50.0 -19.55
153.1 8.0 50.0 -19.55
153.1 8.0 50.0 -19.55
153.1 8.0 50.0 -19.55
159.4 9.0 54.0 -21.85
159.4 9.0 54.0 -21.85
160.7 8.0 56.0 -20.7
160.7 8.0 56.0 -20.7
160.7 8.0 56.0 -20.7
160.7 8.0 56.0 -20.7
163.0 7.0 58.0 -20.7
164.1 8.0 62.0 -21.85
164.1 8.0 62.0 -21.85
164.1 8.0 62.0 -21.85
164.1 8.0 62.0 -21.85
166.2 9.0 44.0 -19.55
166.2 9.0 44.0 -19.55
166.2 9.0 44.0 -19.55
166.2 9.0 44.0 -19.55
167.7 6.0 66.0 -20.7
167.7 6.0 66.0 -20.7
167.7 6.0 66.0 -20.7
167.7 6.0 66.0 -20.7
167.7 6.0 66.0 -20.7
173.8 9.0 50.0 -20.7
173.8 9.0 50.0 -20.7
173.8 9.0 50.0 -20.7
173.8 9.0 50.0 -20.7
175.2 8.0 54.0 -20.7
175.2 8.0 54.0 -20.7
175.2 8.0 54.0 -20.7
175.2 8.0 54.0 -20.7
178.6 8.0 60.0 -21.85
178.6 8.0 60.0 -21.85
178.6 8.0 60.0 -21.85
178.6 8.0 60.0 -21.85
186.2 8.0 66.0 -23.0
186.2 8.0 66.0 -23.0
186.2 8.0 66.0 -23.0
186.2 8.0 66.0 -23.0
186.7 10.0 48.0 -21.85
186.7 10.0 48.0 -21.85
186.7 10.0 48.0 -21.85
186.7 10.0 48.0 -21.85
188.1 9.0 52.0 -21.85
188.1 9.0 52.0 -21.85
188.1 9.0 52.0 -21.85
188.1 9.0 52.0 -21.85
188.3 9.0 48.0 -20.7
188.3 9.0 48.0 -20.7
188.3 9.0 48.0 -20.7
188.3 9.0 48.0 -20.7
195.7 9.0 58.0 -23.0
195.7 9.0 58.0 -23.0
195.7 9.0 58.0 -23.0
195.7 9.0 58.0 -23.0
197.7 8.0 62.0 -23.0
201.2 10.0 46.0 -21.85
201.2 10.0 46.0 -21.85
201.2 10.0 46.0 -21.85
201.2 10.0 46.0 -21.85
201.2 10.0 46.0 -21.85
208.8 10.0 52.0 -23.0
208.8 10.0 52.0 -23.0
208.8 10.0 52.0 -23.0
208.8 10.0 52.0 -23.0
210.2 9.0 56.0 -23.0
210.2 9.0 56.0 -23.0
210.2 9.0 56.0 -23.0
210.2 9.0 56.0 -23.0
212.2 8.0 60.0 -23.0
212.2 8.0 60.0 -23.0
212.2 8.0 60.0 -23.0
212.2 8.0 60.0 -23.0
223.3 10.0 50.0 -23.0
223.3 10.0 50.0 -23.0
223.3 10.0 50.0 -23.0
223.3 10.0 50.0 -23.0
223.3 10.0 50.0 -23.0
225.3 9.0 54.0 -23.0
225.3 9.0 54.0 -23.0
225.3 9.0 54.0 -23.0
225.3 9.0 54.0 -23.0
