0.0 0.0
0.0 0.0
0.0 0.0
0.0 0.0
0.0 0.0
0.0 0.0
12.0 -4.0
12.0 -4.0
13.0 -3.0
13.0 -7.0
13.0 -7.0
13.0 -7.0
13.0 -7.0
16.0 -7.0
16.0 -7.0
16.0 -7.0
18.0 -10.0
18.0 -10.0
18.0 -10.0
18.0 -10.0
19.0 -6.0
19.0 -6.0
23.0 -5.0
25.0 -11.0
25.0 -11.0
26.0 -10.0
28.0 -11.0
28.0 -11.0
29.0 -10.0
29.0 -10.0
29.0 -10.0
29.0 -14.0
30.0 -14.0
30.0 -14.0
31.0 -13.0
31.0 -13.0
31.0 -17.0
32.0 -11.0
32.0 -11.0
32.0 -9.0
34.0 -17.0
34.0 -17.0
35.0 -12.0
36.0 -10.0
36.0 -6.0
36.0 -6.0
36.0 -8.0
36.0 -10.0
37.0 -16.0
38.0 -14.0
41.0 -13.0
41.0 -18.0
41.0 -18.0
43.0 -17.0
43.0 -17.0
44.0 -20.0
44.0 -17.0
45.0 -14.0
46.0 -21.0
46.0 -21.0
46.0 -8.0
47.0 -20.0
47.0 -20.0
48.0 -17.0
48.0 -19.0
48.0 -18.0
49.0 -20.0
49.0 -16.0
49.0 -15.0
50.0 -23.0
51.0 -19.0
54.0 -20.0
54.0 -16.0
54.0 -20.0
55.0 -14.0
55.0 -18.0
55.0 -18.0
56.0 -24.0
59.0 -28.0
59.0 -24.0
60.0 -24.0
62.0 -25.0
63.0 -26.0
66.0 -26.0
66.0 -11.0
66.0 -29.0
66.0 -29.0
66.0 -30.0
66.0 -27.0
66.0 -27.0
67.0 -20.0
67.0 -25.0
67.0 -21.0
67.0 -24.0
67.0 -22.0
69.0 -27.0
70.0 -30.0
71.0 -25.0
71.0 -22.0
71.0 -34.0
72.0 -26.0
73.0 -26.0
73.0 -26.0
73.0 -26.0
75.0 -25.0
76.0 -30.0
77.0 -28.0
78.0 -34.0
78.0 -33.0
78.0 -34.0
79.0 -31.0
79.0 -30.0
79.0 -14.0
83.0 -30.0
84.0 -29.0
85.0 -15.0
85.0 -33.0
89.0 -32.0
89.0 -28.0
89.0 -30.0
89.0 -34.0
90.0 -31.0
92.0 -34.0
95.0 -39.0
95.0 -39.0
96.0 -34.0
98.0 -37.0
98.0 -37.0
100.0 -32.0
101.0 -40.0
102.0 -38.0
102.0 -37.0
102.0 -17.0
102.0 -33.0
104.0 -36.0
106.0 -24.0
106.0 -42.0
107.0 -43.0
108.0 -39.0
111.0 -37.0
112.0 -34.0
112.0 -36.0
113.0 -38.0
115.0 -42.0
117.0 -43.0
118.0 -45.0
118.0 -42.0
119.0 -30.0
120.0 -42.0
121.0 -45.0
128.0 -47.0
129.0 -48.0
129.0 -32.0
131.0 -49.0
131.0 -49.0
132.0 -36.0
132.0 -39.0
133.0 -49.0
134.0 -44.0
134.0 -42.0
134.0 -42.0
135.0 -33.0
135.0 -37.0
137.0 -51.0
137.0 -47.0
138.0 -46.0
139.0 -45.0
141.0 -34.0
144.0 -46.0
145.0 -48.0
145.0 -39.0
145.0 -47.0
146.0 -45.0
148.0 -54.0
148.0 -42.0
149.0 -48.0
150.0 -55.0
151.0 -48.0
153.0 -46.0
153.0 -41.0
154.0 -57.0
156.0 -56.0
156.0 -58.0
158.0 -54.0
159.0 -55.0
159.0 -52.0
159.0 -49.0
160.0 -58.0
160.0 -55.0
160.0 -56.0
168.0 -56.0
169.0 -55.0
169.0 -64.0
172.0 -59.0
172.0 -44.0
174.0 -51.0
175.0 -45.0
181.0 -60.0
183.0 -63.0
186.0 -63.0
186.0 -66.0
192.0 -59.0
197.0 -46.0
200.0 -66.0
204.0 -67.0
205.0 -61.0
207.0 -77.0
210.0 -51.0
211.0 -58.0
211.0 -34.0
216.0 -57.0
217.0 -59.0
222.0 -67.0
225.0 -57.0
228.0 -73.0
228.0 -56.0
228.0 -54.0
229.0 -63.0
232.0 -62.0
233.0 -69.0
234.0 -63.0
235.0 -60.0
237.0 -60.0
241.0 -65.0
242.0 -77.0
246.0 -63.0
248.0 -62.0
248.0 -67.0
249.0 -74.0
251.0 -66.0
253.0 -74.0
253.0 -70.0
255.0 -82.0
255.0 -76.0
257.0 -71.0
259.0 -86.0
259.0 -63.0
259.0 -76.0
262.0 -77.0
263.0 -63.0
264.0 -79.0
265.0 -82.0
266.0 -78.0
267.0 -84.0
268.0 -72.0
270.0 -77.0
270.0 -74.0
273.0 -78.0
274.0 -82.0
277.0 -65.0
277.0 -76.0
278.0 -71.0
279.0 -80.0
279.0 -93.0
280.0 -76.0
281.0 -68.0
281.0 -66.0
282.0 -70.0
283.0 -91.0
283.0 -77.0
284.0 -91.0
285.0 -61.0
286.0 -82.0
286.0 -88.0
287.0 -90.0
287.0 -80.0
288.0 -88.0
288.0 -76.0
289.0 -85.0
292.0 -92.0
294.0 -90.0
295.0 -87.0
295.0 -67.0
295.0 -89.0
296.0 -91.0
296.0 -106.0
299.0 -84.0
299.0 -89.0
299.0 -91.0
301.0 -83.0
303.0 -92.0
303.0 -82.0
304.0 -97.0
304.0 -80.0
304.0 -89.0
305.0 -88.0
305.0 -84.0
305.0 -93.0
305.0 -94.0
305.0 -76.0
306.0 -80.0
307.0 -89.0
307.0 -87.0
308.0 -87.0
308.0 -91.0
308.0 -87.0
309.0 -84.0
309.0 -79.0
309.0 -80.0
309.0 -89.0
310.0 -94.0
312.0 -91.0
313.0 -87.0
313.0 -94.0
313.0 -95.0
314.0 -89.0
314.0 -89.0
314.0 -101.0
314.0 -85.0
315.0 -101.0
316.0 -86.0
316.0 -91.0
317.0 -90.0
317.0 -97.0
317.0 -99.0
317.0 -100.0
318.0 -80.0
318.0 -86.0
319.0 -95.0
319.0 -87.0
320.0 -101.0
321.0 -89.0
321.0 -100.0
323.0 -96.0
324.0 -99.0
325.0 -88.0
325.0 -106.0
325.0 -83.0
328.0 -93.0
329.0 -95.0
330.0 -94.0
330.0 -98.0
331.0 -98.0
332.0 -101.0
332.0 -91.0
333.0 -104.0
333.0 -93.0
334.0 -104.0
335.0 -100.0
336.0 -101.0
336.0 -92.0
336.0 -98.0
338.0 -96.0
339.0 -100.0
339.0 -91.0
341.0 -110.0
341.0 -97.0
341.0 -105.0
342.0 -96.0
342.0 -103.0
343.0 -93.0
343.0 -104.0
344.0 -110.0
344.0 -98.0
347.0 -105.0
349.0 -104.0
349.0 -85.0
350.0 -100.0
351.0 -104.0
351.0 -76.0
352.0 -111.0
353.0 -103.0
354.0 -98.0
354.0 -105.0
354.0 -111.0
354.0 -104.0
357.0 -109.0
358.0 -102.0
358.0 -109.0
361.0 -110.0
361.0 -110.0
362.0 -73.0
363.0 -107.0
366.0 -111.0
366.0 -98.0
366.0 -105.0
367.0 -105.0
367.0 -81.0
369.0 -107.0
369.0 -103.0
370.0 -107.0
371.0 -93.0
371.0 -111.0
372.0 -112.0
372.0 -102.0
375.0 -122.0
377.0 -100.0
377.0 -116.0
378.0 -119.0
378.0 -110.0
379.0 -118.0
379.0 -113.0
379.0 -77.0
381.0 -112.0
381.0 -116.0
383.0 -117.0
383.0 -118.0
384.0 -115.0
385.0 -125.0
385.0 -118.0
386.0 -107.0
386.0 -88.0
388.0 -120.0
389.0 -112.0
390.0 -118.0
390.0 -116.0
390.0 -113.0
390.0 -95.0
391.0 -103.0
391.0 -121.0
391.0 -122.0
391.0 -90.0
391.0 -120.0
392.0 -123.0
392.0 -124.0
392.0 -115.0
393.0 -117.0
393.0 -118.0
394.0 -114.0
394.0 -106.0
396.0 -90.0
398.0 -111.0
399.0 -120.0
400.0 -102.0
403.0 -109.0
404.0 -113.0
406.0 -98.0
406.0 -115.0
407.0 -115.0
407.0 -123.0
409.0 -119.0
410.0 -73.0
410.0 -120.0
411.0 -119.0
415.0 -115.0
416.0 -122.0
420.0 -114.0
422.0 -86.0
423.0 -102.0
426.0 -126.0
427.0 -114.0
427.0 -130.0
427.0 -120.0
429.0 -122.0
432.0 -131.0
432.0 -131.0
434.0 -119.0
434.0 -107.0
436.0 -114.0
436.0 -122.0
439.0 -133.0
440.0 -117.0
441.0 -131.0
443.0 -131.0
444.0 -107.0
445.0 -113.0
445.0 -100.0
447.0 -132.0
450.0 -129.0
450.0 -127.0
451.0 -126.0
452.0 -140.0
454.0 -106.0
456.0 -130.0
457.0 -124.0
457.0 -132.0
463.0 -121.0
464.0 -138.0
464.0 -145.0
467.0 -140.0
468.0 -145.0
468.0 -128.0
469.0 -143.0
470.0 -123.0
471.0 -123.0
472.0 -128.0
474.0 -138.0
474.0 -103.0
475.0 -138.0
476.0 -129.0
476.0 -107.0
478.0 -147.0
482.0 -117.0
485.0 -111.0
486.0 -147.0
488.0 -148.0
488.0 -149.0
489.0 -130.0
490.0 -105.0
491.0 -149.0
492.0 -151.0
492.0 -145.0
493.0 -143.0
499.0 -150.0
500.0 -137.0
500.0 -153.0
506.0 -154.0
512.0 -157.0
515.0 -159.0
515.0 -144.0
515.0 -149.0
516.0 -135.0
517.0 -156.0
519.0 -149.0
520.0 -155.0
520.0 -155.0
523.0 -162.0
525.0 -117.0
528.0 -121.0
532.0 -160.0
533.0 -151.0
534.0 -164.0
534.0 -153.0
536.0 -160.0
537.0 -150.0
538.0 -128.0
539.0 -162.0
540.0 -164.0
540.0 -156.0
541.0 -154.0
541.0 -129.0
542.0 -155.0
550.0 -164.0
550.0 -156.0
553.0 -159.0
555.0 -160.0
558.0 -169.0
558.0 -142.0
558.0 -166.0
559.0 -169.0
560.0 -167.0
560.0 -157.0
561.0 -143.0
562.0 -142.0
563.0 -172.0
563.0 -159.0
564.0 -169.0
565.0 -163.0
566.0 -173.0
570.0 -166.0
571.0 -163.0
571.0 -167.0
572.0 -169.0
573.0 -168.0
574.0 -175.0
576.0 -170.0
578.0 -162.0
581.0 -176.0
582.0 -151.0
587.0 -176.0
589.0 -175.0
589.0 -174.0
589.0 -172.0
589.0 -174.0
589.0 -178.0
590.0 -165.0
593.0 -176.0
595.0 -178.0
595.0 -178.0
595.0 -175.0
595.0 -152.0
597.0 -156.0
598.0 -175.0
599.0 -181.0
599.0 -174.0
600.0 -174.0
603.0 -177.0
604.0 -170.0
606.0 -176.0
609.0 -159.0
610.0 -173.0
611.0 -178.0
612.0 -183.0
612.0 -180.0
613.0 -161.0
616.0 -183.0
618.0 -176.0
618.0 -178.0
619.0 -161.0
622.0 -180.0
626.0 -172.0
628.0 -149.0
628.0 -165.0
631.0 -185.0
631.0 -166.0
631.0 -185.0
633.0 -180.0
633.0 -156.0
637.0 -186.0
638.0 -164.0
642.0 -179.0
643.0 -161.0
644.0 -188.0
644.0 -189.0
645.0 -188.0
646.0 -184.0
648.0 -192.0
652.0 -185.0
656.0 -177.0
658.0 -188.0
660.0 -168.0
662.0 -190.0
667.0 -168.0
669.0 -173.0
671.0 -177.0
672.0 -186.0
674.0 -169.0
675.0 -187.0
679.0 -193.0
679.0 -183.0
680.0 -178.0
683.0 -193.0
683.0 -175.0
689.0 -172.0
692.0 -198.0
692.0 -197.0
693.0 -178.0
696.0 -194.0
700.0 -170.0
700.0 -200.0
702.0 -174.0
702.0 -172.0
702.0 -179.0
702.0 -197.0
705.0 -189.0
705.0 -187.0
707.0 -197.0
707.0 -180.0
708.0 -180.0
710.0 -185.0
710.0 -196.0
713.0 -200.0
715.0 -189.0
716.0 -188.0
717.0 -192.0
719.0 -198.0
720.0 -182.0
721.0 -190.0
721.0 -193.0
722.0 -187.0
723.0 -189.0
723.0 -189.0
723.0 -201.0
724.0 -196.0
725.0 -197.0
725.0 -203.0
727.0 -194.0
728.0 -179.0
730.0 -182.0
735.0 -180.0
735.0 -179.0
735.0 -188.0
735.0 -205.0
736.0 -191.0
736.0 -197.0
737.0 -178.0
738.0 -179.0
740.0 -190.0
740.0 -196.0
740.0 -194.0
741.0 -204.0
742.0 -187.0
746.0 -191.0
746.0 -195.0
748.0 -206.0
749.0 -184.0
749.0 -208.0
752.0 -188.0
753.0 -186.0
753.0 -190.0
757.0 -188.0
759.0 -196.0
759.0 -197.0
760.0 -196.0
761.0 -201.0
762.0 -193.0
764.0 -209.0
767.0 -212.0
769.0 -201.0
769.0 -199.0
769.0 -209.0
772.0 -203.0
774.0 -195.0
776.0 -200.0
777.0 -208.0
778.0 -203.0
783.0 -200.0
784.0 -196.0
785.0 -201.0
788.0 -202.0
789.0 -197.0
789.0 -203.0
791.0 -201.0
792.0 -200.0
792.0 -204.0
795.0 -208.0
795.0 -203.0
795.0 -201.0
795.0 -205.0
795.0 -208.0
796.0 -195.0
796.0 -200.0
798.0 -202.0
799.0 -217.0
801.0 -207.0
804.0 -206.0
805.0 -217.0
805.0 -218.0
807.0 -208.0
809.0 -205.0
813.0 -203.0
814.0 -211.0
814.0 -209.0
816.0 -205.0
816.0 -207.0
817.0 -203.0
818.0 -201.0
818.0 -203.0
821.0 -210.0
822.0 -210.0
824.0 -208.0
824.0 -211.0
825.0 -209.0
829.0 -206.0
834.0 -203.0
834.0 -212.0
834.0 -214.0
836.0 -206.0
836.0 -220.0
836.0 -208.0
838.0 -215.0
839.0 -209.0
840.0 -210.0
841.0 -212.0
841.0 -221.0
841.0 -210.0
842.0 -203.0
843.0 -210.0
851.0 -218.0
851.0 -208.0
857.0 -212.0
857.0 -215.0
857.0 -219.0
857.0 -216.0
858.0 -205.0
859.0 -216.0
861.0 -210.0
864.0 -219.0
864.0 -218.0
864.0 -217.0
864.0 -218.0
865.0 -213.0
866.0 -220.0
866.0 -220.0
867.0 -214.0
869.0 -215.0
870.0 -222.0
870.0 -221.0
870.0 -222.0
873.0 -217.0
873.0 -219.0
874.0 -215.0
876.0 -221.0
880.0 -219.0
883.0 -221.0
885.0 -218.0
885.0 -222.0
885.0 -218.0
887.0 -214.0
889.0 -224.0
889.0 -220.0
889.0 -222.0
891.0 -222.0
892.0 -217.0
895.0 -224.0
895.0 -225.0
896.0 -218.0
897.0 -222.0
899.0 -220.0
901.0 -225.0
904.0 -225.0
908.0 -227.0
909.0 -223.0
910.0 -224.0
914.0 -227.0
915.0 -221.0
916.0 -224.0
916.0 -224.0
919.0 -226.0
933.0 -230.0
936.0 -217.0
940.0 -229.0
950.0 -231.0
952.0 -226.0
956.0 -228.0
963.0 -235.0
963.0 -235.0
971.0 -236.0
988.0 -238.0
988.0 -237.0
1160.0 -256.0
1196.0 -256.0
1202.0 -257.0
1210.0 -256.0
1213.0 -260.0
1213.0 -260.0
1221.0 -259.0
1223.0 -259.0
1228.0 -257.0
1234.0 -258.0
1240.0 -261.0
1240.0 -261.0
1247.0 -254.0
1255.0 -261.0
1255.0 -259.0
1255.0 -261.0
1255.0 -261.0
1255.0 -261.0
1257.0 -257.0
1257.0 -261.0
1259.0 -251.0
1259.0 -261.0
1268.0 -262.0
1268.0 -262.0
1268.0 -262.0
1268.0 -262.0
1270.0 -259.0
1274.0 -263.0
1274.0 -263.0
1274.0 -263.0
1276.0 -263.0
1276.0 -263.0
1276.0 -263.0
1276.0 -263.0
1276.0 -263.0
1276.0 -263.0
1280.0 -262.0
1282.0 -262.0
1284.0 -262.0
1285.0 -254.0
1286.0 -262.0
1287.0 -261.0
1288.0 -260.0
1293.0 -265.0
1293.0 -265.0
1293.0 -265.0
1293.0 -265.0
1293.0 -265.0
1293.0 -265.0
1293.0 -265.0
1293.0 -265.0
1293.0 -265.0
1293.0 -265.0
1293.0 -265.0
1293.0 -265.0
1293.0 -265.0
1293.0 -265.0
1293.0 -265.0
1293.0 -265.0
1293.0 -265.0
1299.0 -261.0
1301.0 -264.0
1301.0 -261.0
1303.0 -264.0
1303.0 -264.0
1303.0 -264.0
1306.0 -259.0
1310.0 -263.0
1312.0 -263.0
1312.0 -263.0
1312.0 -263.0
1312.0 -261.0
1316.0 -262.0
1318.0 -262.0
1318.0 -264.0
1318.0 -264.0
1320.0 -264.0
1321.0 -259.0
1328.0 -263.0
1328.0 -263.0
1329.0 -265.0
1329.0 -265.0
1329.0 -265.0
1329.0 -265.0
1329.0 -265.0
1329.0 -265.0
1331.0 -265.0
1331.0 -265.0
1331.0 -265.0
1333.0 -263.0
1335.0 -266.0
1335.0 -266.0
1335.0 -266.0
1335.0 -266.0
1337.0 -266.0
1337.0 -266.0
1337.0 -266.0
1337.0 -266.0
1339.0 -266.0
1339.0 -266.0
1339.0 -266.0
1340.0 -262.0
1341.0 -265.0
1342.0 -264.0
1343.0 -265.0
1343.0 -265.0
1347.0 -265.0
1348.0 -264.0
1351.0 -264.0
1354.0 -268.0
1354.0 -268.0
1354.0 -268.0
1354.0 -268.0
1354.0 -268.0
1354.0 -268.0
1354.0 -268.0
1354.0 -268.0
1354.0 -268.0
1354.0 -268.0
1354.0 -268.0
1354.0 -268.0
1354.0 -268.0
1354.0 -268.0
1354.0 -268.0
1354.0 -268.0
1354.0 -268.0
1354.0 -268.0
1354.0 -268.0
1354.0 -268.0
1354.0 -268.0
1354.0 -268.0
1354.0 -268.0
1356.0 -268.0
1356.0 -268.0
1356.0 -268.0
1356.0 -268.0
1356.0 -268.0
1356.0 -268.0
1356.0 -268.0
1356.0 -268.0
1356.0 -268.0
1356.0 -268.0
1356.0 -268.0
1356.0 -268.0
1356.0 -268.0
1356.0 -268.0
1356.0 -268.0
1356.0 -268.0
1356.0 -268.0
1356.0 -268.0
1356.0 -268.0
1356.0 -268.0
1356.0 -268.0
1356.0 -268.0
1356.0 -268.0
1356.0 -268.0
1356.0 -268.0
1356.0 -268.0
1356.0 -268.0
1356.0 -268.0
1356.0 -268.0
1356.0 -268.0
1357.0 -259.0
1362.0 -264.0
1362.0 -264.0
1364.0 -267.0
1364.0 -267.0
1364.0 -267.0
1373.0 -266.0
1377.0 -264.0
1381.0 -267.0
1382.0 -263.0
1392.0 -268.0
1392.0 -268.0
1392.0 -268.0
1392.0 -268.0
1394.0 -266.0
1398.0 -269.0
1398.0 -269.0
1398.0 -269.0
1400.0 -269.0
1400.0 -269.0
1400.0 -269.0
1400.0 -269.0
1405.0 -267.0
1417.0 -271.0
1417.0 -271.0
1417.0 -271.0
1417.0 -271.0
1417.0 -271.0
1417.0 -271.0
1417.0 -271.0
1417.0 -271.0
1417.0 -271.0
1417.0 -271.0
1417.0 -271.0
1417.0 -271.0
1417.0 -271.0
1417.0 -271.0
1417.0 -271.0
