0.0 0.0
0.0 0.0
0.0 0.0
0.0 0.0
0.0 0.0
0.0 0.0
0.0 0.0
0.0 0.0
0.0 0.0
0.0 0.0
0.0 0.0
0.0 0.0
0.0 0.0
0.0 0.0
0.0 0.0
0.0 0.0
0.0 0.0
0.0 0.0
0.0 0.0
0.0 0.0
0.0 0.0
0.0 0.0
0.0 0.0
0.0 0.0
12.0 -4.0
12.0 -4.0
12.0 -4.0
12.0 -4.0
12.0 -4.0
12.0 -4.0
12.0 -4.0
12.0 -4.0
12.0 -4.0
12.0 -4.0
12.0 -4.0
12.0 -4.0
12.0 -4.0
13.0 -3.0
13.0 -3.0
13.0 -7.0
13.0 -3.0
13.0 -7.0
13.0 -7.0
13.0 -7.0
13.0 -3.0
13.0 -3.0
13.0 -3.0
13.0 -3.0
13.0 -7.0
13.0 -7.0
13.0 -7.0
13.0 -7.0
16.0 -7.0
16.0 -7.0
16.0 -7.0
16.0 -7.0
16.0 -7.0
16.0 -7.0
16.0 -7.0
16.0 -7.0
16.0 -7.0
16.0 -7.0
16.0 -7.0
18.0 -10.0
18.0 -10.0
18.0 -10.0
18.0 -10.0
18.0 -10.0
18.0 -10.0
18.0 -10.0
19.0 -6.0
19.0 -6.0
23.0 -5.0
23.0 -5.0
23.0 -12.0
23.0 -5.0
23.0 -5.0
23.0 -5.0
25.0 -7.0
25.0 -11.0
26.0 -10.0
26.0 -10.0
26.0 -10.0
26.0 -10.0
26.0 -10.0
28.0 -11.0
29.0 -10.0
29.0 -14.0
29.0 -10.0
29.0 -14.0
30.0 -14.0
31.0 -13.0
31.0 -13.0
31.0 -13.0
31.0 -17.0
31.0 -17.0
31.0 -17.0
32.0 -13.0
32.0 -9.0
32.0 -11.0
32.0 -13.0
34.0 -17.0
34.0 -17.0
34.0 -17.0
34.0 -17.0
35.0 -13.0
35.0 -13.0
35.0 -12.0
35.0 -12.0
35.0 -9.0
35.0 -13.0
36.0 -12.0
36.0 -12.0
37.0 -16.0
37.0 -16.0
39.0 -12.0
41.0 -18.0
41.0 -15.0
41.0 -13.0
41.0 -15.0
41.0 -15.0
41.0 -13.0
42.0 -17.0
42.0 -9.0
43.0 -21.0
44.0 -17.0
44.0 -17.0
44.0 -17.0
44.0 -17.0
44.0 -17.0
45.0 -16.0
45.0 -16.0
45.0 -16.0
47.0 -20.0
48.0 -18.0
48.0 -17.0
48.0 -20.0
48.0 -16.0
49.0 -15.0
50.0 -23.0
50.0 -21.0
50.0 -19.0
50.0 -23.0
50.0 -23.0
50.0 -21.0
50.0 -23.0
51.0 -16.0
51.0 -17.0
51.0 -17.0
53.0 -17.0
53.0 -23.0
53.0 -19.0
53.0 -22.0
53.0 -23.0
53.0 -23.0
54.0 -21.0
54.0 -22.0
54.0 -18.0
55.0 -18.0
55.0 -18.0
55.0 -19.0
55.0 -18.0
55.0 -16.0
55.0 -16.0
55.0 -19.0
55.0 -17.0
55.0 -18.0
57.0 -20.0
57.0 -20.0
58.0 -16.0
59.0 -11.0
59.0 -18.0
59.0 -24.0
60.0 -24.0
61.0 -17.0
61.0 -23.0
62.0 -15.0
62.0 -27.0
62.0 -25.0
62.0 -25.0
63.0 -21.0
64.0 -21.0
64.0 -23.0
64.0 -20.0
64.0 -20.0
66.0 -7.0
66.0 -30.0
66.0 -9.0
66.0 -9.0
67.0 -18.0
67.0 -26.0
69.0 -26.0
71.0 -22.0
71.0 -19.0
72.0 -21.0
72.0 -21.0
73.0 -27.0
74.0 -20.0
74.0 -22.0
76.0 -9.0
78.0 -11.0
78.0 -32.0
78.0 -32.0
78.0 -13.0
78.0 -21.0
79.0 -16.0
79.0 -16.0
79.0 -16.0
79.0 -16.0
80.0 -23.0
82.0 -36.0
82.0 -16.0
82.0 -32.0
85.0 -34.0
85.0 -31.0
85.0 -17.0
86.0 -27.0
86.0 -27.0
86.0 -20.0
86.0 -29.0
87.0 -26.0
89.0 -16.0
90.0 -35.0
90.0 -23.0
91.0 -18.0
91.0 -20.0
91.0 -31.0
92.0 -32.0
94.0 -27.0
94.0 -20.0
94.0 -19.0
94.0 -19.0
96.0 -23.0
96.0 -34.0
97.0 -27.0
97.0 -38.0
102.0 -15.0
107.0 -20.0
107.0 -38.0
108.0 -20.0
109.0 -41.0
109.0 -28.0
109.0 -26.0
110.0 -26.0
110.0 -24.0
111.0 -30.0
111.0 -22.0
113.0 -27.0
117.0 -27.0
117.0 -27.0
117.0 -26.0
118.0 -28.0
120.0 -22.0
121.0 -25.0
121.0 -26.0
123.0 -25.0
124.0 -46.0
129.0 -33.0
129.0 -33.0
131.0 -25.0
142.0 -36.0
146.0 -35.0
148.0 -40.0
149.0 -36.0
151.0 -37.0
159.0 -55.0
159.0 -43.0
170.0 -48.0
176.0 -35.0
176.0 -35.0
182.0 -40.0
183.0 -36.0
186.0 -36.0
198.0 -46.0
199.0 -45.0
200.0 -54.0
207.0 -59.0
210.0 -59.0
211.0 -55.0
213.0 -55.0
213.0 -32.0
214.0 -55.0
219.0 -53.0
221.0 -58.0
233.0 -59.0
238.0 -72.0
240.0 -57.0
243.0 -76.0
244.0 -59.0
244.0 -70.0
247.0 -66.0
247.0 -65.0
247.0 -72.0
248.0 -59.0
249.0 -76.0
255.0 -70.0
258.0 -70.0
260.0 -72.0
262.0 -76.0
266.0 -72.0
268.0 -63.0
274.0 -72.0
274.0 -68.0
283.0 -82.0
286.0 -65.0
298.0 -88.0
305.0 -92.0
305.0 -98.0
312.0 -94.0
313.0 -91.0
313.0 -87.0
326.0 -84.0
329.0 -104.0
331.0 -96.0
334.0 -103.0
346.0 -100.0
351.0 -106.0
353.0 -106.0
354.0 -102.0
354.0 -117.0
354.0 -104.0
356.0 -105.0
357.0 -96.0
363.0 -106.0
363.0 -105.0
365.0 -112.0
366.0 -109.0
370.0 -117.0
377.0 -98.0
378.0 -123.0
381.0 -99.0
384.0 -108.0
384.0 -104.0
394.0 -117.0
398.0 -111.0
401.0 -110.0
403.0 -111.0
404.0 -113.0
406.0 -101.0
407.0 -107.0
417.0 -114.0
417.0 -124.0
418.0 -124.0
418.0 -122.0
419.0 -125.0
420.0 -121.0
423.0 -121.0
424.0 -123.0
425.0 -129.0
426.0 -118.0
430.0 -125.0
430.0 -132.0
434.0 -127.0
435.0 -125.0
435.0 -129.0
437.0 -123.0
438.0 -113.0
438.0 -130.0
439.0 -126.0
439.0 -127.0
441.0 -125.0
442.0 -132.0
444.0 -133.0
445.0 -139.0
446.0 -125.0
448.0 -137.0
449.0 -107.0
449.0 -133.0
450.0 -131.0
451.0 -136.0
451.0 -137.0
452.0 -126.0
454.0 -135.0
456.0 -130.0
456.0 -107.0
457.0 -128.0
461.0 -135.0
463.0 -135.0
463.0 -133.0
468.0 -147.0
470.0 -142.0
473.0 -140.0
476.0 -144.0
476.0 -147.0
477.0 -133.0
478.0 -131.0
479.0 -143.0
480.0 -139.0
486.0 -142.0
488.0 -143.0
488.0 -141.0
489.0 -118.0
492.0 -148.0
495.0 -142.0
496.0 -143.0
497.0 -148.0
499.0 -133.0
500.0 -149.0
500.0 -144.0
501.0 -147.0
504.0 -151.0
505.0 -142.0
506.0 -153.0
507.0 -129.0
508.0 -152.0
509.0 -97.0
509.0 -149.0
509.0 -160.0
511.0 -149.0
511.0 -154.0
515.0 -152.0
516.0 -151.0
516.0 -152.0
517.0 -149.0
518.0 -158.0
518.0 -156.0
524.0 -137.0
526.0 -160.0
527.0 -156.0
528.0 -156.0
532.0 -134.0
532.0 -162.0
533.0 -157.0
534.0 -154.0
535.0 -160.0
537.0 -147.0
538.0 -163.0
541.0 -163.0
544.0 -160.0
546.0 -148.0
546.0 -138.0
547.0 -147.0
548.0 -160.0
550.0 -150.0
551.0 -151.0
553.0 -163.0
557.0 -164.0
557.0 -141.0
558.0 -144.0
564.0 -131.0
565.0 -167.0
566.0 -146.0
569.0 -165.0
577.0 -167.0
577.0 -171.0
577.0 -147.0
578.0 -169.0
579.0 -169.0
579.0 -167.0
580.0 -169.0
583.0 -175.0
583.0 -169.0
583.0 -175.0
585.0 -161.0
586.0 -156.0
587.0 -172.0
589.0 -164.0
589.0 -174.0
591.0 -169.0
592.0 -172.0
593.0 -178.0
594.0 -175.0
595.0 -142.0
595.0 -172.0
595.0 -173.0
597.0 -158.0
599.0 -151.0
599.0 -170.0
600.0 -152.0
602.0 -177.0
604.0 -174.0
605.0 -177.0
606.0 -161.0
607.0 -173.0
617.0 -174.0
617.0 -154.0
619.0 -182.0
620.0 -181.0
620.0 -178.0
623.0 -173.0
623.0 -162.0
625.0 -168.0
625.0 -162.0
627.0 -180.0
628.0 -183.0
631.0 -154.0
631.0 -168.0
633.0 -184.0
633.0 -180.0
634.0 -168.0
634.0 -175.0
634.0 -183.0
635.0 -182.0
638.0 -184.0
639.0 -180.0
640.0 -179.0
641.0 -181.0
641.0 -181.0
641.0 -171.0
644.0 -190.0
644.0 -171.0
648.0 -182.0
648.0 -160.0
650.0 -189.0
651.0 -181.0
652.0 -169.0
654.0 -173.0
655.0 -185.0
660.0 -169.0
660.0 -165.0
661.0 -172.0
661.0 -169.0
662.0 -167.0
663.0 -186.0
667.0 -183.0
668.0 -183.0
669.0 -178.0
673.0 -170.0
673.0 -188.0
676.0 -179.0
677.0 -176.0
678.0 -177.0
678.0 -168.0
678.0 -164.0
679.0 -187.0
680.0 -177.0
680.0 -174.0
681.0 -181.0
681.0 -183.0
684.0 -190.0
686.0 -179.0
689.0 -190.0
689.0 -190.0
693.0 -185.0
698.0 -187.0
702.0 -188.0
703.0 -181.0
703.0 -182.0
703.0 -181.0
705.0 -177.0
707.0 -190.0
708.0 -197.0
708.0 -185.0
709.0 -184.0
710.0 -185.0
715.0 -196.0
716.0 -176.0
716.0 -185.0
718.0 -188.0
719.0 -186.0
720.0 -198.0
720.0 -177.0
721.0 -193.0
721.0 -190.0
722.0 -186.0
724.0 -191.0
730.0 -172.0
731.0 -184.0
731.0 -198.0
732.0 -200.0
734.0 -192.0
734.0 -190.0
735.0 -192.0
736.0 -205.0
739.0 -178.0
744.0 -204.0
744.0 -207.0
744.0 -204.0
746.0 -189.0
748.0 -208.0
750.0 -198.0
753.0 -199.0
757.0 -209.0
757.0 -197.0
761.0 -212.0
761.0 -212.0
763.0 -188.0
764.0 -201.0
765.0 -199.0
766.0 -189.0
767.0 -212.0
767.0 -191.0
772.0 -201.0
773.0 -200.0
774.0 -211.0
777.0 -189.0
778.0 -197.0
780.0 -212.0
781.0 -191.0
786.0 -215.0
786.0 -214.0
787.0 -209.0
788.0 -196.0
789.0 -200.0
791.0 -187.0
791.0 -201.0
793.0 -212.0
793.0 -213.0
794.0 -204.0
794.0 -201.0
797.0 -215.0
799.0 -217.0
800.0 -211.0
800.0 -202.0
804.0 -201.0
805.0 -217.0
805.0 -218.0
806.0 -202.0
807.0 -215.0
810.0 -217.0
815.0 -203.0
815.0 -207.0
815.0 -197.0
817.0 -218.0
817.0 -206.0
819.0 -204.0
820.0 -211.0
823.0 -208.0
824.0 -221.0
824.0 -220.0
830.0 -220.0
832.0 -213.0
833.0 -197.0
834.0 -213.0
835.0 -221.0
836.0 -209.0
836.0 -207.0
843.0 -224.0
843.0 -203.0
845.0 -216.0
845.0 -215.0
845.0 -214.0
845.0 -215.0
847.0 -215.0
849.0 -214.0
850.0 -212.0
851.0 -218.0
851.0 -218.0
853.0 -212.0
853.0 -216.0
853.0 -217.0
855.0 -212.0
856.0 -213.0
858.0 -221.0
860.0 -216.0
861.0 -213.0
866.0 -211.0
866.0 -219.0
868.0 -226.0
870.0 -220.0
870.0 -221.0
870.0 -222.0
873.0 -219.0
876.0 -221.0
876.0 -222.0
877.0 -220.0
881.0 -223.0
883.0 -221.0
883.0 -221.0
885.0 -220.0
887.0 -229.0
887.0 -229.0
889.0 -220.0
889.0 -225.0
889.0 -225.0
889.0 -225.0
889.0 -225.0
889.0 -225.0
889.0 -224.0
892.0 -221.0
892.0 -222.0
895.0 -225.0
895.0 -224.0
895.0 -225.0
897.0 -229.0
900.0 -231.0
902.0 -224.0
903.0 -219.0
908.0 -227.0
908.0 -226.0
908.0 -227.0
908.0 -228.0
908.0 -219.0
908.0 -227.0
908.0 -226.0
908.0 -227.0
908.0 -227.0
910.0 -224.0
914.0 -228.0
914.0 -228.0
914.0 -228.0
915.0 -226.0
921.0 -226.0
921.0 -226.0
925.0 -228.0
927.0 -230.0
927.0 -230.0
927.0 -230.0
927.0 -230.0
927.0 -230.0
927.0 -230.0
927.0 -229.0
929.0 -226.0
931.0 -229.0
933.0 -230.0
933.0 -231.0
933.0 -229.0
934.0 -226.0
942.0 -230.0
944.0 -232.0
944.0 -232.0
944.0 -232.0
946.0 -224.0
946.0 -233.0
946.0 -233.0
946.0 -233.0
946.0 -233.0
950.0 -231.0
950.0 -231.0
952.0 -233.0
952.0 -232.0
952.0 -233.0
952.0 -233.0
952.0 -233.0
952.0 -230.0
953.0 -220.0
956.0 -231.0
963.0 -234.0
963.0 -235.0
963.0 -235.0
963.0 -235.0
969.0 -235.0
969.0 -235.0
969.0 -234.0
969.0 -235.0
971.0 -236.0
971.0 -236.0
971.0 -235.0
971.0 -236.0
971.0 -236.0
975.0 -235.0
987.0 -235.0
988.0 -237.0
988.0 -238.0
988.0 -238.0
988.0 -237.0
988.0 -238.0
988.0 -237.0
988.0 -238.0
988.0 -238.0
988.0 -238.0
988.0 -238.0
988.0 -238.0
989.0 -225.0
990.0 -238.0
990.0 -238.0
991.0 -234.0
996.0 -233.0
1005.0 -236.0
1007.0 -235.0
1007.0 -240.0
1007.0 -240.0
1016.0 -239.0
1018.0 -245.0
1022.0 -239.0
1024.0 -240.0
1031.0 -241.0
1031.0 -241.0
1042.0 -240.0
1042.0 -242.0
1060.0 -250.0
1061.0 -244.0
1078.0 -244.0
1083.0 -243.0
1087.0 -245.0
1087.0 -243.0
1093.0 -246.0
1093.0 -246.0
1099.0 -249.0
1102.0 -245.0
1103.0 -248.0
1111.0 -249.0
1112.0 -241.0
1116.0 -251.0
1116.0 -251.0
1116.0 -251.0
1118.0 -251.0
1120.0 -249.0
1120.0 -249.0
1123.0 -249.0
1124.0 -252.0
1124.0 -252.0
1128.0 -251.0
1135.0 -253.0
1135.0 -253.0
1135.0 -250.0
1141.0 -254.0
1141.0 -254.0
1141.0 -254.0
1141.0 -254.0
1141.0 -254.0
1141.0 -254.0
1142.0 -248.0
1143.0 -254.0
1143.0 -254.0
1143.0 -254.0
1143.0 -254.0
1143.0 -254.0
1143.0 -254.0
1143.0 -254.0
1143.0 -254.0
1143.0 -254.0
1152.0 -253.0
1152.0 -253.0
1158.0 -252.0
1160.0 -256.0
1160.0 -256.0
1160.0 -256.0
1160.0 -256.0
1160.0 -256.0
1160.0 -256.0
1160.0 -256.0
1160.0 -256.0
1160.0 -256.0
1160.0 -256.0
1169.0 -255.0
1169.0 -255.0
1169.0 -255.0
1169.0 -255.0
1171.0 -253.0
1174.0 -252.0
1175.0 -251.0
1175.0 -251.0
1175.0 -251.0
1177.0 -256.0
1177.0 -256.0
1177.0 -252.0
1178.0 -257.0
1181.0 -251.0
1181.0 -255.0
1182.0 -254.0
1183.0 -252.0
1185.0 -255.0
1188.0 -257.0
1188.0 -257.0
1188.0 -257.0
1194.0 -258.0
1194.0 -258.0
1194.0 -258.0
1194.0 -258.0
1194.0 -258.0
1194.0 -258.0
1194.0 -258.0
1194.0 -258.0
1194.0 -258.0
1194.0 -253.0
1194.0 -258.0
1196.0 -258.0
1196.0 -258.0
1196.0 -258.0
1196.0 -258.0
1196.0 -258.0
1196.0 -253.0
1196.0 -258.0
1200.0 -254.0
1204.0 -257.0
1204.0 -257.0
1204.0 -257.0
1204.0 -257.0
1204.0 -257.0
1204.0 -257.0
1206.0 -257.0
1207.0 -252.0
1213.0 -260.0
1213.0 -260.0
1213.0 -260.0
1213.0 -260.0
1213.0 -260.0
1213.0 -260.0
1213.0 -260.0
1213.0 -260.0
1213.0 -260.0
1213.0 -260.0
1213.0 -260.0
1213.0 -260.0
1213.0 -260.0
1213.0 -260.0
1213.0 -260.0
1213.0 -260.0
1213.0 -260.0
1213.0 -260.0
1213.0 -260.0
1213.0 -260.0
1213.0 -260.0
1215.0 -258.0
1215.0 -258.0
1221.0 -259.0
1221.0 -259.0
1223.0 -259.0
1223.0 -259.0
1223.0 -259.0
1234.0 -257.0
1236.0 -257.0
1236.0 -257.0
1238.0 -255.0
1239.0 -256.0
1240.0 -261.0
1240.0 -261.0
1240.0 -259.0
1240.0 -261.0
1240.0 -261.0
1240.0 -261.0
1240.0 -259.0
1240.0 -261.0
1242.0 -254.0
1245.0 -254.0
1246.0 -258.0
1249.0 -260.0
1251.0 -258.0
1251.0 -260.0
1253.0 -258.0
1255.0 -261.0
1255.0 -261.0
1255.0 -261.0
1255.0 -259.0
1255.0 -261.0
1257.0 -261.0
1257.0 -261.0
1257.0 -261.0
1257.0 -261.0
1257.0 -261.0
1257.0 -261.0
1257.0 -261.0
1257.0 -261.0
1259.0 -261.0
1261.0 -260.0
1265.0 -260.0
1265.0 -260.0
1265.0 -260.0
1268.0 -259.0
1268.0 -262.0
1270.0 -259.0
1274.0 -263.0
1274.0 -263.0
1274.0 -263.0
1274.0 -263.0
1274.0 -263.0
1274.0 -263.0
1274.0 -263.0
1274.0 -263.0
1274.0 -263.0
1274.0 -263.0
1275.0 -255.0
1276.0 -263.0
1276.0 -263.0
1276.0 -263.0
1276.0 -263.0
1276.0 -263.0
1276.0 -263.0
1276.0 -263.0
1276.0 -263.0
1281.0 -261.0
1284.0 -262.0
1285.0 -258.0
1293.0 -265.0
1293.0 -265.0
1293.0 -265.0
1293.0 -265.0
1293.0 -265.0
1293.0 -265.0
1293.0 -265.0
1293.0 -265.0
1293.0 -265.0
1293.0 -265.0
1293.0 -265.0
1293.0 -265.0
1301.0 -264.0
1303.0 -264.0
1303.0 -264.0
1303.0 -264.0
1310.0 -263.0
1312.0 -263.0
1320.0 -264.0
1322.0 -262.0
1329.0 -265.0
1335.0 -266.0
1335.0 -266.0
1337.0 -266.0
1337.0 -266.0
1341.0 -265.0
1341.0 -265.0
1354.0 -268.0
1354.0 -268.0
1354.0 -268.0
1354.0 -268.0
1354.0 -268.0
1354.0 -268.0
1356.0 -268.0
1385.0 -266.0
1417.0 -271.0
