00000000000000000000000000000000000000000000000000
00000000000000000000000000000000000000000000000000
00000000000000000000000000000000000000000000000000
00000000000000000000000000000000000000000000000000
00000000000000000000000000000000000000000000000000
00000000000000000000000000000000000000000000000000
00000000000000000000000000000000000000000000000000
00000000000000000000000000000000000000000000000000
00000000000000000000000000000000000000000000000000
00000000000000000000000000000000000000000000000000
00000000000000000000000000000000000000000000000000
00000000000000000000000000000000000000000000000000
00000000000000000000000000000000000000000000000000
00000000000000000000000000000000000000000000000000
00000000000000000000000000000000000000000000000000
00000000000000000000000000000000000000000000000000
00000000000000000000000000000000000000000000000000
00000000000000000000000000000000000000000000000000
00000000000000000000000000000000000000000000000000
00000000000000000000000000000000000000000000000000
00000000000000000000000000000000000000000000000000
00000000000000000000000000000000000000000000000000
00000000000000000000000000000000000000000000000000
00000000000000000000000000000000000000000000000000
00000000000000000000001000000000000000000000000000
00000000000000000000001000000000000000000000000000
00000000000000000000001000000000000000000000000000
00000000000000000000001000000000000000000000000000
00000000000000000000001000000000000000000000000000
00000000000000000000001000000000000000000000000000
00000000000000000000001000000000000000000000000000
00000000000000000000001000000000000000000000000000
00000000000000000000001000000000000000000000000000
00000000000000000000001000000000000000000000000000
00000000000000000000001000000000000000000000000000
00000000000000000000001000000000000000000000000000
00000000000000000000001000000000000000000000000000
00000000000000000000000000000000000000000010000000
00000000000000000000000000000000000000000010000000
00000000000000000000000000000000100000000000000000
00000000000000000000000000000000000000000010000000
00000000000000000000000000000000100000000000000000
00000000000000000000000000000000100000000000000000
00000000000000000000000000000000100000000000000000
00000000000000000000000000000000000000000010000000
00000000000000000000000000000000000000000010000000
00000000000000000000000000000000000000000010000000
00000000000000000000000000000000000000000010000000
00000000000000000000000000000000100000000000000000
00000000000000000000000000000000100000000000000000
00000000000000000000000000000000100000000000000000
00000000000000000000000000000000100000000000000000
00000000000000000000010000000000000000000000000000
00000000000000000000010000000000000000000000000000
00000000000000000000010000000000000000000000000000
00000000000000000000010000000000000000000000000000
00000000000000000000010000000000000000000000000000
00000000000000000000010000000000000000000000000000
00000000000000000000010000000000000000000000000000
00000000000000000000010000000000000000000000000000
00000000000000000000010000000000000000000000000000
00000000000000000000010000000000000000000000000000
00000000000000000000010000000000000000000000000000
00000000000000000000000000000000000000000000000011
00000000000000000000000000000000000000000000000011
00000000000000000000000000000000000000000000000011
00000000000000000000000000000000000000000000000011
00000000000000000000000000000000000000000000000011
00000000000000000000000000000000000000000000000011
00000000000000000000000000000000000000000000000011
00000000000000000001000000000000000000000000000000
00000000000000000001000000000000000000000000000000
00000000000000000000000000000000000000000000001000
00000000000000000000000000000000000000000000001000
00000000000000000000010000000000000000000000000001
00000000000000000000000000000000000000000000001000
00000000000000000000000000000000000000000000001000
00000000000000000000000000000000000000000000001000
00000000000000000000001000000000000000000010000000
00000000000000000000001000000000100000000000000000
00000000000000000000000000000000100000000010000000
00000000000000000000000000000000100000000010000000
00000000000000000000000000000000100000000010000000
00000000000000000000000000000000100000000010000000
00000000000000000000000000000000100000000010000000
00000000000000000000011000000000000000000000000000
00000000000000000000010000000000000000000010000000
00000000000000000000010000000000100000000000000000
00000000000000000000010000000000000000000010000000
00000000000000000000010000000000100000000000000000
00000000000000000000001000000000000000000000000011
00000000000000000000000000000000000000000010000011
00000000000000000000000000000000000000000010000011
00000000000000000000000000000000000000000010000011
00000000000000000000000000000000100000000000000011
00000000000000000000000000000000100000000000000011
00000000000000000000000000000000100000000000000011
00000000000000000000000000000000101000000000000000
00000000000000000001000000000000000000000010000000
00000000000000000000000000000000100100000000000000
00000000000000000000000000000000101000000000000000
00000000000000000000010000000000000000000000000011
00000000000000000000010000000000000000000000000011
00000000000000000000010000000000000000000000000011
00000000000000000000010000000000000000000000000011
00000000000000000001010000000000000000000000000000
00000000000000000001010000000000000000000000000000
00000000000000000001100000000000000000000000000000
00000000000000000001100000000000000000000000000000
00000000000000000000001000000000000000000000001000
00000000000000000001010000000000000000000000000000
00000000000000000000000000000000100000000000001000
00000000000000000000000000000000100000000000001000
00000000000000000001000000000000000000000000000011
00000000000000000001000000000000000000000000000011
00000000000000000000010000000000000000000000001000
00000000000000000000011000000000100000000000000000
00000000000000000000000000000000000000000000001011
00000000000000000010000000000000000000000000000011
00000000000000000000000000000000000000000000001011
00000000000000000000000000000000000000000000001011
00000000000000000010000000000000000000000000000011
00000000000000000000010000000000100000000010000000
00000000000000000011000000000000000000000000000000
00000000000000000000001000000000100000000000000011
00000000000000000000001000000000101000000000000000
00000000000000000001001000000000100000000000000000
00000000000000000001001000000000100000000000000000
00000000000000000000001000000000101000000000000000
00000000000000000000001000000000101000000000000000
00000000000000000001000000000000100000000010000000
00000000000000000001000000000000100000000010000000
00000000000000000000000000000000101000000010000000
00000000000000000000010000000000000000000010000011
00000000000000000000010000000000100100000000000000
00000000000000000000001000000000110000000000000000
00000000000000000000010000000000101000000000000000
00000000000000000000001000000000100000000000001000
00000000000000000000000000000000100000000010001000
00000000000000000000000000000000101000000000000011
00000000000000000000000000000000100100000000000011
00000000000000000001000000000000000000000010000011
00000000000000000001000000000000100000000000000011
00000000000000000000000000000000101000000000000011
00000000000000000000000000000000100100000000000011
00000000000000000000000000000000101000000000000011
00000000000000000000011000000000000000000000001000
00000000000000000001000000000000100100000000000000
00000000000000000000000000000000101100000000000000
00000000000000000010001000000000000000000000000011
00000000000000000001010000000000000000000000000011
00000000000000000000001000000000000000000000001011
00000000000000000001100000000000000000000000000011
00000000000000000001010000000000000000000000000011
00000000000000000001010000000000000000000000000011
00000000000000000000011000000000100000000010000000
00000000000000000000000000000000100000000000001011
00000000000000000000000000000000000000000010001011
00000000000000000000000000000000101000000000001000
00000000000000000001000000000000100000000000001000
00000000000000000000000000000000111000000000000000
00000000000000000000000000000000101000000000001000
00000000000000000000000000000000100100000000001000
00000000000000000000000000000000100100000000001000
00000000000000000000000000000000111000000000000000
00000000000000000000000000000000110100000000000000
00000000000000000000000000000000101000000000001000
00000000000000000010010000000000000000000000000011
00000000000000000001001000000000100000000010000000
00000000000000000011010000000000000000000000000000
00000000000000000010000000000000000000000010001000
00000000000000000000000000000000000000000001110000
00000000000000000000011000000000000000000010000011
00000000000000000000011000000000101000000000000000
00000000000000000010001000000000100000000010000000
00000000000000000000010000000000101000000010000000
00000000000000000010010000000000000000000000001000
00000000000000000000001000000000101000000000000011
00000000000000000000001000000000100100000000000011
00000000000000000000001000000000100100000000000011
00000000000000000001001000000000100100000000000000
00000000000000000010011000000000100000000000000000
00000000000000000000011000000000100000000000001000
00000000000000000001000000000000100100000010000000
00000000000000000000000000000000101100000010000000
00000000000000000000000000000000000000000010000100
00000000000000000001010000000000100000000000000011
10000000000000000000000000000000000000000000000000
10000000000000000000000000000000000000000000000000
00000000000000000010001000000000100100000000000000
00000000000000000000000000000000110000000010000011
00000000000000000000011000000000000000000000001011
00000000000000000000001000000000000000000001110000
00000000000000000010001000000000100000000000001000
00000000000000000000000000000000000000000011110000
00000000000000000000000000000000000000000011110000
00000000000000000000000000000000110100000000000011
00000000000000000011000000000000100100000000000000
00000000000000000001000000000000100100000000001000
01000000000000000000000000000000000000000000000000
00000000000000000000001000000000000000000010000100
00000000000000000000011000000000100100000000000011
00000000000000000000011000000000100100000000000011
10000000000000000000001000000000000000000000000000
00000000000000000010000000000000101000000000001000
10000000000000000000000000000000100000000000000000
10000000000000000000000000000000100000000000000000
10000000000000000000000000000000100000000000000000
10000000000000000000000000000000100000000000000000
00000000000000000010001000000000101000000010000000
00000000000000000001110000000000100000000000000011
10000000000000000000010000000000000000000000000000
00000000000000000001000000000000101000000010000011
00000000000000000001010000000000100100000000000011
00000000000000000000001000000000110100000000000011
00000000000000000000000000000000101000000000000100
00000000000000000001001000000000110100000000000000
00000000000000000010000000000000100100000010000011
00000000000000000011001000000000000100000010000000
00000000000000000001100000000000101100000000000000
00000000000000000010011000000000100000000000001000
01000000000000000000000000000000100000000000000000
00000000000000000000000000000000100000000001110011
00000000000000000010001000000000100100000000001000
00000000000000000000001000000000100000000010000100
10000000000000000000001000000000100000000000000000
00000000000000000000000000000000101000000001110000
00000000000000000000000000000000101100000000001011
00000000000000000000001000000000000000000001111000
10000000000000000000011000000000000000000000000000
01000000000000000000000000000000000000000000000011
01000000000000000000000000000000000000000000000011
10000000000000000000001000000000000000000000000011
00000000000000000001000000000000000000000001110011
00000000000000000011110000000000000000000000001000
00000000000000000000011000000000101100000000000011
10000000000000000010000000000000000000000010000000
00000000000000000101001000000000100000000000000000
00000000000000000000010000000000101000000001110000
01000000000000000000000000000000100100000000000000
00000000000000000000000000000000101000000001110011
00000000000000111010000000000000000000000000001000
10000000000000000000001000000000000000000010000011
01000000000000000000010000000000000000000000000011
10000000000000000000001000000000100100000000000000
00000000000000111010001000000000000000000010000000
01000000000000000001010000000000000000000000000000
01000000000000000000011000001000000000000000000000
01000000000000000000000000001000100100000000000000
01000000000000000000000000001000100100000000000000
10000000000000000000000000000000101100000000000000
10000000000000000000010000000000100000000000001000
01000000000000000001001000000000000000000010000000
10000000000000000010000000000000101000000000000000
10000000000000000000000000000000110100000000000000
01000000000000000001101000000000000000000000000000
00000000000000000001110000000000110100000000000011
10000000000000000000000000000000100100000010000011
01000000000000000000001000001000101000000000000000
01000000000000000000000000000000100100000000001000
01000000000000000000001000000000110000000000000011
01000000000010000000000000001000100000000000001000
01000000000000000000000000001000100100000010000011
01000000000000000000000000000000110100000000000011
10000000000000000010001000000000100100000000000011
00000000000000000011111000000000111000000000000011
01000000000010000001001000001000000000000000000011
01000000000000000000001000001000101000000000001011
11000000000000000000010000000000000000000000000011
11000000000000000000010000000000000000000000000011
11000000000000000000000000111000000000000010000000
11000000000000000000000000001000100100000000000000
11000000000000000000000010110000000000000010000000
11000000000000000000010010110100000000000000000000
11000000000000000000010000001000101000000000000000
11000000000000000000000100111001100000000000000000
11100000000000000000010000111011000000000000000000
11100000000000000000001000111001100000000000000000
11000000001000000000000000111001000000000000000011
11000000000000000000000010111001100000000010000000
11000001000000000001000000000000000000000000000000
11000000000000000001000100111000100000000000000000
11000000001000000000000000111000000000000010000011
11000000000010000000000010111101000000000000000000
11000000000000000000011000001000110000000000000011
11100000000000000000010010111011000000000000000011
11000000000000000010010010111010000000000010000000
00000000000000111011001000000000100000000011111011
11000000000000000000000001111001100100000010000000
11000010000000000000010100111101100000000000000000
11000000000000000000000000111010100000000001110000
11000010000000000000000010111101100100000000000000
11100010000000000000001000111001100000000000000011
11100000001000000000000100111000000000000010001000
11000000000000000001011000111111100000000000000000
11000000001000000000001000111001100100000000000011
11000000000010000010001000111011000000000000000011
11000010000000000000000110111101101000000000000000
11100000000000000000011100111001100000000000001000
11100000000000000010000000111000101000000010000011
11000000000011000000000100111000000000000010001000
11000000000000000000001110111001100001000010000000
11000010000010000000000110110000100000000010000011
11100000001000000000010010111001100100000000000011
11000010000000000010000110110100100000000010001000
11000000000000000000001110111101110000000000001011
11100000001000000001000010111111100000000000001011
11100000000000000001010110111101101000000000000011
11100000000010000001111100110100100000000000000011
11100000000000000000011100111000101100000000001011
11100000000010000001000101111110110000000000000000
11110000000000000001110000111000101000000000000000
11100000001010000000011100111111100000000010000011
11100010000000000001111000101100101100000000000011
11100000000000000001001100111101111000000000001011
11100000000010000001110000111000110000000010001011
11100010000000000000001100111101100000000001111011
11100000000010000001111000111001100001000010000011
11100010000000000001101110111101101000000010001000
11100000000000000001110100111111100000000001110011
11000000001000000001111101111110101000000000000011
11100000001000000001100000111100110000000001110011
11100001000000000000000001111101101000000010001011
11100000001000000000010110111101110000000011110000
11100000000000000001011001111111111000000010001000
11100000000000111011100000111101101000000000000011
11100000000011000000001100111111100100000001110000
11100000000000000000001100111111111000000011110011
11000001000000111011110000111010100000000000000000
11100000000010000001111000111111100000000001110011
11000000000000111010011101110000101100000000000011
11100001000000000001000000111011100100000011110011
11100000000000000001010000110100111100000011111000
11100000000010000000010100111001110100000001111011
11100001001000000011011100111101100100000000000011
11110000000000000000000101111011101000000001110011
11100001001000000001010110111100101100000010000011
11100000001000000001100101111000111000000001110011
11000010000010111011101011111100000000000010000000
11100000001000000001101001001100110100000011110011
11100000000000111011101100101110100001000010001000
11100000000011000001101110111110101001000010000011
11100010000010000001111110111101100100000001110000
11100010000010000010010100111111101001000010001011
11100000000011000001011010111101111100000000001011
11100000001000111010001110111110101100000010000011
11100000000000111011101111111001110000000000000011
11000000000011111010011100111011100000000010001011
11100000000010000011000110111111111000000001110011
11100010000010000010011011111101101001000010000011
11100010000000111011111110111011101000000010000000
11100000000011000001101110111101110000000001110011
11100000000010000011010011111111100000000001111011
11100010000011111010011000111100101000000010000011
11100010000010000011110100111110100100000001110011
11100000001010000000011110111111111000000010000111
11000000000000111011010111111010110100000010001000
11000010000011000001110100111101100100000011110011
11100001100000000001100100111101100000000011110011
11100010000011111011110100111101100000000010000000
11100001100011000000011110111111101000000000000010
11100000000010111010011110111011101000000010001011
11100000000010000011000110111111111100000001110011
11000000001000010001110110111111111000000011110011
11100000000011111011001100110100111000000010000011
11100000000011000001111110111111110100000010001011
11111000001010000001001110111100100000000000000011
11100000000010111010010000111111110101000010000011
11000000000010111011010100111100100000000001111011
11100000001010111011111100111011110000000000000011
11100000001011000001110110111111111100000010000011
11000000000010111011111100110100110100000000001011
11000010000011111011101100111111101000000000000011
11100000000010111011001011111101101100000010000011
11011000000000000001110010111101101001000010000000
11100000001000111011000001111110100000000001111011
11100000000011000001101100111100110001000011110011
11100000000010000001101111111110110100000011110011
11100000000011000001111101110100111000000001110011
11100000000000111011011100111111101000000011110011
11000000001011111011111100111111101000000000000011
11100010000011111011000100111111111000000010000011
11100000000011111011011100111101111000000010000011
11100000000011000001110100111111110001000011110011
11100010001011111011011110111101100000000000001000
11000001000000000001011011111101101001000011110011
11100000000010111011011110111111100000000001111000
11100001000011000001011110111111101100000010001011
11000000001011000001111010111101101001000011110011
11000010000010111011101110111111111000000000001011
11100010001011000001011100111111101001000011110000
11110000000000000001100001001000111001000011111011
11100010000010111011110110111110100000000001110011
11000010000011111010011000111011101000000001111011
11000001000010111011110110111111110000000010000011
11100010000011000011101100111111111000000011110011
11010000000000111011011011111101101100000010000011
11100000000011000001111100111011111110000011110011
11100010000010111011111010111011100001000010001011
11100010000011000001011110111110101100000011111011
11100000001011000001110110111111100101000011110011
11100001000010111011101100111011101000000001110000
11100010001000111011011110111111101000000001110011
11000001000000111011011110110100100100000011111000
11100010000000111010010100111111111100000001111011
11011010010010000000000000111001101000000000000111
11100000000011111011101010111011100100000011110011
11100000000010111011111110111111101000000001110011
11000000000011111011111010111111101100000001110000
11100001000010000001111110111111111000000011110011
11000010000011111011111110111111101100000010000011
11000000000000111011101100111101111100000011111011
11100000001011000011011110111111101100000001111011
11000001100010000001110100111111101000000011111011
11100000000000111011110110111111110100000001111011
11100010000010111011111110111111101001000010000011
11000000001011000101110110111111110001000010001011
11100010000010111011110000111111111000000011110011
11100000001010000001111110111101101101000011111011
11000010000000111011111100111101111100000011110011
11011000000010000001000110111111110100000011110011
11100000001010111011111110111111100000000001111011
11100000000010111011110100111101111101000010001011
11100000000011000001010111111101111001000011111011
11100000000010111011011111111111110000000011110011
11100010000000111011101110111110000001100011110011
11100000000011111011111000111101111000000011110011
11100010000011111011011110111111110000000001110011
11100010000011000001111100111110111001000011111011
11100010000011000001101100111111111101000010001111
11111000000011000001010000111111111100000001110000
11000010001011111011100111111100100100000001110011
11000010000011111011111110111111111100000000001011
11100010001011000011111110111101101101100010000011
11100011001011111010011100111101000000000011110011
11100000001011111011111110111111110100000010001011
11100000000011000001111110111110111101000011111011
11111010000011000001110000111111110100000010001011
11111010000010000010011110111111101000000001110011
11011001100000000011111110111111000000000000001011
11100000000011111011111100111100111100000011110011
11111010001010000001111110111111101000000010001011
11000010000011111011111110111110101100000011110011
11100010001000111011111110111111111101000010001011
11100000000010111011111110111101111110000011110011
11111010000010000001100101111111101000000001111011
11100010000011111010010110111111101001000011111011
11000000001010111011011110111111111100000011111011
11000000001011111011100100111111111100000011111011
11100010001011111010010110111111111100000011110011
11100000001010111011111100111111101101000011110011
11100010001011111010011100111111110100000011111011
11100010000011111011110110111111111100000001110011
11100001100011000000011100111111110001100011110011
11110000001011000001110110111110101101000011111000
11100010001011000001111100111111111101000011111011
11100010000011111011110111111011101101000010001011
11100010000011111011111110111101101100000001111011
11100001101010000001111100111111101101000011110011
11100010001010111011110111111111101100000011110011
11100010000010111011111110111111111100000001111011
11100000000010111011011010111111111101000011111011
11011011001011000001100010111111100000000001110011
11100000000011111011111100111111111001100010001011
11100001100000111011111110111111110000000011110011
11100010001010111011111000111111111110000110000011
11111000001011000001010110111111101101000010001011
11100010001010111011111111111011110100000011110011
11111000001011111010011110111101101100000000000011
11100000001010111011111111111111101001000011110011
11100000000011000011111110111111111111000011111011
11000000000011111011111100111111110101000011111011
11111000000000111011011100111111110100000001110011
11100010001011111011110110111111111100000001111000
11100010001011111011110111111111111101000010000011
11111000000011000001110010111111111110000001111000
11100010001011111011110100111111111001000011110011
11100000000011111011100110111111111101000011111011
11100000001011111011111100111001111001000011111011
11110010000011111011011100111111111001000010001011
11111010000000000001111010111111111101000011110011
11000010000010111011010101111011111001100011111011
11111010000011111011011100111111101100000010000011
11000000001011111011011100111111111101000011111011
11100011000011111011111110111111111000000001110011
11111010001011111011111010111010110000000010000011
11111000000011000001111110111111101100000011111011
11100001000011111011110110111111111000000011111011
11100000001011111011100110111101111101000011111011
11110010000011000010011100111111101101100011111011
11100001001010111011010110111011101101000011111011
11100010001011111011101110111111111100000011111011
11100000001011111011010110111111111111000011110011
11100010000011111011011010111111111101000011111011
11100000001010111011111010111011111111000011111011
11100000001010111011110110111110101101100011111011
11000010001011111011111111111111101100000011111011
11000001000011111011111110111101111001000011110011
11100011000011000011011100111110111111000011111011
11100000001011111011111110111111111101000011110011
11000011001011111010010100111101111110000011111011
11110010001011111011111110111111100100000011110011
11111010001011000001101010111011101001000011111011
11100000001011111011111110111111111110000011111011
11110000001010111011101110111111110001000011111011
11011000000011111011110100111101101100000011110011
11111000001011000001111100111111111001000011110011
11100001001011111011111110111011111000000011111011
11111000000010111011011101111110101100000011110011
11111010001011111011100100111111101100000001110000
11000010000010111011011111111111111100001011110011
11111010000010111011011110111011100001000011110011
11111000000000000001110110111111111111100011110011
11110010001000111011111100111111111101000011110011
11100001001011111010011100111111101001100011111011
11100001101011111011111101111111101101000010000011
11111000001011111011110110111111101000000001110011
11111010000011111011111111111101101100000010000011
11100011101011111011111110111101101000000011110011
11111000000010111011011100111111101101000011110011
11111010000011111011111110111111101100000010001011
11111010001010111011011100111111101100000011110011
11111011000010000001111000111011111101000011110011
11111010001011000001100111111110110101000011110011
11110011000010111011111110111111110100000011110011
11000011000011111011101010111111111111000011111000
11111010001011000001110010111111111101000011110011
11100010001011111010001101111111111111100011110011
11000010000011111011111110111100111001110011111011
11100010001011111011111110111111111000000011111111
11010010001011111011100001111111101101000011111011
11100011101011111011111100111111111001000010001011
11100011001010111011111011111111111100000011111011
11100011101011000001011110111111101101100011111011
11000000000011111011111111111111111110000011111111
11010000001011111011111101111101101101000011111011
11011000001011111011011110111111101001000011110011
11111010001010000001111110111111111101000011111011
11111000000011111011111110111010111100000011110011
11111010001010111010011100111101111110000001111011
11111010000011110001111110111111111001000011110011
11100001000011111011111101111111111111000011110011
11111010000010111011011110111111101101000011110011
11111000000011111010011100111111110101000011111011
11111000000011111011111101111111100100000011111011
11100001000010111011111111111111101101100011111011
11111010001011111011010100111111110000000001110111
11111010001000111001111110111101110101000011111011
11111000000011111011111100111011111100000011111011
11111010001010111011111101111111101100000011110011
11100001101011111011110110111101101101000011111011
11111010001011111011111110111100101001000011110000
11111000000011111011111110111111111000000011111011
11111000000010111011111110111111111110000001111011
11110011101011000010011110111111101101000011111011
11111000000011111011011110111111111100000011111011
11111010000011111011010010111000110101100011110011
11111000001011000001011110111111111101100011111011
11100010001011111011111110111101111111110011110011
11100001000011111011110100111111111111100011111011
11111010001010111011111100111111101001000011111011
11111010001011111011110010111111111000000011111011
11111000000011111011110110111101111101000011110011
11100001101011111011110100111111111101000011111011
11111011000000111011111010111111101001100011110000
11100011101010111011111111111111111100000011111011
11100011101011111011111110111111111100000011111011
11100001000011111011111100111111111111100011111011
11111001000011111011111110111111101101000010001011
11100001100011111011111100111111111111000011111011
11000001101010111011111101111101111111000011111011
11111010000011111011111110111111111001000011110011
11100001101011111011111110111111111111000011110011
11111000001011111011111100111101111001000011111011
11100001101011111011111110111111111101000011111011
11100011100011111011111110111111111101000011111011
11111000001011111011110111111001111110000001111011
11111000000011111011110110111111111101000011111011
11011000000011111011111110111111111101000011111011
11111001100010000011101110111111111101000011111011
11100001100011111011111111111111111101000011111011
11111001001010111011111111111101110000000011111011
11100001101011111111011100111111111101000011110011
11010011101011111011111110111111111101000010001011
11100011100011111011110111111111111101000011111011
11011001101010111011111100111111111111000010000011
11111000001010111011111101111111101001100011111011
11110001100010111011111110111111111101000011111011
11011010000011111011101110111111110101110011110011
11100001101011111011111111111111111101000011111011
11100001100011111011111111111111111111000011111011
11100001100011111011110111111101111101100011111011
11111011000011111011011111111111110100000001111011
11111000000010111011110101111111111101100011111011
11011011100010111011110110111101111101100010000011
11111000001011111011110111111111111110000011111011
11100011100011111011110111111111111001100011111011
11100001101011111011110111111111111111000011111011
11100001001011111111111011111111111101000011111011
11111000001011111011011110111111101101100011111011
11100011100011111011111110111111111001110011111011
11100011100011111011111110111111111101100011111011
11100011001011111011110110111111111111110011111011
11111011001011111011111111111111111000000001110011
11111000001011111010011111111111111111000011111011
11100001100011111011111111111111111101100011111011
11100011101011111011111111111111111101000011111011
11111001100011111011001100111111111001000011111011
11110011000011111011111111111111111101000011111011
11100010101011111011111111111111111111100011111011
11111000001011111011111110111111111101100011111000
11111001001011111011111010111111111001000011111011
11111001000010111011111101111111111110000001110111
11110001100011111011111101111111111101000011111011
11111011000011111011111101111111101001000011111011
11111001101011111011010110111111110101000011110011
11111010000011111011111111111111111101000011111011
11111011000011111011111111111111111100000001111011
11110011100011111011111110111111111101000011111011
11100001101011111011111111111111111101100011111011
11110011100011111011111111111111111001000011111011
11111001100010111011111100111111111101000011111011
11011011101010111011011111111101100101000011111011
11111001100011111011111100111111101101000011111011
11100011100011111011111110111111111111110011111011
11111001101010111011111110111110111101000011110011
11111010000011111011011111111111111101110011110011
11110011101011111011111110111111111101000011111011
11011010000011111011111010111111111111000011111111
11111001100010111011111110111111111101000011111011
11111001100011111011110100111111111101000011111011
11111011100011111011110100111111111001000011111011
11111011100010111011111110111111111001000011111011
11111001101011111011111110111111101001000011111011
11111001001011111011111111111111111101000011110011
11111010001011111011111110111111110101110011111011
11111001100011111011111110111111111001000011111011
11111001100011111011111110111111111001000011111011
11111011100011111011110110111110111001000011111011
11111011100011111011111100111111101101000011111011
11111001101011111011111100111111111101000011110011
11111001001011111011111101111111111001100011110011
11111001101011111011011110111111111110000011111011
11100001100011111011111111111111111101100011111111
11110011100011111011111110111101111001000111111011
11011011100011111011111110111111111111000001110011
11111011100011111011111101111110111110000001111011
11111001100011111011111110111111111111000011110011
11110001100011111011111111111111111101100011111011
11111001100011111011111110111111111011000011111011
11111011100011111011111110111111111001000011111011
11111001100011111011111110111111111101000011111011
11111011101011111011110110111111111101000011110011
11111001100011111011111111111111111001000011111011
11111011100011111011111100111111111101000011111011
11111001100011111011110110111111111111000011111011
11100011101011111111111110111111111101100011111011
11111001100011111011110111111111111101000011111011
11111001100010111011111110111111111101100011111011
11111001000011111011111110111111111111100011111011
11110011100011111011111111111111111101100011111011
11110011100011111011111111111111111101100011111011
11111011100011111011111100111101111111000011111011
11111011100011111011111110111111111101000011111011
11111011100011111011111110111111111101000011111011
11111011100011111011111110111111111101000011111011
11111011100011111011111110111111111101000011111011
11111001101011111011111110111111111101000011111011
11111001100011111011111110111111111111000011111011
11111001100011111011011110111111111101100011111011
11111011101011111011011110111111111101000011111011
11111001100011111011111111111111111101000011111011
11111011100011111011111111111111111001000011111011
11111001100011111011111111111111111101000011111011
11111001101111111011111110111111111111000011110011
11110011101011111011111110111111111111100011111011
11111001101010111011111110111111111101100011111011
11111011100010111011111111111110111111000011111011
11111001101011111011111110111111111111000011111011
11111011100011111011111110111111111001100011111011
11111011100011111011111110111111111111000011111011
11111011101011111011111110111111111101000011111011
11111011100011111011110110111110111001110011111011
11111011100011111011111110111111111111000011111011
11111011100011111011111110111111111001100011111011
11111001101011111011111110111111111111000011111011
11111001100011111011111110111111111101100011111011
11111011100011111011111111111111111001100011110011
11111011100011111011111111111111111101000011111011
11111001101011111011111111111111111101000011111011
11111011100011111011111111111111111101000011111011
11111001101011111011110110111111111101100011111011
11111001100011111011110111111111111101100011111011
11111011100011111011111110111101111101100011111011
11111001101011111011111110111111111001110011111011
11111001101011111011111110111111111101100011111011
11111001101011111011111110111111111101100011111011
11111011101011111011111110111111111111000011111011
11111011100011111011111110111111111101100011111011
11111001101011111011111110111111111101100011111011
11111011100011111011111110111111111101100011111011
11111011101011111011111110111111111001100011111011
11111001001011111011111111111111111111100011111011
11111011100011111011111100111111111101110011111011
11111011100011111011111111111111111111000011111011
11111011101011111011111111111111111101000011111011
11111011100011111011111100111111111111100011111011
11111011101011111011011100111111111101110011111011
11111011101011111011111110111111111111100011110011
11111001101011111011111110111111111101110011111011
11111001101011111011111110111111111101110011111011
11111011100011111011111110111111111101110011111011
11111001100010111111111110111111111101100011111011
11111011101011111011111110111111111101100011111011
11111011101011111011111110111111111101100011111011
11111011101011111011111110111111111101100011111011
11111011101011111011111110111111111101100011111011
11111011100011111011111111111111111001110011111011
11111011100011111011111111111111111001110011111011
11111011101011111011111111111111111111000011111011
11111011101011111011111111111111111001100011111011
11111011100011111011111111111111111101100011111011
11111001101011111011111111111111111101100011111011
11111011100011111011111111111111111101100011111011
11111011101011111011111101111111111101110011110011
11111011101010111011110100111111111101101011110011
11111001100011111011111101111111111111110011111011
11111001101011111011111110111111111111110011111011
11111011101011111011111110111111111101110011111011
11111011101011111011111110111111111101110011111011
11111011101011111011111110111111111101110011111011
11111011100011111011111111111111111101110011111011
11111011100011111011111111111111111101110011111011
11111011101011111011111111111111111001110011111011
11111001101011111011111111111111111101110011111011
11111011101011111011111111111111111101100011111011
11111011101011111011111111111111111101100011111011
11111011100011111011111111111111111111100011111011
11111011101011111011111111111111111101100011111011
11111011101011111011111111111111111101100011111011
11111011101011111011111101111111111101110011111011
11111011110011111011111110111111111101100011111011
11111011100011111011111111111111111111110011111011
11111011101011111011111111111111111101110011111011
11111011101011111011111111111111111101110011111011
11111011100011111011111111111111111111110011111011
11111011101011111011111111111111111101110011111011
11111011100011111011111111111111111111110011111011
11111011101011111011111111111111111101110011111011
11111011101011111011111111111111111101110011111011
11111011101011111011111111111111111101110011111011
11111011101011111011111111111111111101110011111011
11111011101011111011111111111111111101110011111011
11111011101010111011111101111110111101100111111011
11111011101011111011111111111111111111100011111011
11111011101011111011111111111111111111100011111011
11111011110011111011111100111111111101110011111011
11111011101011111111111100111111111101100011111011
11111011101011111011111111111111111001100011111111
11111011100011111011111110111111111101101011111011
11111011101011111011111111111111111111110011111011
11111011101011111011111111111111111111110011111011
11111011101011111011111110111111111101110011111111
11111011111111111011111110111111111101100011111011
11111001101011111011111111111111111101110011111111
11111011101011111011111111111111111101100011111111
11111011111011111011111111111111111101100011111011
11111011111011111011111111111111111101100011111011
11111111111111111011111110111111111001000011111011
11111011111011111011111110111111111111110011111011
11111011111111111011111111111111111101110011111011
11111111111111111011111110111111111101000011111011
11111011111011111011111110111111111111100011111111
11111111111111111011011110111111111101100011111011
11111011101011111011111111111111111111111011111011
11111011101011111111111111111111111101100011111111
11111111111111111011111110111111111101110011110011
11111111111111111011111110111111111101110011110011
11111111111111111011111110111111111101100011111011
11111111111111111011011110111111111111100011111011
11111111111111111011111100111111111101110011111011
11111111111111111011111101111111111101100011111011
11111011111011111011101111111111111101111011111011
11111111111111111011111110111111111101110011111011
11111111111111111011111110111111111101110011111011
11111111111111111011111110111111111101110011111011
11111111111111111011111110111111111111100011111011
11111011111011111011111111111111111111110011111111
11111011111011111011111111111111111111110011111111
11111111111111111011110110111111111111110011111011
11111111111111111011111111111111111101100011111011
11111111111111111011111111111111111101100011111011
11111111111111111011111101111111111101110011111011
11111111111111111011111110111111111111110011111011
11111111111111111011111110111111111111110011111011
11111111111111111011111111111101111101110011111011
11111111111111111011111111111111111101110011111011
11111111111111111011111111111111111101110011111011
11111111111111111011111111111111111101110011111011
11111111111111111011111111111111111101110011111011
11111111111111111011111111111111111101110011111011
11111111111111111011111111111111111101110011111011
11111111111111111011111101111110111111110011111011
11111111111111111011111111111111111111100011111011
11111111111111111011111111111111111111100011111011
11111111111111111011111111111111111111100011111011
11111111111111111011111111111111111111100011111011
11111111111111111011111111111111111111100011111011
11111111111111111011111111111111111111100011111011
11111111111111111011111111111111111111100011111011
11111111111111111011111111111111111111100011111011
11111111111111111011111111111111111111100011111011
11111111111111111011111110111111111101100011111111
11111111111111111011111110111111111101100011111111
11111111111111111011111111111111111001100011111111
11111111111111111011111111111111111111110011111011
11111111111111111011111111111111111111110011111011
11111111111111111011111111111111111111110011111011
11111111111111111011111111111111111111110011111011
11111111111111111011111111111111111111110011111011
11111111111111111011111111111111111111110011111011
11111111111111111011111111111111111111110011111011
11111111111111111011111111111111111111110011111011
11111111111111111011111111111111111111110011111011
11111111111111111011111111111111111111110011111011
11111111111111111011111110111111111101110011111111
11111111111111111011111110111111111101110011111111
11111111111111111011111110111111111101110011111111
11111111111111111011111110111111111101110011111111
11111111111111111011111111111111111101110011110111
11111111111111111111111101111111111101100011111011
11111011111011111011111110111111111111111011111111
11111011111011111011111110111111111111111011111111
11111111111111111011111110111111111101000111111111
11111111111111111011111111111111111101100011111111
11111111111111111011111111111111111101100011111111
11111111111111111011111110111111111001111011111011
11111011111111111111111111111111111111100011111111
11111011110011111011111111111111111111111011111111
11111111111111111011111101111111111101110011111111
11111111111111111011110111111111111101110011111111
11111011111011111011111111111111111111101011111111
11111111111111111011111111111111111101100111111011
11111111111111111011111110111111111111110011111111
11111111111111111011111110111111111111110011111111
11111111111111111011111110111111111111110011111111
11111111111111111011111111111111111101110011111111
11111111111111111011111111111111111101110011111111
11111111111111111011111111111111111101110011111111
11111111111111111011111111111111111101110011111111
11111111111111111011111111111111111101110011111111
11111111111111111011111111111111111101110011111111
11111111111111111011111111111111111101110011111111
11111111111111111011111111111111111101110011111111
11111111111111111011111111111111111101110011111111
11111111111111111011111110111111111111000111111111
11111111111111111011111111111111111101110011111111
11111111111111111011111111111111111111100011111111
11111111111111111011111111111111111111100011111111
11111111111111111011111111111111111111100011111111
11111111111111111011111111111111111111100011111111
11111111111111111011111111111111111111100011111111
11111111111111111011111111111101111101110111111011
11111111111111111011111111111111111111100011111111
11111011111011111011111111111111111111111011111111
11111111111111111011111111111111111111100111111011
11111111111111111011111111111111111101101011111011
11111111111111111111111111111111111101110011111011
11111111111111111011111111111111111101101011111011
11111111111111111011111111111111111101101011111011
11111111111111111011111111111111111101101011111011
11111111111111111111111111111111111111100011111011
11111111111111111111101111111111111111110011111011
11111111111111111011111111111111111111110011111111
11111111111111111011111111111111111111110011111111
11111111111111111011111111111111111111110011111111
11111111111111111011111111111111111111110011111111
11111111111111111011111111111111111111110011111111
11111111111111111011111111111111111111110011111111
11111111111111111011111111111111111111110011111111
11111111111111111011111111111111111111110011111111
11111111111111111011111111111111111111110011111111
11111111111111111011111111111111111111110011111111
11111111111111111011111111111111111111110011111111
11111111111111111011111111111111111111110011111111
11111111111111111011111111111111111111110011111111
11111111111111111011111111111111111111110011111111
11111111111111111011111111111111111111110011111111
11111111111111111011111111111111111111110011111111
11111111111111111011111111111111111111110011111111
11111111111111111011111111111111111111110011111111
11111111111111111011111111111111111111110011111111
11111111111111111011111111111111111111110011111111
11111111111111111011111111111111111111110011111111
11111111111111111011111110111111111111111011111011
11111111111111111011111110111111111111111011111011
11111111111111111011111111111111111101111011111011
11111111111111111011111111111111111101111011111011
11111111111111111111111111111111111111110011111011
11111111111111111111111111111111111111110011111011
11111111111111111111111111111111111111110011111011
11111111111111111011111111111101111111111011111011
11111111111111111011111100111111111111110111111111
11111111111111111011111111111111111001110111111111
11111111111111111011111111111111110101101011111111
11111111111111111011110110111111111111101011111111
11111111111111111011111111111111111111111011111011
11111111111111111011111111111111111111111011111011
11111111111111111111111111111111111101100011111111
11111111111111111011111111111111111111111011111011
11111111111111111011111111111111111111111011111011
11111111111111111011111111111111111111111011111011
11111111111111111111111111111111111101100011111111
11111111111111111011111111111111111111111011111011
11111111111111111011111111111111101101101111111011
11111111111111111011111111111101111101111011110111
11111111111111111111111101111111111111100011111111
11111111111111111011111110111111111101111011111111
11111111111111111011111111111111111101111011110111
11111111111111111111111110111111111111110011111111
11111111111111111111111111111111111111110011110111
11111111111111111011111111111111111101110111111111
11111111111111111011111111111111111101110111111111
11111111111111111011111111111111111101110111111111
11111111111111111011111111111111111001111011111111
11111111111111111011111111111111111101110111111111
11111111111111111111111111111111111101110011111111
11111111111111111011111111111111111101101011111111
11111111111111111011111111111111111101101011111111
11111111111111111111111111111111111101110011111111
11111111111111111011111111111111111111100111111111
11111111111111111111111111111111111101110011111111
11111111111111111011111111111111111101101011111111
11111111111111111011111111111111111111100111111111
11111111111111111111111111111111111111100011111111
11111111111111111011111101111111111111110111111111
11111111111111111011111111111111111101101111111011
11111111111111111011111111111111111101101111111011
11111111111111111111111111111111111101110111111011
11111111111111111011111111111101111111110111111111
11111111111111111011111110111111111111111011111111
11111111111111111111111111111101111111110011111111
11111111111111111011111111111111111101111011111111
11111111111111111011111111111111111111110111111111
11111111111111111011111111111111111111110111111111
11111111111111111011111111111111111101111011111111
11111111111111111011111111111111111101111011111111
11111111111111111011111111111111111111110111111111
11111111111111111011111111111111111111110111111111
11111111111111111011111111111111111111110111111111
11111111111111111011111111111111111111110111111111
11111111111111111011111111111111111101111011111111
11111111111111111011111111111111111111111011111100
11111111111111111011111111111111111111101011111111
11111111111111111011111111111111111111101011111111
11111111111111111111111111111111111111110011111111
11111111111111111111111111111111111111110011111111
11111111111111111111111111111111111111110011111111
11111111111111111111111111111111111111110011111111
11111111111111111111111111111111111111110011111111
11111111111111111011111111111111111111101011111111
11111111111111111011110111111111111111111011111111
11111111111111111011111111111111111111101111111011
11111111111111111011011111111111111111111111111011
11111111111111111011111111111111111111111011111111
11111111111111111011111111111111111111111011111111
11111111111111111011111111111111111111111011111111
11111111111111111011111111111111111111111011111111
11111111111111111011111111111111111111111011111111
11111111111111111011111111111111111111111011111111
11111111111111111011111111111111111111111011111111
11111111111111111011111111111111111111111011111111
11111111111111111011111111111111111111111011111111
11111111111111111011111111111111111111111011111111
11111111111111111011111111111111111111111011111111
11111111111111111011111111111111111111111011111111
11111111111111111011111111111111111111111111111011
11111111111111111111111111111111111111111011111011
11111111111111111111111111111111111111111011111011
11111111111111111111111111111111111111111011111011
11111111111111111011111110111111111101111111111111
11111111111111111011111110111111111111101111111111
11111111111111111111111111111111111101101011111111
11111111111111111111111110111111111111101111111011
11111111111111111011111110111111111111111111111111
11111111111111111011111111111111111101111111111111
11111111111111111011111111111111111101111111111111
11111111111111111111111111111111111111110111111111
11111111111111111111111111111111111111110111111111
11111111111111111011111101111111111111111111111111
11111111111111111011111101111111111111111111111111
11111111111111111011111111111111111111111111111111
11111111111111111011111111111111111111111111111111
11111111111111111011111111111111111111111111111111
11111111111111111011111111111111111111111111111111
11111111111111111011111111111111111111111111111111
11111111111111111011111111111111111111111111111111
11111111111111111111111111111111111111111011111111
11111111111111111111111101111111111101111111111111
11111111111111111111111111111111111111111111111111
