3090.0 -20.4
3120.0 -21.6
3120.0 -21.6
3120.0 -21.6
3120.0 -21.6
3450.0 -24.0
3830.0 -28.8
3830.0 -28.8
3830.0 -28.8
4160.0 -31.2
4600.0 -33.6
4600.0 -33.6
4600.0 -33.6
4730.0 -34.8
4730.0 -34.8
4730.0 -34.8
4930.0 -36.0
5310.0 -40.8
5710.0 -43.2
5710.0 -43.2
6280.0 -46.8
6280.0 -46.8
6280.0 -46.8
6450.0 -49.2
6450.0 -49.2
6450.0 -49.2
6970.0 -50.4
7170.0 -51.6
7170.0 -51.6
7280.0 -52.8
7280.0 -52.8
7280.0 -52.8
7420.0 -55.2
7420.0 -55.2
7420.0 -55.2
7680.0 -57.6
8420.0 -61.2
8420.0 -61.2
8420.0 -61.2
8420.0 -61.2
8650.0 -63.6
8650.0 -63.6
8650.0 -63.6
8650.0 -63.6
9450.0 -67.2
9450.0 -67.2
9650.0 -69.6
9650.0 -69.6
9650.0 -69.6
10220.0 -72.0
10220.0 -72.0
10680.0 -75.6
10680.0 -75.6
10680.0 -75.6
11220.0 -78.0
11220.0 -78.0
11220.0 -78.0
11220.0 -78.0
11950.0 -79.2
12250.0 -84.0
12250.0 -84.0
12250.0 -84.0
12950.0 -85.2
12950.0 -85.2
12950.0 -85.2
12950.0 -85.2
13980.0 -91.2
13980.0 -91.2
13980.0 -91.2
13980.0 -91.2
15795.0 -96.0
15795.0 -96.0
15795.0 -96.0
15795.0 -96.0
16880.0 -100.8
17580.0 -102.0
17580.0 -102.0
17580.0 -102.0
17580.0 -102.0
18610.0 -108.0
18610.0 -108.0
18610.0 -108.0
18610.0 -108.0
20425.0 -112.8
20425.0 -112.8
20645.0 -114.0
22460.0 -118.8
22460.0 -118.8
22995.0 -120.0
22995.0 -120.0
22995.0 -120.0
22995.0 -120.0
24810.0 -124.8
24810.0 -124.8
24810.0 -124.8
24810.0 -124.8
26785.0 -129.6
26785.0 -129.6
26785.0 -129.6
26785.0 -129.6
