00000000000000000000000000000000000000000000000000
00000000000000000000001000000000000000000000000000
00000000000000000000000000000000000000000000000011
00000000000000000000001000000000000000000000000011
00000000000000000001000000000000000000000010000000
00000000000000000001000000000000000000000000000011
00000000000000000000001000000000100000000000000011
00000000000000000001001000000000100000000000000000
00000000000000000000000000000000100100000010000000
00000000000000000001100000000000100000000000000000
00000000000000000000010000000000101000000000000000
00000000000000000000000000000000100100000000000011
00000000000000000001000000000000101000000000000000
00000000000000000001000000000000110000000000000000
00000000000000000001101000000000000000000000000011
00000000000000000010000000000000100000000010000011
00000000000000000000000000000000111000000010000000
00000000000000000000011000000000100000000010000011
00000000000000000000010000000000000000000001110000
00000000000000000010000000000000101100000000000011
00000000000000000001110000000000101000000010000000
00000000000000000000000000000000100000000011110011
10000000000000000010000000000000000000000000000011
10000000000000000000001000000000110000000000000000
00000000000000111010010000000000000000000010000000
10000000000000000011010000000000000000000010000000
10000000000000000011000000000000111000000010000000
11100000000000000000000000111000100000000010000011
11100000000000000000000111111000100000000000000000
11100000001010000000010110111010000000000000000000
