00000000000000000000000000000000000000000010000000
00000000000000000000000000000000100000000000000000
00000000000000000000000000000000000000000000001000
00000000000000000000011000000000000000000000000000
00000000000000000001000000000000100000000000000011
00000000000000000001100000000000000000000000000011
00000000000000000000011000000000110000000000000000
10000000000000000000000000000000000000000000000000
00000000000000000001100000000000100100000000000000
00000000000000000000000000000000101000000000001011
10000000000000000000001000000000000000000000000000
00000000000000000001110000001000000000000000001000
00000000000000000000000000000000100000000000001100
00000000000000000001010000000000000000000001110000
00000000000000000011010000000000110100000000000000
10000000000000000001100000000000000000000010000000
00000000000000111010001000000000000000000000000011
00000000000000000010000000000000000000000001111011
01100000000000000000000000110000000000000000000011
10000000000000000001100000000000000000000010000011
00000000000000000010011000000000111000000010000011
10000000000000000011001000000000100000000010001000
10000000000000000011100000000000101000000000001000
11000000000000000000000000110000100000000000000011
11000000000000000000001000111111000000000000000000
11000000000010000000000000111000000000000010000000
11000000000000000000001000111001110000000000000000
11000000000000000000000100111000101000000010000000
11000000001000000010010000111000000000000000001000
11000000000000111010010000111110101000000000001000
