00000000000000000000000000000000000000000010000000
00000000000000000000010000000000000000000000000000
00000000000000000010000000000000000000000000000000
00000000000000000001000000000000000000000000000011
00000000000000000000000000000000100000000010000011
00000000000000000010000000000100000000000010000000
00000000000000000001010000000000000000000010000000
00000000000000000001100000000000000000000000000011
00000000000000000000000000000000110000000000000011
00000000000000000010000000000000100000000000000011
00000000000000000001110000000000000000000000000011
10000000000000000000000000000000000000000000000011
00000000000000000000000000000000100000000001110011
00000000000000000001111000000000100000000000000011
00000000000000000010010000000000101000000000001000
10000000000000000000000000000000100100000000000000
00000000000000111010000000000000000000000010000000
10000000000000000010001000000000000000000000000000
10000000000000000010000000000000100000000000000011
10000000000000010001010000000000100000000000000000
10000000000000000011100000000000000000000000000011
01000000000000000001000000111001000000000000001011
11100000000000000000000000111101000000000000000011
11000000000000000010000000110000100000000010000011
11000010001000000000000000111101000000000000000011
11000010000011000000010000111111000000000010000000
11100010001000000000000000111000000000000011110000
11000010000000000000011010111101111000000000000000
11000010000010000000000100111111111000000000000011
11011010000000000011101000001000100000000010000000
