00000000000000000000000000000000100000000000000000
00000000000000000000010000000000000000000000000000
00000000000000000000010000000000000000000000000000
00000000000000000000000000000000100000000000001000
00000000000000000000000000000000000000000010001000
00000000000000000010010000000000000000000000000000
00000000000000000000001000000000000000000010000011
00000000000000000000011000000000000000000000000011
00000000000000000000010000000000000000000010000011
00000000000000000000010000000000100000000000001000
00000000000000000001010000000000000000000000000011
00000000000000000010000000000000101000000000000000
00000000000000000010000000000000100000000000001000
00000000000000000000011000000000100100000000000000
00000000000000000001100000000000101000000000000000
00000000000000000001001000000000110000000000000000
00000000000000000000011000000000100100000000001000
10000000000000000000000000000000100000000000000011
10000000000000000000000000000000100100000010000000
10000000000000000010001000000000000000000010000000
00000000000000000100000000000000100100000010001000
10000000000000000000011000000000101000000000000011
10000000000000000000000000000000110000000001110000
10000000000000000010000000000000000000000001111011
10000000000000000000010000000000000001000011110000
11100000000000000001000000111001100000000010000000
11100000001000000001000010110000101000000000000011
11000000000011000001000110111001110000000000000000
11100000000000000001010110111111100000000001110000
11000100000000000001100010111110101000000000000011
