00000000000000000000000000000000000000000000000000
00000000000000000000001000000000000000000000000000
00000000000000000000000000000000000000000000000011
00000000000000000000000000000000000000000000000011
00000000000000000000011000000000000000000000000000
00000000000000000000010000000000100000000000000000
00000000000000000000010000000000100000000000000000
00000000000000000000000000000000101000000000000000
00000000000000000001000000000000100000000000000000
00000000000000000001010000000000000000000000000000
00000000000000000000001000000000100000000010000000
00000000000000000001001000000000100000000000000000
00000000000000000000001000000000100000000000001000
00000000000000000001010000000000100000000000000000
00000000000000000001000000000000110000000000000000
00000000000000000010010000000000000000000000000011
00000000000000000001101000000000000000000000000011
00000000000000000000010000000000100000000000001011
00000000000000000011000000000000100000000000000011
00000000000000000000000000000000101000000000001011
00000000000000000010000000000000101100000000000000
00000000000000000000011000000000100000000000001011
00000000000000000001001000000000101100000010000000
00000000000000000000010000000000100000000010000100
00000000000000000000010000000000000000000001111000
00000000000000000010010000000000101000000000011000
00000000000000000000001000000000100000000001111011
01000000000000000000010000000000111000000000000011
11000000000000000000010000111111100000000000000011
11000000000000000001101010111011110000000000000000
