00000000000000000000001000000000000000000000000000
00000000000000000000000000000000100000000000000000
00000000000000000000010000000000000000000000000000
00000000000000000000001000000000100000000000000000
00000000000000000000001000000000000000000010000000
00000000000000000000000000000000100000000010000000
00000000000000000000010000000000000000000010000000
00000000000000000000000000000000100000000000000011
00000000000000000000000000000000000000000010000011
00000000000000000000000000000000000000000010000011
00000000000000000000000000000000000000000010000011
00000000000000000000001000000000100000000010000000
00000000000000000000001000000000100000000000000011
00000000000000000000001000000000000000000010000011
00000000000000000000001000000000000000000010000011
00000000000000000001000000000000100000000010000000
00000000000000000001011000000000000000000000000000
00000000000000000001100000000000100000000000000000
00000000000000000001000000000000110000000000000000
00000000000000000010011000000000000000000010000000
00000000000000000001100000000000100000000000000011
00000000000000000001000000000000110000000010000000
10000000000000000000010000000000000000000000000000
10000000000000000010010000000000000000000000000000
00000000000000111011010000000000000000000000000000
00000000000000000000010000000000100000000000001111
00000000000000111010001000000000000000000010001000
10000000000000000001100000000000100000000010000011
11000000000000000000001000111110000000000000000000
11000000001000000000000000111101100000000000001011
