147.6 9.0 42.0 -21.6
147.6 9.0 42.0 -21.6
148.0 12.0 66.0 -24.0
148.0 12.0 66.0 -24.0
148.4 10.0 50.0 -22.8
152.4 12.0 63.0 -24.0
152.4 12.0 63.0 -24.0
152.7 9.0 42.0 -22.8
152.7 9.0 42.0 -22.8
153.2 13.0 71.0 -25.2
153.2 13.0 71.0 -25.2
153.5 10.0 50.0 -24.0
153.5 10.0 50.0 -24.0
157.9 10.0 47.0 -24.0
157.9 10.0 47.0 -24.0
158.5 10.0 46.0 -24.0
158.5 10.0 46.0 -24.0
158.7 11.0 55.0 -25.2
158.7 11.0 55.0 -25.2
159.0 14.0 75.0 -26.4
159.0 14.0 75.0 -26.4
159.3 11.0 54.0 -25.2
159.3 11.0 54.0 -25.2
163.7 11.0 51.0 -25.2
163.7 11.0 51.0 -25.2
164.5 12.0 59.0 -26.4
166.2 10.0 44.0 -24.0
166.2 10.0 44.0 -24.0
167.1 8.0 41.0 -22.8
167.1 8.0 41.0 -22.8
171.4 11.0 49.0 -25.2
171.4 11.0 49.0 -25.2
172.0 15.0 78.0 -27.6
172.0 15.0 78.0 -27.6
172.0 11.0 48.0 -25.2
172.0 11.0 48.0 -25.2
172.2 12.0 57.0 -26.4
172.2 12.0 57.0 -26.4
172.6 15.0 77.0 -27.6
172.6 15.0 77.0 -27.6
172.9 9.0 45.0 -24.0
172.9 9.0 45.0 -24.0
172.9 13.0 71.0 -27.6
173.5 13.0 70.0 -27.6
173.5 13.0 70.0 -27.6
177.2 12.0 53.0 -26.4
177.2 12.0 53.0 -26.4
177.4 10.0 47.0 -25.2
177.8 16.0 82.0 -28.8
177.8 16.0 82.0 -28.8
177.9 13.0 67.0 -27.6
178.0 10.0 46.0 -25.2
178.2 11.0 55.0 -26.4
178.7 14.0 75.0 -28.8
178.8 11.0 54.0 -26.4
178.8 11.0 54.0 -26.4
182.5 13.0 58.0 -27.6
183.2 11.0 51.0 -26.4
183.2 11.0 51.0 -26.4
186.5 14.0 73.0 -28.8
186.5 14.0 73.0 -28.8
187.0 14.0 72.0 -28.8
187.0 14.0 72.0 -28.8
187.2 12.0 66.0 -27.6
187.2 12.0 66.0 -27.6
189.6 15.0 81.0 -30.0
189.6 15.0 81.0 -30.0
190.2 13.0 56.0 -27.6
190.2 13.0 56.0 -27.6
190.9 11.0 49.0 -26.4
190.9 11.0 49.0 -26.4
190.9 14.0 70.0 -28.8
191.4 14.0 69.0 -28.8
191.4 14.0 69.0 -28.8
191.6 12.0 63.0 -27.6
191.7 15.0 78.0 -30.0
191.8 12.0 57.0 -27.6
192.3 15.0 77.0 -30.0
192.4 13.0 71.0 -28.8
193.0 13.0 70.0 -28.8
193.0 13.0 70.0 -28.8
193.4 13.0 66.0 -28.8
193.4 13.0 66.0 -28.8
194.2 14.0 74.0 -30.0
194.2 14.0 74.0 -30.0
196.0 14.0 60.0 -28.8
196.0 14.0 60.0 -28.8
196.7 12.0 53.0 -27.6
196.7 12.0 53.0 -27.6
197.5 16.0 82.0 -31.2
197.5 16.0 82.0 -31.2
197.6 13.0 61.0 -28.8
198.6 14.0 71.0 -30.0
198.6 14.0 71.0 -30.0
199.2 14.0 70.0 -30.0
199.2 14.0 70.0 -30.0
199.4 15.0 79.0 -31.2
199.4 15.0 79.0 -31.2
200.0 15.0 78.0 -31.2
200.0 15.0 78.0 -31.2
201.6 17.0 95.0 -32.4
201.6 17.0 95.0 -32.4
203.7 14.0 67.0 -30.0
203.7 14.0 67.0 -30.0
204.4 15.0 75.0 -31.2
204.4 15.0 75.0 -31.2
205.2 16.0 83.0 -32.4
205.2 16.0 83.0 -32.4
206.2 13.0 60.0 -28.8
206.2 13.0 60.0 -28.8
207.4 18.0 99.0 -33.6
207.4 18.0 99.0 -33.6
211.4 14.0 65.0 -30.0
211.4 14.0 65.0 -30.0
212.0 14.0 64.0 -30.0
212.1 15.0 73.0 -31.2
212.3 12.0 62.0 -28.8
212.3 12.0 62.0 -28.8
212.7 15.0 72.0 -31.2
212.7 15.0 72.0 -31.2
212.9 16.0 81.0 -32.4
212.9 13.0 66.0 -30.0
213.7 14.0 74.0 -31.2
213.7 14.0 74.0 -31.2
215.1 18.0 97.0 -33.6
215.1 18.0 97.0 -33.6
215.7 18.0 96.0 -33.6
215.7 18.0 96.0 -33.6
216.5 11.0 61.0 -27.6
216.5 11.0 61.0 -27.6
216.7 15.0 70.0 -31.2
216.7 15.0 70.0 -31.2
217.2 15.0 69.0 -31.2
217.2 15.0 69.0 -31.2
217.4 13.0 63.0 -30.0
217.4 16.0 78.0 -32.4
217.4 13.0 63.0 -30.0
217.9 16.0 77.0 -32.4
218.0 18.0 94.0 -33.6
218.2 17.0 86.0 -33.6
218.2 17.0 86.0 -33.6
218.7 17.0 85.0 -33.6
218.7 14.0 70.0 -31.2
218.7 17.0 85.0 -33.6
218.9 15.0 79.0 -32.4
218.9 15.0 79.0 -32.4
219.5 15.0 78.0 -32.4
219.5 15.0 78.0 -32.4
220.4 19.0 102.0 -34.8
220.4 19.0 102.0 -34.8
220.9 19.0 101.0 -34.8
220.9 19.0 101.0 -34.8
222.5 16.0 74.0 -32.4
222.5 16.0 74.0 -32.4
223.2 17.0 82.0 -33.6
223.2 13.0 62.0 -30.0
223.9 15.0 75.0 -32.4
224.0 18.0 90.0 -34.8
224.0 18.0 90.0 -34.8
224.7 16.0 83.0 -33.6
224.7 16.0 83.0 -33.6
225.7 13.0 60.0 -30.0
225.7 13.0 60.0 -30.0
226.2 20.0 106.0 -36.0
226.2 20.0 106.0 -36.0
226.7 11.0 59.0 -27.6
226.7 11.0 59.0 -27.6
227.6 11.0 61.0 -28.8
227.6 11.0 61.0 -28.8
230.2 16.0 72.0 -32.4
230.2 16.0 72.0 -32.4
230.8 16.0 71.0 -32.4
230.9 14.0 65.0 -31.2
231.0 17.0 80.0 -33.6
231.5 17.0 79.0 -33.6
231.5 17.0 79.0 -33.6
231.7 18.0 88.0 -34.8
231.8 12.0 60.0 -28.8
231.8 12.0 60.0 -28.8
232.2 15.0 72.0 -32.4
232.3 18.0 87.0 -34.8
232.4 16.0 81.0 -33.6
233.0 16.0 80.0 -33.6
233.0 16.0 80.0 -33.6
233.4 12.0 65.0 -30.0
233.4 12.0 65.0 -30.0
233.9 20.0 104.0 -36.0
233.9 20.0 104.0 -36.0
234.5 20.0 103.0 -36.0
234.5 20.0 103.0 -36.0
236.0 17.0 76.0 -33.6
236.0 17.0 76.0 -33.6
236.2 15.0 70.0 -32.4
236.2 15.0 70.0 -32.4
236.7 15.0 69.0 -32.4
236.8 20.0 101.0 -36.0
236.9 16.0 78.0 -33.6
237.4 16.0 77.0 -33.6
237.5 19.0 92.0 -36.0
237.5 19.0 92.0 -36.0
237.7 17.0 86.0 -34.8
237.8 11.0 59.0 -28.8
237.8 11.0 59.0 -28.8
238.2 17.0 85.0 -34.8
238.2 17.0 85.0 -34.8
239.0 13.0 62.0 -31.2
239.0 13.0 62.0 -31.2
239.7 21.0 108.0 -37.2
239.7 21.0 108.0 -37.2
239.7 14.0 70.0 -32.4
240.5 15.0 78.0 -33.6
240.5 15.0 78.0 -33.6
242.0 16.0 74.0 -33.6
242.0 16.0 74.0 -33.6
242.3 12.0 61.0 -30.0
242.3 12.0 61.0 -30.0
242.7 17.0 82.0 -34.8
242.7 17.0 82.0 -34.8
242.9 12.0 60.0 -30.0
242.9 12.0 60.0 -30.0
243.5 18.0 90.0 -36.0
243.5 18.0 90.0 -36.0
244.2 14.0 67.0 -32.4
244.2 14.0 67.0 -32.4
244.8 14.0 66.0 -32.4
244.9 15.0 75.0 -33.6
245.5 15.0 74.0 -33.6
245.5 15.0 74.0 -33.6
245.7 20.0 106.0 -37.2
245.7 16.0 83.0 -34.8
246.3 16.0 82.0 -34.8
246.3 16.0 82.0 -34.8
249.7 16.0 72.0 -33.6
249.7 16.0 72.0 -33.6
250.0 15.0 71.0 -33.6
250.0 15.0 71.0 -33.6
250.4 17.0 80.0 -34.8
250.4 17.0 80.0 -34.8
250.7 16.0 79.0 -34.8
250.7 16.0 79.0 -34.8
251.2 18.0 88.0 -36.0
251.2 18.0 88.0 -36.0
251.5 17.0 87.0 -36.0
251.5 17.0 87.0 -36.0
251.6 20.0 98.0 -37.2
251.6 20.0 98.0 -37.2
252.5 14.0 64.0 -32.4
252.5 14.0 64.0 -32.4
253.4 12.0 61.0 -31.2
253.4 12.0 61.0 -31.2
253.7 19.0 103.0 -37.2
253.7 19.0 103.0 -37.2
253.8 22.0 114.0 -38.4
254.1 13.0 69.0 -32.4
254.1 13.0 69.0 -32.4
254.9 14.0 77.0 -33.6
254.9 14.0 77.0 -33.6
255.5 17.0 76.0 -34.8
255.5 17.0 76.0 -34.8
256.2 18.0 84.0 -36.0
256.2 18.0 84.0 -36.0
257.0 19.0 92.0 -37.2
257.0 19.0 92.0 -37.2
257.7 21.0 118.0 -38.4
257.7 21.0 118.0 -38.4
258.3 15.0 68.0 -33.6
258.4 16.0 77.0 -34.8
258.5 13.0 62.0 -32.4
258.5 13.0 62.0 -32.4
259.0 16.0 76.0 -34.8
259.0 16.0 76.0 -34.8
259.2 14.0 70.0 -33.6
259.2 17.0 85.0 -36.0
259.8 17.0 84.0 -36.0
259.8 17.0 84.0 -36.0
260.0 15.0 78.0 -34.8
260.0 15.0 78.0 -34.8
261.4 21.0 110.0 -38.4
261.4 21.0 110.0 -38.4
261.8 18.0 94.0 -37.2
261.8 18.0 94.0 -37.2
263.0 16.0 74.0 -34.8
263.0 16.0 74.0 -34.8
263.5 16.0 73.0 -34.8
263.5 16.0 73.0 -34.8
263.7 14.0 67.0 -33.6
263.7 14.0 67.0 -33.6
264.2 17.0 81.0 -36.0
264.3 14.0 66.0 -33.6
264.4 15.0 75.0 -34.8
264.5 18.0 90.0 -37.2
265.0 18.0 89.0 -37.2
265.0 15.0 74.0 -34.8
265.2 16.0 83.0 -36.0
265.2 16.0 83.0 -36.0
265.8 16.0 82.0 -36.0
265.8 16.0 82.0 -36.0
266.7 20.0 106.0 -38.4
266.7 20.0 106.0 -38.4
267.2 20.0 105.0 -38.4
267.2 20.0 105.0 -38.4
268.6 22.0 124.0 -39.6
268.6 22.0 124.0 -39.6
268.8 17.0 78.0 -36.0
268.8 17.0 78.0 -36.0
269.1 21.0 102.0 -38.4
269.5 15.0 71.0 -34.8
269.5 15.0 71.0 -34.8
270.2 16.0 79.0 -36.0
270.3 19.0 94.0 -38.4
271.0 17.0 87.0 -37.2
271.0 17.0 87.0 -37.2
271.2 22.0 120.0 -39.6
271.2 22.0 120.0 -39.6
272.0 14.0 64.0 -33.6
272.0 14.0 64.0 -33.6
272.5 21.0 110.0 -39.6
272.5 21.0 110.0 -39.6
276.5 17.0 76.0 -36.0
276.5 17.0 76.0 -36.0
277.1 17.0 75.0 -36.0
277.2 15.0 69.0 -34.8
277.3 18.0 84.0 -37.2
277.8 15.0 68.0 -34.8
277.8 15.0 68.0 -34.8
277.9 16.0 77.0 -36.0
278.0 19.0 92.0 -38.4
278.5 16.0 76.0 -36.0
278.6 19.0 91.0 -38.4
278.7 17.0 85.0 -37.2
279.3 17.0 84.0 -37.2
279.3 17.0 84.0 -37.2
280.2 21.0 108.0 -39.6
280.2 21.0 108.0 -39.6
280.6 20.0 101.0 -39.6
280.6 20.0 101.0 -39.6
281.3 18.0 94.0 -38.4
281.3 18.0 94.0 -38.4
282.1 23.0 126.0 -40.8
282.1 23.0 126.0 -40.8
282.3 18.0 80.0 -37.2
282.3 18.0 80.0 -37.2
282.5 16.0 74.0 -36.0
282.5 16.0 74.0 -36.0
283.0 16.0 73.0 -36.0
283.0 16.0 73.0 -36.0
283.2 17.0 82.0 -37.2
283.2 17.0 82.0 -37.2
283.7 17.0 81.0 -37.2
283.7 17.0 81.0 -37.2
283.8 20.0 96.0 -39.6
284.0 18.0 90.0 -38.4
284.0 18.0 90.0 -38.4
284.5 18.0 89.0 -38.4
284.5 18.0 89.0 -38.4
286.0 22.0 112.0 -40.8
286.0 22.0 112.0 -40.8
288.3 17.0 78.0 -37.2
288.3 17.0 78.0 -37.2
289.0 18.0 86.0 -38.4
289.0 18.0 86.0 -38.4
289.8 19.0 94.0 -39.6
289.8 19.0 94.0 -39.6
290.8 16.0 71.0 -36.0
290.8 16.0 71.0 -36.0
292.0 21.0 110.0 -40.8
292.0 21.0 110.0 -40.8
295.6 21.0 105.0 -40.8
295.6 21.0 105.0 -40.8
296.0 17.0 76.0 -37.2
296.0 17.0 76.0 -37.2
296.2 24.0 132.0 -42.0
296.2 24.0 132.0 -42.0
296.6 17.0 75.0 -37.2
296.6 17.0 75.0 -37.2
296.7 18.0 84.0 -38.4
297.3 18.0 83.0 -38.4
297.3 18.0 83.0 -38.4
297.5 19.0 92.0 -39.6
297.5 19.0 92.0 -39.6
297.9 21.0 102.0 -40.8
297.9 21.0 102.0 -40.8
298.1 19.0 91.0 -39.6
298.1 19.0 91.0 -39.6
299.6 24.0 130.0 -42.0
299.6 24.0 130.0 -42.0
300.1 20.0 101.0 -40.8
300.1 20.0 101.0 -40.8
301.3 21.0 100.0 -40.8
301.3 21.0 100.0 -40.8
301.8 18.0 80.0 -38.4
301.8 18.0 80.0 -38.4
302.5 19.0 88.0 -39.6
302.5 19.0 88.0 -39.6
303.3 20.0 96.0 -40.8
303.3 20.0 96.0 -40.8
303.5 23.0 116.0 -42.0
303.5 23.0 116.0 -42.0
305.5 22.0 112.0 -42.0
305.5 22.0 112.0 -42.0
309.7 22.0 111.0 -42.0
309.7 22.0 111.0 -42.0
311.6 22.0 107.0 -42.0
311.6 22.0 107.0 -42.0
312.8 25.0 142.0 -43.2
312.8 25.0 142.0 -43.2
312.8 20.0 95.0 -40.8
313.2 25.0 140.0 -43.2
313.2 25.0 140.0 -43.2
313.7 25.0 136.0 -43.2
313.7 25.0 136.0 -43.2
314.1 18.0 79.0 -38.4
314.1 18.0 79.0 -38.4
314.2 21.0 107.0 -42.0
314.2 21.0 107.0 -42.0
314.8 19.0 87.0 -39.6
314.8 19.0 87.0 -39.6
315.1 21.0 105.0 -42.0
315.7 24.0 132.0 -43.2
315.7 24.0 132.0 -43.2
315.9 19.0 86.0 -39.6
315.9 19.0 86.0 -39.6
316.6 20.0 94.0 -40.8
316.6 20.0 94.0 -40.8
316.7 24.0 128.0 -43.2
316.7 24.0 128.0 -43.2
317.1 24.0 126.0 -43.2
317.1 24.0 126.0 -43.2
317.4 21.0 102.0 -42.0
317.4 21.0 102.0 -42.0
317.6 24.0 122.0 -43.2
317.6 24.0 122.0 -43.2
319.3 19.0 84.0 -39.6
319.3 19.0 84.0 -39.6
319.6 23.0 118.0 -43.2
319.6 23.0 118.0 -43.2
320.0 20.0 92.0 -40.8
320.0 20.0 92.0 -40.8
320.8 21.0 100.0 -42.0
320.8 21.0 100.0 -42.0
323.0 23.0 116.0 -43.2
323.0 23.0 116.0 -43.2
325.7 23.0 113.0 -43.2
327.7 22.0 109.0 -43.2
327.7 22.0 109.0 -43.2
329.6 20.0 91.0 -40.8
329.6 20.0 91.0 -40.8
329.8 26.0 150.0 -44.4
329.8 26.0 150.0 -44.4
330.3 26.0 146.0 -44.4
330.3 21.0 99.0 -42.0
330.7 26.0 144.0 -44.4
330.7 26.0 144.0 -44.4
331.1 22.0 107.0 -43.2
331.1 22.0 107.0 -43.2
332.3 25.0 142.0 -44.4
332.3 25.0 142.0 -44.4
332.7 25.0 140.0 -44.4
332.7 25.0 140.0 -44.4
333.2 25.0 136.0 -44.4
333.2 25.0 136.0 -44.4
333.4 20.0 90.0 -40.8
333.4 20.0 90.0 -40.8
334.1 21.0 98.0 -42.0
334.1 21.0 98.0 -42.0
334.2 25.0 132.0 -44.4
334.6 25.0 130.0 -44.4
334.6 25.0 130.0 -44.4
334.9 22.0 106.0 -43.2
334.9 22.0 106.0 -43.2
336.2 24.0 128.0 -44.4
336.2 24.0 128.0 -44.4
336.6 24.0 126.0 -44.4
336.6 24.0 126.0 -44.4
337.1 24.0 122.0 -44.4
337.1 24.0 122.0 -44.4
345.2 23.0 113.0 -44.4
345.2 23.0 113.0 -44.4
347.3 27.0 154.0 -45.6
347.3 27.0 154.0 -45.6
349.3 26.0 150.0 -45.6
349.3 26.0 150.0 -45.6
349.8 26.0 146.0 -45.6
349.8 26.0 146.0 -45.6
350.2 26.0 144.0 -45.6
350.2 26.0 144.0 -45.6
351.2 26.0 140.0 -45.6
351.2 26.0 140.0 -45.6
353.2 25.0 136.0 -45.6
353.2 25.0 136.0 -45.6
353.7 25.0 132.0 -45.6
353.7 25.0 132.0 -45.6
354.1 25.0 130.0 -45.6
354.1 25.0 130.0 -45.6
362.2 24.0 121.0 -45.6
362.2 24.0 121.0 -45.6
366.8 27.0 154.0 -46.8
366.8 27.0 154.0 -46.8
370.7 26.0 140.0 -46.8
370.7 26.0 140.0 -46.8
