0011100000100000100010000000100111000011000
1000001000000000010011011001001000000001001
0010100011011000100000011001000010000100101
1001000110101010100000010000010010101100010
0101100000100000100010000000100111100100101
0000100000100000000110100000110110010100010
1010010000110010011010100000010010010101000
0100100011000000100000010001000011101000001
0010000111101010011001000100000001000001000
1001001000111001110010111000100001000000100
1000100001111010100010000000100111000011000
0101000011010010100000100001111001001000101
0000110110101010101100101001010110000000000
0011100010100000011010111001100100000011001
0111001000001000010000010010001000011010100
0110110101000010010010000000000000001011001
0000100010101010101100100011101100010010001
1110000100100001101110110101100000010000000
0010011101000010111000100011010000000110000
0110101000001100011000100101010010000100001
1001110000100011110001000000001001100000001
1000001000010000010010000011101100101001001
0010100000010010110100100000001001100010010
1011111000111100110010000000000001000001000
1000000110010001101110110101100001001110100
0010110000010001110110010010100000010010001
1000001110101010101101001000101000000001000
0100000000000010100100111001100101100001001
0010000111000001000010001101001010100100000
1000100100101010101101100000001000011010100
1000001000000000010011011001001001100010010
0111000110101011001010000010010010000111000
1100001100011110011001001101000001001100000
0011100100011110100100011100100001010010000
0111101010111000001011100001001000010100000
1100010100100000010100100110100100001010100
1000100100100101110110000000010011000000110
0011000001111000110011011001001001000100100
0000100110011000111010000011000001010111111
1000101100001011110000010100110110001100010
0001011100101000110010000110000100101101000
0101110100101011100010010100100110100000001
0010001110011100101101100001000010000100100
0101000011011100110000101001100110000001100
0110100110111100101000000100000111000000011
1101010100101100011000100101010000001101001
0010000111000001000011000011100010000010101
0110000000011100110100101001010110000001000
0000110010110001101100110001010111000001000
0000111101010010011010100010001000000001001
0011100010100110110011000000101000010010111
0110000110101011001010000100110011000011001
1100000110101100001000110011100001100100001
0011000000111100100000110100111100011010101
1000110110101011100110100001000101001000001
1001100000101010100100100001000011110000011
0111010100111000110011011001000100000000011
1000011100100011100110000101000000001001011
0110100000010010110100100000001000011011010
1000110100010111100010010010100101010010001
1110100000100000011000101000111010010010101
1011100110011000111010100011101100010010001
0011000001111000110011011001000100100010010
1100010010011100101010011101000001000101110
0010010101101010110001000000001001100000001
0110100011101111110000011001000010000100100
1100100011000011111000111010000100000001001
0111000010101010101100100011101100010010001
1011111110000010010010100110000000010100010
0000010101011010101000100101001110100100010
1000000110100010101000100111001001111110001
0000110010011100111011000000101010010000111
0000010101011010101000100101001110100000110
0001010100100000110101111000010101010110000
1000010101111100110000001000111010000001000
1011110000010001100000011110101000000001001
0100100011000011010010100101101000011001001
1001000110101010100000010000010111110001011
1110100001100000100110100010100000010010001
0100100011000011010010100100101010001110101
0111001000001000110101010000010110001000010
0110100010101110000110010000100100010101010
0110100010111011111100110001110000010100010
1110100010010000011010100011111001001000010
1000011110011110011000110001000110010100011
1011000111001010011000000000010111001101101
1100010010111100111000100101010110000001110
0100000000110101100010011001001010010101011
0000011101001011110110000101000011000000010
1101010100100000110101010000001001100001000
1110011001101000110010001000100010000010101
0010111110101000010000010010001000011010101
1010000000011100110011100100010111001000101
1000000110011100011001011001011010001001101
0110100001001011111100100001111000010100000
1011110000101000010100000111101100010010001
1110100000100000100010000010111011001101000
0000010101111010101011111000101000010010001
0110100101110010101000000011110010111000000
0010110000011001100011000100111000101010100
1000111110101111111010011000000010010100100
0010000110100011111110100001000001010111010
0010101010010110110001011001000100101101000
0100000101010101001100011100100010000100011
0111000001010000011100100001111000010101101
0101000101011000101000010011101100101001001
0011101110101000011011011000100010001100101
0101110101011001101010100001000001100001000
1100101110111110011001100001000001010001000
1011110000101000010100000100001110001110010
0010000111011110000000111000000000001011011
0111100101111010101010100001001001000101100
0001010010111100011001111000000010100110010
0110100100110100001011000101100000010101011
0000100011111101111000001001001110010100010
0011101100101100110000100000111101000001000
0001101100010110000101010000011110001010101
1110101000101010011001000100000001000011011
1000100100101111011000001001001110001011001
1100011010011011110000101001010010001000011
1100100010111010100100100100110000010111111
1110101010111011101010100000100000001110011
0111001100101010011001001001000100101101000
0000011110011000101100101001010110000001110
0000110110101010101100101001010110001101001
0110100101011000100010010110000011100100100
0110100100101110001000110011100001100100001
1100100000111001011000100000001010010101111
0010001100101011001010101100100110001101000
1110000100101000100000011111101000001000111
0010001001111000100000010100001110011001101
1010010000001010011000110010101100101101000
1011110010000001000010001101001010100110010
0110001100111110011000100001000100010101011
1001100000101011110001000000011010010111110
0000010110101100110111000000110001001100011
1011100000100000110101000000111010011011000
1000101100001110110000011110110000011001001
0110001110101010101000010000001010100111010
0100101100011110110010001000110100011110011
0101101000101000111101100000010010010100011
1010001000101110000110000101111110000001001
0101011100001011100010010010001010110000001
1110100010111010100100100100110000010111010
0101011001101000110010000110000100101101000
1010010110111100111000111111100001000000100
1110101010111011111000000011101100010010001
0100010010011101100000111100100010101100001
1001100110111000111001000010001001001111101
1100000101111011011000100000001010010101101
1011100110101101101110000000111000001100101
1010000100100100101111000010000001101100001
0101000101010101000110010000010101101100001
1000011100111101100100100001000001000011001
1000101010111011101010100000100011101100010
0111100010101110010000000111101000010101010
1110000100000011010011011001000100010101110
1110011110111100111000101001000100000001100
0110100001001111010010000000000110001111001
0101111110011110111000010000101000110100010
0010100100100100000010101000010101001111010
1010000011000000010011011011111000010100010
1000110110101101011010001100010100001101101
0000101100111100110010000110001000100101110
0010101110101010101100100011101100010010001
1000111010011100011001011001011010001010100
0001010010111100011001110100111100011010101
0101010010011011001001100100100011101100001
0100000000110101100011000101110110001011110
1001011100011100110001001001000010100110010
1010101100011111100110010011000001010100000
1110011100000110000100000011000000010101101
1000110100011100000010111110100101001100100
0110100000011011100011100000001100010011010
1011010000011000101100000100010111011001010
1000101010100110110010011011011000101001100
1011000010011010011111111001000001010011001
0010100011011000100000011000111110001100111
0000011001110010110011011001000100101100011
1010010010011100000110010010001000101001100
1110010101000011010010001100100011000110001
0110100101110010101000000011110100101101100
1100101010010100110000110101110001001111101
1000011100100011000110001000010101101000010
1000101100000010000110110100001110011001101
0001011101000010111110111001010010000100011
1000111110101000110110010100111100011010100
0110101000000000110101010000011010010010011
1101101110111011011000100011100101001100100
0110111100111011000100000010000000011010001
1110011110111110100010010101110001000010010
0110001100111110011000100001000100101101101
0110100001000110100010010010111100001110010
0010001100110000101110100000101000101101010
1100000110000001100000100010110010111101001
0101001100101010011100001000011100011011010
1001011100010101001110000001010111000001101
1010000111000001000010001100100100111110010
1001011100001011011010001100010111001000011
0100100011101001010010111010100100001100010
1011100101001001001110001110100001010000000
1011010010011100000110010010001000101001100
1000011100100011010010000110001011010111000
1110011110100000111001001011001000000001100
0000011101101011100110100001000101001000010
0001000111000001011010100011000100101001111
1001100111111110110000000000010111110100010
1100010000100111000100100111100000000111010
1100000001111001110010100010011010010001001
1000110110101011110010111010010100010001001
0101011100001011110010010100010101101001001
1100010001111100110100101001010110000001000
0101100101111100011000111000001010010101000
1011111100011100111110010101110001000000101
1000011000010100011001011100110100011010111
0011010101010111100010010010001010110000000
0110000000111100111010111000100111000110011
1101110001010110110010110100100101000001010
0011101110101011101110000000010100011010111
1110100000111100110100100101000001010111001
1000101010111011100110111000110100011010101
0110001100101010011110111000110101001100100
0000010101000010000110111000110101011001001
0011101100101100011000100011101100010100010
1000011100111101100100100000111001001000100
1011100110111011111000001000010101001111010
1010001100111100111000100100100011100001001
1000101100001110110000011110100001010101010
0111100010111100110010110100001110101100100
0110100010111100111000101000101000010101011
0101111100001011011010001100010111001000010
1101100001100011111001011100110100010101001
1000110100011011100000001010100110001111010
0000010010010110000101010110001010010111010
1100011110101011001010000100101000010111110
1000110100100000101010110011101010100111001
0101111100100110001000011011001001000011001
1101100011001100011101000100011100010011000
1100010001110011011000011000111100011110010
1111101000111100100000100011000110001101000
0110011101000010110000101001100110000001101
0011111111110010110100000001000001000101110
0101111000011011001111110001011100010100000
0110111100110010011010100000010010101110010
0100111110100010101110100010001001000011001
1001111011011011101111000001000001010001000
0001010101101000101100110011100001010001101
1101100011001011110000101001010010001001110
0101101001001011101110010000101110010010101
0100111110100000101101100010100000010111000
1000100000100001011000111110001110011101001
1010100000011101101110100011000110001101000
1100000110101100001111100110001000001100010
0101000011001111000110100111000100010101001
0001011110010100101010100000101100110111010
0110000000111100111000111101001010101101000
0110100100101110000110010000100011001101101
0000110110101010101100101000100011100001010
0111100110011101011110010010001000011010100
1000000110010001101110110010111011001010010
1111110111011011010010000000011100010101000
1000110100101100111000101101010011100010010
1111001110111110011001000100011100010001001
1000101100001011110000010100110110101110111
1100000110101010001001101111010010001010111
0111100110000101011110010010100101001110100
1011110000101011010010010100001110011001101
1000010110111100111000111100010010111010101
0101110000101101011010001100010111001000011
0111010100110100101010100001110111100100101
1110000100101100010110010100001000100101110
1011111100100000100110110000110010000100111
0011101100100001101110101001100110000001101
1000110100011011100000001010101000111110010
1110101000000001000011000011101001011100100
1110001010111011110010111110100101000110000
0100100011101001110011100100010111001000101
1101110010111110001011000000111010011011000
1110010010011100000110010010001000101001100
1110000110111010101110100011101000000101110
1011011010110000011000110010101100101101000
0000101100111100100110001000010101101001101
1111000110111000111000111101010011100010010
0100110010110111111001000001010111100001001
0110001000100011000110001000010101101001101
0111001100101110010101000010100110000100101
0010100001001100110010011001100010101011101
1100101110111110111000101000111010010010101
0010000111000001000011000011111000011000111
0100000110111100111010111101111100011110010
0010001101111011111000001100101110010010101
0111011101000011010101100000100000000100010
1010010000011001100000100111001010100010111
0011001100100000100100010001110011101011010
1000011110110101101010111100000001010111100
1100010101001100010110010101000000100011110
0011101100100001101100000000110101101001101
0101111001101000010011000100101001001100010
1100011100111100100110101001110010010100001
1011001000001000110101010000010011101100110
1110100000111100111000101000111010010010011
1100000001111001001001110001110010101100010
0111100011101100110000100110001000001101001
0000110110111100001111100000101111000000101
1001010000101000110111011101111011100000100
1000000110010001101110110010101001101010110
0000110010101000010011101100101000101101010
1110110101011000100010010110000011100100100
1000011101111100011100000000111010010001100
1010010000111100111010110000001010010101111
1111111000101000110001110000110110010100100
0010100011011000100001110111000011101000001
1000101010111100111001001000001110001111101
1011101100010000000101101001011100010001001
0111100110000101000100000100011100010001111
1111101000111001110000101000100100101100010
0110111100111110011000000000010111001101100
1111111001111000100000011000110101000010010
0011100010011000001001101101001011000111110
1100010010111110001011000010100001010111110
0101110100101011100010010101010011101011001
1010011001011001011000100011100001010001100
0010111110101000110101010000010110000100111
1001000001011000000010011100101110111011010
0100111100000010100100111000111000101001100
1110101010110000100000101000111010101001100
1110100110000011001100011101010011100010010
0110100110101011111000000001010111001111110
0110100100101111000010001000110101011100110
1010111100100110001000011011001001000011001
1000100001111111001010101000010101001101010
1000111111110010110001011100110110000001001
1001100110100100111001101100100111001011100
0011101110100010100010011000101101111011000
0101010010011011110001101110100101010100010
1100100100111100100000111011000001010111010
1000110100011100010010010011011111101100100
0010011100110001000001011000010101100010011
0110010110101101101110000000010011101000001
0110101101111011111100100001111000010100000
1110100001000111100110010011100001001110100
1111000101001011110110000000010011001101001
1100001001111001010110000011110101001010101
0101000101000011010110000001110111011110011
1100010000001011101101111010110111000000000
0100010010011101110000011110100001010101011
0100100100111010101100001010010101010111111
1101101001011011100101011000100100010101000
1100101110111110011001000100100101011011001
0010001101010001101100000001001010110010111
0110001100111000100010010111001111001110010
1000111101011010111001001000101010001110101
0010100000111011110111101000100100101100010
1110110000110000110000011101011111101100100
0010000111000001100000100010110010111101001
0011110111110010100110111000110101001100100
1001111100100000111001001110100110001101001
0000010011110110110010011011011011010011100
0000011001110110110101010000001001110110001
0110100101101000101100110011100001010001100
1110110000011100010010110010101001011100100
1110100101111100110010110100110101010100001
0000010010111100110110010000000101111011111
1010000000110000110000011101011111101011110
1110011110111100101101001000101000000001000
1011000110111100001001101101001100110101000
1100000011100110001001000010100011101100011
1100001110101010111000101000111010010111110
0111101010111001101010110100100101001101101
0010100100100101101110100001010111100001001
0000010101101000110010111000111101011001001
1100010001011000010000100011000011001011111
0100110000101011110001010000001110101100111
0011101100100001110001111010110000010001001
1111000101001010010000100011000101111010101
1000100001111010011000101000111011001011110
1110100101111100110010110100110100010110010
1000011101100100010100010011101100010001001
1000010011111101100110010010001001010001100
1110101000111001010010000000100101111011001
1010011010001010000101011001001110010111000
0110100000000110000100101111110111000000011
1110101110101000100010101111100001000000111
1000011101100100010110110000100100101100010
1010000101010000000101111100100110001101100
0101111100001011110001011100100010101100001
0110000100101110101000001101010011101001011
1111100000100110010100100001110010111001001
1110101010111000001001100010011010010001001
1000011100100011101000100111001001111110001
1011111110101010101100100011101100010010001
1011100111001100111110100100011100010011000
1010111010011101100010010000101010001110011
1010110101111100011001000100011100010001001
0111100100111110001010111000101010010100111
0001011000100100001011000110001111001101101
1001010000101000110111010010001001111101000
1110010100011110110000011110100001011001001
1101111100001011111011011000100010000011101
1000101010111000001001101101001011000111110
0100001011000010001111111100110011000110010
0011110110110110101001101011000111000000010
1011101010111000001011100101111100011110010
1001111000110001101101000000010111001101101
1100011001000011010011000100111100001010111
1001100100011010110100111110001011010001101
1101101100001011110000010100110110001111111
1001011100010101001110000001010111000111011
0011100000101111000111001011100001010100010
0011111100111000001011100000100111000110011
0100110100001011111011011000111100011110010
1011100101001001001110001110100001011100100
0001010100100111100001001001010010111011010
0110000110111110001001101000010111001100011
1100011101011100001101100000001000011010100
1110001000110001101110110100110101010111100
1110011110111100111000101000111010010100100
0011001011000011001100011011001010100110101
1100000001100000100110101111111000101001100
0010001001101001011000011110100101000111010
1011101100101011110001010101110001011001001
0011100100011110110000001000001101101011111
1001001011111001101000111101001010000111110
1000011101111100011101001011000100000001001
0011111100001011111110011010100100001100010
0101010010011100000110110010101000101011101
1100111000110100101110001000111010011011000
0110011101000010111000100011000010010101011
0001011010011011010100010010111100111110101
1110101010111100000010111110100101001100100
0000010110101100100011111000101000011111010
1000110111011011101110010010101001011100100
1011101100010000000101101001100101011011000
1011111000111100111001011000000110010010011
0110110010110111111001000011001001000100111
0100010010011100010000111100111011100001010
0011011101111000001110001100011001011010100
0010011010111011100010100001111011011010010
1000101100101100011101010100101011011010100
0010001100010010100011101011101100101110010
1110101000111001010000101100000001010111110
0010100001001000111100101011101100001011101
0100101101100010101000100111001001111110001
0010110000100100111001101100100111001011100
0000010010110111010111100011010000001101111
1100001100011101011000000100101001111101101
1110100001110010101000111001101000010111111
0010001001101001011000011110100101001111001
0010111110000100011001000100011111001000011
1100011110111010111000001010000110101011010
1100101010010100111110110000001101010001111
1110011001101000110010000110000010001111010
1110010100111010101100110011101100010101001
0010100110111001011100100100110111001100111
0000011111001000110111010010100101001110101
0011101100100001100100100001010110101011101
1111011101010100111110100000010010010100101
1010010100111111101110001000011100010011101
0111011001111010011001001001000010000101111
1000000101001111000110001100010010101001110
1111101000110001101100111100000001010111001
1001001000111001110010110110001111001101101
1001010101111111111000001000001010010101011
0010111100001011110111010000100111000011000
1011111110101111100001001000000011010100100
0111100110001100110100111110000000001011010
0100000110010100101010101010011111101101100
0000010101101000111000011100111011100001011
0111001010001110101100001010000110101010011
0100111100000010100100111000101111011010001
0101011001110011101110100000100011111100000
1010000110111011100010000011101101101011010
0111001010001101100101101001000010001001001
0011101100100001101101000000011111000100111
1100100000111001010100111011010101011001001
0110100000011011100011100010101111010110001
1111101000101010011001000010011010000101111
1101100011001110100011101111001010000100010
0101110101111100110001001000111010010010101
1110111100101110000110010010001001010100100
1110011110111110100010010110001010100110001
0110100110101101101101011100100010001100101
0101011100011011100011100010101110101000000
0010101000011100100010100001111011011011010
0101101001011011100101011000001110010010101
0001100100101100111110111001011010001001111
0010101000110001101100111100010101001111010
0110001100100011010000100000101011001101111
1010110101111010101011111000001100010010010
1011110010011100001110001001111011000100111
1010101110000100010000111100111001100001101
1111110010110011101110101000110010101100001
1010000101010010100110111010110000001101111
1111111000001110100010010100100111100101100
0011101001101100110000111110100010010100010
1110000100000011010011011001000101111101101
0101011100001000101100110011100011011101100
1010010000110010011010100100001111110111011
1010110101110010101000000011110011001011110
1110000110101100001111100001110011011110000
1100000110000101111111010000001101010001111
0101110101111100110000100000101000101101010
0111010110111011000101011011101000010010001
0101000011011100111000100011000011110101011
0010011110111111101110110101100000010101101
1000101100001111000110001100010010101001110
1011111001010010101101101001000010001001001
1011100110111110001001101100100010001111010
1101011011101000111111000100111000101010100
1010010000101001101110001100001110011001110
1100111001001100100001101001010110000111000
0010000011000000010110101011111110001111001
0011111000101000111101100000010010010001111
0101111100001100011110101000111010010010101
1000110101001010101111010000001111100101000
0110111110000100110111000000110001001100011
0110100011011011101111011010010010000000011
0011110000111101010100010010111110010010101
1101010100100000110101010000011010011101111
1110111110110110011110001000001010010110101
1100010010101110010101000010100110011011101
0110100111110100011000011100111011100001000
1100000001101011101110001001101101110010110
0011011111111100001101100000001000011010100
0110010101101000101100110011100001010001101
0110001010101111100001001000000011010011110
1001100111110100101101010000001010010101111
1010101000101011110001010011101010000101011
0111111001111001010010100000101010001100010
0101000101001111101010011100011001011011010
1010000100101100110000011110101001101100111
0010101000011100101101011010110100011110010
1101101001011011100101011000100100101100101
0100010010011100010000111100111011100111101
1001010101101011110100111101101100010001001
1100101010111000000010011110101111001101101
1110001101010010111001101111001010000100010
1100000111101001010011000010110010100111101
0010111100001011111100110000100110101100010
1111110000110101000110000010101111000001000
1010110110000001010111011001001000001101110
1010010010111100111010100011111110001111001
1000110101001100011110100010000000010111111
0011101100100000011101000010001000111101010
1111101101111010101011111000101000010010001
1010101101100000111001100001010111100001001
0011110001001001101110100011001001000100111
1110000100101110101110011100111011100001000
0110100110101101101010101000010101001111010
0111100010011101010011000111001100010111010
1111001100011100101100010111101010001111000
1111010001110010101000111001101000010111111
0110110100101011101110100000101001110110001
0011111000101100110001001001000010101001110
0010001101010101000110000010001011010111000
0010111101011000101101011100100010010000110
1110101000111010101011111000001100010111010
0110100110111011110111011001010010010110011
0010010100100111100110101000111010011010010
1100011000010011011000111110001110011101001
1110010101000011010101110101100001001110100
0011110101001111010000100100100011100001001
1001011011101000111100101000101011001001001
1010110101000010000110110100001110011001101
1101000001011110110010011011011000101001111
1110100110100001010111011001001000001101110
1100011001011010111111010010100101001110101
1011111100001100001000110011100011001101100
1010111101110000000101110100000000011100011
0000010110000101000000011110101011101101101
0101111100001011100011100010101111000000101
0110100110111110001001001000101011000111110
0110001101000011011110011110110000000111010
1101010100100001100011110000001110101100111
0011000101110000111100101011101100001011110
0110010110101101111011011000101001011100100
0010101100101011110001010101111110001010111
1100011110111010111001100010101011011100100
0010111100001011111100110000100111000011010
0011101110101000011001011010101001011101100
0111010110111000110110111101001010100110010
0111010100111000100101010101101010111000010
1001111011011100111001011000110001001101101
1110101100101100000110111000101001000101100
0010001110110001100110110111101000001011011
0010110111110100011010101000010101001111010
1111101100010110000101101000001100011010101
1110101100101100101111000010000001101100001
0111001001011001011000100011100011011101100
0100111101010001111101010011100101001100100
0100110100100011100111111001000001010111010
0011111110110110011110001000001010001111010
1110110111001000011001000010101010001111000
0011101100100001101111011001001000011011010
0111100010011001101110001100110101010111111
0011111001001100100001101001001010010001100
1010010100111111110111000000110001010101010
1101000110101000101100101111110101101100011
0110010100010111100011100000111110011100010
1010110101111100111000100010000000010111111
1000011101111100011101110101100001001110001
0111011101001100010110010101000000100011110
0010000100110100000001110101110010111011111
0011101110101011101110010011101100101001001
1111011101010100110100000000011111001000101
1010000101010010110101010101101010111000111
0001011010011011010100101110101010100111100
1100011001101100000110000100011011111100000
1011101010101010101110100011101000101011010
1101101011011001110110111111100010000010101
0001011011111100101100010111101100010111101
1011111110101010101100100011100001010101010
0011111100001011110100111110101000001001000
0010111011011100111110100100011100010011001
0110100100101111000101100011000000001111010
0101010010011100000110110010101001110101010
1100000101111011011000101101111101101100010
0010010101011011100101011001000001011100111
1110010100111000000001000010110011101101101
0111100010111011110111101000100110011010010
1011000111000011010000100000011111011001111
1101011100100011100101010100010111000111010
0011100000110000111111111100010010101001111
0010000110110101101100100110100111101110101
0111100011111001101110000011101100010001011
0011100100011110110000011110111111100010110
0011111001111001010010100000100101111010101
1001100111111110110001101100110110010100111
0000111110000101000000011111111011010011100
0001011101101001010011000010110010101111000
1101110110110110011000011100110010111101110
0101101001001011101110010000101011001011110
0010100100100100000110111000110101101111010
0111100010111100111000101000101011010101111
1100010001010110111101111011100001010100010
0101111100001100011101010101011100010001011
1101111001111100101000111101111011001000000
1100100000100001011000111110001110011101111
1011111001011001001000111110100010010100010
0100101100011110110101100010001000100101110
0010001011000010001111111100111010011011000
0111101101011010101101100000000111000111001
0000011110111100111000111101111100110101010
1111001110111100111000111101111100010001010
0100010001010001110110111010010011100111000
0110100100111010101101111100100010101011001
0111011101000011010101110101000001010101000
0010000100110100001111100111010011001011110
1100010000100111000100001010101000111110111
1100011001011010110010111011111000011000111
1110100010111100111000111101001111001101101
1111001000111100110110010000000111011001111
0110111100111011000100000011111001000100111
1011111110101010101100101100000001010111110
0000101011011011111011110110110010101100010
1000111100100110001000011011001001011011111
1110000110101111101101000000010111010101010
1110000100101100110000011110101110001101011
0110100110111101101010100001010111001111110
1011101001011010000100111111110000011001101
1001011110111100010001111001101000010111110
0010111110101110010000011110101110001110010
0110100011011011101111011010010010010110010
1110100000111100000100011110110011000001111
1110011101011110100011011100100011000110001
1011111000100110110010011011011011010011100
1100101110111110011001101000111010010010111
0101111110101100101100000001111110100001110
1010000011101011100110111011110111000011000
0010100011101100111000100011000011110101011
0011100111011011111011101100101010010001101
1110011100000110000100101111110111010100000
0011101110101010011101000101010011111001101
0101110000101000110111011111001100010011011
0101110100100001000001110111101110101100101
1110001001101000110010000110001010101011011
1111111000011110111111010011100101001100100
1010110101111100111000101000111000101101100
1110000100101100011011001001001010111101010
0011001011000011001100011101010011100101111
1010111110011100111011000000101010011001110
0101000101001111110101100100011101001101100
1111111100001100001000110011100011001101100
1111000110110101110100110111011110010010101
1011111000110100110111000000110011110101000
1110010110101100100000111011000001010111011
0001011101101011100111000101100011001101101
0011011111111110001001100100101010001111000
1001111011011100111001011000110001010101011
1011111101111100110001001001000000001011011
1011100110100110111111100111000010001111010
1001100111110100101101010010001001111101000
0010110101111101110010111101111101000100001
0110001101111101101010101000011110001100010
0101111100001100011101010101011100010001111
1110100110011011010100010010111100111110010
0110001101111110001001100000010111001101101
0111100110000101011110010011101110101100010
1110010100011110110111100011010000001101110
1101100001100011010111010010011010000101111
1110010110101100001110001001001010111101001
1010011100111011100000011111111011011110000
0010100111110000110100111110001011010001101
0110100110101101101101011100100010110100010
1010001101010101100111111001000001010110101
1111101100001100101101101000100100101100010
0010111111010001011010011010101000100001110
1111101100011000101101011000101111100000101
1110000100001011101110110011101110010110111
1110101000101110101110110000001101010001111
1100100011101011100110001001101101110110011
0101010101011010110001111001111001001111010
0000010000001011100000111110101111110111010
1010110101011000100010111100101111101100100
0010001100110001100011100011011011010011110
0011111110101001010000111010011110010001001
1011110111110100011000011100111011100010010
1010110101011011110100100011001100001010111
0111111001111001010010100000011000100001111
0110101101111101101010101000010110001101001
0110001100101010011100110010101011100111001
1111000110110101110100110111011100001110011
0111100011000001101100011010001000111101010
1000001010111100101101110111101110101100101
0100111100110011111101011100100010101011001
1110110110111011101111111001000001010110101
1010000100101010001001101111010010111001111
0110001101001111111010100001111011000100111
1000011100111100100000111110110111001100111
0011101100100001100101100000101100110111010
0011111100001111000111000011101100010001001
1110100000110100110111000000110011110101011
1001001110101011100010001100011111101101111
0111010000111100100000111110110111001100111
0111111100001010110110111010010111001100001
0011111000101110110001001100010111001011110
1010010100111111101110001010100001010111110
0111110001101011110101011100110010001000110
1110100110110000101101100010100010011111011
1100011110111010111001100010101010100111010
1011100110100110111111001100010010101001111
1110001010111011101110111001110101101001001
1100010000001011101101111010110101011100110
1110100100000100001111110101110011101011000
1110110111001000110111111001110110000000010
0110110101000011010110000001110111011110011
0000011001110111100000010010011110101011011
0110111110111100010001101010011010000010010
1011111010111011111001000110110110001001110
0111111001000100110110110011100011001000101
1100011010111111111001001010101001000101110
1010110111000110100101100010100010100110010
0011101100101100011000100111001001101011011
0011110001001000111100100110001010001111111
0111101011101100000110010010001011010011100
1111110111011000000110010010001010001111010
1000010111001000110111111001110011001011101
1010101101100010100111111001000001010111010
1110110111110100011010101000010101001111010
1010111101101011001010000010010010101001110
1010011101011100001101000000010111001101101
0101111110101101011010011010101000100001011
1011011011011001110101000001110110101100010
1111111110101010101100100001010110101011101
1110011010111011101110111001110101101100001
0110001101111110011001001000011110001111101
0111011110111100100101011010110011000000010
0010011010011101101110100100111010010111110
1010001101111101100110010010001011010011000
1111110010110011101110101001111100010001111
1000011100100111110110111011110010001101101
1001011011110111010000011110101110001010111
1001111100100001110100100011110011001011110
0011110000011011100111011000111101001111010
0101101101100110110010011011011000101001111
0101111100101111111110011110110110000111000
1001001011111001101100100101011111001011011
0000111101100011011110011110100001011011101
1111111000101000100010010111001111001101110
1100011100111011100000011111111011001101101
0110110010101110011110110010010110010101111
0110100011011111110110000010101001100001110
0011010101101101100000011111101000011011010
1111111100111110010101000010100110000100111
1110010010011101010011000110101101110001001
0110011001001101101110100011000110001101001
1100100010111001110111100011010010101001111
0110001000111100100000111111010011101011010
1110100110011111101001101110101000010101010
1100010101111011010100111011010101011011000
1011111110000111001100000111001010101101001
0011011101111000001110001101001011100001110
1010001101111100000100111111110000011001101
1111101100010111101010110011101010100111001
1100011010101011110100111101101011100111000
0110110010101110010010111011101100101010111
1111111001000100110110110011100011001000101
1011100000001001111110100100001111110111011
1011111110000011001100010110101011110100010
0110011101001100110010010010111011001101001
1111111000101000110001110010100001111110101
0011111110110110011110011110101110001110010
1010101100100111000100100111111100010111010
1110011101001100011001000000010111001111010
0110111100101110000110010010001001010111110
0101111100001111000011000010110011001011110
0110101001010101001001001001010010111011010
0101000011010010100011101010100011111011111
0010011101001001111010100001111011011011101
1011111110101010101110010010111100111110010
0100010010011101101110110010111011001111010
0110001101100001010110010000011010101101111
0110110001111101100000000010101111001101101
0011101100100001101101110111101110010101001
0111101101011010101101110110100101001110101
1100101110111110011001101000111011101100010
0101101110101101011011110000001110101100111
0111111100001001111010100101010011101001011
1110100000111100000101011011001100010111111
0010110101101000110001001000011110101001111
1010110101011001101110001101010011101011001
0111100110011101011111100010010011001101001
0010111111110010111110010110001010100111010
0011101100100001110110000010101011101111010
1000111110101000101110110001110011101111011
1000110111011011100100111110101000001011011
1010011101011110110001101110100101010100010
1110011100000110000100101111110101100010011
1101100001100011010111101110001100010111010
1000101000101011101101100011101111110001001
0000110101010110000101111000101101111011000
1110110110111100111000111101001111001101101
1111000110110101110100110111000001111110011
1011111000110100110111000000011010100111111
1101111101101010111101001110011100010001001
0110111110111100010001111010000001010101010
1000111100101110101000101011110101111101101
0011001011011001011110110111001001111110101
1011011110111100111101011010110100011110010
1000111001101000010100000011111011101101010
0010111011011100111110110100010110010101111
1110101010101000001001101100001111100001111
1100011010111111111001001110110011000001111
0000010101101000000101010011011101110011111
0111111001111001010010100001110011101011001
1110101110101000011001011111001001111110101
1010110101011100101101011010110100011110010
0011111110110001100110110111011110111010000
1010111111110010110001011100110110011011010
1011110010011100001100111100111011100001110
0010011010111101101110110011110001001111110
1111000110110101110100110110101101110001001
0110001101001111000101001000001010011010111
1010010100010111010101110111001111000001010
1110011010111111111001001010101000011011101
0011010101010111111101101100100011000110111
1111101011101100000110010010001011010011101
1010011001101000101000100010101011101111010
0010110101111101100000110111011110111010000
0010010100100111100001110010101111010011110
1101101110111011000100000011111011101101010
1010011011001010110110111000011001101001110
1110100110110101110001101010011010000101111
1010100001010110000101101011101110010110111
0101111100001011111001011111001001111110101
1111000101111100011101110101100001010111110
1111000111011100010110000111001001111101101
0111111001101000000011110000001110101100111
1011110111110100011101011100100010101011001
1010010000101111000111001011111000100001111
1110011001101010101110100011101000101011010
1000110110101101111111111100100010001101011
1011111001101111100001001000000011010011110
1110101011011001110101000001110011101100110
1111100001011011001110101100011111100010110
0010111110101000010000111000101011101101111
0001011110100110011111100110000011101111010
0110001110110101101010111100101101111011001
0101111100100111010011101100110101011110011
1110000110111100000100111011001011011101010
1111111000101100100110010011111111010000110
0001011011111100101100010111101111101110010
0011111001001100100001101001010110101001110
0010111110101110101000101011110101101011010
1101111000101101100110001001101101110110011
1010110101111100111000111101001111001101101
1000011101100100010100010010111010110111110
0110100101011001101110001011101010111110010
0110100101111111110000011010110111110100010
0101011101101011100110011001001111101110101
1011111101111100110100111011000111000000010
0110100101111111110001011011001100010111010
1010111101111100101110001001101101110010101
1111111010001010111110111010111000101011001
1110100111110100010001001000011110101001111
1111101100010110000101110101110011101011001
0111111110101010101110001010101000111110111
1011111111111101101010101000010101001101010
1111101110101101011011100000011010010111110
1100011101011100001101100000010111110001101
0110001101111100011101011011100001011101001
1110110111001000110110110010010110010101111
0011111111111011100011100010010010101110010
1100010001010110111101111011110101101001001
0001011101101011100110011001001011110101011
0011111100001011110100111110011110111010000
0101111001111101101110100011001000111110101
0111011110101000110110000010111010101011111
1110110000001011111011111110001110011101001
1111110111011000000110010010001011010011111
0110011101001100110010011001101100111111010
0010001101111100101001101011111111010000110
1110000111001101100000011111111000101001111
1100010000001011101101111010110101101111010
0110110010011100001100111100111011100001111
0110100011101111110001110111000111001101101
0010111110101101111111111100100100001010111
0110111111111001001001110001110010101100011
1001111011011011110100111110001011010001101
0100010001010001110100111010110011101111110
0110011001001101001110111001010111100000011
1111101011101011001100010010111011000001111
1011111001000111110101100100011101001101100
1100011010111111111001001010110111110100011
0110110101000010000100110010101011100111011
1011110010011100001110101011110101101011011
1111101100010110000101111000101101111010101
0111110000111100111000111101111100111101111
0000011100111001111110111000101011101101111
1101111000101100100110010011111111101011001
1110010100011110110000011110101110111001111
0000110101001100101100111000101011101101111
0111000110111100110111111001110111101011001
0110111100111110011100110010101011100011001
1111010100110100011001011011011111100111101
0111111100001001000101001000101111110001001
1010110101011001101001110111101110101100010
0011010101101101110001101011100000011011111
1010111101100100101111101001000010110111100
0111101011010111101010110011101010100111011
0000111101011100000100111011001011011100111
1001100111110100101101101111101010100111010
0100110100011100010101101110101001101001110
1011110010000101111111010010111011001111010
1010101100100111000111100011010010101001111
0011111111111100011101010100111101010110011
0110110010111111101111101001101101101100010
0100111101011000110100101110010111100111010
1101111001111100101111100010001001001111101
0101111100101111111110011110101010010001111
1110011100000110000100101111110111101100011
0110000110011111011110110111101101111110011
1111101100010110000101110010100011101111101
0001011101101011110000111010110011101111110
0011101100100001100101101010011111001101110
0011111110101001010000111010011110011011111
1110101111111101110001101000010111001100011
0011111101011011101110011011001100110111010
1010111101100100101111101001000010110111101
1111000110110101110100110111001011101111010
0010111111110100100000111110110101010111111
0110111111111001110010101100001110100001111
0111011011011001010100100111001001111101101
0110100110101101101110110011110011101101011
0010011001101111110100110111011011001011101
0111111101001011010010100011111111001111001
1110111001100011011100100101011111100111101
1111111000011110111111011111001111000001010
0111011101011111101100100010101000110101110
1110010101001101011110110111101101010111001
1111000110110101111110110111101101111110011
1100010111100011100111111001111011101101001
1110111101010001111101110000100111100011101
1010011100100001100101101010011111101101100
1110000100101111000111000010111010111101111
1010010101101011110111100100100011110111011
0111101011010110000101110010100011101101011
0110011110101111101101001011111111010000110
1010011010001101100101110101110010111011111
1111001011100110010110101011111110001111011
1110111101010001111101100001010101101111010
0010001110110001100110111110101111110111011
0110100101111101111111110010111011001010010
1111111101101100111001110111100001010111010
1110100101111100001001101110111111001101101
1110000111001111111111100010110111110001001
0110011110101111101110001111101010101101110
1101111001001111110100111100010111101101101
0101111101011111101100100010101000111101111
0011010101101101100000011110101111110111011
1110100101111100001001101110110101101011111
0111111110101010101101101010011111101101100
0111011001111101101110111110110111001010110
1110011001101100111110100100001111110111011
1110101111010111110110111010101011000111110
0111111001101001011111011111111100010001111
1110010101001101010100110111011010101011111
0101011101111101111111110010101110001101011
0101111001111101011110110111101101111110011
1111110001001111110111111001110111101011001
