1011100010100111000101011101010000000111001
1011100010100111000101011101010000000111001
1011100010100111000101011101010000000111101
1011100010100111000101011101010000000111101
1111100010100111000101011001010000000111001
1111100010100111000101011001010000000111001
1111100010100111000101011101010000000111001
1111100010100111000101011001010000000111101
1111100010100111000101011001010000000111101
1111100010100111000101011101010000000111101
1111100010100111000101011101010000000111101
1011101010101111000101011001010000000111101
1011101010111111000101011101010000000111001
1011101010111111000101011101010000000111001
1111100010100111000101011001011000000111101
1111100010100111000101011001110010000111001
1111100010100111000101011001110010000111001
1011101010101111000101011101010000000111101
1011101010111111000101011101010000000111101
1011101010111111000101011101010000000111101
1111100010100111000101011101011000000111101
1111101010111111000101011101010000000111001
1011101010111111001101111101010000000111001
1011101010111111001101111101010000000111001
1111100010100111000101011001111010000111001
1111100010100111000101011001111010000111001
1011101010111111001101111101010000000111101
1011101010111111001101111101010000000111101
1111100010100111000101011101111010000111001
1111100010100111000101011001111010000111101
1011101010101111001101111001110010000111001
1111100010100111001101111101110010000111101
1011101010111111001101111101010000001111101
1011101010111111001101111101010000001111101
1011101010101111001101111001110010000111101
1111101010111111000101011101110010000111101
1011101010111111001101111101110010000111101
1111101010101111000101011101111010000111001
1111101011101111000101011001110010000111001
1111101011101111000101011001110010000111001
1111101010111111001101111001110010000111101
1111101010111111001101111001110010000111101
1111101011101111000101011001110010000111101
1011101010111111001101111101110010001111101
1111101011111111000101011001110010000111101
1111101011101111000101011101110010000111101
1111101011101111000101011101110010000111101
1011101010111111000101011101111010100111101
1111101011101111000101011001111010000111001
1111101011101111000101011001111010000111001
1111111010111111001101111001110010000111101
1111101010111111001101111101110010001111101
1111101011101111000101011101111010000111001
1111101011101111000101011001111010000111101
1111101011101111000101011001111010000111101
1111101011111111000101011101111010000111001
1111101011111111001101111001110010000111101
1111101011101111000101011101111010000111101
1111101011101111001101111101110010000111101
1111101011101111001101111101110010000111101
1111101010101111001101111101111010001111101
1111101010111111001101111101111010001111101
1111101010111111001101111101111010001111101
1111111011111111000101011101111010000111001
1111101011111111001101111001111010000111101
1111101011101111000101011001111010100111101
1111101011101111000101011001111010100111101
1111101011111111000101011001111010100111101
1111101011101111001101111101111010000111101
1111101011111111001101111101111010000111101
1111101011101111000101011101111010100111101
1111101011101111000101011101111010100111101
1111101011111111000101011101111010100111101
1111101011111111000101011101111010100111101
1111111010111111001101111101111010001111101
1111111010111111001101111101111010001111101
1111101010111111001101111101111010101111101
1111101011101111001101111101111010001111101
1111101011111111001101111101111010001111101
1111101011101111001101111101111010100111101
1111101011101111001101111101111010100111101
1111111011111111000101011101111010100111101
1111111011111111000101011101111010100111101
1111101011111111001101111101111010100111101
1111111010111111001101111111111010001111101
1111111010111111001101111111111010001111101
1111111010111111001101111101111010101111101
1111111011111111001101111101111010001111101
1111101011101111001101111101111010101111101
1111101011101111001101111101111010101111101
1111101011111111001101111101111010101111101
1111111010111111001101111111111010101111101
1111111010111111001101111111111010101111101
1111111011111111001101111111111010001111101
1111111011101111001101111101111010101111101
1111111011101111001101111101111010101111101
1111111011111111001101111101111010101111101
1111111011111111001101111101111010101111101
1111111011111111001101111111111010101111101
1111111011111111001101111111111010101111101
