118.0 10.0 47.0 -18.0
118.0 10.0 47.0 -18.0
123.2 11.0 52.0 -19.2
123.2 11.0 52.0 -19.2
125.1 10.0 45.0 -19.2
125.1 10.0 45.0 -19.2
129.0 12.0 56.0 -20.4
129.0 12.0 56.0 -20.4
130.9 11.0 49.0 -20.4
131.5 12.0 63.0 -21.6
136.0 11.0 49.0 -21.6
136.3 9.0 43.0 -21.6
136.3 9.0 43.0 -21.6
141.2 12.0 54.0 -22.8
141.2 12.0 54.0 -22.8
142.1 10.0 47.0 -22.8
149.9 10.0 45.0 -22.8
150.3 14.0 70.0 -24.0
150.3 14.0 70.0 -24.0
150.5 11.0 59.0 -24.0
155.1 11.0 50.0 -24.0
155.4 14.0 70.0 -25.2
156.3 12.0 63.0 -25.2
160.9 12.0 54.0 -25.2
160.9 12.0 54.0 -25.2
163.4 11.0 47.0 -24.0
168.4 15.0 80.0 -26.4
169.0 15.0 79.0 -26.4
169.4 10.0 45.0 -24.0
169.4 10.0 45.0 -24.0
169.8 13.0 65.0 -26.4
169.8 13.0 65.0 -26.4
174.5 12.0 62.0 -26.4
176.6 14.0 72.0 -27.6
177.3 12.0 53.0 -26.4
182.9 11.0 47.0 -25.2
182.9 11.0 47.0 -25.2
184.3 14.0 70.0 -27.6
187.4 10.0 50.0 -25.2
187.4 10.0 50.0 -25.2
188.2 11.0 58.0 -26.4
188.3 16.0 85.0 -28.8
188.3 16.0 85.0 -28.8
188.8 13.0 66.0 -27.6
190.1 15.0 74.0 -28.8
191.0 11.0 49.0 -26.4
191.0 11.0 49.0 -26.4
191.9 14.0 60.0 -27.6
193.2 15.0 80.0 -30.0
193.9 13.0 56.0 -27.6
197.0 13.0 62.0 -28.8
197.6 13.0 61.0 -28.8
202.0 13.0 58.0 -28.8
202.0 13.0 58.0 -28.8
204.5 12.0 51.0 -27.6
204.5 12.0 51.0 -27.6
206.0 14.0 73.0 -30.0
206.7 16.0 82.0 -31.2
210.2 16.0 76.0 -31.2
210.3 13.0 55.0 -28.8
210.3 13.0 55.0 -28.8
210.7 18.0 97.0 -32.4
210.7 18.0 97.0 -32.4
211.0 14.0 69.0 -30.0
211.2 15.0 78.0 -31.2
211.2 15.0 78.0 -31.2
212.5 17.0 86.0 -32.4
212.6 14.0 65.0 -30.0
215.5 14.0 60.0 -30.0
217.7 15.0 76.0 -31.2
218.5 16.0 84.0 -32.4
223.4 18.0 92.0 -33.6
223.4 18.0 92.0 -33.6
224.5 15.0 71.0 -31.2
227.8 14.0 59.0 -30.0
227.8 14.0 59.0 -30.0
228.6 15.0 67.0 -31.2
229.6 15.0 66.0 -31.2
229.7 16.0 76.0 -32.4
233.0 15.0 64.0 -31.2
233.0 15.0 64.0 -31.2
234.5 17.0 86.0 -33.6
241.4 18.0 90.0 -34.8
242.0 16.0 75.0 -32.4
242.0 16.0 75.0 -32.4
242.8 17.0 83.0 -33.6
243.8 17.0 82.0 -33.6
247.2 17.0 80.0 -33.6
247.2 17.0 80.0 -33.6
248.0 18.0 88.0 -34.8
248.0 18.0 88.0 -34.8
257.8 20.0 105.0 -36.0
257.8 20.0 105.0 -36.0
258.1 18.0 86.0 -34.8
258.1 18.0 86.0 -34.8
259.7 20.0 101.0 -36.0
259.7 20.0 101.0 -36.0
273.0 20.0 99.0 -36.0
273.8 21.0 107.0 -37.2
273.8 21.0 107.0 -37.2
