1001000010100111000100011001010000100010001
1001000010100111000100011001010000100010001
1001000010100111000100011101010000100010001
1001000010100111000100011101010000100010001
1011100010100111000100011001010000000010001
1011100010100111000100011001010000000010001
1001000010100111000100011101010000100010101
1001000010100111000100011101010000100010101
1011100010100111000100011001010000000010101
1000100010100111001100111101010000000010101
1011100010100111000100011001010000000110101
1000100010100111000100011101110010000110001
1000100010100111000100011101110010000110001
1011100010100111000100011101010000000110101
1011100010100111000100011101010000000110101
1000100010100111000100011101110010000110101
1011100010100111000100011001110010000110001
1011100010100111001100111101010000000010101
1011100010100111001100111101010000000010101
1000100010100111001100111101110010000110001
1011100010100111000100011101110010000110001
1011100010100111001100111101010000000110101
1000100010100111001100111101110010000110101
1011100010100111000100011101110010000110101
1011100010100111000100011101110010000110101
1011100010100111000100011001111010000110001
1001101010111111001100111101010000100010001
1001101010111111001100111001010000100010101
1011100011100111000100011001110010000110001
1011100011100111000100011001110010000110001
1000100010100111001100111101111010000110101
1000100010100111001100111101111010000110101
1001101010111111000100001001110010100110101
1001100010100111001100111101110010100110101
1011101010101111000100011001110010000110101
1011100011100111000100011001111010000110001
1011100011100111000100011001111010000110001
1001100010100111001100111101111010100110001
1001101011101111000100001001110010100110001
1001101011101111000100001001110010100110001
1001101011111111000100001001110010100110001
1001100010100111001100111101110001101110101
1001100010100111001100111101110001101110101
1011100011100111001100111101110010000110001
1001100010100111001100111101111010100110101
1011101011101111000100011001110010000110001
1011101011101111000100011001110010000110001
1011100010100111000100011101111010100110101
1001101010111111001100111101110010100110001
1011100011100111000100011101111010000110101
1011101011111111000100011101110010000110001
1011101011111111000100011001110010000110101
1011101011101111000100011101110010000110101
1011101011101111000100011101110010000110101
1011101011101111000100011001111010000110001
1011101011101111000100011001111010000110001
1011101011111111001100111001110010000110001
1001101010111111001100111101111010100110001
1011101010101111001100111101111010000110101
1011101011101111000100011001111010000110101
1011101011101111000100011001111010000110101
1001101010111111001100111101110001101110101
1001101010111111001100111101110001101110101
1011101011101111001100111001110010000110101
1011101011111111001100111101110010000110001
1011101011111111001100111101110010000110001
1001101010111111001100111101111010100110101
1001101011111111000100011001111010100110101
1011101011101111000100011101111010000110101
1001101011101111001100111101110010100110101
1001101011111111001100111101110010100110101
1001101010111111001100111101111010101110101
1001101010111111001100111101111010101110101
1011101011101111001100111001111010000110101
1011101011101111000100011001111010100110101
1011101011101111000100011001111010100110101
1011101011111111000100011001111010100110101
1011111011101111000100011101111010000110101
1011101011101111001100111101111010000110101
1011101011101111000100011101111010100110101
1011101011101111000100011101111010100110101
1011101011111111001100111101110010100110101
1011101011111111001100111101111010001110101
1011101011101111001100111001111010100110101
1011101011101111001100111001111010100110101
1011101011111111001100111001111010100110101
1011111011101111001100111101111010000110101
1011101011101111001100111101111010100110101
1011101011101111001100111101111010100110101
1011101011111111001100111101111010100110101
1011101011111111001100111101111010100110101
1001111011111111001100111101111001101110101
1001111011111111001100111101111001101110101
1011101011101111001100111101111010101110101
1011101011101111001100111101111010101110101
1011101011111111001100111101111001101110101
1011101011111111001100111101111001101110101
1011111011101111001100111101111001101110101
1011111011111111001100111101111001101110101
1011111011111111001100111101111001101110101
