1011000000010100100110000100010101000001100000000000011111011000100100001001111
1100011000111011000110011011000000001111000100100001001100000010101001010000001
1000001010110000000100011010000011010001010110101000011100101011010110101101000
0110010000110110111000100000000100100101001001101010110011010001000001010111100
0111101001000010110001011111100011101101101100111000100011010001000100000101001
0110100101011001011010100100001000100010010010011011011010111001110000100010001
0111001100000010110111010001000000001100011100110111101000111110000110001110001
1100100000111011110001001001010000100011010111011101011001110100011110100011101
0001001111011100000000110110011101110000100110110000100100001100110001001001111
1110111110000001010011100010110001100001000001010010101100010110101010011111000
0111110101000001100001111000101001100100001111001111001001100010000011101001011
0111011100100010010010010010100000001001001111111011110001000010011001110101101
0101010001010001100011001011101001110011000100000010110001001010100100100111111
1110011001001010010111110101101001010110001010001010001111111000100100101001011
0110001000001110101110001001101011000101111101011010111001011001000100111011010
1100101101100111011100110010110000101101101010100101000001111110101111101111000
0101110110101111010000100001001100100001011111110001111001001001000010010000111
1011011001010011001110110110010011100001100000010111011000001001011000010010101
1001101110010100110011100100101010001001001111101110100111101001001100101000111
0100101100001101011000111010000110111011111100110011100010110011111101111000011
1111110001000111111001110010101010100111001100100101000011110011101110101101110
0111011101011110000111101000011001110101111101110010000111010100000010010100101
0011101100001000100111001011101111110010100111000110000011100001101110110011000
0100101010011001011111001001010111110010110111100000000110111101000011101000011
1101000011111101011100101010111010101000110010111010001111001111010011100111011
1100110100100001010110011111001111000001100001110100111110011111100001110101011
0100111101010011001001100100111001010110101000110001101111110110111111111110000
1101001011110010000110100001101101001110101100110100111010100111110101100000111
1011101111001011010010100011011101011010001101011111100010011110101110010100011
1001111111011100111110110111011101110111100110001101101010101010101111001110000
