010111100111100011111011101100110011011101100010011010111111111110000100111111111110110101111100101001011110101100001001101101010010111010000001000100110000110101001000000010000000100100100000100001001001010000100001000101100000000010010000
010111100111100011111011101100110011011101100010011010111111111110000100111111111110110101111100101001011110101100001001101101010010111010000001000100110000110101001000000010000000100100100000100001001001010000100001000101100000000010010000
011011111111101011111011101100110011011101100010011010111111111110000110111111111110110101111100101001011010101000001001101101010010111010000001000100110000110101001000000010000000100100100000100001001100010010101001000101100100000010010000
010101100111111011111011101100110011011101100010011010111111111110000110111111111110110101111100101001011111101100001001101101010010111010000001000100110000110101001000000010000000101100100000100001001101010010100000010101100001000010010000
111100110111111011111011101100110011011001100010011010111111111110010111111101111010010101111101101101011000101100011011101101010010101011000001100100110000110101001000000010000000101100100001100001001000010010101001000101100000000010010000
111100110111111011111011101100110011011001100010011010111111111110010111111101111010010101111101101101011000101100011011101101010010101011000001100100110000110101001000000010000000101100100001100001001000010010101001000101100000000010010000
111100110111111011111011101100110011011001100010011010111111111110010111111101111010010101111101101101011000101100011011101101010010101011000001100100110000110101001000000010000000101100100001100001001000010010101001000101100000000010010000
011011111111111011111011101100110011011001101010011010111111111110000110111101111010010101111101101101011000101100011011101101010010101011000001100100111000110101001000000010000000101100100001100001001000010010101001000101100000000010010000
110111111111111011111011101100110011011101101010011010111111111110000110111111111110110101111100101001011110101100001001101101010010111010000001100100110000110101001000000010000000110100100001100001001100010010100001010101100001000010010000
011010111111111011111011101100110010011111100010011010111111111110010110111111111110110101111100101101011110101100011011101101010000111010000001100100110000110101001000000010000000101100100000100001001101010010101001000101100001000010010000
010101100111101010111111111111111111011101101010011010111111111110010110111111111110110101111101101101011100101100001011101101010010111010000001100000110000110101001000000010000100111100100000100001001100010010101000010101100011000010010000
