63.58 3.0 35.0 -7.0
63.58 3.0 35.0 -7.0
63.58 3.0 35.0 -7.0
63.58 3.0 35.0 -7.0
63.58 3.0 35.0 -7.0
63.58 3.0 35.0 -7.0
69.43 3.0 35.0 -8.0
70.88 4.0 40.0 -8.0
74.04 4.0 45.0 -8.0
75.45 4.0 43.0 -9.0
77.04 5.0 39.0 -9.0
79.81 4.0 41.0 -9.0
81.84 4.0 36.0 -9.0
82.18 3.0 43.0 -9.0
83.31 5.0 50.0 -9.0
83.8 5.0 38.0 -9.0
83.92 5.0 41.0 -9.0
85.22 5.0 38.0 -9.0
85.51 4.0 41.0 -9.0
86.36 3.0 45.0 -9.0
87.65 5.0 36.0 -9.0
87.9 4.0 39.0 -9.0
88.37 4.0 54.0 -11.0
89.42 4.0 45.0 -9.0
91.04 7.0 49.0 -11.0
94.97 3.0 45.0 -10.0
96.78 6.0 50.0 -11.0
97.56 5.0 53.0 -11.0
111.09 7.0 56.0 -13.0
133.93 6.0 67.0 -15.0
