63.58 3.0 35.0 -7.0
63.58 3.0 35.0 -7.0
63.58 3.0 35.0 -7.0
63.58 3.0 35.0 -7.0
63.58 3.0 35.0 -7.0
63.58 3.0 35.0 -7.0
63.58 3.0 35.0 -7.0
63.58 3.0 35.0 -7.0
75.71 4.0 39.0 -9.0
75.71 4.0 39.0 -9.0
78.25 4.0 39.0 -9.0
78.65 3.0 42.0 -9.0
79.49 3.0 37.0 -9.0
79.86 5.0 41.0 -9.0
80.38 5.0 39.0 -9.0
82.35 5.0 53.0 -9.0
82.54 4.0 41.0 -9.0
83.57 5.0 44.0 -9.0
84.55 5.0 41.0 -9.0
86.17 4.0 46.0 -10.0
86.92 6.0 48.0 -11.0
92.55 5.0 49.0 -10.0
96.67 6.0 52.0 -11.0
98.47 5.0 58.0 -12.0
102.4 5.0 43.0 -11.0
104.45 6.0 49.0 -11.0
106.35 4.0 42.0 -11.0
111.49 7.0 53.0 -13.0
115.02 5.0 66.0 -13.0
116.97 5.0 53.0 -12.0
