63.58 3.0 35.0 -7.0
63.58 3.0 35.0 -7.0
63.58 3.0 35.0 -7.0
63.58 3.0 35.0 -7.0
63.58 3.0 35.0 -7.0
63.58 3.0 35.0 -7.0
63.58 3.0 35.0 -7.0
63.58 3.0 35.0 -7.0
63.58 3.0 35.0 -7.0
75.71 4.0 39.0 -9.0
77.44 3.0 36.0 -8.0
78.47 5.0 39.0 -9.0
80.38 5.0 39.0 -9.0
82.25 4.0 54.0 -9.0
83.25 4.0 44.0 -9.0
83.37 4.0 35.0 -9.0
85.31 4.0 44.0 -9.0
86.15 4.0 40.0 -9.0
86.62 3.0 44.0 -9.0
91.1 4.0 46.0 -11.0
95.92 4.0 44.0 -10.0
96.61 4.0 49.0 -11.0
97.72 6.0 50.0 -12.0
97.97 3.0 53.0 -11.0
98.26 5.0 49.0 -11.0
107.15 7.0 57.0 -13.0
107.89 4.0 49.0 -11.0
110.44 6.0 60.0 -13.0
115.55 5.0 57.0 -12.0
115.92 5.0 53.0 -13.0
