63.58 3.0 35.0 -7.0
63.58 3.0 35.0 -7.0
63.58 3.0 35.0 -7.0
63.58 3.0 35.0 -7.0
63.58 3.0 35.0 -7.0
63.58 3.0 35.0 -7.0
63.58 3.0 35.0 -7.0
75.03 4.0 43.0 -8.0
77.77 4.0 40.0 -9.0
82.88 5.0 46.0 -9.0
83.77 4.0 38.0 -9.0
85.37 5.0 41.0 -11.0
87.04 4.0 45.0 -9.0
88.48 4.0 38.0 -9.0
89.71 6.0 56.0 -10.0
89.73 4.0 51.0 -10.0
92.15 5.0 45.0 -10.0
92.26 7.0 49.0 -11.0
95.72 6.0 50.0 -11.0
95.91 5.0 52.0 -11.0
96.11 6.0 47.0 -11.0
96.85 4.0 47.0 -11.0
97.73 4.0 45.0 -11.0
99.17 4.0 63.0 -11.0
99.22 5.0 59.0 -11.0
101.4 5.0 39.0 -11.0
101.97 8.0 51.0 -12.0
114.53 4.0 72.0 -13.0
127.46 7.0 58.0 -14.0
144.69 7.0 65.0 -15.0
