63.58 3.0 35.0 -7.0
63.58 3.0 35.0 -7.0
63.58 3.0 35.0 -7.0
63.58 3.0 35.0 -7.0
63.58 3.0 35.0 -7.0
63.58 3.0 35.0 -7.0
71.65 4.0 35.0 -8.0
74.87 4.0 38.0 -9.0
75.02 5.0 50.0 -9.0
75.05 3.0 42.0 -9.0
76.24 3.0 50.0 -9.0
77.77 4.0 40.0 -9.0
77.86 4.0 47.0 -9.0
78.02 5.0 44.0 -9.0
78.38 4.0 40.0 -9.0
78.47 5.0 39.0 -9.0
78.99 4.0 44.0 -9.0
83.38 4.0 39.0 -9.0
86.13 6.0 44.0 -11.0
86.42 4.0 42.0 -9.0
89.6 4.0 51.0 -10.0
90.04 5.0 44.0 -10.0
94.16 4.0 41.0 -11.0
95.52 5.0 50.0 -11.0
97.86 5.0 56.0 -11.0
101.4 5.0 39.0 -11.0
103.21 5.0 49.0 -11.0
109.45 5.0 35.0 -11.0
116.77 6.0 53.0 -13.0
117.69 6.0 63.0 -13.0
