63.58 3.0 35.0 -7.0
63.58 3.0 35.0 -7.0
63.58 3.0 35.0 -7.0
63.58 3.0 35.0 -7.0
63.58 3.0 35.0 -7.0
74.08 4.0 38.0 -9.0
74.08 4.0 38.0 -9.0
74.93 5.0 46.0 -9.0
76.07 4.0 38.0 -9.0
76.32 5.0 44.0 -9.0
77.6 5.0 45.0 -9.0
81.24 5.0 43.0 -9.0
82.18 3.0 43.0 -9.0
82.49 3.0 40.0 -9.0
83.38 4.0 45.0 -9.0
83.8 3.0 36.0 -9.0
84.44 4.0 39.0 -9.0
86.92 4.0 50.0 -11.0
92.87 5.0 54.0 -11.0
94.84 4.0 42.0 -11.0
95.54 6.0 44.0 -11.0
95.66 7.0 47.0 -11.0
96.57 6.0 49.0 -11.0
97.21 4.0 55.0 -12.0
99.66 5.0 57.0 -13.0
104.46 7.0 67.0 -12.0
105.24 3.0 47.0 -11.0
109.02 7.0 48.0 -13.0
109.08 5.0 49.0 -11.0
120.4 8.0 58.0 -14.0
