0001001000000000001101101100100000010000010000001000100001000011110101000000000001000000000000100000
0001001000000000001001101100100000010000010001001000100001000010110101010000000001000000000000100000
0001001000000000001101101100100000010000010000001000100001000011110101010000000001000000000000100000
0001000000000000001001101100100000010000010001001000000101000000110111010101000001000000000000100000
0001000000000000001001101100100000010000010001001000000101000000110111010101000001000000000000100000
0001001000100000001001101100100000010000010001001000100001000011110101010000000001000000000000100000
0001001000000000001001101100100000010000010001001000000101000000110111010101000001000000000000100000
0001000000000000001001101100100000010000010001001100100101000010110111010000000001000000000100100000
0001000000000000001001101100100000010000010001001000100001000011110101010100000001000000001100100000
0001001000000000001001101100100000010000010001001000100001000011110101010000000001000000001100100000
0001001000000000001001101100100000010000010001001000100001000011110101010000000001000000001100100000
0001001000000000001001101100100100010000010011001100100001000010110111010000000001000000000000100000
0001001000000000001011101100100000010000011001001100100101000000110111010100000001000000000000100000
0001001000000000001011101100100000010000010001001000100001000010110101010000000001000000001100100000
0001001000000000001011101100100000010000010001001000100001000011110101010000000001000000001100100000
0001001000000000001011101100100000010000010001001000100001000011110101010000000001000000001100100000
0001001000100000001001101100100000010000010001001000100101000011110101010000000001000000001100100000
0001001000100000001001101100100000010000010001001000100101000011110101010000000001000000001100100000
0001001000101001001111101100100000010000010001001000100001000010110101010000000001000000000000100000
0001001000100000001101101100100100010000010001001100100101000000110111010101000001000000000000100000
0001001000100000001101101100100100010000010001001100100101000000110111010101000001000000000000100000
0001001000100000001101101100100100010000010001001100100001000010110111010101000001000000000000100000
0001001000100000001101101100100100010000010001001100100001000010110111010101000001000000000000100000
0001001000101001001111101100100100010000010000001000100001000011110101010000000001000000000000100000
0001001000101001001111101100100100010000010000001000100001000011110101010000000001000000000000100000
0001001000000000001111101100100000010000011001001100100101000000110111010101000001000000000100100000
0001001000000000001111101100100000010000011001001100100101000000110111010101000001000000000100100000
0001001000000000001111101100100100010000010000001100100001000010110111010101000001000000001000100000
0001001000000000001111101100100100010000010000001100100001000010110111010101000001000000001000100000
0001001000100000001101101000100000010000011001001100100101100010110111010100000001000000001100100000
0001001000101001001111101100100100010000010001001100100001000010110111010000000001000000000000100000
0001001000001001001111101100100000010000010000001100100101000010110101010000000001000000001100100000
0001001000001001001111101100100000010000010000001100100101000010110101010000000001000000001100100000
0001001000000000001111101100100000010000011001001100100101100010110111010100000001000000001100100000
0001001000000000001111101100100000010000011001001100100101100010110111010100000001000000001100100000
0001001000001001001111101100100100010000010000001100100101000010110111010000000001000000000100100000
0001001000001001001111101100100100010000010000001100100101000010110111010000000001000000000100100000
0001001000001001001111101100100000010000010000001100100101000010110111010000000001000000001100100000
0001001000001001001111101100100000010000010000001100100101000010110111010000000001000000001100100000
0001001000101001001111101100100100010000010011001100100001000010110111010000000001000000000000100000
0001001000101001001111101100100100010000010001101100100101000010110111010000000001000000000000100000
0001001000101001001111101100100000010000010000001100100101000010110101010000000001000000001100100000
0001001000101001001111101100100000010000010000001100100101000010110101010000000001000000001100100000
0001001000101001001111101100100000010000010000001100100101000000110111010101000001000000001000100000
0001001000100000001101101100100100010000010001001100100101000010110111010101000001000000001100100000
0001001000101001001111101100100100010000010001001100100101000000110111010101000001000000000000100000
0001001000101001001111101100100100010000010001001100100101000000110111010101000001000000000000100000
0001001000101001001111101100100100010000010000001000100001000010110111010101000001000000001000100000
0001001000101001001111101100100100010000010000001000100001000010110111010101000001000000001000100000
0001001000101001001111101100100100010000010000101100100101000000110111010101000001000000000000100000
0001001000101001001111101100100100010000010000101100100101000000110111010101000001000000000000100000
0001001000101001001111101100100100010000010000101100000101000000110111010001000001000000001000100000
0001001000101001001111101100100100010000010000101100000101000000110111010001000001000000001000100000
0001001000101001001111101100100100010000010011101100100101000010110111010000001001000000000000100000
0001001000101001001111101100100100010000010011101100100101000010110111010000001001000000000000100000
0001001000100001001111101100100100010000010011001100000001000010110111010101000001000000000100100000
0001001000101001001111101100100100010000010001001100100001000010110111010001000001000000000100100000
0001001000101001001111101100100100010000010011101100100101000010110111010100000001000000000000100000
0001001000101001001111101100100100010000010011101100100101000010110111010100000001000000000000100000
0001001000101001001111101100100100010000010001001100100001000010110111010101000001000000001000100000
0001001000101001001111101100100100010000010001001100100101000000110111010101000001000000000100100000
0001001000101001001111101100100100010000010001001100100001000010110111010101000001000000000100100000
0001001000101001001111101100100100010000010001001100100001000010110111010101000001000000000100100000
0001001000101001001111101100100000010000010000001100100101000010110111010101000001000000001100100000
0001001000101001001111101100100000010000010000001100100101000010110111010101000001000000001100100000
0001001000101001001111101100100100010000010001001100100001000010110111010001000001000000001100100000
0001001000101001001111101100100100010000010011101100100101000010110111010100000001000000001000100000
0001001000101001001111101100100100010000010011101100100101000010110111010100000001000000001000100000
0001001000101001001111101100100100010000010001101100100101000010110111010000001001000000001100100000
0001001000101001001111101100100100010000010011001100100101000010110111010000001001000000001100100000
0001001000101001001111101100100100010000010011001100100101000010110111010000001001000000001100100000
0001001000101001001111101100100100010000010001001100100001000010110111010101000001000000001100100000
0001001000101001001111101100100100010000010001001100100001000010110111010101000001000000001100100000
0001001000101001001111101100100000010000010001101100100101000010110111010101000001000000001100100000
0001001000101001001111101100100000010000010001101100100101000010110111010101000001000000001100100000
0001001000101001001111101100100100010000010001101100100101000010110111010001000001000000001100100000
0001001000101001001111101100100100010000010001101100100101000010110111010001000001000000001100100000
0001001001101001001111101100100000010000011001001100100101100010110111010100000001000000001100100000
0001001000101001001111101100100000010000010011101100100101000010110101010101000001000000001100100000
0001001000101001001111101100100100010000010011101100100101000010110111010000001001000000001100100000
0001001000101001001111101100100100010000010011101100100101000010110111010000001001000000001100100000
0001001000100001001111101100100100010000010011101100100101000010110111010101000001000000001100100000
0001001000100001001111101100100100010000010011101100100101000010110111010101000001000000001100100000
0001001000101001001111101100100100010000010011101100100101100010110111010000000001000000001100100000
0001001000101001001111101100100100010000010011101100100101100010110111010000000001000000001100100000
0001001000101001001111101100100100010000010011101100100101000010110111010100000001000000001100100000
0001001000101001001111101100100100010000010011101100100101000010110111010100000001000000001100100000
0001001000101001001111101100100100010000010001101100100101000010110111010101000001000000001100100000
0001001000101001001111101100100100010000010011001100100101000010110111010101000001000000001100100000
0001001000101001001111101100100100010000010011001100100101000010110111010101000001000000001100100000
0001001000101001001111101100100100010000010011101100100101000010110101010101000001000000001100100000
0001001000101001001111101100100100010000010011101100100101000010110101010101000001000000001100100000
0001001000101001001111101100100100010000010001101100100101000010110111010101001001000000001100100000
0001001000101001001111101100100100010000010001101100100101000010110111010101001001000000001100100000
0001001000101001001111101100100100010000010011001100100101100010110111010101000001000000001100100000
0001001000101001001111101100100100010000010011001100100101100010110111010101000001000000001100100000
0001001000101001001111101100100100010000010011101100100101000010110111010101000001000000001100100000
0001001000101001001111101100100100010000010011101100100101000010110111010101000001000000001100100000
0001001001101001001111101100100100010000010011001100100101100010110111010100000001000000001100100000
0001001001101001001111101100100100010000010011001100100101100010110111010100000001000000001100100000
0001001001101001001111101100100100010000010011101100100101000010110111010100000001000000001100100000
0001001001101001001111101100100100010000010011101100100101000010110111010100000001000000001100100000
0001001000101001001111101100100100010000010011101100100101000010111111010101000001000000001100100000
0001001000101001001111101100100100010000010011101100100101000010111111010101000001000000001100100000
0001001001101001001111101100100100010000010011001100100101100010111111010100000001000000001100100000
0001001001101001001111101100100100010000010011001100100101100010111111010100000001000000001100100000
0001001000101001001111101100100100010000010011101100100101100010110111010101000001000000001100100000
0001001000101001001111101100100100010000010011101100100101100010110111010101000001000000001100100000
0001001001101001001111101100100100010000010011101100100101100010110111010100000001000000001100100000
0001001001101001001111101100100100010000010011101100100101100010110111010100000001000000001100100000
0001001000101001001111101100100100010000010011101100100101100010111111010101000001000000001100100000
0001001000101001001111101100100100010000010011101100100101100010111111010101000001000000001100100000
0001001000101001001111101100100100010000010011101100100101100010110111010101001001000000001100100000
0001001000101001001111101100100100010000010011101100100101100010110111010101001001000000001100100000
0001001001101001001111101100100100010000010011001100100101100010110111010101000001000000001100100000
0001001001101001001111101100100100010000010011001100100101100010110111010101000001000000001100100000
0001001001101001001111101100100100010000010011101100100101000010110111010101000001000000001100100000
0001001001101001001111101100100100010000010011101100100101000010110111010101000001000000001100100000
0001001001101001001111101100100100010000011011001100100101100010110111010101000001000000001100100000
0001001001101001001111101100100100010000011011001100100101100010110111010101000001000000001100100000
0001001001101001001111101100100100010000010011001100100101100010111111010101000001000000001100100000
0001001001101001001111101100100100010000010011001100100101100010111111010101000001000000001100100000
0001001001101001001111101100100100010000010011001100100101100010110111010101001001000000001100100000
0001001001101001001111101100100100010000010011001100100101100010110111010101001001000000001100100000
0001001001101001001111101100100100010000010011101100100101000010110111010101001001000000001100100000
0001001001101001001111101100100100010000010011101100100101000010110111010101001001000000001100100000
0001001001101001001111101100100100010000010011101100100101100010110111010101000001000000001100100000
0001001001101001001111101100100100010000010011101100100101100010110111010101000001000000001100100000
0001001001101001001111101100100100010000010011101100110101100010110111010101000001000000001100100000
0001001001101001001111101100100100010000010011101100110101100010110111010101000001000000001100100000
0001001001101001001111101100100100010000010011101100100101100010111111010101000001000000001100100000
0001001001101001001111101100100100010000010011101100100101100010111111010101000001000000001100100000
0001001001101001001111101100100100010000010011101100100101100010110111010101001001000000001100100000
0001001001101001001111101100100100010000010011101100100101100010110111010101001001000000001100100000
0001001001101001001111101100100100010000010011101100110101100010111111010101000001000000001100100000
0001001001101001001111101100100100010000010011101100110101100010111111010101000001000000001100100000
0001001001101001001111101100100100010000011011101100100101100010110111010101001001000000001100100000
0011001001101001001111101100100100010000010011101100100101100010110111010101000001000000001100100000
0011001001101001001111101100100100010000010011101100100101100010110111010101000001000000001100100000
0001001000101001001111101100100100010000010011101100100101100010110111010101001001001000001100100000
0001001000101001001111101100100100010000010011101100100101100010110111010101001001001000001100100000
0011001001101001001111101100100100010000010011101100110101100010110111010101000001000000001100100000
0011001001101001001111101100100100010000010011101100110101100010110111010101000001000000001100100000
0011001001101001001111101100100100010000010011101100100101100010111111010101000001000000001100100000
0011001001101001001111101100100100010000010011101100100101100010111111010101000001000000001100100000
0011001001101001001111101100100100010000010011101100100101100010110111010101001001000000001100100000
0011001001101001001111101100100100010000010011101100100101100010110111010101001001000000001100100000
0011001001101001001111101100100100010000011011101100100101100010110111010101001001000000001100100000
0011001001101001001111101100100100010000010011101100100101100010111111010101001001000000001100100000
0011001001101001001111101100100100010000010011101100100101100010111111010101001001000000001100100000
0001001001101001001111101100100100010000010011001100100101100010110111010101001001001000001100100000
0001001001101001001111101100100100010000010011001100100101100010110111010101001001001000001100100000
0001001001101001001111101100100100010000010011101100100101000010110111010101001001001000001100100000
0001001001101001001111101100100100010000010011101100100101000010110111010101001001001000001100100000
0001001001101001001111101100100100010000010011101100100101100010110111010101000001001000001100100000
0001001001101001001111101100100100010000010011101100100101100010110111010101000001001000001100100000
0001001001101001001111101100100100010000010011101100100101100010111111010101000001001000001100100000
0001001001101001001111101100100100010000010011101100100101100010111111010101000001001000001100100000
0001001001101001001111101100100100010000010011101100100101100010110111010101001001001000001100100000
0001001001101001001111101100100100010000010011101100100101100010110111010101001001001000001100100000
0001001001101001001111101100100100010000011011101100100101100010110111010101001001001000001100100000
0001001001101001001111101100100100010000011011101100100101100010110111010101001001001000001100100000
0001001001101001001111101100100100010000010011101100100101100010111111010101001001001000001100100000
0001001001101001001111101100100100010000010011101100100101100010111111010101001001001000001100100000
0011001001101001001111101100100100010000010011101100100101100010110111010101000001001000001100100000
0011001001101001001111101100100100010000010011101100100101100010110111010101000001001000001100100000
0001001001101001001111101100100100010000010011101100100101100010110111010101001001001000001100101000
0001001001101001001111101100100100010000010011001100100101100010110111010101001001001000001100100001
0011001001101001001111101100100100010000010011101100100101100010111111010101000001001000001100100000
0011001001101001001111101100100100010000010011101100100101100010111111010101000001001000001100100000
0011001001101001001111101100100100010000010011101100100101100010110111010101001001001000001100100000
0011001001101001001111101100100100010000010011101100100101100010110111010101001001001000001100100000
0001001001101001001111101100100100010000010011101100100101100010110111010101000001101000001100100000
0001001001101001001111101100100100010000010011101100100101100010110111010101000001101000001100100000
0011001001101001001111101100100100010000010011101100100101100010111111010101001001001000001100100000
0011001001101001001111101100100100010000010011101100100101100010111111010101001001001000001100100000
0001001001101001001111101100100100010000010011101100100101100010110111010101001001001000001100100001
0001001001101001001111101100100100010000010011101100100101100010110111010101001001001000001100100001
0001001001101001001111101100100100010000010011101100100101100010111111010101000001101000001100100000
0001001001101001001111101100100100010000010011101100100101100010111111010101000001101000001100100000
0001001001101001001111101100100100010000010011101100100101100010110111010101001001101000001100100000
0001001001101001001111101100100100010000010011101100100101100010110111010101001001101000001100100000
0001001001101001001111101100100100010000010011101100100101100010111111010101001001001000001100100001
0001001001101001001111101100100100010000010011101100110101100010110111010101001001101000001100100000
0001001001101001001111101100100100010000010011101100110101100010110111010101001001101000001100100000
0001001001101001001111101100100100010000010011101100100101100010111111010101001001101000001100100000
0001001001101001001111101100100100010000010011101100100101100010111111010101001001101000001100100000
0001001001101001001111101100100100010000010011101100110101100010111111010101001001101000001100100000
0001001001101001001111101100100100010000010011101100110101100010111111010101001001101000001100100000
0001001001101001001111111100100100010000010011101100100101100010111111010101001001001000001100100000
0001001001101001001111111100100100010000010011101100100101100010111111010101001001001000001100100000
0011001001101001001111101100100100010000010011101100100101100010110111010101001001001000001100100001
0011001001101001001111101100100100010000010011101100100101100010110111010101001001001000001100100001
0011001001101001001111101100100100010000010011101100100101100010110111010101001001101000001100100000
0011001001101001001111101100100100010000010011101100100101100010110111010101001001101000001100100000
0011001001101001001111101100100100010000010011101100110101100010110111010101001001101000001100100000
0011001001101001001111101100100100010000010011101100110101100010110111010101001001101000001100100000
0011001001101001001111101100100100010000010011101100100101100010111111010101001001101000001100100000
0011001001101001001111101100100100010000010011101100100101100010111111010101001001101000001100100000
0001001001101001001111101100100100010000010011101100100101100010110111010101001001101000001100100001
0001001001101001001111101100100100010000010011101100100101100010110111010101001001101000001100100001
0011001001101001001111101100100100010000011011101100110101100010110111010101001001101000001100100000
0001001001101001001111101100100100010000010011101101100101100010110111010101001001101000001100100000
0011001001101001001111111100100100010000010011101100100101100010111111010101001001001000001100100000
0011001001101001001111111100100100010000010011101100100101100010111111010101001001001000001100100000
0001001001101001001111101100100100010000010011101100100101100010111111010101001001101000001100100001
0001001001101001001111101100100100010000010011101100100101100010111111010101001001101000001100100001
0001001001101001001111101100100100010000010011101101100101100010111111010101001001101000001100100000
0001001001101001001111111100100100010000010011101100100101100010110111010101001001101000001100100000
0001001001101001001111111100100100010000010011101100100101100010110111010101001001101000001100100000
0001001001101001001111111100100100010000010011101100100101100010111111010101001001001000001100100001
0001001001101001001111111100100100010000010011101100100101100010111111010101001001001000001100100001
0001001001101001001111101100100110010000010011101100100101100010110111010101001001101000001100100000
0001001001101001001111101100100110010000010011101100100101100010110111010101001001101000001100100000
0001001001101001001111111100100100010000010011101100110101100010110111010101001001101000001100100000
0001001001101001001111111100100100010000010011101100110101100010110111010101001001101000001100100000
0001001001101001001111111100100100010000010011101100100101100010111111010101001001101000001100100000
0001001001101001001111111100100100010000010011101100100101100010111111010101001001101000001100100000
0011001001101001001111101100100100010000010011101100100101100010110111010101001001101000001100100001
0011001001101001001111101100100100010000010011101100100101100010110111010101001001101000001100100001
0001001001101001001111101100100110010000010011101100110101100010110111010101001001101000001100100000
0001001001101001001111101100100110010000010011101100100101100010111111010101001001101000001100100000
0001001001101001001111101100100110010000010011101100100101100010111111010101001001101000001100100000
0011001001101001001111101100100100010000010011101100100101100010111111010101001001101000001100100001
0011001001101001001111101100100100010000010011101100100101100010111111010101001001101000001100100001
0011001001101001001111101100100100010000010011101101100101100010111111010101001001101000001100100000
0011001001101001001111101100100100010000010011101101100101100010111111010101001001101000001100100000
0001001001101001001111111100100110010000010011101100100101100010111111010101001001001000001100100000
0001001001101001001111111100100110010000010011101100100101100010111111010101001001001000001100100000
0011001001101001001111111100100100010000010011101100100101100010110111010101001001101000001100100000
0011001001101001001111111100100100010000010011101100100101100010110111010101001001101000001100100000
0011001001101001001111111100100100010000010011101100100101100010111111010101001001001000001100100001
0011001001101001001111101100100110010000010011101100100101100010110111010101001001101000001100100000
0011001001101001001111101100100110010000010011101100100101100010110111010101001001101000001100100000
0011001001101001001111111100100100010000010011101100110101100010110111010101001001101000001100100000
0011001001101001001111111100100100010000010011101100110101100010110111010101001001101000001100100000
0011001001101001001111111100100100010000010011101100100101100010111111010101001001101000001100100000
0011001001101001001111111100100100010000010011101100100101100010111111010101001001101000001100100000
0001001001101001001111111100100100010000010011101100100101100010110111010101001001101000001100100001
0001001001101001001111111100100100010000010011101100100101100010110111010101001001101000001100100001
0011001001101001001111111100100100010000010011101100110101100010111111010101001001101000001100100000
0011001001101001001111111100100100010000010011101100110101100010111111010101001001101000001100100000
0001001001101001001111111100100100010000010011101100100101100010111111010101001001101000001100100001
0001001001101001001111111100100100010000010011101100100101100010111111010101001001101000001100100001
0011001001101001001111111100100110010000010011101100100101100010111111010101001001001000001100100000
0011001001101001001111111100100110010000010011101100100101100010111111010101001001001000001100100000
0001001001101001001111111100100100010000010011101100100101100110110111010101001001101000001100100000
0001001001101001001111111100100100010000010011101100100101100110110111010101001001101000001100100000
0001001001101001001111111100100110010000010011101100100101100010111111010101000001101000001100100000
0001001001101001001111111100100110010000010011101100100101100010110111010101001001101000001100100000
0001001001101001001111111100100100010000010011101100100101100110111111010101001001101000001100100000
0001001001101001001111111100100100010000010011101100100101100110111111010101001001101000001100100000
0011001001101001001111111100100100010000010011101100100101100010110111010101001001101000001100100001
0001001001101001001111111100100110010000010011101100100101100010111111010101001001101000001100100000
0001001001101001001111111100100110010000010011101100100101100010111111010101001001101000001100100000
0011001001101001001111111100100100010000010011101100100101100010111111010101001001101000001100100001
0011001001101001001111111100100100010000010011101100100101100010111111010101001001101000001100100001
0001001001101001001111111100100110010000011011101100100101100010111111010101001001101000001100100000
0001001001101001001111111100100110010000011011101100100101100010111111010101001001101000001100100000
0011001001101001001111111100100100010000010011101100100101100110110111010101001001101000001100100000
0011001001101001001111111100100100010000010011101100100101100110110111010101001001101000001100100000
0011001001101001001111111100100110010000010011101100100101100010110111010101001001101000001100100000
0011001001101001001111111100100110010000010011101100100101100010110111010101001001101000001100100000
0011001001101001001111111100100100010000010011101100100101100110111111010101001001101000001100100000
0001001001101001001111111100100100010000010011101100100101100110110111010101001001101000001100100001
0011001001101001001111111100100110010000010011101100100101100010111111010101001001101000001100100000
0011001001101001001111111100100110010000010011101100100101100010111111010101001001101000001100100000
0001001001101001001111101100100110010000010011101100100101100110110111010101001001101000001100100001
0001001001101001001111101100100110010000010011101100100101100110110111010101001001101000001100100001
0011001001101001001111101100101110010000010011101100100101100010111111010101001001101000001100100000
0011001001101001001111111100100110010000010011101100100101100110111111010101001001001000001100100000
0011001001101001001111111100100110010000010011101100100101100110111111010101001001001000001100100000
0001001001101001001111111100100110010000010011101100100101100010111111010101001001101000001100100001
0001001001101001001111111100100110010000010011101100100101100010111111010101001001101000001100100001
0001001001101001001111111100100110010000010011101100100101100110111111010101000001101000001100100000
0011001001101001001111111100100110010000010011101100100101100010110111010101000001101000001100100001
0011001001101001001111111100100110010000010011101100100101100010110111010101000001101000001100100001
0001001001101001001111111100101110010000010011101100100101100010110111010101001001101000001100100000
0001001001101001001111111100101110010000010011101100100101100010110111010101001001101000001100100000
0011001001101001001111111100100110010000010011101100100101100010110111010101001001101000001100100001
0011001001101001001111111100100110010000010011101101100101100010110111010101001001101000001100100000
0011001001101001001111111100100110010000010011101100100101100010111111010101001001101000001100100001
0011001001101001001111111100100110010000010011101100100101100010111111010101001001101000001100100001
0011001001101001001111111100100110010000010011101100100101100110111111010101000001101000001100100000
0011001001101001001111111100100110010000010011101100100101100110111111010101000001101000001100100000
0001001001101001001111111100100110010000010011101100100101100110111111010101001001101000101100100000
0001001001101001001111111100100110010000010011101100100101100110111111010101001001101000101100100000
0011001001101001001111111100100110010000010011101100100101100010110111010101001001101000101100100001
0011001001101001001111111100100110010000010011101100100101100010110111010101001001101000101100100001
0011001001101001001111111100101110010000010011101100100101100010110111010101001001101000001100100000
0011001001101001001111111100101110010000010011101100100101100010110111010101001001101000001100100000
0011001001101001001111111100101110010000011011101100100101100010110111010101001001101000001100100000
0011001001101001001111111100101110010000011011101100100101100010110111010101001001101000001100100000
0011001001101001001111111100101110010000010011101100100101100010111111010101001001101000001100100000
0011001001101001001111111100101110010000010011101100100101100010111111010101001001101000001100100000
0001001001101001001111111100101110010000010011101100100101100010110111010101001001101000001100100001
0001001001101001001111111100101110010000010011101100100101100010110111010101001001101000001100100001
0011001001101001001111111100101110010000010011101100110101100010111111010101001001101000001100100000
0011001001101001001111111100101110010000010011101100110101100010111111010101001001101000001100100000
0001001001101001001111111100101110010000010011101100100101100010111111010101001001101000001100100001
0001001001101001001111111100101110010000010011101100100101100010111111010101001001101000001100100001
0001001001101001001111111100100110010000010011101100100101100110110111010101001001101000101100100001
0001001001101001001111111100100110010000010011101100100101100110110111010101001001101000101100100001
0011001001101001001111111100101110010000010011101100100101100010111111010101001001101000101100100000
0011001001101001001111111100101110010000010011101100100101100010111111010101001001101000101100100000
0011001001101001001111111100101110010000010011101100100101100010110111010101000001101000001100100001
0011001001101001001111111100101110010000010011101100100101100010110111010101000001101000001100100001
0001001001101001001111111100101110010000010011101100100101100010110111010101001001101000101100100001
0001001001101001001111111100101110010000010011101100100101100010110111010101001001101000101100100001
0001001001101001001111101100100110010000011111101101100101100110110111010101001001101000001100100001
0001001001101001001111101100100110010000011111101101100101100110110111010101001001101000001100100001
0011001001101001001111111100101100010000010011101100100101100110110111010101001001101000001100100001
0011001001101001001111111100101100010000010011101100100101100110110111010101001001101000001100100001
0001001001101001001111111100101110010000010011101100100101100110111111010101001001101000001100100000
0011001001101001001111111100101110010000010011101100100101100010110111010101001001101000001100100001
0011001001101001001111111100101110010000010011101100100101100010110111010101001001101000001100100001
0011001001101001001111111100101110010000010011101101100101100010110111010101001001101000001100100000
0011001001101001001111111100101110010000011011101100100101100010110111010101001001101000001100100001
0011001001101001001111111100101110010000010011101100100101100010111111010101001001101000001100100001
0011001001101001001111111100101110010000010011101100100101100010111111010101001001101000001100100001
0011001001101001001111111100101110010000010011101101100101100010111111010101001001101000001100100000
0011001001101001001111111100101110010000010011101101100101100010111111010101001001101000001100100000
0011001001101001001111111100101110010000010011101100100101100010110111010101001001101000101100100001
0011001001101001001111111100101110010000010011101100100101100010110111010101001001101000101100100001
0011001001101001001111101100100110010000011111101101100101100110110111010101001001101000001100100001
0011001001101001001111101100100110010000011111101101100101100110110111010101001001101000001100100001
0011001001101001001111111100101110010000010011101100100101100110111111010101001001101000001100100000
0011001001101001001111111100101110010000010011101100100101100110111111010101001001101000001100100000
0001001001101001001111111100101110010000010011101100100101100110110111010101001001101000001100100001
0001001001101001001111111100101110010000010011101100100101100110110111010101001001101000001100100001
0011001001101001001111111100101110010000010011101101100101100010110111010101000001101000001100100001
0011001001101001001111111100101110010000010011101100100101100110110111010101001001101000101100100000
0011001001101001001111111100101110010000010011101100100101100110110111010101001001101000101100100000
0011001001101001001111111100101110010000010011101100110101100010111111010101001001101000101100100001
0001001001101001001111111100101110010000010011101100100101100110111111010101001001101000001100100001
0001001001101001001111111100101110010000010011101100100101100110111111010101001001101000001100100001
0011001001101001001111111100101110010000010011101100100101100110111111010101001001101000101100100000
0011001001101001001111111100101110010000010011101101100101100010110111010101001001101000001100100001
0011001001101001001111111100101110010000010011101101100101100010110111010101001001101000001100100001
0011001001101001001111111100101110010000011111101100100101100110110111010101001001101000001100100000
0011001001101001001111111100101110010000011111101100100101100110110111010101001001101000001100100000
0011001001101001001111111100101110010000010011101100100101100110110111010101001001101000001100100001
0011001001101001001111111100101110010000010011101100100101100110110111010101001001101000001100100001
0011001001101001001111111100101110010000010011101101100101100110110111010101001001101000001100100000
0011001001101001001111111100101110010000010011101101100101100110110111010101001001101000001100100000
0011001001101001001111111100101110010000010011101100100101100110111111010101001001101000001100100001
0011001001101001001111111100101110010000010011101100100101100110111111010101001001101000001100100001
0001001001101001001111111100101110010000010011101101100101100110110111010101001001101000001100100001
0001001001101001001111111100101110010000010011101101100101100110110111010101001001101000001100100001
0011001001101001001111111100101110010000011111101100100101100110111111010101001001101000101100100000
0011001001101001001111111100101110010000011111101100100101100110111111010101001001101000101100100000
0011001001101001001111111100101110010000011111101101100101100010110111010101001001101000001100100001
0011001001101001001111111100101110010000011111101101100101100010110111010101001001101000001100100001
0011001001101001001111111100101110010000010011101100100101100110111111010101001001101000101100100001
0011001001101001001111111100101110010000010011101100100101100110111111010101001001101000101100100001
0011001001101001001111111100101110010000011111101101100101100011110111010101001001101000001100100001
0011001001101001001111111100101110010000011111101101100101100011110111010101001001101000001100100001
0011001001101001001111111100101110010000011111101100100101100110110111010101001001101000001100100001
0011001001101001001111111100101110010000010011101101100101100110110111010101001001101000001100100001
0011001001101001001111111100101110010000010011101101100101100110110111010101001001101000001100100001
0001001001101001001111111100101110010000011111101101100101100110110111010101001001101000001100100001
0011001001101001001111111100101110010000010111101101100101110110111111010101001001101000001100100000
0011001001101001001111111100101110010000011111101100100101100110111111010101001001101000101100100001
0011001001101001001111111100101110010000011111101100100101100110111111010101001001101000101100100001
0011001001101001001111111100101110010000011111101100100101100110111111010101001001101000001100101001
0011001001101001001111111100101110010000011111101100100101100110111111010101001001101000001100101001
0011001001101001001111111100101110010000011111101101000101100110110111010101001001101000001100100001
0011001001101001001111111100101110010000011111101101000101100110110111010101001001101000001100100001
0011001001101001001111111100101110010000010011101101110101100110111111010101001001101000101100100001
0011001001101001001111111100101110010000011111101101100101100110110111010101001001101000001100100001
0011001001101001001111111100101110010000011111101101100101100110110111010101001001101000001100100001
0001001001101001001111111100101110010000010111101101100101110110111111010101001001101000001100101001
0011001001101001001111111100101110010000011111101100100101100110111111010101001001101000111100101001
0011001001101001001111111100101110010000011111101100100101100110111111010101001001101000111100101001
0011001001101001011111111100101110010000011111101101100101100110110111010101001001101000001100100001
0011001001101001011111111100101110010000011111101101100101100110110111010101001001101000001100100001
0011001001101001001111111100101110010000011111101101100101110110111111010101001001101000001100100001
0011001001101001001111111100101110010000011111101101100101110110111111010101001001101000001100100001
0011001001101001001111111100101110010000011111101101100101100111111111011101001001101000001100100001
0011001001101001001111111100101110010000011111101101100101100111111111011101001001101000001100100001
0011001001101001001111111100101110010000010111101101100101110110111111010101001001101000001100101001
0011001001101001001111111100101110010000010111101101100101110110111111010101001001101000001100101001
0011001001101001001111111100101110010000011111101101100101100111111111010101011001101000001100100001
0011001001101001001111111100101110010000011111101101100101110110111111010101001001101000001100101001
0011001001101001001111111100101110010000011111101101100101110110111111010101001001101000001100101001
0011001001101001011111111100101110010000011111101101110101100110111111010101001001101000101100100001
0011001001101001011111111100101110010000011111101101110101100110111111010101001001101000101100100001
0011001001101001001111111100101110010000011111101101100101110110111111011101001001101000101100100001
0011001001101001001111111100101110010000011111101101100101110110111111011101001001101000101100100001
0011001001101001001111111100101110010000011111101101100101110110111111011101001001101000001100101001
0011001001101001001111111100101110010000011111101101100101110110111111011101001001101000001100101001
0011001001101001001111111100101110010000011111101101100101110111111111011101001001101000001100101001
0011001001101001001111111100101110010000011111101101100101110111111111011101001001101000001100101001
0011001001101001001111111100101110010000011111101101110111110110110111010101001001101000001100100001
0011001001101001001111111100101110010000011111101101110111110110110111010101001001101000001100100001
0011001001101001001111111100101110010000011111101101110111110110111111010101001001101000001100100001
0011001001101001001111111100101110010000011111101101110111110110111111010101001001101000001100100001
0011001001101001011111111100101110010000011111101101110111100110111111010101001001101000001100100001
0011001001101001001111111100101110010000011111101101110111110110111111010101001001101000101100100001
0011001001101001001111111100101110010000011111101101110111110110111111010101001001101000101100100001
0011001001101001011111111100101110010000011111101101110111100110111111010101001001101000101100100001
0011001001101001011111111100101110010000011111101101110111100110111111010101001001101000101100100001
0011001001101001001111111100101110010000011111101101110111110110111111010101001001101000111100100001
0011001001101001001111111100101110010000011111101101110111110110111111010101001001101000111100100001
0011001001101001001111111100101110010000011111101101110111110110111111011101001001101000101100100001
0011001001101001001111111100101110010000011111101101110111110111111111011101001001101000101100100001
0011001001101001001111111100101110010000011111101101110111110111111111011101001001101000101100100001
0011001001101001001111111100101110010000011111101101110111110111111111110101001001101000001100100001
0011001001101001001111111100101110010000011111101101110111110111111111110101001001101000001100100001
0011001001101001011111111100101110010000011111101101110111110110111111010101001001101000101100101001
0011001001101001011111111100101110010000011111101101110111110110111111010101001001101000101100101001
0011001001101001001111111100101110010000011111101101111111110110111111010101011001101000001100101001
0011001001101001001111111100101110010000011111101101111111110110111111010101011001101000001100101001
0011001001101001001111111100101110010000011111101101110111110110111111110101001001101000101100101001
0011001001101001001111111100101110010000011111101101110111110110111111110101001001101000101100101001
0011001001101001001111111100101110010000011111101101110111110111111111111101001001101000101100100001
0011001001101001001111111100101110010000011111101101110111110111111111111101001001101000101100100001
0011001001101001001111111100101110010000011111101101110111110111111111110101011001101000101100100001
0011001001101001001111111100101110010000011111101101110111110111111111110101011001101000101100100001
0011001001101001001111111100101110110000011111101101100111100110111111010101001001101000101100101001
0011001001101001001111111100101110110000011111101101100111100110111111010101001001101000101100101001
0011001001101001001111111100101110010000011111101101100111110111111111110101011001101000101100101001
0011001001101001001111111100101110110000011111101101110111100110111111010101001001101000101100101001
0011001001101001001111111100101110110000011111101101110111100110111111010101001001101000101100101001
0011001001101001001111111100101110010000011111101101110111110111111111110101011001101000101100101001
0011001001101001001111111100101110010000011111101101110111110111111111110101011001101000101100101001
0011001001101001001111111100101110110000011111101101110111100111111111011101001001101000101100100001
0011001001101001001111111100101110110000011111101101110111110110111111010101001001101000101100101001
0011001001101001001111111100101110110000011111101101110111110110111111010101001001101000101100101001
0011001001101001001111111100101110010000011111101101110111110111111111111101011001101000101100101001
0011001001101001001111111100101110010000011111101101110111110111111111111101011001101000101100101001
0011001001101001001111111100101110110000011111101101110111110110111111011101001001101000101100101001
0011001001101001001111111100101110110000011111101101110111110110111111011101001001101010001100101001
0011001001101001001111111100101110110000011111101101111111110110111111010101011001101000001100101001
0011001001101001001111111100101110110000011111101101111111110110111111010101011001101000001100101001
0011001001101001001111111100101110110000011111101101110111110110111111110101001001101000101100101001
0011001001101001001111111100101110110000011111101101110111110110111111110101001001101000101100101001
0011001001101001001111111100101110110000011111101101111111110110111111011101011001101000001100101001
0011001001101001001111111100101110110000011111101101111111110110111111011101011001101000001100101001
0011001001101001001111111100101110110000011111101101111111110110111111011101011001101000101100101001
0011001001101001001111111100101110110000011111101101111111110110111111011101011001101010001100101001
0011001001101001001111111100101110110000011111101101111111110110111111011101011001101010001100101001
0011001001101101011111111100101110110000011111101101111111110110111111011101001001101000101100100001
0011001001101001011111111100101110010000011111101101110111110111111111110111011001101000101100101001
0011001001101001011111111100101110010000011111101101110111110111111111110111011001101000101100101001
0011001001101001001111111100101110110100011111101101110111110111110111110101011001101000101100101001
0011001001101001001111111100101110110100011111101101110111110111110111110101011001101000101100101001
0011001001101101011111111100101110110000011111101101111111110110111111011101001001101000101100101001
0011001001101001011111111100101110110100011111101101111111110111111111110101001001101000101100101001
0011001001101001011111111100101110110100011111101101111111110111111111110101001001101000101100101001
0011001001101101011111111100101110110000011111101101111111110110111111011101011001101000101100101001
0011001001101001011111111100101110110100011111101101111111110111111111111101001001101000101100101001
0011001001101001001111111100101110110000011111101101110111110110111111011111011001101000111100101001
0011001001101001001111111100101110110000011111101101110111110110111111011111011001101000111100101001
0011001001101001001111111100101110110000011111101101100111110111111111110101011001101010101100101011
0011001001101001001111111100101110110000011111101101110111110110111111110111011001101010001100101001
0011001001101001001111111100101110110000011111101101110111110110111111110111011001101010001100101001
0011001001101001011111111100101110110000011111101101110111110110111111011111011001101000111100101001
0011001001101001011111111100101110110000011111101101110111110110111111011111011001101000111100101001
0011001001101001011111111100101110110000011111101101110111110111111111011111011001101000111100101001
0011001001101001001111111100101110110000011111101101110111110111111111110111011001101010101100101001
0011001001101001001111111100101110110100011111101101110111110111111111110111011001101000101100101001
0011001001101001001111111100101110110100011111101101110111110111111111110111011001101000101100101001
0011001001101001001111111100101110110100011111101101111111110110111111011111011001101000111100101001
0011001001101001001111111100101110110100011111101101111111110110111111011111011001101000111100101001
0011001001101001001111111100101110110100011111101101110111110111111111110111011001101000111100101001
0011001001101001001111111100101110110100011111101101110111110111111111110111011001101000111100101001
0011001001101001001111111100101110110000011111101101110111110110111111011111011001101000111100101011
0011001001101001001111111100101110110000011111101101110111110110111111011111011001101000111100101011
0011001001101101011111111100101110110000011111101101110111110111111111011111011001101000111100101001
0011001001101101011111111100101110110000011111101101101111110110111111011111011001101000111100101001
0011001001101101011111111100101110110000011111101101101111110110111111011111011001101000111100101001
0011001001111101011111111100101110110000011111101101110111110110111111011111011001101000111100101001
0011001001101001001111111100101110110000011111101101100111110110111111110111011001101010101100101011
0011001001101001001111111100101110110000011111101101100111110110111111110111011001101010101100101011
0011001001101001011111111100101110110100011111101101111111110111111111110101011001101010101100101011
0011001001101001011111111100101110110100011111101101111111110111111111110101011001101010101100101011
0011001001101001001111111100101110110000011111101101110111110110111111110111011001101010101100101011
0011001001101001001111111100101110110000011111101101110111110110111111110111011001101010101100101011
0011001001101001001111111100101110110000011111101101110111110111111111110111011001101010101100101011
0011001001101101001111111100101110110100011111101101110111110111111111110111011001101010101100101001
0011001001101001001111111100101110111000011111101101110111110111111111110111011001101000111100101001
0011001001101001011111111100101110110100011111101101110111110111111111110111011001101000101100101011
0011001001101001011111111100101110110100011111101101110111110111111111110111011001101000101100101011
0011001001101001011111111100101110111000011111101101110111110111111111110111011001101010101100100001
0011001001101001011111111100101110110100011111101101111111110111111111110111011001101000101100101011
0011001001101101001111111100101110110100011111101101110111110111111111110111011001101000101100101011
0011001001101101001111111100101110110100011111101101110111110111111111110111011001101000101100101011
0011001001101001011111111100101110110100011111101101111111110111111111110111011001101010101100101011
0011001001101001001111111100101110111000011111101101110111110111111111110111011001101010101100101011
0011001001101001011111111100101110111000011111101101110111110111111111110111011001101010101100101011
0011001001101001011111111100101110111000011111101101110111110111111111110111011001101010101100101011
0011001001101001011111111100101110111000011111101101110111110111111111110111011001101010111100101011
0011001101101001001111111100101110111000011111101101110111110111111111110111011001101010111100101011
0011001001101001011111111100101110111000011111101101110111110111111111110111011001101010101100101111
0011001001101001011111111100101110111000011111101101110111110111111111111111011001101010111100101111
0111001001111101011111111101111110110110011111101111111111110110111111011111011001101010011100101011
0111001001111101011111111101111110110110011111101111111111110110111111011111011001101010011100101011
0111001001111101011111111101111110110110011111101111111111110110111111011111011001101010101100101011
0111001001111101011111111101111110110110011111101111111111110110111111011111011001101010101100101011
