209.0 -17820.0
219.0 -18876.0
229.0 -19140.0
235.0 -19488.0
235.0 -19488.0
235.0 -19488.0
243.0 -19548.0
243.0 -19548.0
244.0 -19812.0
248.0 -20016.0
248.0 -20016.0
258.0 -20844.0
266.0 -21036.0
266.0 -21036.0
279.0 -21576.0
279.0 -21576.0
291.0 -21960.0
301.0 -22152.0
301.0 -22152.0
301.0 -22152.0
303.0 -22368.0
305.0 -22668.0
314.0 -23232.0
326.0 -23412.0
326.0 -23412.0
326.0 -23412.0
334.0 -23520.0
336.0 -23664.0
338.0 -23868.0
344.0 -24036.0
344.0 -24036.0
344.0 -24036.0
352.0 -24408.0
352.0 -24408.0
357.0 -24600.0
357.0 -24600.0
357.0 -24600.0
361.0 -25068.0
361.0 -25068.0
364.0 -25200.0
371.0 -25488.0
371.0 -25488.0
371.0 -25488.0
378.0 -25500.0
378.0 -25500.0
378.0 -25500.0
385.0 -25572.0
385.0 -25572.0
386.0 -25692.0
386.0 -25692.0
386.0 -25692.0
387.0 -26184.0
387.0 -26184.0
387.0 -26184.0
394.0 -26328.0
394.0 -26328.0
399.0 -26412.0
403.0 -26424.0
403.0 -26424.0
409.0 -26748.0
411.0 -26964.0
419.0 -27396.0
419.0 -27396.0
421.0 -27684.0
433.0 -27780.0
437.0 -27960.0
437.0 -27960.0
440.0 -28008.0
444.0 -28116.0
453.0 -28380.0
458.0 -28704.0
458.0 -28704.0
466.0 -28824.0
466.0 -28824.0
467.0 -28836.0
470.0 -29136.0
470.0 -29136.0
481.0 -29268.0
490.0 -29304.0
492.0 -29328.0
492.0 -29328.0
495.0 -29628.0
495.0 -29628.0
495.0 -29628.0
503.0 -29796.0
503.0 -29796.0
507.0 -29856.0
512.0 -29892.0
518.0 -30180.0
518.0 -30180.0
518.0 -30180.0
526.0 -30300.0
526.0 -30300.0
526.0 -30300.0
528.0 -30516.0
533.0 -30624.0
533.0 -30624.0
533.0 -30624.0
543.0 -30672.0
543.0 -30672.0
543.0 -30672.0
545.0 -30888.0
545.0 -30888.0
545.0 -30888.0
547.0 -31020.0
552.0 -31236.0
555.0 -31248.0
562.0 -31392.0
568.0 -31656.0
577.0 -31728.0
577.0 -31728.0
585.0 -31788.0
587.0 -31884.0
587.0 -31884.0
587.0 -31884.0
593.0 -32148.0
596.0 -32208.0
602.0 -32268.0
602.0 -32268.0
602.0 -32268.0
610.0 -32340.0
612.0 -32604.0
619.0 -32712.0
619.0 -32712.0
627.0 -32760.0
627.0 -32760.0
628.0 -32952.0
628.0 -32952.0
628.0 -32952.0
633.0 -33024.0
633.0 -33024.0
644.0 -33240.0
645.0 -33252.0
650.0 -33360.0
652.0 -33636.0
660.0 -33696.0
660.0 -33696.0
660.0 -33696.0
662.0 -33744.0
662.0 -33744.0
662.0 -33744.0
668.0 -33828.0
676.0 -33852.0
676.0 -33852.0
677.0 -34176.0
677.0 -34176.0
677.0 -34176.0
687.0 -34440.0
687.0 -34440.0
687.0 -34440.0
696.0 -34464.0
700.0 -34656.0
707.0 -34680.0
707.0 -34680.0
709.0 -34776.0
709.0 -34776.0
709.0 -34776.0
710.0 -34836.0
711.0 -34872.0
712.0 -34932.0
712.0 -34932.0
712.0 -34932.0
724.0 -34992.0
725.0 -35148.0
725.0 -35148.0
731.0 -35268.0
733.0 -35316.0
740.0 -35424.0
740.0 -35424.0
746.0 -35496.0
749.0 -35652.0
749.0 -35652.0
749.0 -35652.0
750.0 -35688.0
750.0 -35688.0
750.0 -35688.0
756.0 -35760.0
756.0 -35760.0
758.0 -35808.0
758.0 -35808.0
765.0 -35916.0
765.0 -35916.0
765.0 -35916.0
767.0 -35988.0
767.0 -35988.0
767.0 -35988.0
770.0 -36036.0
775.0 -36180.0
775.0 -36180.0
775.0 -36180.0
782.0 -36216.0
782.0 -36216.0
787.0 -36408.0
787.0 -36408.0
787.0 -36408.0
790.0 -36468.0
792.0 -36480.0
792.0 -36480.0
795.0 -36528.0
795.0 -36528.0
795.0 -36528.0
802.0 -36636.0
802.0 -36636.0
802.0 -36636.0
807.0 -36756.0
812.0 -36900.0
812.0 -36900.0
819.0 -37068.0
829.0 -37152.0
832.0 -37248.0
832.0 -37248.0
832.0 -37248.0
842.0 -37332.0
843.0 -37368.0
843.0 -37368.0
844.0 -37476.0
853.0 -37632.0
853.0 -37632.0
855.0 -37656.0
855.0 -37656.0
858.0 -37668.0
858.0 -37668.0
862.0 -37716.0
869.0 -37968.0
869.0 -37968.0
869.0 -37968.0
873.0 -38052.0
876.0 -38136.0
886.0 -38220.0
890.0 -38256.0
894.0 -38364.0
894.0 -38364.0
894.0 -38364.0
896.0 -38460.0
898.0 -38544.0
898.0 -38544.0
898.0 -38544.0
904.0 -38628.0
904.0 -38628.0
904.0 -38628.0
906.0 -38712.0
912.0 -38724.0
918.0 -38856.0
919.0 -38916.0
926.0 -39024.0
926.0 -39024.0
926.0 -39024.0
931.0 -39084.0
931.0 -39084.0
931.0 -39084.0
934.0 -39144.0
934.0 -39144.0
934.0 -39144.0
937.0 -39240.0
937.0 -39240.0
937.0 -39240.0
940.0 -39276.0
943.0 -39348.0
943.0 -39348.0
943.0 -39348.0
947.0 -39384.0
947.0 -39384.0
951.0 -39516.0
951.0 -39516.0
951.0 -39516.0
955.0 -39576.0
955.0 -39576.0
955.0 -39576.0
956.0 -39636.0
964.0 -39660.0
964.0 -39660.0
964.0 -39660.0
968.0 -39768.0
968.0 -39768.0
971.0 -39780.0
973.0 -39816.0
980.0 -40068.0
980.0 -40068.0
988.0 -40236.0
988.0 -40236.0
988.0 -40236.0
997.0 -40320.0
997.0 -40320.0
997.0 -40320.0
998.0 -40380.0
1001.0 -40392.0
1005.0 -40488.0
1005.0 -40488.0
1005.0 -40488.0
1008.0 -40500.0
1008.0 -40500.0
1008.0 -40500.0
1017.0 -40584.0
1019.0 -40632.0
1025.0 -40752.0
1037.0 -40836.0
1037.0 -40836.0
1037.0 -40836.0
1045.0 -40860.0
1045.0 -40860.0
1046.0 -40884.0
1046.0 -40884.0
1048.0 -40980.0
1048.0 -40980.0
1058.0 -41040.0
1061.0 -41112.0
1061.0 -41112.0
1065.0 -41148.0
1065.0 -41148.0
1068.0 -41256.0
1068.0 -41256.0
1068.0 -41256.0
1073.0 -41292.0
1073.0 -41292.0
1076.0 -41340.0
1082.0 -41364.0
1083.0 -41448.0
1083.0 -41448.0
1083.0 -41448.0
1085.0 -41508.0
1093.0 -41592.0
1093.0 -41592.0
1093.0 -41592.0
1100.0 -41700.0
1100.0 -41700.0
1100.0 -41700.0
1105.0 -41760.0
1105.0 -41760.0
1105.0 -41760.0
1112.0 -41772.0
1112.0 -41772.0
1113.0 -41784.0
1113.0 -41784.0
1113.0 -41784.0
1120.0 -41952.0
1125.0 -42024.0
1131.0 -42060.0
1138.0 -42108.0
1141.0 -42192.0
1144.0 -42216.0
1150.0 -42300.0
1150.0 -42300.0
1150.0 -42300.0
1157.0 -42312.0
1157.0 -42312.0
1161.0 -42408.0
1161.0 -42408.0
1168.0 -42456.0
1168.0 -42456.0
1168.0 -42456.0
1170.0 -42564.0
1170.0 -42564.0
1183.0 -42648.0
1183.0 -42648.0
1183.0 -42648.0
1187.0 -42660.0
1187.0 -42660.0
1188.0 -42720.0
1188.0 -42720.0
1188.0 -42720.0
1195.0 -42828.0
1205.0 -42852.0
1205.0 -42852.0
1206.0 -42948.0
1206.0 -42948.0
1210.0 -42960.0
1215.0 -43008.0
1215.0 -43008.0
1216.0 -43080.0
1216.0 -43080.0
1230.0 -43140.0
1230.0 -43140.0
1230.0 -43140.0
1236.0 -43260.0
1236.0 -43260.0
1250.0 -43392.0
1250.0 -43392.0
1262.0 -43488.0
1271.0 -43644.0
1287.0 -43752.0
1287.0 -43752.0
1287.0 -43752.0
1288.0 -43812.0
1288.0 -43812.0
1302.0 -43884.0
1302.0 -43884.0
1302.0 -43884.0
1307.0 -43944.0
1308.0 -43992.0
1308.0 -43992.0
1309.0 -44064.0
1309.0 -44064.0
1323.0 -44124.0
1323.0 -44124.0
1333.0 -44172.0
1333.0 -44172.0
1338.0 -44220.0
1338.0 -44220.0
1338.0 -44220.0
1345.0 -44328.0
1345.0 -44328.0
1345.0 -44328.0
1353.0 -44352.0
1353.0 -44352.0
1353.0 -44352.0
1374.0 -44604.0
1374.0 -44604.0
1374.0 -44604.0
1390.0 -44616.0
1390.0 -44616.0
1390.0 -44616.0
1398.0 -44640.0
1398.0 -44640.0
1398.0 -44640.0
1403.0 -44688.0
1403.0 -44688.0
1403.0 -44688.0
1405.0 -44748.0
1405.0 -44748.0
1405.0 -44748.0
1410.0 -44796.0
1410.0 -44796.0
1410.0 -44796.0
1418.0 -44820.0
1418.0 -44820.0
1418.0 -44820.0
1423.0 -44988.0
1430.0 -45096.0
1430.0 -45096.0
1430.0 -45096.0
1438.0 -45120.0
1438.0 -45120.0
1453.0 -45168.0
1453.0 -45168.0
1453.0 -45168.0
1461.0 -45276.0
1461.0 -45276.0
1461.0 -45276.0
1468.0 -45300.0
1468.0 -45300.0
1468.0 -45300.0
1476.0 -45360.0
1496.0 -45396.0
1497.0 -45432.0
1497.0 -45432.0
1497.0 -45432.0
1500.0 -45528.0
1500.0 -45528.0
1504.0 -45540.0
1504.0 -45540.0
1504.0 -45540.0
1512.0 -45564.0
1512.0 -45564.0
1512.0 -45564.0
1518.0 -45684.0
1525.0 -45792.0
1525.0 -45792.0
1525.0 -45792.0
1533.0 -45816.0
1533.0 -45816.0
1538.0 -45936.0
1538.0 -45936.0
1580.0 -46080.0
1580.0 -46080.0
1595.0 -46176.0
1595.0 -46176.0
1595.0 -46176.0
1605.0 -46272.0
1608.0 -46332.0
1608.0 -46332.0
1608.0 -46332.0
1621.0 -46404.0
1621.0 -46404.0
1630.0 -46572.0
1630.0 -46572.0
1669.0 -46584.0
1669.0 -46584.0
1670.0 -46776.0
1690.0 -47040.0
1705.0 -47172.0
1705.0 -47172.0
1705.0 -47172.0
1765.0 -47436.0
1795.0 -47460.0
1795.0 -47460.0
1795.0 -47460.0
1800.0 -47604.0
1800.0 -47604.0
1830.0 -47856.0
1860.0 -47868.0
1882.0 -47940.0
1885.0 -48012.0
2075.0 -48060.0
2083.0 -48108.0
2108.0 -48228.0
2108.0 -48228.0
2108.0 -48228.0
2118.0 -48492.0
2270.0 -48744.0
2270.0 -48744.0
