211.0 -14988.0
211.0 -14988.0
218.0 -16092.0
218.0 -16092.0
223.0 -16476.0
228.0 -19476.0
247.0 -20052.0
250.0 -20268.0
250.0 -20268.0
251.0 -20544.0
251.0 -20544.0
265.0 -20964.0
265.0 -20964.0
266.0 -21084.0
266.0 -21084.0
273.0 -21492.0
273.0 -21492.0
276.0 -21516.0
281.0 -21672.0
285.0 -21708.0
285.0 -21708.0
286.0 -22380.0
299.0 -22452.0
299.0 -22452.0
303.0 -22620.0
303.0 -22620.0
305.0 -23028.0
316.0 -23508.0
316.0 -23508.0
325.0 -23724.0
325.0 -23724.0
332.0 -24132.0
335.0 -24156.0
335.0 -24156.0
337.0 -24300.0
337.0 -24300.0
340.0 -24336.0
340.0 -24336.0
342.0 -24456.0
347.0 -24588.0
347.0 -24588.0
350.0 -24984.0
355.0 -25140.0
360.0 -25344.0
360.0 -25344.0
362.0 -25416.0
365.0 -25500.0
365.0 -25500.0
369.0 -25524.0
372.0 -25776.0
372.0 -25776.0
375.0 -25908.0
387.0 -25968.0
387.0 -25968.0
389.0 -26040.0
389.0 -26040.0
390.0 -26268.0
391.0 -26388.0
391.0 -26388.0
394.0 -26556.0
394.0 -26556.0
397.0 -26700.0
397.0 -26700.0
401.0 -26916.0
409.0 -27036.0
409.0 -27036.0
411.0 -27204.0
416.0 -27312.0
416.0 -27312.0
419.0 -27480.0
423.0 -27756.0
431.0 -27792.0
431.0 -27792.0
433.0 -28116.0
433.0 -28116.0
442.0 -28368.0
442.0 -28368.0
450.0 -28404.0
453.0 -28512.0
453.0 -28512.0
455.0 -28704.0
456.0 -28716.0
457.0 -28812.0
466.0 -28980.0
466.0 -28980.0
467.0 -29088.0
467.0 -29088.0
473.0 -29184.0
477.0 -29220.0
477.0 -29220.0
480.0 -29292.0
482.0 -29604.0
482.0 -29604.0
489.0 -29652.0
489.0 -29652.0
494.0 -29712.0
494.0 -29712.0
495.0 -29892.0
495.0 -29892.0
497.0 -30048.0
497.0 -30048.0
507.0 -30324.0
507.0 -30324.0
514.0 -30468.0
514.0 -30468.0
515.0 -30492.0
522.0 -30768.0
529.0 -30912.0
529.0 -30912.0
532.0 -31032.0
532.0 -31032.0
540.0 -31200.0
540.0 -31200.0
547.0 -31260.0
547.0 -31260.0
554.0 -31404.0
554.0 -31404.0
557.0 -31512.0
557.0 -31512.0
566.0 -31632.0
566.0 -31632.0
567.0 -31776.0
567.0 -31776.0
572.0 -31956.0
572.0 -31956.0
579.0 -32100.0
579.0 -32100.0
586.0 -32208.0
586.0 -32208.0
592.0 -32268.0
592.0 -32268.0
595.0 -32316.0
595.0 -32316.0
597.0 -32448.0
597.0 -32448.0
603.0 -32484.0
603.0 -32484.0
604.0 -32592.0
604.0 -32592.0
607.0 -32712.0
612.0 -32760.0
612.0 -32760.0
615.0 -32820.0
615.0 -32820.0
620.0 -33000.0
620.0 -33000.0
622.0 -33096.0
622.0 -33096.0
629.0 -33144.0
629.0 -33144.0
630.0 -33264.0
630.0 -33264.0
640.0 -33312.0
642.0 -33348.0
642.0 -33348.0
643.0 -33408.0
644.0 -33468.0
648.0 -33528.0
648.0 -33528.0
652.0 -33540.0
653.0 -33588.0
653.0 -33588.0
654.0 -33672.0
654.0 -33672.0
657.0 -33720.0
657.0 -33720.0
659.0 -33816.0
664.0 -33864.0
666.0 -33960.0
666.0 -33960.0
667.0 -33984.0
670.0 -33996.0
673.0 -34092.0
673.0 -34092.0
674.0 -34128.0
676.0 -34140.0
676.0 -34140.0
679.0 -34176.0
681.0 -34260.0
681.0 -34260.0
684.0 -34284.0
685.0 -34380.0
686.0 -34404.0
686.0 -34404.0
692.0 -34488.0
692.0 -34488.0
694.0 -34500.0
697.0 -34524.0
699.0 -34620.0
702.0 -34644.0
703.0 -34668.0
704.0 -34728.0
706.0 -34752.0
709.0 -34788.0
709.0 -34788.0
710.0 -34872.0
711.0 -34896.0
714.0 -34908.0
714.0 -34908.0
718.0 -34980.0
718.0 -34980.0
719.0 -35052.0
719.0 -35052.0
722.0 -35100.0
722.0 -35100.0
723.0 -35124.0
723.0 -35124.0
725.0 -35160.0
729.0 -35208.0
729.0 -35208.0
730.0 -35268.0
734.0 -35328.0
734.0 -35328.0
736.0 -35340.0
737.0 -35400.0
737.0 -35400.0
740.0 -35448.0
740.0 -35448.0
742.0 -35520.0
742.0 -35520.0
744.0 -35544.0
744.0 -35544.0
747.0 -35592.0
747.0 -35592.0
750.0 -35688.0
750.0 -35688.0
753.0 -35760.0
753.0 -35760.0
756.0 -35772.0
756.0 -35772.0
760.0 -35904.0
761.0 -35928.0
764.0 -35940.0
764.0 -35940.0
767.0 -36012.0
769.0 -36036.0
771.0 -36048.0
772.0 -36132.0
772.0 -36132.0
777.0 -36168.0
777.0 -36168.0
778.0 -36216.0
779.0 -36240.0
780.0 -36300.0
785.0 -36336.0
786.0 -36372.0
786.0 -36372.0
787.0 -36432.0
792.0 -36444.0
793.0 -36516.0
793.0 -36516.0
794.0 -36576.0
794.0 -36576.0
797.0 -36624.0
797.0 -36624.0
798.0 -36648.0
798.0 -36648.0
801.0 -36684.0
803.0 -36708.0
804.0 -36756.0
805.0 -36792.0
805.0 -36792.0
812.0 -36900.0
812.0 -36900.0
815.0 -36936.0
815.0 -36936.0
820.0 -37080.0
820.0 -37080.0
824.0 -37152.0
824.0 -37152.0
827.0 -37212.0
827.0 -37212.0
830.0 -37236.0
831.0 -37260.0
831.0 -37260.0
833.0 -37296.0
834.0 -37356.0
834.0 -37356.0
838.0 -37404.0
838.0 -37404.0
840.0 -37428.0
841.0 -37464.0
841.0 -37464.0
844.0 -37500.0
844.0 -37500.0
846.0 -37536.0
847.0 -37548.0
848.0 -37620.0
848.0 -37620.0
852.0 -37704.0
852.0 -37704.0
855.0 -37728.0
856.0 -37788.0
861.0 -37824.0
862.0 -37860.0
863.0 -37896.0
864.0 -37932.0
864.0 -37932.0
868.0 -37968.0
868.0 -37968.0
870.0 -38016.0
871.0 -38076.0
871.0 -38076.0
878.0 -38184.0
878.0 -38184.0
881.0 -38220.0
881.0 -38220.0
885.0 -38244.0
886.0 -38304.0
886.0 -38304.0
887.0 -38340.0
888.0 -38364.0
889.0 -38424.0
894.0 -38448.0
895.0 -38496.0
896.0 -38568.0
896.0 -38568.0
901.0 -38604.0
901.0 -38604.0
905.0 -38688.0
906.0 -38712.0
906.0 -38712.0
909.0 -38748.0
909.0 -38748.0
913.0 -38856.0
913.0 -38856.0
916.0 -38916.0
916.0 -38916.0
921.0 -39000.0
923.0 -39024.0
923.0 -39024.0
927.0 -39084.0
927.0 -39084.0
928.0 -39144.0
931.0 -39168.0
931.0 -39168.0
933.0 -39180.0
933.0 -39180.0
936.0 -39228.0
936.0 -39228.0
941.0 -39312.0
941.0 -39312.0
943.0 -39372.0
943.0 -39372.0
944.0 -39408.0
944.0 -39408.0
946.0 -39492.0
946.0 -39492.0
952.0 -39576.0
952.0 -39576.0
953.0 -39636.0
953.0 -39636.0
963.0 -39744.0
963.0 -39744.0
973.0 -39960.0
973.0 -39960.0
974.0 -39984.0
974.0 -39984.0
980.0 -40068.0
980.0 -40068.0
990.0 -40212.0
990.0 -40212.0
997.0 -40260.0
1008.0 -40416.0
1008.0 -40416.0
1018.0 -40644.0
1030.0 -40740.0
1030.0 -40740.0
1031.0 -40800.0
1038.0 -40908.0
1038.0 -40908.0
1045.0 -40932.0
1045.0 -40932.0
1058.0 -41088.0
1058.0 -41088.0
1065.0 -41100.0
1067.0 -41256.0
1067.0 -41256.0
1068.0 -41316.0
1075.0 -41424.0
1075.0 -41424.0
1090.0 -41472.0
1090.0 -41472.0
1096.0 -41544.0
1104.0 -41652.0
1113.0 -41772.0
1124.0 -41916.0
1135.0 -41988.0
1138.0 -42000.0
1140.0 -42132.0
1141.0 -42168.0
1141.0 -42168.0
1155.0 -42252.0
1155.0 -42252.0
1158.0 -42264.0
1160.0 -42396.0
1168.0 -42408.0
1168.0 -42408.0
1175.0 -42516.0
1175.0 -42516.0
1188.0 -42528.0
1189.0 -42600.0
1190.0 -42648.0
1195.0 -42696.0
1195.0 -42696.0
1196.0 -42768.0
1196.0 -42768.0
1210.0 -42816.0
1210.0 -42816.0
1213.0 -42948.0
1223.0 -42984.0
1223.0 -42984.0
1225.0 -43044.0
1225.0 -43044.0
1233.0 -43116.0
1240.0 -43236.0
1240.0 -43236.0
1246.0 -43296.0
1254.0 -43368.0
1254.0 -43368.0
1258.0 -43380.0
1260.0 -43488.0
1260.0 -43488.0
1268.0 -43548.0
1268.0 -43548.0
1285.0 -43752.0
1285.0 -43752.0
1315.0 -43980.0
1315.0 -43980.0
1346.0 -44016.0
1346.0 -44016.0
1348.0 -44148.0
1348.0 -44148.0
1355.0 -44256.0
1355.0 -44256.0
1363.0 -44316.0
1375.0 -44436.0
1375.0 -44436.0
1376.0 -44508.0
1376.0 -44508.0
1390.0 -44568.0
1405.0 -44664.0
1405.0 -44664.0
1420.0 -44772.0
1438.0 -44796.0
1445.0 -44904.0
1458.0 -44976.0
1458.0 -44976.0
1463.0 -45048.0
1465.0 -45084.0
1465.0 -45084.0
1473.0 -45144.0
1473.0 -45144.0
1480.0 -45216.0
1480.0 -45216.0
1484.0 -45300.0
1484.0 -45300.0
1486.0 -45336.0
1486.0 -45336.0
1494.0 -45396.0
1494.0 -45396.0
1498.0 -45408.0
1498.0 -45408.0
1501.0 -45468.0
1511.0 -45600.0
1511.0 -45600.0
1519.0 -45660.0
1519.0 -45660.0
1551.0 -45768.0
1561.0 -45828.0
1586.0 -45864.0
1603.0 -45972.0
1611.0 -46008.0
1617.0 -46080.0
1637.0 -46200.0
1637.0 -46200.0
1651.0 -46260.0
1651.0 -46260.0
1658.0 -46368.0
1673.0 -46416.0
1673.0 -46416.0
1695.0 -46428.0
1698.0 -46536.0
1729.0 -46632.0
1729.0 -46632.0
1752.0 -46692.0
1752.0 -46692.0
1753.0 -46824.0
1759.0 -46836.0
1759.0 -46836.0
1767.0 -46932.0
1774.0 -47076.0
1774.0 -47076.0
1780.0 -47088.0
1780.0 -47088.0
1923.0 -47232.0
1923.0 -47232.0
1984.0 -47412.0
1984.0 -47412.0
2131.0 -47520.0
