0000000000000000001001001000100000010000000001000000010100100010110111010000000001000000000000100000
0000000000000000001001001000100000010000000001000000010100100010110111010000000001000000001000100000
0000000000000000001001001000100000010000000001000000010100100010110111010000000001000000001000100000
0000000000000000001001001000100000010000000001001000010100100010110101010000000001000000001000100000
0000000000000000001001001000100000010000000001001000010100100010110101010000000001000000001000100000
0000000000000000001101001000100000010000000001001000000101100010110101010000000001000000000100100000
0000000000000000001101001000100000010000000001001000000101100010110101010000000001000000000100100000
0000000000000000001101001000100000010000000001001000000101100010110111010000000001000000000100100000
0000000000000000001101001000100000010000000001001000000101100010110111010000000001000000000100100000
0001000000000001001011001100100000000000000001001000100101000010111111010000000001000000000000100000
0001000000000000001101001000100000010000000001001000000101100010110111010000000001000000000100100000
0000000000000000001001101000100000010000010001001000010101100010110101010100000001000000000100100000
0001000000000000001001001000100000010000010000000100000101100010110111010100001001000000000100100000
0001000000000000001001001000100000010000010000000100000101100010110111010100001001000000000100100000
0001000000000000001001101000100000010000010001001100010101100010110101010000000001000000000100100000
0001000000000000001001101000100000010000010001001000010101100010110111010100000001000000000100100000
0001000000000000001001101000100000010000010001001000010101100010110111010100000001000000000100100000
0001000000000000001001101000100000010000010001001100000101100010110111010100000001000000000100100000
0001001000000001001011101100100000010000010001100100100101000000111111010000000001000000000000100000
0001000000100000001001101100100000010000010001001100010101100000110101010100000001000000000100100000
0001000000100000001001101100100000010000010001001100010101100000110101010100000001000000000100100000
0001000000100000001001101100100000010000010001001100010101100000110101010100000001000000000100100000
0001000000100000001001101100100000010000010001001100000101100010110101010100001001000000001000100000
0001001000100001001001101000100000010000010001001000010101100010110101010100000001000000000100100000
0001001000100001001001101000100000010000010001001000010101100010110101010100000001000000000100100000
0001001000100001001001101000100000010000010001001000010101100010110111010100000001000000000100100000
0001001000100001001001101000100000010000010001001000010101100010110111010100000001000000000100100000
0001001000100001001001101000100000010000010001001000010101100010110111010100000001000000000100100000
0001001000100001001111001100100000010000010001001000010101100010110101010000000001000000000100100000
0001001000100001001111001100100000010000010001001000010101100010110101010000000001000000000100100000
0001001000100001001001101100100000010000010001001000010101100010110111010100000001000000001000100000
0001001000100001001111101100100000010000010001000100000101100010110101010000000001000000000100100000
0001001000100001001111101100100000000000010001001000010101100010110111010100000001000000001000100000
0001000000100001001111101100100000010000010001001100010101100000110101010100000001000000000100100000
0001001000100001001111101100100000010000010001001000010101100010110111010100001001000000000000100000
0001001000100001001111101100100000010000010001001000010101100010110111010100001001000000000000100000
0001000000100001001111101100100000010000010001001100000101100010110101010100001001000000001000100000
0001001000100001001111101100100000010000010001001000010101100010110111010100000001000000001000100000
0001001000100001001111101100100000010000010001001000010101100010110111010100000001000000001000100000
0001001000100001001111101100100000010000010001001000010101100010110111010100000001000000001000100000
0001001000100001001111101100100000010000010001001100000101100010110101010100001001000000001000100000
0001001000100001001111101100100000010000010001001100000101100010110101010100001001000000001000100000
0001001000100001001111101100100000010000010001001100000101100010110101010100001001000000001000100000
0001001000100001001111101100100000010000010001001100010101100010110111010100000001000000001000100000
0001001000100001001111101100100000010000010001001100010101100010110111010100000001000000001000100000
0001001000100001001111101100100000010000010001001100000101100010110111010100001001000000001000100000
0001001000100001001111101100100000010000010001001100000101100010110111010100001001000000001000100000
0001001000100001001011101100100000010000010001001100000101000010110111010100000001000000001100100000
0001001000101001001111101100100000010000010001001100000101100010110111010100001001000000000000100000
0001001000101001001111101100100000010000010001001100000101100010110111010100001001000000000000100000
0001001000100001001111101100100000010000010001001000010101100010110111010100000001000000001100100000
0001001000100001001111101100100000010000010001001000010101100010110111010100000001000000001100100000
0001001000100001001011101100100000010000010001001100000101100010110111010100000001000000001100100000
0001001000100001001011101100100000010000010001001100000101100010110111010100000001000000001100100000
0001001000100001001111101100100000010000010001001100000101000010110111010100001001000000001100100000
0001001000100001001111101100100000010000010001001100000101100010110111010100000001000000001100100000
0001001000100001001111101100100000010000010001001100000101100010110111010100000001000000001100100000
0001001000100001001111101100100000010000010001001100010101100010110111010100000001000000001100100000
0001001000100001001111101100100000010000010001001100010101100010110111010100000001000000001100100000
0001001000100001001111101100100000010000010001001100000101100010110111010100001001000000001100100000
0001001000100001001111101100100000010000010001001100000101100010110111010100001001000000001100100000
0001001000100001001011101100100100010000010001001100000101100010110111010100000001000000001100100000
0001001000100001001011101100100100010000010001001100000101100010110111010100000001000000001100100000
0001001000100001001111101100100100010000010001001100000101100010110111010100000001000000001100100000
0001001000100001001111101100100100010000010001001100000101100010110111010100000001000000001100100000
0001001000100001001111101100100100010000010001001100010101100010110101010100001001000000001100100000
0001001000100001001111101100100100010000010001001100010101100010110101010100001001000000001100100000
0001001000101001001111101100100000010000010001001100000001100010110111010100001001000000001100100000
0001001000101001001011101100100000010000010001001100000101100010110111010100001001000000001100100000
0001001000101001001011101100100000010000010001001100000101100010110111010100001001000000001100100000
0001001000101001001111101100100000010000010001001100010101100010110111010100000001000000001100100000
0001001000100001001111101100100100010000010001001100100101100010110111010100001001000000001100100000
0001001000100001001111101100100100010000010001001100100101100010110111010100001001000000001100100000
0001001000101001001111101100100000010000010001001100000101100010110111010100001001000000001100100000
0001001000101001001111101100100000010000010001001100000101100010110111010100001001000000001100100000
0001001000101001001111101100100000010000010001001100010101100010110111010100001001000000001100100000
0001001000101001001111101100100000010000010001001100010101100010110111010100001001000000001100100000
0001001000101001001111101100100100010000010001001100000101100010110111010100000001000000001100100000
0001001000101001001111101100100100010000010001001100000101100010110111010100000001000000001100100000
0001001000101001001111101100100000010000010011001100010101100010110111010100000001000000001100100000
0001001000101001001111101100100000010000010011001100010101100010110111010100000001000000001100100000
0001001000101001001111101100100100010000010001001100010101100010110111010100000001000000001100100000
0001001000101001001111101100100100010000010001001100010101100010110111010100000001000000001100100000
0001001001101001001111101100100100010000010001001100110101100010110111010100000001000000001000100000
0001001001101001001111101100100100010000010001001100110101100010110111010100000001000000001000100000
0001001001101001001111101100100000010000010001001100010101100010110111010100000001000000001100100000
0001001001101001001111101100100000010000010001001100010101100010110111010100000001000000001100100000
0001001000101001001111101100100000010000010001001100110101100010110111010101000001000000001100100000
0001001001101001001111101100100000010000010001001100010101100010110111010100001001000000001100100000
0001001001101001001111101100100000010000010001001100010101100010110111010100001001000000001100100000
0001001001101001001111101100100100010000010001001100000101100000110111010100001001000000001100100000
0001001001101001001111101100100100010000010001001100000101100000110111010100001001000000001100100000
0001001000101001001111101100100000010000010011001100010101100010110111010101000001000000001100100000
0001001000101001001111101100100000010000010011001100010101100010110111010101000001000000001100100000
0001001001101001001111101100100000010000010001001100110101100010110111010100001001000000001100100000
0001001001101001001111101100100000010000010001001100110101100010110111010100001001000000001100100000
0001001001101001001111101100100000010000010011001100010101100010110111010100000001000000001100100000
0001001001101001001111101100100000010000010011001100010101100010110111010100000001000000001100100000
0001001001101001001111101100100100010000010001001100010101100010110111010100000001000000001100100000
0001001001101001001111101100100100010000010001001100010101100010110111010100000001000000001100100000
0001001001101001001111101100100000010000010011001100010101100010110111010100001001000000001100100000
0001001001101001001111101100100000010000010011001100010101100010110111010100001001000000001100100000
0001001001101001001111101100100100010000010011001100010101100010110101010100000001000000001100100000
0001001001101001001111101100100100010000010011001100010101100010110101010100000001000000001100100000
0001001001101001001111101100100100010000010001001100100101100010110111010100001001000000001100100000
0001001001101001001111101100100100010000010001001100100101100010110111010100001001000000001100100000
0001001000101001001111101100100100010000010011101100110101100010110111010100000001000000001100100000
0001001001101001001111101100100100010000010011001100000101100010110111010100000001000000001100100000
0001001001101001001111101100100100010000010001001100110101100010110111010100001001000000001100100000
0001001001101001001111101100100100010000010001001100110101100010110111010100001001000000001100100000
0001001001101001001111101100100100010000010011001100010101100010110111010100000001000000001100100000
0001001001101001001111101100100100010000010011001100010101100010110111010100000001000000001100100000
0001001001101001001111101100100100010000010001101100110101100010110111010100000001000000001100100000
0001001001101001001111101100100100010000010001101100110101100010110111010100000001000000001100100000
0001001001101001001111101100100100010000010011001100110101100010110111010100000001000000001100100000
0001001001101001001111101100100100010000010011001100100101100010110111010100001001000000001100100000
0001001001101001001111101100100100010000010011101100000101100010110111010100001001000000001100100000
0001001001101001001111101100100100010000010011001100100101100010111111010100001001000000001100100000
0001001001101001001111101100100100010000010011101100110101100010110111010100000001000000001100100000
0001001001101001001111101100100100010000010011101100100101100010110111010100001001000000001100100000
0001001001101001001111101100100100010000010011101100100101100010110111010100001001000000001100100000
0001001001101001001111101100100100010000010011001100010101100010110111010101001001000000001100100000
0001001001101001001111101100100100010000010011001100010101100010110111010101001001000000001100100000
0001001001101001001111101100100100010000010001101100110101100010110111010101001001000000001100100000
0001001001101001001111101100100100010000010011001100110101100010110111010101001001000000001100100000
0001001001101001001111101100100100010000010011001100110101100010110111010101001001000000001100100000
0001001001101001001111101100100100010000011011001100110101100010110111010101001001000000001100100000
0001001001101001001111101100100100010000011011001100110101100010110111010101001001000000001100100000
0001001001101001001111101100100100010000010011001100110101100010111111010101001001000000001100100000
0001001001101001001111101100100100010000010011001100110101100010111111010101001001000000001100100000
0001001001101001001111101100100100010000010011101100110101100010110111010101001001000000001100100000
0001001001101001001111101100100100010000010011101100110101100010110111010101001001000000001100100000
0011001001101001001111101100100100010000010011001100110101100010110111010101001001000000001100100000
0011001001101001001111101100100100010000010011001100110101100010110111010101001001000000001100100000
0001001001101001001111101100100100010000010001001100110101100010110111010101001001001000001100100000
0001001001101001001111101100100100010000010001001100110101100010110111010101001001001000001100100000
0001001001101001001111111100100100010000010011101100100101100010110111010100001001000000001100100000
0001001001101001001111111100100100010000010011101100100101100010110111010100001001000000001100100000
0001001000101001001111101100100100010000010011101100110101100010110111010101001001001000001100100000
0001001000101001001111101100100100010000010011101100110101100010110111010101001001001000001100100000
0001001001101001001111101100100100010000010011001100010101100010110111010101001001001000001100100000
0001001001101001001111101100100100010000010011001100010101100010110111010101001001001000001100100000
0001001001101001001111101100100100010000010001101100110101100010110111010101001001001000001100100000
0001001001101001001111101100100100010000010001101100110101100010110111010101001001001000001100100000
0001001001101001001111101100100100010000010011001100110101100010110111010101001001001000001100100000
0001001001101001001111101100100100010000010011001100110101100010110111010101001001001000001100100000
0001001001101001001111101100100100010000010011101100110101100010110111010101000001001000001100100000
0001001001101001001111101100100100010000010011101100110101100010110111010101000001001000001100100000
0001001001101001001111101100100100010000010011101100110101100010110111010101001001001000001100100000
0001001001101001001111101100100100010000010011101100110101100010110111010101001001001000001100100000
0001001001101001001111101100100100010000010011101100110101100010110111010101001001001000001100100000
0001001001101001001111101100100100010000011011101100110101100010110111010101001001001000001100100000
0001001001101001001111101100100100010000011011101100110101100010110111010101001001001000001100100000
0011001001101001001111101100100100010000010011101100110101100010110111010101001001100000001100100000
0011001001101001001111101100100100010000010011101100110101100010110111010101001001100000001100100000
0001001001101001001111101100100100010000010011101100110101100010110111010101001001001000001100101000
0001001001101001001111101100100100010000010011101100110101100010110111010101001001001000001100101000
0011001001101001001111101100100100010000010011101100110101100010110111010101001001001000001100100000
0011001001101001001111101100100100010000010011101100110101100010110111010101001001001000001100100000
0001001001101001001111101100100100010000010011101100110101100010110101010101001001101000001100100000
0001001001101001001111101100100100010000010011101100110101100010110101010101001001101000001100100000
0011001001101001001111101100100100010000011011101100110101100010110111010101001001001000001100100000
0011001001101001001111101100100100010000011011101100110101100010110111010101001001001000001100100000
0011001001101001001111101100100100010000010011101100110101100010111111010101001001001000001100100000
0011001001101001001111101100100100010000010011101100110101100010111111010101001001001000001100100000
0001001001101001001111101100100100010000010011101100110101100010110111010101001001001000001100100001
0001001001101001001111101100100100010000010011101100110101100010110111010101001001001000001100100001
0001001001101001001111101100100100010000010011101100110101100010110111010101001001101000001100100000
0001001001101001001111101100100100010000010011101100110101100010110111010101001001101000001100100000
0001001001101001001111101100100100010000010011101100110101100110111111010101000001001000001100100000
0001001001101001001111111100100100010000010011101100110101100010110111010101001001001000001100100000
0001001001101001001111111100100100010000010011101100110101100010110111010101001001001000001100100000
0011001001101001001111101100100100010000010011101100110101100010110111010101000001101000001100100000
0011001001101001001111101100100100010000010011101100110101100010110111010101000001101000001100100000
0001001001101001001111101100100110010000010011101100110101100010110111010101001001001000001100100000
0001001001101001001111101100100110010000010011101100110101100010110111010101001001001000001100100000
0001001001101001001111101100100100010000010011101100110101100110111111010101001001001000001100100000
0011001001101001001111101100100100010000010011101100110101100010110111010101001001001000001100100001
0011001001101001001111101100100100010000010011101100110101100010110111010101001001001000001100100001
0011001001101001001111101100100100010000010011101100110101100010110111010101001001101000001100100000
0011001001101001001111101100100100010000010011101100110101100010110111010101001001101000001100100000
0011001001101001001111101100100100010000010011101100110101100011110111010101001001101000001100100000
0011001001101001001111101100100100010000010011101100110101100011110111010101001001101000001100100000
0011001001101001001111111100100100010000010011101100110101100010110111010101001001001000001100100000
0011001001101001001111111100100100010000010011101100110101100010110111010101001001001000001100100000
0001001001101001001111101100100100010000010011101100110101100010110111010101001001101000001100100001
0001001001101001001111101100100100010000010011101100110101100010110111010101001001101000001100100001
0001001001101001001111101100100100010000010011101101110101100010110111010101001001101000001100100000
0001001001101001001111101100100100010000010011101101110101100010110111010101001001101000001100100000
0011001001101001001111111100100100010000010011101100110101100010111111010101001001001000001100100000
0001001001101001001111101100100100010000010011101100110101100010111111010101001001101000001100100001
0001001001101001001111101100100100010000010011101100110101100110111111010101000001101000001100100000
0001001001101001001111101100100100010000010011101100110101100110111111010101000001101000001100100000
0001001001101001001111111100100100010000010011101100110101100010110111010101001001101000001100100000
0001001001101001001111111100100100010000010011101100110101100010110111010101001001101000001100100000
0001001001101001001111101100100100010000010011101101110101100110111111010101001001001000001100100000
0001001001101001001111111100100100010000010011101100100101100010110111010101001001101000101100100000
0001001001101001001111111100100100010000010011101100100101100010110111010101001001101000101100100000
0011001001101001001111101100100100010000010011101100110101100010110111010101001001101000001100100001
0011001001101001001111101100100100010000010011101100110101100010110111010101001001101000001100100001
0011001001101001001111101100100100010000010011101101110101100010110111010101001001101000001100100000
0011001001101001001111101100100100010000010011101101110101100010110111010101001001101000001100100000
0001001001101001001111111100100110010000010011101100110101100010110111010101001001001000001100100000
0001001001101001001111111100100110010000010011101100110101100010110111010101001001001000001100100000
0011001001101001001111101100100100010000011011101100110101100010110111010101001001101000001100100001
0011001001101001001111101100100100010000011011101100110101100010110111010101001001101000001100100001
0011001001101001001111101100100100010000010011101100110101100010111111010101001001101000001100100001
0011001001101001001111111100100100010000010011101100110101100010110111010101001001101000001100100000
0011001001101001001111111100100100010000010011101100110101100010110111010101001001101000001100100000
0011001001101001001111101100101100010000010011101100110101100010110111010101001001101000001100100000
0011001001101001001111111100100100010000010011101100110101100011110111010101001001101000001100100000
0011001001101001001111111100100100010000010011101100110101100011110111010101001001101000001100100000
0011001001101001001111101100100100010000010011101100110101100110111111010101001001101000001100100000
0001001001101001001111111100100100010000010011101100110101100010110111010101001001101000001100100001
0001001001101001001111111100100100010000010011101100110101100010110111010101001001101000001100100001
0011001001101001001111111100100110010000010011101100110101100010110111010101001001001000001100100000
0011001001101001001111111100100110010000010011101100110101100010110111010101001001001000001100100000
0001001001101001001111111100100110010000010011101100110101100010110101010101001001101000001100100000
0001001001101001001111111100100110010000010011101100110101100010110101010101001001101000001100100000
0011001001101001001111111100100110010000011011101100110101100010110111010101001001001000001100100000
0011001001101001001111111100100100010000010011101100110101100010111111010101001001101000101100100000
0011001001101001001111111100100100010000010011101100110101100010111111010101001001101000101100100000
0011001001101001001111101100100100010000010011101101110101100010110111010101001001101000001100100001
0011001001101001001111101100100100010000010011101101110101100010110111010101001001101000001100100001
0011001001101001001111111100100100010000010111101100110101100010110111010101001001101000001100100000
0001001001101001001111111100100110010000010011101100110101100010110111010101001001001000001100100001
0001001001101001001111111100100110010000010011101100110101100010110111010101001001101000001100100000
0001001001101001001111111100100110010000010011101100110101100010110111010101001001101000001100100000
0001001001101001001111111100100100010000010011101100110101100110111111010101001001101000001100100000
0001001001101001001111111100100100010000010011101100110101100110111111010101001001101000001100100000
0011001001101001001111111100100100010000010011101100110101100010110111010101001001101000001100100001
0011001001101001001111111100100100010000010011101100110101100010110111010101001001101000001100100001
0011001001101001001111111100100100010000010011101101110101100010110111010101001001101000001100100000
0011001001101001001111111100100100010000010011101100110101100010111111010101001001101000001100100001
0011001001101001001111111100100110010000010011101100110101100010110111010101001001001000001100100001
0011001001101001001111111100100110010000010011101100110101100010110111010101001001001000001100100001
0011001001101001001111111100100110010000010011101100110101100010110111010101001001101000001100100000
0011001001101001001111111100100110010000010011101100110101100010110111010101001001101000001100100000
0011001001101001001111111100100100010000010011101100110101100110111111010101001001101000001100100000
0011001001101001001111111100100100010000010011101100110101100110111111010101001001101000001100100000
0011001001101001001111111100100110010000011011101100110101100010110111010101001001101000001100100000
0011001001101001001111111100100110010000011011101100110101100010110111010101001001101000001100100000
0001001001101001001111111100100110010000010011101100110101100010110111010101001001101000001100100001
0001001001101001001111111100100110010000010011101100110101100010110111010101001001101000001100100001
0001001001101001001111111100100110010000010011101101110101100010110111010101001001101000001100100000
0011001001101001001111111100101110010000011011101100110101100010110111010101001001001000001100100000
0011001001101001001111111100101110010000011011101100110101100010110111010101001001001000001100100000
0001001001101001001111111100101110010000010011101101100101100010110111010101001001001000001100100000
0001001001101001001111111100101110010000010011101101100101100010110111010101001001001000001100100000
0001001001101001001111101100100100010000010111101101100101100110111111010101001001101000001100100001
0001001001101001001111101100100100010000010111101101100101100110111111010101001001101000001100100001
0011001001101001001111111100100110010000010111101100110101100010110111010101001001101000001100100000
0011001001101001001111111100100110010000010111101100110101100010110111010101001001101000001100100000
0011001001101001001111111100100100010000010011101101110101100010111111010101001001101000001100100001
0001001001101001001111111100101110010000010011101100110101100010110111010101001001101000001100100000
0001001001101001001111111100101110010000010011101100110101100010110111010101001001101000001100100000
0011001001101001001111111100100110010000010111101100110101100010111111010101001001101000001100100000
0011001001101001001111111100100110010000010111101100110101100010111111010101001001101000001100100000
0001001001101001001111111100101110010000011011101100110101100010110111010101001001101000001100100000
0001001001101001001111111100101110010000011011101100110101100010110111010101001001101000001100100000
0011001001101001001111111100100110010000010011101101110101100010110111010101001001101000001100100000
0011001001101001001111111100100110010000010011101101110101100010110111010101001001101000001100100000
0011001001101001001111111100100110010000011011101100110101100010110111010101001001101000001100100001
0011001001101001001111111100100110010000011011101100110101100010110111010101001001101000001100100001
0011001001101001001111111100100110010000010011101100110101100010110111010101001001101000101100100001
0011001001101001001111111100100110010000010011101100110101100010110111010101001001101000101100100001
0011001001101001001111111100101110010000010011101100110101100010110111010101001001101000001100100000
0011001001101001001111111100101110010000010011101100110101100010110111010101001001101000001100100000
0001001001101001001111111100101110010000010011101101110101100010110111010101000001101000001100100000
0001001001101001001111111100101110010000010011101101110101100010110111010101000001101000001100100000
0011001001101001001111111100101110010000011011101100110101100010110111010101001001101000001100100000
0011001001101001001111111100101110010000010011101100110101100110110111010101001001001000001100100000
0001001001101001001111111100101110010000010011101100110101100010110111010101001001101000001100100001
0001001001101001001111111100101110010000010011101100110101100010110111010101001001101000001100100001
0001001001101001001111111100101110010000010011101101110101100010110111010101001001101000001100100000
0001001001101001001111111100101110010000010011101101110101100010110111010101001001101000001100100000
0011001001101001001111111100100110010000010111101100110101100010111111010101001001101000001100100001
0011001001101001001111111100100110010000010011101101110101100010110111010101001001101000001100100001
0011001001101001001111111100100110010000010011101101110101100010110111010101001001101000001100100001
0011001001101001001111111100101110010000010111101100110101100010110111010101001001101000001100100000
0011001001101001001111111100101110010000010111101100110101100010110111010101001001101000001100100000
0001001001101001001111111100101110010000010011101101110101100110111111010101001001001000001100100000
0001001001101001001111111100101110010000010011101101110101100110111111010101001001001000001100100000
0011001001101001001111111100101110010000010111101100110101100010111111010101001001101000001100100000
0011001001101001001111111100101110010000010111101100110101100010111111010101001001101000001100100000
0011001001101001001111111100101110010000010011101100110101100010110111010101001001101000001100100001
0011001001101001001111111100101110010000010011101100110101100010110111010101001001101000001100100001
0011001001101001001111111100101110010000010011101101110101100010110111010101001001101000001100100000
0011001001101001001111111100101110010000010011101101110101100010110111010101001001101000001100100000
0011001001101001001111111100101110010000011011101100110101100010110111010101001001101000001100100001
0001001001101001001111111100100110010000010111101101110101100110111111010101001001101000001100100000
0011001001101001001111111100100110010000010011101100100101100110111111010101001001101000101100100001
0001001001101001001111111100101110010000010011101101110101100010110111010101001001101000001100100001
0001001001101001001111111100101110010000010011101101110101100010110111010101001001101000001100100001
0011001001101001001111111100101110010000010011101101110101100110111111010101001001001000001100100000
0011001001101001001111111100101110010000010011101101110101100110111111010101001001001000001100100000
0011001001101001001111111100101110010000010111101101100101100010110111010101001001101000001100100000
0011001001101001001111111100101110010000010111101101100101100010110111010101001001101000001100100000
0011001001101001001111111100101110010000010111101100110101100010110111010101001001101000001100100001
0011001001101001001111111100101110010000010111101100110101100010110111010101001001101000001100100001
0001001001101001001111111100101110010000010011101101100101100110111111010101001001101000001100100000
0001001001101001001111111100101110010000010011101101100101100110111111010101001001101000001100100000
0011001001101001001111111100100110010000010111101101110101100110111111010101001001101000001100100000
0011001001101001001111111100100110010000010111101101110101100110111111010101001001101000001100100000
0001001001101001001111111100101110010000010011101101110101100110111111010101001001101000001100100000
0001001001101001001111111100101110010000010011101101110101100110111111010101001001101000001100100000
0011001001101001001111111100101110010000010011101101110101100010110111010101001001101000001100100001
0011001001101001001111111100101110010000010011101101110101100010110111010101001001101000001100100001
0011001001101001001111111100100110010000010111101100110101100110111111010101001001101000101100100001
0011001001101001001111111100100110010000010111101100110101100110111111010101001001101000101100100001
0011001001101001001111111100101110010000011111101100110101100110110111010101001001101000001100100000
0011001001101001001111111100101110010000011111101100110101100110110111010101001001101000001100100000
0011001001101001001111111100100110010000010111101101110101100110111111010101001001101000101100100000
0011001001101001001111111100100110010000010111101101110101100110111111010101001001101000101100100000
0011001001101001001111111100100110010000011111101100110101100110111111010101001001101000101100100001
0011001001101001001111111100100110010000011111101100110101100110111111010101001001101000101100100001
0011001001101001001111111100101110010000011111101100110101100110111111010101001001101000001100100000
0011001001101001001111111100101110010000011111101100110101100110111111010101001001101000001100100000
0011001001101001001111111100101110010000010011101101110101100110111111010101001001001000001100100001
0011001001101001001111111100101110010000010011101101110101100110111111010101001001001000001100100001
0011001001101001001111111100101110010000010111101101100101100010110111010101001001101000001100100001
0011001001101001001111111100101110010000010111101101100101100010110111010101001001101000001100100001
0011001001101001001111111100101110010000010011101101110101100110111111010101001001101000001100100000
0011001001101001001111111100101110010000010011101101110101100110111111010101001001101000001100100000
0011001001101001001111111100101110010000010111101101110101100010110111010101001001101000001100100001
0011001001101001001111111100101110010000010111101101110101100010110111010101001001101000001100100001
0011001001101001001111111100101110010000010011101101110101100110110111010101001001101000101100100000
0011001001101001001111111100101110010000010011101101100101100110111111010101001001101000101100100000
0011001001101001001111111100101110010000010011101101100101100110111111010101001001101000101100100000
0011001001101001001111111100101110010000010011101101100101100110111111010101001001101000001100101000
0011001001101001001111111100101110010000010011101101110101100110111111010101001001101000101100100000
0011001001101001001111111100101110010000010011101101110101100110111111010101001001101000101100100000
0011001001101001001111111100101110010000010111101101100101100110111111010101001001101000001100100000
0011001001101001001111111100101110010000010111101101100101100110111111010101001001101000001100100000
0011001001101001001111111100101110010000011011101101110101100110111111010101001001101000101100100000
0011001001101001001111111100101110010000011011101101110101100110111111010101001001101000101100100000
0011001001101001001111111100100110010000010111101101110101100110111111010101001001101000101100100001
0011001001101001001111111100101110010000010111101101110101100110111111010101001001101000001100100000
0011001001101001001111111100101110010000010111101101110101100110111111010101001001101000001100100000
0011001001101001001111111100101110010000010011101101100101100110111111010101001001101000001100100001
0011001001101001001111111100101110010000010011101101110101100110111111010101001001101000001100100001
0011001001101001001111111100101110010000010011101101110101100110111111010101001001101000001100100001
0011001001101001001111111100101110010000010111101101110101100110111111010101001001101000101100100000
0011001001101001001111111100101110010000010111101101110101100110111111010101001001101000101100100000
0011001001101001001111111100101110010000010011101101100101100110111111010101001001101000101100100001
0011001001101001001111111100101110010000010011101101100101100110111111010101001001101000101100100001
0011001001101001001111111100101110010000010011101101110101100110111111010101001001101000101100100001
0011001001101001001111111100101110010000010011101101110101100110111111010101001001101000101100100001
0011001001101001001111111100101110010000010111101101100101100110111111010101001001101000001100100001
0011001001101001001111111100101110010000010111101101100101100110111111010101001001101000001100100001
0011001001101001001111111100101110010000010111101101110101100110111111010101001001101000001100100001
0011001001101001001111111100101110010000010111101101110101100110111111010101001001101000001100100001
0011001001101001001111111100101110010000010011101101110101100110111111010101001001101000101100101001
0011001001101001001111111100101110010000010111101101100101100110111111010101001001101000101100100001
0011001001101001001111111100101110010000010111101101100101100110111111010101001001101000101100100001
0011001001101001001111111100101110010000010111101101100101100110111111010101001001101000001100101001
0011001001101001001111111100101110010000011111101101110101100111111111010101001001101000001100100001
0011001001101001001111111100101110010000010111101101110101100110111111010101001001101000101100100001
0011001001101001001111111100101110010000010111101101110101100110111111010101001001101000001100101001
0011001001101001001111111100101110010000010111101101110101100110111111010101001001101000001100101001
0011001001101001001111111100101110010000010011101101110101100110111111010101001001101010101100101001
0011001001101001001111111100101110010000010111101101110101100110111111010101001001101000011100101001
0011001001101001001111111100101110010000010111101101110101100110111111010101001001101000101100101001
0011001001101001001111111100101110010000010111101101110101100110111111010101001001101000101100101001
0011001001101001001111111100101110010000010111101101110101100110111111010101011001101000101100100001
0011001001101001001111111100101110010000010111101101110101100110111111010101011001101000101100100001
0011001001101001001111111100101110010000010111101101110111100110111111010101001001101000001100100001
0011001001101001001111111100101110010000010111101101110111100110111111010101001001101000001100100001
0001001001101001001111111100101110010000010111101101110111100110111111010101001001101000101100101001
0011001001101001001111111100101110010000010111101101110111100110111111010101001001101000101100100001
0011001001101001001111111100101110010000010111101101110111100110111111010101001001101000101100100001
0011001001101001001111111100101110010000010111101101110111100111111111011101001001101000001100100001
0011001001101001001111111100101110010000010111101101110111100110110111010101001001101000101100101001
0011001001101001001111111100101110010000010111101101100111100110111111010101001001101000101100101001
0011001001101001001111111100101110010000010111101101100111100110111111010101001001101000101100101001
0011001001101001001111111100101110010000010111101101110111100110111111010101001001101000101100101001
0011001001101001001111111100101110010000010111101101110111100110111111010101001001101000101100101001
0011001001101001001111111100101110010000010111101101110111100111111111011101001001101000001100101001
0011001001101001001111111100101110010000011111101101110111100111111111011101001001101000101100100001
0011001001101001001111111100101110010000011111101101110111100111111111011101001001101000101100100001
0011001001101001001111111100101110010000011111101101110111100111111111011101001001101000001100101001
0011001001101001001111111100101110010000010111101101100111100110111111011101011001101000101100100001
0011001001101001001111111100101110010000010111101101100111100110111111011101011001101000101100100001
0011001001101001001111111100101110010000010111101101110111100110111111110101001001101000101100100001
0011001001101001001111111100101110010000010111101101110111100110111111110101001001101000101100100001
0011001001101001001111111100101110010000010111101101110111100110111111011101011001101000101100100001
0011001001101001001111111100101110010000010111101101110111100110111111011101011001101000101100100001
0011001001101001001111111100101110010000011111101101110111100110111111110101001001101000101100100001
0011001001101001001111111100101110010000011111101101110111100110111111110101001001101000101100100001
0011001001101001001111111100101110010000010111101101100111100110111111011101011001101000101100101001
0011001001101001001111111100101110010000010111101101100111100110111111011101011001101000101100101001
0011001001101001001111111100101110010000010111101101110111100110111111110101001001101000101100101001
0011001001101001001111111100101110010000010111101101110111100110111111110101001001101000101100101001
0011001001101001001111111100101110010000010111101101110111100110111111011101011001101000101100101001
0011001001101001001111111100101110010000011111101101110111100110111111110101001001101000101100101001
0011001001101001001111111100101110010000011111101101110111100110111111110101001001101000101100101001
0011001001101001001111111100101110010000011111101101110111100110111111011101011001101000101100101001
0011001001101001001111111100101110010000011111101101110111100110111111011101011001101000101100101001
0011001001101001001111111100101110010000011111101101110111100110111111110101011001101000101100100001
0011001001101001001111111100101110010000011111101101110111100110111111110101011001101000101100100001
0011001001101001001111111100101110010000010111101101110111100110111111111101001001101000101100101001
0011001001101001001111111100101110010000010111101101110111100110111111111101001001101000101100101001
0011001001101001001111111100101110010000010111101101110111100110111111111101011001101000101100100001
0011001001101001001111111100101110010000010111101101110111100110111111111101011001101000101100100001
0011001001101001001111111100101110010000010111101101110111100110111111111101011001101000001100101001
0011001001101001001111111100101110010000010111101101110111100110111111111101011001101000001100101001
0011001001101001011111111100101110010000011111101101110111100110111111110101011001101000101100100001
0011001001101001001111111100101110010000011111101101110111100110111111111101011001101000001100101001
0011001001101001011111111100101110010000011111101101110111100111111111011101011001101000101100101001
0011001001101001001111111100101110010000010111101101110111100110111111111101011001101000101100101001
0011001001101001001111111100101110010000010111101101110111100110111111111101011001101000101100101001
0011001001101001001111111100101110010000011111101101110111100110111111111101011001101000101100101001
0011001001101001001111111100101110010000011111101101110111100110111111111101011001101000101100101001
0011001001101001001111111100101110010000010111101101110111100110111111111101011001101000111100101001
0011001001101001001111111100101110010000010111101101110111100110111111111101011001101000111100101001
0011001001101001001111111100101110010000010111101101110111110110111111111101011001101000101100101001
0011001001101001001111111100101110010000010111101101110111110110111111111101011001101000101100101001
0011001001101001001111111100101110010000010111101101110111100110111111111101011001101010101100101001
0011001001101001001111111100101110110000010111101101100111100110111111110101001001101000101100101001
0011001001101001001111111100101110110000010111101101110111100110110111011101011001101000101100101001
0011001001101001001111111100101110110000010111101101110111100110110111011101011001101000101100101001
0011001001101001001111111100101110110000010111101101100111100110111111011101011001101000101100101001
0011001001101001001111111100101110110000010111101101100111100110111111011101011001101000101100101001
0011001001101001001111111100101110110000010111101101110111100110111111011101011001101000101100101001
0011001001101001001111111100101110110000010111101101110111100110111111011101011001101000101100101001
0011001001101001001111111100101110110000011111101101110111110111111111011101011001101000001100101001
0011001001101001001111111100101110110000010111101101110111110111111111011101011001101000101100101001
0011001001101001001111111100101110110000010111101101110111110111111111011101011001101000101100101001
0011001001101001001111111100101110110000010111101101110111110111111111011101011001101000101100101001
0011001001101001001111111100101110110000010111101101100111100110111111111101011001101000101100101001
0011001001101001001111111100101110110000010111101101100111100110111111111101011001101000101100101001
0011001001101001001111111100101110110000010111101101110111100110111111111101011001101000101100101001
0011001001101001001111111100101110110000010111101101110111100110111111111101011001101000101100101001
0011001001101001001111111100101110110000010111101101110111100110111111111101011001101000101100101001
0011001001101001011111111100101110110000010111101101110111100110111111111101011001101000101100101001
0011001001101001011111111100101110110000010111101101110111100110111111111101011001101000101100101001
0011001001101001011111111100101110110000010111101101110111100110111111111101011001101000101100101001
0011001001101001001111111100101110110000010111101101110111100110111111111101011001101010101100101001
0011001001101001001111111100101110110100010111101101110111100110111111111101011001101000101100101001
0011001001101001001111111100101110110100010111101101110111100110111111111101011001101000101100101001
0011001001101001001111111100101110110100010111101101110111100111111111111101011001101000101100101001
0011001001101001001111111100101110110100010111101101110111100111111111111101011001101000101100101001
0011001001101001011111111100101110010000011111101101110111100110111111111111011001101010101100101001
0011001001101001011111111100101110010000011111101101110111100110111111111111011001101010101100101001
0011001001101001011111111100101110110100010111101101110111100110111111111101011001101000101100101001
0011001001101001011111111100101110110100010111101101110111100110111111111101011001101000101100101001
0011001001101001011111111100101110110100010111101101100111100110111111111101011001101010101100101001
0011001001101001011111111100101110110100010111101101100111100110111111111101011001101010101100101001
0011001001101001011111111100101110110100010111101101110111110110111111111101011001101000101100101001
0011001001101001011111111100101110110100010111101101110111110110111111111101011001101000101100101001
0011001001101001001111111100101110110000010111101101110111100110111111011111011001101010111100101001
0011001001101001001111111100101110110000010111101101110111100110111111011111011001101010111100101001
0011001001101001011111111100101110110100010111101101110111100110111111111101011001101010111100101001
0011001001101001001111111100101110111000010111101101110111110111111111011101011001101010101100101001
0011001001101001001111111100101110111000010111101101110111110111111111011101011001101010101100101001
0011001001101001001111111100101110110100010111101101100111100110111111111111011001101000101100101001
0011001001101001001111111100101110111000010111101101110111110110111111111101011001101000101100101001
0011001001101001001111111100101110111000010111101101110111110110111111111101011001101000101100101001
0011001001101001011111111100101110111000010111101101110111110111111111011101011001101010101100101001
0011001001101001011111111100101110110100010111101101100111100110111111111111011001101000101100101001
0011001001101001011111111100101110110100010111101101100111100110111111111111011001101000101100101001
0011001001101001001111111100101110110000010111101101110111111111111111011111011001101010111100101001
0011001001101001001111111100101110110000010111101101110111111111111111011111011001101010111100101001
0011001001101001001111111100101110110000011111101101111111111111111111111111001001101000101100101001
0011001001101001011111111100101110111100010111101101110111100110111111111101011001101000101100101001
0011001001101001011111111100101110111100010111101101110111100110111111111101011001101000101100101001
0011001001101001011111111100101110110000010111101101101111101111111111111111011001101000101100101001
0011001001101001001111111100101110110000010111101101101111101111111111111111011001101010101100101001
0011001001101001001111111100101110110000010111101101101111101111111111111111011001101010101100101001
0011001001101001001111111100101110110000011111101101111111111111111111111111001001101010101100101001
0011001001101001001111111100101110110000011111101101111111111111111111111111001001101010101100101001
0011001001101001001111111100101110110000011111101101111111111111111111111111011001101000101100101001
0011001001101001001111111100101110110000010111101101101111111111111111111111011001101010101100101001
0011001001101001001111111100101110110000010111101101101111111111111111111111011001101010101100101001
0011001001101001011111111100101110110000010111101101101111101111111111111111011001101010101100101001
0011001001101001011111111100101110110000010111101101101111101111111111111111011001101010101100101001
0011001001101001001111111100101110110000011111101101101111111111111111111111011001101010101100101001
0011001001101001001111111100101110110000011111101101101111111111111111111111011001101010101100101001
0011001001101001011111111100101110110100010111101101100111100110111111111111011001101000101100101011
0011001001101001001111111100101110110000011111101101111111111111111111111111011001101010101100101001
0011001001101001001111111100101110110000011111101101111111111111111111111111011001101010101100101001
1011001001101001001111111100101110110000010111101101101111111111111111111111011001101010101100101001
1011001001101001001111111100101110110000010111101101101111111111111111111111011001101010101100101001
0011001001101001001111111100101110111000010111101101101111101111111111011111011001101010101100101001
0011001001101001001111111100101110111000010111101101101111101111111111011111011001101010101100101001
0011001001101001001111111100101110111000011111101101101111101111111111011111011001101010101100101001
0011001001101001001111111100101110111000011111101101101111101111111111011111011001101010101100101001
0011001001101001011111111100101111110000011111101101111111111111111111111111001001101010101100101001
0011001001101001011111111100101111110000011111101101111111111111111111111111011001101010001100101001
0011001001101001011111111100101111110000011111101101111111111111111111111111011001101010001100101001
0011001001101001011111111100101111110000011111101101101111111111111111111111011001101010101100101001
0011001001101001011111111100101111110000011111101101101111111111111111111111011001101010101100101001
0011001001101001011111111100101111110000011111101101111111111111111111111111011001101010101100101001
0011001001101001011111111100101111110000011111101101111111111111111111111111011001101010101100101001
0011001001101001011111111100101111110000011111101101111111111111111111111111011001101010101100101001
0011001001101101011111111100101111110000011111101101111111111111111111111111011001101010101100100001
0011001001101101011111111100101111110000011111101101111111111111111111111111011001101010101100101001
0011001001101101011111111100101111110000011111101101111111111111111111111111011001101010101100101001
0011001001101101011111111100101111110000011111101101111111111111111111111111011001101010101100101001
0111001001111001011111111100101111110000111111101101111111111111111111111111011001101011001100101001
