177.0 -14784.0
177.0 -14784.0
193.0 -15396.0
200.0 -15828.0
204.0 -16680.0
226.0 -17016.0
226.0 -17016.0
228.0 -17532.0
228.0 -17532.0
234.0 -17556.0
235.0 -17856.0
235.0 -17856.0
238.0 -17916.0
238.0 -17916.0
239.0 -18156.0
239.0 -18156.0
243.0 -19632.0
247.0 -20076.0
253.0 -20184.0
253.0 -20184.0
256.0 -20328.0
258.0 -20856.0
258.0 -20856.0
273.0 -21048.0
273.0 -21048.0
275.0 -21132.0
275.0 -21132.0
277.0 -21204.0
277.0 -21204.0
279.0 -21372.0
286.0 -21504.0
286.0 -21504.0
289.0 -21720.0
289.0 -21720.0
294.0 -22392.0
294.0 -22392.0
300.0 -22440.0
300.0 -22440.0
304.0 -22488.0
305.0 -22716.0
314.0 -22848.0
314.0 -22848.0
315.0 -23076.0
319.0 -23316.0
319.0 -23316.0
322.0 -23400.0
332.0 -23448.0
335.0 -24096.0
344.0 -24684.0
344.0 -24684.0
349.0 -24828.0
349.0 -24828.0
357.0 -24900.0
357.0 -24900.0
363.0 -25044.0
363.0 -25044.0
364.0 -25500.0
364.0 -25500.0
372.0 -25572.0
372.0 -25572.0
376.0 -25860.0
379.0 -25956.0
379.0 -25956.0
382.0 -26040.0
382.0 -26040.0
386.0 -26124.0
390.0 -26520.0
394.0 -26628.0
394.0 -26628.0
397.0 -26676.0
399.0 -26736.0
399.0 -26736.0
400.0 -26940.0
412.0 -27120.0
412.0 -27120.0
419.0 -27552.0
419.0 -27552.0
422.0 -27600.0
422.0 -27600.0
432.0 -27636.0
432.0 -27636.0
434.0 -27756.0
434.0 -27756.0
437.0 -28044.0
437.0 -28044.0
441.0 -28248.0
445.0 -28452.0
452.0 -28500.0
452.0 -28500.0
454.0 -28536.0
454.0 -28536.0
461.0 -28860.0
461.0 -28860.0
466.0 -28968.0
466.0 -28968.0
467.0 -29172.0
467.0 -29172.0
475.0 -29280.0
477.0 -29436.0
486.0 -29568.0
486.0 -29568.0
487.0 -29712.0
487.0 -29712.0
496.0 -29844.0
496.0 -29844.0
497.0 -30048.0
497.0 -30048.0
504.0 -30192.0
505.0 -30216.0
507.0 -30324.0
507.0 -30324.0
513.0 -30420.0
513.0 -30420.0
517.0 -30588.0
517.0 -30588.0
525.0 -30648.0
525.0 -30648.0
530.0 -30828.0
532.0 -31032.0
532.0 -31032.0
540.0 -31092.0
540.0 -31092.0
547.0 -31260.0
547.0 -31260.0
555.0 -31344.0
557.0 -31524.0
557.0 -31524.0
563.0 -31608.0
563.0 -31608.0
565.0 -31692.0
567.0 -31776.0
567.0 -31776.0
572.0 -31908.0
572.0 -31908.0
579.0 -31956.0
580.0 -32076.0
580.0 -32076.0
582.0 -32220.0
582.0 -32220.0
590.0 -32388.0
590.0 -32388.0
603.0 -32484.0
603.0 -32484.0
604.0 -32496.0
605.0 -32568.0
605.0 -32568.0
607.0 -32712.0
607.0 -32712.0
612.0 -32832.0
614.0 -32856.0
615.0 -32880.0
615.0 -32880.0
619.0 -32976.0
620.0 -33000.0
622.0 -33096.0
627.0 -33108.0
629.0 -33240.0
629.0 -33240.0
630.0 -33264.0
630.0 -33264.0
637.0 -33408.0
637.0 -33408.0
640.0 -33420.0
640.0 -33420.0
644.0 -33432.0
645.0 -33492.0
645.0 -33492.0
647.0 -33588.0
652.0 -33600.0
654.0 -33732.0
654.0 -33732.0
655.0 -33756.0
655.0 -33756.0
659.0 -33816.0
659.0 -33816.0
662.0 -33900.0
662.0 -33900.0
665.0 -33912.0
666.0 -33960.0
669.0 -34020.0
669.0 -34020.0
672.0 -34128.0
672.0 -34128.0
677.0 -34140.0
678.0 -34236.0
680.0 -34296.0
684.0 -34308.0
684.0 -34308.0
687.0 -34356.0
687.0 -34356.0
688.0 -34368.0
691.0 -34452.0
691.0 -34452.0
692.0 -34476.0
693.0 -34548.0
693.0 -34548.0
697.0 -34620.0
697.0 -34620.0
702.0 -34632.0
703.0 -34728.0
704.0 -34764.0
705.0 -34788.0
705.0 -34788.0
709.0 -34848.0
709.0 -34848.0
711.0 -34896.0
712.0 -34908.0
712.0 -34908.0
715.0 -34956.0
715.0 -34956.0
716.0 -34992.0
719.0 -35052.0
722.0 -35100.0
722.0 -35100.0
723.0 -35124.0
725.0 -35160.0
725.0 -35160.0
728.0 -35268.0
728.0 -35268.0
731.0 -35292.0
731.0 -35292.0
734.0 -35340.0
734.0 -35340.0
735.0 -35412.0
740.0 -35448.0
741.0 -35484.0
742.0 -35520.0
744.0 -35544.0
744.0 -35544.0
747.0 -35592.0
748.0 -35616.0
749.0 -35652.0
749.0 -35652.0
753.0 -35760.0
753.0 -35760.0
756.0 -35784.0
756.0 -35784.0
760.0 -35904.0
760.0 -35904.0
761.0 -35928.0
761.0 -35928.0
765.0 -35988.0
768.0 -36036.0
774.0 -36120.0
776.0 -36156.0
776.0 -36156.0
779.0 -36264.0
779.0 -36264.0
782.0 -36300.0
782.0 -36300.0
785.0 -36336.0
785.0 -36336.0
790.0 -36480.0
790.0 -36480.0
793.0 -36516.0
793.0 -36516.0
797.0 -36528.0
798.0 -36648.0
800.0 -36684.0
804.0 -36756.0
804.0 -36756.0
807.0 -36792.0
807.0 -36792.0
810.0 -36828.0
810.0 -36828.0
813.0 -36876.0
813.0 -36876.0
816.0 -36984.0
818.0 -37008.0
818.0 -37008.0
821.0 -37044.0
822.0 -37056.0
823.0 -37092.0
824.0 -37152.0
826.0 -37188.0
830.0 -37236.0
830.0 -37236.0
832.0 -37260.0
833.0 -37296.0
834.0 -37356.0
839.0 -37368.0
841.0 -37476.0
841.0 -37476.0
844.0 -37512.0
844.0 -37512.0
846.0 -37536.0
847.0 -37548.0
848.0 -37620.0
849.0 -37644.0
851.0 -37680.0
851.0 -37680.0
855.0 -37716.0
855.0 -37716.0
857.0 -37752.0
858.0 -37788.0
859.0 -37848.0
862.0 -37860.0
862.0 -37860.0
865.0 -37920.0
868.0 -37932.0
869.0 -37992.0
869.0 -37992.0
871.0 -38076.0
871.0 -38076.0
876.0 -38136.0
876.0 -38136.0
878.0 -38184.0
878.0 -38184.0
881.0 -38220.0
881.0 -38220.0
883.0 -38256.0
883.0 -38256.0
886.0 -38280.0
887.0 -38304.0
888.0 -38400.0
891.0 -38424.0
891.0 -38424.0
894.0 -38448.0
895.0 -38508.0
896.0 -38568.0
901.0 -38604.0
901.0 -38604.0
903.0 -38676.0
903.0 -38676.0
906.0 -38712.0
906.0 -38712.0
908.0 -38748.0
908.0 -38748.0
912.0 -38796.0
912.0 -38796.0
913.0 -38856.0
916.0 -38916.0
916.0 -38916.0
920.0 -38976.0
920.0 -38976.0
923.0 -39024.0
923.0 -39024.0
924.0 -39060.0
927.0 -39084.0
928.0 -39144.0
931.0 -39168.0
931.0 -39168.0
935.0 -39252.0
935.0 -39252.0
941.0 -39312.0
943.0 -39348.0
943.0 -39348.0
945.0 -39468.0
945.0 -39468.0
951.0 -39516.0
951.0 -39516.0
952.0 -39576.0
952.0 -39576.0
953.0 -39636.0
953.0 -39636.0
960.0 -39744.0
960.0 -39744.0
971.0 -39768.0
972.0 -39840.0
972.0 -39840.0
973.0 -39960.0
973.0 -39960.0
980.0 -40068.0
980.0 -40068.0
981.0 -40128.0
981.0 -40128.0
988.0 -40236.0
988.0 -40236.0
1000.0 -40332.0
1000.0 -40332.0
1010.0 -40416.0
1013.0 -40500.0
1013.0 -40500.0
1021.0 -40584.0
1023.0 -40632.0
1023.0 -40632.0
1029.0 -40752.0
1029.0 -40752.0
1033.0 -40764.0
1036.0 -40776.0
1038.0 -40908.0
1038.0 -40908.0
1046.0 -40932.0
1050.0 -41004.0
1050.0 -41004.0
1053.0 -41028.0
1053.0 -41028.0
1058.0 -41064.0
1059.0 -41100.0
1066.0 -41112.0
1066.0 -41112.0
1071.0 -41256.0
1071.0 -41256.0
1073.0 -41304.0
1088.0 -41316.0
1088.0 -41316.0
1093.0 -41376.0
1096.0 -41532.0
1098.0 -41556.0
1098.0 -41556.0
1103.0 -41640.0
1103.0 -41640.0
1105.0 -41676.0
1105.0 -41676.0
1111.0 -41700.0
1111.0 -41700.0
1118.0 -41772.0
1118.0 -41772.0
1120.0 -41892.0
1130.0 -41940.0
1130.0 -41940.0
1135.0 -42024.0
1146.0 -42204.0
1146.0 -42204.0
1153.0 -42312.0
1153.0 -42312.0
1166.0 -42384.0
1166.0 -42384.0
1168.0 -42444.0
1168.0 -42444.0
1173.0 -42492.0
1173.0 -42492.0
1180.0 -42612.0
1191.0 -42648.0
1198.0 -42672.0
1198.0 -42672.0
1203.0 -42732.0
1203.0 -42732.0
1208.0 -42744.0
1210.0 -42840.0
1210.0 -42840.0
1218.0 -42900.0
1218.0 -42900.0
1219.0 -42924.0
1233.0 -42960.0
1238.0 -43020.0
1243.0 -43044.0
1243.0 -43044.0
1246.0 -43296.0
1246.0 -43296.0
1253.0 -43404.0
1253.0 -43404.0
1261.0 -43428.0
1261.0 -43428.0
1268.0 -43536.0
1268.0 -43536.0
1283.0 -43632.0
1298.0 -43764.0
1298.0 -43764.0
1303.0 -43944.0
1303.0 -43944.0
1340.0 -44280.0
1340.0 -44280.0
1367.0 -44460.0
1367.0 -44460.0
1380.0 -44544.0
1401.0 -44640.0
1401.0 -44640.0
1411.0 -44676.0
1411.0 -44676.0
1428.0 -44832.0
1431.0 -44868.0
1449.0 -45060.0
1449.0 -45060.0
1483.0 -45156.0
1483.0 -45156.0
1492.0 -45348.0
1492.0 -45348.0
1528.0 -45372.0
1528.0 -45372.0
1534.0 -45516.0
1545.0 -45576.0
1545.0 -45576.0
1555.0 -45612.0
1555.0 -45612.0
1562.0 -45828.0
1576.0 -45864.0
1576.0 -45864.0
1594.0 -46056.0
1596.0 -46116.0
1619.0 -46128.0
1619.0 -46128.0
1676.0 -46212.0
1676.0 -46212.0
1682.0 -46548.0
1682.0 -46548.0
1688.0 -46776.0
1767.0 -46860.0
1767.0 -46860.0
1784.0 -47112.0
1821.0 -47148.0
1822.0 -47316.0
1917.0 -47328.0
1982.0 -47568.0
1982.0 -47568.0
1984.0 -47664.0
2016.0 -47856.0
2016.0 -47856.0
2068.0 -48228.0
2068.0 -48228.0
