0001000000000001001100100100000000010000000001100000000101000000100111010100000001000000000000100000
0001000000000001001100100100000000010000000001100000000101000000100111010100000001000000000000100000
0001000000000001001110100100000000000000000000101000000101000001100111010100000001000000000000100000
0001000000000001001110100100000000010000000001100000000101000000100111010100000001000000000000100000
0001000000000001001110100000000000010000000000001000000101000010110111010100000001000000000000100000
0001000000000001001110100000000000000000000000101100100101100011110101010100000001000000000000100000
0001000000000001001110100000000000000000000000101100100101100011110101010100000001000000000000100000
0001000000000001001110100100000000010000010001101000000101000001100101010100000001000000000000100000
0001000000000001001110100100000000010000010001101000000101000001100101010100000001000000000000100000
0001000001000001001110100000000000010000000000001000000101000010110111010100000001000000000000100000
0001001000000000001111101100100000000000010011100000000101000001100011010100000001000000000000100000
0001001000000000001111101100100000000000010011100000000101000001100011010100000001000000000000100000
0001000000100001001110100000000000000000000000101100100101100010110101010100000001000000000000100000
0001000000100001001110100000000000000000000000101100100101100010110101010100000001000000000000100000
0001000000000001001110100100000000010000010001101000000001000001110111010100000001000000000000100000
0001000000000001001110100100000000010000010001101000000001000001110111010100000001000000000000100000
0001000000000000001111101100100000000000010011101000000101000011110111010000000001000000000000100000
0001000000100001001111101100100000010000000001001100000101000000100101010100000001000000000000100000
0001000000000001001111101000100000010000001001001100000101000010110111010100000001000000000000100000
0001000000000001001111101000100000010000001001001100000101000010110111010100000001000000000000100000
0001000000000001001101101100100000010000010011000100100101100010110111010000000001000000000000100000
0001001000000000001111101100100000000000010001101000100101100010110101010100000001000000000000100000
0001001000000000001111101100100000000000010001101000100101100010110101010100000001000000000000100000
0001001000100001001111101100100000010000000001001100000101000001100101010100000001000000000000100000
0001001000100001001111101100100000010000000001001100000101000001100101010100000001000000000000100000
0001000000000000001111101100100000000000010011101000000101000010110111010100000001000000001000100000
0001000000000000001111101100100000000000010011101000000101000010110111010100000001000000001000100000
0001001000000001001111101000100000010000000001101100100101100000110101010100000001000000000000100000
0001001000000001001111101000100000010000000001101100100101100000110101010100000001000000000000100000
0001000000000001001111101100100000010000010011000100100101100010110111010000000001000000000000100000
0011000000100001001111101100100000010000000001001000000101000010110111010100000001000000000000100000
0011000000100001001111101100100000010000000001001000000101000010110111010100000001000000000000100000
0001001000100001001111101100100000010000000001001100000101000010110110010100000001000000000000100000
0001001000100001001111101100100000010000000001001100000101000010110110010100000001000000000000100000
0001000000000001001111101100100000010000010011001100100101100010110111010000000001000000000000100000
0001000000000001001111101100100000010000010011001100100101100010110111010000000001000000000000100000
0001000000000000001111101100100100010000010011001100100101100010110111010000000001000000000000100000
0001000000000000001111101100100100010000010011001100100101100010110111010000000001000000000000100000
0001000000000001001111100100100000010000010011001100100101100010110101010000000001000000001000100000
0001000000000000001111101100100100010000010011001100100101100010110101010100000001000000000000100000
0001000000000001001111100100100000010000010011001100100101100010110111010000000001000000001000100000
0001000000000001001111100100100000010000010011001100100101100010110111010000000001000000001000100000
0001000000000000001111101100100100010000010011001100100101100010110111010100000001000000000000100000
0001000000000001001111101100100000010000010011001100100101100010110111010000000001000000001000100000
0001000000000001001111101100100000010000010011001100100101100010110111010000000001000000001000100000
0001001000000001001111100100100000010000010011001100100101100010110101010000000001000000001000100000
0001001000101001001111101000100000010000000000101100100101100010110101010100000001000000000000100000
0001000000100001001111101100100100010000010011001100100101100010110111010000000001000000000000100000
0001001000101001001111101100100100010000010001001000000101000010110111010100000001000000000000100000
0001001000101001001111101100100100010000010001001000000101000010110111010100000001000000000000100000
0001001000101001001111101100100000010000010011001000100101000010110111010100000001000000000000100000
0001001000101001001111101100100000010000010011001000100101000010110111010100000001000000000000100000
0001001000101001001111101100100100010000010001101000100101100000110101010100000001000000000000100000
0001001000101001001111101100100100010000010001101000100101100000110101010100000001000000000000100000
0001001000101000001111101100100100010000010011101000000101000010110111010100000001000000000000100000
0001001000101000001111101100100100010000010011101000000101000010110111010100000001000000000000100000
0001001000101001001111101100100000010000010011001100100101000010110111010100000001000000000000100000
0001001000101001001111101100100000010000010011001100100101000010110111010100000001000000000000100000
0001001000101001001111101100100100010000010001101100100101100000110101010100000001000000000000100000
0001001000101001001111101100100100010000010001101100100101100000110101010100000001000000000000100000
0001001000101001001111101100100000010000010011001100100101100010110101010000000001000000001000100000
0001001000101001001111101100100000010000010011001000100101000010110111010100000001000000000100100000
0001001000101001001111101100100000010000010011001000100101000010110111010100000001000000000100100000
0001001000101001001111101100100100010000010011001100100101100010110111010000000001000000000000100000
0001001000101001001111101100100100010000010011001100100101100010110111010000000001000000000000100000
0001001000101001001111101100100000010000010011001100100101100010110101010000001001000000001000100000
0001001000100001001111101100100000010000010011001100100101000010110111010100000001000000001100100000
0001001000101001001111101100100000010000010011001100100101000010110111010100000001000000000100100000
0001001000101001001111101100100000010000010011001100100101000010110111010100000001000000000100100000
0001001000101001001111101100100100010000010011001100100101100010110111010100000001000000000000100000
0001001000101001001111101100100100010000010001001000000101000010110111010100000001000000001100100000
0001001000101001001111101100100100010000010001001000000101000010110111010100000001000000001100100000
0001001000101001001111101100100000010000010001001100100101000010110111010100000001000000001100100000
0001001000101001001111101100100100010000010011101100100101100010110111010100000001000000000000100000
0001001000101001001111101100100100010000010011101100100101100010110111010100000001000000000000100000
0001001000101001001111101100100000010000010011001100100101000010110111010100000001000000001100100000
0001001000101001001111101100100000010000010011001100100101000010110111010100000001000000001100100000
0001001000101001001111101100100100010000010011001100100101100010110111010100000001000000001000100000
0001001000101001001111101100100100010000010011001100100101100010110111010100000001000000001000100000
0001001001101001001111101100100100010000010011101100100101100010110101010100000001000000000000100000
0001001001101001001111101100100100010000010011101100100101100010110101010100000001000000000000100000
0001001001101001001111101100100000010000010011001000100101000010110111010100000001000000001100100000
0001001001101001001111101100100000010000010011001000100101000010110111010100000001000000001100100000
0001001000101001001111101100100100010000010011101100100101100010110111010100000001000000001000100000
0001001000101001001111101100100100010000010011101100100101100010110111010100000001000000001000100000
0001001000101001001111101100100000010000010011001100100101100010110111010100001001000000001100100000
0001001000101001001111101100100100010000010011001100000101100010110111010100000001000000001100100000
0001001000101001001111101100100100010000010011101000100101100010110111010100000001000000001100100000
0001001000101001001111101100100100010000010011101000100101100010110111010100000001000000001100100000
0001001000101001001111101100100000010000010011001100100101000010110111010101001001000000001100100000
0001001000101001001111101100100000010000010011001100100101000010110111010101001001000000001100100000
0001001001101001001111101100100000010000010011001100100101100010110111010100000001000000001100100000
0001001001101001001111101100100000010000010011001100100101100010110111010100000001000000001100100000
0001001000101001001111101100100000010000010011001100100101100010110111010101001001000000001100100000
0001001000101001001111101100100000010000010011001100100101100010110111010101001001000000001100100000
0001001000101001001111101100100100010000010011101100100101100010110111010100000001000000001100100000
0001001000101001001111101100100100010000010011101100100101100010110111010100000001000000001100100000
0001001000101001001111101100100100010000010011001100100101000010110111010101001001000000001100100000
0001001000101001001111101100100100010000010011101100100101100010110111010100001001000000001100100000
0001001001101001001111101100100000010000010011101100100101100010110111010100001001000000001100100000
0001001001101001001111101100100000010000010011101100100101100010110111010100001001000000001100100000
0001001000101001001111101100100100010000010011001100100101100010110111010101001001000000001100100000
0001001000101001001111101100100100010000010011001100100101100010110111010101001001000000001100100000
0001001001101001001111101100100000010000010011001100100101100010110111010101001001000000001100100000
0001001001101001001111101100100000010000010011001100100101100010110111010101001001000000001100100000
0001001001101001001111101100100100010000010011101100100101100010110111010100000001000000001100100000
0001001001101001001111101100100100010000010011101100100101100010110111010100000001000000001100100000
0001001001101001001111101100100100010000010011101100110101100010110111010100000001000000001100100000
0001001001101001001111101100100100010000010011101100100101100010111111010100000001000000001100100000
0001001001101001001111101100100100010000010011001100100101100010110111010101000001000000001100100000
0001001001101001001111101100100100010000010011001100100101100010110111010101000001000000001100100000
0001001001101001001111101100100100010000010001101100100101100010110111010101001001000000001100100000
0001001001101001001111101100100100010000010001101100100101100010110111010101001001000000001100100000
0001001001101001001111101100100100010000010011001100100101100010110111010101001001000000001100100000
0001001001101001001111101100100100010000010011001100100101100010110111010101001001000000001100100000
0001001001101001001111101100100100010000010011001100100101100011110111010101001001000000001100100000
0001001001101001001111101100100100010000010011001100100101100011110111010101001001000000001100100000
0001001001101001001111101100100100010000010011101100100101100011110111010101000001000000001100100000
0001001001101001001111101100100100010000010011101100100101100010110111010101001001000000001100100000
0001001001101001001111101100100100010000010011101100100101100010110111010101001001000000001100100000
0001001001101001001111101100100100010000010011101100100101100011110111010101001001000000001100100000
0001001001101001001111101100100100010000010011101100100101100011110111010101001001000000001100100000
0011001001101001001111101100100100010000010011101100100101100010110111010101000001000000001100100000
0011001001101001001111101100100100010000010011101100100101100010110111010101000001000000001100100000
0001001001101001001111101100100100010000010011001100100101000010110111010101001001001000001100100000
0011001001101001001111101100100100010000010011101100100101100010110111010101001001000000001100100000
0011001001101001001111101100100100010000010011101100100101100010110111010101001001000000001100100000
0001001001101001001111101100100100010000010001101100100101100010110111010101001001001000001100100000
0001001001101001001111101100100100010000010001101100100101100010110111010101001001001000001100100000
0011001001101001001111101100100100010000010011101100100101100010111111010101001001000000001100100000
0001001001101001001111101100100100010000010011001100100101100010110111010101001001001000001100100000
0001001001101001001111101100100100010000010011001100100101100010110111010101001001001000001100100000
0001001001101001001111101100100100010000010011101100100101100010110111010101001001100000001100100000
0001001001101001001111101100100100010000010011101100100101100010110111010101001001100000001100100000
0001001001101001001111101100100100010000010011101101110101100010110111010101001001000000001100100000
0001001001101001001111101100100100010000010011101100100101100010111111010101001001100000001100100000
0001001001101001001111101100100100010000010011101100100101100010111111010101001001100000001100100000
0001001001101001001111101100100100010000010011101100100101100010110111010101001001001000001100100000
0001001001101001001111101100100100010000010011101100100101100010110111010101001001001000001100100000
0001001001101001001111101100100100010000010011101100100101100010111111010101001001001000001100100000
0001001001101001001111101100100100010000010011101100100101100010111111010101001001001000001100100000
0001001001101001001111101100100100010000010001101100100101100010110111010101001001101000001100100000
0001001001101001001111101100100100010000010001101100100101100010110111010101001001101000001100100000
0001001001101001001111101100100100010000011011001100100101100010110111010101000001101000001100100000
0011001001101001001111101100100100010000010011101100100101100010111111010101001001100000001100100000
0011001001101001001111101100100100010000010011101100100101100010111111010101001001100000001100100000
0011001001101001001111101100100100010000010011101100100101100010110111010101001001001000001100100000
0011001001101001001111101100100100010000010011101100100101100010110111010101001001001000001100100000
0001001001101001001111101100100100010000010011101100100101100010110111010101000001101000001100100000
0011001001101001001111101100100100010000010011101100110101100010110111010101001001001000001100100000
0011001001101001001111101100100100010000010011101100100101100010111111010101001001001000001100100000
0011001001101001001111101100100100010000010011101100100101100010111111010101001001001000001100100000
0001001001101001001111101100100100010000010011101100110101100010110111010101000001101000001100100000
0001001001101001001111101100100100010000010011101100100101100010111111010101000001101000001100100000
0001001001101001001111101100100100010000010011101100100101100010110111010101001001101000001100100000
0001001001101001001111101100100100010000010011101100100101100010111111010101001001001000001100100001
0001001001101001001111101100100100010000010011101100110101100010110111010101001001101000001100100000
0001001001101001001111101100100100010000010011101100110101100010110111010101001001101000001100100000
0001001001101001001111101100100100010000010011101100100101100010111111010101001001101000001100100000
0001001001101001001111101100100100010000010011101100100101100010111111010101001001101000001100100000
0001001001101001001111101100100100010000010011101100110101100010111111010101001001101000001100100000
0001001001101001001111101100100100010000010011101100110101100010111111010101001001101000001100100000
0001001001101001001111111100100100010000010011101100100101100010111111010101001001001000001100100000
0001001001101001001111111100100100010000010011101100100101100010111111010101001001001000001100100000
0011001001101001001111101100100100010000010011101100100101100010110111010101001001001000001100100001
0011001001101001001111101100100100010000010011101100100101100010111111010101000001101000001100100000
0011001001101001001111101100100100010000010011101100100101100010111111010101000001101000001100100000
0011001001101001001111101100100100010000010011101100100101100010110111010101001001101000001100100000
0011001001101001001111101100100100010000010011101100100101100010111111010101001001001000001100100001
0011001001101001001111101100100100010000010011101100110101100010110111010101001001101000001100100000
0011001001101001001111101100100100010000010011101100110101100010110111010101001001101000001100100000
0011001001101001001111101100100100010000010011101100100101100010111111010101001001101000001100100000
0011001001101001001111101100100100010000010011101100100101100010111111010101001001101000001100100000
0001001001101001001111101100100100010000010011101100100101100010110111010101001001101000001100100001
0001001001101001001111101100100100010000010011101100100101100010110111010101001001101000001100100001
0011001001101001001111101100100100010000010011101100110101100010111111010101001001101000001100100000
0011001001101001001111101100100100010000010011101100110101100010111111010101001001101000001100100000
0011001001101001001111111100100100010000010011101100100101100010111111010101001001001000001100100000
0001001001101001001111101100100100010000010011101100110101100010110111010101001001101000001100100001
0001001001101001001111101100100100010000010011101101110101100010110111010101001001101000001100100000
0001001001101001001111101100100100010000010011101101110101100010110111010101001001101000001100100000
0001001001101001001111111100100100010000010011101100100101100010110111010101001001101000001100100000
0001001001101001001111111100100100010000010011101100100101100010110111010101001001101000001100100000
0001001001101001001111111100100100010000010011101100100101100010111111010101001001001000001100100001
0001001001101001001111101100100110010000010011101100100101100010110111010101001001101000001100100000
0001001001101001001111111100100100010000010011101100100101100010111111010101001001101000001100100000
0011001001101001001111101100100100010000010011101100100101100010110111010101001001101000001100100001
0011001001101001001111101100100100010000010011101100100101100010110111010101001001101000001100100001
0011001001101001001111111100100100010000010011101100100101100010110111010101000001101000001100100000
0011001001101001001111111100100100010000010011101100100101100010110111010101000001101000001100100000
0001001001101001001111101100100100010000011011101100100101100110111111010101001001101000001100100000
0011001001101001001111101100100100010000010011101100110101100010110111010101001001101000001100100001
0011001001101001001111101100100100010000010011101100110101100010110111010101001001101000001100100001
0011001001101001001111101100100100010000010011101100100101100010111111010101001001101000001100100001
0001001001101001001111101100100110010000010011101100110101100010111111010101001001101000001100100000
0001001001101001001111101100100110010000010011101100110101100010111111010101001001101000001100100000
0011001001101001001111111100100100010000010011101100100101100010110111010101001001101000001100100000
0011001001101001001111111100100100010000010011101100100101100010110111010101001001101000001100100000
0011001001101001001111111100100100010000010011101100100101100010111111010101001001001000001100100001
0011001001101001001111101100100110010000010011101100100101100010110111010101001001101000001100100000
0011001001101001001111111100100100010000010011101100110101100010110111010101001001101000001100100000
0011001001101001001111111100100100010000010011101100100101100010111111010101001001101000001100100000
0011001001101001001111111100100100010000010011101100100101100010111111010101001001101000001100100000
0001001001101001001111111100100100010000010011101100100101100010110111010101001001101000001100100001
0001001001101001001111111100100100010000010011101100100101100010110111010101001001101000001100100001
0011001001101001001111101100100110010000010011101100100101100010111111010101001001101000001100100000
0001001001101001001111111100100100010000010011101101100101100010110111010101001001101000001100100000
0001001001101001001111111100100100010000010011101101100101100010110111010101001001101000001100100000
0001001001101001001111101100100110010000010011101100100101100010110111010101001001101000001100100001
0001001001101001001111101100100110010000010011101100100101100010110111010101001001101000001100100001
0001001001101001001111111100100100010000010011101100110101100010110111010101001001101000001100100001
0001001001101001001111111100100100010000010011101101110101100010110111010101001001101000001100100000
0001001001101001001111101100100110010000010011101100110101100010110111010101001001101000001100100001
0001001001101001001111101100100110010000010011101100110101100010110111010101001001101000001100100001
0001001001101001001111111100100100010000010011101100100101100110110111010101001001101000001100100000
0001001001101001001111101100100110010000010011101101110101100010110111010101001001101000001100100000
0001001001101001001111101100100110010000010011101101110101100010110111010101001001101000001100100000
0001001001101001001111111100100110010000010011101100100101100010110111010101001001101000001100100000
0001001001101001001111111100100110010000010011101100100101100010110111010101001001101000001100100000
0001001001101001001111111100100100010000010011101100100101100110111111010101001001101000001100100000
0001001001101001001111111100100100010000010011101100100101100110111111010101001001101000001100100000
0011001001101001001111111100100100010000010011101100100101100010110111010101001001101000001100100001
0011001001101001001111111100100100010000010011101100100101100010110111010101001001101000001100100001
0001001001101001001111111100100110010000010011101100110101100010110111010101001001101000001100100000
0011001001101001001111101100100110010000010011101100100101100010110111010101001001101000001100100001
0011001001101001001111111100100100010000010011101100110101100010110111010101001001101000001100100001
0001001001101001001111111100100110010000011011101100110101100010110111010101001001101000001100100000
0011001001101001001111111100100100010000010011101101110101100010110111010101001001101000001100100000
0011001001101001001111111100100100010000010011101101110101100010110111010101001001101000001100100000
0011001001101001001111101100100110010000010011101100110101100010110111010101001001101000001100100001
0011001001101001001111111100100100010000010011101100100101100110110111010101001001101000001100100000
0011001001101001001111111100100100010000010011101100110101100010111111010101001001101000001100100001
0011001001101001001111111100100100010000010011101100110101100010111111010101001001101000001100100001
0011001001101001001111111100100110010000010011101100100101100010110111010101001001101000001100100000
0011001001101001001111111100100110010000010011101100100101100010110111010101001001101000001100100000
0011001001101001001111111100100100010000010011101100100101100110111111010101001001101000001100100000
0011001001101001001111111100100100010000010011101100100101100110111111010101001001101000001100100000
0011001001101001001111111100100110010000010011101100110101100010110111010101001001101000001100100000
0011001001101001001111111100100110010000010011101100110101100010110111010101001001101000001100100000
0011001001101001001111111100100110010000010011101100100101100010111111010101001001101000001100100000
0011001001101001001111111100100110010000010011101100100101100010111111010101001001101000001100100000
0001001001101001001111111100100110010000010011101100100101100010110111010101001001101000001100100001
0011001001101001001111111100100110010000011011101100100101100010111111010101001001101000001100100000
0011001001101001001111111100100100010000010011101101100101100010110111010101001001101000001100100001
0001001001101001001111101100100110010000010011101101110101100110110111010101001001101000001100100000
0001001001101001001111101100100110010000010011101101110101100110110111010101001001101000001100100000
0001001001101001001111111100100110010000010011101100100101100110110111010101001001101000001100100000
0001001001101001001111111100100110010000010011101100100101100110110111010101001001101000001100100000
0001001001101001001111111100100110010000011011101101110101100010110111010101001001101000001100100000
0001001001101001001111111100100110010000011011101101110101100010110111010101001001101000001100100000
0011001001101001001111111100100100010000010011101100100101100110110111010101001001101000001100100001
0011001001101001001111111100100100010000010011101100100101100110110111010101001001101000001100100001
0011001001101001001111111100100110010000010011101100100101100010110111010101001001101000001100100001
0011001001101001001111111100100110010000010011101100100101100010110111010101001001101000001100100001
0001001001101001001111111100100110010000011011101100110101100110110111010101001001101000001100100000
0001001001101001001111111100100110010000011011101100110101100110110111010101001001101000001100100000
0011001001101001001111111100100110010000011011101101110101100010110111010101000001101000001100100000
0011001001101001001111111100100110010000010011101100100101100010111111010101001001101000001100100001
0011001001101001001111111100100110010000010011101101110101100010110111010101001001101000001100100000
0011001001101001001111111100100110010000010011101100100101100110110111010101001001101000001100100000
0011001001101001001111111100100110010000010011101100100101100110110111010101001001101000001100100000
0011001001101001001111111100100110010000011011101101110101100010110111010101001001101000001100100000
0011001001101001001111111100100110010000011011101101110101100010110111010101001001101000001100100000
0011001001101001001111111100101110010000010011101100100101100010110111010101001001101000001100100000
0011001001101001001111111100101110010000010011101100100101100010110111010101001001101000001100100000
0001001001101001001111101100100110010000010011101101110101100110110111010101001001101000001100100001
0001001001101001001111101100100110010000010011101101110101100110110111010101001001101000001100100001
0001001001101001001111111100100110010000010011101100100101100110110111010101001001101000001100100001
0011001001101001001111111100100110010000011011101100110101100110110111010101001001101000001100100000
0011001001101001001111111100100110010000011011101100110101100110110111010101001001101000001100100000
0001001001101001001111101100100110010000010011101101110101100110111111010101001001101000001100100001
0001001001101001001111111100101110010000010011101100100101100010110111010101001001101000001100100001
0001001001101001001111111100100110010000011011101100100101100110110111010101001001101000001100100001
0001001001101001001111111100100110010000010011101100100101100110111111010101001001101000001100100001
0001001001101001001111111100100110010000010011101101110101100110110111010101001001101000001100100000
0001001001101001001111111100100110010000011011101100110101100110110111010101001001101000001100100001
0001001001101001001111111100100110010000011011101100110101100110110111010101001001101000001100100001
0011001001101001001111111100100100010000010011101101110101100110110111010101001001101000001100100001
0001001001101001001111111100100110010000011011101101110101100110110111010101001001101000001100100000
0001001001101001001111111100100110010000010011101101110101100110111111010101001001101000001100100000
0011001001101001001111111100100100010000011011101101110101100110110111010101001001101000001100100001
0011001001101001001111111100100110010000010011101100100101100110110111010101001001101000001100100001
0011001001101001001111111100100110010000010011101100100101100110110111010101001001101000001100100001
0011001001101001001111111100100110010000011011101101110101100010110111010101001001101000001100100001
0011001001101001001111111100100110010000011011101101110101100010110111010101001001101000001100100001
0011001001101001001111101100100110010000010011101101110101100110111111010101001001101000001100100001
0011001001101001001111111100101110010000010011101100100101100010110111010101001001101000001100100001
0011001001101001001111111100100110010000010011101100110101100110110111010101001001101000001100100001
0011001001101001001111111100100110010000010011101100100101100110111111010101001001101000001100100001
0011001001101001001111111100100110010000010011101101110101100110110111010101001001101000001100100000
0011001001101001001111111100100110010000010011101101110101100110110111010101001001101000001100100000
0011001001101001001111111100101110010000010011101100100101100010111111010101001001101000001100100001
0011001001101001001111111100101110010000010011101100100101100010111111010101001001101000001100100001
0011001001101001001111111100101110010000010011101101110101100010110111010101001001101000001100100000
0011001001101001001111111100100110010000011011101101110101100110110111010101001001101000001100100000
0011001001101001001111111100100110010000010011101101110101100110111111010101001001101000001100100000
0011001001101001001111111100101110010000010011101100110101100010111111010101001001101000001100100001
0011001001101001001111111100101110010000010011101100110101100010111111010101001001101000001100100001
0011001001101001001111111100101110010000010011101101110101100010111111010101001001101000001100100000
0011001001101001001111111100101110010000011011101100100101100110110111010101001001101000001100100000
0011001001101001001111111100101110010000010011101100100101100110111111010101001001101000001100100000
0011001001101001001111111100101110010000010011101100100101100110111111010101001001101000001100100000
0001001001101001001111111100100110010000010011101101110101100110111111010101001001101000001100100001
0001001001101001001111111100100110010000010011101101110101100110111111010101001001101000001100100001
0011001001101001001111111100101110010000010011101100110101100110111111010101001001101000001100100000
0011001001101001001111111100101110010000010011101100110101100110111111010101001001101000001100100000
0001001001101001001111111100100110010000011011101101110101100110111111010101001001101000001100100001
0001001001101001001111111100100110010000011011101101110101100110111111010101001001101000001100100001
0001001001101001001111111100101110010000010011101100100101100110111111010101001001101000001100100001
0001001001101001001111111100101110010000010011101100100101100110111111010101001001101000001100100001
0001001001101001001111111100101110010000010011101101110101100110110111010101001001101000001100100000
0001001001101001001111111100101110010000010011101101110101100110110111010101001001101000001100100000
0011001001101001001111111100100110010000011111101101110101100110110111010101001001101000001100100000
0011001001101001001111111100100110010000011111101101100101100110111111010101001001101000001100100000
0011001001101001001111111100100110010000010011101101110101100110110111010101001001101000001100100001
0001001001101001001111111100101110010000010011101101110101100110111111010101001001101000001100100000
0001001001101001001111111100101110010000010011101101110101100110111111010101001001101000001100100000
0011001001101001001111111100100110010000011111101101110101100110111111010101001001101000001100100000
0011001001101001001111111100100110010000011011101101110101100110110111010101001001101000001100100001
0011001001101001001111111100100110010000010011101101110101100110111111010101001001101000001100100001
0011001001101001001111111100101110010000010011101101100101100110110111010101001001101000001100100000
0011001001101001001111111100101110010000010011101101100101100110110111010101001001101000001100100000
0011001001101001001111111100100110010000011011101101110101100110111111010101001001101000001100100001
0011001001101001001111111100100110010000011011101101110101100110111111010101001001101000001100100001
0011001001101001001111111100101110010000010011101100100101100110111111010101001001101000001100100001
0011001001101001001111111100101110010000010011101100100101100110111111010101001001101000001100100001
0011001001101001001111111100101110010000010011101101110101100110110111010101001001101000001100100000
0011001001101001001111111100101110010000010011101101110101100110110111010101001001101000001100100000
0011001001101001001111111100101110010000011011101100110101100110110111010101001001101000001100100001
0011001001101001001111111100101110010000011011101100110101100110110111010101001001101000001100100001
0011001001101001001111111100101110010000010011101100110101100110111111010101001001101000001100100001
0011001001101001001111111100101110010000010011101101110101100110111111010101001001101000001100100000
0011001001101001001111111100101110010000010011101101110101100110111111010101001001101000001100100000
0001001001101001001111111100101110010000010011101101110101100110110111010101001001101000001100100001
0001001001101001001111111100101110010000010011101101110101100110110111010101001001101000001100100001
0011001001101001001111111100101110010000011011101101110101100110111111010101001001101000001100100000
0011001001101001001111111100101110010000011011101101110101100110111111010101001001101000001100100000
0011001001101001001111111100100110010000010111101101110101100110111111010101001001101000001100100001
0001001001101001001111111100101110010000011011101101110101100110110111010101001001101000001100100001
0001001001101001001111111100101110010000010011101101110101100110111111010101001001101000001100100001
0011001001101001001111111100100110010000011111101101110101100110111111010101001001101000001100100001
0011001001101001001111111100100110010000011111101101110101100110111111010101001001101000001100100001
0001001001101001001111111100101110010000011011101101110101100110111111010101001001101000001100100001
0001001001101001001111111100101110010000011011101101110101100110111111010101001001101000001100100001
0011001001101001001111111100101110010000011111101100100101100110111111010101001001101000001100100001
0011001001101001001111111100101110010000011111101101110101100110110111010101001001101000001100100000
0011001001101001001111111100101110010000011111101101110101100110110111010101001001101000001100100000
0011001001101001001111111100101110010000010011101101110101100110110111010101001001101000001100100001
0011001001101001001111111100101110010000010011101101110101100110110111010101001001101000001100100001
0011001001101001001111111100101110010000011111101101110101100110111111010101001001101000001100100000
0011001001101001001111111100101110010000011111101101110101100110111111010101001001101000001100100000
0011001001101001001111111100101110010000011011101101110101100110110111010101001001101000001100100001
0011001001101001001111111100101110010000011011101101110101100110110111010101001001101000001100100001
0011001001101001001111111100101110010000010011101101110101100110111111010101001001101000001100100001
0011001001101001001111111100101110010000010011101101110101100110111111010101001001101000001100100001
0011001001101001001111111100101110010000011011101101110101100110111111010101001001101000001100100001
0011001001101001001111111100101110010000011011101101110101100110111111010101001001101000001100100001
0011001001101001001111111100101110010000010111101101110101100110111101010101001001101000001100100001
0011001001101001001111111100101110010000011011101101110101100110110111010101001001101000001100101001
0011001001101001001111111100101110010000011011101101110101100110110111010101001001101000001100101001
0011001001101001001111111100101110010000010111101101110101100110110111010101001001101000001100100001
0011001001101001001111111100101110010000010111101101110101100110110111010101001001101000001100100001
0011001001101001001111111100101110010000011111101101110101100110110111010101001001101000001100100001
0011001001101001001111111100101110010000011111101101110101100110110111010101001001101000001100100001
0011001001101001001111111100101110010000010111101101110101100110111111010101001001101000001100100001
0011001001101001001111111100101110010000010111101101110101100110111111010101001001101000001100100001
0011001001101001001111111100101110010000011111101101110101100110111111010101001001101000001100100001
0011001001101001001111111100101110010000011111101101110101100110111111010101001001101000001100100001
0011001001101001001111111100101110010000011111101101110101100110110111010101001001101000001100101001
0011001001101001001111111100101110010000011111101101110101100110110111010101001001101000001100101001
0011001001101001001111111100101110010000011011101101110111100110111111010101001001101000001100100001
0011001001101001001111111100101110010000011111101101110101100110111111010101001001101010001100100001
0011001001101001001111111100101110010000011111101101110101100110111111010101001001101010001100100001
0011001001101001011111111100101110010000011111101101110101100110110111010101001001101000001100101001
0011001001101001001111111100101110010000011111101101110101100110111111010101001001101000011100101001
0011001001101001001111111100101110010000010111101101110111100110110111010101001001101000001100100001
0011001001101001011111111100101110010000011111101101110101100110111111010101001001101000001100101001
0011001001101001011111111100101110010000011111101101110101100110111111010101001001101000001100101001
0011001001101001001111111100101110010000011111101101110101100110111111010101001001101010001100101001
0011001001101001001111111100101110010000010111101101110101100110111111011101001001101000011100101001
0011001001101001001111111100101110010000011111101101110111100110111111010101001001101000001100100001
0011001001101001001111111100101110010000011111101101110111100110111111010101001001101000001100100001
0011001001101001001111111100101110010000010111101101110101100110111111110101001001101000001100101001
0011001001101001001111111100101110010000011111101101110111100110110111010101001001101000001100101001
0011001001101001001111111100101110010000011111101101110111100110110111010101001001101000001100101001
0011001001101001001111111100101110010000011111101101110101100110111111111101001001101000001100100001
0011001001101001001111111100101110010000011111101101110101100110111111111101001001101000001100100001
0011001001101001001111111100101110010000011111101101110111100111110111010101001001101000001100101001
0011001001101001011111111100101110010000011111101101110101100110111111010101011001101000001100101001
0011001001101001001111111100101110010000010111101101110101110110111111110101001001101000001100101001
0011001001101001001111111100101110010000010111101101110101110110111111110101001001101000001100101001
0011001001101001011111111100101110010000011111101101110111100110110111010101001001101000001100101001
0011001001101001011111111100101110010000011111101101110111100110110111010101001001101000001100101001
0011001001101001001111111100101110010000011111101101110111100110111111010101001001101000011100101001
0011001001101001001111111100101110010000011111101101100111110110110111110101001001101000001100100001
0011001001101001001111111100101110010000011111101101100111110110110111110101001001101000001100100001
0011001001101001001111111100101110010000011111101101110101100110111111111101010001101000001100101001
0011001001101001001111111100101110010000010111101101110101100110111111111101011001101000001100101001
0011001001101001001111111100101110010000011111101101110101100110111111111101001001101010001100101001
0011001001101001001111111100101110010000011111101101110101100110111111111101001001101010001100101001
0011001001101001001111111100101110010000011111101101110101100110111111111101011001101000001100101001
0011001001101001001111111100101110010000011111101101110101100110111111111101011001101000001100101001
0011001001101001001111111100101110010000011111101101110101100110111111111101001001101000111100101001
0011001001101001001111111100101110010000011111101101110101100110111111111101001001101000111100101001
0011001001101001001111111100101110010000011111101101110101100111111111111101011001101000001100101001
0011001001101001001111111100101110010000011111101101110101100111111111111101011001101000001100101001
0011001001101001001111111100101110010000011111101101110101100110111111111101011001101000011100101001
0011001001101001001111111100101110010000011111101101110101100110111111111101011001101000011100101001
0011001001101001001111111100101110010000011111101101110101100110111111111101011001101000101100101001
0011001001101001001111111100101110010000011111101101110101100110111111111101001001101010111100101001
0011001001101001001111111100101110010000011111101101110101100110111111111101001001101010111100101001
0011001001101001001111111100101110010000011111101101110101100110111111111101011001101000111100101001
0011001001101001001111111100101110010000010111101101110111100110111111111101011001101000001100101001
0011001001101001001111111100101110010000010111101101110111100110111111111101011001101000001100101001
0011001001101001001111111100101110010000011111101101110111100110111111111101011001101000001100101001
0011001001101001001111111100101110010000011111101101110111100110111111111101011001101000001100101001
0011001001101001001111111100101110010000010111101101110111110110111111111101011001101000001100101001
0011001001101001001111111100101110010000010111101101110111110110111111111101011001101000001100101001
0011001001101001001111111100101110010000011111101101110111100110111111111101011001101000011100101001
0011001001101001001111111100101110010000011111101101110111100110111111111101011001101000011100101001
0011001001101001001111111100101110010000011111101101110111110110111111111101011001101000001100101001
0011001001101001001111111100101110010000011111101101110111110110111111111101011001101000001100101001
0011001001101001001111111100101110010000011111101101110111100110111111111101001001101010111100101001
0011001001101001001111111100101110010000010111101101110111110110111111111101011001101010001100101001
0011001001101001001111111100101110010000011111101101111111100110111111111101011001101000011100101001
0011001001101001001111111100101110010000011111101101111111100110111111111101011001101000011100101001
0011001001101001001111111100101110110000011111101101110101100110111111111101011001101000001100101001
0011001001101001001111111100101110110000011111101101110101100110111111111101011001101000001100101001
0011001001101001001111111100101110110000011111101101110101100110111111110101011001101010001100101001
0011001001101001001111111100101110010000011111101101111111100110111111111101001001101010111100101001
0011001001101001001111111100101110010000011111101101111111100110111111111101001001101010111100101001
0011001001101001001111111100101110010000011111101101111111100111111111111101001001101010111100101001
0011001001101001001111111100101110010000011111101101111111100111111111111101001001101010111100101001
0011001001101001011111111100101110010000011111101101111111100110111111111101011001101000011100101001
0011001001101001001111111100101110110000011111101101110101110110111111111101001001101010011100101001
0011001001101001001111111100101110110000011111101101111111110110111111010101011001101000001100101001
0001001001101001001111111100101110110000011111101101110111100110111111111101011001101000011100101001
0001001001101001001111111100101110110000011111101101110111100110111111111101011001101000011100101001
0011001001101001001111111100101110110000010111101101110111100110111111111101011001101000001100101001
0011001001101001001111111100101110110000010111101101110111100110111111111101011001101000001100101001
0011001001101001001111111100101110110000011111101101110111100110111111111101011001101000001100101001
0011001001101001001111111100101110110000011111101101110111100110111111111101011001101000001100101001
0011001001101001001111111100101110110000010111101101110111100110111111111101011001101000011100101001
0011001001101001001111111100101110110000010111101101110111100110111111111101011001101000011100101001
0011001001101001001111111100101110110000011111101101110111100110111111111101011001101000011100101001
0011001001101001001111111100101110110000011111101101110111100110111111111101011001101000011100101001
0011001001101001001111111100101110110000011111101101111111100110111111111101011001101000001100101001
0011001001101001001111111100101110110000011111101101111111100110111111111101011001101000011100101001
0011001001101001001111111100101110110000011111101101111111100110111111111101011001101000011100101001
0011001001101001001111111100101110110000010111101101110111100110111111111101011001101010111100101001
0011001001101001001111111100101110110000010111101101110111100110111111111101011001101010111100101001
0011001001101001001111111100101110110000011111101101111111100110111111111101011001101010111100101001
0011001001101001001111111100101110110000011111101101111111100110111111111101011001101010111100101001
0011001001101101001111111100101110110000010111101101110111100110111111111101011001101010111100101001
0011001001101101001111111100101110110000010111101101110111100110111111111101011001101010111100101001
0011001001101101011111111100101110110000010111101101110111100110110111111101011001101010111100101001
0011001001101001001111111100101110110000010111101101110111100110111111111111011001101010011100101001
0011001001101001001111111100101110110000010111101101110111100110111111111111011001101010011100101001
0011001001101001001111111100101110110000010111101101100111110110111111110111011001101010111100101001
0011001001101001001111111100101110110000010111101101100111110110111111110111011001101010111100101001
0011001001101001001111111100101110110000011111101101101111100110111111110111011001101010111100101001
0011001001101001001111111100101110110000010111101101111111100110111111111111011001101010011100101001
0011001001101001011111111100101110110000011111101101111111110110111111111111001001101010011100101001
0011001001101001011111111100101110110000011111101101111111110110111111111111001001101010011100101001
0011001001101101001111111100101110110000011111101101101111100111111111110111011001101010011100101001
0011001001101101001111111100101110110000011111101101101111100111111111110111011001101010011100101001
0011001001101101001111111100101110110000011111101101101111100110111111110111011001101010111100101001
0011001001101101001111111100101110110000011111101101101111100110111111110111011001101010111100101001
0011001001101101001111111100101110110000011111101101101111110111111111110111011001101010011100111001
0011001001101101001111111100101110110000011111101101101111110111111111110111011001101010011100111001
0011001001101101001111111100111110110000011111101101101111100110111111110111011001101010111100101001
0011001001101101001111111100111110110000011111101101101111100111111111111111011001101010011100101001
0011001001101101001111111100111110110000011111101101101111100111111111111111011001101010011100101001
0011001001101001001111111100101110111000011111101101100111110110110111110111011001101010111100101001
0011001001101001001111111100101110111000011111101101100111110110110111110111011001101010111100101001
0011001001101101001111111100111110110000011111101101101111100111111111111111011001101010111100101001
0011001001101001011111111100101110111000011111101101100111110110110111110111011001101010111100101001
0011001001101001011111111100101110111000011111101101100111110110110111110111011001101010111100101001
0011001001101001011111111100101110111000011111101101111111110110111111111111001001101010011100101001
0011001001101001011111111100101110111000011111101101100111110110110111111111011001101010111100101001
0011001001101101001111111100101110111000011111101101100111110110110111110111011001101010111100101001
0011001001101101001111111100101110111000011111101101100111110110110111110111011001101010111100101001
0011001101101001011111111100101110111000011111101101100111110110110111110111011001101010111100101001
0011001101101001011111111100101110111000011111101101100111110110110111110111011001101010111100101001
0011001001101101011111111100111110111000011111101101100111110110110111110111011001101010111100101001
0011001001101101011111111100111110111000011111101101100111110110110111110111011001101010111100101001
0011001001101001011111111100101110111100011111101101111111110110110111111111011001101010111100101001
0011001001101101001111111110101110111000011111101101101111100111111111110111011001101010011100101001
0011001001101101001111111110101110111000011111101101101111100111111111110111011001101010011100101001
0011001001101101001111111110101110111000011111101101101111100111111111110111011001101010111100101001
0011001001101101011111111100111110111000111111001101111111100110111111111111011001101010011100101011
0011001001101101011111111100111110111000011111101001111111110110111111111111011001101010111100101011
0011001001101101001111111110101110111000011111101101101111100111111111110111011001101011011100101001
0011001001101001001111111111111110111000011111101101111111100111111111111111001001101010011100101111
0011001001101001001111111111111110111000011111101101111111100111111111111111001001101010011100101111
0011001001101101001111111110111110111010011111101101101111100111111111110111011001101010011100101001
0011001001101101001111111111111110111000011111101101110111100111111111111111001001101010011100101111
0011001001101101001111111111111110111000011111101101110111100111111111111111001001101010011100101111
0011001001111101001111111110111110111010011111101101110111100111111111111111001001101010011100101011
0011001001111101001111111110111110111010011111101101110111100111111111111111001001101010011100101011
