1049.1 57.0 293.0 -141.45
1049.1 57.0 293.0 -141.45
1057.0 58.0 299.0 -142.6
1061.3 62.0 280.0 -144.9
1068.2 56.0 296.0 -143.75
1073.8 63.0 276.0 -144.9
1084.2 64.0 267.0 -147.2
1093.3 60.0 300.0 -148.35
1106.0 60.0 312.0 -149.5
1113.8 67.0 276.0 -150.65
1121.7 71.0 289.0 -156.4
1146.6 68.0 299.0 -157.55
1148.3 69.0 296.0 -158.7
1170.3 68.0 268.0 -154.1
1188.4 74.0 288.0 -162.15
1204.5 54.0 340.0 -156.4
1229.9 71.0 322.0 -166.75
1229.9 71.0 322.0 -166.75
1237.4 73.0 304.0 -166.75
1245.7 54.0 346.0 -158.7
1281.6 58.0 352.0 -162.15
1297.6 72.0 343.0 -170.2
1303.8 57.0 354.0 -163.3
1322.5 76.0 377.0 -175.95
1331.2 80.0 339.0 -177.1
1335.5 56.0 377.0 -167.9
1354.8 79.0 334.0 -178.25
1369.8 61.0 359.0 -169.05
1381.4 63.0 351.0 -171.35
1382.9 85.0 386.0 -187.45
1396.2 75.0 368.0 -179.4
1420.7 59.0 399.0 -173.65
1433.2 75.0 338.0 -181.7
1442.1 84.0 371.0 -190.9
1446.9 60.0 373.0 -174.8
1454.4 66.0 339.0 -175.95
1460.6 82.0 327.0 -185.15
1484.5 77.0 347.0 -186.3
1494.8 78.0 357.0 -187.45
1498.3 70.0 368.0 -184.0
1503.2 78.0 402.0 -193.2
1503.2 79.0 406.0 -194.35
1516.8 65.0 394.0 -182.85
1520.3 81.0 351.0 -192.05
1523.2 92.0 394.0 -203.55
1540.3 74.0 398.0 -189.75
1561.7 81.0 421.0 -200.1
1562.3 80.0 415.0 -198.95
1583.0 91.0 417.0 -205.85
1587.6 79.0 431.0 -201.25
1600.1 63.0 443.0 -194.35
1607.5 61.0 426.0 -190.9
1611.3 83.0 383.0 -200.1
1643.1 75.0 441.0 -202.4
1656.2 94.0 426.0 -213.9
1657.1 77.0 434.0 -196.65
1677.5 67.0 431.0 -198.95
1687.7 86.0 447.0 -210.45
1690.1 89.0 493.0 -217.35
1696.5 95.0 453.0 -219.65
1723.2 97.0 449.0 -221.95
1739.5 70.0 470.0 -209.3
1747.3 68.0 466.0 -207.0
1759.4 98.0 467.0 -225.4
1784.1 76.0 451.0 -212.75
1810.7 88.0 541.0 -224.25
1820.8 72.0 473.0 -215.05
1831.4 87.0 535.0 -225.4
1833.3 80.0 480.0 -218.5
1836.5 73.0 486.0 -217.35
1845.6 75.0 479.0 -218.5
1847.8 74.0 486.0 -218.5
1850.6 77.0 493.0 -221.95
1861.2 86.0 479.0 -219.65
1880.7 100.0 491.0 -232.3
1888.5 97.0 502.0 -233.45
1890.2 82.0 495.0 -224.25
1909.7 83.0 532.0 -226.55
1926.1 83.0 504.0 -228.85
1926.2 84.0 495.0 -227.7
1943.4 91.0 493.0 -231.15
1943.8 84.0 504.0 -230.0
1947.5 85.0 499.0 -228.85
1956.2 92.0 531.0 -236.9
1970.9 101.0 508.0 -240.35
1981.5 93.0 534.0 -238.05
1986.5 88.0 557.0 -235.75
2010.6 90.0 565.0 -238.05
2010.6 90.0 565.0 -238.05
2013.3 102.0 498.0 -244.95
2018.9 92.0 545.0 -240.35
2024.8 95.0 555.0 -242.65
2037.6 100.0 509.0 -244.95
2047.9 94.0 559.0 -243.8
2050.2 102.0 501.0 -247.25
2061.1 104.0 517.0 -248.4
2072.9 101.0 522.0 -247.25
2077.0 103.0 527.0 -249.55
2087.2 105.0 517.0 -250.7
2087.2 105.0 517.0 -250.7
