25.8 3.0 22.0 -4.0
38.7 2.0 12.0 -8.0
42.0 5.0 28.0 -7.0
43.5 2.0 8.0 -7.0
43.8 3.0 13.0 -6.0
51.2 6.0 35.0 -9.0
54.7 4.0 17.0 -10.0
55.0 6.0 40.0 -9.0
55.1 6.0 38.0 -9.0
55.8 5.0 27.0 -8.0
60.3 4.0 25.0 -10.0
60.5 5.0 32.0 -9.0
61.9 6.0 40.0 -8.0
63.1 6.0 29.0 -11.0
64.0 4.0 19.0 -6.0
66.2 8.0 44.0 -11.0
70.4 4.0 21.0 -9.0
74.8 6.0 28.0 -9.0
77.2 8.0 54.0 -13.0
77.6 6.0 30.0 -11.0
77.9 7.0 38.0 -11.0
80.7 7.0 40.0 -11.0
81.4 8.0 49.0 -12.0
81.9 6.0 38.0 -11.0
84.4 5.0 20.0 -12.0
86.4 7.0 43.0 -11.0
88.6 6.0 34.0 -12.0
92.1 8.0 45.0 -13.0
102.8 6.0 36.0 -12.0
121.4 8.0 48.0 -14.0
