0000000000100010000000100000000000000000001
0001000010100000100000000000000000100000000
0000000000100010000000000000000000000001001
0000000010100010000000001001000000000100001
0000010010100010100000000000000000000010001
0000001000100010000000001000000000000000001
0000000010100000100000001000000000001000001
0000000010100010000000011001000000000010001
0001010010100000000000010001000000000010001
0000010000100010100000010000000000000010101
0000000000100000000000011000000010000010001
0000010000100000000000001000000000000010101
0000010001100000000000000000000000000010001
0000001010101010100000001000100000000000001
0011000010100010001000100000000000010000001
0000000010100010010000010000100010010010001
0000000011100100000000010000000000000010001
0011000000100010000000010000000000100010101
0000000000100110000000011000000000000011101
1000000011100010000000011000000000010010001
0001000000000010001100110000000000100010101
0001000010100010000000001000100001110000001
0000100010100110000000000000100001010001001
0011100010100110000001010000000000010010001
0000010011100010001000100000000100011010001
0000111000101100000001000000000000000001001
0000001001100010010000101000001010000010001
0001010000100010011000111000000000101110101
0000100110100010100001111000000100001010101
0000001011101110110000101000000100000010001
