0000000010100010100000001000000000000000001
0011000010100010000000000001000000000000001
0000100000100110000000000000000000000100001
0001000010100010000000011001000000000010001
0000000000100010000000001000100010000000001
0000010000100010000000001000000000000010001
0001000000100010000000001000000000100000001
0000000010000010000000010001000010001010001
0000000001100000000000001000000000000010001
0000000000100010011000101000000000010000001
0000000000100010000000001001000010000010101
0000000010100000000000011000000000010010101
0000000000100010000100011000000000000010101
0011000010100010100000000000000000000010011
0011100000101110000000000000000000000000001
0000000011100010000000001001000000000010101
0000000011100010100000001000000100000010101
0011010010000010000000011001000000000010001
0000000010100010011000111000000000011010001
0001000011100010100000011000000000000010011
0000010010010010000000110001000010001010101
0011000000100000011000101000001000000010101
0001001001000010000000011001000000100010001
0000010011100110100000011000000000000010001
0000000111100000000000111001000000001010001
0000100110100110001000110001000100001010101
0001000010100010111000101001000000100010111
0001100010100100000000001000000010110100001
0000010011110010001000111001000000010010001
0011101000111110000000010000100001000010111
