18.2 2.0 12.0 -5.0
29.2 3.0 13.0 -7.0
33.8 3.0 19.0 -7.0
39.6 4.0 23.0 -6.0
40.4 5.0 33.0 -7.0
40.9 3.0 19.0 -6.0
43.5 5.0 34.0 -9.0
55.3 4.0 16.0 -9.0
57.8 3.0 22.0 -8.0
58.0 5.0 33.0 -8.0
58.5 7.0 37.0 -9.0
59.5 8.0 48.0 -12.0
60.5 6.0 30.0 -10.0
68.7 3.0 16.0 -9.0
68.9 6.0 34.0 -10.0
73.1 6.0 39.0 -12.0
74.7 5.0 28.0 -9.0
78.6 3.0 19.0 -10.0
79.6 6.0 34.0 -10.0
81.1 9.0 58.0 -12.0
81.3 7.0 31.0 -11.0
87.0 5.0 25.0 -10.0
87.4 6.0 30.0 -12.0
89.5 7.0 45.0 -12.0
91.9 8.0 41.0 -14.0
97.6 6.0 41.0 -11.0
102.5 6.0 37.0 -12.0
105.4 8.0 51.0 -14.0
106.2 7.0 36.0 -13.0
135.5 10.0 57.0 -16.0
