22.8 2.0 18.0 -5.0
34.2 4.0 19.0 -7.0
34.8 5.0 32.0 -7.0
35.0 4.0 17.0 -8.0
35.9 3.0 22.0 -5.0
38.4 4.0 19.0 -6.0
38.7 5.0 31.0 -7.0
42.7 4.0 20.0 -7.0
48.2 4.0 17.0 -7.0
49.5 4.0 23.0 -9.0
54.5 5.0 37.0 -8.0
55.7 3.0 13.0 -10.0
56.1 5.0 29.0 -9.0
56.2 6.0 29.0 -7.0
58.0 6.0 25.0 -9.0
59.2 5.0 27.0 -9.0
61.9 4.0 27.0 -8.0
62.2 4.0 12.0 -10.0
64.5 7.0 47.0 -10.0
68.4 3.0 13.0 -10.0
74.4 4.0 23.0 -10.0
80.4 6.0 35.0 -13.0
82.1 6.0 28.0 -12.0
86.2 7.0 39.0 -11.0
87.3 5.0 26.0 -11.0
87.3 7.0 43.0 -13.0
97.0 5.0 32.0 -14.0
115.4 10.0 59.0 -16.0
115.8 8.0 41.0 -16.0
148.2 10.0 46.0 -18.0
