25.8 3.0 22.0 -4.0
29.1 6.0 43.0 -7.0
32.1 4.0 34.0 -7.0
33.3 3.0 18.0 -5.0
38.0 4.0 16.0 -6.0
38.6 4.0 17.0 -6.0
42.8 5.0 32.0 -7.0
44.6 5.0 26.0 -6.0
47.7 5.0 27.0 -6.0
49.5 6.0 38.0 -8.0
51.2 5.0 33.0 -8.0
53.4 3.0 17.0 -7.0
57.2 5.0 35.0 -7.0
61.4 3.0 18.0 -7.0
62.4 5.0 34.0 -9.0
62.7 6.0 30.0 -9.0
64.2 5.0 23.0 -8.0
70.1 3.0 16.0 -8.0
70.5 8.0 49.0 -10.0
71.5 6.0 38.0 -10.0
73.0 5.0 36.0 -10.0
73.5 7.0 39.0 -10.0
75.9 8.0 49.0 -11.0
86.4 7.0 43.0 -12.0
89.5 8.0 46.0 -12.0
89.7 7.0 41.0 -9.0
106.2 7.0 32.0 -12.0
106.8 8.0 46.0 -13.0
109.4 5.0 23.0 -14.0
116.0 9.0 48.0 -14.0
