0000000010100010000000000000000000010000001
0000010010100000100000000000000000000010100
0000000001000010000000010000000000000010001
0011000010100010000000010001000000000010000
0011000000000010000000000000100010000000001
0011000010100010000000000000000000010010100
0000000000100010001000110000000000001010001
0000000010100110000000011000000000010010000
0000000010010010000000011000000000110000001
0000000010100010000000100000100000011000001
1000010010100010000000000000000000010010101
0000100010100110000000000001100010000000001
0000000010100010101000110000100001000010100
0000000011100010000000001001000000000010101
0000010000100010000000011001100010000010000
0000101000101110000000010000000000000010100
0000000011100110000000010001000000000010101
0010010010001110100000010000000000000010001
0000000110100000000000110001000100001010101
0000000010100000000000011000100001010010101
0000000010100110000000011001100001000010001
0001110000100110000000000000100001000010101
0000001000111110001000110000000000001010101
0001101000001110000000000000100001100100001
0100100110100110000000010000100101010010000
0011010011100010000000001000100101010010100
0010000011100110101000101000100010000010101
1000100001100111000100011100110001000110000
0011100011100100000001011000100001010010101
1001100010100111000100011000111001110110011
