0000000010100010100000001000000000000000000
0000000010100010001000001001000000000000100
0000000010100010000000010001000000000010101
0000000010000010000000011001000000000010101
0000000010100010011000110000000000000010001
0000000000100010001000111000000000000000001
0000000110100010100000001000000100000000001
0000010000100010000000001000000000000010001
0000000000100010010000101000000000000010100
0000100010100110001000010001000000000010100
0000000010100010001000100001100010000000001
0000000010100010000000010001100010000010101
0000000010100010011000010100100100010010100
0000000000111100001000101000000000000010000
0000000010100010001010000000100101010010100
0000000010100010000000001001100010000010101
0000100010100110000000000001001000000100101
1000000010111110000000001001000000000010001
0000101010101010000000001001000000000100001
0001000000100010001010000000100001100010101
0000000011000010000000001001100001000010101
0010000001100000001000011100000000000010001
0000010010100010000000010001100010100010001
1000000011100010100000011000100010000010101
0000010001100010000000011001100010000010001
0000001011101110001000100001000000000000101
0000000001101010000010001000100110000010101
0100010000100110000000010000100010000010011
0000000001100110011000101000100010000010001
0011010011100010100010000000100101000010100
