0000000010100010000000000000000000010000001
0000100000100010000000000000000000000010001
0000000000100010101000100000000000000000001
0000000000100010000000001000000000010000001
0000000000100110000000001000000000000000001
0000000010100010001000011001000100000010000
0000000100100010000000001000000100000000101
0000000000100010000000011000000010000010001
0000100010100110000000001000000000000000001
0001000010100010000000001001000000000000011
0000000000100010010000011000100010000010000
0011000010100010100000001000000000000010001
0011000010100010000000001001000000000010101
0001100000000010000000001000000000100010101
0000000010100010100000011000100001000010001
1000000000100110000000010000100001000010001
0000100000100110000000010000100010000110001
0000100000100110000000011000100000000010101
0001000011100010000000010001100001000010001
0000000000000010010000111000100001000010101
0000000011100010000000001001000010000010101
0011000000000010011000110000000000100010101
0011010010100000000000100001000000001010100
0011000000100110000000110000100001001000000
0001100001100110000000011000000000010010001
0001001010101110000000011001000001000010001
0000010011100010001000110001100010000010001
0001000000100010001000101000100010100110101
0001101000101110000000011001100001101110001
0011110100110010001000111001100101001010001
