24.3 2.0 15.0 -5.0
29.2 4.0 25.0 -7.0
29.7 4.0 27.0 -5.0
31.4 3.0 13.0 -6.0
33.8 5.0 32.0 -6.0
34.9 4.0 28.0 -6.0
37.3 3.0 16.0 -7.0
40.8 3.0 15.0 -7.0
41.0 4.0 28.0 -8.0
42.7 5.0 35.0 -8.0
54.7 4.0 25.0 -9.0
55.3 6.0 42.0 -11.0
57.1 5.0 21.0 -9.0
59.1 4.0 23.0 -9.0
59.8 2.0 12.0 -7.0
59.8 5.0 34.0 -9.0
59.8 5.0 31.0 -10.0
60.0 6.0 44.0 -10.0
61.2 4.0 23.0 -9.0
61.8 4.0 16.0 -9.0
66.5 4.0 31.0 -9.0
67.1 5.0 32.0 -8.0
67.9 5.0 26.0 -8.0
75.6 5.0 25.0 -8.0
85.3 8.0 53.0 -13.0
88.5 5.0 24.0 -12.0
94.4 7.0 43.0 -12.0
99.2 9.0 52.0 -15.0
112.4 9.0 47.0 -16.0
116.7 8.0 49.0 -13.0
