0000000000100010000000000000000000000000001
0001000010100010000000000001100000000000000
0001000000100010000000000000000000000110101
0100000000100010011000100000000000000000001
0000000010100010010000100000000000010000001
0000000001000010000000010000000000000010101
0000000000100010000000010000100001000010001
0000000000100010000000001001000000000110101
0011000000100010100000011000000000000010000
0001000000100010010000110000000100000010101
0001000000100000000010000000000101100000001
0000000010100010000000110001000000001010101
0011000000100010000000010000000000001010101
0000000010100110000000011001000000000010101
0011000000100010010000111000000000000000001
0001000000100110000000000000100010100000001
0000000001100010000100010000000100000010001
0000010000100010000000000000100011000010001
1000000000100111000000010000010000000010101
0011000010100010000000111001000000001000001
0001000000100010010000111000000000101010001
0011100000100110000000011000100000000010001
0001000000100000000010001100100101100010100
0000010000100010010000111000000010000010101
0000000011100000100000011001100010000010101
0000010000100000000000101001000000101010001
0001010010100110000100010001000000100010001
0011000001000010000000011000100001000010101
0000100010100110000010011001100101000110101
0111110010100110010000001001000100010010101
