30.9 4.0 23.0 -5.0
39.8 4.0 23.0 -7.0
40.2 3.0 15.0 -5.0
42.6 5.0 27.0 -7.0
43.8 5.0 20.0 -7.0
50.6 3.0 13.0 -7.0
51.2 5.0 29.0 -7.0
53.5 6.0 33.0 -8.0
57.3 5.0 20.0 -10.0
60.8 7.0 43.0 -10.0
61.8 4.0 28.0 -9.0
63.1 6.0 34.0 -9.0
69.3 5.0 26.0 -10.0
73.7 7.0 27.0 -10.0
77.8 9.0 49.0 -11.0
78.2 6.0 33.0 -11.0
78.7 8.0 42.0 -11.0
78.8 4.0 17.0 -11.0
83.2 7.0 34.0 -10.0
86.5 10.0 56.0 -12.0
88.0 9.0 40.0 -12.0
91.2 6.0 26.0 -12.0
92.2 6.0 25.0 -12.0
94.7 7.0 36.0 -13.0
98.8 8.0 36.0 -13.0
99.4 6.0 30.0 -13.0
111.8 9.0 50.0 -14.0
113.3 6.0 33.0 -12.0
125.5 7.0 31.0 -15.0
133.3 9.0 50.0 -15.0
