0000000000100010000000011000000000000000001
0000000000100010000000011000000000000110100
0000000000100110000000000000000010000000001
0000000000100010000000011000000000000010101
0000000000100110000000010000000000000010101
1000000001100010000000010000000000000010001
0000000000100110000000001000000000000010101
0000000000100010000000011000000000001010101
0000100010100110000000010001000000000010101
0000000010100010100000011000000001000010101
0100010010100010000000001001000000000010001
0000000000100010000000011000100001000010101
0000100010100110000000011000000000010010100
0111000000100110000000010000000000000010101
0011000000100010010000111000000000000010101
0000100000100110010000110000000100001110000
0000001000111110000000011000000000000010101
0100000011100010000000010001000010000010101
0000000000100110000000011000000000010011101
0011000000100010001000111000000000001010101
0011001000101110000010010000000000000010101
0000101010101100000000011001000000000010101
0000100010100100100000010000000010100110101
0000101010101110001000110000000000010010001
0010001010101110000000011001000000000010101
0100000010100110000000011000100010010010101
0000001000101110001000111000100010000010101
1000011001001010000000011000100010000010001
0000100010100110000001010000100001010111101
0001100000100010000001111000100010001011101
