0000000010100010000000000001100010000000000
0000000000100010000000000000100001000000001
0000000000100110000000010000000000000010001
0001000000100010000000000000000000100000101
0000000010100010011000101001000000000000001
0011000010100000100000001000000000000000001
0000000010100010000000010001100001000010001
0000001010000010000000011001000000000010001
0000000000100010000000011000000000010010101
0001000000100000010000001000000000100010001
0001000000100010011000100000000000001010101
0000100010100110000000000001000000010010001
1000000010100010000000010000000010010010001
0000100010100110000000000000100001010000000
0000010010000000101000110000100001000010001
0000000010110010100100000000100011000100001
0001000000100010001000010001100010100010101
0101010010110010000000011001100000000010001
0000000010100000011000110001000000100011100
0000010010100010000000001000000010110010000
0000000010100010000000011000100010010010111
0000110110000010100000011000100110000110001
0001000010100110100000001000101010100010100
0000100011100110100000010000001000100010001
1000000001000011011000110000100001000010101
0000100010100110010000101000100001011100000
1001100010100110111010100000100001100000101
0011000110100010001000101101000100001001101
0001110010100110010000111000100001011110011
0000110000100110010001111000100010001111101
