0011000010100010100000000000000000000000001
0000000000100110100000000000000000001000100
0000000010101110000000010001000000000010000
0000000010100010000000001000000000010100101
0001000100100010110000000000000100100000001
0000010010100000001000011001000000000010001
0000100010100110100000001000000000000100001
1000000000100110000000001000100010000000000
0000000000100010010000111000000000001000001
0000000000100110001010111000000100000000000
0000000010100010100000111000000000001010001
0000100000100110000010001000100101000000000
0000000011100110000000011001000000000010001
0000010011100110100000001000000000000010001
0000000100100110001000111000000100000110001
0000000010100110010000111000000100010010001
0000010010110110000000010001000010100010001
0001101000100110000000010000100010000010101
1011000010100111000000001001010000000000001
0000010110000100000000011001000100001010101
0000110000100110001000111000100010000010000
0000000011100110000000011001100001000010101
0000100000100110000001001000100010000001001
0000000110100110000000011000100110010010101
0011110110110010000000110001000000001110001
0011110000100100010000101000000000000110101
0011001011111010001000111001000010000010100
0000100110111110000000111001000100011010101
0000111001101110000000010000100010000110101
0010001001100100000001000000100010000011101
