0001000000010110100101001
1000000000001000001111111
0010000011101000111001100
0000011001011000000010001
0100010010101100000100111
0000110011100101100001011
1001000001110010010010010
1110011100000001000010000
0011000000101111000110111
0110010011110100100011000
0111110010101001000001010
1101000101101100001001100
1101010011110000100001101
0010110011101001001011011
0101010100111100010000001
1100011000110100010011010
0111110000100011111010110
1000001011011101010001111
1100111000011011010000011
1011100001101101101110011
1100111000010111010100111
0100110111110001010111010
1101101001101010111000110
1111000010110111100110111
0011111011101111101000101
1101100011110001111010100
0101111100000100110111111
0000011101111111111101001
0111011110010001110111100
1011101001110011111010111
