0000001001001010001101110
0100001011000010110000001
0001001111000000001010010
0001101100010100010000000
1100011100100100100100100
0000100111111000100110100
1001100011001110010000111
1111100001001001100010010
1000111100010001100100110
1011010001101110100011111
1010110000001111011001111
1100100110001110100100101
0110111010101011100001010
1010101101101011010001000
1110000001110011010111010
1101000101110011001010000
0100010110111110101100100
0101110010110001011001100
0111101001010110100011001
1011000100110100011110111
0111111100010010110001100
1101001010100101011101100
1101010001101111101111000
0101101111100010100110110
0011111011010111110000110
0100001011111110001111011
0111001110110100011011100
1101010111101001100111101
1110110111011001101110110
1101011110111111100110100
