1100100000000000110001000
0000000000110100010011011
0100110010000110100010110
1100100000010101000011000
1010010000011110110001001
1110110000000100001110010
1011000111001010001000011
0101011001010001100001010
0100101110001110000100010
0000001000110111011100111
1011010110001100100010101
0001110011011100001101000
0100000111011011101101000
0111100010111000001011100
1111000001011101100010001
1101001100001000001110110
1100001100110100100011111
0011100110000111111011010
1010001010110111110011001
1000111111001101100100010
0101000111010011101010101
0010101011010110111011100
1001110010111001010011010
0001010111111011110011000
1100101000101110010111110
1100011110010001010111101
0111110110011010001110101
1110101100010100111111000
0111110011011010111011100
0101111100111100111111001
