0010010101001110100101100
1000011000010100100001111
1111100010000000001001001
0111100000000001001011010
0010101011000000111100000
0001110101100000000110011
0001010011001011110001001
1100000101001001011000010
0100100110010111010000000
1001100100010100100011010
0110000110011011100100100
0010010101111101000100111
1010010010111010001011110
1010101100100000011101001
1000101001101011101001100
0000000011111111010010101
1010010011100110011101111
0111001000111100110000000
0111010010000011010111011
1011010001111111100001110
1101001001001100001010011
1010011111000010110011111
1111100100000101101101101
1010110011011111000111100
1110000011111111100101011
1100000110011110010111001
1101101100100110011000101
1100110001111111001100101
1111110011101010101110100
1111110100111101110010001
