0000100100000000001000111
0010100110100000100001100
1100000000101111010000011
1010010010010110110010000
1000100001001001010110100
0100001000101100000110111
0110000100010011001101011
0001100100000111110001101
1000001110000010000111111
0110001001101110100011100
0000100111010001001100111
1000100110100000110110011
0010001011010011110101100
0101100000010010010110011
0010101101001010100010111
0101111000100001001001110
0110100101111000000010011
1101000010111010100100011
1111010100110010100011110
1001000010110111100111011
1100001101011010000110100
0101110101100100011101001
1100100010011001101010110
1010001111111000101001110
1011101010110000101001111
1010111010111111100101000
1110000101110101111010101
0110001110111001111101010
1001111111010110100111000
0101110011101101101111110
