0000110101001000001000101
0011011000101010000100001
0100010011110110010000000
0010000110001011100110100
1001011001100000001011000
0011011010001011000100100
0001000001110110101010011
1010101001010010000100111
0110110010100011110010000
0010000110011001011011000
0110011100001110100101100
1010000111110110101010000
1010110100010001101101001
0100110111100000101101110
0010011110010101101101010
1110000101111110100010101
1101001000001100111010100
0010101101010000111011110
0001101110110000011001101
0101001111010101001000011
1011001010011011100101111
1010110011101111011100011
1010101010010101011110001
0001011101011101011100010
1001001111100110110110011
0101100111010110101101111
1111001100001110110011011
1111011010001111100111111
0111101101011110010110111
1011101110111000110111111
