447.0 -21600.0
459.0 -22584.0
462.0 -23664.0
472.0 -24168.0
494.0 -25104.0
519.0 -26028.0
529.0 -26400.0
534.0 -27036.0
544.0 -27540.0
559.0 -27588.0
560.0 -28380.0
597.0 -28668.0
602.0 -29004.0
608.0 -29244.0
613.0 -29520.0
633.0 -29736.0
641.0 -30108.0
644.0 -30228.0
646.0 -30492.0
663.0 -30864.0
681.0 -31068.0
695.0 -31356.0
706.0 -31440.0
724.0 -31716.0
727.0 -32112.0
735.0 -32472.0
737.0 -32640.0
738.0 -32784.0
761.0 -32868.0
763.0 -33516.0
771.0 -33852.0
788.0 -34008.0
808.0 -34044.0
819.0 -34236.0
820.0 -34488.0
834.0 -34932.0
854.0 -35328.0
884.0 -35352.0
890.0 -35664.0
906.0 -36192.0
916.0 -36300.0
947.0 -36420.0
961.0 -36444.0
962.0 -37116.0
976.0 -37140.0
1055.0 -37380.0
1061.0 -37560.0
1076.0 -37812.0
1085.0 -38844.0
1093.0 -39012.0
1107.0 -39228.0
1166.0 -39792.0
1236.0 -39936.0
1280.0 -40092.0
1284.0 -41148.0
1361.0 -41544.0
1382.0 -41856.0
1407.0 -41892.0
1444.0 -42120.0
1489.0 -42660.0
1609.0 -42888.0
1741.0 -43488.0
1748.0 -43596.0
1901.0 -43872.0
