0001001000100000011111101000000110010000010000001101000000100000111111001100001000000000000000110000
0011001001101000001011101000000010010000010000001101000000100000111111001100001000000000000000100000
0001001001101000011111101000000010010000010000001101000001100000111111001100001000000000000000100000
0001001000100000011111101000000110010000010000001101000001000000111111011100001000001000000000100000
0001001001101000001011111100100010010000010000001101000001000000111111001100001000000000000000100000
0001001001101000001011111100100010010000010000001101000001000000111111001100001000000000001000100000
0001001001101000001001111100100100010000010000001101001001000010110111011100001000001000000000100000
0011001001100001001111101100000110010000010000001101000001000010110111011100001000001000000000100000
0001001001101001001111101100000100010000010000001101000011100010110111011100001000001000000000100000
0001001001101000001111111100100010010000010000001101000001000000111111011100001000001000000000100000
0001000001101001001111101100100110010000010000101101100001000010111111011100001000001000000000100000
0001001001101000001011111100100110010000010000101101100001000000111111011100001000001000000000100000
0011001001101001001111101100000100010000010000001101000011100010111111011100010001001000000000100000
0001001001101000001011111100100110010000010000101101100001000010111111011100001000001000000000100000
0001001001101000001111111100100110010000010000101101100001000011110111011100001000001000000000100000
0011001001101000001011111100100110010000010000101101100001000010111111011100001000001000000000100000
0001001001101000001011111100100110010000010000101101100001000011111111011100010001001000000000100000
0011001001101001001111101100000100010000010000001101000001000010110111011100001000001010001100101001
0001001001101000001111111100100110010000010000101101100001000011111111011100010001001000000000100000
0011001001101000001011111100100110010000010000101101100001000010111111011100001000001000000100100000
0011001001101001001111101100000100010000010000001101000011100010110111011100001000001000001100101001
0001001001101000001011111100100110010000010000101101100001000010111111011100001000001000000100101001
0011001001100001001111101100000110010000010000001101000001000010110111011100000001101000001100111001
0001001001101001001111101100000110010000010010001101001001000010110111011100001000001010001100101001
0001001001101000001011111100100010010000010000001101000001000010110111010101010001101000001100111000
0011001001101001001111101100000110010000010000001101000001000010110111011100000001101000001100111001
0011001001101000001011111100100110010000010000101101100001000010111111011100010001000000101100101001
0001001001101000011111111100100110010000010000101101100001000010111111011100010001000000101100101001
0011001001101000001011111100100110010000010000101101100001000011111111011100000001001010001100111000
0001001001101000001011111100100110010000010000101101000001000010110111011101010001101010001100100000
0001001001101000001111111100100000010000011010101101100101000010111111011100010001101010001100101001
0011001001101000001011111100100110010000010000101101000001000010110111011101010001101010001100100000
0011001001101000001011111100100110010000010000101101000001000010110111011101010001101000001100111000
0011001001101000011111111100100110010000010000001101000001000010110111011101010001101000001100111000
0001001001101000001011111100100110010000010000101101100001000010111111011100011001101010001100101001
0011001001101001011111111100100110010000010000001101000001000010110111011101010001101000001100111000
0011001001101000001011111100100110010000010010101101100001000010111111011100010001101010001100101001
0001001001101000011111111100100110010000010100101101100101000010111111111100010001101010001100110000
0001001001101000001011111100100110010000010100101101100101000010111111111100010001101010001100101001
0001001001101001011111111100100110010000010100101101110101000010111111111100010001101010001100110000
0001001001101000011111111100100110010000010100101101100101000010111111111100010001101010001100101001
0001001001101000011111111100100110010000010000001101011011100010110111011101010001101010101100101001
0001001001101000011111111100101110010000010010001101110001001010110111011100001001101010011100101001
0001001001101001011111111100100110010000010000001101011011100010110111011101010001101010101100101001
0001001001101001011111111100101110010000010010001101110001001010110111011100001001101010011100101001
0011001001101000001011111100100110010000010000101101100001000110110111010111010001101010111100111001
0001001001101001011111111100100110010000010000001101011011100110110111000111001001101010001100101001
0001001001101001001111111100101110110100010010001101100001001010110111011101010001101010001100100000
0001001001101001001111111100101110110000010011001101110001001010110111011101010001101010011100100001
0001001001101001001111111100101110110000010011001101110001001010111111011101010001101010011100100001
0001001001101001001111111100101110110000010011001101110001001010110111011101010001101010101100101001
0001001001101001001111111100101110110000010011101101011011000010111111010101010001101000001100110011
0001001001101001001111111100101110110100010010101101011011010010111111010101010001101000001100110011
0001001001101001001111111110101110110100011010001101001011000010111111010101011001101010001100101001
0001001001101001001111111100101110110100010010001101100011001110110111110101011001101010011100101001
0001001001101001001111111100101110110100010010001101100011001110110111010111010001101010111100101001
0001001001101001001111111100101110110100010100001101100011101110110111010111010001101010111100101001
0001001001101001001111111100101110110100010100001101100011101110110111010111010001101010111100111001
0001101001101001001111111100101110110100010010101101101011001110110111010111010001101010011100101001
0011001001101001001111111100101110110100010010001101101011001110110111010111010001101010011100101011
1011001001101001001111111100001110111100010010101101101011001110110111010111010001101010011100101001
1011001001101001001111111110001110111100010100001101100011101110110111010111010001101010111100101001
1011001001101001001111111110001110111100010010101101101011001110110111010111010001101010011100101001
1011001001101001011011111111001110111100010010001101111011001110110111010111010001101010011100101011
