101000011100100100000001000000011011000000000000
101000011100100100000001000000011011000000000000
000000011000100110101001000010011010000000100000
101000011110100100000001000000011011000000100000
101000011100100100100001000000011011000000100000
101000011110100100001001000000011011000000100000
101000011110100100001001000000011011000000100000
001000011110100100100001000000011011000000100000
101000011100100100101001000000011011000000100000
101010011100100110001001000010011010000000000000
101000011000100110001001000010011011000000000000
101000011000100110001001000010011010000000100000
101000011110100100101001000000011011000000100000
101000011100100110001001000010011010000000100000
101010011100100110001001000010011010000000100000
101000011000100110001001000010011011000000100000
001000011000100110101001000010011010000000100000
101010011000100110000001100010011010000000100000
101000011000100110100001000010011011000000100000
001010011100100110101001000010011011000000000000
101010011100100110101001000010011011000000000000
101000011010100110101001000010011011000000000000
001010011100100110101001000010011010000000100000
101010011100100110101001000010011010000000100000
101010011110100110101001000010011011000000000000
001000011000100110100001000010011010010000100000
101010011100100110101001000010011011000000100000
001000011000100110001001000010011011010000100000
101000011100100110100001100010011011000000100000
101010011000100110101001100010011010000000100000
001000011000100110100001000010011011010000100000
101010011110100110101001000010011011000000100000
101010011100100110100001100010011011000000100000
101010011010100110101001100010011011000000000000
101000011100100110100001100000011010010000100000
101010011110100110100001100010011011000000100000
101000011100100110100001100010011010010000100000
001000111000100110100001000010011010010000100000
101010011110100110101001100010011011000000100000
101010011110100110101001100010011011000000100000
001010011010100110101001000010011011010000100000
101010011100100110101001100010011010010000100000
111000011100100110100001100010011011000000100000
101010011000100110101001100010011011010000100000
111000011000100110100001000010011011010000100000
001000011100100110100101000010011010010000100000
101000111000100110100001000010011010000010100000
101010011010100110101001100010011011010000100000
101010011110100110101001100010011011010000100000
101110111000100110100001100010011011000000000000
001000011000100110100001000010011011010010100000
101010111100100110101001100010011010010000100000
101010111100100110101001100010011010010000100000
001000011000100110101001000010011011010010100000
001000011000100110101001000010011011010010100000
101000111010100110101001100010011011010000100000
001000111000100110100001000010011010010010100000
111100011000100110100001000010011011010000100000
101010111110100110101001100010011011010000100000
101010111110100110101001100010011011010000100000
101110011000100110100101000010011010010000100000
001110011000100110100001000010011010010010100000
111110111000100110100001100010011011000000000000
111000111100100110100001100010011011010000100000
101110111000100110100001100010011011010000100000
001100011000100110101001000010011011010010100000
011100111000100110100001000010011011010000100000
101110111100100110101001100010011011010000100000
111000111010100110101001100010011011010000100000
111010111110100110101001100010011011010000100000
111110011010100110101001100010011011010000100000
111110011010100110101001100010011011010000100000
111100111000100110100001100010011011010000100000
101010011000100110101101100010011010010010100000
111110111000100110100001100010011011010000100000
111100111000100110101001100010011011010000100000
001110011000100110100101000010011010010010100000
001100011000100110100101000010111010010000100000
101000111000100110101101000010111010010000100000
101011011111100110101001100010011111000000100010
101011011111100110101001100010011111000000100010
011100011000100110101001000010111011010000100000
101010111111100110101001100010011111010000100000
111110111110100110101001100010011011010000100000
101110111100100110101101100010011011010000100000
001100011000100110101111000010011010010000100000
011010011000100110101101000010111011010000100000
111000111100100110100001100010011011010010100001
001100111000100110100101000010111010010000100000
101011011111100110101001100010011111010000100010
111110011010100110101001100010011011010010100000
111100111000100110100101100010011011010000100000
111110111000100110100101100010011011010000100000
111110111000100110100101100010011011010000100000
111100111000100110101001100010011011010000101000
101100111000100110100101100010111010010000100000
111110111000100110101101100010011011010000100000
101011111101100110101001100010011111010000100010
101011011111100110101001100010011111010000100011
101011111011100110101001100010011111010000100010
101011111111100110101001100010011111010000100010
101010011000100110101111100010111010010000100000
001000011000100110101101000010111010010010101000
000100011000100110101111010010011010010010100000
000100011000100110101111010010011010010010100000
101011111111100110101001100010011111010000100011
101011111111100110101001100010011111010000100011
011110011000100110101011010010011011010000100000
001110111000100110100101010010011010010010100000
101101111111100110101001100010011111010000100010
101001111101100110101101100010011111010000100010
001100111000100110100101010010111010010000100000
111110111000100110101101100010011011010000101000
101100011000100110101011100010111010010000101000
111110111110100110100101100010011011010010100000
111110111000100110100111100010011011010000100000
111110111000100110100111100010011011010000100000
101011111111101110101001100010011111010000100011
101011111111101110101001100010011111010000100011
101011111111100110101001100010011111010010100010
101010011000100110101111100010111010010000101000
101010011000100110101111100010111010010000101000
111111111111100110100001100010011111010000100010
111011111111101110101001100010011111010000100010
001100011000100110101101010010111010010010100000
111111111111100110101001100010011111010000100010
111011111101100110101101100010011111010000100010
101100011000100110101111010010011010010010100000
111010111000100110101101110010111011010000100000
001110111000100110100101010010011010010010101000
111011111111101110101001100010011111010000100011
111011111111101110101001100010011111010000100011
111110111000100110100101100010111011010010100000
001100111100100110101111010010011010011000100000
001110111000100110100101010010111010010010100000
111101111001100110100101100010011111010000100010
001100111000100110101101010010011011010010101000
111101111101100110100101100010011111010000100010
111111111001100110100101100010011111010000100010
001100111000100110101111010010011010010010100000
111110111010100110101101100010011011011010100001
111111111011100110100101100010011111010000100010
111111111101100110101101100010011111010000100010
101100111000100110101111100010111010010000101000
111110111010100110101101110010011011010010100000
111111111111100110101101100010011111010000100010
111111111111101110101001100010011111010000100011
001100011000100110101101010010111010010011101000
001100011000100110101101010010111010010011101000
001100011000100110100111010010111010010010100000
001100011000100110100111010010111010010010100000
111101111011100110101001110010011111010000100010
101111111111100110101001110010011111010001100011
001000111000100110101111010010111011010010100000
001100111000100110101111010010011010011010100000
011100111010100110101101010010011011010010101000
111111111111100110101001100010011111010010100011
111101111101100110100101100010011111010010100010
101011111111111110101001100010011111110100100011
101011111111111110101001100010011111110100100011
001100111000100110101111010010011010010010101000
111111111111100110101101100010011111011000100010
111011111111110110101001100010011111110100100011
111101111111100110100101100010011111010010100010
111100111010100110101101110010011011010010101000
111011111111101110101001110010011111010001100011
001100111000100110101111010010111010010010100000
001100111000100110101111010010111010010010100000
101100111000100110101111100010111010010010101000
111111111111100110101001110010011111010001100011
111101111001100110101111100010011111010000100010
001100111000100110101111010010111011010010100000
101111111101100110100101100010111111010010100010
101101111111100110101101100010011111010010101010
101111111011100110101101100010011111010010101010
111011111111111110101001100010011111110100100011
111011111111110110101001100010011111111100100011
111111111111100110100111100110011111010000100010
111101111001100110101011110010011111010001100010
111101111101100110101011110010011111010001100010
111101111101100110101011110010011111010001100010
111111111111100110001101100010011111010010101010
111111111111100110001101100010011111010010101010
011100111000100110101111010010111011010010100000
011110111000100110101111010010111011010000101000
011110111000100110101111010010111011010010100000
111011111111111110101001100010011111111100100011
111100111000100110100111110010111011010010100000
111011111111111110101001100010011111111100100011
111101111011100110101101100010111111010000101010
111110111000100110100111110010111011010010100000
111110111000100110100111110010111011010010100000
111111111111101110101101000010011111010010101010
111100111000100110101111110010111011010010100000
111110111000100111101101110010111011010011100000
101100111000100110101111110010111010010010101000
101100111000100110101111110010111010010010101000
111111111111101110101001110010011111011001100011
111110111010100110100111110010111011010010100000
111110111000100110101111110010111011010010100000
111111111001100110101101110010111111010000100010
111111111111110110101101100010011111110100100011
111110111010100110101111110010111011010000101000
111110111010100110101111110010111011010010100000
111111111101100111101101000010011111010010101010
111111111111101110101101100010011111010010101010
101111111011100110101101110010011111010010101010
111110111010100110101111110010111011010011100000
111111111111100110101111110010011111010000100010
111111111111111110101001100010011111111100100011
101111111011100110101101110010011111010011101010
111111111011100110100101100010111111010010101010
111111111111100110101101110010011111010011100011
111101111001100110100101110010111111010010100010
111111111111110110101101100010011111111100100011
111100111000100110101111110010111011010010101000
111100111000100110101111110010111011010010101000
111101111001100110101101110010111111010010100010
111110111000100110101111110010111011010010101000
111110111000100110101111110010111011010010101000
111111111111100110101111110110011111010001100010
111111111111100110101111110110011111010001100010
111111111111100110100101110010111111010010100010
111110111010100110101111110010111011010010101000
111110111010100110101111110010111011010010101000
111111111011100110101101110010011111010011101010
111111111111100110101101110010011111010011101010
111100111001100110101111110010111111010010100000
111110111010100110101111110010111011010011101000
111111111111111110101101100010011111111100100011
111111111111100110101111110110011111010001100011
111100111001100110101111110010111111010011100000
111111111111110110101011100110011111111100100011
111111111111110110101011100110011111111100100011
111111111111110110101101100010011111110110101010
111111111111110110101101100010011111110110101010
111110111010100110101111110010111011010011101001
111111111111101110101101110010011111010011101010
111111111111100110101101110010111111010011100011
111111111111100110101101110010111111010011100011
111111111011100110101111110110011111010011100010
111011111111101110101111110110011111011001100011
111111111111111110101111100110011111110100100010
111111111111111110101111100110011111110100100010
111101111001100110100111110010111111010010100010
111101111001100110100111110010111111010010100010
111111111111100110101111110110011111011001100011
111111111111100110101111110110011111011001100011
111111111111111110101011100110011111111100100011
111111111111111110101011100110011111111100100011
111111111111100110101101110010111111010010101010
111110111010100111101111110010111011010010101000
111110111010100111101111110010111011010010101000
111100111001100110101111110010111111010010101000
111101111001100110101111110010111111010010100010
111111111111111110101101100010011111111100101011
111111111001100110101111110010111111010010100010
111110111010100110101111110010111011010011111000
111110111010100110101111110010111011010011111000
111011111111100110101111110110111111010011100010
111111111111100110111111110110011111010001100011
111111111111101110101111110110011111010011100010
111111111111101110101111110110011111010011100010
111111111011100110111111110010111111010000100010
111111111111111110101011100110011111111100101010
111111111011100110101111110010111111010011100010
111111111111100110101111110010111111010011100010
111111111111101111101101110010011111010011101010
111111111111100110101111110010111111011001100011
111011111111101110101111110110011111011011100011
111111111111101110101111110110011111010011100011
111111111111100110111101110010011111011011101010
111111111111111110101111100110011111111100100011
111111111111111110101111100110011111111100100011
111011111111100110101111110110111111011011100010
111111111111100110101111110110111111010011100010
111101111001100110101111110010111111010010101010
111101111001100110101111110010111111010010101010
111111111111100110101011110110111111011001101011
111111111001100110101111110010111111010010101010
111111111111100110111101110010111111010010101010
111111111111111110101111100110011111110100101011
111111111111100111111101110010011111010011101010
111111111111100110111101110010011111011011101011
111111111011100110101111110010111111010010101010
111111111011100110101111110010111111010010101010
111111111111100110101111110010111111010010101010
111111111111101110101111110110011111011011100011
111111111111101110101111110110111111010011100010
111111111111100110101111110010111111010011101010
111111111111100110101111110110111111011001101010
111111111111100110101111110110111111011001101010
111111111011100111111111110010111111010001100010
111111111111110111111101100010011111111100101011
111111111001100110111101110010111111011011101010
111111111111110111111101100010011111111100101011
111011111111110110101001110011011111110111111110
101011111111111110101001110011011111111111110111
111111111111111110101001110010011111111111110011
111011111111110110101001110011011111111111110111
111111111111111110101101100011011111110110110111
111111111111111110101101100011011111110110110111
111111111111100110101111110110111111011001101011
111111111111100110101111110110111111011001101011
111111111011100110111111110010011111011011101010
111101111001100110111111110010111111010010101010
111101111001100110111111110010111111010010101010
111011111111110110101001110011011111110111111111
111111111001100111101111110010111111010010101010
111111111001100110111111110010111111010010101010
111111111001100110111111110010111111010010101010
111111111101100111101111110010111111010010101010
111111111011100111111101110010111111010011101010
111111111011100110101101110011111111011011110110
111111111011100111101111110010111111010010101010
111111111001100110111111110010111111010011101010
111111111011100110111111110010111111010010101010
111111111011100110111111110010111111010010101010
111111111101110110101001110011011111111111110111
111011111111110110101101110011011111111111110110
111111111111100110111111110010111111010010101010
111111111111110110101101110011011111110111110110
111111111111111110101001110011011111110111110111
111101111001100110101111110011111111010010110110
111111111111100110101111110011011111011011110110
111111111011100110111111110010111111010011101010
111111111111100110111111110010111111010011101010
111111111111110110101001110011011111110111111111
111101111001100110101111110011111111010010110111
111111111111111110101101110011011111110111110110
111111111111110110101101110011011111111111110110
111111111111101111101111110010111111010011101010
111111111111111110101001110011011111111111110111
111111111111100111101101110011011111011011111110
111111111111100110101111110011111111010010110111
111111111011100110111111110010111111011011101010
111111111111100110101101110011111111011011111110
111111111111100110101101110011111111011011111110
111111111111100110101111110111111111010011110110
111111111001100111111111110010111111010011101010
111111111011100111111111110010111111010010101010
111111111011100111111111110010111111010010101010
111111111111110110101101110011011111111111110111
111101111001100110111111110011111111010010110110
111111111011100111111111110010111111010011101010
111111111001100110111111110011111111010010110110
111111111011100110101111110011111111010010111110
111111111111100110101111110011111111010010111110
111111111111101110101101110011111111011011111110
111111111111110110101011110111011111111111110110
111111111011100110101111110011111111010011111110
111111111011100110101111110011111111010011111110
111111111111110110101101110011111111110111110111
111111111011100111101101110011111111010011111111
111111111111110110101111110111011111110111110110
111111111111111110101011110111011111110111110111
111111111111111110111001110011011111111111110111
111111111011100111111111110010111111011011101010
111111111111100111111111110010111111011011101010
111111111111110110101111110011011111111111110110
111101111001100110111111110011111111010010111110
111101111001100110111111110011111111010010111110
111111111111110110101111110111011111110111110111
111111111011100110101111110011111111011011111110
111111111001100110111111110011111111010010111110
111111111001100110111111110011111111010010111110
111111111111100110101111110011111111011011111110
111111111011100111111111110010111111010011111010
111111111011100111111111110010111111010011111010
111111111001100110111111110011111111010011111110
111111111001100110111111110011111111010011111110
111111111111110110101111110111011111111111110110
111111111011100111101111110011111111010011111110
111111111011100110111111110011111111010011111110
111111111011100110111111110011111111010011111110
111111111111100110111111110011111111010011111110
111011111111111110101111110111011111111111110111
111011111111111110101111110111011111111111110111
111111111111110110111101110011011111111111111110
111111111111101110101111110011111111011011111110
111111111111110111101111110111011111110111110110
111111111111110110101111110111011111111111110111
111111111111110110101111110111011111111111110111
111111111111110110101111110111111111110111110110
111111111111110110101111110111111111110111110110
111111111111110110111101110011111111111111110110
111111111011100111111101110011111111011011111110
111111111111111110111101110011011111110111111111
111111111111100110111111110011111111010011111111
111111111111110110101111110111011111110111111111
111111111111101110101111110111111111011011111110
111111111011110110111101110011111111110111111110
111111111011100111101111110011111111011011111110
111111111011100110111111110011111111011011111110
111111111011100110111111110011111111011011111110
111111111111110110101111110111011111111111111110
111111111111111110101111110111011111111111110111
111111111011110110101111110011111111110111111110
111111111111111110101111110111111111110111110110
111111111111110110101111110011111111110111111110
111111111111110110101111110111111111111111110110
111111111111110110101111110111111111111111110110
111111111111111110101111110111011111110111111111
111111111111100111111111110011111111010011111110
111111111111111110111101110011011111111111111111
111111111111110110101111110111011111111111111111
111111111011110110101111110111111111110111111110
111111111111110110101111110111111111110111111110
111111111111110110111101110011111111111111111110
111111111111110110111101110011111111111111111110
111111111111110110101111110111111111111111110111
111111111111110110101111110111111111111111110111
111111111011110110101111110011111111111111111110
111111111011110110101111110011111111111111111110
111111111111110110111111110111011111110111111111
111111111011110111111101110011111111110111111110
111111111011110110111111110011111111010111111110
111111111011100111111111110011111111011011111110
111111111111111110101111110111011111111111111111
111111111011100111111111110011111111011011111110
111111111111111110101111110111011111111111111111
111111111111110110111111110111011111111111111110
111111111011110110111111110011111111110111111110
111111111111110110101111110111111111111111111110
111111111111110110111111110011111111110111111110
111111111111111111101111110111011111110111111111
111111111111111110111111110111011111110111111111
111111111111111110111111110111011111110111111111
111111111111111110101111110111111111110111111111
111111111111111110101111110111111111110111111111
111111111111110111101111110111111111110111111110
111111111111110111101111110111111111110111111110
111111111111110110101111110111111111111111111111
111111111111110110111111110011111111110111111111
111111111011110110111111110011111111011111111110
111111111111110110111111110011111111011111111110
111111111011110111101111110011111111111111111110
111111111011110111101111110011111111111111111110
111111111011110110111111110011111111111111111110
111111111111110110111111110011111111111111111110
111111111111110111111111110111011111110111111111
111111111111110111101111110111111111110111111111
111111111111110111101111110111111111110111111111
111111111111111110101111111111011111111111111111
111111111111111110101111111111011111111111111111
111111111111110110111111110111111111110111111111
111111111011110111111111110011111111010111111110
111111111011110111111111110011111111010111111110
111111111111111111101111110111011111111111111111
111111111111111110111111110111011111111111111111
111111111111111110111111110111011111111111111111
111111111111111110101111110111111111111111111111
111111111111111110101111110111111111111111111111
111111111011110111111111110011111111110111111110
111111111011110110111111110111111111111111111110
111111111111110110111111110111111111111111111110
111111111111110111111111110011111111110111111110
111111111111110110111111111111011111111111111111
111111111111111110111111110111111111110111111111
111111111011110111111111110111111111110111111110
111111111111110111111111110111111111110111111110
111111111111110111101111110111111111111111111111
111111111111110110111111110111111111111111111111
111111111011110111111111110011111111011111111110
111111111011110111111111110011111111011111111110
111111111011110111111111110011111111111111111110
111111111011110111111111110011111111111111111110
111111111111110111111111110011111111111111111110
111111111111111111101111111111011111111111111111
111111111111111111101111111111011111111111111111
111111111111110111111111110111111111110111111111
111111111111111110111111111111011111111111111111
111111111111111111111111110111011111111111111111
111111111111111110101111111111111111111111111111
111111111111111111101111110111111111111111111111
111111111011110111111111110111111111111111111110
111111111111110111111111110111111111111111111110
111111111111111111111111110111111111110111111111
111111111111111111111111110111111111110111111111
111111111111110110111111111111111111111111111111
111111111111110110111111111111111111111111111111
111111111111110111111111110111111111111111111111
111111111111110111111111110111111111111111111111
111111111011110111111111111011111111111111111110
111111111011110111111111111011111111111111111110
111111111111110111111111111011111111111111111110
111111111111111111111111111111011111111111111111
111111111111111111111111111111011111111111111111
111111111111111111101111111111111111111111111111
111111111111111111101111111111111111111111111111
111111111111111110111111111111111111111111111111
111111111011110111111111111111111111111111111110
111111111011110111111111111111111111111111111110
111111111111111111111111110111111111111111111111
111111111111110111111111111111111111111111111110
111111111111110111111111111111111111111111111110
111111111111110111111111111111111111111111111111
111111111111110111111111111111111111111111111111
111111111111111111111111111111111111111111111111
111111111111111111111111111111111111111111111111
