000010011000100110001001000010011010000000100000
000010011000100110001001000010011010000000100000
000010011000100110100001000010011010000000100000
000010011000100110100001000010011010000000100000
000010011000100110101001000010011010000000100000
000010011000100110101001000010011010000000100000
000100011000100110001001000010011010000000100000
000010011000100110101001000010011010000000100001
000100011000100110100001000010011010000000100000
000010011000100110101001000010011010010000100000
000010011100100110101001000010011010010000100000
101010011100100110001001000010011011000000100000
101010011100100110001001000010011011000000100000
101010011000100110101001000010011010000000100000
101010011100100110101001000010011010000000100000
001010111000100110100001000010011010000000000000
000010011000100110100001000010011010010010100000
101010011110100110101001000010011011000000000000
001000011000100110100001000010011010010000100000
101010011110100110100001000010011011000000100000
101010011100100110100001100010011010000000100000
101010011100100110100001100010011010000000100000
101000011100100110101001100010011010000000100000
101010011010100110101001000010011011000000100000
101000011000100110101001000010011010010000100000
101010011110100110101001000010011011000000100000
101010011000100110101001000010011010010000100000
101010011000100110101001000010011010010000100000
001000011000100110101001000010011011010000100000
101000011000100110100001100010011010010000100000
101000011100100110100001100010011010010000100000
001010011000100110101001000010011011010000100000
001000111000100110100001000010011010010000100000
101010111100100110100001100010011010000000100000
000110011000100110100001000010011010010000101000
101010011010100110101001000010011011010000100000
101010011110100110101001000010011011010000100000
101010011100100110100001100010011011010000100000
001000111000100110100001000010011011010000100000
101000011000100110101001100010011011010000100000
101010111000100110101001000010011010010000100000
001010111000100110100001000010011011010000100000
001000111000100110101001000010011011010000100000
101000111100100110100001100010011010010000100000
101010011110100110101001100010011011010000100000
101010011110100110101001100010011011010000100000
101000111000100110100001100010011011010000100000
101000111100100110100001100010011011010000100000
101000111100100110100001100010011011010000100000
101010111100100110100001100010011011010000100000
101000111000100110101001100010011011010000100000
001010011000100110101101000010011011010000100000
001010011000100110101101000010011011010000100000
001000111000100110100001000010011010010000101000
101000111010100110101001100010011011010000100000
101010011110100110101001100010011011010000100001
101010011110100110101001100010011011010000100001
001000111000100110100001000010011010010010100000
101000111110100110101001100010011011010000100000
101100111000100110100001100010011010010000100000
011010111000100110101001000010011011010000100000
011010111000100110101001000010011011010000100000
111010011110100110101001100010011011010000100000
101100111000100110100001100010011011010000100000
111000111100100110100001100010011011010000100000
101110111000100110100001100010011011010000100000
101100111000100110101001100010011011010000100000
101010111110100110101001100010011011010000100001
001000111000100110100001000010011010011010100000
101100111000100110100001100010011010011000100000
001100111000100110101001000010011010010000101000
101000011000100110101101100010011010010000101000
001000111000100110100101000010011010010010100000
111100111000100110100001100010011011010000100000
101100111000101110101001100010011011010000100000
011110111010100110101001000010011011010000100000
001110111000100110101101000010011011010000100000
101110111000100110100001100010011010010010100000
111010111110100110101001100010011011010000100001
101100111000100110101001100010011010010000101000
101000111000100110101101000010111010010000100000
111100111010100110101001100010011011010000100000
001100011000100110101101000010111010010000100000
111110111010100110101001100010011011010000100000
111110111110100110101001100010011011010000100000
111110011000100110101101100010011011010000100000
011100111000100110101101000010011011010000100000
001100111000100110100101000010111010010000100000
101100111000100110100101000010111010010000100000
001110111000100110100101000010111010010000100000
001110111000100110100101000010111010010000100000
111110111110100110101001100010011011010000100001
001100111000100110101101000010111010010000100000
111110111000100110100101100010011011010000100000
001110111000100110101101000010111010010000100000
111100111110100110100101100010011011010000100000
111110111110100110101001100010011011011000100000
111110111110100110100101100010011011010000100000
111110111100100110101101100010011011010000100000
111010111100100110100101100010011011010010100000
111110111010100110101101100010011011010000100000
101011111111100110101001100010011111010000100010
101011111111100110101001100010011111010000100010
001110111010100110101111000010011011010000100000
111110111100100110101101100010011011010000100001
111000111000100110101111100010011011010000100000
001110111000100110101101000010111010011000100000
001100111000100110100101000010111010010010100000
001100111000100110100101000010111010010010100000
111110111110100110101101100010011011010000100001
001110111000100110101101000010011010010010101000
001100111000100110101101000010111010010000101000
001100111000100110100101000010111011010010100000
101010111111101110101001100010011111010000100011
101010111111101110101001100010011111010000100011
111011111111100110101001100010011111010000100010
111110111000100110101101100010011011010010100000
101110111000100110100111000010111010010000100000
001100111000100110101111000010111010010000100000
111110111010100110101101100010011011010010100000
111100111000100110101111100010011011010000100000
101010111000100110101111000010011010010010101000
111011111111100110101001100010011111010000100011
001010111000100110101101010010111010010010100000
111110111100100110101101100010011011010000110001
111111111011100110101001100010011111010000100010
111111111001100110100001100010011111010000100011
111110111010100111101101100010011011010000100001
001100111000100110101101000010111010010010101000
001100111000100110101101000010111010010010101000
011110111010100110100101000010111011010010100000
001110111000100110101101000010111010010010101000
111011111111101110101001100010011111010000100011
111110111000100110101101100010011011010010101000
111110111110100110101101110010011011000010100000
111101111001100110100101100010011111010000100010
011110111010100110101111000010011011010010100000
011100111000100110100011010010111011010000100000
001110111000100110101111000010111010010010100000
001110111000100110101111000010111010010010100000
111011111101100110111001100010011111010000100011
111101111101100110101101100010011111010000100010
111111111001100110101101100010011111010000100010
111111111101100110101101100010011111010000100010
001100111000100110101111010010111010010000100000
001100111000100110101111010010111010010000100000
111111111011100110101101100010011111010000100010
111111111111100110101101100010011111010000100010
111011111111101110101001100010011111011000100011
111100111011100110101101100010111111010000100000
111110111010100110101101110010111011010000100000
111110111110100110101101110010111011010000100000
011110111000100110101111000010011011010010101000
111011111111100110101101100010011111011000100011
011100111000100110101111000010111011010010100000
011110111010100110101111000010011011010010101000
011110111000100110101111000010111011010010100000
111110111000100110101101100010111011010010101000
001110111000100110101111000010111010010010101000
001110111000100110101111000010111010010010101000
011100111000100110100011010010111011010010100000
111110111010100111101101100010011011010010101000
011110111010100110101111000010111011010010100000
011110111010100110101111000010111011010010100000
111111111001100110101101100010011111010000101010
111100111000100110101101110010111011010010100000
111101111011100110101101100010011111010010100010
111110111010100111101101100010111011010010100000
111101111111100110101101100010011111010010100010
101011011111110110101001110010011111110101100011
101011011111110110101001110010011111110101100011
111101111001100110101101110010011111010000100010
111100111011100110101101100010111111010010100000
111111111111100111101101100010011111010000100010
111111111111100111101101100010011111010000100010
111110111011100110101101100010111111010010100000
111110111011100110101101100010111111010010100000
111111111111100110101001100010111111010010100010
101100111000100110101011110010111010010010101000
111110111010100110100011110010111011010010100000
011100111000100110101111000010111011010010101000
011100111000100110101111000010111011010010101000
011110111000100110101111000010111011010010101000
011110111000100110101111000010111011010010101000
111111111111100111101101100010011111010000100011
101011011111111110101001110010011111110101100011
101011011111111110101001110010011111110101100011
111110111010100111101011110010011011010011100000
111011011111110110101001110010011111110101100011
111110111010100110101011110010111011010011100000
011110111010100110101111000010111011010010101000
111011111111110110101001110010011111110101100010
111100111000100110101111100010111011010010101000
111110111000100110101101110010111011010010101000
111101111011100110111101100010011111010010100010
111100111000100110100111110010111011010010100000
111111111111100110101101100010011111010010101010
111110111000100110101101110010111011010011101000
111111111111101110101101110010011111010001100010
111110111000100110100111110010111011010010100000
101011111111111110101001110010011111110101100011
111100111000100110101111110010111011010010100000
111100111000100110101111110010111011010010100000
111011111111110110101001110010011111110101100011
111110111010100110101101110010111011010011101000
111110111010100110100111110010111011010010100000
111110111000100110101111110010111011010010100000
111111111011100110100101100010111111010010100011
111111111011100110111101110010011111010000100010
111110111010100110101111110010111011010010100000
111111111001100110101101110010111111010001100010
111110111001100110101101110010111111010011100000
111111111101100110101101110010111111010001100010
111111111011100110101101100010111111010010100011
111111111011100110101101110010111111010001100010
111111111111100110101101110010111111010001100010
111011111111111110101001110010011111110101100011
101111111111101110101101110010011111010011100011
111111111001100110111101100010011111010010101010
111011111111110110101001110010011111111101100011
111101111011100110101101100010111111010010101010
111101111011100110101101100010111111010010101010
111111111111100110111101100010011111010010101010
111100111000100110101111110010111011010010101000
111100111000100110101111110010111011010010101000
111110111010100111101101110010111011010010101000
111110111000100110101111110010111011010010101000
111110111000100110101111110010111011010010101000
111110111010100111101101110010111011010011101000
111111111101100110101101110010111111010010100010
111110111000100110101111110010111011010011101000
111110111010100110101111110010111011010010101000
111110111010100110101111110010111011010010101000
111011111111111110101001110010011111111101100011
111011111111111110101001110010011111111101100011
111101111001100110101111110010111111010000100010
111111111111111110101001110010011111111100100010
111111111111111110101001110010011111111100100010
111101111001100110101111110010111111010001100010
111111111111101110101101110010011111011001101010
111111111111111110101001110010011111111101100010
111111111111100110101111110010111111010000100010
111111111111100110101101110010111111010010100011
111111111011100110101111110010111111010001100010
111110111011100110101111110010111111010011100000
111111111111100110101101110010111111010011100011
111111111111100110101101110010111111010011100011
111111111111111110101001110010011111111101100011
111111111111111110101001110010011111111101100011
111111111111100110111101010010011111010011101010
111111111111100110101111110110111111010000100010
111111111111110110101101110010011111011101100011
111111111111101110101101110010011111010011101011
111110111010100111101111110010111011010010101000
111110111010100111101111110010111011010010101000
111111111011100110111101110010011111010011101010
111111111111110110101101110010011111111101100011
111111111001100110101111110010111111010010100010
111111111101100110101111110010111111010010100010
111100111011100110101111110010111111010010101000
111111111001100110111111110010011111010011100010
111111111011100110101111110010111111010000101010
111111111111101110101111110110011111010011100010
111111111101100110101111110010111111010011100010
111111111111100110111101110010011111010011101011
111110111111100110101111110110111111010011100010
111111111111110110101101110010011111111101101010
111111111111100110101111110110111111011001100010
111111111111111110101101110010011111111101100011
111111111111101110101111110110011111010011100011
111011111111100110101111110010111111010011101010
111111111111110110101011110110011111111101100011
111111111011100110101111110110111111010011100010
111111111111111110101101110010011111110101101011
111101111001100110110111110010111111010010100010
111111111111100110101011110110111111010011101010
111111111111100110101111110110111111011001100011
111111111001100110101111110010111111010010101010
111111111111110110101111110110011111110101100011
111111111111110110101101110010011111010111101011
111111111011100111101101110010111111010011101010
111111111111100110101111110010111111011011100010
111111111101100110101111110010111111010011101010
111111111111100110101111110110111111010011100011
111111111111110110101111110110011111111101100010
111111111111111110101011110110011111111101100011
111111111111111110101011110110011111111101100011
111111111011100110101111110010111111010011101010
111111111111100110101111110010111111010011101010
111111111011110110101101110010011111111111101010
111111111011110110101101110010011111111111101010
111111111111111110101101110010011111111101101011
111111111111110110101101110010011111111111101010
111111111111110110101111110110011111110111100010
111111111111110110101111110110011111110111100010
111111111111110110101111110110011111111101100011
111111111111110110101111110110011111111101100011
111111111111100110101111110110111111010011101010
111101111001100110110111110010111111010010101010
111101111001100110110111110010111111010010101010
111111111111100110101111110110111111011011100011
111101111001100110111111110010111111010010101010
111101111001100110111111110010111111010010101010
111111111001100111101111110010111111010010101010
111111111001100110111111110010111111010010101010
111111111111100110101111110010111111011011101010
111111111001100110111111110010111111010010101010
111111111111110110101101110010111111111111100011
111111111111111110101111110110011111111101100011
111111111001100110111111110010111111010011101010
111111111011100110111111110010111111010010101010
111111111111100110111111110010111111010010101010
111111111011100111101111110010111111010011101010
111111111011100110111111110010111111010011101010
111111111111111110111101110010011111110111101010
111111111111100110111111110010111111010011101010
111111111111110110101111110110011111110111101010
111111111111111110101111110110011111110111100011
111111111111111110111101110010011111111101101011
111111111111110110101111110110011111111101101011
111111111111110110101101110010111111111111101010
111111111111100110101111110011111111010010110110
111111111111100110101111110011111111010010110110
111111111111110110101111110010111111110111100011
111111111111101111111101110010111111010011101010
111111111111100111101111110110111111010011101010
111111111111100110111111110010111111010011101011
111111111111110110101111110110011111110111101011
111111111111110110101111110110011111110111101011
111111111111110110111101110010011111111111101011
111111111111110110111101110010011111111111101011
111111111111110110101101110010111111111111101011
111111111001100111111111110010111111010010101010
111111111111100111101111110010111111011011101010
111111111001100111111111110010111111010010101010
111111111111111110101111110110011111111101101011
111111111111111110101111110110011111111101101011
111111111111110110101111110110011111111111101010
111111111001100110100111110011111111010010111110
111101111001100110110111110011111111010010110110
111111111011100111111111110010111111010010101010
111111111111100111111111110010111111010010101010
111101111001100110111111110011111111010010110110
111101111001100110111111110011111111010010110110
111111111011100111101111110010111111010011111010
111111111111111110101111110110011111110111101011
111111111011100111111111110010111111010011101010
111111111111100111111111110010111111010011101010
111111111001100110111111110011111111010010110110
111111111101100110111111110011111111010010110110
111111111111110110101111110110011111111111101011
111111111111110110101111110110111111110111101010
111111111011100110111111110011111111010010110110
111111111111110110111101110010111111111111101010
111111111111100110111111110011111111010010110110
111111111111100111101111110110111111010011111010
111111111111100111111111110110111111010011101010
111111111111100110111101110011111111010011111111
111111111111110110101111110110011111110111111011
111111111111110110111101110010011111111111111011
111111111111110110111101110010011111111111111011
111111111111110110111101110010111111111111101011
111111111111111110101111110110011111111111101011
111111111011100111111111110010111111011011101010
111111111001100111111111110010111111010010111010
111111111001100111111111110010111111010010111010
111111111101110110101101110011111111111111110111
111111111001100111111111110010111111010011111010
111111111001100111111111110010111111010011111010
111111111111111110101001110011111111110111111111
111111111111111110101001110011111111110111111111
111111111101100110111111110011111111010010111110
111111111011100111111111110010111111010011111010
111111111011100111111111110010111111010011111010
111111111111100111111111110010111111010011111010
111111111001100110111111110011111111010011111110
111111111111100110111111110011111111010010111110
111111111111110110101101110011111111110111111111
111111111111110110100111110011111111110110110111
111111111111110110100111110011111111110110110111
111111111111110110111111110010111111111110101010
111111111011110110101111110111011111110111111110
111111111011110110101111110111011111110111111110
111011111111111110101011110111011111111111111111
111111111111110111111111110010011111111111101010
111111111111110110111111110010111111111111101010
111111111111111110101111111110011111111111101011
111111111011110111111111110010111111010111101010
111111111111111111101111110110011111111111101011
111111111111111111101111110110011111111111101011
111111111011100111111111110010111111011011111010
111111111011100111111111110010111111011011111010
111111111111100110111111110011111111010011111111
111111111111110111111111110010011111111111101011
111111111111110111111111110010011111111111101011
111111111111111110101111111110111111111111100011
111111111111110110111111110110111111111111101010
111111111111111110101111110111011111110111111110
111111111011110110101111110111111111110111110111
111111111011110110111111110011011111110111111110
111111111111111110101011110111011111111111111111
111111111111110110101111110011111111110111111110
111111111111110110111101110011111111110111111111
111111111011110110101111110111111111110111111110
111111111011110110101111110111111111110111111110
111111111111110110101111110011111111110111111111
111111111111110110111111110010111111111111111010
111111111011110110101111110011111111011111111110
111111111111111110101111110111111111111111110011
111111111111111110101111110111111111111111110011
111111111111111110111111111110011111111111101011
111111111111111110111111111110011111111111101011
111111111011110111111111110010111111010111111010
111111111011110111111111110010111111010111111010
111111111111111110101111110111111111111111110110
111111111001110110111111110011111111110110111110
111111111111110110101111110011111111111111111110
111111111011110111111111110010111111110111111010
111111111011110111111111110010111111110111111010
111111111011110111101111110011111111010111111110
111111111111110111111111110010111111110111111010
111111111011110110111111110011111111010111111110
111111111111110110111101110011111111111111111111
111111111111111110101111110111011111111111111111
111111111111111110101111110111111111110111111110
111111111111110110111111110111011111111111111110
111111111011110110111111110011111111110111111110
111111111111110110101111110111111111111111111110
111111111111110110111111110011111111110111111110
111111111111111110101111110111111111110111111111
111111111111111110101111110111111111110111111111
111111111111110110111111110111011111111111111111
111111111111110111101111110111111111110111111110
111111111111110110101111110111111111111111111111
111111111111110110111111110011111111110111111111
111111111011110110111111110011111111011111111110
111111111111110110111111110011111111011111111110
111111111011110111101111110011111111111111111110
111111111011110111101111110011111111111111111110
111111111011110110111111110011111111111111111110
111111111011110111111111110011111111010110111110
111111111011110111111111110011111111010110111110
111111111111110110111111110011111111111111111110
111111111111110111111111110111011111110111111111
111111111111110111101111110111111111110111111111
111111111111110111101111110111111111110111111111
111111111111110110111111110111111111110111111111
111111111011110111111111110011111111010111111110
111111111011110111111111110011111111010111111110
111111111111111110111111110111011111111111111111
111111111111111110111111110111011111111111111111
111111111111111110101111110111111111111111111111
111111111111111110101111110111111111111111111111
111111111011110110111111110111111111111111111110
111111111011110111111111110011111111110111111110
111111111111110111101111110111111111111111111110
111111111111110111111111110011111111110111111110
111111111111110110111111110111111111111111111110
111111111111110110111111111111011111111111111111
111111111111111110111111110111111111110111111111
111111111111110111111111110111011111111111111111
111111111111110111111111110111011111111111111111
111111111111110111101111110111111111111111111111
111111111111110111101111110111111111111111111111
111111111111110111111111110111111111110111111110
111111111111110110111111110111111111111111111111
111111111011110111111111110011111111011111111110
111111111011110111111111110011111111011111111110
111111111111110111111111110011111111011111111110
111111111011110111111111110011111111111111111110
111111111011110111111111110011111111111111111110
111111111111110111111111110011111111111111111110
111111111111111111101111111111011111111111111111
111111111111110111111111110111111111110111111111
111111111111111110111111111111011111111111111111
111111111111111110111111111111011111111111111111
111111111111111110101111111111111111111111111111
111111111111111110101111111111111111111111111111
111111111111111111101111110111111111111111111111
111111111111111111101111110111111111111111111111
111111111111111110111111110111111111111111111111
111111111011110111111111110111111111111111111110
111111111011110111111111110111111111111111111110
111111111111110111111111110111111111111111111110
111111111111110111111111110111111111111111111110
111111111111111111111111110111111111110111111111
111111111111111111111111110111111111110111111111
111111111111110110111111111111111111111111111111
111111111111110110111111111111111111111111111111
111111111111110111111111110111111111111111111111
111111111111110111111111110111111111111111111111
111111111111111111101111111111111111111111111111
111111111111111111101111111111111111111111111111
111111111111111110111111111111111111111111111111
111111111111111111111111110111111111111111111111
111111111111111111111111110111111111111111111111
111111111111111111111111111111111111111111111110
111111111111111111111111111111111111111111111110
111111111111111111111111111111111111111111111111
111111111111111111111111111111111111111111111111
