90.6 5.0 26.0 -13.2
90.6 5.0 26.0 -13.2
91.4 6.0 35.0 -14.4
92.1 6.0 29.0 -14.4
92.1 6.0 29.0 -14.4
94.5 4.0 19.0 -13.2
94.6 7.0 30.0 -15.6
94.6 7.0 30.0 -15.6
96.1 6.0 29.0 -15.6
96.1 6.0 29.0 -15.6
98.8 6.0 23.0 -15.6
98.8 6.0 23.0 -15.6
100.7 8.0 39.0 -16.8
101.2 7.0 30.0 -16.8
102.2 5.0 26.0 -15.6
102.7 4.0 19.0 -14.4
102.7 4.0 19.0 -14.4
103.7 6.0 29.0 -16.8
104.2 5.0 22.0 -15.6
104.7 8.0 39.0 -18.0
105.1 7.0 38.0 -18.0
105.6 6.0 27.0 -16.8
105.6 6.0 27.0 -16.8
106.5 8.0 44.0 -19.2
106.5 8.0 44.0 -19.2
107.8 8.0 39.0 -19.2
109.0 9.0 45.0 -20.4
109.0 9.0 45.0 -20.4
109.5 7.0 30.0 -19.2
110.3 4.0 19.0 -15.6
110.8 7.0 29.0 -18.0
111.8 5.0 22.0 -16.8
111.9 6.0 29.0 -18.0
112.7 4.0 19.0 -16.8
113.3 9.0 45.0 -21.6
113.5 5.0 28.0 -18.0
113.8 6.0 27.0 -19.2
115.2 9.0 40.0 -21.6
115.5 7.0 35.0 -20.4
116.1 5.0 20.0 -18.0
116.1 5.0 20.0 -18.0
117.9 8.0 39.0 -21.6
118.3 8.0 36.0 -21.6
119.2 7.0 33.0 -20.4
119.4 10.0 54.0 -22.8
119.4 10.0 54.0 -22.8
120.1 6.0 29.0 -20.4
120.9 4.0 19.0 -18.0
121.0 9.0 40.0 -22.8
122.1 11.0 58.0 -24.0
122.8 7.0 36.0 -21.6
123.5 7.0 30.0 -21.6
124.2 10.0 49.0 -24.0
124.2 10.0 49.0 -24.0
125.8 8.0 42.0 -22.8
125.9 8.0 36.0 -22.8
126.7 6.0 26.0 -20.4
126.8 5.0 26.0 -20.4
128.6 9.0 40.0 -24.0
128.6 9.0 40.0 -24.0
130.0 10.0 49.0 -25.2
130.0 10.0 49.0 -25.2
130.3 6.0 21.0 -19.2
131.4 4.0 19.0 -19.2
131.4 4.0 19.0 -19.2
134.1 8.0 36.0 -24.0
134.6 7.0 33.0 -22.8
135.1 6.0 36.0 -21.6
136.1 11.0 58.0 -26.4
136.1 11.0 58.0 -26.4
137.6 10.0 49.0 -26.4
137.6 10.0 49.0 -26.4
139.3 6.0 28.0 -21.6
140.1 7.0 30.0 -22.8
141.2 10.0 45.0 -25.2
142.8 7.0 33.0 -24.0
142.8 7.0 33.0 -24.0
143.7 11.0 58.0 -27.6
143.7 6.0 32.0 -22.8
143.7 11.0 58.0 -27.6
145.1 6.0 21.0 -20.4
145.1 6.0 21.0 -20.4
145.3 4.0 19.0 -20.4
145.5 8.0 37.0 -25.2
145.5 8.0 37.0 -25.2
147.0 10.0 45.0 -26.4
147.3 9.0 40.0 -26.4
148.3 5.0 25.0 -21.6
152.4 6.0 28.0 -22.8
153.3 7.0 33.0 -25.2
153.9 11.0 58.0 -28.8
154.8 8.0 36.0 -26.4
156.0 7.0 32.0 -24.0
157.5 9.0 40.0 -27.6
158.3 10.0 49.0 -28.8
160.1 4.0 19.0 -21.6
160.1 4.0 19.0 -21.6
161.6 5.0 22.0 -22.8
161.6 5.0 22.0 -22.8
161.7 6.0 29.0 -24.0
162.8 7.0 29.0 -25.2
162.9 5.0 20.0 -22.8
164.1 12.0 63.0 -30.0
164.1 12.0 63.0 -30.0
164.4 11.0 58.0 -30.0
165.6 6.0 26.0 -24.0
165.6 6.0 26.0 -24.0
169.3 6.0 23.0 -24.0
169.3 6.0 23.0 -24.0
171.0 9.0 39.0 -27.6
171.4 9.0 40.0 -28.8
172.4 14.0 75.0 -31.2
172.4 14.0 75.0 -31.2
173.3 5.0 25.0 -24.0
174.2 7.0 41.0 -26.4
175.0 7.0 33.0 -26.4
175.0 7.0 33.0 -26.4
176.5 13.0 66.0 -31.2
177.0 8.0 30.0 -26.4
177.5 7.0 32.0 -26.4
177.7 10.0 58.0 -30.0
177.7 10.0 58.0 -30.0
179.6 10.0 53.0 -30.0
180.7 15.0 85.0 -32.4
180.7 15.0 85.0 -32.4
181.4 8.0 34.0 -27.6
181.4 8.0 34.0 -27.6
182.4 4.0 19.0 -22.8
183.5 8.0 36.0 -28.8
184.1 6.0 23.0 -25.2
185.1 10.0 45.0 -30.0
185.9 11.0 54.0 -31.2
187.0 10.0 49.0 -31.2
188.5 12.0 63.0 -32.4
189.7 9.0 40.0 -30.0
190.9 15.0 85.0 -33.6
190.9 15.0 85.0 -33.6
191.8 8.0 30.0 -27.6
192.8 15.0 80.0 -33.6
192.8 15.0 80.0 -33.6
193.8 11.0 46.0 -31.2
194.0 5.0 20.0 -24.0
194.6 12.0 55.0 -32.4
195.2 11.0 54.0 -32.4
197.1 9.0 34.0 -28.8
197.2 4.0 19.0 -24.0
197.2 4.0 19.0 -24.0
197.7 8.0 33.0 -28.8
198.3 7.0 24.0 -26.4
198.3 7.0 24.0 -26.4
199.4 7.0 33.0 -28.8
199.9 14.0 82.0 -33.6
200.1 6.0 32.0 -26.4
200.9 14.0 71.0 -33.6
201.1 16.0 90.0 -34.8
201.1 16.0 90.0 -34.8
201.3 6.0 23.0 -26.4
201.4 15.0 85.0 -34.8
202.3 9.0 39.0 -30.0
202.3 9.0 39.0 -30.0
202.7 13.0 64.0 -33.6
202.7 13.0 64.0 -33.6
203.9 10.0 41.0 -31.2
204.0 8.0 31.0 -28.8
204.3 7.0 29.0 -27.6
205.5 8.0 39.0 -30.0
205.9 6.0 32.0 -27.6
206.4 9.0 45.0 -31.2
207.6 15.0 80.0 -34.8
208.5 12.0 55.0 -33.6
209.0 10.0 50.0 -32.4
209.2 8.0 30.0 -28.8
210.2 5.0 25.0 -26.4
210.2 5.0 25.0 -26.4
211.4 5.0 20.0 -25.2
211.6 16.0 90.0 -36.0
211.7 6.0 28.0 -27.6
212.5 15.0 76.0 -34.8
213.3 7.0 27.0 -27.6
213.4 14.0 84.0 -34.8
213.4 10.0 49.0 -32.4
214.7 14.0 77.0 -34.8
214.9 16.0 89.0 -36.0
215.0 11.0 48.0 -32.4
215.2 15.0 80.0 -36.0
216.1 6.0 32.0 -28.8
216.1 6.0 32.0 -28.8
217.2 8.0 33.0 -30.0
217.6 7.0 35.0 -30.0
218.8 6.0 26.0 -27.6
219.5 11.0 58.0 -33.6
220.3 7.0 29.0 -28.8
220.3 7.0 29.0 -28.8
221.5 8.0 38.0 -31.2
221.9 12.0 59.0 -34.8
222.4 10.0 42.0 -32.4
223.2 17.0 95.0 -37.2
223.2 17.0 95.0 -37.2
223.9 10.0 49.0 -33.6
225.1 12.0 57.0 -34.8
225.1 16.0 89.0 -37.2
225.9 12.0 55.0 -34.8
229.1 15.0 80.0 -37.2
229.9 5.0 25.0 -27.6
229.9 5.0 25.0 -27.6
231.4 9.0 34.0 -31.2
232.1 17.0 95.0 -38.4
232.5 15.0 77.0 -37.2
233.8 11.0 53.0 -34.8
234.5 8.0 30.0 -30.0
234.5 8.0 30.0 -30.0
235.3 17.0 94.0 -38.4
235.8 6.0 32.0 -30.0
236.7 12.0 59.0 -36.0
236.9 8.0 33.0 -31.2
238.1 11.0 50.0 -34.8
238.6 7.0 33.0 -31.2
238.6 7.0 33.0 -31.2
239.4 17.0 95.0 -39.6
240.1 8.0 36.0 -32.4
240.3 14.0 73.0 -37.2
240.9 9.0 45.0 -33.6
243.0 15.0 77.0 -38.4
243.5 10.0 50.0 -34.8
245.4 10.0 45.0 -34.8
245.4 14.0 67.0 -37.2
246.4 10.0 42.0 -33.6
247.2 16.0 91.0 -39.6
248.0 15.0 76.0 -38.4
249.1 16.0 86.0 -39.6
249.9 17.0 95.0 -40.8
249.9 17.0 95.0 -40.8
250.1 12.0 51.0 -36.0
250.1 12.0 51.0 -36.0
251.1 9.0 34.0 -32.4
251.1 9.0 34.0 -32.4
251.2 11.0 53.0 -36.0
251.4 9.0 43.0 -33.6
251.4 9.0 43.0 -33.6
252.0 15.0 72.0 -38.4
252.8 8.0 34.0 -32.4
252.8 8.0 34.0 -32.4
253.5 11.0 44.0 -34.8
254.3 9.0 37.0 -33.6
254.3 9.0 37.0 -33.6
255.4 12.0 67.0 -37.2
255.6 11.0 50.0 -36.0
256.7 13.0 58.0 -37.2
257.0 10.0 41.0 -34.8
257.2 16.0 78.0 -39.6
257.3 12.0 62.0 -37.2
257.9 19.0 110.0 -42.0
257.9 19.0 110.0 -42.0
258.1 13.0 71.0 -38.4
258.1 13.0 71.0 -38.4
259.6 11.0 46.0 -36.0
259.6 11.0 46.0 -36.0
260.1 18.0 100.0 -42.0
260.1 18.0 100.0 -42.0
261.6 14.0 68.0 -38.4
263.3 15.0 79.0 -39.6
263.6 12.0 58.0 -37.2
264.2 16.0 89.0 -40.8
266.0 13.0 66.0 -38.4
266.8 14.0 75.0 -39.6
267.9 12.0 56.0 -37.2
268.4 19.0 110.0 -43.2
268.6 14.0 71.0 -39.6
269.4 16.0 88.0 -40.8
269.8 12.0 51.0 -37.2
270.3 10.0 40.0 -34.8
270.3 10.0 40.0 -34.8
271.5 16.0 85.0 -40.8
271.5 16.0 85.0 -40.8
272.4 13.0 71.0 -39.6
272.5 16.0 86.0 -42.0
275.8 12.0 49.0 -37.2
275.8 12.0 49.0 -37.2
276.0 12.0 59.0 -38.4
276.5 19.0 102.0 -43.2
276.6 13.0 58.0 -38.4
277.5 18.0 100.0 -43.2
277.5 18.0 100.0 -43.2
278.6 17.0 95.0 -43.2
279.6 16.0 77.0 -40.8
280.2 11.0 61.0 -37.2
280.2 11.0 61.0 -37.2
280.7 15.0 79.0 -40.8
281.6 13.0 57.0 -38.4
281.6 13.0 57.0 -38.4
283.5 20.0 117.0 -44.4
284.6 20.0 113.0 -44.4
285.3 15.0 74.0 -40.8
285.3 13.0 65.0 -39.6
286.5 14.0 75.0 -40.8
287.2 19.0 106.0 -44.4
287.6 17.0 93.0 -43.2
288.7 14.0 73.0 -40.8
288.8 17.0 87.0 -43.2
290.2 13.0 60.0 -39.6
290.2 13.0 60.0 -39.6
290.3 13.0 65.0 -40.8
291.4 15.0 77.0 -42.0
292.4 18.0 104.0 -44.4
292.5 19.0 102.0 -44.4
294.3 18.0 99.0 -44.4
294.3 18.0 99.0 -44.4
296.4 14.0 74.0 -42.0
297.1 18.0 97.0 -44.4
298.3 20.0 117.0 -45.6
298.3 18.0 95.0 -44.4
298.5 13.0 56.0 -38.4
298.6 20.0 111.0 -45.6
298.6 13.0 55.0 -38.4
300.4 12.0 62.0 -39.6
300.9 11.0 60.0 -37.2
300.9 11.0 60.0 -37.2
301.8 18.0 92.0 -44.4
302.2 15.0 82.0 -43.2
304.5 17.0 97.0 -44.4
304.5 17.0 97.0 -44.4
305.7 14.0 71.0 -42.0
306.5 15.0 80.0 -43.2
306.6 19.0 105.0 -45.6
306.6 19.0 105.0 -45.6
307.6 18.0 103.0 -45.6
307.9 19.0 101.0 -45.6
309.1 21.0 121.0 -46.8
309.6 16.0 86.0 -44.4
311.3 20.0 111.0 -46.8
312.1 13.0 54.0 -38.4
312.1 13.0 54.0 -38.4
312.6 15.0 77.0 -43.2
314.2 18.0 97.0 -45.6
314.8 14.0 58.0 -39.6
314.8 14.0 58.0 -39.6
315.7 18.0 95.0 -45.6
316.3 15.0 72.0 -43.2
316.7 16.0 85.0 -44.4
317.4 15.0 63.0 -40.8
317.4 20.0 107.0 -46.8
317.4 15.0 63.0 -40.8
317.9 17.0 96.0 -45.6
318.9 14.0 64.0 -40.8
319.1 14.0 69.0 -42.0
319.6 21.0 121.0 -48.0
320.7 16.0 81.0 -44.4
321.5 20.0 103.0 -46.8
321.5 20.0 103.0 -46.8
322.4 19.0 100.0 -46.8
322.4 19.0 100.0 -46.8
323.3 20.0 116.0 -48.0
323.3 20.0 116.0 -48.0
324.5 18.0 90.0 -45.6
326.6 20.0 114.0 -48.0
327.6 16.0 68.0 -42.0
327.6 21.0 112.0 -48.0
328.5 19.0 96.0 -46.8
328.5 19.0 96.0 -46.8
329.0 17.0 91.0 -45.6
330.9 17.0 86.0 -45.6
331.0 20.0 111.0 -48.0
332.1 18.0 97.0 -46.8
333.0 15.0 67.0 -42.0
333.2 15.0 71.0 -43.2
333.5 21.0 121.0 -49.2
334.7 20.0 106.0 -48.0
335.0 16.0 79.0 -44.4
335.9 16.0 75.0 -44.4
335.9 16.0 75.0 -44.4
336.2 16.0 73.0 -44.4
336.8 14.0 73.0 -43.2
337.5 21.0 117.0 -49.2
337.9 19.0 109.0 -48.0
339.5 15.0 77.0 -44.4
340.2 16.0 87.0 -45.6
340.7 20.0 103.0 -48.0
341.6 21.0 113.0 -49.2
342.3 17.0 82.0 -45.6
342.9 17.0 91.0 -46.8
344.6 20.0 110.0 -49.2
344.7 20.0 99.0 -48.0
345.1 22.0 129.0 -50.4
345.1 22.0 129.0 -50.4
345.6 16.0 86.0 -45.6
346.1 17.0 80.0 -45.6
346.9 15.0 67.0 -43.2
346.9 15.0 67.0 -43.2
347.2 18.0 87.0 -46.8
348.8 21.0 124.0 -50.4
349.5 16.0 72.0 -44.4
349.5 16.0 72.0 -44.4
350.7 21.0 119.0 -50.4
352.7 17.0 89.0 -46.8
352.8 15.0 76.0 -44.4
353.6 16.0 79.0 -45.6
354.5 17.0 87.0 -46.8
354.7 21.0 115.0 -50.4
355.4 18.0 93.0 -48.0
356.3 17.0 83.0 -46.8
356.3 17.0 83.0 -46.8
357.1 18.0 92.0 -48.0
357.1 18.0 92.0 -48.0
358.8 21.0 111.0 -50.4
359.0 22.0 129.0 -51.6
359.4 18.0 89.0 -48.0
359.7 17.0 77.0 -45.6
360.2 19.0 98.0 -49.2
362.0 20.0 110.0 -50.4
362.0 20.0 110.0 -50.4
363.0 22.0 125.0 -51.6
363.0 22.0 125.0 -51.6
364.9 22.0 120.0 -51.6
364.9 22.0 120.0 -51.6
366.3 20.0 107.0 -50.4
367.0 16.0 77.0 -45.6
367.0 16.0 77.0 -45.6
367.3 19.0 97.0 -49.2
369.0 21.0 106.0 -50.4
369.3 21.0 104.0 -50.4
369.7 17.0 81.0 -46.8
371.0 22.0 116.0 -51.6
371.0 22.0 116.0 -51.6
372.3 18.0 86.0 -48.0
372.3 18.0 86.0 -48.0
372.6 18.0 84.0 -48.0
373.2 23.0 130.0 -52.8
373.2 23.0 130.0 -52.8
374.8 22.0 114.0 -51.6
375.4 19.0 92.0 -49.2
376.2 20.0 101.0 -50.4
376.2 21.0 111.0 -51.6
376.4 22.0 129.0 -52.8
379.0 23.0 128.0 -52.8
379.3 23.0 126.0 -52.8
379.3 23.0 126.0 -52.8
380.9 23.0 123.0 -52.8
381.2 23.0 121.0 -52.8
382.2 22.0 127.0 -52.8
382.2 22.0 127.0 -52.8
382.3 21.0 107.0 -51.6
382.3 22.0 120.0 -52.8
382.5 19.0 91.0 -49.2
383.3 17.0 78.0 -46.8
383.3 20.0 100.0 -50.4
383.6 20.0 98.0 -50.4
385.6 20.0 97.0 -50.4
385.6 20.0 97.0 -50.4
385.9 20.0 95.0 -50.4
386.0 18.0 82.0 -48.0
386.0 18.0 82.0 -48.0
386.4 21.0 106.0 -51.6
388.1 22.0 118.0 -52.8
388.1 22.0 118.0 -52.8
389.1 19.0 88.0 -49.2
389.1 19.0 88.0 -49.2
389.2 24.0 133.0 -54.0
389.2 24.0 133.0 -54.0
389.5 24.0 131.0 -54.0
389.5 24.0 131.0 -54.0
390.6 22.0 117.0 -52.8
390.6 23.0 130.0 -54.0
391.4 21.0 105.0 -51.6
391.7 21.0 103.0 -51.6
392.2 22.0 114.0 -52.8
392.5 22.0 112.0 -52.8
396.2 19.0 87.0 -49.2
396.2 19.0 87.0 -49.2
396.4 23.0 128.0 -54.0
396.7 23.0 126.0 -54.0
397.8 21.0 102.0 -51.6
397.8 21.0 102.0 -51.6
398.3 22.0 110.0 -52.8
398.3 23.0 123.0 -54.0
398.6 23.0 121.0 -54.0
399.2 20.0 94.0 -50.4
401.9 21.0 98.0 -51.6
401.9 21.0 98.0 -51.6
404.4 23.0 119.0 -54.0
404.4 23.0 119.0 -54.0
406.6 24.0 133.0 -55.2
406.6 24.0 133.0 -55.2
406.9 24.0 131.0 -55.2
407.7 22.0 106.0 -52.8
407.7 22.0 106.0 -52.8
408.5 23.0 115.0 -54.0
412.7 24.0 129.0 -55.2
414.6 24.0 124.0 -55.2
414.6 24.0 124.0 -55.2
421.7 25.0 140.0 -56.4
421.7 25.0 140.0 -56.4
422.0 25.0 138.0 -56.4
422.0 25.0 138.0 -56.4
422.8 23.0 113.0 -54.0
422.8 23.0 113.0 -54.0
422.9 25.0 134.0 -56.4
422.9 25.0 134.0 -56.4
423.6 24.0 122.0 -55.2
423.6 24.0 122.0 -55.2
438.0 26.0 141.0 -57.6
