102.4 6.0 29.0 -16.8
102.4 6.0 29.0 -16.8
106.7 6.0 29.0 -18.0
106.7 6.0 29.0 -18.0
108.4 8.0 39.0 -19.2
111.2 9.0 40.0 -20.4
112.4 8.0 39.0 -20.4
113.6 7.0 30.0 -19.2
113.6 7.0 30.0 -19.2
115.1 8.0 33.0 -20.4
115.2 9.0 40.0 -21.6
118.4 6.0 29.0 -19.2
118.5 6.0 26.0 -19.2
119.5 8.0 37.0 -21.6
119.9 7.0 32.0 -20.4
121.0 9.0 40.0 -22.8
121.8 10.0 49.0 -24.0
122.7 8.0 33.0 -21.6
122.7 8.0 33.0 -21.6
123.8 7.0 30.0 -20.4
123.8 7.0 30.0 -20.4
125.1 8.0 45.0 -22.8
126.0 6.0 32.0 -20.4
127.7 8.0 37.0 -22.8
127.7 8.0 37.0 -22.8
128.7 6.0 26.0 -20.4
128.8 7.0 33.0 -21.6
128.8 7.0 33.0 -21.6
130.1 11.0 59.0 -25.2
130.1 11.0 59.0 -25.2
130.9 8.0 36.0 -22.8
131.5 9.0 40.0 -24.0
132.0 10.0 49.0 -25.2
133.2 8.0 33.0 -22.8
133.2 8.0 33.0 -22.8
134.3 7.0 30.0 -21.6
134.3 7.0 30.0 -21.6
135.3 8.0 45.0 -24.0
135.3 8.0 45.0 -24.0
137.3 7.0 33.0 -22.8
138.1 9.0 46.0 -25.2
138.5 6.0 28.0 -21.6
140.3 12.0 64.0 -26.4
140.3 12.0 64.0 -26.4
140.4 5.0 25.0 -20.4
141.3 7.0 29.0 -22.8
141.7 9.0 40.0 -25.2
142.2 11.0 58.0 -26.4
143.5 6.0 26.0 -21.6
146.1 6.0 28.0 -22.8
146.2 7.0 35.0 -24.0
147.0 10.0 57.0 -26.4
147.9 12.0 64.0 -27.6
147.9 12.0 64.0 -27.6
148.9 7.0 29.0 -24.0
149.8 11.0 58.0 -27.6
149.8 11.0 58.0 -27.6
151.6 9.0 48.0 -26.4
152.3 10.0 47.0 -26.4
152.7 11.0 54.0 -27.6
153.7 8.0 44.0 -25.2
154.5 9.0 45.0 -26.4
155.6 8.0 42.0 -25.2
155.9 12.0 67.0 -28.8
155.9 12.0 67.0 -28.8
157.2 10.0 57.0 -27.6
157.3 8.0 34.0 -25.2
158.0 11.0 58.0 -28.8
158.5 10.0 55.0 -27.6
160.0 8.0 47.0 -26.4
160.7 7.0 41.0 -25.2
161.1 5.0 25.0 -21.6
162.2 8.0 44.0 -26.4
163.0 9.0 53.0 -27.6
163.0 9.0 53.0 -27.6
164.1 12.0 67.0 -30.0
164.1 12.0 67.0 -30.0
164.3 9.0 51.0 -27.6
165.8 10.0 54.0 -28.8
166.9 6.0 35.0 -24.0
167.6 7.0 37.0 -25.2
168.5 6.0 32.0 -24.0
169.3 8.0 38.0 -26.4
170.4 5.0 25.0 -22.8
170.8 13.0 73.0 -31.2
170.9 7.0 41.0 -26.4
171.9 6.0 28.0 -24.0
171.9 6.0 28.0 -24.0
173.2 9.0 53.0 -28.8
174.4 7.0 33.0 -25.2
175.2 9.0 45.0 -28.8
176.0 10.0 54.0 -30.0
177.5 12.0 64.0 -31.2
178.4 13.0 73.0 -32.4
178.4 13.0 73.0 -32.4
178.9 5.0 25.0 -24.0
179.7 8.0 47.0 -27.6
181.7 11.0 55.0 -31.2
182.5 12.0 64.0 -32.4
183.3 8.0 36.0 -27.6
183.6 9.0 44.0 -28.8
185.2 8.0 47.0 -28.8
186.0 9.0 56.0 -30.0
186.7 14.0 83.0 -33.6
186.7 14.0 83.0 -33.6
187.5 10.0 59.0 -31.2
188.2 7.0 40.0 -26.4
188.5 8.0 42.0 -28.8
189.4 10.0 54.0 -31.2
189.5 10.0 51.0 -31.2
190.3 11.0 60.0 -32.4
190.8 13.0 74.0 -33.6
191.3 9.0 50.0 -30.0
191.3 9.0 50.0 -30.0
192.2 11.0 55.0 -32.4
192.2 11.0 55.0 -32.4
193.2 7.0 40.0 -27.6
193.5 9.0 41.0 -28.8
195.9 10.0 48.0 -30.0
196.4 12.0 69.0 -33.6
196.9 14.0 83.0 -34.8
198.3 12.0 64.0 -33.6
199.1 13.0 73.0 -34.8
200.2 10.0 48.0 -31.2
200.2 10.0 48.0 -31.2
201.4 10.0 59.0 -32.4
201.9 9.0 48.0 -31.2
202.6 5.0 25.0 -25.2
203.3 10.0 54.0 -32.4
204.2 11.0 60.0 -33.6
206.1 11.0 55.0 -33.6
206.1 11.0 55.0 -33.6
207.1 15.0 88.0 -36.0
207.1 15.0 88.0 -36.0
207.4 9.0 41.0 -30.0
208.0 7.0 40.0 -28.8
209.1 7.0 35.0 -26.4
209.3 14.0 78.0 -36.0
209.5 8.0 43.0 -30.0
211.1 6.0 34.0 -27.6
211.8 8.0 36.0 -28.8
212.3 9.0 44.0 -31.2
213.9 8.0 47.0 -31.2
215.0 10.0 48.0 -32.4
215.4 17.0 100.0 -37.2
215.4 17.0 100.0 -37.2
216.2 10.0 59.0 -33.6
217.3 16.0 90.0 -37.2
217.6 11.0 52.0 -33.6
218.2 10.0 51.0 -33.6
219.2 14.0 72.0 -36.0
219.3 12.0 61.0 -34.8
220.2 11.0 61.0 -34.8
220.9 15.0 83.0 -37.2
221.1 13.0 65.0 -36.0
222.3 5.0 28.0 -26.4
222.5 6.0 29.0 -27.6
223.4 14.0 79.0 -37.2
223.5 11.0 55.0 -34.8
224.7 10.0 40.0 -30.0
225.6 17.0 100.0 -38.4
227.5 17.0 95.0 -38.4
227.5 17.0 95.0 -38.4
229.2 11.0 49.0 -33.6
230.0 16.0 91.0 -38.4
230.3 10.0 46.0 -32.4
231.3 8.0 47.0 -32.4
232.4 11.0 52.0 -34.8
232.9 8.0 41.0 -31.2
233.2 12.0 71.0 -36.0
233.6 15.0 84.0 -38.4
234.5 10.0 48.0 -33.6
235.2 10.0 40.0 -31.2
235.8 18.0 105.0 -39.6
235.8 18.0 105.0 -39.6
236.2 8.0 38.0 -31.2
236.7 7.0 30.0 -28.8
237.1 5.0 28.0 -27.6
237.1 5.0 28.0 -27.6
237.1 12.0 65.0 -36.0
238.0 17.0 95.0 -39.6
238.0 17.0 95.0 -39.6
239.2 14.0 74.0 -38.4
239.7 16.0 93.0 -39.6
239.9 6.0 29.0 -28.8
239.9 6.0 29.0 -28.8
241.1 9.0 48.0 -33.6
241.7 16.0 90.0 -39.6
242.7 13.0 61.0 -36.0
242.7 13.0 61.0 -36.0
245.3 15.0 83.0 -39.6
245.3 15.0 83.0 -39.6
246.3 18.0 105.0 -40.8
246.3 18.0 105.0 -40.8
246.7 13.0 61.0 -37.2
247.3 13.0 73.0 -38.4
247.7 8.0 41.0 -32.4
248.7 13.0 69.0 -38.4
249.8 11.0 52.0 -36.0
250.3 6.0 34.0 -30.0
250.3 6.0 34.0 -30.0
250.9 10.0 46.0 -33.6
252.1 10.0 48.0 -34.8
252.5 12.0 56.0 -37.2
253.9 17.0 94.0 -40.8
254.5 14.0 77.0 -39.6
255.9 9.0 48.0 -34.8
256.6 8.0 36.0 -31.2
257.5 14.0 74.0 -39.6
258.0 14.0 70.0 -39.6
258.5 16.0 89.0 -40.8
258.6 7.0 44.0 -31.2
260.0 10.0 51.0 -36.0
260.2 18.0 105.0 -42.0
260.5 7.0 39.0 -31.2
261.3 16.0 86.0 -40.8
262.7 11.0 55.0 -37.2
262.7 15.0 83.0 -40.8
264.0 12.0 68.0 -38.4
264.3 8.0 35.0 -31.2
264.3 8.0 35.0 -31.2
264.6 7.0 40.0 -32.4
264.9 18.0 103.0 -42.0
264.9 18.0 103.0 -42.0
265.8 9.0 38.0 -32.4
265.9 12.0 63.0 -38.4
267.4 8.0 41.0 -33.6
267.4 8.0 41.0 -33.6
268.2 12.0 53.0 -37.2
268.8 9.0 39.0 -33.6
268.9 9.0 44.0 -34.8
270.1 10.0 49.0 -36.0
270.7 14.0 81.0 -40.8
270.8 9.0 37.0 -32.4
270.8 9.0 37.0 -32.4
271.3 12.0 62.0 -38.4
271.8 18.0 97.0 -42.0
272.7 11.0 54.0 -37.2
272.7 11.0 54.0 -37.2
273.2 19.0 113.0 -43.2
273.2 19.0 113.0 -43.2
273.8 15.0 75.0 -40.8
274.2 12.0 57.0 -38.4
274.8 10.0 51.0 -37.2
275.0 13.0 66.0 -39.6
275.4 14.0 70.0 -40.8
276.2 19.0 108.0 -43.2
276.4 12.0 56.0 -38.4
277.6 15.0 87.0 -42.0
278.9 15.0 86.0 -42.0
278.9 15.0 86.0 -42.0
280.1 18.0 96.0 -43.2
280.5 10.0 43.0 -34.8
281.6 9.0 42.0 -34.8
281.6 9.0 42.0 -34.8
282.0 11.0 62.0 -38.4
282.1 15.0 82.0 -42.0
283.1 10.0 45.0 -36.0
283.1 10.0 45.0 -36.0
283.4 20.0 118.0 -44.4
283.4 20.0 118.0 -44.4
283.7 15.0 80.0 -42.0
284.7 12.0 50.0 -37.2
285.0 11.0 56.0 -38.4
285.6 16.0 91.0 -43.2
285.8 11.0 49.0 -37.2
287.1 19.0 113.0 -44.4
287.5 10.0 49.0 -37.2
288.0 16.0 76.0 -42.0
289.0 11.0 52.0 -38.4
289.0 11.0 52.0 -38.4
289.8 16.0 89.0 -43.2
290.2 14.0 81.0 -42.0
291.1 14.0 74.0 -42.0
291.4 14.0 66.0 -40.8
292.5 19.0 101.0 -44.4
292.5 13.0 65.0 -40.8
293.4 18.0 99.0 -44.4
293.9 20.0 118.0 -45.6
294.8 18.0 98.0 -44.4
295.5 14.0 64.0 -40.8
296.6 15.0 71.0 -42.0
296.8 14.0 71.0 -42.0
297.6 15.0 80.0 -43.2
297.9 10.0 43.0 -36.0
298.5 19.0 113.0 -45.6
299.4 11.0 46.0 -37.2
299.4 11.0 46.0 -37.2
300.3 12.0 59.0 -39.6
301.1 16.0 96.0 -44.4
301.8 13.0 62.0 -40.8
302.5 14.0 70.0 -42.0
303.8 11.0 50.0 -38.4
303.8 11.0 50.0 -38.4
304.5 14.0 66.0 -42.0
305.0 12.0 55.0 -39.6
305.3 12.0 53.0 -39.6
305.3 12.0 53.0 -39.6
306.8 14.0 60.0 -40.8
307.7 13.0 59.0 -40.8
307.7 13.0 59.0 -40.8
307.8 20.0 118.0 -46.8
307.9 13.0 58.0 -40.8
308.0 13.0 57.0 -40.8
308.1 19.0 104.0 -45.6
308.9 18.0 97.0 -45.6
309.2 16.0 88.0 -44.4
310.3 15.0 74.0 -43.2
310.6 14.0 62.0 -42.0
311.1 16.0 83.0 -44.4
312.2 18.0 95.0 -45.6
312.2 18.0 95.0 -45.6
313.7 20.0 109.0 -46.8
314.3 18.0 92.0 -45.6
315.3 17.0 97.0 -45.6
316.0 17.0 82.0 -44.4
317.3 15.0 80.0 -44.4
317.3 15.0 80.0 -44.4
318.3 19.0 104.0 -46.8
319.2 19.0 91.0 -45.6
319.3 17.0 92.0 -45.6
320.4 19.0 101.0 -46.8
320.8 15.0 67.0 -43.2
321.3 13.0 56.0 -40.8
321.3 13.0 56.0 -40.8
322.0 21.0 119.0 -48.0
322.0 21.0 119.0 -48.0
322.4 18.0 90.0 -45.6
323.8 17.0 87.0 -45.6
323.9 14.0 61.0 -42.0
324.0 14.0 60.0 -42.0
324.0 14.0 60.0 -42.0
325.2 20.0 111.0 -48.0
325.6 18.0 99.0 -46.8
326.5 13.0 65.0 -42.0
326.6 15.0 65.0 -43.2
327.4 16.0 74.0 -44.4
328.0 14.0 68.0 -43.2
328.5 20.0 109.0 -48.0
329.6 18.0 95.0 -46.8
329.6 18.0 95.0 -46.8
330.6 19.0 93.0 -46.8
331.7 19.0 108.0 -48.0
333.3 17.0 93.0 -46.8
334.0 18.0 92.0 -46.8
334.5 20.0 107.0 -48.0
334.6 20.0 105.0 -48.0
334.9 21.0 124.0 -49.2
334.9 21.0 124.0 -49.2
335.7 19.0 104.0 -48.0
336.8 16.0 70.0 -44.4
336.8 16.0 70.0 -44.4
337.6 17.0 79.0 -45.6
339.0 21.0 120.0 -49.2
339.8 19.0 100.0 -48.0
340.1 15.0 64.0 -43.2
340.2 15.0 63.0 -43.2
340.2 15.0 63.0 -43.2
340.5 20.0 114.0 -49.2
340.9 16.0 77.0 -45.6
341.7 17.0 86.0 -46.8
342.8 16.0 68.0 -44.4
342.8 16.0 68.0 -44.4
342.8 19.0 98.0 -48.0
344.1 15.0 70.0 -44.4
344.3 15.0 69.0 -44.4
344.5 21.0 112.0 -49.2
344.6 20.0 110.0 -49.2
345.1 22.0 129.0 -50.4
345.1 22.0 129.0 -50.4
346.7 16.0 75.0 -45.6
347.0 16.0 73.0 -45.6
347.5 17.0 84.0 -46.8
347.8 17.0 82.0 -46.8
348.6 20.0 106.0 -49.2
348.6 20.0 106.0 -49.2
349.6 18.0 94.0 -48.0
350.7 20.0 103.0 -49.2
351.0 22.0 120.0 -50.4
351.8 19.0 105.0 -49.2
353.3 18.0 92.0 -48.0
353.9 18.0 91.0 -48.0
354.7 21.0 115.0 -50.4
354.7 21.0 115.0 -50.4
356.2 19.0 102.0 -49.2
356.9 17.0 80.0 -46.8
357.2 17.0 78.0 -46.8
358.0 18.0 87.0 -48.0
359.0 22.0 129.0 -51.6
359.0 22.0 129.0 -51.6
360.2 19.0 98.0 -49.2
360.3 16.0 72.0 -45.6
360.4 16.0 71.0 -45.6
360.4 16.0 71.0 -45.6
362.0 20.0 110.0 -50.4
362.0 20.0 110.0 -50.4
363.0 17.0 76.0 -46.8
363.0 17.0 76.0 -46.8
363.0 22.0 125.0 -51.6
363.8 18.0 85.0 -48.0
363.8 19.0 95.0 -49.2
364.6 21.0 109.0 -50.4
364.9 21.0 107.0 -50.4
366.0 20.0 106.0 -50.4
366.0 20.0 106.0 -50.4
368.1 21.0 119.0 -51.6
370.4 20.0 103.0 -50.4
370.4 20.0 103.0 -50.4
371.0 22.0 116.0 -51.6
371.0 22.0 116.0 -51.6
372.1 21.0 115.0 -51.6
372.3 20.0 94.0 -49.2
373.2 23.0 130.0 -52.8
373.2 18.0 81.0 -48.0
373.2 18.0 81.0 -48.0
373.2 23.0 130.0 -52.8
374.0 19.0 90.0 -49.2
376.2 21.0 111.0 -51.6
376.2 21.0 111.0 -51.6
376.4 22.0 129.0 -52.8
379.0 23.0 128.0 -52.8
379.0 19.0 89.0 -49.2
379.0 19.0 89.0 -49.2
379.3 23.0 126.0 -52.8
380.1 20.0 99.0 -50.4
380.4 22.0 125.0 -52.8
380.9 23.0 123.0 -52.8
380.9 23.0 123.0 -52.8
382.0 21.0 109.0 -51.6
382.3 22.0 120.0 -52.8
382.6 21.0 108.0 -51.6
385.1 20.0 98.0 -50.4
385.6 20.0 97.0 -50.4
386.7 21.0 104.0 -51.6
386.7 21.0 104.0 -51.6
387.0 23.0 119.0 -52.8
388.1 22.0 118.0 -52.8
388.1 22.0 118.0 -52.8
388.4 22.0 116.0 -52.8
389.1 19.0 88.0 -49.2
389.1 19.0 88.0 -49.2
389.2 24.0 133.0 -54.0
389.2 24.0 133.0 -54.0
389.4 20.0 96.0 -50.4
389.5 24.0 131.0 -54.0
389.5 24.0 131.0 -54.0
390.6 23.0 130.0 -54.0
390.6 23.0 130.0 -54.0
391.7 20.0 93.0 -50.4
391.7 20.0 93.0 -50.4
392.2 22.0 114.0 -52.8
392.5 21.0 102.0 -51.6
392.5 22.0 112.0 -52.8
395.3 24.0 129.0 -54.0
395.3 24.0 129.0 -54.0
396.4 23.0 128.0 -54.0
396.7 23.0 126.0 -54.0
397.5 21.0 101.0 -51.6
398.3 22.0 110.0 -52.8
398.3 23.0 123.0 -54.0
398.6 23.0 121.0 -54.0
398.6 23.0 121.0 -54.0
398.8 20.0 92.0 -50.4
398.8 20.0 92.0 -50.4
401.9 21.0 98.0 -51.6
401.9 21.0 98.0 -51.6
402.7 22.0 107.0 -52.8
402.7 22.0 107.0 -52.8
404.4 23.0 119.0 -54.0
404.4 23.0 119.0 -54.0
405.5 25.0 134.0 -55.2
405.7 24.0 137.0 -55.2
405.7 24.0 137.0 -55.2
406.6 24.0 133.0 -55.2
406.6 24.0 133.0 -55.2
407.7 22.0 106.0 -52.8
407.7 22.0 106.0 -52.8
408.5 23.0 115.0 -54.0
408.5 23.0 115.0 -54.0
412.7 24.0 129.0 -55.2
412.7 24.0 129.0 -55.2
413.7 24.0 128.0 -55.2
413.7 24.0 128.0 -55.2
414.6 24.0 124.0 -55.2
414.6 24.0 124.0 -55.2
420.6 26.0 141.0 -56.4
420.6 26.0 141.0 -56.4
421.7 25.0 140.0 -56.4
421.7 25.0 140.0 -56.4
422.0 25.0 138.0 -56.4
422.0 25.0 138.0 -56.4
422.8 23.0 113.0 -54.0
422.8 23.0 113.0 -54.0
422.9 25.0 134.0 -56.4
423.6 24.0 122.0 -55.2
423.6 24.0 122.0 -55.2
429.7 25.0 131.0 -56.4
429.7 25.0 131.0 -56.4
438.0 26.0 141.0 -57.6
438.0 26.0 141.0 -57.6
