101000011000100100101001000000011010000000100000
101000011000100100101001000000011010000000100000
001010011100100100001001000000011011000000100000
101010011000100100101001000000011010000000100000
001000011000100100101001000000011011000000100000
001000011000100100101001000000011011000000100000
001010011100100100101001000000011011000000100000
101010011100100100101001000000011011000000100000
101010011100100100101001000000011011000000100000
101000011000100100101001100000011010000000100000
101010111000100100001001000000011011000000100000
101010111000100100001001000000011011000000100000
001010111000100100101001000000011010000000100000
001100011000100100101001000000011010000000100000
101010111100100100101001000000011010000000100000
101000011000100100100001100000011010010000100000
101010011100100100101001000000011011000000100001
101010011100100100101001000000011011000000100001
101010011000100110100001000010011011000000100000
101010111100100100101001000000011011000000100000
101000111000100100101001100000011010000000100000
101010011000100110101001000010011011000000100000
101010011110100110101001000000011011000000100000
101010011110100110101001000000011011000000100000
101010111000100100101001000000011010010000100000
101010011110100110101001000010011011000000100000
101010011110100110101001000010011011000000100000
001100011000100110100001000000011010010000000000
101010111100100100100001100000011010010000100000
101000111100100110100001000000011010010000100000
101010111000100110101001000010011011000000100000
001100011000100110100001000000011010010000100000
101010011110100110101001000010011011000000100001
001100011000100110100001000010011010010000100000
001010011110100110101001000010011011010000100000
101000111100100110101001000010011010010000100000
101000111100100110101001000010011010010000100000
001100011000100110101001000010011010010000100000
101010011100100110101001100010011011010000100000
101000111100100110101001000010011011010000100000
001010111000100110101001000010011011010000100000
101010111010100110101001000010011011010000100000
001100111000100110100001000010011010010000100000
001100011000100110101001000010011010010000100001
111010011110100110101001000010011011000000100001
001000011000100110101101000010011011010000100000
001110111000100110101001000000011010010000100000
101010111100100110101001100010011011010000100000
111010111000100110100001000010011011010000100000
101100111000100110101001000010011011010000100000
101100111000100110101001000010011011010000100000
111010111010100110101001100010011011000000100000
001100111000100110101001000010011010010000100001
001100011000100110100001000010011011010010100000
101100111100100110101001000010011010010000100001
111010111110100110101001000010011011010000100000
101010111000100110101001000010111010010000100000
101000111000100110101001010010011010010000100000
111010111010100110100001100010011011010000100000
001010111000100110101001010010011010010000100000
111010111010100110101001100010011011010000100000
101010011111100110101001100010011111000000100001
101010011111100110101001100010011111000000100001
001100111000100110101001000010011010010000101000
001100111000100110100001000010111010010000100000
001100111000100110100001000010111010010000100000
101010011111100110101001100010011111010000100000
001110111000100110101001000010011010010000101000
001100111000100110101001000010111010010000100000
111110111110100110101001000010011011010000100000
001100111000100110101001000010111011010000100000
111110111010100110100001100010011011010000100000
111110111100100110101001100010011011010000100000
101010011111100110101001100010011111010000100001
001110111100100110101011000010011010010000100000
111110111010100110101001100010011011010000100000
101110111110100110101001100010011011011000100000
111100111000100110101101100010011011000000100000
111110111000100110101101000010011011010000100000
111110111010100110101001100010011011010000100001
101011011111100110101001100010011111010000100010
001100111000100110100101010010011010010000100000
001100111000100110100101010010011010010000100000
001110111000100110100101010010011010010000100000
001110111000100110100101010010011010010000100000
001110111000100110101001000010111010010000101000
111110111110100110101001100010011011011000100000
001110111000100110101101010010011010010000100000
101011111111100110101001100010011111010000100010
101011111111100110101001100010011111010000100010
101000111000100110101101110010011010011000100000
101110111000100110101101110010011010010000100000
101110111000100110101101110010011010010000100000
001100011000100110101101010010111010010000100000
111110111000100111101001100010011011010000100001
101101111001100110101001100010011111010000100010
101011111111100110101001100010011111010000100011
101011111111100110101001100010011111010000100011
111110111010100110100101100010011011011000100000
111011111001100110101001100010011111010000100010
001100111000100110100101010010011010010010100000
111011111111100110100001100010011111010000100010
001110111000100110101011000010011010011000101000
111110111010100110101001100010111011010000100001
111100111000100110100001010010111011010000100000
101100111000100110101101010010011010010010100000
001110111000100110100101010010111010010000100000
011110111010100110101101010010011011010000100000
111110111000100110100101110010011011010000100000
101011111111101110101001100010011111010000100011
111111111001100110100001100010011111010000100010
111110111011100110101001100010011111010000100010
111101111001100110101001100010011111010000100010
111101111111100110100001100010011111010000100010
001100111000100110101111010010011010010001100000
111101111011100110101001100010011111010000100010
111101111111100110101001100010011111010000100010
111111111011100110101001100010011111010000100010
111011111111100110101001100010011111011000100010
111110111110100110101101100010011011000010101000
111010111000100110101101110010111011010000100000
111100111000100110100001010010111011010010100000
101111111111101110101001100010011111010000100011
111111111011100110101001100010011111010000100011
111011111111100110101001100010011111011000100011
111011111111100110101001100010011111011000100011
111101111101100110100101100010011111010000100010
111101111001100110100001100010011111010010100010
111111111001100110100001100010011111010000101010
001110111000100110101101010010111010010010100000
111111111101100110100101100010011111010000100010
111111111001100110100001100010011111010010100010
111101111101100110101101100010011111010000100010
011110111010100110101001010010111011010010100000
101110111000100110101101110010011010010010101000
111111111101100110101101100010011111010000100010
111110111000100110101101110010111011010000100000
111110111000100110101101110010111011010000100000
111111111111100110101101100010011111010000100010
111111111111101110101001100010011111010000100011
101100111000100110101111110010011010010000101000
111111111111100110101001100010011111011000100011
101110111000100110101101110010011011010011101000
111110111000100110101101110010111011010000100001
001100111000100110000111010010111010010010100000
111110111110100110100101110010011011011010100000
001100111000100110101101010010111010010010101000
001110111000100110101101010010111010010010101000
011110111010100110101101010010011011010011101000
001100111000100110100111010010111010010010100000
001100111000100110100111010010111010010010100000
111011111111110110101001100010011111110100100011
111011111111110110101001100010011111110100100011
011110111010100110101001010010111011010010101000
111111111111101110101001100010011111011000100011
001110111000100110100111010010111010010010100000
101110111000100110100111010010111010010010100000
111011111111100110101001110010011111010001101010
001100111000100110101111010010111010010010100000
101100111000100110101101110010111010010010101000
111111111111101110101001100010011111010000101011
111110111010100110101101110010011011010011101000
111110111011100110101001110010011111010001101010
101110111010100110101111110110111011010000100000
101100111000100110101111110010011011010010101000
111011111111111110101001100010011111110100100011
111011111111111110101001100010011111110100100011
111111111111101110101001100010011111011010100010
111111111111100110101101100010011111010000101011
111111111011100110101001110010011111010001101010
111111111111100110101001110010011111010001101010
111110111111100110101101110010011111010011100000
111111111111101110101001100010011111011000101011
101110111010100110101111110010111011010010100000
111110111010100110101111110110111011010000100000
111111111001100110100101110010011111010010100010
111011111111111110101001100010011111111100100011
111011111111111110101001100010011111111100100011
111111111111111110101001100010011111110100100011
111110111100100110101101110010011011010011111000
111111111101100111100101110010011111010000100010
111111111101100111100101110010011111010000100010
111111111111110110101001100010011111111100100011
111111111111100110101111100110011111010000100011
111111111111100111111101100010011111010000100010
111110111000100110101111110010111011010010100000
001010111000100110101111010010111010010010111000
111111111011100110101101110010011111011000100011
111111111111110110101001100010011111110110100011
111111111111100110101101110010011111010001101010
111111111011100110101101100010011111011010101010
111111111111111110101001100010011111111100100011
111111111111111110101001100010011111111100100011
111111111111101110100101110010011111010010100010
111111111111101110100101110010011111010010100010
111111111001100110101111100010111111000010100010
011110111000100110101111010010111011010010101000
111101111111100110101101110010011111010011100011
011110111000100110101111010010111011010010101000
001110111000100110100111010010111010010010111000
111111111111100110101111100110011111011000100011
111111111111100110101111100110011111011000100011
111111111111110110101101100010011111110100101010
001100111000100110101111010010111010010010111000
001100111000100110101111010010111010010010111000
111111111111100110101101110010011111010011100011
111111111111111110101001100010011111110110100011
011110111000100110101111010010111011010011101000
001110111000100110101111010010111010010010111000
001110111000100110101111010010111010010010111000
111100111000100110101111110010111011010010101000
111111111111100110101101110010011111011001101010
111110111000100110101111110010111011010010101000
111110111000100110101111110010111011010010101000
111111011011100110101111110010111111010000100010
111111111001100110101111100010111111010010100010
111101111001100110101111110010011111010010100010
111100111001100110100111110010111111010010100000
111100111001100110100111110010111111010010100000
111110111000100110101111110010111011010011101000
111111111111101110101111100110011111011000100011
111110111010100110101111110010111011010010101000
111110111110100110101111110010111011010010101000
111011111111111110101001110010011111111101100011
111111111111110110101001110010011111110101101010
111111111101100110101101110010111111010011100010
111100111001100110101111110010111111010010100000
111111111111110110101001110010011111111101100011
111110111001100110101111110010111111010010100000
111111111111101110101111100110011111010010100011
111111111011100110001011110010111111010011100010
111111111011100110101111110010111111010000100010
111111111111110110101101110010011111110101100011
111111111011100110101101110010011111011010101010
111111111111100110101011110010111111010011100010
111111111111110110101101110010011111111101100010
111111111111111110101001110010011111111101100011
111110111000100111101111110010111011010010101000
111110111000100111101111110010111011010010101000
111101111001100110100111110010111111010010100010
111101111101100110100111110010111111010010100010
111111111101100110101101110010111111010011101010
111110111010100111101111110010111011010010101000
111110111010100111101111110010111011010010101000
111100111001100110101111110010111111010010101000
111101111001100110101111110010111111010010100010
111110111001100110101111110010111111010010101000
111111111001100110101111110010111111010010100010
111111111011100110101111110010111111010000101010
111111111111111110101001110010011111111111100010
111111111111101110101111100110011111010010110011
111111111111101110111111100110011111010010100011
111111111111100110101111110010111111010010100010
111111111111110110101011110110011111111101100010
111111111011100110111101110010011111010011101011
111111111111101110101111100110011111011010101010
111111111011100110100111110010111111010010100011
111101111001100110101111110110111111010011100010
111111111111111110101001110010011111111101101011
111111111111111110101001110010011111111111100011
011111111001100110111111010010111111010010100010
011111111001100110111111010010111111010010100010
111111111111110110101011110110011111111101100011
011111111011100110101111010010111111010010101010
111111111011100110101111110110111111010011100010
111111111111100110101111110110111111010011100010
111111111111111110101001110010011111110111101011
111101111001100110101111110010111111010010101010
111111111001100110111101110010111111010011101010
111111111001100110101111110010111111010010101010
111110111010100111101111110010111011010010111000
111111011111101110101001110011111111010011110111
111111111111100111111101110010011111010011101010
111111111111100110111101110010111111010011101010
101011111111110110111101110010011111111111101010
111101111011100110101111110010111111010011101010
111111111111110110101111110010011111111101100011
111111111111111110101011110110011111111101100011
111111111111111110101011110110011111111101100011
111111111111100110101111110010111111010011101010
111111111111110110101101110010111111110111100011
111111111111111110101111110110011111110101100011
111111111111100110111101110010111111010011101011
011111111001100110111111010010111111010010101010
011111111001100110111111010010111111010010101010
111111111111110110101011110110011111111101101011
111111111111110110101101110010111111111111100010
111111111111111110101101110010011111110111101011
011111111001100110111111010010111111010011101010
011111111001100110111111010010111111010011101010
111111111011100110111111010010111111010010101010
111111111111100110101101110011111111010011110111
111111111001100111101111110010111111010010101010
111111111001100111101111110010111111010010101010
111111111111111110101101110010011111111111101010
111111111001100110111111110010111111010010101010
111111111001100110111111110010111111010010101010
111111111111110110101101110010111111111111100011
111111111011100110111111100011011111010010111110
111111111111111110101111110110011111111101100011
111111111001100110111111110010111111010011101010
111111111011100110111111110010111111010010101010
111111111111100110111111110010111111010010101010
111111111111110110111101110010011111110111101011
111111111111100111111111110010011111010011101010
111111111011100110111111110010111111010011101010
111111111111111110101101110010011111111111101011
111111111111110110101111110110011111110111101010
111111111111110110111101110010011111111111101010
111111111111100111111101110010111111010011101011
111111111111111110101111110110011111111101101010
111111111111100110111111110010111111010011101011
111111111111110110101111110110011111110111101011
111111111111110110101111110110011111110111101011
111111111111110110111101110010011111111111101011
111111111001100110101111110011111111010011110111
111111111101100110101111110011111111010011110111
111111111011100110111111110010111111011011101010
111111111001100110111111110010111111010010111010
111111111001100110111111110010111111010010111010
111111111111110110101111110110111111110111100011
111111111111111110101111110110011111111101101011
111111111111111110101111110110011111111101101011
111111111011100110101111110011111111010011110111
111111111111110110111111110010011111110111101010
111111111001100111111111110010111111010011101010
111111111001100111111111110010111111010011101010
111111111011100111111111110010111111010010101010
111111111111110110101111110110111111111111100010
111111111111110110101111110110111111111111100010
111111111011100111111111110010111111010011101010
111111111011100111111111110010111111010011101010
111111111111100111111111110010111111010011101010
111111111111110110101111110011011111110111110110
111111111111100110101111110111111111010011110111
111111111111111110101111110110111111110111100011
111111111011100110101111110011111111010011111110
111111111111100110101111110011111111010011111110
111111111111110110111111110010011111111111101010
111111111111110110111111110010011111111111101010
111111111111110110101111110010111111111111101010
111111111111110110101111110111011111110111110110
111111111111110110101111110110111111110111101011
111111111111110110101111110110111111110111101011
111111111111111110101111110110011111111111101011
111111111011100111111111110010111111011011101010
111111111011100111111111110010111111011011101010
111111111001100111111111110010111111010010111010
111111111001100111111111110010111111010010111010
111111111111101110101111110111111111010011110111
111111111111100111111111110010111111011011101010
111111111111110110111111110110011111111111101010
111111111111110110111111110110011111111111101010
111111111111110110101111110110111111111111101010
111111111111110110101111110110111111111111101010
111111111001100111111111110010111111010011111010
111111111011100111111111110010111111010010111010
111111111011100111111111110010111111010010111010
111111111111110110101111110111011111110111110111
111111111011100110101111110011111111011011111110
111111111001100110111111110011111111010010111110
111111111011100111111111110010111111010011111010
111111111001100111101111110011111111010011111110
111111111001100111101111110011111111010011111110
111111111001100110111111110011111111010011111110
111111111011100110111111110011111111010010111110
111111111011100110111111110011111111010010111110
111111111111110110101111110111011111111111110110
111111111111110110111111110110111111110111101010
111111111111101110101111110011111111010011111111
111111111011100111101111110011111111010011111110
111111111011100110111111110011111111010011111110
111111111111100110101111110111111111011011111110
111111111111101110101111110111111111011011110111
111111111111100110111111110011111111010011111110
111011111111111110101111110111011111111111110111
111111111111110110101111110111011111110111111110
111111111111110110101111110111011111111111110111
111111111111110110101111110111011111111111110111
111111111111101110101111110111111111010011111111
111111111111100111111111110111011111010011111110
111111111111100110101111110111111111011011111111
111111111111100110111111110011111111010011111111
111111111111110110101111110111011111110111111111
111111111011100111101111110011111111011011111110
111111111011100111101111110011111111011011111110
111111111011100110111111110011111111011011111110
111111111111100110111111110011111111011011111110
111111111111111110101111110111011111111111110111
111111111111111110101111110111011111111111110111
111111111111100110111111110111111111010011111111
111111111001100111111111110011111111010011111110
111111111001100111111111110011111111010011111110
111111111111101110101111110111111111011011111111
111111111111110110101111110111111111111111110110
111111111011100111111111110011111111010011111110
111111111011100111111111110011111111010011111110
111111111111111110101111110111011111110111111111
111111111011100110111111110111111111011011111110
111111111111100111111111110011111111010011111110
111111111111110110101111110111011111111111111111
111111111111110110101111110111011111111111111111
111111111111110110101111110111111111110111111110
111111111111111110101111110111111111110111110111
111111111111111110101111110111111111110111110111
111111111111110110101111110111111111111111110111
111111111011100111111111110111111111010011111110
111111111111110110101111110011111111111111111110
111111111111110110111111110111011111110111111111
111111111111110110111111110111011111110111111111
111111111111110110101111110111111111110111111111
111111111111110110101111110111111111110111111111
111111111111111110101111110111011111111111111111
111111111011100111111111110011111111011011111110
111111111011100111111111110011111111011011111110
111111111111111110101111110111011111111111111111
111111111111100111111111110011111111011011111110
111111111111110111101111110111011111111111111110
111111111111110110111111110011011111111111111111
111111111111110110101111110111111111111111111110
111111111111110110111111110011111111110111111110
111111111111111111101111110111011111110111111111
111111111011100111111111110111111111011011111110
111111111011100111111111110111111111011011111110
111111111111111110111111110111011111110111111111
111111111111111110111111110111011111110111111111
111111111111111110101111110111111111110111111111
111111111111110111101111110111011111111111111111
111111111111110110111111110111011111111111111111
111111111111110111101111110111111111110111111110
111111111111110110101111110111111111111111111111
111111111111110110111111110011111111110111111111
111111111111110110111111110011111111011111111110
111111111011110111101111110011111111111111111110
111111111011110110111111110011111111111111111110
111111111111110110111111110011111111111111111110
111111111111110111111111110111011111110111111111
111111111111110111101111110111111111110111111111
111111111111110111101111110111111111110111111111
111111111111111110101111111111011111111111111111
111111111111111110101111111111011111111111111111
111111111111110110111111110111111111110111111111
111111111011110111111111110011111111010111111110
111111111011110111111111110011111111010111111110
111111111111111111101111110111011111111111111111
111111111111111110111111110111011111111111111111
111111111111111110111111110111011111111111111111
111111111111111110101111110111111111111111111111
111111111111111110101111110111111111111111111111
111111111011110111111111110011111111110111111110
111111111011110110111111110111111111111111111110
111111111011110111111111110011111111110111111110
111111111111110111111111110011111111110111111110
111111111111110110111111110111111111111111111110
111111111111111111111111110111011111110111111111
111111111111111111111111110111011111110111111111
111111111111110110111111111111011111111111111111
111111111111111110111111110111111111110111111111
111111111011110111111111110111111111110111111110
111111111111110111111111110111111111110111111110
111111111111110111101111110111111111111111111111
111111111111110110111111110111111111111111111111
111111111011110111111111110011111111011111111110
111111111011110111111111110011111111011111111110
111111111011110111111111110011111111111111111110
111111111011110111111111110011111111111111111110
111111111111110111111111110011111111111111111110
111111111111111111101111111111011111111111111111
111111111111111111101111111111011111111111111111
111111111111110111111111110111111111110111111111
111111111111111111111111110111011111111111111111
111111111111111111111111110111011111111111111111
111111111111111111101111110111111111111111111111
111111111111111111101111110111111111111111111111
111111111011110111111111110111111111111111111110
111111111011110111111111110111111111111111111110
111111111111110111111111110111111111111111111110
111111111111111111111111110111111111110111111111
111111111111111111111111110111111111110111111111
111111111111110110111111111111111111111111111111
111111111111110110111111111111111111111111111111
111111111111110111111111110111111111111111111111
111111111011110111111111111011111111111111111110
111111111011110111111111111011111111111111111110
111111111111110111111111111011111111111111111110
111111111111111111111111111111011111111111111111
111111111111111111111111111111011111111111111111
111111111111111111101111111111111111111111111111
111111111111111111101111111111111111111111111111
111111111111111110111111111111111111111111111111
111111111111111110111111111111111111111111111111
111111111011110111111111111111111111111111111110
111111111011110111111111111111111111111111111110
111111111111111111111111110111111111111111111111
111111111111110111111111111111111111111111111110
111111111111110111111111111111111111111111111110
111111111111110111111111111111111111111111111111
111111111111110111111111111111111111111111111111
111111111111111111111111111111111111111111111111
111111111111111111111111111111111111111111111111
