96.9 7.0 38.0 -16.8
99.9 8.0 44.0 -18.0
99.9 8.0 44.0 -18.0
107.1 8.0 43.0 -18.0
107.6 6.0 34.0 -14.4
108.9 5.0 28.0 -14.4
109.0 6.0 35.0 -15.6
109.0 6.0 35.0 -15.6
110.1 9.0 49.0 -19.2
110.1 9.0 49.0 -19.2
113.4 6.0 29.0 -15.6
113.5 7.0 36.0 -16.8
114.1 9.0 48.0 -19.2
114.6 7.0 37.0 -18.0
114.7 8.0 44.0 -19.2
116.6 6.0 35.0 -16.8
117.5 8.0 40.0 -19.2
117.7 6.0 29.0 -16.8
118.5 10.0 57.0 -20.4
119.2 7.0 32.0 -18.0
119.2 7.0 32.0 -18.0
120.6 8.0 44.0 -20.4
122.8 10.0 57.0 -21.6
122.8 10.0 57.0 -21.6
123.1 10.0 54.0 -21.6
125.3 6.0 29.0 -18.0
125.3 6.0 29.0 -18.0
126.4 7.0 44.0 -20.4
127.1 8.0 37.0 -22.8
128.2 7.0 36.0 -20.4
128.6 9.0 40.0 -24.0
129.4 10.0 49.0 -25.2
132.9 7.0 38.0 -21.6
135.8 6.0 29.0 -19.2
137.3 8.0 37.0 -24.0
137.4 6.0 35.0 -20.4
138.8 9.0 40.0 -25.2
138.8 9.0 40.0 -25.2
140.0 7.0 36.0 -21.6
140.4 7.0 44.0 -22.8
140.5 7.0 38.0 -22.8
142.2 11.0 58.0 -26.4
142.2 11.0 58.0 -26.4
144.9 10.0 49.0 -26.4
144.9 10.0 49.0 -26.4
146.0 7.0 36.0 -22.8
146.1 6.0 35.0 -21.6
147.0 6.0 29.0 -21.6
147.2 6.0 35.0 -22.8
148.0 7.0 44.0 -24.0
148.0 7.0 44.0 -24.0
148.3 12.0 67.0 -27.6
148.3 12.0 67.0 -27.6
148.7 7.0 38.0 -24.0
149.0 7.0 30.0 -22.8
149.8 11.0 58.0 -27.6
151.0 8.0 50.0 -25.2
152.9 7.0 36.0 -24.0
152.9 7.0 36.0 -24.0
154.8 8.0 47.0 -25.2
154.8 8.0 47.0 -25.2
155.9 12.0 67.0 -28.8
156.5 12.0 64.0 -28.8
158.0 8.0 44.0 -25.2
158.5 7.0 44.0 -25.2
159.5 10.0 45.0 -27.6
159.5 10.0 45.0 -27.6
160.5 7.0 36.0 -25.2
160.5 7.0 36.0 -25.2
161.4 11.0 60.0 -28.8
161.5 8.0 50.0 -26.4
162.9 11.0 58.0 -28.8
163.9 11.0 55.0 -28.8
164.1 12.0 64.0 -30.0
164.1 9.0 40.0 -27.6
165.2 8.0 33.0 -24.0
165.2 8.0 33.0 -24.0
165.6 11.0 54.0 -28.8
166.8 10.0 59.0 -28.8
166.9 8.0 42.0 -26.4
169.5 11.0 63.0 -30.0
170.2 13.0 73.0 -31.2
170.2 13.0 73.0 -31.2
170.8 11.0 61.0 -30.0
171.5 11.0 55.0 -30.0
172.3 12.0 64.0 -31.2
172.3 12.0 64.0 -31.2
174.7 8.0 37.0 -26.4
174.7 8.0 37.0 -26.4
175.3 7.0 36.0 -26.4
176.2 9.0 50.0 -28.8
177.0 10.0 59.0 -30.0
177.9 10.0 49.0 -30.0
178.4 13.0 73.0 -32.4
180.2 8.0 47.0 -27.6
180.2 8.0 47.0 -27.6
181.7 11.0 55.0 -31.2
181.7 11.0 55.0 -31.2
182.6 8.0 41.0 -27.6
183.1 8.0 39.0 -27.6
183.6 10.0 48.0 -28.8
185.2 8.0 47.0 -28.8
186.0 9.0 56.0 -30.0
186.7 14.0 83.0 -33.6
186.7 14.0 83.0 -33.6
186.9 7.0 31.0 -24.0
186.9 7.0 31.0 -24.0
188.0 9.0 48.0 -30.0
188.7 10.0 60.0 -31.2
189.2 7.0 36.0 -27.6
189.5 10.0 51.0 -31.2
190.3 11.0 60.0 -32.4
191.1 9.0 45.0 -30.0
192.1 9.0 35.0 -25.2
192.7 13.0 69.0 -33.6
193.7 9.0 35.0 -26.4
196.0 9.0 44.0 -28.8
196.0 9.0 44.0 -28.8
196.9 14.0 83.0 -34.8
196.9 14.0 83.0 -34.8
197.5 8.0 46.0 -28.8
197.6 8.0 34.0 -25.2
197.8 8.0 42.0 -28.8
198.8 14.0 78.0 -34.8
198.8 14.0 78.0 -34.8
200.6 9.0 50.0 -31.2
200.6 9.0 50.0 -31.2
201.4 10.0 59.0 -32.4
202.3 8.0 41.0 -28.8
202.3 8.0 41.0 -28.8
203.2 13.0 69.0 -34.8
203.4 10.0 51.0 -32.4
204.2 11.0 60.0 -33.6
204.2 11.0 60.0 -33.6
205.1 9.0 46.0 -31.2
205.2 8.0 39.0 -28.8
206.1 11.0 55.0 -33.6
206.9 12.0 64.0 -34.8
207.1 16.0 90.0 -36.0
207.1 16.0 90.0 -36.0
207.4 14.0 83.0 -36.0
208.6 7.0 41.0 -28.8
209.3 14.0 78.0 -36.0
210.4 8.0 39.0 -30.0
213.0 13.0 73.0 -36.0
213.0 13.0 73.0 -36.0
214.7 9.0 56.0 -32.4
215.0 8.0 34.0 -26.4
215.0 8.0 34.0 -26.4
215.4 17.0 100.0 -37.2
215.4 17.0 100.0 -37.2
216.2 10.0 59.0 -33.6
216.7 9.0 48.0 -32.4
218.1 10.0 54.0 -33.6
218.9 11.0 63.0 -34.8
218.9 11.0 63.0 -34.8
219.9 8.0 50.0 -31.2
221.1 13.0 65.0 -36.0
221.7 15.0 81.0 -37.2
221.9 8.0 42.0 -31.2
221.9 8.0 42.0 -31.2
223.5 15.0 79.0 -37.2
224.6 9.0 46.0 -32.4
224.6 9.0 46.0 -32.4
225.6 17.0 100.0 -38.4
225.6 17.0 100.0 -38.4
226.6 10.0 52.0 -33.6
227.2 14.0 74.0 -37.2
227.5 17.0 95.0 -38.4
227.8 13.0 73.0 -37.2
228.4 7.0 36.0 -30.0
228.4 7.0 36.0 -30.0
229.6 10.0 51.0 -33.6
230.0 16.0 91.0 -38.4
230.8 9.0 35.0 -28.8
230.9 12.0 64.0 -36.0
231.9 16.0 86.0 -38.4
232.4 11.0 52.0 -34.8
234.1 9.0 48.0 -33.6
235.0 15.0 88.0 -38.4
235.8 18.0 105.0 -39.6
235.8 18.0 105.0 -39.6
236.1 9.0 43.0 -32.4
236.8 10.0 52.0 -34.8
237.6 10.0 46.0 -33.6
238.3 11.0 55.0 -36.0
239.1 12.0 64.0 -37.2
240.2 17.0 96.0 -39.6
240.6 14.0 77.0 -38.4
241.6 8.0 42.0 -32.4
242.0 14.0 74.0 -38.4
243.2 14.0 70.0 -38.4
244.0 17.0 93.0 -39.6
244.0 17.0 93.0 -39.6
245.6 12.0 60.0 -37.2
246.3 18.0 105.0 -40.8
246.7 15.0 86.0 -39.6
249.3 15.0 79.0 -39.6
250.0 17.0 100.0 -40.8
250.8 8.0 47.0 -33.6
250.8 8.0 47.0 -33.6
252.2 14.0 66.0 -38.4
253.1 10.0 59.0 -36.0
253.5 9.0 43.0 -33.6
253.5 9.0 43.0 -33.6
254.4 10.0 57.0 -36.0
255.0 16.0 96.0 -40.8
255.9 11.0 60.0 -37.2
256.9 16.0 91.0 -40.8
256.9 16.0 91.0 -40.8
257.8 11.0 55.0 -37.2
258.4 10.0 46.0 -34.8
258.5 12.0 65.0 -38.4
258.8 12.0 64.0 -38.4
260.2 18.0 105.0 -42.0
261.5 14.0 74.0 -39.6
263.8 15.0 71.0 -39.6
264.2 10.0 50.0 -36.0
264.9 15.0 84.0 -40.8
266.0 17.0 96.0 -42.0
266.1 12.0 53.0 -37.2
266.5 13.0 69.0 -39.6
267.8 10.0 49.0 -36.0
268.5 13.0 68.0 -39.6
269.0 15.0 82.0 -40.8
269.3 17.0 94.0 -42.0
269.3 11.0 52.0 -37.2
269.5 14.0 79.0 -40.8
269.5 14.0 79.0 -40.8
270.5 8.0 47.0 -34.8
270.5 8.0 47.0 -34.8
270.6 13.0 65.0 -39.6
271.6 18.0 92.0 -42.0
272.1 18.0 105.0 -43.2
272.4 16.0 89.0 -42.0
272.5 16.0 86.0 -42.0
274.3 15.0 71.0 -40.8
274.3 15.0 71.0 -40.8
275.4 18.0 103.0 -43.2
275.8 10.0 46.0 -36.0
275.8 10.0 46.0 -36.0
276.2 18.0 101.0 -43.2
276.2 18.0 101.0 -43.2
277.2 14.0 72.0 -40.8
278.2 12.0 65.0 -39.6
278.4 11.0 51.0 -37.2
279.1 16.0 85.0 -42.0
280.2 18.0 97.0 -43.2
280.7 9.0 52.0 -36.0
280.8 17.0 96.0 -43.2
281.7 11.0 61.0 -38.4
282.2 10.0 55.0 -37.2
282.3 19.0 110.0 -44.4
282.3 19.0 110.0 -44.4
282.7 14.0 69.0 -40.8
283.3 15.0 81.0 -42.0
284.1 13.0 72.0 -40.8
284.1 11.0 50.0 -37.2
284.7 9.0 48.0 -36.0
284.8 14.0 66.0 -40.8
285.6 12.0 53.0 -38.4
285.6 19.0 108.0 -44.4
286.3 19.0 106.0 -44.4
286.7 14.0 77.0 -42.0
287.5 10.0 49.0 -37.2
287.5 10.0 49.0 -37.2
288.3 11.0 58.0 -38.4
288.6 17.0 92.0 -43.2
289.3 18.0 103.0 -44.4
290.1 11.0 54.0 -38.4
291.0 18.0 101.0 -44.4
292.2 16.0 86.0 -43.2
292.6 15.0 75.0 -42.0
293.7 16.0 83.0 -43.2
293.9 20.0 118.0 -45.6
293.9 20.0 118.0 -45.6
295.1 14.0 70.0 -42.0
296.5 20.0 111.0 -45.6
298.0 17.0 94.0 -44.4
298.0 17.0 94.0 -44.4
299.0 18.0 92.0 -44.4
299.6 14.0 64.0 -40.8
299.8 20.0 109.0 -45.6
301.1 15.0 67.0 -42.0
301.8 13.0 56.0 -39.6
301.9 16.0 76.0 -43.2
303.0 18.0 88.0 -44.4
304.1 18.0 103.0 -45.6
305.0 12.0 55.0 -39.6
305.0 12.0 55.0 -39.6
306.5 15.0 80.0 -43.2
307.1 15.0 77.0 -43.2
307.8 20.0 118.0 -46.8
307.9 13.0 58.0 -40.8
308.0 13.0 57.0 -40.8
308.2 18.0 99.0 -45.6
308.8 14.0 66.0 -42.0
309.9 17.0 86.0 -44.4
310.6 14.0 62.0 -42.0
310.6 14.0 62.0 -42.0
311.1 16.0 83.0 -44.4
311.4 15.0 71.0 -43.2
312.2 18.0 95.0 -45.6
312.4 19.0 113.0 -46.8
312.4 19.0 113.0 -46.8
313.4 20.0 111.0 -46.8
313.7 20.0 109.0 -46.8
314.3 19.0 108.0 -46.8
315.4 17.0 94.0 -45.6
316.6 18.0 92.0 -45.6
317.5 16.0 80.0 -44.4
317.5 16.0 80.0 -44.4
318.3 19.0 104.0 -46.8
319.3 20.0 102.0 -46.8
319.3 20.0 102.0 -46.8
319.8 12.0 53.0 -39.6
319.8 12.0 53.0 -39.6
320.6 22.0 129.0 -48.0
320.6 22.0 129.0 -48.0
321.3 13.0 56.0 -40.8
321.3 13.0 56.0 -40.8
322.0 21.0 119.0 -48.0
322.6 20.0 118.0 -48.0
323.3 20.0 116.0 -48.0
323.9 14.0 61.0 -42.0
324.0 14.0 60.0 -42.0
324.8 17.0 90.0 -45.6
325.6 18.0 99.0 -46.8
326.5 15.0 67.0 -43.2
326.6 20.0 114.0 -48.0
326.6 15.0 65.0 -43.2
327.6 21.0 112.0 -48.0
328.2 19.0 98.0 -46.8
328.5 20.0 109.0 -48.0
329.4 20.0 96.0 -46.8
329.8 18.0 84.0 -45.6
330.6 19.0 93.0 -46.8
330.9 17.0 86.0 -45.6
331.7 19.0 108.0 -48.0
333.2 17.0 83.0 -45.6
334.6 19.0 107.0 -48.0
334.8 23.0 130.0 -49.2
334.8 23.0 130.0 -49.2
336.2 16.0 73.0 -44.4
336.2 16.0 73.0 -44.4
337.0 16.0 70.0 -44.4
337.5 14.0 59.0 -42.0
337.5 14.0 59.0 -42.0
337.9 14.0 75.0 -43.2
338.0 22.0 122.0 -49.2
338.0 22.0 122.0 -49.2
338.9 20.0 103.0 -48.0
338.9 21.0 119.0 -49.2
339.8 19.0 100.0 -48.0
339.8 19.0 100.0 -48.0
340.1 15.0 64.0 -43.2
340.1 15.0 64.0 -43.2
340.1 18.0 88.0 -46.8
341.6 21.0 113.0 -49.2
341.6 21.0 113.0 -49.2
342.6 19.0 98.0 -48.0
342.8 16.0 68.0 -44.4
342.8 16.0 68.0 -44.4
344.0 20.0 114.0 -49.2
344.0 20.0 114.0 -49.2
344.8 21.0 110.0 -49.2
345.9 20.0 109.0 -49.2
346.4 17.0 78.0 -45.6
347.7 22.0 122.0 -50.4
347.7 22.0 122.0 -50.4
348.6 20.0 106.0 -49.2
349.2 18.0 86.0 -46.8
349.5 18.0 84.0 -46.8
350.3 19.0 93.0 -48.0
350.7 21.0 119.0 -50.4
351.2 18.0 101.0 -48.0
352.2 17.0 76.0 -45.6
354.7 21.0 115.0 -50.4
355.3 18.0 82.0 -46.8
356.1 19.0 91.0 -48.0
356.8 20.0 99.0 -49.2
357.9 22.0 114.0 -50.4
357.9 22.0 114.0 -50.4
358.8 21.0 111.0 -50.4
359.0 22.0 129.0 -51.6
362.4 18.0 81.0 -46.8
362.4 18.0 81.0 -46.8
362.9 21.0 108.0 -50.4
363.0 22.0 125.0 -51.6
363.0 22.0 125.0 -51.6
363.2 19.0 90.0 -48.0
364.7 19.0 102.0 -49.2
365.5 19.0 87.0 -48.0
365.7 17.0 75.0 -45.6
365.8 17.0 74.0 -45.6
365.8 17.0 74.0 -45.6
366.3 20.0 96.0 -49.2
366.5 18.0 88.0 -48.0
367.1 22.0 121.0 -51.6
367.3 19.0 97.0 -49.2
368.4 16.0 77.0 -45.6
368.4 18.0 79.0 -46.8
368.4 18.0 79.0 -46.8
369.6 19.0 94.0 -49.2
369.6 19.0 94.0 -49.2
370.4 20.0 103.0 -50.4
370.4 20.0 103.0 -50.4
371.5 19.0 85.0 -48.0
371.5 19.0 85.0 -48.0
372.6 18.0 84.0 -48.0
372.6 18.0 84.0 -48.0
373.2 23.0 130.0 -52.8
373.4 19.0 93.0 -49.2
374.8 22.0 114.0 -51.6
374.8 22.0 114.0 -51.6
375.7 19.0 90.0 -49.2
375.7 19.0 90.0 -49.2
376.2 21.0 111.0 -51.6
376.5 20.0 99.0 -50.4
380.0 23.0 127.0 -52.8
380.0 23.0 127.0 -52.8
380.9 23.0 123.0 -52.8
380.9 23.0 123.0 -52.8
382.0 21.0 109.0 -51.6
382.0 21.0 109.0 -51.6
382.3 22.0 120.0 -52.8
382.8 19.0 89.0 -49.2
382.8 19.0 89.0 -49.2
383.6 20.0 98.0 -50.4
383.6 20.0 98.0 -50.4
385.3 22.0 107.0 -51.6
385.6 20.0 97.0 -50.4
385.9 20.0 95.0 -50.4
386.7 21.0 104.0 -51.6
386.7 21.0 104.0 -51.6
387.0 23.0 119.0 -52.8
388.1 22.0 118.0 -52.8
388.1 22.0 118.0 -52.8
388.3 24.0 137.0 -54.0
388.3 24.0 137.0 -54.0
388.4 22.0 116.0 -52.8
389.5 24.0 131.0 -54.0
389.5 24.0 131.0 -54.0
390.6 23.0 130.0 -54.0
390.6 23.0 130.0 -54.0
391.7 21.0 103.0 -51.6
391.7 20.0 93.0 -50.4
391.7 20.0 93.0 -50.4
392.5 22.0 112.0 -52.8
392.5 22.0 112.0 -52.8
396.3 24.0 128.0 -54.0
396.4 23.0 128.0 -54.0
396.7 23.0 126.0 -54.0
396.7 23.0 126.0 -54.0
397.2 24.0 124.0 -54.0
397.5 21.0 101.0 -51.6
398.3 23.0 123.0 -54.0
398.3 22.0 110.0 -52.8
398.3 23.0 123.0 -54.0
398.6 23.0 121.0 -54.0
398.8 20.0 92.0 -50.4
398.8 20.0 92.0 -50.4
401.9 21.0 98.0 -51.6
401.9 21.0 98.0 -51.6
402.7 22.0 107.0 -52.8
402.7 22.0 107.0 -52.8
404.3 25.0 140.0 -55.2
404.3 25.0 140.0 -55.2
404.4 23.0 119.0 -54.0
404.6 25.0 138.0 -55.2
404.6 25.0 138.0 -55.2
405.5 25.0 134.0 -55.2
405.7 24.0 137.0 -55.2
406.9 24.0 131.0 -55.2
407.7 22.0 106.0 -52.8
408.5 23.0 115.0 -54.0
408.5 23.0 115.0 -54.0
412.7 24.0 129.0 -55.2
412.7 24.0 129.0 -55.2
413.7 24.0 128.0 -55.2
413.7 24.0 128.0 -55.2
414.6 24.0 124.0 -55.2
414.6 24.0 124.0 -55.2
417.0 22.0 105.0 -52.8
417.8 23.0 114.0 -54.0
417.8 23.0 114.0 -54.0
420.6 26.0 141.0 -56.4
420.6 26.0 141.0 -56.4
421.7 25.0 140.0 -56.4
421.7 25.0 140.0 -56.4
422.0 25.0 138.0 -56.4
422.8 23.0 113.0 -54.0
422.8 23.0 113.0 -54.0
422.9 25.0 134.0 -56.4
423.6 24.0 122.0 -55.2
423.6 24.0 122.0 -55.2
429.7 25.0 131.0 -56.4
429.7 25.0 131.0 -56.4
438.0 26.0 141.0 -57.6
438.0 26.0 141.0 -57.6
