111011011010111011001100011010011010
111011010110110111001100011010011010
111011010110111011001100011010011010
110111010110110111001100011010011010
111011011010111011001100010110011010
111011010110111011001100010110011010
111011010110110111001100011010011100
110111010110110111001100010110011010
110111010110110111001100011010011100
111011010110110110011001010110011010
111011010110111010101001010110011010
110111010110110111001100010110011100
111011010110111010101001010110011100
111011010110111010101001010111001100
