000000011000100100000001000000011010000000000000
000000011000100100000001000000011010000000000000
000000011000100100000001000000011010000000000000
000000011000100100000001000000011010000000000000
000000011000100100000001000000011010000000000000
000000011000100100000001000000011010000000000000
000000011000100100000001000000011010000000000000
000000011000100100000001000000011010000000000000
000000011000100100000001000000011010000000000000
000000011000100100000001000000011010000000000000
000000011000100100000001000000011010000000000000
000000011000100100000001000000011010000000000000
000000011000100100000001000000011010000000000000
000000011000100100000001000000011010000000000000
000000011000100100000001000000011010000000000000
000000011000100100000001000000011010000000000000
000000011000100100000001000000011010000000000000
000000011000100100000001000000011010000000000000
000000011000100100000001000000011010000000000000
000000011000100100000001000000011010000000000000
000000011000100100000001000000011010000000000000
000000011000100100000001000000011010000000000000
000000011000100100000001000000011010000000000000
000000011000100100000001000000011010000000000000
000000011000100100000001000000011010000000000000
000000011000100100000001000000011010000000000000
000000011000100100000001000000011010000000000000
000000011000100100000001000000011010000000000000
000000011000100100000001000000011010000000000000
000000011000100100000001000000011010000000000000
000000011000100100000001000000011010000000000000
000000011000100100000001000000011010000000000000
000000011000100100000001000000011010000000000000
000000011000100100000001000000011010000000000000
000000011000100100000001000000011010000000000000
000000011000100100000001000000011010000000000000
000000011000100100000001000000011010000000000000
000000011000100100000001000000011010000000000000
000000011000100100000001000000011010000000000000
000000011000100100000001000000011010000000000000
000000011000100100000001000000011010000000000000
000000011000100100000001000000011010000000000000
000000011000100100000001000000011010000000000000
000000011000100100000001000000011010000000000000
000000011000100100000001000000011010000000000000
000000011000100100000001000000011010000000000000
000000011000100100000001000000011010000000000000
000000011000100100000001000000011010000000000000
000000011000100100000001000000011010000000000000
000000011000100100000001000000011010000000000000
000000011000100100000001000000011010000000000000
000000011000100100000001000000011010000000000000
000000011000100100000001000000011010000000000000
000000011000100100000001000000011010000000000000
000000011000100100000001000000011010000000000000
000000011000100100000001000000011010000000000000
000000011000100100000001000000011010000000000000
000000011000100100000001000000011010000000000000
000000011000100100000001000000011010000000000000
000000011000100100000001000000011010000000000000
000000011000100100000001000000011010000000000000
000000011000100100000001000000011010000000000000
000000011000100100000001000000011010000000000000
000000011000100100000001000000011010000000000000
000000011000100100000001000000011010000000000000
000000011000100100000001000000011010000000000000
000000011000100100000001000000011010000000000000
000000011000100100000001000000011010000000000000
000000011000100100000001000000011010000000000000
000000011000100100000001000000011010000000000000
000000011000100100000001000000011010000000000000
000000011000100100000001000000011010000000000000
000000011000100100000001000000011010000000000000
000000011000100100000001000000011010000000000000
000000011000100100000001000000011010000000000000
000000011000100100000001000000011010000000000000
000000011000100100000001000000011010000000000000
000000011000100100000001000000011010000000000000
000000011000100100000001000000011010000000000000
000000011000100100000001000000011010000000000000
000000011000100100000001000000011010000000000000
000000011000100100000001000000011010000000000000
000000011000100100000001000000011010000000000000
000000011000100100000001000000011010000000000000
000000011000100100000001000000011010000000000000
000000011000100100000001000000011010000000000000
000000011000100100000001000000011010000000000000
000000011000100100000001000000011010000000000000
000000011000100100000001000000011010000000000000
000000011000100100000001000000011010000000000000
000000011000100100000001000000011010000000000000
000000011000100100000001000000011010000000000000
000000011000100100000001000000011010000000000000
000000011000100100000001000000011010000000000000
000000011000100100000001000000011010000000000000
000000011000100100000001000000011010000000000000
000000011000100100000001000000011010000000000000
000000011000100100000001000000011010000000000000
000000011000100100000001000000011010000000000000
000000011000100100000001000000011010000000000000
000000011000100100000001000000011010000000000000
000000011000100100000001000000011010000000000000
000000011000100100000001000000011010000000000000
000000011000100100000001000000011010000000000000
000000011000100100000001000000011010000000000000
000000011000100100000001000000011010000000000000
000000011000100100000001000000011010000000000000
000000011000100100000001000000011010000000000000
000000011000100100001001000000011010000000000000
000000011000100100001001000000011010000000000000
000000011000100100000001000000011010000000100000
000000011000100100000001000000011010000000100000
000000011000100100000001000000011010000000100000
000000011000100100000001000000011010000000100000
000000011000100100000001000000011010000000100000
000000011000100100100001000000011010000000000000
000000011000100100100001000000011010000000000000
000000011000100100100001000000011010000000000000
000000011000100100100001000000011010000000000000
000000011000100100100001000000011010000000000000
000000011000100100001001000000011010000000100000
000000011000100100001001000000011010000000100000
000000011000100100100001000000011010000000100000
000000011000100100100001000000011010000000100000
000000011000100100100001000000011010000000100000
000000011000100100100001000000011010000000100000
000000011000100100100001000000011010000000100000
000000011000100100100001000000011010000000100000
000000011000100100100001000000011010000000100000
000000011000100100100001000000011010000000100000
000000011000100100100001000000011010000000100000
000000011000100100100001000000011010000000100000
000000011000100100100001000000011010000000100000
000000011000100100100001000000011010000000100000
000000011000100100100001000000011010000000100000
000000011000100100100001000000011010000000100000
000000011000100100100001000000011010000000100000
000000011000100100100001000000011010000000100000
000000011000100100100001000000011010000000100000
000000011000100100100001000000011010000000100000
000000011000100100100001000000011010000000100000
000000011000100100100001000000011010000000100000
000000011000100100100001000000011010000000100000
000000011000100100100001000000011010000000100000
000000011000100100100001000000011010000000100000
000000011000100100100001000000011010000000100000
000000011000100100100001000000011010000000100000
000000011000100100100001000000011010000000100000
000000011000100100100001000000011010000000100000
000000011000100100100001000000011010000000100000
000000011000100100100001000000011010000000100000
000000011000100100100001000000011010000000100000
000000011000100100100001000000011010000000100000
000000011000100100100001000000011010000000100000
000000011000100100100001000000011010000000100000
000000011000100100100001000000011010000000100000
000000011000100100100001000000011010000000100000
000000011000100100100001000000011010000000100000
000000011000100100100001000000011010000000100000
000000011000100100100001000000011010000000100000
000000011000100100100001000000011010000000100000
000000011000100100100001000000011010000000100000
000000011000100100100001000000011010000000100000
000000011000100100100001000000011010000000100000
000000011000100100100001000000011010000000100000
000000011000100100100001000000011010000000100000
000000011000100100100001000000011010000000100000
000000011000100100100001000000011010000000100000
000000011000100100100001000000011010000000100000
000000011000100100100001000000011010000000100000
000000011000100100100001000000011010000000100000
000000011000100110000001000000011010000000000000
000000011000100110000001000000011010000000000000
000000011000100110000001000000011010000000000000
000000011000100110000001000000011010000000000000
000010011000100100100001000000011010000000100000
000000011000100100001001000000011010010000000000
000000011000100110000001000010011010000000000000
000000011000100110000001000010011010000000000000
000000011000100110000001000010011010000000000000
000000011000100110000001000010011010000000000000
000000011000100110000001000010011010000000000000
000000011000100100000001000000011010010000100000
000000011000100100000001000000011010010000100000
000000011000100100000001000000011010010000100000
000000011000100100100001000000011010010000000000
000000011000100100100001000000011010010000000000
000000011000100110000001000000011010000000100000
000000011000100110100001000000011010000000000000
000000011000100110100001000000011010000000000000
000000011000100100000101000000011010000000000000
000100011000100100000001000000011010000000100000
000000011000100110000001000010011010000000100000
000000011000100110000001000010011010000000100000
000000011000100100000001000000011010000010000000
000100011000100100100001000000011010000000000000
000000011000100100000001000000011010000010000000
000000011000100100000001000000011010000010000000
000010011000100110001001000010011010000000000000
000000011000100100100001000000011010010000100000
000000011000100110000001000000011010010000000000
001000011000100100000001000000011010000000000000
000010011100100110100001000010011010000000000000
000000011000100110100001000000011010000000100000
101000011000100100000001000000011010000000000000
000010011000100100100001000000011010010000100000
000100011000100100101001000000011010000000000000
000000011000100100100101000000011010000000000000
000000011000100110000001000010011010010000000000
000000011000100100101001000000011010010000100000
000000011000100100101001000000011010010000100000
000000011000100100101001000000011010010000100000
000000011000100100101001000000011010010000100000
000000011000100100101001000000011010010000100000
000000011000100100101001000000011010010000100000
000000011000100100101001000000011010010000100000
000000011000100100101001000000011010010000100000
000000011000100100101001000000011010010000100000
000000011000100110100001000010011010000000100000
000000011000100110100001000010011010000000100000
000000011000100110100001000010011010000000100000
000000011000100110100001000010011010000000100000
000000011000100110100001000010011010000000100000
000000011000100110100001000010011010000000100000
000000011000100110100001000010011010000000100000
000000011000100110100001000010011010000000100000
000000011000100110100001000010011010000000100000
000000011000100110100001000010011010000000100000
000000011000100110100001000010011010000000100000
000000011000100110100001000010011010000000100000
000000011000100110100001000010011010000000100000
000000011000100110100001000010011010000000100000
000000011000100110100001000010011010000000100000
000000011000100110100001000010011010000000100000
000000011000100110100001000010011010000000100000
000000011000100110100001000010011010000000100000
000000011000100110100001000010011010000000100000
000000011000100110100001000010011010000000100000
000000011000100110100001000010011010000000100000
000000011000100110100001000010011010000000100000
000000011000100110100001000010011010000000100000
000000011000100110100001000010011010000000100000
000000011000100110100001000010011010000000100000
000000011000100110100001000010011010000000100000
000000011000100110100001000010011010000000100000
000000011000100110100001000010011010000000100000
000000011000100110100001000010011010000000100000
000000011000100110100001000010011010000000100000
000000011000100110100001000010011010000000100000
000000011000100110100001000010011010000000100000
000000011000100110100001000010011010000000100000
000000011000100110100001000010011010000000100000
000000011000100110100001000010011010000000100000
000000011000100110100001000010011010000000100000
000000011000100110100001000010011010000000100000
000000011000100110100001000010011010000000100000
000000011000100110100001000010011010000000100000
000000011000100110100001000010011010000000100000
000000011000100110100001000010011010000000100000
000000011000100110100001000010011010000000100000
000000011000100110100001000010011010000000100000
000000011000100110100001000010011010000000100000
000000011000100110100001000010011010000000100000
000000011000100110100001000010011010000000100000
000000011000100110100001000010011010000000100000
000000011000100110100001000010011010000000100000
000000011000100110100001000010011010000000100000
000000011000100110100001000010011010000000100000
000000011000100110100001000010011010000000100000
000000011000100110100001000010011010000000100000
000000011000100110100001000010011010000000100000
000000011000100110100001000010011010000000100000
000000011000100110100001000010011010000000100000
000000011000100110100001000010011010000000100000
000000011000100110100001000010011010000000100000
000000011000100110100001000010011010000000100000
000000011000100110100001000010011010000000100000
000000011000100110100001000010011010000000100000
000000011000100110100001000010011010000000100000
000000011000100110100001000010011010000000100000
000010011000100110001001000010011010000000100000
000000011000100110100001000010011010000000100000
000000011000100100100001000000011010000010000000
000010011000100110101001000010011010000000000000
000010011000100110101001000010011010000000000000
000010011000100110101001000010011010000000000000
000000011000100100000001010000011010000000000000
000000011000100110101001000000011010000000100000
000010011000100100101001000000011010010000100000
000010011000100100101001000000011010010000100000
000010011000100100101001000000011010010000100000
000010011000100100101001000000011010010000100000
000010011000100100101001000000011010010000100000
000010011000100100101001000000011010010000100000
000010011000100100101001000000011010010000100000
000010011000100110100001000010011010000000100000
000000011000100110000001000000011010010000100000
000000011000100110000001000000011010010000100000
000000011000100110000001000000011010010000100000
000000011000100110001001000010011010010000000000
001000011000100100000001000000011010000000100000
001000011000100100100001000000011010000000000000
001000011000100100100001000000011010000000000000
000000011000100110101001000010011010000000100000
000000011000100110101001000010011010000000100000
000000011000100110101001000010011010000000100000
000000011000100110101001000010011010000000100000
000000011000100110000001000010011010010000100000
000000011000100110100001000010011010010000000000
000000011000100110100001000010011010010000000000
000000011000100110100001000010011010010000000000
001010011000100100000001000000011010000000100000
000010011000100110101001000010011010000000100000
000010011000100110101001000010011010000000100000
000010011000100110101001000010011010000000100000
000010011000100110101001000010011010000000100000
000010011000100110101001000010011010000000100000
000010011000100110101001000010011010000000100000
000010011000100110101001000010011010000000100000
000000011000100100000001010000011010000000100000
000000011000100100100001010000011010000000000000
000000011000100100000001000000011010010000010000
000000011000100110000101000010011010000000000000
000000011000100110100001000000011010010000100000
000000011000100110100001000000011010010000100000
000000011000100100101001000000011010011000000000
000000011000100100001001000000011010010010000000
000000011000100110101001000010011010010000000000
000110011000100110001001000010011010000000000000
000000011000100100100101000000011010010000000000
000100011000100100100001000000011010010000100000
000000011000100110100001000010011010010000100000
000000011000100110100001000010011010010000100000
000000011000100110100001000010011010010000100000
000010011000100110001001000010011010010000100000
000000011000100110100001000010011010010000100000
000100011000100110101001000000011010000000000000
000000011000100110100101000000011010000000000000
000000011000100110101001000000011010010000100000
000000011000100100100001010000011010000000100000
000100011000100110001001000010011010000000100000
000000011000100100100011000000011010000000100000
000000011000100110100001000000011010000010000000
001000011000100100000001000000011010010000100000
000010011000100110101001000000011010010000100000
000000011000100110101001000010011010010000100000
000000011000100110101001000010011010010000100000
000000011000100110101001000010011010010000100000
000000011000100110101001000010011010010000100000
000000011000100110101001000010011010010000100000
000000011000100110101001000010011010010000100000
000000011000100110101001000010011010010000100000
000000011000100110101001000010011010010000100000
000000011000100110101001000010011010010000100000
000000011000100110101001000010011010010000100000
000000011000100110101001000010011010010000100000
000000011000100110101001000010011010010000100000
000000011000100110101001000010011010010000100000
000000011000100110101001000010011010010000100000
000000011000100110101001000010011010010000100000
000000011000100110101001000010011010010000100000
000000011000100110101001000010011010010000100000
000000011000100110101001000010011010010000100000
000000011000100110101001000010011010010000100000
000000011000100110101001000010011010010000100000
000000011000100110101001000010011010010000100000
000000011000100110101001000010011010010000100000
000000011000100110101001000010011010010000100000
000000011000100110101001000010011010010000100000
000000011000100110101001000010011010010000100000
000000011000100110101001000010011010010000100000
000000011000100110101001000010011010010000100000
000000011000100110101001000010011010010000100000
000000011000100110101001000010011010010000100000
000000011000100110101001000010011010010000100000
000000011000100110101001000010011010010000100000
000000011000100110101001000010011010010000100000
000000011000100110101001000010011010010000100000
000000011000100110101001000010011010010000100000
000000011000100110101001000010011010010000100000
000000011000100110101001000010011010010000100000
000000011000100110101001000010011010010000100000
000000011000100110101001000010011010010000100000
000000011000100110101001000010011010010000100000
000000011000100110101001000010011010010000100000
000000011000100110101001000010011010010000100000
000000011000100110101001000010011010010000100000
000000011000100110101001000010011010010000100000
000000011000100110101001000010011010010000100000
000000011000100110101001000010011010010000100000
000000011000100110101001000010011010010000100000
000000011000100110101001000010011010010000100000
000000011000100110101001000010011010010000100000
000000011000100110101001000010011010010000100000
000000011000100110101001000010011010010000100000
000000011000100110101001000010011010010000100000
000000011000100110101001000010011010010000100000
000000011000100110101001000010011010010000100000
000000011000100110101001000010011010010000100000
000000011000100110101001000010011010010000100000
000000011000100110101001000010011010010000100000
000000011000100110101001000010011010010000100000
000000011000100110101001000010011010010000100000
000000011000100110101001000010011010010000100000
000000011000100110101001000010011010010000100000
000000011000100110101001000010011010010000100000
000000011000100110101001000010011010010000100000
000000011000100110101001000010011010010000100000
000000011000100110101001000010011010010000100000
000000011000100110101001000010011010010000100000
000000011000100110101001000010011010010000100000
000000011000100110101001000010011010010000100000
000000011000100110101001000010011010010000100000
000000011000100110101001000010011010010000100000
000000011000100110101001000010011010010000100000
000000011000100110101001000010011010010000100000
000000011000100110101001000010011010010000100000
000000011000100110000001000010011010000010100000
101010011000100110000001000010011010000000000000
000100011000100100100001000000011010000010000000
001000111000100100100001000000011010000000000000
000000011000100110100001000010011010000010000000
000000011000100110000001010010011010000000000000
000000011100100110101001000010011010010000100000
001000011000100110000001000000011010000000100000
000010011000100110101001000010011010010000100000
000010011000100110101001000010011010010000100000
000010011000100110101001000010011010010000100000
000010011000100110101001000010011010010000100000
000010011000100110101001000010011010010000100000
000010011000100110101001000010011010010000100000
000010011000100110101001000010011010010000100000
000010011000100110101001000010011010010000100000
000010011000100110101001000010011010010000100000
000010011000100110101001000010011010010000100000
000010011000100110101001000010011010010000100000
000010011000100110101001000010011010010000100000
000010011000100110101001000010011010010000100000
000010011000100110101001000010011010010000100000
000010011000100110101001000010011010010000100000
000010011000100110101001000010011010010000100000
000010011000100110101001000010011010010000100000
000010011000100110101001000010011010010000100000
000010011000100110101001000010011010010000100000
000010011000100110101001000010011010010000100000
000010011000100110101001000010011010010000100000
000010011000100110101001000010011010010000100000
000010011000100110101001000010011010010000100000
000010011000100110101001000010011010010000100000
000010011000100110101001000010011010010000100000
000010011000100110101001000010011010010000100000
000010011000100110101001000010011010010000100000
000010011000100110101001000010011010010000100000
000010011000100110101001000010011010010000100000
000010011000100110101001000010011010010000100000
000010011000100110101001000010011010010000100000
000010011000100110101001000010011010010000100000
000010011000100110101001000010011010010000100000
000010011000100110101001000010011010010000100000
000010011000100110101001000010011010010000100000
000010011000100110101001000010011010010000100000
000010011000100110101001000010011010010000100000
000010011000100110101001000010011010010000100000
000010011000100110101001000010011010010000100000
000010011000100110101001000010011010010000100000
000010011000100110101001000010011010010000100000
000010011000100110101001000010011010010000100000
000010011000100110101001000010011010010000100000
000010011000100110101001000010011010010000100000
000010011000100110101001000010011010010000100000
000010011000100110101001000010011010010000100000
000010011000100110101001000010011010010000100000
000010011000100110101001000010011010010000100000
000010011000100110101001000010011010010000100000
000010011000100110101001000010011010010000100000
000010011000100110101001000010011010010000100000
000010011000100110101001000010011010010000100000
000010011000100110101001000010011010010000100000
000010011000100110101001000010011010010000100000
000010011000100110101001000010011010010000100000
000010011000100110101001000010011010010000100000
000010011000100110101001000010011010010000100000
000010011000100110101001000010011010010000100000
000010011000100110101001000010011010010000100000
000010011000100110101001000010011010010000100000
000010011000100110101001000010011010010000100000
000010011000100110101001000010011010010000100000
000010011000100110101001000010011010010000100000
000010011000100110101001000010011010010000100000
000010011000100110101001000010011010010000100000
000010011000100110101001000010011010010000100000
000010011000100110101001000010011010010000100000
000010011000100110101001000010011010010000100000
000010011000100110101001000010011010010000100000
000010011000100110101001000010011010010000100000
000010011000100110101001000010011010010000100000
000010011000100110101001000010011010010000100000
000010011000100110101001000010011010010000100000
000010011000100110101001000010011010010000100000
000010011000100110101001000010011010010000100000
000010011000100110101001000010011010010000100000
000010011000100110101001000010011010010000100000
000010011000100110101001000010011010010000100000
000010011000100110101001000010011010010000100000
000010011000100110101001000010011010010000100000
000010011000100110101001000010011010010000100000
000010011000100110101001000010011010010000100000
000010011000100110101001000010011010010000100000
000010011000100110101001000010011010010000100000
000010011000100110101001000010011010010000100000
000010011000100110101001000010011010010000100000
000010011000100110101001000010011010010000100000
000110011000100110100001000010011010000000100000
000100011000100110100001000000011010010000000000
000100011000100110100001000000011010010000000000
000100011000100100000101000000011010010000000000
001000011000100110100001000010011010000000000000
000000011000100110000101000010011010010000000000
000100011000100110101001000010011010000000100000
000000011000100110000001000010011010010000001000
000000011000100100101101000000011010010000100000
000100011000100110100001000010011010010000000000
000110011000100110101001000010011010000000100000
000110011000100110101001000010011010000000100000
000110011000100110101001000010011010000000100000
000000011000100110000001010010011010000000100000
000010011000100100101101000000011010010000100000
000010011000100100101001000000011010010000101000
001000011000100100001001000000011011010000100000
000010011000100110100001000010011010000000101000
000000011000100110100101000000011010010000000000
000010011000100110101101000000011010000000100000
000110011000100110101001000000011010010000000000
000000011000100110001001000010011010010010000000
001100111000100100000001000000011010000000000000
001010011000100110100001000000011010000000100000
000100011000100100101001000000011010000010100000
001010011000100110101001000010011010000000000000
000010011000100110000001000000011010010010100000
001000111000100100000001000000011010010000100000
000100011000100110100001000010011010010000100000
000100011000100110100001000010011010010000100000
000100011000100110100001000010011010010000100000
000100011000100110100001000010011010010000100000
000100011000100110100001000010011010010000100000
000100011000100110100001000010011010010000100000
000100011000100110100001000010011010010000100000
000100011000100110100001000010011010010000100000
000100011000100110100001000010011010010000100000
000100011000100110100001000010011010010000100000
000100011000100110100001000010011010010000100000
000100011000100110100001000010011010010000100000
000100011000100110100001000010011010010000100000
000100011000100110100001000010011010010000100000
000100011000100110100001000010011010010000100000
000100011000100110100001000010011010010000100000
000100011000100110100001000010011010010000100000
000100011000100110100001000010011010010000100000
000100011000100110100001000010011010010000100000
000100011000100110100001000010011010010000100000
000100011000100110100001000010011010010000100000
000100011000100110100001000010011010010000100000
000100011000100110100001000010011010010000100000
000100011000100110100001000010011010010000100000
000100011000100110100001000010011010010000100000
000100011000100110100001000010011010010000100000
000100011000100110100001000010011010010000100000
000100011000100110100001000010011010010000100000
000100011000100110100001000010011010010000100000
000100011000100110100001000010011010010000100000
000100011000100110100001000010011010010000100000
000100011000100110100001000010011010010000100000
000100011000100110100001000010011010010000100000
000100011000100110100001000010011010010000100000
000100011000100110100001000010011010010000100000
000100011000100110100001000010011010010000100000
000100011000100110100001000010011010010000100000
000100011000100110100001000010011010010000100000
000100011000100110100001000010011010010000100000
000100011000100110100001000010011010010000100000
000100011000100110100001000010011010010000100000
000100011000100110100001000010011010010000100000
000100011000100110100001000010011010010000100000
000100011000100110100001000010011010010000100000
000100011000100110100001000010011010010000100000
000100011000100110100001000010011010010000100000
000100011000100110100001000010011010010000100000
000100011000100110100001000010011010010000100000
000100011000100110100001000010011010010000100000
000100011000100110100001000010011010010000100000
000100011000100110100001000010011010010000100000
000100011000100110100001000010011010010000100000
000100011000100110100001000010011010010000100000
000100011000100110100001000010011010010000100000
000100011000100110100001000010011010010000100000
000100011000100110100001000010011010010000100000
000100011000100110100001000010011010010000100000
000100011000100110100001000010011010010000100000
000100011000100110100001000010011010010000100000
000100011000100110100001000010011010010000100000
000100011000100110100001000010011010010000100000
000100011000100110100001000010011010010000100000
000100011000100110100001000010011010010000100000
000100011000100110100001000010011010010000100000
000100011000100110100001000010011010010000100000
000100011000100110100001000010011010010000100000
000010011000100110101101000010011010000000100000
001010011000100100101001000000011010010000100000
001010011000100110100001000010011010000000100000
000110011000100100100101000000011010010000000000
001000011000100110000001000000011010010000100000
000000011000100100100001010000011010000010000000
001000111000100110001001000010011010000000000000
001000011000100110101001000010011010000000100000
000000011000100110001101000010011010010000100000
000000011000100100000011010000011010000000000000
000100011000100110100101000010011010000000000000
001010011000100110001001000010011010010000000000
000100011000100110101001000010011010010000100000
000100011000100110101001000010011010010000100000
000100011000100110101001000010011010010000100000
000100011000100110101001000010011010010000100000
000100011000100110101001000010011010010000100000
000100011000100110000001000010011010000010100000
000100011000100110000001000010011010000010100000
000100011000100110000001000010011010000010100000
001000111000100110000001000010011010000000100000
001000111000100110000001000010011010000000100000
001100111000100100100001000000011010000000000000
001000111000100110100001000010011010000000000000
001000111000100110100001000010011010000000000000
001000011000100100100001000000011010000010100000
000000011000100110100101000010011010010000100000
001010011000100110101001000010011010000000100000
001010011000100110101001000010011010000000100000
001010011000100110101001000010011010000000100000
000100011100100110101001000010011010010000100000
000010011000100110001001000010011010010000101000
000000011000100110100001000010011010010010100000
000110011000100110101001000010011010010000100000
000110011000100110101001000010011010010000100000
000110011000100110101001000010011010010000100000
000010011000100110001001000010011010010010100000
000100011000100110100101000000011010000000100000
001000111000100110001001000010011011000000000000
000010011000100110100101000010011010010000100000
001000011000100110001001000010011010010000100000
001100011000100110000001000010011010000000100000
101010011000100110101001100010011010000000000000
001100011000100100101001000000011010010000000000
000100011000100110001001000010011010000010100000
001000111000100110101001000010011010000000000000
000000011000100110101101000010011010010000100000
000000011000100110100101000010011010000010000000
001010011000100110001001000010011010010000100000
001000011000100110100001000010011010010000100000
001010011000100110101001000010011010010000000000
001000011000100100000001010000011010010000000000
001000011100100110100001000010011010010000100000
001000111000100110001001000000011010010000000000
001010011000100110100001000010011010010000100000
000010011000100110101001010010011010000001100000
001010111000100110100001000010011010000000100000
000000011000100110101001000010011010001000101000
001000111000100110100001000000011010010000000000
001000111000100110100001000000011010010000000000
001000011000100110101001000010011010010000100000
001110011000100110001001000010011010000000100000
001000011000100110100001000010011011010000100000
000100011000100110000011000000011010010000000000
001000011000100110100001000010011010000010000000
001000111000100110101001000010011010000000100000
000110011000100110100001000010011010000000110000
001000111000100110000001000010011010010000100000
101000011000100110101001100010011010010000000000
001010111000100110101001000010011010000000100000
001010111000100110101001000010011010000000100000
001000011000100110100001000000011010000000101000
000110011100100110101001000010011010000000101000
000000011000100110101011000010011010010000100000
001010111000100110000001000010011010010000100000
001000011000100110000101000010011010010000000000
101010111100100110101001000010011010000000100000
101010011000100110001001100010011010010000100000
001100011000100110000001000010011010010000100000
001000011000100110100101000010011010000000100000
001000111000100110101001000010011011000000100000
000100011000100110100001000000011010010010100000
001000111000100110100001000000011010010000100000
001100011000100100100001000000011010000010100000
000100011000100110100101000010011010010000100000
000000011000100110000101000010011010010010100000
000100011000100110100101000010011010010000100000
000100011000100110100101000010011010010000100000
000100011000100110100101000010011010010000100000
000000011000100110100101000010011010010010000000
001010011000100110101001000010011010000010000000
001000011000100110000011000010011010000000100000
001010011000100110100101000010011010000000100000
001000011000100110100001010010011010000000000000
000000011000100110101011000010011010000000001000
000100011000100110100001000010011010010010100000
000000011000100110000111000010011010010000000000
001000111000100110100001000010011010010000100000
001000111000100110100001000010011010010000100000
001000111000100110100001000010011010010000100000
001000111000100110100001000010011010010000100000
000100011000100110101001000010011010010000010000
001110111000100110000001000010011010000000100000
000000011000100110000011010000011010000000100000
001010011000100110100001000010011010000010100000
101000011000100110101001100010011010010000100000
000000011000100110101101010000011010000000100000
101010011000100110101001100010011010010000100000
101010011000100110101001100010011010010000100000
101010011000100110101001100010011010010000100000
101010011000100110101001100010011010010000100000
101010011000100110101001100010011010010000100000
101010011000100110101001100010011010010000100000
101010011000100110101001100010011010010000100000
101010011000100110101001100010011010010000100000
101010011000100110101001100010011010010000100000
101010011000100110101001100010011010010000100000
101010011000100110101001100010011010010000100000
101010011000100110101001100010011010010000100000
101010011000100110101001100010011010010000100000
101010011000100110101001100010011010010000100000
101010011000100110101001100010011010010000100000
101010011000100110101001100010011010010000100000
101010011000100110101001100010011010010000100000
101010011000100110101001100010011010010000100000
101010011000100110101001100010011010010000100000
000100011000100110101001000010011010010000101000
001100011000100110100001000010011010010000100000
001100011000100110100001000010011010010000100000
001000111000100110100101000010011010000000000000
001000111000100110101001000010011010010000100000
001000111000100110101001000010011010010000100000
001000111000100110101001000010011010010000100000
001000111000100110101001000010011010010000100000
001000111000100110101001000010011010010000100000
001000111000100110101001000010011010010000100000
001000111000100110101001000010011010010000100000
001000111000100110101001000010011010010000100000
001000111000100110101001000010011010010000100000
001000111000100110101001000010011010010000100000
001000111000100110101001000010011010010000100000
001000111000100110101001000010011010010000100000
001000111000100110101001000010011010010000100000
001000111000100110101001000010011010010000100000
001000111000100110101001000010011010010000100000
001000111000100110101001000010011010010000100000
001000111000100110101001000010011010010000100000
001000111000100110101001000010011010010000100000
001000111000100110101001000010011010010000100000
001000111000100110101001000010011010010000100000
001000111000100110101001000010011010010000100000
001000111000100110101001000010011010010000100000
001000111000100110101001000010011010010000100000
001000111000100110101001000010011010010000100000
001000111000100110101001000010011010010000100000
001100111000100110100001000010011010000000100000
000000011000100110101101010010011010000000100000
000000011000100110100101000010011010010010100000
001000011000100110000001000000111010010000100000
101010011000100110101001000010011010000010100000
000100011000100100100001010000011010010000001000
001000111000100100100001000000011010010010100000
001110111000100110100001000010011010000000100000
001110111000100110100001000010011010000000100000
001110111000100110100001000010011010000000100000
011000011000100110100001000010011011010000100000
001100011000100110101001000010011010010000100000
000000011000100110000011010010011010010000000000
000100011001100110100001000010011110010000100000
001110111000100110101001000000011010000000100000
001100111000100110101001000010011010000000100000
001000111000100110000001000010011010011000100000
101000111000100110100001100010011010010000100000
000000011000100110001011000000011010010010100000
000100011000100110000011000000011010000010100000
101010111000100110101001100010011010010000000000
001000111000100110100101000010011010000000100000
001100111000100110100001000010011010010000000000
001110011000100110101001000010011010010000100000
001110011000100110101001000010011010010000100000
001110011000100110101001000010011010010000100000
001000111010100110101001000000011011010000100000
001100011000100100000011000000011010010000100000
001000111000100110100001000010011010000010100000
001000011000100110000011000010011010010000100000
001110111000100110101001000010011010000000100000
001000011000100110100001010010011010010000000000
000100011001100110000101000010011110000000100000
000000011000100110100111000010011010010000100000
001100011000100110100001010000011010000000000000
101000111000100110101001100010011010010000100000
001100111000100110100001000000011010010000100000
101100111000100110000001000010011010000000001000
000000011000100110100011000010011010010010100000
000000011000100110100011000010011010010010100000
101010011000100110101001100010011010000010100000
001100011000100110100001000010011010000010100000
001000111000100110000101000010011010010000100000
001000011000100110100001010000011010010000100000
001010011000100110101101000010011010010000100000
101010111000100110101001100010011010010000100000
101010111000100110101001100010011010010000100000
001100111000100110100001000010011010010000100000
001100111000100110100001000010011010010000100000
001100111000100110100001000010011010010000100000
001100111000100110100001000010011010010000100000
001100111000100110100001000010011010010000100000
001100111000100110100001000010011010010000100000
001100111000100110100001000010011010010000100000
001100111000100110100001000010011010010000100000
001100111000100110100001000010011010010000100000
001100111000100110100001000010011010010000100000
001100111000100110100001000010011010010000100000
001100111000100110100001000010011010010000100000
001100111000100110100001000010011010010000100000
001100111000100110100001000010011010010000100000
001100111000100110100001000010011010010000100000
001100111000100110100001000010011010010000100000
001100111000100110100001000010011010010000100000
001100111000100110100001000010011010010000100000
001100111000100110100001000010011010010000100000
001100111000100110100001000010011010010000100000
001100111000100110100001000010011010010000100000
001100111000100110100001000010011010010000100000
001100111000100110100001000010011010010000100000
001100111000100110100001000010011010010000100000
001100111000100110100001000010011010010000100000
001100111000100110100001000010011010010000100000
001100111000100110100001000010011010010000100000
001100111000100110100001000010011010010000100000
001100111000100110100001000010011010010000100000
001100111000100110100001000010011010010000100000
001100111000100110100001000010011010010000100000
001100111000100110100001000010011010010000100000
001100111000100110100001000010011010010000100000
001100111000100110100001000010011010010000100000
001100111000100110100001000010011010010000100000
001100111000100110100001000010011010010000100000
001100111000100110100001000010011010010000100000
001100111000100110100001000010011010010000100000
001100111000100110100001000010011010010000100000
001100111000100110100001000010011010010000100000
001100111000100110100001000010011010010000100000
001100111000100110100001000010011010010000100000
001100111000100110100001000010011010010000100000
001100111000100110100001000010011010010000100000
001100111000100110100001000010011010010000100000
001100111000100110100001000010011010010000100000
001100111000100110100001000010011010010000100000
001100111000100110100001000010011010010000100000
001100111000100110100001000010011010010000100000
001100111000100110100001000010011010010000100000
001100111000100110100001000010011010010000100000
001100111000100110100001000010011010010000100000
001100111000100110100001000010011010010000100000
001100111000100110100001000010011010010000100000
001100111000100110100001000010011010010000100000
001100111000100110100001000010011010010000100000
001100111000100110100001000010011010010000100000
001100111000100110100001000010011010010000100000
001100111000100110100001000010011010010000100000
001100111000100110100001000010011010010000100000
001100111000100110100001000010011010010000100000
001100111000100110100001000010011010010000100000
001100111000100110100001000010011010010000100000
001100111000100110100001000010011010010000100000
001100111000100110100001000010011010010000100000
001100111000100110100001000010011010010000100000
001100111000100110100001000010011010010000100000
001100111000100110100001000010011010010000100000
001100111000100110100001000010011010010000100000
001100111000100110100001000010011010010000100000
001100111000100110100001000010011010010000100000
001100111000100110100001000010011010010000100000
001100111000100110100001000010011010010000100000
001100111000100110100001000010011010010000100000
001100111000100110100001000010011010010000100000
001100111000100110100001000010011010010000100000
001100111000100110100001000010011010010000100000
001100111000100110100001000010011010010000100000
001100111000100110100001000010011010010000100000
001100111000100110100001000010011010010000100000
001100111000100110100001000010011010010000100000
001100111000100110100001000010011010010000100000
001100111000100110100001000010011010010000100000
001100111000100110100001000010011010010000100000
001100111000100110100001000010011010010000100000
001100111000100110100001000010011010010000100000
001100111000100110100001000010011010010000100000
001100111000100110100001000010011010010000100000
001100111000100110100001000010011010010000100000
001100111000100110100001000010011010010000100000
001100111000100110100001000010011010010000100000
001100111000100110100001000010011010010000100000
001100111000100110100001000010011010010000100000
001100111000100110100001000010011010010000100000
001100111000100110100001000010011010010000100000
001100111000100110100001000010011010010000100000
001100111000100110100001000010011010010000100000
001100111000100110100001000010011010010000100000
001100111000100110100001000010011010010000100000
001100111000100110100001000010011010010000100000
001100111000100110100001000010011010010000100000
001100111000100110100001000010011010010000100000
001100111000100110100001000010011010010000100000
001100111000100110100001000010011010010000100000
001100111000100110100001000010011010010000100000
001100111000100110100001000010011010010000100000
001100111000100110100001000010011010010000100000
001100111000100110100001000010011010010000100000
001100111000100110100001000010011010010000100000
001100111000100110100001000010011010010000100000
001100111000100110100001000010011010010000100000
001100111000100110100001000010011010010000100000
001100111000100110100001000010011010010000100000
001100111000100110100001000010011010010000100000
001100011000100110001001000010111010000000100000
000100011000100110100101010010011010000000100000
000000011000100110100101010010011010000010000000
001000011000100110100001010010011010010000100000
001100011000100110100001000010011011010000100001
101100111000100110101001100010011010000000100000
000000011000100110101001010010011010010010100000
001110111000100110100001000010011010010000100000
001100111000100110000101000010011010000000100000
000110011000100110100111000010011010000000100000
000100011000101110100001010010011010010000100000
001000111000100110100001000010111010010000000000
000100011000100110100101000010011010010010100000
001000111000100110100101000010011010010000100000
101010111010100110001101100010011011000000000000
001000011000100110000011000010011010000010100000
101000111010100110101001100010011011010000100000
001100011000100100100011000000011010000010000000
001000111000100110100001000010011010010010100000
001110111000100110101001000010011010010000100000
101100011000100100100001100000111010010000100000
001100111000100110100101000000011010000000100000
001010111000100110100101000010011010010000100000
001100011000100110100101000010011010010000100000
001100011000100110100101000010011010010000100000
001100011000100110100101000010011010010000100000
001000011000100110000101000010011010010010100000
001100011000100110100101000010011010010000100000
001000011000100110100111000000011010000000100000
001100111000100110100001000010111010000000000000
101100111000100110100001100010011010010000100000
101100111000100110100001100010011010010000100000
101100111000100110100001100010011010010000100000
101100111000100110100001100010011010010000100000
101100111000100110100001100010011010010000100000
101100111000100110100001100010011010010000100000
101100111000100110100001100010011010010000100000
101100111000100110100001100010011010010000100000
101100111000100110100001100010011010010000100000
101100111000100110100001100010011010010000100000
101100111000100110100001100010011010010000100000
101100111000100110100001100010011010010000100000
101100111000100110100001100010011010010000100000
101100111000100110100001100010011010010000100000
101100111000100110100001100010011010010000100000
101100111000100110100001100010011010010000100000
101100111000100110100001100010011010010000100000
000000011000100110000011010010011010000010100000
001100111000100110100101000010011010000000100000
001110011000100110001001000010011010010010100000
000100011000100110000111000010011010000010000000
001000111000100110000111000010011010000000000000
101000111000100110100101100000011010010000100000
001110111000100110100101000010011010000000100000
001100111000100110000101000000011010010000100000
101010111000100110101001000010011010010000101000
101110111000100110001101100010011010000000000000
111000111000100110100001100010011011010000100000
001010011000100110100111000010011010000000100000
001000111000100110100001010010011010010000100000
000000011000100110100111010010011010000000100000
001000011000100110100101000010011010010010100000
001000011000100110100101000010011010010010100000
001000011000100110000011000010111010010000000000
001100111000100110000001000010011010010010100000
001000011000100110100001010010111010000000100000
000000011000100110100101010000011010010010100000
001000011000100110000011000010011010010010100000
001000011000100110100001000000111010010010100000
001100011000100110000101000010011010010010000000
101100111000100110100101100010011010000000100000
001100011000100110100001000010111011010000100000
000000011000100110100101010010011010010010100000
001110111000100110100001000010011010010010000000
111000011000100110100101100000011011010000100000
001100011000100110100101000010011010000010100000
011100111000100110100001000010011011010000100000
011100111000100110100001000010011011010000100000
001100011000100110100101010010011010000000000000
001100111000100110100101000010011010010000100000
001100111000100110100101000010011010010000100000
001100111000100110100101000010011010010000100000
001000111000100110100101000010011010010010000000
001000111000100110100011000010111010000000000000
001000111000100110100101000000111010010000000000
001010111000100110000101000010011010010010100000
001110111000100110100101000010011010010000100000
001100011000100110100101000010111010000000100000
001100111000100110100001010010011010010000000000
001100011000100110000101000010011010010010100000
001100011000100110100001000010111010000010100000
001100011000100110100101000010011010010010000000
001100111000100110101101000010011010010000100000
101010111000100110101001100010111010010000100000
001100011000100110100011000010111010000000000000
001100111000100110101001000010011010010010100000
101010111000100110101101000010011010011000100000
001000111000100110100101000010011010010010100000
001000111000100110100101000010011010010010100000
001000111000100110100101000010011010010010100000
001100011000100110100011000010011010000010100000
001000111000100110100001010010111010000000100000
111100111000100110100001100010011011010000100000
111100111000100110100001100010011011010000100000
111100111000100110100001100010011011010000100000
001000111000100110000001010010011010010010100000
001000011000100100000111010000011010010000100000
001100111000100110100011000010011010010000100000
001000111000100110100001010010011010010010000000
001010111000100110101111000010011010000000100000
001100011000100110100001000010111010010010000000
000100011000100110100111010010011010000000100000
001100111001100110100001000010011110010000100000
001100011000100110100101000010011010010010100000
001100011000100110100101000010011010010010100000
001100111000100110000111000010011010000000100000
001100111000100100000011000000011010010010000001
001100111000100110100111000010011010000000000000
000100011000100110100101010010011010010010100000
001100011000100110100101000010111010010000100000
001000111000100110100001010010011010010010100000
001100111000100110100001000010111010000000101000
001110111000100110100101000000011010010010000000
001100111000100110100101000010011010010010000000
001100011000100110100101010010011010010000100000
001000111000100110100001010010011010010000110000
001100011000100110100111000010011010010000100000
001100011000100100100011000000111010000010100000
000100011000100110100001000011011010010010110100
001100011000100110000011000000111010000010000000
001000011000100110100101010000011010010010100000
001000111000100110100101000010111010000010100000
001100111000100110100101000010011010010000101000
101010111000100110101101000010011011001010100000
001100111000100110000001010010111010010000000000
001100111000100110100101000010011010010010100000
001100111000100110100101000010011010010010100000
111110111000100110100101000010011011010000100000
001100111000100110100101000010011010010010100000
001110111000100100100101000000111010000010100000
001100111000100110100011000010111010000000100000
001000011000100110100111000010011010010010100000
001000011000100110100111000010011010010010100000
001100111000100110100001010010011010010010000000
001100011000100110000101010010111010000000100000
001100111000100110100001000010011010010010110000
000000011000100110100111010010011010010010100000
000000011000100110100111010010011010010010100000
001000111000100100100111000000111010000010000000
001100111000100110100111000010011010010000100000
001110111000100110100001000010111010010010100000
001100011000100110100101000010111010010010000000
001000111000100110100111000010011010010010000000
001010111000100110100111000010111010000000100000
001100111000100110100011000010011010010010100000
101100111000100110100101100010011010010010100000
101100111000100110100101100010011010010010100000
001110111000100110100111000010011010010000100000
001100111000100110100001010000111010010000100000
001100111000100100100101000000111010010010100000
001100011000100110000101010010011010010010100000
001100011000100110100001010010111010000010100000
001100011000100110100101010010011010010010000000
101000111000100110000111110010011010000000100000
001100111000100110100101000000111010000010100000
001100111001100110100001000010111110010000100000
001100111000100110000111000010011010000000110000
001100011000100110000111000010111010010000100000
001000011000100110000101010010111010010010000000
001000111000100110100111010010011010010000000000
001100111000100110100011010010011010010000100000
000100011000100110100101000011011010010010110100
001100011000100110100101010010011010010010100000
001100011000100110100101010010011010010010100000
001100011000100110100111000010011010010010100000
001100011000100110100111000010011010010010100000
001100111000100110100011000010111010000010000000
001100011000100110000111010010011010010000100000
001100011100100110100101010010011010010010100000
001100111000100110100111000010011010000010100000
001100111000100110100101000010011010010010101000
001000111000100110000111000010111010000010100000
001100111000100110100111000010011011000010100000
001100111000100110000111000010011010010010100000
001100111000100110100111000010011010010010000000
001000011000100110000111010010011010010010100000
001000111000100110000111010010011010000010100000
001100111000100110100101000010111010010010100000
001100111000100110100101000010111010010010100000
001100111000100110000111000010111010010000100000
001100011000100100100101010000111010010010100000
001000111000100110000011010000111010000010100000
001100111000100110100001010010111010010010000000
001100111000100110100011000010111010010010000000
001000111000100110000111010010111010000000100000
001100111000100110000111000000111010000010000000
001100111000100110101111010010011010000000100000
001100111000100110101101000010111010010010100000
001000011000100110100111010010011010010010100000
001100111000100110100111000000111010010000100000
001100011000100110100111000010111010000010100000
001100111000100110100011000000111010010010100000
001100111000100110100011000010011010010010110000
001100111000100110100101010010111010010000100000
001100111000100110100111000010111010010000100000
001100111000100110100111000010111010010000100000
001100111000100110101111000010011010010010100000
001100111000100110100011000010111010010010100000
001100111000100110001011010010011010010010100000
001100111000100110001101010010011010011010000000
101100111000100110100101110010011010010010100000
001000111000101110100011010010111010010000100000
001100111000100110101001010010111010010010100000
101000011000100110100111110010011010010010100000
001000111000100110100101010010111010010010100000
001000111000100110100111000010111010010010100000
001100011000100110100011010010111010000010100000
001100011000100110100111010010011010010010000000
001100111000100110000111010010011010000010100000
001100111000100110100011010010111010010000100000
001010111000100110100111000010111010010010100000
001100011000100110100101010010111010010010100000
001100011000100110100111000010111010010010100000
101100111000100110100011100010111010010010100000
001000111000100110101111000010111010010010100000
001100011000100110100011000000111010010010110000
001100011000100110100111010010111010010000000000
101000111000100110000111110010011010010010100000
001100011000100110100111010010011010010010100000
001100011000100110100111010010011010010010100000
001000111000100110100111010010111010010000100000
011000111000100110100101010010111011000010100000
001100111000100100100011010000111010010010100000
001100111000100110000101010010111010010010100000
001100111000100110000001010010111010010010101000
001100111000100110100011010000111010000010100000
001100111000100110100111010010111010000000100000
101000111000100110100111110010011010010010100000
001100111000100110000111010010011010010010100000
001100111000100110100011010010111010000010100000
011100111000100110100101010010111011010000100000
001100111000100110100101010010111010010010100000
001100111000100110100101010010111010010010100000
001100111000100110100101010010111010010010100000
001100111000100110100101010010111010010010100000
001100111000100110100101010010111010010010100000
001100111000100110100101010010111010010010100000
001100111000100110100101010010111010010010100000
001100111000100110100101010010111010010010100000
001100111000100110100011010000111010010010000000
001100111000100110100111010000011010010010100000
001100111000100110100111010000011010010010100000
001000111000100110100111010010111010000010100000
001110111000100110100111000010111010010010100000
001100111000100110100111010010011010010010100000
001100111000100110101101010010111010010010100000
001100111000100110101111000010111010010010100000
001100011000100110100111010010111010000010100000
001000111000100110100111010000011010010010101000
001100111000100110101111010010011010010010100000
001000111000100110100111010010111010010010000000
001000111000100110100111010010111010010010000000
001100111000100110100011010010111010010010100000
001100011000100110000111010010111010010010100000
001100011000100110000111010010111010010010100000
001110111000100110100011010010111010010010100000
001110111000100110100011010010111010010010100000
001000111000100110100111010000111010010010100000
001000111000100110100111010000111010010010100000
001000111000100110100111010000111010010010100000
001100111000100110101111010010011010000010001000
101100111000100110100111110010011010010010100000
001100111000100110101011010010111010010010100000
001000111000100110100111010010111010010010100000
001110111000100110101111010010111010010000100000
001000111000100110100111010010111010010010100000
001000111000100110100011010010111010010010101000
001100111000100110101111000010111010000010101000
001100111000100110101111010010111010000010000000
001100011000100110100111010010111010010010100000
001100111000100110100111010010111010000010100000
001100111000100110100111010010111010000010100000
001100111000100110000111010000111010010010100000
001100111000100110000111010000111010010010100000
001100111000100110100101010010111010010010101000
001100111000100110100111000010111010010010101000
001000111001100110100111010010111110010000100000
101000111000100110100111110010111010010010100000
001100111000100110000111010010111010010010100000
001100111000100110000111010010111010010010100000
011100111000100110100111010010011011010010100000
001100111000100110100111010010111010010010000000
001100111000100110100111010010111010010010000000
001100111000100110100111010010111010010010000000
001100111000100110100111000010111010010010110000
001110111000100110100111010010111010010010000000
001100111000100110100111010000111010010010100000
001100111000100110100011010000111010010010101000
111100111000100110100111100010111011010010100000
001100111000100110100111010010111010010010100000
001100111000100110100111010010111010010010100000
001100111000100110100111010010111010010010100000
001100111000100110100111010010111010010010100000
001100111000100110100111010010111010010010100000
001100111000100110100111010010111010010010100000
001100111000100110100111010010111010010010100000
001100111000100110100111010010111010010010100000
001100111000100110100111010010111010010010100000
001100111000100110100111010010111010010010100000
001100111000100110100111010010111010010010100000
001100111000100110100111010010111010010010100000
001100111000100110100111010010111010010010100000
001100111000100110100111010010111010010010100000
001100111000100110100111010010111010010010100000
001100111000100110100111010010111010010010100000
001100111000100110100111010010111010010010100000
001100111000100110100111010010111010010010100000
001100111000100110100111010010111010010010100000
001100111000100110100111010010111010010010100000
001100111000100110100111010010111010010010100000
001100111000100110100111010010111010010010100000
001100111000100110100111010010111010010010100000
001100111000100110100111010010111010010010100000
001100111000100110100111010010111010010010100000
001100111000100110100111010010111010010010100000
001100111000100110100111010010111010010010100000
001100111000100110100111010010111010010010100000
001100111000100110100111010010111010010010100000
001100111000100110100111010010111010010010100000
001100111000100110100111010010111010010010100000
001100111000100110100111010010111010010010100000
001100111000100110100111010010111010010010100000
001100111000100110100111010010111010010010100000
001100111000100110100111010010111010010010100000
001100111000100110100111010010111010010010100000
001100111000100110100111010010111010010010100000
001100111000100110100111010010111010010010100000
001100111000100110100111010010111010010010100000
001100111000100110100111010010111010010010100000
001100111000100110100111010010111010010010100000
001100111000100110100111010010111010010010100000
001100111000100110100111010010111010010010100000
001100111000100110100111010010111010010010100000
001100111000100110100111010010111010010010100000
001100111000100110100111010010111010010010100000
001100111000100110100111010010111010010010100000
001100111000100110100111010010111010010010100000
001100111000100110100111010010111010010010100000
001100111000100110100111010010111010010010100000
001100111000100110100111010010111010010010100000
001100111000100110100111010010111010010010100000
001100111000100110100111010010111010010010100000
001100111000100110100111010010111010010010100000
001100111000100110100111010010111010010010100000
001100111000100110100111010010111010010010100000
001100111000100110100111010010111010010010100000
001100111000100110100111010010111010010010100000
001100111000100110100111010010111010010010100000
001100111000100110100111010010111010010010100000
001100111000100110100111010010111010010010100000
001100111000100110100111010010111010010010100000
001100111000100110100111010010111010010010100000
001100111000100110100111010010111010010010100000
001100111000100110100111010010111010010010100000
001100111000100110100111010010111010010010100000
001100111000100110100111010010111010010010100000
001100111000100110100111010010111010010010100000
001100111000100110100111010010111010010010100000
001100111000100110100111010010111010010010100000
001100111000100110100111010010111010010010100000
001100111000100110100111010010111010010010100000
001100111000100110100111010010111010010010100000
001100111000100110100111010010111010010010100000
001100111000100110100111010010111010010010100000
001100111000100110100111010010111010010010100000
001100111000100110100111010010111010010010100000
001100111000100110100111010010111010010010100000
001100111000100110100111010010111010010010100000
001100111000100110100111010010111010010010100000
001100111000100110100111010010111010010010100000
001100111000100110100111010010111010010010100000
001100111000100110100111010010111010010010100000
001100111000100110100111010010111010010010100000
001100111000100110100111010010111010010010100000
001100111000100110100111010010111010010010100000
001100111000100110100111010010111010010010100000
001100111000100110100111010010111010010010100000
001100111000100110100111010010111010010010100000
001100111000100110100111010010111010010010100000
001100111000100110100111010010111010010010100000
001100111000100110100111010010111010010010100000
001100111000100110100111010010111010010010100000
001100111000100110100111010010111010010010100000
001100111000100110100111010010111010010010100000
001100111000100110100111010010111010010010100000
001100111000100110100111010010111010010010100000
001100111000100110100111010010111010010010100000
001100111000100110100111010010111010010010100000
001100111000100110100111010010111010010010100000
001100111000100110100111010010111010010010100000
001100111000100110100111010010111010010010100000
001100111000100110100111010010111010010010100000
001100111000100110100111010010111010010010100000
001100111000100110100111010010111010010010100000
001100111000100110100111010010111010010010100000
001100111000100110100111010010111010010010100000
001100111000100110100111010010111010010010100000
001100111000100110100111010010111010010010100000
001100111000100110100111010010111010010010100000
001100111000100110100111010010111010010010100000
001100111000100110100111010010111010010010100000
001100111000100110100111010010111010010010100000
001100111000100110100111010010111010010010100000
001100111000100110100111010010111010010010100000
001100111000100110100111010010111010010010100000
001100111000100110100111010010111010010010100000
001100111000100110100111010010111010010010100000
001100111000100110100111010010111010010010100000
001100111000100110100111010010111010010010100000
001100111000100110100111010010111010010010100000
001100111000100110100111010010111010010010100000
001100111000100110100111010010111010010010100000
001100111000100110100111010010111010010010100000
001100111000100110100111010010111010010010100000
001100111000100110100111010010111010010010100000
001100111000100110100111010010111010010010100000
001100111000100110100111010010111010010010100000
001100111000100110100111010010111010010010100000
001100111000100110100111010010111010010010100000
001100111000100110100111010010111010010010100000
001100111000100110100111010010111010010010100000
001100111000100110100111010010111010010010100000
001100111000100110100111010010111010010010100000
001100111000100110100111010010111010010010100000
001100111000100110100111010010111010010010100000
001100111000100110100111010010111010010010100000
001100111000100110100111010010111010010010100000
001100111000100110100111010010111010010010100000
001100111000100110100111010010111010010010100000
001100111000100110100111010010111010010010100000
001100111000100110100111010010111010010010100000
001100111000100110100111010010111010010010100000
001100111000100110100111010010111010010010100000
001100111000100110100111010010111010010010100000
001100111000100110100111010010111010010010100000
001100111000100110100111010010111010010010100000
001100111000100110100111010010111010010010100000
001100111000100110100111010010111010010010100000
001100111000100110100111010010111010010010100000
001100111000100110100111010010111010010010100000
001100111000100110100111010010111010010010100000
001100111000100110100111010010111010010010100000
001100111000100110100111010010111010010010100000
001100111000100110100111010010111010010010100000
001100111000100110100111010010111010010010100000
001100111000100110100111010010111010010010100000
001100111000100110100111010010111010010010100000
001100111000100110100111010010111010010010100000
001100111000100110100111010010111010010010100000
001100111000100110100111010010111010010010100000
001100111000100110100111010010111010010010100000
001100111000100110100111010010111010010010100000
001100111000100110100111010010111010010010100000
001100111000100110100111010010111010010010100000
001100111000100110100111010010111010010010100000
001100111000100110100111010010111010010010100000
001100111000100110100111010010111010010010100000
001100111000100110100111010010111010010010100000
001100111000100110100111010010111010010010100000
001100111000100110100111010010111010010010100000
001100111000100110100111010010111010010010100000
001100111000100110100111010010111010010010100000
001100111000100110100111010010111010010010100000
001100111000100110100111010010111010010010100000
001100111000100110100111010010111010010010100000
001100111000100110100111010010111010010010100000
001100111000100110100111010010111010010010100000
001100111000100110100111010010111010010010100000
001100111000100110100111010010111010010010100000
001100111000100110100111010010111010010010100000
001100111000100110100111010010111010010010100000
001100111000100110100111010010111010010010100000
001100111000100110100111010010111010010010100000
001100111000100110100111010010111010010010100000
001100111000100110100111010010111010010010100000
001100111000100110100111010010111010010010100000
001100111000100110100111010010111010010010100000
001100111000100110100111010010111010010010100000
001100111000100110100111010010111010010010100000
001100111000100110100111010010111010010010100000
001100111000100110100111010010111010010010100000
001100111000100110100111010010111010010010100000
001100111000100110100111010010111010010010100000
001100111000100110100111010010111010010010100000
001100111000100110100111010010111010010010100000
001100111000100110100111010010111010010010100000
001100111000100110100111010010111010010010100000
001100111000100110100111010010111010010010100000
001100111000100110100111010010111010010010100000
001100111000100110100111010010111010010010100000
001100111000100110100111010010111010010010100000
001100111000100110100111010010111010010010100000
001100111000100110100111010010111010010010100000
001100111000100110100111010010111010010010100000
001100111000100110100111010010111010010010100000
001100111000100110100111010010111010010010100000
001100111000100110100111010010111010010010100000
001100111000100110100111010010111010010010100000
001100111000100110100111010010111010010010100000
001100111000100110100111010010111010010010100000
001100111000100110100111010010111010010010100000
001100111000100110100111010010111010010010100000
001100111000100110100111010010111010010010100000
001100111000100110100111010010111010010010100000
001100111000100110100111010010111010010010100000
001100111000100110100111010010111010010010100000
001100111000100110100111010010111010010010100000
001100111000100110100111010010111010010010100000
001100111000100110100111010010111010010010100000
001100111000100110100111010010111010010010100000
001100111000100110100111010010111010010010100000
001100111000100110100111010010111010010010100000
001100111000100110100111010010111010010010100000
001100111000100110100111010010111010010010100000
001100111000100110100111010010111010010010100000
001100111000100110100111010010111010010010100000
001100111000100110100111010010111010010010100000
001100111000100110100111010010111010010010100000
001100111000100110100111010010111010010010100000
001100111000100110100111010010111010010010100000
001100111000100110100111010010111010010010100000
001100111000100110100111010010111010010010100000
001100111000100110100111010010111010010010100000
001100111000100110100111010010111010010010100000
001100111000100110100111010010111010010010100000
001100111000100110100111010010111010010010100000
001100111000100110100111010010111010010010100000
001100111000100110100111010010111010010010100000
001100111000100110100111010010111010010010100000
001100111000100110100111010010111010010010100000
001100111000100110100111010010111010010010100000
001100111000100110100111010010111010010010100000
001100111000100110100111010010111010010010100000
001100111000100110100111010010111010010010100000
001100111000100110100111010010111010010010100000
001100111000100110100111010010111010010010100000
001100111000100110100111010010111010010010100000
001100111000100110100111010010111010010010100000
001100111000100110100111010010111010010010100000
001100111000100110100111010010111010010010100000
001100111000100110100111010010111010010010100000
001100111000100110100111010010111010010010100000
001100111000100110100111010010111010010010100000
001100111000100110100111010010111010010010100000
001100111000100110100111010010111010010010100000
001100111000100110100111010010111010010010100000
001100111000100110100111010010111010010010100000
001100111000100110100111010010111010010010100000
001100111000100110100111010010111010010010100000
001100111000100110100111010010111010010010100000
001100111000100110100111010010111010010010100000
001100111000100110100111010010111010010010100000
001100111000100110100111010010111010010010100000
001100111000100110100111010010111010010010100000
001100111000100110100111010010111010010010100000
001100111000100110100111010010111010010010100000
001100111000100110100111010010111010010010100000
001100111000100110100111010010111010010010100000
001100111000100110100111010010111010010010100000
001100111000100110100111010010111010010010100000
001100111000100110100111010010111010010010100000
001100111000100110100111010010111010010010100000
001100111000100110100111010010111010010010100000
001100111000100110100111010010111010010010100000
001100111000100110100111010010111010010010100000
001100111000100110100111010010111010010010100000
001100111000100110100111010010111010010010100000
001100111000100110100111010010111010010010100000
001100111000100110100111010010111010010010100000
001100111000100110100111010010111010010010100000
001100111000100110100111010010111010010010100000
001100111000100110100111010010111010010010100000
001100111000100110100111010010111010010010100000
001100111000100110100111010010111010010010100000
001100111000100110100111010010111010010010100000
001100111000100110100111010010111010010010100000
001100111000100110100111010010111010010010100000
001100111000100110100111010010111010010010100000
001100111000100110100111010010111010010010100000
001100111000100110100111010010111010010010100000
001100111000100110100111010010111010010010100000
001100111000100110100111010010111010010010100000
001100111000100110100111010010111010010010100000
001100111000100110100111010010111010010010100000
001100111000100110100111010010111010010010100000
001100111000100110100111010010111010010010100000
001100111000100110100111010010111010010010100000
001100111000100110100111010010111010010010100000
001100111000100110100111010010111010010010100000
001100111000100110100111010010111010010010100000
001100111000100110100111010010111010010010100000
001100111000100110100111010010111010010010100000
001100111000100110100111010010111010010010100000
001100111000100110100111010010111010010010100000
001100111000100110100111010010111010010010100000
001100111000100110100111010010111010010010100000
001100111000100110100111010010111010010010100000
001100111000100110100111010010111010010010100000
001100111000100110100111010010111010010010100000
001100111000100110100111010010111010010010100000
001100111000100110100111010010111010010010100000
001100111000100110100111010010111010010010100000
001100111000100110100111010010111010010010100000
001100111000100110100111010010111010010010100000
001100111000100110100111010010111010010010100000
001100111000100110100111010010111010010010100000
001100111000100110100111010010111010010010100000
001100111000100110100111010010111010010010100000
001100111000100110100111010010111010010010100000
001100111000100110100111010010111010010010100000
001100111000100110100111010010111010010010100000
001100111000100110100111010010111010010010100000
001100111000100110100111010010111010010010100000
001100111000100110100111010010111010010010100000
001100111000100110100111010010111010010010100000
001100111000100110100111010010111010010010100000
001100111000100110100111010010111010010010100000
001100111000100110100111010010111010010010100000
001100111000100110100111010010111010010010100000
001100111000100110100111010010111010010010100000
001100111000100110100111010010111010010010100000
001100111000100110100111010010111010010010100000
001100111000100110100111010010111010010010100000
001100111000100110100111010010111010010010100000
001100111000100110100111010010111010010010100000
001100111000100110100111010010111010010010100000
001100111000100110100111010010111010010010100000
001100111000100110100111010010111010010010100000
001100111000100110100111010010111010010010100000
001100111000100110100111010010111010010010100000
001100111000100110100111010010111010010010100000
001100111000100110100111010010111010010010100000
001100111000100110100111010010111010010010100000
001100111000100110100111010010111010010010100000
001100111000100110100111010010111010010010100000
001100111000100110100111010010111010010010100000
001100111000100110100111010010111010010010100000
001100111000100110100111010010111010010010100000
001100111000100110100111010010111010010010100000
001100111000100110100111010010111010010010100000
001100111000100110100111010010111010010010100000
001100111000100110100111010010111010010010100000
001100111000100110100111010010111010010010100000
001100111000100110100111010010111010010010100000
001100111000100110100111010010111010010010100000
001100111000100110100111010010111010010010100000
001100111000100110100111010010111010010010100000
001100111000100110100111010010111010010010100000
001100111000100110100111010010111010010010100000
001100111000100110100111010010111010010010100000
001100111000100110100111010010111010010010100000
001100111000100110100111010010111010010010100000
001100111000100110100111010010111010010010100000
001100111000100110100111010010111010010010100000
001100111000100110100111010010111010010010100000
001100111000100110100111010010111010010010100000
001100111000100110100111010010111010010010100000
001100111000100110100111010010111010010010100000
001100111000100110100111010010111010010010100000
001100111000100110100111010010111010010010100000
001100111000100110100111010010111010010010100000
001100111000100110100111010010111010010010100000
001100111000100110100111010010111010010010100000
001100111000100110100111010010111010010010100000
001100111000100110100111010010111010010010100000
001100111000100110100111010010111010010010100000
001100111000100110100111010010111010010010100000
001100111000100110100111010010111010010010100000
001100111000100110100111010010111010010010100000
001100111000100110100111010010111010010010100000
001100111000100110100111010010111010010010100000
001100111000100110100111010010111010010010100000
001110111000100110101111010010111010010010000000
001100111000100110100011010010111010010010101000
001110111000100110100111010010111010010010100000
001100111000100110101111010010111010010000101000
001100111000100110101111010010111010010000101000
001100111000100110101111010010111010010010100000
001100111000100110101111010010111010010010100000
001100111000100110101111010010111010010010100000
001100111000100110101111010010111010010010100000
001100111000100110101111010010111010010010100000
001100111000100110101111010010111010010010100000
001100111000100110101111010010111010010010100000
001000111000100110100011010010111011011010101000
001000111000100110100111010010111010010010101000
101100111000100110101111110010111010010010000000
011100011000100110100111010010111011010010100000
101100111000100110100111110010111010010010100000
101100111000100110100111110010111010010010100000
101100111000100110100111110010111010010010100000
101100111000100110100111110010111010010010100000
101100111000100110100111110010111010010010100000
101100111000100110100111110010111010010010100000
101100111000100110100111110010111010010010100000
101100111000100110100111110010111010010010100000
101100111000100110100111110010111010010010100000
001100111000100110100111010010111010011010000000
001110111000100110100111010110111010010010100000
011100111000100110101111010010111011000010100000
001100111000100110100111010010111010000010110000
001100111000100110100111010000111010010010101000
001100111000100110100111010000111010010010101000
011100111000100110100111010010111011010010100000
011100111000100110100111010010111011010010100000
011100111000100110100111010010111011010010100000
011100111000100110100111010010111011010010100000
011100111000100110100111010010111011010010100000
011100111000100110100111010010111011010010100000
011100111000100110100111010010111011010010100000
011100111000100110100111010010111011010010100000
011100111000100110100111010010111011010010100000
011100111000100110100111010010111011010010100000
011100111000100110100111010010111011010010100000
001100111000100110100111010010111010010010101000
001100111000100110100111010010111010010010101000
001100111000100110100111010010111010010010101000
001100111000100110100111010010111010010010101000
001100111000100110100111010010111010010010101000
001100111000100110101111010010011010010010111000
001100111001100110000111010010111110010010100000
001100111000100110100111010010111010010010110000
001100111001100110100111010010111110010010000000
001100111000100110100011010010111010010010111000
101100111000100110100111100010111010010010111000
001100111000100110101111010010111010010010101000
001110111001100110000111010010111110010010100000
111100111000100110100111110010111011010010100000
001100111001100110100111010010111110010010100000
001100111001100110100111010010111110010010100000
001100111001100110100111010010111110010010100000
001100111001100110100111010010111110010010100000
001100111001100110100111010010111110010010100000
001100111001100110100111010010111110010010100000
001100111001100110100111010010111110010010100000
001100111001100110100111010010111110010010100000
001100111000100110101111010011011010010010110100
001100111001100110101111010010111110010010100000
011100111000100110100111010010111011010010101000
001100111000100110100111010011111010010010110100
001100111000100110100111010011111010010010110100
001100111000100110100111010011111010010010110100
