0001001000100000000011101100100000000000011001101100110001000011101101000100001001000000000000100000
0001001000100000000011101100100000000000011001101100110001000011101101000100001001000000000000100000
0001001000100000000011101100100000000000011001101100110001000011101101000100001001000000000000100000
0001001000100000000011101100100000000000011001101100110101000011101101000100001001000000000000100000
0001000000100000001001101100100100010000011010000100000101000010101101010100001001000000011000100000
0001000000100000001011101100100100010000011010000100000101000010101101010100001001000000011000100000
0001000000100000001011101100100100010000011010000100000101000010101101010100001001000000011000100000
0001000000100000001011101100100100010000011010000100000101000010101101010100001001000000011000100000
0001000000100000001011101100100100010000011010000100000101000010100110010100001001000000001100100000
0001000000100000001011101100100100010000011010000100001101000010110101010100001001000000011000100000
0001000000100000001011101100100100010000011010000100001101000010110101010100001001000000011000100000
0001000000100000001011101100100100010000011010000100000101000010101101010100001001000000011100101000
0001001001100000001011101100100000000000011001101100110011000010110101010100001001000000100000100000
0001001000100000001001101100100100010000011011001100010001000010101101010100001001100000011000100000
0001001000100000001011101100100100010000010000101101101101000010101101010100000001000000100000100000
0001001001100000001011101100100000000000011001101100110011000010110101010100001001000000011000100000
0001001000100000001011101100100100010000011011001100010001000010101101010100001001100000011000100000
0001001001101001001111101100100100010000011001101100100001000011101101001100001001000000000000100000
0001001000100000001011101100100100000000011011001101100101000010101101010100001001000000001100101000
0001001001101001001111101100100100010000011010000100000101000010101101010100001001000000011000100000
0001001000100000001101101100100100010000011011001101100101000010101101010100001001000000001100101000
0001001000100000001011101100100100010000011011001101100101000010101101010100001001000000001100101000
0001001000111001001101101100100100010000011011001100100101000010101101010100001001000000001100101000
0001000001101001001111101100000100010000011001001100001101000010110111010100001001000000001101100000
0001001000100000001011101100100100010000011011101001101101000010111101010100001001000000001100101000
0001001000111001001101101100100100010000011011001101100101000010101101010100001001000000101100100000
0001001000111001001101101100100100010000011011001101100101000010101101010100001001000000001100101000
0001001000111001001101101100100100010000011011001101100101000010101101010100001001000000001100101000
0001001000111001001101101100100100010000011011001101100101000010101101010100001001000000001100101000
0001001000111001001101101100100100010000011011001101100101000010101101010100001001000000001100101000
0001001000111001001101101100100100010000011011001101100101000010101101010100001001000000001100101000
0001001001101001001101101100100100010000011011001101100101000010101101010100001001000000001100101000
0001001001101001001101101100100100010000011011001101100101000010101101010100001001000000001100101000
0001001001101001001101101100100100010000011011001101100101000010101101010100001001000000001100101000
0011001001101001001101101100100100010000011011001101100101000010101101010100001001000000001100100000
0001001001101001001011111100100100010000011010001000010001000010111101010100001001000010001100101000
0011001001101001001101101100100100010000011010001101100101000010101101011100001001000000001100101000
0001001001101001001111101100100100010000011000101101010101000010110101010100001001000010011000100001
0011001001101001001101101100100100010000011010001101100101000010101101011100001001000000001100100001
0001001001101001011111101100100100010000011000101101101101000010110111011100001001000000101000100000
0001000001101001011111111100100100010000011011001101100101000010101101010100000001000000001100101000
0001001001101001011111110100100100010000011011001100000101100000100111010100000001000000101100100001
0001001001101001001111101100100100010000011001001100001101000010110111011101001001001000111000100000
0001001001101001001111101100100100010000011001001100001101000010110111011101001001001000111000100000
0001001001101001001111101100100100010000011001001100001101000010110111011101001001001000111000100000
0001001001101001001111101100100100010000011001001100001101000010110111011101001001001000111000100000
0001001001101001001111101100100100010000011001001100001101000010110111011101001001001000111000100000
0001001001101001011111111100100100010000011011001101100101000010101101010100001001000000001100101000
0001001001101001011111111100100100010000011011001101100101000010101101010100001001000000001100101000
0001001001101001011111111100100100010000011011001101100101000010101101010100001001000000001100101000
0001001001101001011111111100100100010000011011001101100101000010101101010100001001000000001100101000
0001001001101001011111111100100100010000011011001101100101000010101101010100001001000000001100101000
0001001001101001011111111100100100010000011011001101100101000010101101010100001001000000001100101000
0011001001101001001111111100100000010000010011001100010101110010110111010100001001000000101100100001
0011001001101001011111101100100100010000010011001101100101000101110111010100001001000000111100100000
0001001001101001011111111100100110010000010011001101100101000010101101010100001001000000001100101000
0001001001101001011111111100100100010000011011001100001101100101110111010100001001000000111100100000
0011001001101001001111111100100110010000011110001100010101000010110101011100001001100000101000100000
0001001001101001001111111100100100010000011010101100110001000010101101011100001001101010101100100000
0011001001101001011111111100100110010000011110001100010101000010110101010100000001000000101100100001
0001001001101001001111111100100100010000011010001100001101000010110111011101001001001000111100101000
0001001001101001011111101100100100010000011000101101101101000010110111011100001001101010101100100000
0001001001101001011111101100100100010000011000101101101101000010110111011100001001101010101100100000
0001001001101001001111101100101100010000011010001100001101000011111111011101001001001000111100101000
0001001001101001001111111100100100010000011010101100110001000010110101011100001001101010101100100001
0011001001101001001111101100100110010000011110001100010101000011110101011101000001101000101100100000
0011001001101001001111111100100110010000011110001100010101000010110101011100001001001010011100101000
0011001001101001001111111100100110010000011110001100010101000010110101011100001001001010011100101000
0001001001101001011111101100101110010000011011101101101101000010110101010100001001000000101100101001
0011001001101001001111111100100100010000011010001100011101000010110111011101001001001000111100101001
0001001001101001011111111100100100010000011011001100001101100010110101010100001001101010101100101001
0001001001101001011111111100100100010000011011001100001101100010110101010100001001101010101100101001
0011001001101001001111111100100110010000011110001100010101000010110101011100001001001010101100100001
0011001001101001001111111100100110010000011110001100010101000010110101011100001001001010101100100001
0001001001101001011111111100100100010000011011101100100101000110110101011100001001101010101100101000
0011001001101001011111111100100100010000011011101100100101000110110101011100001001101010001100101000
0001001001101001011111111100100110010000011011101000000101110010110101011101001001101010001100101000
0001001001101001011111111100100110010000011011101000000101110010110101011101001001101010111100100000
0001001001101001011111111100100110010000011011101000000101110010110101011101001001101010111100100000
0001001001101001011111111100100110010000011011101000000101110010110101011101001001101010111100100000
0001001001101001011111111100100110010000011011101000000101110010110101011101001001101010111100100000
0001001001101001011111111100100100010000011011001100001101100110110101010100001001101010101100101001
0001001001101001011111111100100110010000010011101100010011100111111101010100001001001010001100101000
0011001001101001001111111100101000010000010011101100010011000110110101010100001001101000001100101001
0011001001101001001111111100101000010000010011101100010011000110110101010100001001101000001100101001
0011001001101001001111111100101000010000010011101100010011000110110101010100001001101000001100101001
0011001001101001001111111100101000010000010011101100010011000110110101010100001001101000001100101001
0001001001101001011111111100100110010000011011101000000101110010110101011101001001101010111100101000
0001001001101001001111111100100110010000011010101100110111100110110101011101000001100010101100101000
0011001001101001001111111100100000010000010011101100010111000110110101011101000001101010101100101001
0001001001101001001111101100101110010000011011101100011101110111111101010100001001101000011100100001
0011001001101001001111110100101110010000011011101100100101000110110101010100001001101010101100101000
0001001001101001011111111100101110010000011011101100100101000110110101010100001001101010101100101000
0001001001101001011111111100101110010000011011101100100101000110110101010100001001101010101100101000
0001001001101001011111111100101110010000011011101100100101000110110101011100001001101010101100101000
0001001001101001011111111100101110010000011010101101110111100110110111010100001001000000111100100001
0001001001101001011111101100101110010000011011001101100101100101110111011101001001101010101100101000
0001001001101001011111101100101110010000011011001101100101000101110111011101001001101010101100100001
0001001001101001011111101100101110010000011011001101100101000101110111011101001001101010101100100001
0001001001101001011111101100101110010000011011001101100101000101110111011101001001101010101100100001
0001001001101001011111111100100110010000011010001101100101000110110111011101000001101010101100101001
0001001001101001011111101100101110010000011011001101100101100101110111011101001001101010101100100001
0001001001101001011111101100101110010000011011001101100101100101110111011101001001101010101100100001
0001001001101001001111111100100110010000011010101101110111100110110101011101000001101010101100101000
0001001001101001001111111100100110010000011010101101110111100110110101011101000001101010101100101000
0001001001101001011111111100101110010000011010001101100101100101110111011101001001101000101100100001
0001001001101001011111111100101110010000011010001101100101100101110111011101001001101000101100100001
0001001001101001011111111100101110010000011001001101100111100110110101011100001001101010101100100001
0001001001101001011111111100101110010000011001001101100111100110110101011100001001101010101100100001
0001001001101001011111111100101110010000011001001101100111100110110101011100001001101010101100100001
0001001001101001011111111100101110010000011001001101100111100110110101011100001001101010101100100001
0001001001101001001111111100101110010000010111101101111101100110110101011100001001101010101100101000
0011001001101001001111111100101110010000011010001101100111100110110101011101000001101010101100101000
0001001001101001001111111100101110010000010110001101100111000110110101011101000001101010101100101001
0001001001101001011111111100101110010000010110101101110111100010110101011101000001101010011100101001
0001001001101001011111111100101110010000011010101101110111100110110111011101000001101010101100101000
0011001001101001001111111100101110010000011010001101100111100110110101011101000001101010101100101001
0001001001101001001111111100101110010000011111101101111111100010110101011101000001101010101100101001
0001001001101001001111111100101110010000011111101101111111100010110101011101000001101010101100101001
0001001001101001001111111100101110010000011111101101111111100010110101011101000001101010101100101001
0011001001101001011111111100101110010000011010001101100111100110110101011101000001101010101100101001
0011001001101001011111111100101110010000010110101101111111100010110101011101000001101010101100101001
0011001001101001011111111100101110010000010110101101111111100010110101011101000001101010101100101001
0001001001101001011111111100101110110000011011101100100101110111111101011101001001101010101100100001
0011001001101001011111111100101110010000010110101101111111100010110111011101000001101010101100101001
0011001001101001001111111100101110010000011110101101111111100110110101011101000001101010101100101001
0011001001101001001111111100101110010000011110101101111111100110110101011101000001101010101100101001
0001001001101001011111111100101110010000011110101101110111100110110111011101001001101010111101101001
0011001001101001011111110100101110110000111111001101111101100110110101011101001001101010111100101001
0001001001101001011111111100101110010000010110101101111111100010110111111111001001101010101100101001
0001001001101001011111111100101110010000010110101101111111100010110111111111001001101010101100101001
0011001001101001001111111100101110010000010110101101111111100010110111111111001001101010101100101001
0011001001101001011111110100101110110100011011101101111111100110110111010101000001101010101100101001
0011001001101001011111111100101110010000011000101101111111100111110111111111001001101010101100101001
0011001001101001001111110100101110110000010110101101111111100010110111111111001001101010101100101001
0001001001101001011111110100101110110000111111101101101111101111110111110101001001101010101100101001
0011001001101001011111110100101110110000111111101101101111101111110111111101000001101010001100101001
0001001001101001011111111100101110110000111110101101101111100111110111111111001001101010101100101000
0001001001101001011111111100101110110000111110101101101111100111110111111111001001101010101100101000
0011001001101001011111110100101110110000111111101101101111101111110111111101000001101010101100101001
0011001001101001011111110100101110110000111111101101111111101111110111111101000001101010101100101001
0011001001101001011111110100101110110000111111101101101111100111110101111111000001101010101100101001
0011001001101001011111110100101110110000111111101101101111100111110101111111000001101010101100101001
0011001001101001011111110100101110110000111111101101111111001111110111110101001001101010101100101011
0001001001101001011111111100101110110000111111101101101111101111110111111110001001101010101100101001
0001001001101001011111111100101110110000111110101101101111100111110111111111010001101010111101101001
0001001001101001011111111100101110110000111111101101101111100111110111111111010001101010111101101001
0001001001101001011111111100101110110000111111101101101111100111110111111111010001101010111101101001
0001001001101001011111111100101110110000111111101101101111100111110111111111010001101010111101101001
0011001001101001001111111100101110110000111111101101101111101111110111111111000001101010101100101001
0001001001111101011111111100101110110000111110101111101111101111110111111111000001101010101100101001
0001001001111101011111111100101110110000111110101111101111101111110111111111000001101010101100101001
0011001001101001011111110100101110110100011011101101111111100110110111111111010101101010111100101001
0011001001101001011111110100101110110100011011101101111111100110111111111111010101101010111100101001
0001001011101101011111110100101111110000011110101101101111101111110111111111001001101010101100101001
