0001000000000001001101100000000000000000010001101000000101100010111101000000000000000000101000100000
0001000000000001001101100000000000000000010001101000000101100010111101000000000000000000101000100000
0001000000000001000101100100100000000000010011101100100101100010110001010000000000000000101000100000
0001000000000001001111000100000000000000010001101000100101000000110111010001000001000010000000101000
0001001001101000001101100000000000000000010000101000000101100010110101000000000000000000101000100000
0001000000000001001111100100000000000000010001001100100101100000111101010101001000000000110000100000
0001001000001001001101100100000000000000010000101000000101010011110111010001000001000010000000100000
0000001000001001001101100100000000000000010000101100100101100010110101010000001001000000010100101000
0001001000101001001111100100000000010000010001101000000101100010101101000000000000000000101000100000
0001001000101001001111100100000000010000010001101000000101100010101101000000000000000000101000100000
0001001000101001001111100100000000010000010001101000000101100010101101000000000000000000101000100000
0001001000101001001111100100000000010000010001101000000101100010101101000000000000000000101000100000
0011001000001001001101100100000000000000010011101100100101100010110101010000000000000000101000100000
0001001000001001001101100100000000000000010011101100100101100010110101010000000000000000101100100000
0001001000001001001101100100000000000000010000101100100101100010110101010000001001000000011100101000
0001001000001001001111101100000000000000011001001100100101000011110111110100001001000000000000100000
0001001000001001001001101100000000010000010001101100000101100010111101000000000001000000011100101000
0011001001000000001101100100000000010000010001101000100101100010110101010000001001000000011100101000
0001001000101001001111101100000000000000010001001100100101100000110111010000000001000000011100101000
0001001000101001001111101100000000000000011001001100100101100000110111010001001001000000100100101000
0001001001101000011111101100100000000000011001001000100101100001110101010000001001000000011100100000
0001001000101001001111101100000000000000011001001100100101100000110111010001001001000000100100100001
0001001000101001001111101100000000000000010001001100100101100000111111010101000001000010001100100000
0001001000101001001111101100000000000000010001001100100101100000111111010101000001000010001100100000
0001001000101001001111101100000000000000011001001100100101100000111111010101000001000010001100100000
0001001000001001011111101100100100010000011001001100100001100000110111010001001001000000000100101000
0001001000101001001111101100000000000000011001001100100101100000110111010101001001000000011100101000
0001001001101001001111101100000000000000011001001100100101100000110111010001001001000000011100101000
0001001001101001001111101100000000000000011001001100100101100000110111010001001001000000011100101000
0001001000101001001111101100000000000000011001001100100101010011111111010100001001001000001100100000
0001001001101001001111101100000000000000011001001100100101000000110111010001001001001000011100100000
0011001001101001001111101100000000010000010001101000100101100010110101010000001001000000011100101000
0001001000101001001111111100100000000000011001001100100101100000110111010001001001000000111100100000
0001001000001001011111101100100100010000010001001100101101100000111101010100001000001000001100100000
0001001001101001001111101100001000010000010001101000100101100010110101010000001001000000011100101000
0001001001101001001111101100001000010000010001101000100101100010110101010000001001000000011100101000
0001001001101001001111101100001000010000010001101000100101100010110101010000001001000000011100101000
0001001001101001001111111100000000000000010001001100110101100000111111010101000001000010001100100000
0001001001101001001111111100100100010000010011101100100001000010110111011000000000000000101000100000
0001000001101000001111101100101000010000010010101100100101100010110101010100001001000010001100100000
0001001000101001001111101100100110000000011011101100100101100010110101010000001001000000011100101000
0001001000001001011111101100100100010000010011001100110101000010110111010000001001001000101100101000
0001001001100001001111111000100110010000010001101000100101100010110101010001001001000000001100100000
0001001001101001001111111100100000000000011001001100100101100010111101010101001001000000011100101000
0001001001101001001111111100100000000000011001001100100101100010111101010101001001000000011100101000
0001001001101001001111101100101000010000010010101100100101100010110101010100001001000010001100100000
0001001001101001001111111100100110010000010001101000100101100010110111010001001001000000000100101000
0001001001101001001111101100101000010000011001101100100101100000110111010001001001001000011100100000
0001001001101001001111111100100110010000010001101100100101100010110101010000001001000000011100101000
0001001001101001001111111100100110010000010001101000100101100010110101010001001001000000011100101000
0001001001101001001111111100100110010000010001101000100101100010110101010001001001000000011100101000
0001001001101001001111111100100110010000010001101000100101100010110101010001001001000000011100101000
0001001001101001001111111100100100010000010001101000000101100010110101010101001001001000101100101000
0001001001101001001111111100100110010000010010101100100101100010110101010100001001000010001100100000
0001001001101001001111111100100110010000010011101100110101000010110101010100001001000000011100101000
0001001001101001001111111100100110010000010011101100110101000010110101010100001001000000011100101000
0001001001101001001111111100100110010000010011101100110101000010110101010100001001000000011100101000
0001001001101001001111111100100110010000010001101000100101100010110111010101001001000000011100101000
0001001001101001001111111100100110010000010011101100110101000010110101010100001001001000000100101000
0001001001101001001111111100100110010000011001001100100101100010111101010101001001000000011100101000
0001001001101001001111111100100110010000010011101100110101000010110101011100001001001000000100101000
0001001001101001001111111100100110010000010001001100100101100010111101010101001001001000100100101000
0001001001101001001111111100100110010000010001001100100101100010111101010101001001001000100100101000
0001001001101001001111111100100110010000010001101000100101100011110111010101001001001000100100101000
0001001001101001001111111100100110010000010001101000100101100010110101010101001001001000011100101000
0001001001101001001111111100100110010000010001101000100101100010110101010101001001001000011100101000
0001001001101001001111111100100110010000010001101000100101100010110101010101001001001000011100101000
0011001001101001001111111100100100010000010001101000000101100010110101010101001001101000101100101000
0001001001101001001111111100100110010000010001101000100101100010110111010001001001101000011100100000
0001001001101001001111111100100110010000011011101101110001100010110111010001001001000000011100101000
0001001001101001001111111100100110010000011011101101110001100010110111010001001001000000011100101000
0001001001101001001111111100100110010000010011101100110001100011110111010101001001001000100100101000
0001001001101001001111111100100110010000010011101100110001100011110111010101001001001000100100101000
0001001001101001001111111100100110010000010011101100110001100011110111010101001001001000100100101000
0001001001101001001111111100100110010000011011101100110001100011110111010101001001001000100100101000
0001001001101001001111111100100110010000010011101100110101000010110101010100001001101000100100100001
0001001001101001001111111100100110010000010011101100110101000010110101010100001001101000100100100001
0001001001101001001111111100100110010000010011101100110101000010110101010100001001101000100100100001
0001001001101001001111111100100110010000011011101101110001100011110111010101001001001000000100100000
0001001001101001001111111100100110010000010011101101110001100011110111010101001001000000011100101000
0001001001101001001111111100100110010000010011101101110001100011110111010101001001001000000100101000
0001001001101001001111111100100110010000011011101101110001100011110111010101001001001000000100101000
0001001001101001001111111100100110010000011011101101110001100010110111010101000001001000011100100000
0001001001101001001111111100100110010000010011001101110001100011110111010101001001001000011100101000
0001001001101001001111111100100110010000010011101101110001100011110111010101001001001010001100100000
0001001001101001001111111100100110010000010011101101110001100011110111010101001001001000011100101000
0001001001101001001111111100100110010000010011101101110001100011110111010101001001001000011100101000
0001001001101001001111111100100110010000010011101101110001100011110111010101001001001000011100101000
0001001001101001001111111100100110010000010011101101110001100011110111010101001001001000011100101000
0001001001101001001111111100100110010000010011101101110001100011110111010101001001001000011100101000
0001001001101001001111111100100110010000010011101101110001100011110111010101001001001000011100101000
0011001001101001001111111100101100010000011011101101110001100011110101010101001001001000101100100000
0011001001101001001111111100100110010000010011101101110001100011110111010101001001001010001100100000
0001001001101001001111111100100110010000010011101101110001100011110111010101001001001010001100100001
0001001001101001001111111100100110010000010011101101110001100011110111010101001001001010001100100001
0001001001101001001111111100100110010000010011101101110001100011110111010101001001001010001100100001
0001001001101001001111111100100110010000010011101101110001100011110111010101000001101000101100101000
0001001001101001001111111100100110010000010011101101110001100011110111010101001001101000101100101000
0001001001101001001111111100100110010000010011101101110001100011110111010101001001101000101100101000
0001001001101001001111111100100110010000010011101101110001100011110111010101001001101000101100101000
0001001001101001001111111100100110010000010011101101100001100011110111010101001001101000101100100001
0001001001101001001111111100100110010000010011101101110001100011110111010101001001101000101100101001
0001001001101001001111111100100110010000010011101101110001100011110111010101001001101000101100101001
0001001001101001001111111100100110010000010011101101110001100011110111010101001001101000101100101001
0001001001101001001111111100100110010000010011101101110001100011110111010101001001101000101100101001
0001001001101001001111111100100110010000010011101101110001100011110111010101001001101000101100101001
0001001001101001001111111100100110010000011011101101110001100011110111010101001001101000101100101001
0001001001101001001111111100100110010000011011101101110001100011110111010101001001101000101100101001
0001001001101001001111111100100110010000010011101101110001100011111111010101001001101000101100101001
0001001001101001001111111100100110010000010011101101111001100111110111010101001001001010001100101001
0001001001101001001111111100100110010000010011101101110001100111110111010101001001101000101101100001
0001001001101001001111111100100110010000010011101101110001100111111111010101001001101000101100101001
0001001001101001001111111100100110010000010011101101101111100111111111010101001001001000101100101001
0001001001101001001111111100100110010000011111101101110001100111110111010101001001101010101100101001
0001001001101001001111111100100110010000011111101101110001100111110111010101001001101010111100101001
0001001001101001001111111100100110010000011111101101110001110111110111010101001001101010101100101001
0001001001101001001111111100100110010000110111101101111011000111111111010101001001101000101100101001
0001001001101001001111111100101110010000110011101101111111000111110111010101001001101000101100100001
0011001001101001001111111100101110010000110011101101111111000111110111010101001001101000101100100001
0001001001101001001111111100101110110000010011101101010111000111110111010101001001101000101101100001
0011001001101000011111111100101110110000010011101101010111000111110111010101001001101000101100100001
0011001001101001001011111100101110010000110111101101111011000111111111010101001001101000101100101001
0001001001101001001111111100100110010000010111101101010111100111110101011111011001101000101100101001
0001001001101001001111111100100110010000010111101101010111100111110101011111011001101000101100101001
0001001001101001001111111100100110010000010111101101010111100111110101011111011001101000101100101001
0011001001101001011111111100101110110000010011101101010111000111110111010101001001101000101101100001
0001001001101001001111111100111110110000010011101101110001100111110111110101001001101010101100101001
0001001001101001001111111100100110010000010111101101111111110111111111010111011001101000101100101001
0001001001101001001111111100111110110000110111101101101111000111111111010101001001101000101100101001
0001001001101001001111111100111110110000110111101101111011010111111111010101001001101000111100101001
0001001001101001001111111100111110110000110111101101111011000111111111110101001001101000101100101001
0001001001101001001111111100111110110000110111101101111011000111111111110101001001101000101100101001
0001001001101001001111111100111110110000110111101101111011000111111111110101001001101000101100101001
0011001001101001011111111100111110110000110111101101111011000111111111010101001001101000101100101001
0011001001101001011111111100111110110000110111101101111011000111111111010101001001101000101100101001
0111001001101000011111111100101110110000010011101101010111000111110111011111011001101000101100101001
0001001001101001001011111100111110110000110111101101111111000111110101011111011001101000101100101001
0001001001101001001111111100111110110000110111101101111111000111110101011111011001101000101100101001
0011001001101001001011111100111110110000110111101101111111000111110101011111011001101000101100101001
0001001001101001001111110100111110110000110111101101111111110111111111010111011001101000101100111001
0011001001101001001111111100111110110010110111101101111011000111111111110101001001101010101100101001
0111001001101101111111111110101110110000010111101101111011000111110111010101001001101000101100101001
0011001001101001001111111100111111110010110111101101111011000111111111110101001001101010101100101001
0001001001101001001111111110101110111000110011001101111111110111111111010111011001101000101100101001
0011001001101001001111111100111111110010110111101101111011000111111111110111001001101010101100101001
