0001000000001000001010001000000000000000011001001100110101100011110001010001000000001000100000000000
0011000000001000001011101000000000000000011001001100110101100001110011010000000001001000100000000000
0011000000001000001011101000000000000000011001001100110101100011110101010001010000000000100000000000
0001001000001000001011101000000000000000011001001100110101100011110001010001000000001000100000000000
0001001000001000001011101000000000000000011001001100110101100011110001010001000000001000100000000000
0011001001000001001111100100000000000000011001001100110101100011110001010001000000000000100000000000
0011001001000001001111100100000000000000011001001100110101100011110001010001000000000000100000000000
0011001001000001001111100100000000000000011001001100110101100011110101010001000000000000100000000000
0011001001000001001111100100000000000000011001001100110101100011110101010001000000000000100000000000
0001001001000001001011101000000000000000011001001100110101100011110110010001000001000000101000100000
0001001001000001001011101000000000000000011001001100110101100011110110010001000001000000101000100000
0001001001000001001011101000000000000000011001001100110101100011110111010101000001000000101000100000
0001001001000001001111100100100100010000011001100100010101100011110111010101000000000000010000100000
0011001000000000000011101100100100010000011001001100000101100011110111010101000001000000001000101000
0001001000000000000111101100100100010000011001001100010101100011110111010101000001000010001000101000
0011001001100000001011101000100000000000011001001100110101100011110111010101000001000000001000101000
0001000001001000001011101100100100010000011001001100000101100011110111010101000001000000001000101000
0001000001001000001011101100100100010000011001001100000101100010110111011101000001000000001000101000
0011001001101001001111100100100000000000011001001100010101100011110101010001000001000000001100100000
0001001001000001001111101100100100010000011001100100110101000001110101010101000001100000001100100000
0011001001000001001111101100100000010000001011101100110101100011110111010101000001000000001000101000
0011001001000001001111101100100100010000001011101100110101100011110111010101000001000000001000100000
0001001001100001011111101100100100010000011001001100110101100011110111010101000001000000001000101000
0001001001000001001111101100100000010000001011101100110101100011110101010101000001001000101100100000
0001001001000001001111101100100000010000001011101100110101100011110101010101000001001000101100100000
0001001001100001011111101100100100000000011001001100000101100011110101010101000001001000101100100000
0001001001000001001111101100100000010000001011101100110101100011110111010101000001001000101100100000
0011001001101001001111101100100100010000001011101000110101100011110111010101000001000000001000101000
0011001001101001001111101100100100010000001011101000110101100011110111010101000001000000001000101000
0001001001100001001111101100100100010000000010001100110101100011110101010101000001001000101100100000
0011001001000001001111101100100100010000011001101100000101100011110101010101000001001000101100100000
0011001001000001001111101100100100010000010001101100110101100011110101010101000001001000101100100000
0001001001100001011111101100100100010000011001001100000101110011110101010101000001001000101100100000
0011001001000001001111101100100100010000011001101100110101100011110101010101010001001000001100100000
0011001001000001001111101100100100010000011001101100110101100011110101010101010001001000001100100000
0011001001000001001111101100100100010000011001101100110101100011110101011101000001001000101100100000
0001001001100001011111101100100100010000011000001100110101100011110101010101010001001000101100100000
0011001001101001001111111100100100010000000011101100110101100011110111010101000001000000001000101000
0001001001100001011111101100100100010000010001101100010101100011110111010001000001101000101100100000
0001001001100001011111101100100100010000010111101100000101100011110101010101000001001000101100100000
0001001001100001011111101100100100010000010111101100000101100011110101010101000001001000101100100000
0001001000100001011111101100100100010000011001001100110101100011110111010101000001101000101100100001
0011001001100001011111101100100100010000011001001101110101100011110101010101000001001000101100100000
0001001001100001011111101100100100010000011001001101110101100011110101010101000001001000101100100001
0001001001100001011111101100100100010000011001001101110101100011110101010101000001001000101100100001
0001001001100001001111111100100100010000011101001101000101000011110111010101000001001000101100100000
0011001001100001001111101100100100010000011000001100110101100011111101010101011001101000101100100000
0011001001100001001111101100100100010000011000001100110101100011111101010101011001101000101100100000
0011001001101001001111111100100100010000011001001100000101110011110101010101000001001000101100100000
0011001001101001011111101100100100010000011001001101110101100011110101010101000001001000101100100000
0011001001101001001111100100100110010000010001101100010101100010110111010001000001101000101100100000
0011001001101001011011111100100100010000011001101100110101100011110101010101000001001000101100100000
0011001001101001001111101100101100010000011001001100110101100011110101010101010001001000101100100000
0011001001101001001111101100101100010000011001101100010101100010110111010001000001101000101100100000
0011001001101001011011111100100110010000010101101100010101100011110111010100000001001000001100100000
0011001001101001011111111100100110010000010001001100110101100011110101010101000001001000101100100000
0011001001101001011111111100100100010000011011101100010101100011110101010101010001001000101100100000
0001001001101001001011111100100100010000011011101100110101100111110101010101010001001000101100100000
0011001001101001001011111100100100010000011011101100110101100111110101010101010001001000001100100000
0001001001101001001011111100100100010000011011101100110101100111111101010101000001001000101100100001
0001001001101001001011111100100100010000011011101100110101100111111101010101000001001000101100100001
0001001001101001001011111100100100010000011011101100110101100111111101010101000001001000101100100001
0011001001101001011111111100100100010000011011101101010101100011111101010101010001001000001100100000
0011001001101001011111111100100100010000011011101100110101100111111101010101000001001000101100100000
0011001001101001001011111100100100010000011011101100110101100111111101010101000001101000101100100000
0011001001101001001111101100101110010000010111101101010101100011111101010101000001001000001100100000
0001001001100001001111111100101110010000010011101100110101100111110111010101010001001000001100100000
0011001001101001011111111100100110010000011011101101010101100011110101011101000001001000101100100000
0011001001101001001011111100101110010000011111101100110101100011110101010101000001001000101100100000
0011001001101001001011111100101110010000011111101100110101100011110101010101000001001000101100100000
0011001001101001001011111100101110010000011111101100110101100011110101010101000001001000101100100000
0011001001101001001011111100100100010000011011101100110101100111110101010101010001101000101100100001
0011001000101001011011111100100110010000010101101100110101100111111111010101001001101000101100100000
0011001001101001001011111100100110010000010101101100110101100111110111010101001001101000101100100000
0011001001101001001011111100101110010000010111101100110101100111110101010100000001101000001100100000
0011001001101001001011111100101110010000010011101101100101000111110111010101000001001000101100100000
0011001001101001011011111100100110010000010101101100110101100111111111010101001001101000101100100000
0011001001101001001011111100101110010000011111101100110101100111110111010001000001101000001100100000
0011001001101001011111111100101110010000010011101101100101000111110111010101000001001000101100100000
0011001001101001001111111100101110010000010011101100100101100111110111010101010001001000101100100001
0011001001101001001011111100101110010000010111101101100101100110110111010101011001000000111100100001
0011001001101001001111111100101110010000010011101100110101100111110111010101010001001000001101101001
0011001001101001011011111100101110010000010111101100110101100110111101010101001001101000101101100000
0011001001101001001111111100101110010000010011101100110101100111110111010101010001001000101101101001
0011001001101001001111111100101110010000010011101100110111100111110101110101001001101000001100100000
0011001001101001001011111100101110010000010111101100110101110111111111010101010001101000101100101000
0011001001101001011111111100101110010000010011101101100101000111110111010101010001101000101101101000
0011001001101001011111111100101110010000010011101101100101000111110111010101010001101000101101101000
0011001001101001001011111100101110010000010111101100110101110111110111110101010001101000101100100000
0011001001111001001111111100101110010000010011101100110101100111111101110101000001101000111100100001
0011001001101001001111111100101110010000010011101100110101100111111101110101010001101000111100100001
0011001001111001001111111100101110010000010011101100110101100111111101110101010001101000111100100001
0011001001101001001111111100101110010000010011101100110111100111110101110101001001101000101101101001
0011001001101001001111111100101110010000010011101100110111100111110101110101001001101000101101101001
0011001001101001001111111100101110010000011011101100110111100111110101110101001001101000101101101001
0011001001101001001011111100101110010000011111101100110111100111110101110101001001101000101101101001
0011001001111001001111111100101110010000011111101101111111010111110111010101000001001000111100101001
0011001001101101001111111100101110010000011111101101111111010111110111010101000001001000101100100001
0011001001101101001111111100101110010000011111101101111111010111110111010101000001001000101100100001
0011001001101101001111111100101110010000011111101101111111010111110111010101001001101000101100100000
0011001001101001001011111100101110110000011111101101111101100111110111010101011001001000111100100001
0011001001101001001011111100101110110000011111101101111101100111110111010101011001001000111100100001
0011001001101001001111111100101110110000011111101101111101100111110111010101011001001000111100100001
0011001001111101011011111100101110010000011111101100100111100111111111110101010001101000101100100001
0011001001101101001111111100101110110000011111101101111101100111110111010101011001001000111100100001
0011001001111101001111111100101110110000011111101101111101100111110111010101011001001000111100100001
0011001001101101001111111100101110010000011111101100110111100111111111110111000001101000101100100001
0011001001101001001011111100101110010000011111101101111111010111110111110111010001101000101100100001
0011001001101001001011111100101110010000011111101101111111010111110111110111010001101000101100100001
0011001001111001001111111100101110010000011111101101111111010110110111110111010001101000101100100001
0011001001101001001011111100101110010000011111101101111111010111110111110111011001101010101100100001
0011001001101101001111111100101110110100011111101101111101100111110101110101001001101000101101101001
0011001001101101001111111100101110110000011111101101111111010111111101110101010001101000111100100001
0011001001101101001111111100111110110000011111101101111111010111110111110101010001101000101100100001
0011001001101101001111111100101110110000011111101101111101100111110111110111010001101000101100100001
0011001001101101001111111100111110110000011111101101101111100111111111110111000001101000101100100001
0011001001101101001111111100111110110000011111101101111111010111110111110111010001101000101100100001
0011001001101101001111111100111110110000011111101101111111010111110111110111010001101000101100100001
0011001001101101001111111100111110110000011111101101111111010111110111110111010001101000101100100001
0011001001101101001111111100111110110000011111101101010111110111110111110111010001101000111100101001
0011001001101101001111111100101110111000011111101101100101000111111101110111011001101000111101100011
0011001001111101011111111110101110110100011110101101011111110110111101110111011001101000111101110000
0011001001101101001111111110111110110000011111101101111111010111110111110111010000101000111101100011
0011001001101101011111111110101110110100011110101101011111110110111101110111010001101010111111111001
0011001001101101011111111110101110110100011110101101011111110110111101110111010001101010111111111001
0011001001111101011111111110101110110100011110101101011111110110111101110111010001101010111111111001
