0001000000100000001011100100100100000000000011001000000001000010110101010100001001000000010000000000
0001001000101000001001100100100100000000011000001100100101100010101010010000000001000000000000100000
0001001000101000001001100100100100000000011000001100100101100010101010010000000001000000000000100000
0001000000101000001111101100100100000000011010001000000001000010110101010000001001000000010000000000
0011000000101001001111100100100000000000011010001100000001000010110101010100000001000000000000000000
0011001000100000001111101100100100000000011010001000000001000010110101010100001001000000010000000000
0001001000101000001111101100100100000000011010001000000001000010110101010100001001000000010000000000
0001001000101000001111101100100100000000011010001000000001000010110101010100001001000000010000000000
0011001000101001001111100100100000000000011010001100000001000010110101010100000001000000000000000000
0001001000101000001111101100100100000000011010001100000001000010110101010100000001000000010000000000
0001001000101000001111101100100100000000011010001100000001000010110101010100000001000000010000000000
0001000001101001001111101100100100000000001010001100100101000010110101010000001001000000000000100000
0001000000101001001011100100000100010000011011001100100101000011110101010100001001000000000000100000
0001001001101001001111101100100100000000010010001000000001000010111101010100001001000000000000000001
0001001001101001001111101100100100000000010010001000000001000010111101010100001001000000000000000001
0001000000101001001011101100100100000000011010001100100101100010101111010000001001001000000000100000
0011001000101001001111100100100000000000011010001100000001000010100101010100000001000000011100100000
0001000000101000001011101100100100000000011000001100100101000011110101010100001001000000011100101000
0001001000101000001111101100100100000000011010001000000001000010110101010100001001000000010100101001
0001000000101001001011100100100100010000011011001101100101100010110101010100000001000000010000100000
0001001000101000001111101100100100000000001011001100000101000011110111010100001001000000001100101000
0001000000101001001011100100000100010000011011001100100101000011110101010100001001000000011100100000
0001001001100000001011100100000100010000011011001100100101000011110101010100001001000000011100100000
0001000000101000001011101100100100010000011010001100000001000010110101010101001001000000011100101000
0001001001101001001111101100100100010000010010001001100101110010110101010000001001000000000000100000
0001001001101001001111101100100100010000010010001001100101110010110101010000001001000000000000100000
0011001000111001001111101100100100000000011000001100100101000011110101010100001001000000001100100000
0001001000101000001111101100100100000000011011001100100101000011110111010100001001000000011100101000
0001001001101000001011100100000100010000011011001100100101000011110101010100001001000000011100101000
0011001001101001001011101100100100010000010010001100010001000010110101010100001001000000011100100000
0011001001101001001111100100000100010000010011001100100101000011111101010100001001001000000100100000
0011001001101001001111100100000100010000010011001100100101000011111101010100001001000000011100101000
0011001001101001001111100100000100010000010011001100100101000011111101010100001001000000011100101000
0001001001101001001111101100100100000000011011001100100101000011110101010100001001100000101100101000
0011001001101001001111101100100100010000010011001100100101000011110101010100001001000000011100101000
0011001001101001001111101100100100010000011011001100100101000011110101010100001001000000011100101000
0001001001101001001111100100100110010000011011001100000101000011110111010100001001000000001100101000
0001001001101001001111101100100100010000011001001100100101110110110101010100001001000000001100101000
0011001001101001001111101100100100010000011011001100100101000011111111010101001001000000001100101000
0011001000101001001111111100100100010000011011001100100101100010110101010100001001000000011100101001
0011001001101001001111101100100110010000011011001100100101000011110111010100001001000000011100101000
0011001000101001001111101100100100010000011011101101100101100110110101010100001001000000011100101000
0011001000101001001111101100100100010000011011101101100101100110110101010100001001000000011100101000
0011001001101001001111111100100100010000011011001100100101100010110101110101001001000000001100100000
0011001001101001001111111100100100010000011011001100100101100010110101110101001001000000001100100000
0011001001101001001111101100100110010000011010001100000001100011111101011101001001100000011100100000
0011001001101001001011101100100100010000011011001100100101100010110101110101001001101000001100100000
0011001001101001001111101100100100010000011011101101100101000111111111010101001001000000011100100000
0011001001101001001111101100100100010000011011101101100101000111111111010101001001000000011100100000
0011001001101001001011101100100100010000011011001100100101100010110101110101001001101000011100101000
0011001001101001001111101100100100010000011011001101100101000111111101011101001001100000011100100000
0001001001101001001011101100100100010000011011001100100101100010110101110101001001101000011100101001
0011001001101001001111101100100100010000011110101101100101000111111101010101001001100000011100100000
0011001001101001001111101100100100010000011111001101100101110110110101010101001001100000011100100000
0011001001101001001111101100100100010000011011001100100101000011111111010101011001101010001100100001
0011001001101001001111101100100100010000011011001101100101000110111101011101001001101000011100100000
0011001001101001001111111100101110010000011011101101100101110010110101010100001001000000011100100000
0001001001101001001111111100100100010000011011101101100101000110110101010101011001100010001100101000
0001001001101001001111101100101110010000010111001100100101110110110101010101001001100000011100100000
0011001001101001001111101100100100010000011010101101100101000110111101011101001001101000011100101000
0011001001101001001111101100100100010000011011001101100101110110111111011101001001100010101100101000
0011001001101001001111101100100110010000011111001100100101100010110101110101001001101000011100101000
0001001001101001001111101100100100010000011011001101100101110110111101011101001001101010101100101000
0011001001101001001111101100100100010000011011001101100101110111110101010101001001101010101100101000
0011001001101001001111101100100100010000011011101101100101110111111101010101001001100010101100101001
0011001001101001001111101100100100010000010011101101100101000110110101011101011001101010101100101000
0011001001101001001111101100100100010000010011101101100101000110110101011101011001101010101100101000
0011001001101001001111101100100100010000011011001101100101110110111101011101001001101010101100101000
0001001001101001001111111100100110010000011111101101000101100111111101011101001001100000011100100000
0011001001101001001111111100101110010000010111001100100101110110110101010101001001100000011100100000
0011001001101001001111101100100100010000011011001101100101110111111101011101001001101000111100101001
0011001001101001001111101100100100010000011011001101100101110111111101011101001001101000111100101001
0001001001101001001111111100100110010000011011101101100101110110111101011101001001100000011100100001
0001001001101001001111111100100110010000011111101101000101100111111101010101001001100000011100101001
0001001001101001001111111100100110010000011111101101100101000110111111011101001001100010101100101000
0001001001101001001111111100100110010000011111101101100101000110111111011101001001100010101100101000
0001001001101001001111111100100110010000011111101101100101000110111111011101001001100010101100101000
0001001000111001001111111100100110010000011111101101100101110110111101010101011001001000001100101001
0001001000111001001111111100100110010000011111101101100101110110111101010101011001001000001100101001
0001001000111001001111111100100110010000011111101101100101110110111101010101011001001000001100101001
0001001000111001001111111100100110010000011111101101100101110110111101010101011001001000001100101001
0011001001101001001111101100100100010000011011101101100101110110111101110101010001101000111100101001
0011001001101001001111101100101110010000011111101101100001110110110101010101010001101000000100100001
0011001001101001001111101100101110010000011111101101100001110110110101010101010001101000000100100001
0011001001101001001111101100101110010000011111101101100001110110110101010101010001101000000100100001
0011001001101001001111101100101110010000011111101101100001110110110101010101010001101000000100100001
0011001001101001001111101100101110010000011111101101100001110110110101010101010001101000000100100001
0011001001101001001111111100101110010000010111101100110101110101110101011101001001101000001100100000
0001001001101001001111111100100110010000011111101101000101100111111101011101000001101000011100101001
0001001001101001001111111100100110010000011111101100000001110110111111110101011001101000001100101001
0011001001101001001011111100101110010000010111101100100101100111111101011101000001101000011100101001
0001001001111001001111111100101110010000011111101101100101110110111101011101001001101000011100100000
0011001001101001001111111100101110010000011111101101100101110110111101011101001001100000111100100001
0011001001101001001111111100101110010000011111101101100101110110111101011101001001100000111100100001
0011001001101001001111111100101110010000011111101101100101110110111101011101001001100000111100100001
0011001001101001001111101100101110010000011111101101110101100110111101110101001001101000011100101001
0011001001101001001111111100101110010000010111101100100101110110110101110101001001101000011100101001
0011001001111001001111111100101110010000011111101101100101110110111101011101001001101000011100100001
0001001001101001001111111100101110010000011111101101000101100111111101011101011001101010101100101001
0011001001101001001111101100101110010000011111101101100101110110111111110101010001101000111100101001
0011001001101001001111101100101110010000011111101101100101110110111111110101010001101000111100101001
0011001001101001001111110100101110010000011111101101110101100110111101110101011001101000011100101001
0011001000111001001111111100101110010000011111101101100101110110111111110101010001101000111100101001
0001001001111001001111111100101110010000011110101101100111100110110101110101011001101000101100101001
0001001001101001001111111100101110010000011111101101100111110101111111110101010001101000011100101001
0011001001101001001011111100101110010000011111101101100101110111111101110101011001101000111100111001
0011001001111101001111101100101110010000011111101101100101110110110111110101011001101000111100111001
1011001001101101001111101100101110010000011111101101100101110110111111110101010001101000111100101001
1011001001101101001111101100101110010000011111101101100101110110111111110101010001101000111100101001
1011001001101101001111101100101110010000011111101101100101110110111111110101010001101000111100101001
0011001001101001001111111100101010110000011110101101100111110110111101011101010001101010101100100001
0011001001101001001111111100101010110000011110101101100111110110111101011101010001101010101100100001
0011001001101001001111111100101010110000011110101101100111110110111101011101010001101010101100100001
0001001001101001001111111100111110110000011111101101101111110110111101011101000001101000101100100001
0001001001101001001111111100111110110000011111101101101111110110111101011101000001101000101100100001
0001001001101001001111111100111110110000011111101101101111110110111101011101000001101000101100100001
0001001001101001001111111100111110110000011111101101101111110110111101011101000001101000101100100001
0001001001101001001111111100111110110000011111101101101111110110111101011101000001101000101100100001
0011001001101001001111111100111110010100011111101101101101110110111101110101011001101000011100101001
0011001001101001001111111100111110010100011111101101101101110110111101110101011001101000011100101001
0001001001101001001111111100111110110000011111101101101111110110111101011101010001101000101100100001
0001001001101001001111111100111110110000011111101101101111110110111101011101000001101000111100101001
0001001001101001001111111100111110110000011111101101101111110110111101011101000001101000111100101001
0001001001101001001111111100111110110000011111101101101111110110111101011101000001101000111100101001
0011001001111001001111111101101110110000011011101101100111110111111101010101010001101010101100101001
0011000001101001001111111100111110110000011111001101101111110110111111110101010001101000111100101001
0001001001101001001111111100111110110000011111101101101111110110111101111101010001101000011100101001
0011001001101001001111111100111110110000011111001101101111110110111101111101011001101000011100101001
0011001001101001001111111100111110110000011111001101101111110110111101111101011001101000011100101001
0011001001101001001111111100111110110000011111001101101111110110111101111101011001101000011100101001
0011001001101001001111111100111110110000011111001101101111110110111101111101011001101000011100101001
0011001001111001001111111100101110110000011111101101100111100100111111111111001000101010101100101001
0111001001111001001111111101101110110000011111101101100111110110111101110101011001101000011100101001
0111001001111001001111111101101110110000011111101101100111110110111101110101011001101000011100101001
0011001001101001001111111100111110111000011111101101000101110111111101110101011001101000111100111001
0111001001111001001111111101101111110000011111101101100111110110111101110101010001101000011100101001
0011001001101011001111111100111110111000011111101101000101110111111101110101011001101000111100111001
0011001001111001011111111100101111110000011111101111101111110110111101110101011001101010101100101001
0011001001101111001111111100111110110000011111101101100111100110111111111111001000101010101100101001
0011001001111011011111111100101111110000011111101111101111110110111101110101011001101010101100101001
0011001001101001001111111110111110111000011111101101100101110111111101110101011001101000111100111001
0011001001111001001111111101101110110000011111101101100111101110111101111111001001101010101100101101
1111101001111001011111111100101111110000011111101111100011110110111101110101011001101011101100101001
0001101001101111101111111110101110111000111111101101101111110110111101111101001001101000011100100001
0011001001101111101111111110101110111000111111101101100111100110111111111011001001001000101100101001
0001101001101111101111111110101110111000111111101101100111100110111111111111001001001000101100101001
0001101001101111101111111110101110111000111111101101100111100110111111111111001001001000101100101001
0001101001101111101111111110101110111000111111101101100111100110111111111111001001001000101100101001
0111001011111111101111111110101110111100111111101101000101110111110111111111010001101010101100101001
