8692.73 468.0 4458.0 -898.0
8717.72 465.0 4446.0 -891.0
8737.4 458.0 4376.0 -889.0
8793.57 471.0 4564.0 -898.0
8833.04 439.0 4419.0 -899.0
8836.12 462.0 4669.0 -898.0
8876.14 455.0 4557.0 -903.0
8901.23 462.0 4518.0 -899.0
8925.62 464.0 4506.0 -912.0
8944.51 479.0 4380.0 -903.0
8987.9 470.0 4730.0 -922.0
8998.81 467.0 4549.0 -919.0
9012.06 472.0 4657.0 -920.0
9033.3 459.0 4616.0 -911.0
9043.53 480.0 4555.0 -927.0
9047.05 460.0 4703.0 -926.0
9072.72 479.0 4542.0 -917.0
9079.79 491.0 4622.0 -927.0
9114.02 476.0 4538.0 -924.0
9144.91 457.0 4694.0 -939.0
9163.74 474.0 4695.0 -925.0
9193.81 491.0 4499.0 -929.0
9219.67 495.0 4606.0 -939.0
9276.41 474.0 4716.0 -952.0
9309.11 486.0 4729.0 -946.0
9331.34 489.0 4858.0 -950.0
9335.98 495.0 4688.0 -954.0
9359.71 515.0 4654.0 -954.0
9392.96 496.0 4692.0 -960.0
9453.36 480.0 4796.0 -958.0
