8674.64 444.0 4232.0 -884.0
8730.6 465.0 4438.0 -889.0
8792.12 469.0 4491.0 -897.0
8882.85 444.0 4420.0 -904.0
8914.57 448.0 4468.0 -900.0
8969.49 486.0 4573.0 -914.0
8972.91 466.0 4601.0 -910.0
8985.64 464.0 4489.0 -920.0
8990.98 467.0 4535.0 -919.0
9003.49 470.0 4549.0 -918.0
9007.11 472.0 4582.0 -913.0
9048.26 457.0 4452.0 -916.0
9052.72 468.0 4480.0 -917.0
9057.29 471.0 4650.0 -925.0
9113.63 466.0 4429.0 -914.0
9117.11 486.0 4597.0 -929.0
9125.32 480.0 4578.0 -921.0
9134.6 493.0 4687.0 -936.0
9150.91 490.0 4547.0 -929.0
9196.37 482.0 4656.0 -932.0
9222.86 503.0 4721.0 -942.0
9256.68 492.0 4665.0 -943.0
9280.46 498.0 4705.0 -945.0
9291.26 492.0 4623.0 -937.0
9292.7 484.0 4673.0 -952.0
9294.49 489.0 4834.0 -949.0
9296.06 464.0 4698.0 -947.0
9356.96 488.0 4756.0 -945.0
9397.73 482.0 4659.0 -951.0
9403.88 478.0 4682.0 -951.0
