8687.84 465.0 4471.0 -887.0
8719.0 465.0 4379.0 -883.0
8846.25 461.0 4541.0 -900.0
8860.89 471.0 4499.0 -905.0
8909.94 481.0 4570.0 -906.0
8935.21 477.0 4613.0 -918.0
8936.23 457.0 4702.0 -913.0
8936.37 467.0 4607.0 -914.0
8937.41 455.0 4551.0 -901.0
8937.6 475.0 4569.0 -903.0
8993.8 489.0 4438.0 -919.0
9006.46 474.0 4537.0 -912.0
9008.83 471.0 4655.0 -922.0
9020.19 479.0 4603.0 -931.0
9022.29 466.0 4614.0 -919.0
9044.67 474.0 4596.0 -921.0
9114.66 466.0 4676.0 -927.0
9182.67 481.0 4584.0 -933.0
9208.61 466.0 4795.0 -935.0
9216.3 483.0 4671.0 -933.0
9220.87 491.0 4602.0 -942.0
9234.52 477.0 4673.0 -926.0
9246.69 477.0 4751.0 -948.0
9254.54 474.0 4608.0 -948.0
9288.76 495.0 4738.0 -945.0
9297.0 465.0 4566.0 -936.0
9306.61 489.0 4775.0 -947.0
9333.46 497.0 4583.0 -944.0
9359.34 465.0 4665.0 -938.0
9839.19 503.0 5010.0 -996.0
