84.4 5.0 28.0 -10.0
119.8 5.0 46.0 -14.0
132.1 10.0 23.0 -14.0
146.3 6.0 44.0 -15.0
148.3 8.0 38.0 -14.0
148.3 6.0 43.0 -13.0
163.5 6.0 59.0 -17.0
164.1 8.0 38.0 -14.0
166.3 11.0 49.0 -20.0
172.0 11.0 43.0 -19.0
176.2 10.0 46.0 -19.0
182.9 9.0 48.0 -18.0
182.9 11.0 37.0 -19.0
186.0 10.0 35.0 -19.0
189.0 11.0 33.0 -18.0
189.8 8.0 53.0 -19.0
191.1 7.0 58.0 -17.0
191.1 8.0 50.0 -18.0
199.4 10.0 53.0 -19.0
201.7 12.0 66.0 -23.0
202.4 10.0 55.0 -19.0
204.7 11.0 42.0 -19.0
209.4 12.0 33.0 -19.0
209.5 9.0 49.0 -19.0
217.0 11.0 41.0 -20.0
217.1 10.0 36.0 -19.0
220.7 12.0 40.0 -20.0
234.3 11.0 67.0 -23.0
245.0 13.0 52.0 -23.0
248.5 9.0 58.0 -20.0
