001100000110011001000111000001010000
011000010100001001110000010010110000
111100001000101001110010101000001010
010001001100110000010010001001011011
000100010100011000111010010010000100
010111000101000011100010011001111010
110011000011011000000111000010110110
010100101111011000000111011101100001
001110110010001101010000110011000101
001101000011101100111010101011000011
010110111101001000101111001011000100
011110100101101010011101001000110110
001001111000110010101110111110001000
011011101100111001110110011001111010
000001101100110001111000111101011110
111000101000001011101110111001011111
011000011011100111100011001001101111
101101011011101100001110000111001000
011000101101001110111011000011001101
101011111000001100100111000101101101
001100100011011010011100100101011011
011101101011011001110000111001111101
000001101111011110010110001001101101
111111001111100101101000101100011001
111100110101101011111101110011000011
100001011101110111101100101101100000
010111010111010111111000011101010010
110001011111001110111100001011110001
101011101111010110111100001100001101
111011010111111110010100101000111100
