001100001110001100000100001000110010
000100001111100001101010011000010001
001100001000001101011011111001010100
011111000001000010111010000001010100
000011001111001100000000001010001101
011001011010111001000010100010000111
010010101101000111010100001101101000
101001111100100001001111110010101000
001101011010000010001100010011111100
111100110000100010101110000111110010
000110000110011110111011000000011010
111100000000111111100111100100011011
110010111101110111000001000100010000
010111010110101000110010110100110011
100000101111011111000110100000001011
001100110100111011011101011110100100
101000010011111110100101001100000101
000110010101101100100111111000110111
001101001100101111011111111100111010
101101011101100101110111110001001101
110110010011001100011100110001101000
100111001001111001000111011101011111
011110101100100101111101111011111001
101111110100011011100110101110100100
101110111011010011111011000110100010
110011011010001001101011101111010101
100110000001011101011010100110111101
110011001010101111111011000001111001
111101111001010110110101111001111111
100111110010111110010110101000111111
