000111100000001001010111001101011001
001101000101011101010000001100100001
111001000101000000010101000011111100
011001011101011000100011001000100100
010001011000001100000001100100101101
000101011110000101011101010101100000
101110101010000010100100001011100110
100000100101100101111001010010001110
011101101100111001100001001000101101
000100001001011110011000000001111000
101010101100111100100111001000101000
100010000010100110011111100110000100
010010001101001111010000011110011110
100101100010011011100000000111000111
101000101001110001011101011101110110
000000100100101011111100111111010011
001101011100111010101000011100000101
101000101101011010101101001110000011
001001101110011100000111000011110111
111101100001010101001011001101101101
100010000001111010111000111000110011
000011000101011011101001011100011101
001110001101011000111011111100111011
010010001011111110110011100001001101
010111110101101011111000101001010011
000111111101000110011011011101101001
000111111111101011001010100010100110
110011010111110101011001101110101000
100110011001011101101101101111001101
001110111111110001101111101101111001
