111100001100001000001100011001110100
110001000000011011010110010101000110
110000111000100100001101000100001001
111001001100000100111001001110010001
101100101100101000010011000100011111
001001111100011100000000101000100001
101011000010101100100110101001001000
010110100101000011000101011111010011
101111100001000110010000111010000001
010111000000101111010101111100110010
010011001010100001110110000001111101
100111010110010001110111101000001000
000111110100010100010010000010101001
111100001100110101001110010011000111
101011100000010101101100010100010101
001000010101110000000100110111100101
001011100100110110000100010011010101
100110100001010010010110111001110001
010110111100110110100001000100011000
110101001101110011110011111001011000
001010100000101110111010100011100110
100101111101110000011111001001011010
000111001011110010101100000010011110
000001011010110101010111001111110111
011100111100101110001001100111000100
001011001011101010001011110111010010
011101000000111101111110100010111111
100100101011111101101001001011001111
100111010011010100100111111001101101
110010110101100100011111010011111111
