69.6 5.0 16.0 -8.0
122.3 5.0 24.0 -11.0
137.2 9.0 45.0 -16.0
140.0 4.0 47.0 -14.0
141.5 9.0 41.0 -16.0
142.2 11.0 23.0 -16.0
147.6 7.0 30.0 -14.0
158.1 9.0 33.0 -16.0
162.8 6.0 57.0 -17.0
163.9 9.0 29.0 -16.0
171.6 10.0 46.0 -17.0
173.7 10.0 53.0 -19.0
173.9 6.0 49.0 -15.0
174.7 7.0 33.0 -13.0
179.9 12.0 27.0 -19.0
180.6 9.0 47.0 -16.0
184.5 9.0 58.0 -19.0
192.8 10.0 59.0 -20.0
196.5 9.0 56.0 -20.0
197.3 10.0 49.0 -19.0
200.9 11.0 45.0 -19.0
204.1 10.0 55.0 -19.0
205.4 7.0 55.0 -19.0
209.8 10.0 47.0 -18.0
213.4 9.0 65.0 -21.0
222.6 12.0 49.0 -22.0
237.8 11.0 61.0 -23.0
241.9 10.0 64.0 -23.0
255.1 10.0 56.0 -22.0
288.7 15.0 55.0 -26.0
