000000000010000000000110110110100111
101001010001000010000110010000100011
000000011010001010000000000010010111
100100001001001001100100000110111011
000110001010011001000001000011110001
101101110000101100110010001000011010
011100101000111001110101010111000001
010001001110011010100111011010010110
001100100101000000111110111110110001
110001001000111101101100100000100001
010100001101110001110100111101001110
000100101011011100100101000001010101
001001000110110100100111011110101011
101010101011000101101110010001110010
000011111010110110000100001011000010
010000010101110111010100011000111100
111100001011010011110001011001001111
011000010011110101101000010110100001
111101000001101010001011000101101110
011010000110110101011010111001010011
101001001100011100100011101011111010
011101101101000011101001000100111101
110000011010101111001000011011101001
111100000101110010001000110111111000
110010111110110100110001110000001100
100001110101111001101110010000111011
011000111101111110000111110000101100
101001010111101111011000001100001101
011001111011111110010100111011011011
110110101011011101011111111111100011
