001011000001001100000001001101010011
110100000110001011001000100000001100
100100010000011001001010010110100001
011100100001101001011111011100011011
001000111110101100110010110000001010
001000101010011010011101000001000111
100000000010101001011000111000111101
101101001101110101000010001011100100
110110010000110101100100010101100100
101011011100110000100010010101000011
011000111010101111100010000001001001
001010101100010001101101110100010111
110110010001000011001110100001011100
010001011111001111010001010010010110
001111001011010100001011000101100110
100111001101110101110011001001001100
001101111111100000100111110101100010
101100001111011100111110000010001100
110111111011010001100000111000110000
110001000101111001101110010101110100
100110001010111011010010110111000001
101111001011000101110110111110011001
010110101110010111000111010001101111
101011010010101000001101100111001011
111101011000110110011111000100111110
000110111100100011111010111010111100
001010011100111011101110110010100111
111011110101100111100101101101000111
101100110100111110111111101011101011
111011111110011110111100111111001011
