109.2 8.0 29.0 -13.0
115.6 4.0 38.0 -10.0
120.2 6.0 33.0 -12.0
127.5 6.0 20.0 -12.0
144.6 8.0 41.0 -17.0
145.3 6.0 54.0 -14.0
150.0 5.0 33.0 -12.0
157.2 6.0 37.0 -15.0
162.0 8.0 42.0 -16.0
162.3 11.0 36.0 -17.0
165.0 10.0 47.0 -18.0
169.5 10.0 46.0 -18.0
175.5 10.0 33.0 -17.0
176.9 9.0 29.0 -16.0
177.2 10.0 36.0 -17.0
179.7 13.0 19.0 -17.0
186.0 8.0 75.0 -20.0
191.4 9.0 56.0 -18.0
201.4 10.0 61.0 -19.0
204.8 7.0 59.0 -18.0
208.4 9.0 45.0 -18.0
213.0 9.0 46.0 -19.0
216.4 9.0 66.0 -21.0
219.5 9.0 60.0 -21.0
221.8 9.0 67.0 -20.0
222.5 11.0 62.0 -21.0
224.1 12.0 60.0 -23.0
225.9 11.0 64.0 -22.0
231.7 10.0 41.0 -20.0
249.9 14.0 37.0 -22.0
