110100011100000000010011111000110001
000000010101100001001011011100011011
000011001100111001000100101001100001
010000010110110011110110010000001011
110100100100100111000010100110001110
001000001011011000000110101101011100
000100100001111000010111011100111011
000100001010101100111100111101100010
101010000111010111001011000001000000
011001101100011100011011100110000010
110100100111011000010100010101101001
101011111000010100000100100110100101
101101100110101000111110010011011100
110110010110100111001000000100111000
011000111110111001010101011101010101
110010100101110010001001001011001001
100100001011010110011100000100111110
010110101000010110011111101000111110
011010110010000010101000110111110100
001100111100001100101001111011101101
110001110011110011001101110100011000
100101110101100010100110111110011101
110101111111010011101110000011000100
100011111010101100101110100010100110
111011111101100011011110100101010000
100010000110110011101100101001111101
000110110111101101010111111100101111
111111010111100111111111100010000011
111011110111011010110110100011010110
110100110111111100011011111010101110
