010100101000001111100011110100000011
100001000110110010111100011001000000
101010011000001101110000101000111000
100001010101000010101001100000101010
010110000010010110010010101100011001
100111110010101000000101101010000110
110001110001001101110111001000111010
101010001010011011001011001111010000
111010101101100000100010010101011101
101100101011100001001110101010011101
111010100010111011111100010100100000
111101101100110011000011100110011001
101110010011100110001101000001001110
100110010000011110010101000111011110
000110010111000010110110100001111110
110100110111101100001111001010000111
101011110101000001111011100101000101
100110110011011100110011100010000011
001111001011111010010010000101100101
011111100101010010011011001011001101
101000011111011000110000100001111100
111000111111101001111100110101000010
010111001011111011101111110100010010
011011110101111010100100110010001011
110010010011011101101100100001011100
110011110110010111111011011001000011
011111011111110011100100100010110011
001111000111000011111001010111111111
000100011011111110111101000111100001
111010110111111010010010001111111110
