111110000010001001010101000010010111
001010101000110001001001001010100100
110111100100011001000000011100000100
001000000101010011010100100110100100
110110001000010000100010101101001001
101000111100000110100001000000101001
010000001110101111000010011010110001
011100000011010111010101010011010100
010101010010000011010100111110010101
001000011011000100110010100011100001
000111000000110101011000111000011011
011100010110000001011010100001111100
110011111100001000000110111100000011
111101011001101001000100000101101100
110010001100100011101101011001100111
010011010010110001011110001010110001
010100001101110110010010111101010001
010100100011011101110101010110101100
011001010011100100011111011011111000
001110011010011011000100101011000111
111000110000110111110010110010011100
110100101001010110011110001110101110
101011100011001000001100111010101101
101101111011010100100101101011100100
110111000111011001011100100110010110
010100111011111100110001011110011001
100010010011010111111110000110100001
001111110111001100101100110010000101
111101011001111001011111110100111110
010011011111111110001101100001100001
