94.5 5.0 19.0 -9.0
138.3 9.0 35.0 -16.0
144.7 11.0 32.0 -17.0
147.3 8.0 34.0 -16.0
153.9 8.0 28.0 -15.0
154.1 8.0 42.0 -16.0
157.8 10.0 39.0 -17.0
158.5 8.0 38.0 -15.0
165.9 9.0 25.0 -15.0
167.6 10.0 27.0 -17.0
171.6 7.0 51.0 -16.0
188.4 11.0 50.0 -19.0
193.1 10.0 62.0 -22.0
195.1 8.0 34.0 -16.0
196.3 10.0 41.0 -19.0
196.7 9.0 45.0 -18.0
197.8 11.0 60.0 -22.0
201.6 9.0 49.0 -19.0
204.1 10.0 30.0 -19.0
206.9 10.0 50.0 -19.0
217.3 8.0 31.0 -15.0
218.4 10.0 63.0 -22.0
219.2 7.0 60.0 -19.0
219.3 10.0 67.0 -22.0
223.2 10.0 34.0 -17.0
224.2 12.0 43.0 -22.0
231.4 11.0 56.0 -21.0
232.3 9.0 65.0 -20.0
239.4 10.0 53.0 -20.0
244.2 12.0 61.0 -23.0
