010011001000001100000100000000011000
001111101101000001010101100000010011
010001001000100011110011110001011011
011110101100011001111101000000100000
101000111111000001100001010000110100
010001001010001100001011111010001110
110100001010010011110110100110100010
100011011001100001100101000011011000
000001011010111001100101100000011100
101111001110111001100100000100000110
100100011101000010111011010100100001
011010000011110111100101001010110011
011101100111101000100111111111000110
011010100110010010000100100101011101
110011010110100111110011000110000011
100011111101110001000110000110010011
111101100000111000111110011011111010
111110011111001000000011101110000101
011110111100010100100001100010011111
101110010010011101011011101000011001
100010010111011100000000100111010001
111101010111100011111110010110100100
010011100111110111001001011010000101
111010011101011011100111111101010000
100010111111110010110000100010000011
111000000111110101110011100111100111
000011101111001011010101101101011101
111011010011010010011010001101111010
100110101011011111111000010011010100
111010010011111101101101111011100010
