000101100001000100000001110010001001
010011000000100001101000010011100001
110011100000101000001000010010010010
000000100001001111010011001011011001
110100001000110001111101100000001101
010010001100100111000001110111000110
100110000010101101000111000010111101
101100010101110000010111001110100101
011101011001000000111111111001100101
110000111100010000101000101110000101
000110011100001101111010111001110010
001111101011110001000001101010011001
110110010110000011011110010101100001
011101011111101001011101011000011001
010111011111001000110110000010001101
001110111101010000100101001001011111
111101100001010110001101101001100100
110110101000011010100111110010001111
000111101110111000110001000100111100
100010011101011110001011100010000000
011000010100111010111001111010101100
001101001010111001011100111111100101
100111100100000111110100110101111001
000001011110100011111010001111001111
111110001000101110111100101011001011
111110111010111000010110010110101110
100111110100001010101100011101111110
111111111011111110010001001000110101
101011110010110100111111110101110111
001010110111111001111001000111111101
