101000000110100011010000111000101110
001100001000110010001110100010101001
010110011001001100100000010000101110
101010101100100000100111111001001100
000000000001101101011100000011011101
010001000101001010001001001011101001
100010010111010101000000011110010000
101011011100000000011110111000111000
001101100100010001010100110111110101
011101000000011100100010101101110111
011110010110101001010000000001011111
011010001000101110001010101110100001
101111001010000111110001100010110110
000000011111011100111001001001000011
000111101101010000101001100010110011
101111100001010100111001001110001011
110110001001001011011011010001101111
011000010101001010110011111101111001
001111111001111001100100110011100010
100000011111101111111100001010001000
100001011100101100111011100100101110
110110111010010101011001111000110011
000111110101100110000111001100111111
001110110000100110111000110111101100
011001110110110010101111101110111010
110100110011111011111011010101010110
111111101101111011000010000101101111
000110111011101100011111011111110110
101110010111110011011011100011011100
101111110011100110111110011101111111
