10101011000110000110001010001001000000100000010100
10000101000010000010000110000011010110010100111010
01110010001101000100011010111001000100011010100001
00100000001011000101011010000110101011011101011011
10001001000001010001010000110001111100011100011010
10010000110010000000000011101000011000101011000111
01110100000000101101011101001101100000100010111000
00101101100001110000001010001100111101000101000101
00010110000110001100010011001001101001101001000100
10110001001010110000010101000001110011111001011010
00110100001110101101100001100001011000001101000110
10110011000110111000111001111001000111010111111001
10111000001001111101100101110101111010100001011001
01101011001011000001111010010110011101010111001101
01100100010111101001101001000010100011101100010000
11011001111011011000000010001101010001010001110001
00101000111011111110011011000111101101011011111001
01011000011100101110110101000010010010101011001101
00010110101111001111100001111100011100001101111011
01011001100000011111100111001110000110111110100001
10110011111101110010001100101011110101011100011011
00010010010111010111110110101111111011111110011011
10111011100011110110101110100010000000111001110100
10011100011011100010001100010111011001111000010111
01110101001100011100101011100011110011011110111000
00110111111101100011011010010011011010011110001101
11010101100011011100111101001010001110110000011100
10110101011111101001001011001010011111010101011110
11101011100111011000111000111001110101101111101101
11101011100001111011011111100011011110001111111111
