00100000001010110101111000001101111011000010110011
00100000000101111100001010001001110000100110001101
00001010000001010010011110010101000010101110100010
11000011100111001010000000101111000000100000111000
10111000010110110001011011100100110010010000010010
00010010110000001010100001111000001010111011111010
10000000100111100000011110100010011110101110011011
10010010010111000100010110000000111011010100110000
10111010000100011001001010110011010111101001011010
01010011101011110010011110001111100100001000100111
01010110110110101100011011010011110010000010101001
01100011110001010011100000101111010000101111011010
10110000011110101010001001110000100111111010111010
01111011010010110100101010100111100100100101000000
10010000110001100111010110101100100011011011010011
01010000111110101011110001000110101000101001010110
01101011100111001010100110111101000111011110001000
01101110000101100000010111111100111011101010010100
10110011010001100101100001001001110111101010101000
11101100010001000110101000000000001001110100100100
00001111101100100101101001001010011110111111000010
10111100000111001000000110111111101111001011111101
10111100010111010000000110111101001100111110111001
01010101101111011101110111000110000011110100100010
11001101001001110010110101010010010001001110111011
10110101011001101101001100110001001101010111010110
10101100010111101001100100111100111111011100010100
11010100010001101110111100000011010110011111100001
10100111111101000100000001111101010011111010110111
11110101110001011010011011100000000111010110110101
