10000000000000010110011010101110000101100100110010
00010001011101110000010110000010101010000001010100
00110000000101011000111111001000101010100100001110
10100011101110010001000011111100010010000100011011
00001000110000001101010001100111001000010011011111
00000100000011011100100111000011110100100101101010
01101010100010000100110000100100110010110010010100
00100100000111101010100011101001111100001001010111
01110010100111101010010000100001101110001100000000
10100010001110101110110110110000110110000001111111
00001111101010000011000100100101001001000100110111
00100000010110011111111110010011111101010011111111
10010010011001111000000001111111000001111001010100
00000010110000110011010011011100111010011111110111
10001100101100010011101001011001000011100101001110
01100101010011010000110101011100011100100111110011
01110111100101010010001011001101110000000100101111
10101010010110110000010101110010100101111001011100
00000101110101101110001100100011011010100111100100
01011111000011100010010111000111011010001001100010
00111111100011011110110111000101001110000100010000
10111011000011111010100001100101011001101110001000
01111100001111000100010011000100010111101001011000
00110011001011111101011010010000011011111011111100
10110101000001100110101111001110110101110011011101
11001001101001101000111011001000011100101110100101
11101011110100100111000010100110100101011000010111
01101100111100011110000101100110011101111010010010
11101101001111000010111011101010000100111110111001
01111111101010111100011100001101001000001101101101
