00101001101101010110010001001011110010010110000100
10100000101011011011000111000101101010100101010110
10010010000111111011111110011101010100010111010010
11000001100010010111001100111110100000010110110011
00110111100111110010100010000110111010010110101000
01110110001000010000011101101000000100001101101101
11111010000001010011101011111001010111100000010001
11110000110010100011110111000100101000010001100111
01011011001000100010101001111001000010011111010000
10010010001011111101010100101111100100100110110101
10111000011100111111111010100010001000100010010100
00111001101011011101111010110000000101010011010101
11100000111111101010110110100011010010010011011110
01001010110010010001011001100110001001011100010111
01000000110101100111001101011110000010111100000111
01000100101001110110011001000001111011111011000010
01101011010001011111000000000010010011110110000110
11101010101000110100010000000100100111111000100111
11001000001001011111111001101001000010101010111100
10110100111011101101001101010011010001100011100011
00000101101101000101111101111010011011111010101101
01110111110111010000100011000110101101001010110001
11010100010101100000010000111001010010011111110110
01000101011000100110101111001011110011111010000101
01110100111110111110100001100001011011100001011011
01000100010011110100111110101111000111110111011111
10010110110011111111110110001100111001010001100100
11111110110000000100010100011100010010101110100011
11100011100111011101110110100010010110101110111111
10011111111010011110011001010111101111100110000011
