10101000100110111100000111000101101100100000110000
00010000111100100001100100100000101100001100111010
00110111101100010000111110000000111101000100000001
10000000000010011111010110101001010001110110010100
00000101101101001001000000101101001001101111100000
01101001000110100001010110010000110011001101100011
01001101100011011010011110011001010110000001110000
00001011100101110010111101000100110110100110010100
10100111010011100001001011100000111100000101001011
10001000100011100000001110111000111101101000101110
10001001000010111001010111000111011011000100110111
10101001100101011111010011000011001000011010101010
01011010110000001000011100001101110001101000100110
10101000111001000101101011011000001110101000101011
10101001110101101101000000000011011001100000101101
00101110110101001010010101111000111001011010000110
11101001101010111101101110011011101110000000101011
00001111010100101111000001011001100010101011111000
11110011001111001000111011111001101011011000011000
01011001100111000010100011111100101100100111010101
11010000110101110010011000111100100011001010101111
11110110101001100001001011010100011001100101001010
11101101001010010011100101100000111000111010001011
11010000010011010011011011110110011110100101010111
11111101001101110010010100000011000000111010110001
10101101111101110010110110110000001101111000000000
00101011100110100110011011100010110100111110110111
11101110101111100111101100001001010010110001110100
10110110111001101110111100011101110110101100101011
10011111010001101101110111000110011001011110010010
