00100000100110101001100100001100110111010101001001
00000010010110111111100011100010000110010001101011
00011100000011000010110111100111001000110001000101
01001010100011001100110110011111101010000001101001
01100010000001101011001000000101000001011111110110
00011010000111111001110110110111001001000110000111
01001000110111000101101000110111000110000010100111
01100010110110001111110001001010111000000101100000
11011000000001100000101101101100000010100011110111
10001010011010000001011100100110100000111111000111
11101010111010101010010110100000100001100111000000
00001011111011001001010011000011011100010110111101
10101100000000100111111011111011010011000001111101
01101011100011001101000011000010010100110101011001
01010010111110111100100000010001101110001011111000
00000110001011011100000101000101101101111111111011
11001010010011011100011010100111111111110001001000
10111110100100110000100111010000101110110111010011
01110001010011001110100111000011000001011011001100
00111000010011010110110000010001111111011110111001
00010101111110001000110110010110110010011111111001
11010011100011000101111100100011111001000110010101
01001011010001110111010010101111101000111011011101
01101101001011111010011100101000011100111001011101
11100011010001100001001011011100010111111100101110
00010011111011110100110101111000000000111110011110
01101111011000111100111011110001111011110111000011
00011101101111011101100010100000110011101101100100
11111001010000011101010011010110011001001111111100
11100111100110101111001011000000111111111010011111
