10000000001110011001011010011011011101000000100010
01000000001010000100000110100100110110100001110110
10101011100000110001001110101010000110000011100100
00011010000011111001011001000000110101110010001101
00100000011100100001010110101100001111101100101100
00001000011111010100100011001010111010001000001100
00101000011110000101110100011000110011100000111101
00100100100011100110111011010001110101001001000010
00001100110100111100010101100110001011000000000111
00101000101010110100100110111111010001011111001010
10001110000000010111100110111110001010010101100101
00111000101001010011010101110011101101100101111011
10110000000011110100000000100010100001111100110111
00110000100111001111101001101101110111101011001000
01010111000010111101100010010101110011000011011000
00110010010001110111011011001100110100001111001100
00001100010000111111011110100100001111111010010000
10111110100110000110100010010001000000101011001100
01100110000010110001001111011111001100101111011111
11001001101011110101011001111011001111010001001010
10010111011111111000110010100000110001100100011000
11100010011001011101011010111110111001010101001111
00001001110001101010110100011011111111111010011110
11101110001110011000001011001101101011111000001101
11111110110010000101000111111010100000010010001100
01010110001101000110011010011011010110101111001101
01010111111000101000100011110001011110001001110110
00011101110110111100001101110110010011000101100100
10001101000110111110010001011111110001111011010111
11111111101101010111111100011111011110001111110011
