00110000011001000100110100001110001000000001110110
00001101100110010001101001000000101011100001000110
00000101010010011000100010011010000011010101111100
01000010010001011100101101100000000001000110011110
00011000001111001011011110111011000111000100100110
11010010110001000000011100011011001101110011000001
01110010111001110000010100000101001111010010001110
00100110111001010110100110011100001000001000100111
01100110101101000100100000101011000101110111000011
01011010010000000101101000001111000101001001011000
00001000110010111111101110001110110110000100001111
01101101011001001010111000100011101001010001010110
00110101110011101001010101010010010001100001001110
10111001100000011011001001110000101101010101001101
01100111001010111101101110010011000001011010111000
11000101010000000000010101011101111110001110011010
01111011111100001000000101010100100010111011100011
01101011010001010110110011101001111110100101100001
01011011010010011010010111001001011011110110100000
11111000100001010101000110111100001011110111100000
10100110010011110011111101111010100011001010101111
01110110111101111010111000000101101100100011010101
11101100101101100000100100000101111011011011011010
11011011110010100110111110101100000000010010100100
01101111100110010011110111011111110011010100100101
01000101101011001111100001011111011101100100011110
00011110110110001110011011111110101101110110011110
01011100110101001111010100100000110011011011011101
11111010111110101010111000110101011101001111001111
11011010100010101111111101111111011110111111111000
