41.51 1.0 26.0 -4.0
41.51 1.0 26.0 -4.0
41.51 1.0 26.0 -4.0
41.51 1.0 26.0 -4.0
41.51 1.0 26.0 -4.0
41.51 1.0 26.0 -4.0
41.51 1.0 26.0 -4.0
52.98 1.0 33.0 -6.0
52.98 1.0 33.0 -6.0
54.17 1.0 41.0 -6.0
55.07 1.0 33.0 -6.0
57.42 1.0 28.0 -6.0
57.42 1.0 28.0 -6.0
57.42 1.0 28.0 -6.0
58.06 2.0 36.0 -6.0
58.98 1.0 32.0 -6.0
59.37 3.0 33.0 -6.0
60.4 1.0 37.0 -6.0
60.43 1.0 31.0 -6.0
60.43 1.0 31.0 -6.0
62.09 2.0 31.0 -6.0
63.03 1.0 29.0 -6.0
63.58 3.0 35.0 -7.0
63.58 3.0 35.0 -7.0
63.58 3.0 35.0 -7.0
63.58 3.0 35.0 -7.0
63.58 3.0 35.0 -7.0
63.58 3.0 35.0 -7.0
63.58 3.0 35.0 -7.0
63.58 3.0 35.0 -7.0
63.58 3.0 35.0 -7.0
63.58 3.0 35.0 -7.0
63.58 3.0 35.0 -7.0
63.58 3.0 35.0 -7.0
63.58 3.0 35.0 -7.0
63.58 3.0 35.0 -7.0
63.58 3.0 35.0 -7.0
63.58 3.0 35.0 -7.0
63.58 3.0 35.0 -7.0
63.58 3.0 35.0 -7.0
63.58 3.0 35.0 -7.0
63.58 3.0 35.0 -7.0
63.58 3.0 35.0 -7.0
63.58 3.0 35.0 -7.0
63.58 3.0 35.0 -7.0
63.58 3.0 35.0 -7.0
63.58 3.0 35.0 -7.0
63.58 3.0 35.0 -7.0
63.58 3.0 35.0 -7.0
63.58 3.0 35.0 -7.0
63.58 3.0 35.0 -7.0
63.58 3.0 35.0 -7.0
63.58 3.0 35.0 -7.0
63.58 3.0 35.0 -7.0
63.58 3.0 35.0 -7.0
64.92 1.0 34.0 -6.0
65.1 1.0 31.0 -6.0
67.56 1.0 39.0 -6.0
67.56 1.0 39.0 -6.0
69.58 2.0 50.0 -8.0
70.05 2.0 33.0 -6.0
70.21 1.0 41.0 -8.0
70.98 1.0 35.0 -8.0
71.9 1.0 38.0 -8.0
72.46 2.0 38.0 -8.0
72.48 4.0 36.0 -8.0
72.73 4.0 45.0 -8.0
73.48 3.0 39.0 -8.0
74.91 2.0 42.0 -8.0
75.05 3.0 42.0 -9.0
75.05 3.0 42.0 -9.0
75.16 2.0 33.0 -8.0
75.57 1.0 44.0 -8.0
75.71 4.0 39.0 -9.0
75.81 3.0 51.0 -9.0
76.02 1.0 36.0 -8.0
76.07 4.0 38.0 -9.0
76.07 4.0 38.0 -9.0
76.12 3.0 50.0 -9.0
76.12 3.0 50.0 -9.0
77.05 3.0 44.0 -9.0
77.05 3.0 44.0 -9.0
77.14 3.0 42.0 -9.0
77.14 3.0 42.0 -9.0
77.29 1.0 37.0 -8.0
77.29 1.0 37.0 -8.0
77.42 4.0 45.0 -9.0
77.42 4.0 45.0 -9.0
77.52 3.0 42.0 -9.0
78.48 4.0 45.0 -9.0
78.54 3.0 49.0 -9.0
78.54 3.0 49.0 -9.0
78.58 1.0 40.0 -8.0
78.65 3.0 42.0 -9.0
78.94 1.0 31.0 -8.0
78.94 1.0 31.0 -8.0
79.49 3.0 37.0 -9.0
79.49 3.0 37.0 -9.0
79.49 3.0 37.0 -9.0
79.49 3.0 37.0 -9.0
79.49 3.0 37.0 -9.0
79.76 2.0 36.0 -8.0
79.91 4.0 50.0 -9.0
79.96 1.0 46.0 -8.0
80.68 4.0 40.0 -9.0
80.68 4.0 40.0 -9.0
80.72 5.0 44.0 -9.0
80.73 3.0 45.0 -9.0
80.98 3.0 47.0 -9.0
81.01 3.0 50.0 -9.0
81.44 5.0 42.0 -9.0
81.64 3.0 42.0 -9.0
81.64 3.0 42.0 -9.0
81.66 4.0 42.0 -9.0
81.78 1.0 43.0 -8.0
82.07 3.0 49.0 -9.0
82.33 1.0 42.0 -8.0
82.49 3.0 40.0 -9.0
83.14 2.0 53.0 -8.0
83.26 4.0 43.0 -9.0
83.46 2.0 38.0 -10.0
83.83 1.0 39.0 -8.0
84.07 3.0 52.0 -10.0
84.15 3.0 49.0 -9.0
84.31 3.0 43.0 -9.0
84.57 4.0 42.0 -9.0
84.78 1.0 37.0 -8.0
84.8 3.0 47.0 -9.0
85.01 4.0 47.0 -9.0
85.1 3.0 38.0 -9.0
85.1 3.0 38.0 -9.0
85.1 3.0 38.0 -9.0
85.16 4.0 51.0 -10.0
85.5 4.0 46.0 -10.0
85.58 5.0 49.0 -10.0
85.86 3.0 37.0 -9.0
85.86 3.0 37.0 -9.0
85.86 3.0 37.0 -9.0
85.93 4.0 49.0 -9.0
86.36 3.0 45.0 -9.0
86.62 3.0 44.0 -9.0
87.17 3.0 40.0 -9.0
88.25 4.0 54.0 -11.0
88.52 3.0 51.0 -11.0
88.52 3.0 51.0 -11.0
88.82 3.0 46.0 -9.0
89.2 3.0 54.0 -11.0
89.32 1.0 42.0 -9.0
89.71 3.0 59.0 -11.0
89.72 4.0 46.0 -11.0
90.12 3.0 49.0 -11.0
90.18 3.0 57.0 -11.0
90.53 1.0 43.0 -10.0
90.71 3.0 54.0 -11.0
90.71 1.0 51.0 -10.0
90.89 2.0 40.0 -10.0
90.93 3.0 45.0 -9.0
90.96 3.0 44.0 -11.0
91.17 1.0 37.0 -10.0
91.31 3.0 57.0 -11.0
91.34 2.0 38.0 -10.0
91.56 3.0 40.0 -10.0
92.03 3.0 52.0 -11.0
92.28 3.0 50.0 -11.0
92.48 3.0 57.0 -11.0
93.12 3.0 53.0 -11.0
93.47 3.0 58.0 -11.0
93.69 2.0 52.0 -10.0
94.01 1.0 38.0 -10.0
94.1 1.0 51.0 -10.0
94.21 3.0 54.0 -11.0
94.29 3.0 52.0 -11.0
94.41 6.0 55.0 -11.0
94.48 4.0 54.0 -11.0
94.58 4.0 57.0 -11.0
94.72 3.0 57.0 -11.0
94.73 3.0 64.0 -11.0
94.96 4.0 49.0 -11.0
95.2 3.0 49.0 -11.0
95.88 3.0 50.0 -11.0
96.04 4.0 39.0 -10.0
96.11 3.0 52.0 -11.0
96.52 4.0 55.0 -11.0
96.67 6.0 43.0 -11.0
96.68 4.0 52.0 -11.0
96.71 3.0 49.0 -11.0
97.19 3.0 57.0 -11.0
97.33 3.0 44.0 -11.0
97.33 3.0 54.0 -11.0
97.34 5.0 47.0 -11.0
97.55 3.0 44.0 -11.0
97.64 3.0 43.0 -10.0
97.8 4.0 55.0 -11.0
97.81 3.0 51.0 -11.0
98.09 3.0 45.0 -11.0
98.27 3.0 56.0 -11.0
98.32 3.0 57.0 -11.0
98.44 3.0 49.0 -10.0
98.64 3.0 53.0 -11.0
98.79 3.0 47.0 -10.0
99.04 3.0 57.0 -11.0
99.09 5.0 49.0 -11.0
99.17 2.0 53.0 -10.0
99.28 1.0 49.0 -10.0
99.3 4.0 52.0 -11.0
99.67 4.0 40.0 -11.0
99.95 5.0 46.0 -11.0
99.97 5.0 59.0 -12.0
100.05 3.0 51.0 -11.0
100.17 4.0 45.0 -11.0
100.22 3.0 45.0 -11.0
100.49 1.0 53.0 -10.0
100.55 3.0 50.0 -11.0
100.62 1.0 62.0 -11.0
100.9 2.0 45.0 -10.0
100.92 4.0 49.0 -11.0
101.1 3.0 50.0 -10.0
101.1 3.0 48.0 -11.0
101.11 3.0 47.0 -11.0
101.15 2.0 42.0 -10.0
101.25 4.0 53.0 -11.0
101.53 3.0 49.0 -10.0
101.64 3.0 50.0 -11.0
101.71 2.0 58.0 -12.0
101.74 1.0 41.0 -10.0
101.77 3.0 39.0 -11.0
101.9 3.0 40.0 -10.0
101.94 3.0 58.0 -11.0
102.01 5.0 44.0 -11.0
102.05 3.0 52.0 -11.0
102.17 3.0 43.0 -10.0
102.29 4.0 60.0 -12.0
102.4 3.0 52.0 -11.0
102.4 3.0 52.0 -11.0
102.53 1.0 36.0 -10.0
102.53 1.0 36.0 -10.0
102.86 3.0 69.0 -13.0
102.91 3.0 51.0 -11.0
102.92 4.0 48.0 -11.0
103.01 3.0 47.0 -11.0
103.1 1.0 38.0 -10.0
103.28 5.0 56.0 -12.0
103.54 4.0 55.0 -11.0
103.54 3.0 55.0 -11.0
103.59 1.0 55.0 -12.0
103.62 4.0 54.0 -12.0
103.76 3.0 61.0 -13.0
104.41 3.0 48.0 -11.0
104.44 3.0 53.0 -11.0
104.59 2.0 33.0 -10.0
104.61 2.0 47.0 -12.0
104.91 3.0 53.0 -12.0
105.02 3.0 49.0 -11.0
105.78 3.0 48.0 -11.0
106.08 3.0 55.0 -13.0
106.08 3.0 55.0 -13.0
106.34 5.0 52.0 -13.0
106.89 1.0 50.0 -10.0
106.93 3.0 54.0 -12.0
107.02 2.0 64.0 -10.0
107.04 1.0 40.0 -10.0
107.23 1.0 67.0 -12.0
107.3 5.0 46.0 -11.0
107.52 1.0 63.0 -12.0
107.65 3.0 61.0 -11.0
107.82 4.0 41.0 -11.0
107.83 3.0 46.0 -10.0
107.95 2.0 39.0 -10.0
107.96 1.0 47.0 -12.0
108.43 3.0 50.0 -13.0
108.56 4.0 48.0 -11.0
108.65 3.0 55.0 -11.0
108.67 3.0 58.0 -13.0
108.85 1.0 46.0 -11.0
108.89 3.0 46.0 -11.0
109.38 2.0 52.0 -12.0
110.03 2.0 57.0 -12.0
110.09 5.0 68.0 -13.0
110.28 4.0 69.0 -13.0
110.43 3.0 67.0 -13.0
110.44 3.0 56.0 -13.0
110.46 5.0 56.0 -13.0
110.69 5.0 45.0 -11.0
110.93 6.0 65.0 -12.0
111.34 1.0 50.0 -10.0
111.49 4.0 44.0 -11.0
111.5 3.0 51.0 -13.0
111.64 3.0 52.0 -13.0
112.08 3.0 58.0 -13.0
112.24 4.0 50.0 -13.0
112.86 2.0 41.0 -12.0
113.24 3.0 46.0 -13.0
113.51 4.0 70.0 -11.0
113.53 4.0 64.0 -13.0
114.12 3.0 54.0 -13.0
114.55 2.0 60.0 -12.0
114.99 3.0 62.0 -13.0
115.19 2.0 43.0 -12.0
115.57 1.0 54.0 -12.0
115.95 4.0 62.0 -13.0
116.23 4.0 71.0 -13.0
116.23 4.0 55.0 -13.0
116.24 3.0 49.0 -13.0
116.55 3.0 51.0 -13.0
116.7 4.0 64.0 -13.0
117.05 1.0 57.0 -12.0
117.12 1.0 53.0 -12.0
117.27 3.0 50.0 -13.0
117.34 6.0 47.0 -13.0
117.43 5.0 53.0 -12.0
117.72 3.0 68.0 -13.0
117.93 3.0 56.0 -13.0
118.16 4.0 54.0 -13.0
118.17 1.0 45.0 -12.0
118.28 1.0 53.0 -12.0
118.67 3.0 55.0 -13.0
118.69 1.0 39.0 -12.0
118.69 5.0 62.0 -13.0
118.77 3.0 56.0 -13.0
118.82 3.0 53.0 -13.0
119.0 1.0 48.0 -12.0
119.05 5.0 57.0 -13.0
120.27 3.0 64.0 -13.0
120.39 4.0 64.0 -15.0
120.82 1.0 51.0 -12.0
120.92 4.0 45.0 -12.0
121.13 4.0 53.0 -13.0
121.36 3.0 59.0 -13.0
121.46 3.0 55.0 -13.0
121.49 3.0 49.0 -13.0
122.4 2.0 46.0 -12.0
122.57 3.0 65.0 -13.0
122.83 3.0 60.0 -13.0
122.91 2.0 54.0 -11.0
123.29 3.0 42.0 -13.0
123.47 4.0 60.0 -13.0
124.4 6.0 72.0 -15.0
124.46 4.0 64.0 -15.0
124.55 3.0 79.0 -15.0
124.89 2.0 56.0 -14.0
124.98 4.0 50.0 -13.0
125.23 4.0 72.0 -15.0
125.3 10.0 42.0 -16.0
125.35 5.0 61.0 -13.0
125.82 1.0 55.0 -13.0
125.97 2.0 58.0 -12.0
126.13 3.0 72.0 -15.0
126.82 4.0 55.0 -15.0
127.37 3.0 69.0 -15.0
127.73 3.0 66.0 -13.0
128.3 3.0 50.0 -12.0
128.58 3.0 51.0 -14.0
128.8 3.0 55.0 -15.0
128.96 2.0 54.0 -14.0
129.33 3.0 58.0 -15.0
130.13 1.0 55.0 -12.0
130.13 4.0 67.0 -15.0
130.21 2.0 73.0 -14.0
130.24 3.0 53.0 -12.0
130.43 4.0 60.0 -15.0
130.61 4.0 79.0 -15.0
131.17 5.0 50.0 -15.0
131.21 1.0 47.0 -12.0
131.34 2.0 62.0 -13.0
131.49 3.0 83.0 -17.0
131.67 4.0 65.0 -15.0
131.75 3.0 46.0 -12.0
131.78 1.0 50.0 -12.0
132.58 5.0 67.0 -15.0
132.65 5.0 72.0 -15.0
132.66 2.0 49.0 -14.0
132.76 2.0 55.0 -14.0
132.76 1.0 57.0 -14.0
132.97 4.0 60.0 -15.0
133.04 3.0 63.0 -15.0
133.05 2.0 69.0 -14.0
133.12 3.0 75.0 -15.0
133.31 3.0 55.0 -15.0
133.98 4.0 67.0 -15.0
134.13 4.0 63.0 -15.0
134.22 3.0 59.0 -15.0
134.24 3.0 72.0 -15.0
134.53 4.0 72.0 -15.0
134.6 4.0 58.0 -15.0
135.71 3.0 83.0 -15.0
135.75 2.0 55.0 -14.0
135.98 3.0 69.0 -15.0
135.98 2.0 66.0 -14.0
136.01 1.0 61.0 -14.0
136.77 5.0 73.0 -15.0
136.84 3.0 49.0 -15.0
137.27 3.0 64.0 -15.0
137.7 4.0 86.0 -17.0
137.92 1.0 69.0 -14.0
138.23 5.0 72.0 -17.0
138.25 4.0 78.0 -15.0
138.33 1.0 59.0 -14.0
138.38 7.0 69.0 -15.0
138.5 2.0 45.0 -14.0
138.57 5.0 80.0 -17.0
138.86 1.0 51.0 -14.0
139.15 3.0 77.0 -15.0
139.41 6.0 79.0 -17.0
139.85 1.0 65.0 -14.0
139.89 1.0 54.0 -14.0
139.98 1.0 58.0 -14.0
140.25 5.0 67.0 -15.0
140.29 4.0 71.0 -17.0
140.48 2.0 60.0 -14.0
140.61 3.0 61.0 -14.0
140.94 3.0 72.0 -16.0
140.98 2.0 61.0 -16.0
141.01 3.0 60.0 -14.0
141.09 2.0 58.0 -14.0
141.76 3.0 68.0 -15.0
141.79 6.0 72.0 -17.0
142.26 3.0 55.0 -14.0
142.48 1.0 71.0 -16.0
142.8 1.0 56.0 -14.0
143.46 1.0 58.0 -14.0
143.55 1.0 62.0 -14.0
143.97 2.0 60.0 -14.0
144.59 3.0 58.0 -14.0
145.23 3.0 57.0 -15.0
146.23 4.0 82.0 -17.0
146.93 2.0 53.0 -14.0
146.94 1.0 58.0 -14.0
147.01 3.0 79.0 -17.0
147.52 1.0 58.0 -14.0
147.69 5.0 73.0 -17.0
148.45 3.0 77.0 -17.0
148.69 5.0 55.0 -15.0
149.32 3.0 62.0 -15.0
149.89 2.0 65.0 -16.0
151.17 1.0 62.0 -16.0
151.45 2.0 71.0 -14.0
152.49 4.0 88.0 -17.0
152.92 2.0 83.0 -18.0
153.76 10.0 68.0 -20.0
153.95 3.0 78.0 -17.0
154.03 2.0 68.0 -16.0
154.46 2.0 60.0 -14.0
154.69 7.0 81.0 -18.0
155.1 3.0 72.0 -16.0
155.76 4.0 69.0 -17.0
155.98 1.0 63.0 -16.0
156.43 3.0 63.0 -17.0
156.77 3.0 57.0 -17.0
156.87 3.0 83.0 -17.0
157.05 4.0 78.0 -18.0
157.71 1.0 73.0 -16.0
157.8 5.0 81.0 -18.0
157.91 1.0 89.0 -16.0
158.55 4.0 77.0 -17.0
159.33 3.0 80.0 -19.0
160.14 3.0 58.0 -17.0
160.19 2.0 64.0 -18.0
160.21 1.0 70.0 -16.0
160.34 1.0 63.0 -16.0
160.97 5.0 72.0 -17.0
161.08 5.0 57.0 -17.0
162.22 2.0 81.0 -17.0
162.57 4.0 80.0 -16.0
162.57 4.0 65.0 -16.0
162.7 6.0 84.0 -19.0
162.93 3.0 57.0 -16.0
163.39 4.0 91.0 -19.0
163.49 3.0 52.0 -16.0
163.58 3.0 72.0 -18.0
163.79 8.0 49.0 -17.0
163.8 13.0 70.0 -22.0
163.89 5.0 53.0 -17.0
166.13 2.0 58.0 -16.0
166.19 5.0 48.0 -17.0
166.21 2.0 71.0 -17.0
167.13 1.0 55.0 -16.0
167.42 1.0 86.0 -18.0
168.38 14.0 62.0 -22.0
168.62 4.0 70.0 -18.0
168.72 2.0 69.0 -16.0
170.32 18.0 86.0 -24.0
171.01 2.0 71.0 -18.0
171.56 3.0 75.0 -19.0
171.73 3.0 78.0 -18.0
172.19 1.0 70.0 -18.0
172.92 2.0 67.0 -18.0
173.03 4.0 53.0 -17.0
173.03 2.0 75.0 -20.0
173.54 4.0 69.0 -19.0
173.62 3.0 97.0 -19.0
173.97 3.0 83.0 -19.0
176.15 2.0 83.0 -20.0
176.27 14.0 52.0 -22.0
177.6 3.0 97.0 -21.0
177.9 5.0 55.0 -19.0
178.15 3.0 76.0 -18.0
180.01 6.0 78.0 -21.0
180.48 2.0 83.0 -18.0
180.7 12.0 77.0 -25.0
181.39 3.0 56.0 -18.0
181.47 3.0 75.0 -18.0
182.02 5.0 73.0 -20.0
182.49 13.0 55.0 -22.0
183.09 6.0 76.0 -20.0
183.22 3.0 77.0 -18.0
183.64 5.0 70.0 -21.0
183.91 3.0 68.0 -19.0
184.18 5.0 62.0 -19.0
184.63 5.0 62.0 -19.0
185.16 2.0 71.0 -18.0
185.28 12.0 66.0 -23.0
186.17 16.0 73.0 -24.0
186.36 4.0 67.0 -21.0
187.08 16.0 63.0 -24.0
188.51 3.0 64.0 -18.0
188.76 6.0 60.0 -20.0
189.11 11.0 68.0 -24.0
189.28 3.0 60.0 -20.0
189.58 3.0 71.0 -21.0
191.34 4.0 70.0 -19.0
191.73 5.0 59.0 -19.0
192.19 8.0 82.0 -20.0
192.48 15.0 83.0 -26.0
192.71 4.0 77.0 -21.0
192.72 1.0 86.0 -20.0
193.44 5.0 71.0 -21.0
193.69 1.0 82.0 -20.0
193.72 3.0 78.0 -21.0
194.52 10.0 61.0 -20.0
195.19 6.0 64.0 -20.0
195.45 1.0 68.0 -20.0
195.47 1.0 70.0 -19.0
195.5 2.0 100.0 -20.0
196.57 6.0 75.0 -21.0
196.79 4.0 85.0 -21.0
196.85 3.0 64.0 -18.0
197.67 15.0 91.0 -26.0
198.83 7.0 74.0 -23.0
199.12 5.0 55.0 -20.0
199.21 5.0 69.0 -21.0
199.33 16.0 75.0 -26.0
199.89 6.0 58.0 -21.0
200.58 14.0 86.0 -26.0
200.81 4.0 80.0 -23.0
201.37 3.0 83.0 -20.0
204.7 2.0 67.0 -20.0
204.89 5.0 84.0 -23.0
204.93 4.0 68.0 -21.0
205.53 15.0 76.0 -26.0
205.67 5.0 80.0 -21.0
205.75 18.0 69.0 -25.0
206.1 5.0 66.0 -21.0
206.11 5.0 86.0 -23.0
206.44 5.0 71.0 -23.0
206.79 6.0 82.0 -22.0
206.97 5.0 70.0 -23.0
208.01 16.0 70.0 -26.0
208.05 5.0 66.0 -21.0
208.75 5.0 68.0 -22.0
209.09 5.0 73.0 -23.0
209.38 6.0 67.0 -21.0
209.96 5.0 82.0 -23.0
210.77 16.0 73.0 -27.0
210.91 2.0 82.0 -22.0
211.58 6.0 93.0 -25.0
211.72 15.0 82.0 -28.0
212.03 6.0 73.0 -23.0
213.92 7.0 67.0 -23.0
214.07 16.0 86.0 -28.0
214.23 6.0 72.0 -23.0
214.44 14.0 57.0 -26.0
214.63 15.0 69.0 -26.0
214.84 16.0 82.0 -28.0
215.17 6.0 75.0 -23.0
215.42 1.0 90.0 -24.0
215.65 4.0 71.0 -23.0
215.65 4.0 68.0 -20.0
216.04 7.0 78.0 -23.0
217.18 5.0 92.0 -25.0
217.33 17.0 85.0 -27.0
217.4 18.0 87.0 -28.0
218.37 11.0 82.0 -27.0
218.45 5.0 70.0 -23.0
218.72 6.0 82.0 -25.0
219.65 14.0 75.0 -28.0
220.55 5.0 87.0 -22.0
221.05 6.0 66.0 -23.0
221.36 17.0 106.0 -30.0
221.57 6.0 100.0 -23.0
222.05 18.0 97.0 -30.0
222.22 15.0 84.0 -28.0
223.27 6.0 68.0 -23.0
223.38 4.0 89.0 -24.0
223.69 14.0 71.0 -26.0
223.85 13.0 83.0 -29.0
224.57 6.0 78.0 -23.0
225.01 6.0 69.0 -23.0
225.9 13.0 76.0 -27.0
226.17 18.0 84.0 -30.0
226.63 2.0 81.0 -20.0
227.67 6.0 107.0 -26.0
229.73 15.0 97.0 -30.0
229.77 8.0 75.0 -25.0
230.25 3.0 101.0 -25.0
230.64 15.0 74.0 -28.0
230.77 6.0 86.0 -25.0
231.51 6.0 77.0 -25.0
231.8 14.0 92.0 -28.0
231.87 15.0 91.0 -30.0
232.44 9.0 86.0 -25.0
232.73 16.0 74.0 -28.0
232.93 6.0 77.0 -23.0
233.5 5.0 81.0 -24.0
233.86 14.0 103.0 -30.0
233.95 4.0 105.0 -26.0
234.53 5.0 102.0 -27.0
235.18 9.0 62.0 -25.0
235.23 7.0 89.0 -26.0
235.42 17.0 99.0 -30.0
235.82 5.0 75.0 -25.0
236.04 1.0 91.0 -24.0
236.9 6.0 88.0 -23.0
236.94 3.0 98.0 -27.0
237.04 4.0 114.0 -27.0
237.49 16.0 95.0 -30.0
237.57 6.0 67.0 -23.0
238.01 2.0 104.0 -24.0
238.16 6.0 85.0 -25.0
238.26 20.0 95.0 -32.0
239.25 18.0 91.0 -28.0
240.3 17.0 91.0 -32.0
240.44 16.0 95.0 -30.0
242.57 16.0 73.0 -28.0
242.6 17.0 80.0 -30.0
243.05 4.0 82.0 -25.0
243.31 22.0 104.0 -32.0
243.7 19.0 90.0 -32.0
244.37 5.0 84.0 -27.0
244.85 15.0 78.0 -30.0
245.11 18.0 91.0 -32.0
245.37 6.0 82.0 -25.0
245.87 5.0 104.0 -29.0
246.25 6.0 80.0 -24.0
246.92 4.0 102.0 -29.0
246.97 4.0 91.0 -27.0
247.51 8.0 105.0 -28.0
247.96 6.0 94.0 -29.0
249.19 5.0 76.0 -25.0
249.58 5.0 96.0 -29.0
250.45 6.0 116.0 -29.0
250.92 5.0 79.0 -25.0
251.05 3.0 98.0 -27.0
252.04 18.0 99.0 -32.0
252.35 9.0 75.0 -27.0
252.62 7.0 93.0 -28.0
252.69 7.0 101.0 -29.0
252.81 6.0 94.0 -25.0
253.25 4.0 104.0 -29.0
253.78 6.0 90.0 -28.0
254.21 11.0 94.0 -28.0
254.52 5.0 104.0 -28.0
254.9 18.0 109.0 -34.0
255.02 18.0 82.0 -32.0
255.3 6.0 81.0 -25.0
256.96 18.0 87.0 -32.0
256.96 15.0 83.0 -32.0
258.22 8.0 115.0 -31.0
259.48 4.0 98.0 -27.0
259.82 6.0 95.0 -29.0
259.88 4.0 86.0 -27.0
260.17 5.0 112.0 -27.0
260.98 5.0 110.0 -31.0
261.31 8.0 106.0 -29.0
261.33 7.0 82.0 -27.0
262.0 5.0 103.0 -29.0
262.61 20.0 93.0 -34.0
263.86 7.0 112.0 -29.0
264.45 5.0 87.0 -28.0
264.94 9.0 97.0 -29.0
265.33 17.0 103.0 -32.0
265.79 12.0 100.0 -32.0
266.02 8.0 93.0 -27.0
266.04 20.0 111.0 -34.0
266.71 20.0 87.0 -34.0
266.79 5.0 95.0 -27.0
267.09 5.0 118.0 -29.0
267.19 8.0 93.0 -27.0
267.44 18.0 106.0 -34.0
267.83 6.0 87.0 -27.0
267.91 7.0 109.0 -31.0
268.64 15.0 82.0 -32.0
268.98 22.0 97.0 -34.0
269.68 5.0 111.0 -31.0
269.99 7.0 104.0 -30.0
270.09 6.0 130.0 -30.0
270.79 10.0 93.0 -29.0
271.17 5.0 113.0 -30.0
271.37 5.0 112.0 -29.0
272.48 21.0 96.0 -34.0
272.79 5.0 104.0 -30.0
273.46 23.0 102.0 -36.0
273.95 4.0 104.0 -29.0
273.99 16.0 88.0 -32.0
275.93 17.0 98.0 -32.0
280.02 8.0 121.0 -33.0
280.09 7.0 127.0 -33.0
280.23 8.0 125.0 -33.0
280.58 6.0 108.0 -31.0
280.94 15.0 104.0 -33.0
282.17 5.0 109.0 -31.0
282.28 18.0 96.0 -34.0
282.38 6.0 129.0 -34.0
282.59 5.0 106.0 -31.0
283.49 16.0 111.0 -34.0
283.89 21.0 85.0 -34.0
283.94 20.0 107.0 -36.0
284.2 20.0 98.0 -34.0
284.27 22.0 132.0 -37.0
284.76 18.0 106.0 -36.0
286.61 8.0 121.0 -32.0
286.83 22.0 105.0 -36.0
287.05 6.0 113.0 -31.0
288.0 21.0 102.0 -36.0
288.35 9.0 97.0 -29.0
290.33 21.0 110.0 -37.0
290.34 7.0 90.0 -30.0
290.48 5.0 124.0 -33.0
291.67 7.0 102.0 -32.0
291.78 26.0 110.0 -36.0
293.75 10.0 98.0 -32.0
295.75 8.0 120.0 -34.0
296.1 6.0 116.0 -34.0
296.16 4.0 104.0 -31.0
296.51 6.0 126.0 -35.0
297.17 15.0 88.0 -31.0
297.31 19.0 131.0 -38.0
297.38 25.0 107.0 -38.0
299.98 9.0 122.0 -33.0
300.91 6.0 107.0 -31.0
301.14 5.0 117.0 -31.0
302.81 19.0 98.0 -36.0
302.82 5.0 120.0 -33.0
304.12 6.0 109.0 -32.0
304.26 19.0 101.0 -38.0
305.23 5.0 115.0 -32.0
305.41 21.0 129.0 -38.0
306.47 7.0 125.0 -33.0
306.47 5.0 132.0 -35.0
306.99 9.0 119.0 -33.0
308.31 23.0 100.0 -38.0
308.92 6.0 109.0 -35.0
309.22 8.0 135.0 -36.0
310.81 21.0 93.0 -38.0
311.13 23.0 123.0 -40.0
312.51 19.0 111.0 -38.0
312.96 25.0 127.0 -40.0
313.79 5.0 120.0 -35.0
314.23 8.0 131.0 -35.0
314.36 16.0 88.0 -33.0
314.96 6.0 119.0 -35.0
316.69 8.0 136.0 -37.0
316.83 8.0 116.0 -34.0
317.21 7.0 126.0 -35.0
317.77 6.0 117.0 -35.0
318.26 22.0 114.0 -38.0
318.64 6.0 151.0 -37.0
319.27 7.0 155.0 -35.0
319.68 6.0 141.0 -35.0
320.47 17.0 74.0 -33.0
321.95 5.0 122.0 -35.0
324.52 5.0 131.0 -35.0
324.56 6.0 101.0 -33.0
326.92 18.0 112.0 -38.0
327.72 22.0 124.0 -39.0
328.01 7.0 110.0 -34.0
328.74 6.0 116.0 -33.0
330.83 8.0 150.0 -37.0
335.55 8.0 131.0 -37.0
335.66 3.0 204.0 -41.0
338.35 21.0 129.0 -40.0
339.23 18.0 85.0 -35.0
339.68 17.0 98.0 -35.0
341.63 6.0 143.0 -37.0
343.85 10.0 130.0 -37.0
344.72 17.0 89.0 -36.0
346.15 9.0 146.0 -39.0
350.04 21.0 86.0 -35.0
350.47 10.0 154.0 -41.0
353.29 8.0 142.0 -38.0
354.6 6.0 149.0 -41.0
355.41 7.0 147.0 -41.0
356.0 7.0 129.0 -38.0
357.18 23.0 128.0 -44.0
357.52 13.0 106.0 -37.0
359.01 9.0 161.0 -41.0
359.69 7.0 130.0 -39.0
360.33 12.0 120.0 -38.0
360.98 8.0 153.0 -39.0
361.61 19.0 96.0 -37.0
362.92 8.0 143.0 -39.0
366.76 6.0 154.0 -38.0
367.56 8.0 141.0 -42.0
368.9 5.0 212.0 -43.0
369.06 3.0 220.0 -43.0
370.47 19.0 93.0 -39.0
375.32 20.0 95.0 -39.0
377.83 23.0 142.0 -46.0
378.46 25.0 109.0 -41.0
382.25 3.0 200.0 -43.0
383.27 19.0 91.0 -39.0
384.3 16.0 100.0 -41.0
385.01 20.0 82.0 -37.0
388.18 20.0 83.0 -39.0
389.38 22.0 105.0 -41.0
389.6 8.0 187.0 -45.0
391.16 18.0 107.0 -41.0
394.02 25.0 106.0 -43.0
395.18 11.0 136.0 -43.0
396.34 19.0 111.0 -41.0
397.22 10.0 183.0 -43.0
397.74 4.0 216.0 -45.0
398.89 19.0 100.0 -41.0
399.35 4.0 184.0 -45.0
399.74 24.0 111.0 -43.0
401.89 27.0 150.0 -48.0
403.47 4.0 226.0 -47.0
403.73 3.0 257.0 -49.0
403.98 3.0 239.0 -45.0
405.67 4.0 175.0 -43.0
406.68 4.0 214.0 -45.0
407.28 4.0 219.0 -47.0
408.45 3.0 242.0 -47.0
408.5 3.0 217.0 -43.0
408.94 3.0 192.0 -45.0
408.94 18.0 107.0 -41.0
412.87 3.0 201.0 -45.0
415.57 3.0 255.0 -49.0
416.5 23.0 101.0 -41.0
417.78 9.0 175.0 -47.0
418.54 23.0 98.0 -43.0
421.04 3.0 245.0 -49.0
424.01 6.0 251.0 -50.0
424.83 21.0 98.0 -43.0
425.01 24.0 110.0 -45.0
426.01 19.0 106.0 -43.0
426.89 20.0 112.0 -45.0
427.54 21.0 104.0 -43.0
428.61 22.0 111.0 -43.0
428.82 22.0 108.0 -45.0
431.51 22.0 103.0 -45.0
431.99 20.0 112.0 -43.0
433.18 22.0 114.0 -45.0
435.28 23.0 97.0 -45.0
435.29 23.0 109.0 -45.0
435.39 3.0 253.0 -51.0
436.33 19.0 106.0 -43.0
436.73 23.0 110.0 -45.0
437.71 3.0 218.0 -47.0
438.33 3.0 237.0 -49.0
439.89 20.0 108.0 -45.0
441.02 22.0 105.0 -45.0
442.18 24.0 105.0 -45.0
442.48 4.0 252.0 -51.0
442.68 3.0 249.0 -51.0
442.94 3.0 265.0 -51.0
443.06 26.0 120.0 -47.0
443.18 27.0 130.0 -49.0
443.29 27.0 121.0 -47.0
443.48 3.0 242.0 -49.0
443.57 22.0 117.0 -45.0
444.96 24.0 106.0 -47.0
445.05 27.0 118.0 -47.0
445.92 4.0 237.0 -51.0
446.24 3.0 261.0 -51.0
446.37 26.0 102.0 -45.0
446.73 9.0 164.0 -47.0
447.15 6.0 256.0 -51.0
449.41 22.0 128.0 -47.0
450.75 22.0 123.0 -47.0
451.29 25.0 118.0 -47.0
452.07 22.0 120.0 -47.0
453.18 19.0 108.0 -45.0
453.68 3.0 247.0 -50.0
456.23 3.0 250.0 -50.0
456.75 24.0 120.0 -49.0
456.91 3.0 238.0 -49.0
457.21 22.0 128.0 -48.0
457.83 3.0 246.0 -51.0
458.59 4.0 244.0 -51.0
461.25 3.0 240.0 -51.0
462.85 24.0 118.0 -47.0
463.62 25.0 119.0 -45.0
464.07 21.0 118.0 -46.0
464.56 4.0 249.0 -53.0
466.07 3.0 236.0 -51.0
467.55 3.0 239.0 -51.0
467.68 23.0 107.0 -45.0
467.71 24.0 122.0 -47.0
467.9 26.0 120.0 -48.0
467.9 27.0 124.0 -49.0
473.13 27.0 119.0 -47.0
473.29 25.0 123.0 -48.0
474.81 3.0 269.0 -53.0
477.03 27.0 125.0 -49.0
477.96 3.0 251.0 -53.0
478.27 3.0 259.0 -53.0
478.95 33.0 135.0 -51.0
481.18 29.0 137.0 -53.0
482.51 4.0 269.0 -55.0
482.85 4.0 294.0 -56.0
483.92 4.0 255.0 -53.0
484.03 28.0 120.0 -51.0
484.6 23.0 110.0 -49.0
485.24 24.0 112.0 -49.0
487.3 27.0 131.0 -51.0
487.59 31.0 133.0 -53.0
487.81 26.0 129.0 -51.0
488.47 3.0 245.0 -53.0
489.75 4.0 280.0 -55.0
491.73 3.0 271.0 -55.0
492.08 22.0 128.0 -49.0
492.13 27.0 145.0 -53.0
493.07 3.0 280.0 -55.0
494.12 26.0 125.0 -49.0
494.19 25.0 142.0 -53.0
494.42 3.0 268.0 -53.0
495.88 6.0 297.0 -56.0
496.59 3.0 295.0 -57.0
497.91 3.0 276.0 -55.0
498.31 28.0 121.0 -51.0
498.79 29.0 130.0 -52.0
499.48 3.0 281.0 -55.0
499.67 26.0 125.0 -51.0
500.03 3.0 296.0 -58.0
500.98 26.0 133.0 -53.0
501.45 29.0 123.0 -51.0
501.7 4.0 293.0 -59.0
503.13 29.0 127.0 -53.0
503.3 3.0 284.0 -57.0
503.81 4.0 250.0 -55.0
506.56 5.0 257.0 -57.0
506.6 3.0 284.0 -59.0
506.99 31.0 133.0 -53.0
507.81 26.0 122.0 -51.0
509.89 3.0 314.0 -59.0
510.77 27.0 129.0 -53.0
512.64 28.0 139.0 -53.0
515.42 3.0 286.0 -57.0
518.09 22.0 125.0 -51.0
519.17 4.0 284.0 -57.0
519.23 3.0 267.0 -57.0
521.89 3.0 296.0 -56.0
522.13 4.0 273.0 -57.0
522.61 26.0 126.0 -53.0
522.92 32.0 133.0 -55.0
523.46 3.0 281.0 -57.0
524.66 3.0 282.0 -58.0
524.87 25.0 138.0 -53.0
525.64 3.0 273.0 -59.0
527.3 4.0 313.0 -59.0
528.91 3.0 245.0 -57.0
532.28 30.0 149.0 -55.0
532.59 3.0 263.0 -57.0
533.93 27.0 150.0 -55.0
534.29 27.0 147.0 -57.0
534.86 3.0 277.0 -59.0
536.95 3.0 297.0 -59.0
538.07 4.0 324.0 -62.0
539.14 6.0 320.0 -62.0
540.71 3.0 302.0 -61.0
541.34 5.0 282.0 -59.0
542.4 5.0 300.0 -60.0
542.42 5.0 316.0 -63.0
547.28 5.0 314.0 -61.0
548.8 3.0 315.0 -61.0
548.9 4.0 300.0 -61.0
550.09 4.0 295.0 -61.0
552.63 4.0 306.0 -61.0
554.52 3.0 299.0 -61.0
554.91 3.0 295.0 -61.0
555.49 4.0 300.0 -62.0
556.04 4.0 302.0 -61.0
558.8 3.0 305.0 -61.0
560.03 3.0 271.0 -61.0
561.18 5.0 328.0 -63.0
561.31 3.0 281.0 -61.0
566.53 3.0 321.0 -63.0
567.97 34.0 136.0 -58.0
568.73 31.0 135.0 -57.0
568.95 28.0 163.0 -59.0
570.81 5.0 301.0 -63.0
579.24 29.0 148.0 -59.0
584.11 3.0 311.0 -65.0
592.94 4.0 335.0 -66.0
595.2 32.0 167.0 -61.0
606.51 4.0 350.0 -67.0
610.11 4.0 325.0 -68.0
613.31 6.0 328.0 -67.0
669.04 36.0 158.0 -67.0
693.01 5.0 363.0 -77.0
