966.59 56.0 382.0 -101.0
972.36 52.0 381.0 -99.0
979.8 52.0 415.0 -105.0
996.82 61.0 401.0 -106.0
998.33 58.0 390.0 -103.0
1006.53 57.0 408.0 -107.0
1025.57 58.0 413.0 -106.0
1046.59 58.0 395.0 -110.0
1049.9 52.0 382.0 -107.0
1053.91 52.0 414.0 -108.0
1070.14 57.0 438.0 -111.0
1073.86 55.0 379.0 -114.0
1082.08 59.0 408.0 -112.0
1083.25 59.0 449.0 -114.0
1083.51 53.0 452.0 -115.0
1090.22 58.0 464.0 -115.0
1102.9 62.0 430.0 -116.0
1103.94 55.0 467.0 -116.0
1120.93 60.0 459.0 -117.0
1128.97 59.0 418.0 -116.0
1133.38 63.0 436.0 -119.0
1143.52 64.0 446.0 -117.0
1144.35 66.0 452.0 -118.0
1164.2 63.0 464.0 -121.0
1165.83 64.0 459.0 -122.0
1183.23 62.0 476.0 -124.0
1184.87 62.0 466.0 -126.0
1211.82 71.0 459.0 -124.0
1219.84 66.0 486.0 -124.0
1220.1 64.0 465.0 -121.0
