3340.0 -25.0
3440.0 -91.0
3440.0 -55.0
3490.0 -658.0
3490.0 -69.0
3540.0 -744.0
3570.0 -145.0
3620.0 -155.0
3630.0 -100.0
3730.0 -67.0
3740.0 -685.0
3740.0 -256.0
3750.0 -50.0
3800.0 -88.0
3810.0 -224.0
3820.0 -106.0
3830.0 -64.0
3830.0 -47.0
3840.0 -200.0
3850.0 -120.0
3860.0 -103.0
3880.0 -137.0
3880.0 -97.0
3880.0 -82.0
3880.0 -34.0
3890.0 -189.0
3890.0 -103.0
3900.0 -66.0
3920.0 -165.0
3920.0 -83.0
3930.0 -251.0
3930.0 -133.0
3940.0 -35.0
3960.0 -633.0
3960.0 -149.0
3960.0 -124.0
3980.0 -114.0
3990.0 -133.0
4000.0 -175.0
4010.0 -121.0
4010.0 -80.0
4030.0 -62.0
4040.0 -276.0
4040.0 -67.0
4060.0 -720.0
4060.0 -109.0
4080.0 -99.0
4090.0 -622.0
4090.0 -125.0
4090.0 -92.0
4090.0 -22.0
4100.0 -236.0
4100.0 -185.0
4100.0 -67.0
4110.0 -774.0
4110.0 -268.0
4120.0 -87.0
4140.0 -92.0
4150.0 -710.0
4150.0 -221.0
4160.0 -40.0
4170.0 -167.0
4170.0 -92.0
4170.0 -89.0
4180.0 -62.0
4200.0 -55.0
4210.0 -658.0
4210.0 -92.0
4220.0 -804.0
4230.0 -829.0
4230.0 -768.0
4250.0 -112.0
4250.0 -95.0
4260.0 -723.0
4260.0 -57.0
4270.0 -723.0
4270.0 -653.0
4280.0 -128.0
4300.0 -197.0
4300.0 -96.0
4300.0 -87.0
4320.0 -553.0
4330.0 -717.0
4330.0 -710.0
4330.0 -155.0
4340.0 -200.0
4350.0 -270.0
4370.0 -634.0
4370.0 -618.0
4370.0 -138.0
4370.0 -105.0
4380.0 -163.0
4390.0 -743.0
4390.0 -61.0
4400.0 -817.0
4400.0 -173.0
4400.0 -164.0
4410.0 -718.0
4410.0 -154.0
4410.0 -103.0
4420.0 -776.0
4420.0 -93.0
4430.0 -107.0
4440.0 -702.0
4440.0 -58.0
4440.0 -30.0
4450.0 -135.0
4450.0 -89.0
4450.0 -30.0
4470.0 -58.0
4480.0 -127.0
4480.0 -73.0
4490.0 -653.0
4490.0 -579.0
4490.0 -96.0
4490.0 -89.0
4510.0 -782.0
4510.0 -565.0
4510.0 -55.0
4520.0 -214.0
4530.0 -870.0
4530.0 -759.0
4530.0 -155.0
4530.0 -120.0
4540.0 -690.0
4540.0 -637.0
4540.0 -176.0
4540.0 -27.0
4550.0 -684.0
4550.0 -648.0
4560.0 -134.0
4570.0 -846.0
4570.0 -684.0
4570.0 -206.0
4570.0 -139.0
4570.0 -80.0
4570.0 0.0
4580.0 -880.0
4580.0 -713.0
4580.0 -22.0
4590.0 -596.0
4590.0 -148.0
4600.0 -773.0
4600.0 -542.0
4600.0 -56.0
4610.0 -677.0
4610.0 -669.0
4610.0 -114.0
4620.0 -27.0
4630.0 -699.0
4630.0 -168.0
4630.0 -83.0
4650.0 -119.0
4660.0 -637.0
4660.0 -130.0
4670.0 -863.0
4670.0 -699.0
4670.0 -174.0
4670.0 -22.0
4680.0 -846.0
4680.0 -831.0
4680.0 -165.0
4680.0 -130.0
4680.0 -127.0
4680.0 -113.0
4680.0 -40.0
4700.0 -917.0
4700.0 -690.0
4700.0 -650.0
4700.0 -101.0
4710.0 -739.0
4710.0 -52.0
4720.0 -773.0
4720.0 -697.0
4720.0 -226.0
4730.0 -784.0
4730.0 -625.0
4730.0 -176.0
4740.0 -659.0
4740.0 -103.0
4750.0 -759.0
4750.0 -172.0
4760.0 -851.0
4760.0 -777.0
4760.0 -746.0
4770.0 -667.0
4780.0 -753.0
4780.0 -636.0
4780.0 -165.0
4780.0 -140.0
4780.0 -67.0
4790.0 -693.0
4790.0 -662.0
4790.0 -66.0
4790.0 -55.0
4800.0 -81.0
4810.0 -121.0
4810.0 -100.0
4810.0 -34.0
4820.0 -192.0
4830.0 -766.0
4830.0 -674.0
4830.0 -574.0
4830.0 -91.0
4830.0 -65.0
4840.0 -61.0
4850.0 -93.0
4860.0 -795.0
4860.0 -642.0
4860.0 -607.0
4860.0 -114.0
4860.0 -93.0
4860.0 -88.0
4870.0 -588.0
4870.0 -171.0
4870.0 -130.0
4870.0 -52.0
4880.0 -817.0
4880.0 -165.0
4880.0 -157.0
4890.0 -698.0
4890.0 -124.0
4900.0 -700.0
4900.0 -654.0
4900.0 -103.0
4910.0 -173.0
4910.0 -115.0
4920.0 -832.0
4920.0 -780.0
4920.0 -119.0
4930.0 -694.0
4930.0 -159.0
4940.0 -711.0
4940.0 -269.0
4940.0 -237.0
4960.0 -122.0
4960.0 -91.0
4970.0 -761.0
4970.0 -600.0
4970.0 -143.0
4970.0 -121.0
4970.0 -95.0
4980.0 -141.0
4990.0 -694.0
4990.0 -652.0
4990.0 -597.0
5000.0 -67.0
5010.0 -837.0
5010.0 -807.0
5010.0 -798.0
5010.0 -731.0
5020.0 -850.0
5020.0 -818.0
5020.0 -791.0
5020.0 -717.0
5020.0 -124.0
5030.0 -899.0
5030.0 -745.0
5030.0 -182.0
5040.0 -849.0
5040.0 -662.0
5040.0 -179.0
5060.0 -52.0
5070.0 -651.0
5070.0 0.0
5080.0 -579.0
5080.0 -146.0
5080.0 -91.0
5090.0 -749.0
5090.0 -163.0
5100.0 -930.0
5100.0 -902.0
5110.0 -779.0
5120.0 -916.0
5120.0 -837.0
5120.0 -219.0
5120.0 -33.0
5140.0 -778.0
5150.0 -791.0
5150.0 -222.0
5150.0 -128.0
5150.0 -118.0
5150.0 -66.0
5160.0 -801.0
5160.0 -759.0
5160.0 -90.0
5160.0 -61.0
5170.0 -781.0
5180.0 -859.0
5190.0 -61.0
5200.0 -823.0
5200.0 -130.0
5200.0 -113.0
5210.0 -720.0
5210.0 -689.0
5220.0 -814.0
5230.0 -649.0
5230.0 -622.0
5240.0 -835.0
5240.0 -828.0
5240.0 -809.0
5240.0 -688.0
5240.0 -673.0
5250.0 -850.0
5250.0 -723.0
5250.0 -123.0
5260.0 -852.0
5260.0 -31.0
5270.0 -882.0
5270.0 -842.0
5270.0 -751.0
5280.0 -875.0
5290.0 -549.0
5300.0 -858.0
5310.0 -865.0
5310.0 -688.0
5310.0 -666.0
5310.0 -225.0
5310.0 -153.0
5310.0 -30.0
5310.0 0.0
5320.0 -744.0
5320.0 -723.0
5330.0 -852.0
5330.0 -822.0
5330.0 -808.0
5330.0 -153.0
5360.0 -729.0
5370.0 -828.0
5370.0 -751.0
5370.0 -96.0
5370.0 -75.0
5380.0 -168.0
5390.0 -782.0
5390.0 -579.0
5390.0 -87.0
5410.0 -849.0
5410.0 -173.0
5420.0 -745.0
5430.0 -775.0
5430.0 -640.0
5430.0 -89.0
5450.0 -713.0
5450.0 -687.0
5450.0 -612.0
5460.0 -875.0
5470.0 -893.0
5470.0 -755.0
5480.0 -685.0
5480.0 -84.0
5490.0 -919.0
5490.0 -900.0
5490.0 -638.0
5500.0 -743.0
5500.0 -572.0
5520.0 -945.0
5530.0 -679.0
5550.0 -842.0
5550.0 -797.0
5640.0 -791.0
5640.0 -771.0
5650.0 -716.0
5650.0 -679.0
5660.0 -727.0
5670.0 -297.0
5680.0 -823.0
5680.0 -566.0
5690.0 -861.0
5690.0 -810.0
5690.0 -775.0
5690.0 -209.0
5700.0 -768.0
5710.0 -782.0
5720.0 -739.0
5760.0 -744.0
5780.0 -796.0
5780.0 -665.0
5790.0 -797.0
5800.0 -82.0
5810.0 -854.0
5830.0 -729.0
5830.0 -293.0
5840.0 -777.0
5850.0 -791.0
5850.0 -141.0
5870.0 -771.0
5880.0 -825.0
5900.0 -694.0
5930.0 -185.0
6010.0 -71.0
6020.0 -817.0
6040.0 -783.0
6070.0 -729.0
6110.0 -780.0
6150.0 -763.0
6230.0 -111.0
6240.0 -997.0
6250.0 -815.0
6280.0 -700.0
6310.0 -675.0
7750.0 -1216.0
7790.0 -1150.0
7960.0 -1326.0
8130.0 -1145.0
8160.0 -1332.0
8200.0 -1274.0
8240.0 -1194.0
8260.0 -1235.0
8300.0 -1478.0
8300.0 -1320.0
8310.0 -1251.0
8320.0 -1229.0
8370.0 -1326.0
8380.0 -1379.0
8440.0 -1262.0
8450.0 -1203.0
8460.0 -1255.0
8470.0 -1374.0
8480.0 -1444.0
8570.0 -1403.0
8570.0 -1395.0
8610.0 -1355.0
8640.0 -1413.0
8640.0 -1400.0
8690.0 -1319.0
8690.0 -1280.0
8710.0 -1275.0
8720.0 -1320.0
8720.0 -1233.0
8730.0 -1255.0
8760.0 -1427.0
8760.0 -1234.0
8840.0 -1500.0
8840.0 -1394.0
8840.0 -1332.0
8860.0 -1280.0
8900.0 -1135.0
8920.0 -1467.0
8940.0 -1462.0
8980.0 -1410.0
8990.0 -1373.0
8990.0 -1236.0
9010.0 -1445.0
9020.0 -1470.0
9030.0 -1140.0
9060.0 -1335.0
9070.0 -1411.0
9070.0 -1380.0
9110.0 -1486.0
9110.0 -1276.0
9120.0 -1349.0
9120.0 -1244.0
9190.0 -1479.0
9190.0 -1242.0
9210.0 -1357.0
9220.0 -1343.0
9220.0 -1202.0
9250.0 -1368.0
9290.0 -1477.0
9290.0 -1295.0
9310.0 -1265.0
9320.0 -1519.0
9330.0 -1437.0
9350.0 -1414.0
9370.0 -1442.0
9370.0 -1366.0
9410.0 -1094.0
9440.0 -1366.0
9460.0 -1531.0
9460.0 -1356.0
9460.0 -1332.0
9470.0 -1278.0
9480.0 -1300.0
9500.0 -1386.0
9540.0 -1399.0
9660.0 -1430.0
9670.0 -1352.0
9670.0 -1253.0
9680.0 -1412.0
9690.0 -1169.0
9750.0 -1354.0
9770.0 -1378.0
9770.0 -1295.0
9780.0 -1493.0
9880.0 -1383.0
9900.0 -1379.0
9940.0 -1232.0
10010.0 -1505.0
10070.0 -1419.0
10080.0 -1401.0
10140.0 -1246.0
10150.0 -1503.0
10160.0 -1289.0
10170.0 -1269.0
10270.0 -1406.0
10290.0 -1610.0
10340.0 -1386.0
10360.0 -1254.0
10370.0 -1257.0
10950.0 -1427.0
14510.0 -2029.0
15010.0 -2118.0
15190.0 -2116.0
15200.0 -2268.0
15260.0 -2211.0
15330.0 -2353.0
15340.0 -2224.0
15410.0 -2128.0
15440.0 -2167.0
15510.0 -2185.0
15570.0 -2040.0
15690.0 -1941.0
15790.0 -2207.0
15830.0 -2247.0
15880.0 -2060.0
15920.0 -2264.0
15920.0 -2066.0
15930.0 -2184.0
15940.0 -2132.0
15960.0 -2274.0
15970.0 -2287.0
15980.0 -2180.0
16060.0 -2178.0
16070.0 -2052.0
16080.0 -2017.0
16100.0 -2251.0
16100.0 -2084.0
16180.0 -2230.0
16180.0 -1999.0
16190.0 -2275.0
16270.0 -2352.0
16270.0 -2154.0
16280.0 -2114.0
16300.0 -2213.0
16330.0 -2115.0
16390.0 -2247.0
16420.0 -2252.0
16430.0 -2199.0
16430.0 -2044.0
16440.0 -2111.0
16460.0 -2048.0
16470.0 -2220.0
16470.0 -2152.0
16540.0 -2316.0
16550.0 -2366.0
16580.0 -2231.0
16610.0 -2314.0
16610.0 -2091.0
16610.0 -1937.0
16630.0 -2270.0
16650.0 -2331.0
16660.0 -2298.0
16740.0 -2288.0
16760.0 -2420.0
16770.0 -2234.0
16800.0 -2093.0
16820.0 -2388.0
16820.0 -2185.0
16860.0 -2240.0
16860.0 -2177.0
16870.0 -2199.0
16880.0 -2362.0
16910.0 -2192.0
16940.0 -2098.0
16970.0 -2287.0
16990.0 -2127.0
17010.0 -2268.0
17010.0 -2036.0
17060.0 -2310.0
17060.0 -2144.0
17170.0 -2330.0
17170.0 -2227.0
17190.0 -2269.0
17230.0 -2372.0
17240.0 -2229.0
17280.0 -2265.0
17320.0 -2263.0
17330.0 -2149.0
17380.0 -2228.0
17390.0 -2111.0
17420.0 -2152.0
17460.0 -2254.0
17500.0 -2175.0
17510.0 -2324.0
17540.0 -2534.0
17590.0 -2115.0
17630.0 -2373.0
17640.0 -2340.0
17670.0 -2303.0
17730.0 -2260.0
17910.0 -2378.0
17920.0 -2258.0
17940.0 -2445.0
18000.0 -2529.0
18020.0 -2468.0
18040.0 -2367.0
18040.0 -2202.0
18140.0 -2517.0
18140.0 -2427.0
18160.0 -2428.0
18250.0 -2487.0
18250.0 -2272.0
18410.0 -2657.0
18500.0 -2345.0
18550.0 -2273.0
18560.0 -2669.0
18630.0 -2332.0
18740.0 -2365.0
18760.0 -2475.0
18790.0 -2277.0
18810.0 -2384.0
18820.0 -2392.0
18860.0 -2364.0
18880.0 -2634.0
18960.0 -2605.0
18960.0 -2345.0
19010.0 -2363.0
19050.0 -2488.0
19050.0 -2451.0
19090.0 -2498.0
19100.0 -2630.0
19200.0 -2547.0
19260.0 -2438.0
19300.0 -2584.0
19330.0 -2732.0
19430.0 -2325.0
19510.0 -2647.0
19550.0 -2630.0
19550.0 -2383.0
19590.0 -2391.0
19640.0 -2436.0
19640.0 -2296.0
19640.0 -2293.0
19650.0 -2483.0
19650.0 -2468.0
19700.0 -2394.0
19720.0 -2572.0
19730.0 -2599.0
19730.0 -2388.0
19750.0 -2420.0
19760.0 -2359.0
19770.0 -2444.0
19790.0 -2463.0
19810.0 -2535.0
19840.0 -2523.0
19840.0 -2326.0
19850.0 -2653.0
19880.0 -2546.0
19880.0 -2444.0
19890.0 -2519.0
19930.0 -2692.0
19970.0 -2165.0
20020.0 -2634.0
20050.0 -2568.0
20070.0 -2542.0
20130.0 -2416.0
20180.0 -2245.0
20220.0 -2477.0
20260.0 -2400.0
20290.0 -2599.0
20300.0 -2739.0
20340.0 -2661.0
20370.0 -2426.0
20400.0 -2536.0
20430.0 -2518.0
20440.0 -2412.0
20470.0 -2526.0
20480.0 -2581.0
20530.0 -2590.0
20550.0 -2423.0
20590.0 -2674.0
20650.0 -2735.0
20660.0 -2522.0
20690.0 -2606.0
20690.0 -2485.0
20770.0 -2420.0
20780.0 -2509.0
20840.0 -2552.0
20890.0 -2478.0
20940.0 -2432.0
20960.0 -2416.0
21020.0 -2703.0
21050.0 -2584.0
21080.0 -2622.0
21090.0 -2726.0
21130.0 -2617.0
21170.0 -2692.0
21210.0 -2575.0
21270.0 -2628.0
21290.0 -2645.0
21290.0 -2540.0
21310.0 -2413.0
21350.0 -2654.0
21350.0 -2578.0
21390.0 -2760.0
21430.0 -2770.0
21460.0 -2397.0
21560.0 -2483.0
21670.0 -2710.0
21790.0 -2595.0
21900.0 -2703.0
21900.0 -2538.0
21910.0 -2611.0
21950.0 -2766.0
21960.0 -2821.0
21970.0 -2586.0
22030.0 -2975.0
22080.0 -2770.0
22120.0 -2613.0
22130.0 -2619.0
22160.0 -2670.0
22190.0 -2763.0
22320.0 -2735.0
22410.0 -2653.0
22450.0 -2834.0
22480.0 -2651.0
22480.0 -2628.0
22490.0 -2679.0
22500.0 -2803.0
22530.0 -2601.0
22590.0 -2846.0
22640.0 -2782.0
22640.0 -2730.0
22660.0 -2782.0
22700.0 -2675.0
22780.0 -2702.0
22810.0 -2806.0
22810.0 -2644.0
22820.0 -2552.0
22840.0 -2677.0
22850.0 -2631.0
22870.0 -2779.0
22870.0 -2608.0
22890.0 -2874.0
22900.0 -2722.0
22930.0 -2629.0
22950.0 -2814.0
22980.0 -2737.0
22990.0 -2614.0
23030.0 -2719.0
23030.0 -2556.0
23040.0 -2665.0
23080.0 -2757.0
23100.0 -2713.0
23140.0 -2791.0
23160.0 -2840.0
23200.0 -2927.0
23220.0 -2864.0
23250.0 -2760.0
23290.0 -2750.0
23370.0 -2920.0
23390.0 -2766.0
23430.0 -2778.0
23450.0 -2610.0
23460.0 -2927.0
23480.0 -2776.0
23480.0 -2772.0
23510.0 -2770.0
23530.0 -2950.0
23600.0 -2987.0
23600.0 -2885.0
23600.0 -2617.0
23640.0 -2921.0
23650.0 -2742.0
23680.0 -2900.0
23740.0 -2817.0
23780.0 -2754.0
23810.0 -2636.0
23830.0 -2753.0
23840.0 -2888.0
23840.0 -2796.0
23890.0 -2666.0
23910.0 -2830.0
23930.0 -2719.0
23990.0 -2851.0
23990.0 -2838.0
23990.0 -2670.0
24020.0 -3000.0
24070.0 -3114.0
24100.0 -2746.0
24100.0 -2670.0
24140.0 -3032.0
24140.0 -2718.0
24190.0 -2711.0
24200.0 -2574.0
24240.0 -2697.0
24250.0 -2491.0
24290.0 -2679.0
24300.0 -2639.0
24350.0 -2793.0
24390.0 -2824.0
24480.0 -2763.0
24500.0 -2733.0
24530.0 -2844.0
24600.0 -2917.0
24600.0 -2822.0
24760.0 -3047.0
24870.0 -2954.0
24970.0 -2839.0
25040.0 -2755.0
26460.0 -2815.0
26470.0 -3174.0
26760.0 -3060.0
26930.0 -3032.0
26940.0 -2825.0
27000.0 -3089.0
27010.0 -3040.0
27020.0 -3168.0
27220.0 -2948.0
27310.0 -2929.0
27480.0 -2740.0
27720.0 -3024.0
27800.0 -3002.0
27830.0 -2773.0
27900.0 -3093.0
27940.0 -3070.0
27980.0 -2972.0
28000.0 -2994.0
28080.0 -3193.0
28110.0 -3211.0
28130.0 -2994.0
28140.0 -2929.0
28150.0 -3042.0
28170.0 -3186.0
28180.0 -2827.0
28190.0 -3050.0
28200.0 -3088.0
28200.0 -2978.0
28230.0 -3103.0
28310.0 -2956.0
28310.0 -2875.0
28320.0 -3133.0
28380.0 -3105.0
28400.0 -3156.0
28400.0 -3031.0
28430.0 -3036.0
28460.0 -3024.0
28490.0 -3108.0
28510.0 -3209.0
28510.0 -3029.0
28520.0 -2871.0
28540.0 -3142.0
28540.0 -2872.0
28580.0 -3237.0
28590.0 -3167.0
28610.0 -3091.0
28620.0 -2928.0
28640.0 -3098.0
28650.0 -3097.0
28650.0 -2957.0
28660.0 -3218.0
28670.0 -3088.0
28670.0 -3007.0
28680.0 -3183.0
28690.0 -2953.0
28700.0 -3065.0
28720.0 -3165.0
28720.0 -3022.0
28730.0 -3193.0
28750.0 -3218.0
28750.0 -3157.0
28750.0 -3071.0
28760.0 -3039.0
28770.0 -3052.0
28820.0 -3203.0
28820.0 -3054.0
28840.0 -3101.0
28860.0 -3309.0
28860.0 -3273.0
28860.0 -3103.0
28870.0 -3140.0
28870.0 -2991.0
28870.0 -2955.0
28880.0 -3058.0
28910.0 -3198.0
28920.0 -3273.0
28920.0 -2904.0
28930.0 -3195.0
28940.0 -3180.0
28940.0 -3073.0
28940.0 -2973.0
28940.0 -2926.0
28960.0 -3180.0
28960.0 -2681.0
28970.0 -3092.0
29000.0 -3366.0
29000.0 -3016.0
29010.0 -3054.0
29020.0 -3176.0
29020.0 -3045.0
29020.0 -2960.0
29050.0 -3085.0
29060.0 -3027.0
29070.0 -2782.0
29140.0 -3170.0
29140.0 -3162.0
29140.0 -3087.0
29160.0 -3269.0
29230.0 -3244.0
29230.0 -3061.0
29230.0 -2860.0
29260.0 -3040.0
29280.0 -3216.0
29290.0 -2990.0
29320.0 -3035.0
29330.0 -2936.0
29360.0 -3110.0
29380.0 -3032.0
29420.0 -3347.0
29420.0 -3247.0
29420.0 -3096.0
29420.0 -2953.0
29440.0 -3295.0
29490.0 -3334.0
29490.0 -3227.0
29500.0 -3011.0
29510.0 -3175.0
29530.0 -3054.0
29550.0 -3133.0
29560.0 -3077.0
29570.0 -3131.0
29570.0 -2969.0
29580.0 -3262.0
29580.0 -3087.0
29600.0 -3145.0
29600.0 -3142.0
29610.0 -2951.0
29680.0 -3052.0
29690.0 -3347.0
29690.0 -3229.0
29700.0 -3170.0
29700.0 -3023.0
29710.0 -3073.0
29720.0 -3303.0
29720.0 -3067.0
29730.0 -3330.0
29740.0 -3188.0
29740.0 -3162.0
29740.0 -3085.0
29770.0 -3166.0
29790.0 -3222.0
29790.0 -3027.0
29800.0 -3111.0
29810.0 -3267.0
29820.0 -3107.0
29850.0 -2934.0
29860.0 -3045.0
29870.0 -3270.0
29880.0 -3064.0
29890.0 -3242.0
29890.0 -3177.0
29890.0 -3151.0
29910.0 -3276.0
29910.0 -3213.0
29930.0 -3164.0
29930.0 -3127.0
29940.0 -3048.0
29960.0 -3312.0
29970.0 -3301.0
29970.0 -3215.0
29970.0 -3059.0
30000.0 -2951.0
30020.0 -3018.0
30030.0 -2905.0
30050.0 -3083.0
30060.0 -3362.0
30060.0 -3089.0
30070.0 -3004.0
30080.0 -3000.0
30110.0 -3114.0
30120.0 -2959.0
30130.0 -3033.0
30200.0 -3020.0
30240.0 -3231.0
30270.0 -3069.0
30310.0 -3364.0
30320.0 -3251.0
30360.0 -3149.0
30370.0 -3251.0
30410.0 -3317.0
30420.0 -3223.0
30430.0 -3093.0
30430.0 -3054.0
30440.0 -3169.0
30440.0 -3060.0
30520.0 -3168.0
30550.0 -3206.0
30570.0 -3171.0
30570.0 -3149.0
30640.0 -3088.0
30700.0 -3286.0
30710.0 -3251.0
30740.0 -2896.0
30760.0 -3279.0
30760.0 -3123.0
30880.0 -3001.0
30890.0 -3217.0
31230.0 -3178.0
31470.0 -3046.0
31480.0 -3272.0
