2890.0 -102.0
3060.0 -63.0
3200.0 0.0
3270.0 -91.0
3360.0 -160.0
3460.0 -189.0
3480.0 -188.0
3520.0 -115.0
3520.0 -74.0
3660.0 -231.0
3670.0 -147.0
3700.0 -28.0
3750.0 -167.0
3760.0 -594.0
3790.0 -164.0
3810.0 -25.0
3840.0 -143.0
3850.0 -80.0
3860.0 -286.0
3880.0 -590.0
3900.0 0.0
3910.0 -144.0
3910.0 -141.0
3910.0 -61.0
3930.0 -210.0
3940.0 -117.0
3940.0 -65.0
3940.0 -20.0
3950.0 -122.0
3950.0 -103.0
3950.0 -64.0
3950.0 -56.0
3960.0 -144.0
3970.0 -575.0
3970.0 -237.0
3970.0 -134.0
3970.0 -90.0
3980.0 -738.0
3980.0 -652.0
3990.0 -100.0
4020.0 -165.0
4020.0 -131.0
4030.0 -88.0
4070.0 -159.0
4070.0 0.0
4080.0 -667.0
4080.0 -36.0
4090.0 -160.0
4090.0 0.0
4110.0 -733.0
4130.0 -669.0
4140.0 -124.0
4150.0 -539.0
4160.0 -783.0
4160.0 -554.0
4160.0 -527.0
4180.0 -816.0
4180.0 -794.0
4200.0 -36.0
4200.0 0.0
4210.0 -682.0
4220.0 -150.0
4220.0 -116.0
4220.0 -94.0
4230.0 -637.0
4230.0 -584.0
4230.0 -127.0
4230.0 -86.0
4230.0 -36.0
4240.0 -675.0
4240.0 -152.0
4240.0 -27.0
4250.0 -30.0
4260.0 -564.0
4260.0 -122.0
4260.0 -113.0
4260.0 -109.0
4270.0 -586.0
4270.0 -209.0
4270.0 -148.0
4270.0 -116.0
4270.0 -87.0
4270.0 -70.0
4280.0 -712.0
4280.0 -560.0
4290.0 -142.0
4300.0 -83.0
4300.0 -77.0
4300.0 -55.0
4300.0 -36.0
4310.0 -156.0
4310.0 -98.0
4310.0 -22.0
4320.0 -172.0
4330.0 -595.0
4330.0 -154.0
4340.0 -858.0
4350.0 -620.0
4350.0 -128.0
4360.0 -855.0
4360.0 -668.0
4360.0 -187.0
4360.0 -66.0
4370.0 -740.0
4370.0 -95.0
4370.0 -92.0
4370.0 -25.0
4380.0 -29.0
4390.0 -767.0
4390.0 -628.0
4390.0 -622.0
4390.0 -88.0
4390.0 -77.0
4400.0 -259.0
4400.0 -143.0
4400.0 -116.0
4410.0 -542.0
4410.0 -156.0
4420.0 -679.0
4420.0 -608.0
4430.0 -914.0
4430.0 -690.0
4430.0 -582.0
4430.0 -224.0
4440.0 -629.0
4440.0 -543.0
4440.0 -244.0
4440.0 -169.0
4440.0 -160.0
4440.0 -149.0
4440.0 -70.0
4440.0 -64.0
4450.0 -908.0
4450.0 -651.0
4450.0 -66.0
4450.0 -66.0
4460.0 -616.0
4460.0 -139.0
4460.0 -127.0
4460.0 -119.0
4460.0 -31.0
4470.0 -797.0
4470.0 -74.0
4480.0 -723.0
4480.0 -147.0
4480.0 -120.0
4480.0 -93.0
4480.0 -66.0
4490.0 -618.0
4490.0 -181.0
4490.0 -87.0
4490.0 -85.0
4500.0 -834.0
4500.0 -772.0
4500.0 -181.0
4500.0 -92.0
4510.0 -739.0
4510.0 -173.0
4520.0 -122.0
4530.0 -762.0
4530.0 -60.0
4540.0 -620.0
4540.0 -173.0
4540.0 -164.0
4550.0 -619.0
4550.0 -156.0
4550.0 -123.0
4550.0 -108.0
4550.0 0.0
4560.0 -213.0
4560.0 -157.0
4560.0 -84.0
4570.0 -878.0
4570.0 -685.0
4570.0 -606.0
4570.0 -187.0
4570.0 -170.0
4580.0 -912.0
4580.0 -629.0
4580.0 -95.0
4580.0 -93.0
4590.0 -141.0
4590.0 -119.0
4590.0 -106.0
4590.0 -76.0
4610.0 -676.0
4610.0 -626.0
4610.0 -122.0
4610.0 -116.0
4620.0 -767.0
4620.0 -187.0
4620.0 -139.0
4620.0 -97.0
4630.0 -793.0
4630.0 -637.0
4630.0 -44.0
4640.0 -742.0
4640.0 -228.0
4650.0 -950.0
4650.0 -693.0
4650.0 -629.0
4650.0 -600.0
4650.0 -27.0
4670.0 -721.0
4670.0 -712.0
4670.0 -683.0
4670.0 -193.0
4670.0 -179.0
4670.0 -91.0
4670.0 -36.0
4680.0 -642.0
4680.0 -191.0
4680.0 -30.0
4690.0 -737.0
4690.0 -724.0
4690.0 -612.0
4690.0 -115.0
4690.0 -73.0
4690.0 -35.0
4700.0 -750.0
4700.0 -743.0
4710.0 -889.0
4710.0 -161.0
4710.0 0.0
4720.0 -663.0
4720.0 -122.0
4720.0 -121.0
4730.0 -501.0
4740.0 -819.0
4740.0 -800.0
4740.0 -577.0
4750.0 -658.0
4750.0 -180.0
4760.0 -76.0
4770.0 -833.0
4770.0 -101.0
4780.0 -157.0
4780.0 -99.0
4780.0 -51.0
4790.0 -148.0
4790.0 -62.0
4800.0 -95.0
4800.0 -89.0
4810.0 -940.0
4810.0 -751.0
4810.0 -715.0
4810.0 -516.0
4810.0 -91.0
4820.0 -806.0
4820.0 -183.0
4820.0 -159.0
4820.0 -57.0
4830.0 -652.0
4830.0 -644.0
4830.0 -58.0
4840.0 -773.0
4850.0 -788.0
4850.0 -767.0
4850.0 -710.0
4850.0 -182.0
4850.0 -94.0
4850.0 -85.0
4860.0 -801.0
4860.0 -738.0
4860.0 -90.0
4880.0 0.0
4890.0 -195.0
4900.0 -609.0
4900.0 -161.0
4910.0 -829.0
4910.0 -829.0
4910.0 -822.0
4910.0 -95.0
4910.0 -83.0
4920.0 -875.0
4920.0 -859.0
4920.0 -858.0
4920.0 -182.0
4920.0 -83.0
4930.0 -782.0
4930.0 -654.0
4940.0 -196.0
4970.0 -810.0
4970.0 -643.0
4970.0 -86.0
4980.0 -711.0
4980.0 -579.0
4980.0 -263.0
5000.0 -692.0
5020.0 -788.0
5030.0 -61.0
5040.0 -907.0
5040.0 -691.0
5040.0 -641.0
5050.0 -980.0
5050.0 -766.0
5050.0 -639.0
5050.0 -200.0
5060.0 -671.0
5060.0 -668.0
5060.0 -633.0
5060.0 -610.0
5070.0 -186.0
5070.0 -133.0
5080.0 -1012.0
5080.0 -881.0
5080.0 -558.0
5090.0 -780.0
5100.0 -840.0
5100.0 -777.0
5100.0 -674.0
5110.0 -719.0
5110.0 -701.0
5110.0 -663.0
5110.0 -144.0
5140.0 -732.0
5140.0 -77.0
5150.0 -915.0
5150.0 -628.0
5150.0 -170.0
5160.0 -750.0
5170.0 -791.0
5170.0 -775.0
5190.0 -763.0
5190.0 -152.0
5190.0 -91.0
5190.0 -22.0
5200.0 -713.0
5210.0 -897.0
5210.0 -738.0
5220.0 -831.0
5220.0 -811.0
5230.0 -685.0
5230.0 -152.0
5240.0 -777.0
5260.0 -597.0
5280.0 -792.0
5290.0 -897.0
5310.0 -797.0
5310.0 -715.0
5310.0 -96.0
5320.0 -106.0
5330.0 -155.0
5350.0 -583.0
5350.0 -580.0
5360.0 -823.0
5380.0 -815.0
5410.0 -628.0
5420.0 -719.0
5430.0 -120.0
5430.0 -52.0
5440.0 -811.0
5440.0 -637.0
5450.0 -664.0
5460.0 -860.0
5470.0 -791.0
5470.0 -737.0
5480.0 -621.0
5490.0 -986.0
5490.0 -947.0
5490.0 -725.0
5500.0 -744.0
5510.0 -877.0
5510.0 -759.0
5530.0 -867.0
5530.0 -124.0
5560.0 -806.0
5560.0 -248.0
5560.0 -117.0
5580.0 -566.0
5590.0 -955.0
5590.0 -688.0
5620.0 -113.0
5630.0 -732.0
5650.0 -861.0
5650.0 -785.0
5650.0 -724.0
5670.0 -797.0
5680.0 -939.0
5680.0 -774.0
5690.0 -867.0
5700.0 -827.0
5710.0 -763.0
5760.0 -896.0
5760.0 -864.0
5780.0 -143.0
5810.0 -743.0
5820.0 -692.0
5840.0 -881.0
5860.0 -950.0
5860.0 -867.0
5870.0 -632.0
5880.0 -842.0
5890.0 -683.0
5940.0 -649.0
5950.0 -769.0
5970.0 -899.0
6000.0 -761.0
6020.0 -842.0
6110.0 -876.0
6930.0 -1455.0
6950.0 -1226.0
7340.0 -1375.0
7390.0 -1242.0
7540.0 -1268.0
7560.0 -1386.0
7630.0 -1393.0
7670.0 -1266.0
7750.0 -1234.0
7780.0 -1269.0
7780.0 -1151.0
7800.0 -1453.0
7850.0 -1308.0
7900.0 -1225.0
7920.0 -1165.0
7940.0 -1191.0
8040.0 -1236.0
8040.0 -1214.0
8060.0 -1345.0
8090.0 -1309.0
8100.0 -1329.0
8130.0 -1323.0
8130.0 -1227.0
8140.0 -1445.0
8190.0 -1397.0
8190.0 -1260.0
8260.0 -1308.0
8270.0 -1322.0
8280.0 -1414.0
8310.0 -1397.0
8310.0 -1311.0
8320.0 -1377.0
8330.0 -1294.0
8340.0 -1322.0
8380.0 -1252.0
8390.0 -1323.0
8390.0 -1322.0
8430.0 -1342.0
8430.0 -1325.0
8450.0 -1142.0
8460.0 -1473.0
8470.0 -1276.0
8470.0 -1165.0
8500.0 -1363.0
8520.0 -1304.0
8530.0 -1423.0
8530.0 -1353.0
8560.0 -1244.0
8570.0 -1475.0
8570.0 -1345.0
8580.0 -1441.0
8590.0 -1286.0
8600.0 -1544.0
8610.0 -1470.0
8630.0 -1312.0
8630.0 -1262.0
8650.0 -1457.0
8690.0 -1297.0
8700.0 -1314.0
8710.0 -1322.0
8720.0 -1608.0
8720.0 -1458.0
8770.0 -1175.0
8800.0 -1422.0
8800.0 -1355.0
8810.0 -1370.0
8870.0 -1386.0
8890.0 -1215.0
8900.0 -1429.0
8900.0 -1378.0
8900.0 -1372.0
8930.0 -1264.0
8980.0 -1290.0
9010.0 -1476.0
9010.0 -1233.0
9050.0 -1347.0
9100.0 -1334.0
9140.0 -1207.0
9190.0 -1319.0
9200.0 -1298.0
9220.0 -1470.0
9230.0 -1378.0
9250.0 -1377.0
9250.0 -1376.0
9260.0 -1498.0
9260.0 -1459.0
9310.0 -1395.0
9310.0 -1355.0
9400.0 -1175.0
9420.0 -1514.0
9440.0 -1390.0
9540.0 -1336.0
9570.0 -1370.0
9580.0 -1279.0
9610.0 -1369.0
9670.0 -1492.0
9810.0 -1283.0
9840.0 -1282.0
10030.0 -1613.0
10050.0 -1305.0
13980.0 -2053.0
14410.0 -2207.0
14930.0 -1982.0
15070.0 -2255.0
15360.0 -2091.0
15400.0 -2174.0
15420.0 -2014.0
15500.0 -2128.0
15610.0 -1994.0
15690.0 -2186.0
15740.0 -2291.0
15770.0 -2203.0
15820.0 -2130.0
15820.0 -2044.0
15850.0 -2014.0
15880.0 -2078.0
15960.0 -2271.0
16000.0 -1999.0
16050.0 -2227.0
16060.0 -2043.0
16100.0 -2015.0
16120.0 -2125.0
16130.0 -1997.0
16160.0 -2168.0
16200.0 -2165.0
16210.0 -2271.0
16260.0 -2026.0
16310.0 -2209.0
16320.0 -2303.0
16330.0 -2132.0
16340.0 -2141.0
16350.0 -2310.0
16370.0 -2124.0
16450.0 -2026.0
16460.0 -2152.0
16470.0 -2062.0
16480.0 -2329.0
16480.0 -2246.0
16490.0 -2145.0
16520.0 -2140.0
16560.0 -2069.0
16620.0 -2391.0
16620.0 -2247.0
16640.0 -1991.0
16670.0 -2116.0
16720.0 -2244.0
16750.0 -2215.0
16780.0 -2241.0
16780.0 -2182.0
16790.0 -2145.0
16880.0 -2278.0
16920.0 -2182.0
16950.0 -2262.0
16980.0 -2029.0
17010.0 -2245.0
17040.0 -2202.0
17080.0 -2177.0
17090.0 -2364.0
17120.0 -2226.0
17180.0 -2232.0
17260.0 -1986.0
17300.0 -2103.0
17360.0 -2398.0
17370.0 -2340.0
17370.0 -2166.0
17390.0 -2206.0
17420.0 -2246.0
17420.0 -2192.0
17500.0 -2219.0
17570.0 -2377.0
17570.0 -2197.0
17620.0 -2139.0
17630.0 -2262.0
17650.0 -2289.0
17690.0 -2317.0
17700.0 -2203.0
17740.0 -2143.0
17770.0 -2252.0
17800.0 -2357.0
17950.0 -2393.0
17950.0 -2314.0
18020.0 -2179.0
18030.0 -2217.0
18050.0 -2390.0
18070.0 -2404.0
18090.0 -2293.0
18130.0 -2299.0
18140.0 -2349.0
18170.0 -2215.0
18180.0 -2476.0
18230.0 -2418.0
18240.0 -2218.0
18260.0 -2016.0
18270.0 -2293.0
18270.0 -2167.0
18320.0 -1994.0
18390.0 -2262.0
18560.0 -2198.0
18660.0 -2388.0
18660.0 -2328.0
18760.0 -2337.0
18830.0 -2397.0
18870.0 -2361.0
18940.0 -2425.0
19120.0 -2339.0
19150.0 -2593.0
19160.0 -2411.0
19170.0 -2469.0
19190.0 -2720.0
19360.0 -2744.0
19380.0 -2560.0
19380.0 -2542.0
19390.0 -2610.0
19390.0 -2275.0
19420.0 -2427.0
19490.0 -2448.0
19540.0 -2597.0
19560.0 -2439.0
19570.0 -2699.0
19670.0 -2412.0
19720.0 -2603.0
19750.0 -2729.0
19780.0 -2353.0
19800.0 -2479.0
19860.0 -2728.0
19890.0 -2426.0
19920.0 -2575.0
19940.0 -2519.0
19940.0 -2293.0
20020.0 -2510.0
20020.0 -2449.0
20050.0 -2653.0
20050.0 -2517.0
20080.0 -2513.0
20090.0 -2481.0
20110.0 -2449.0
20140.0 -2457.0
20160.0 -2428.0
20180.0 -2661.0
20190.0 -2459.0
20210.0 -2486.0
20240.0 -2624.0
20290.0 -2633.0
20290.0 -2561.0
20290.0 -2522.0
20330.0 -2634.0
20370.0 -2752.0
20390.0 -2416.0
20410.0 -2694.0
20410.0 -2554.0
20450.0 -2766.0
20480.0 -2491.0
20480.0 -2402.0
20540.0 -2578.0
20540.0 -2561.0
20610.0 -2422.0
20650.0 -2376.0
20670.0 -2487.0
20700.0 -2431.0
20730.0 -2279.0
20760.0 -2387.0
20800.0 -2581.0
20850.0 -2368.0
20860.0 -2605.0
20890.0 -2492.0
20910.0 -2453.0
20930.0 -2390.0
20950.0 -2755.0
20970.0 -2540.0
20980.0 -2743.0
21010.0 -2760.0
21020.0 -2411.0
21050.0 -2491.0
21110.0 -2597.0
21160.0 -2462.0
21170.0 -2556.0
21180.0 -2690.0
21190.0 -2607.0
21210.0 -2569.0
21240.0 -2530.0
21260.0 -2594.0
21260.0 -2498.0
21310.0 -2660.0
21320.0 -2785.0
21430.0 -2556.0
21440.0 -2716.0
21440.0 -2706.0
21490.0 -2466.0
21500.0 -2464.0
21510.0 -2693.0
21560.0 -2733.0
21630.0 -2475.0
21660.0 -2704.0
21670.0 -2763.0
21690.0 -2481.0
21730.0 -2570.0
21750.0 -2622.0
21780.0 -2689.0
21810.0 -2520.0
21840.0 -2727.0
21940.0 -2629.0
22010.0 -2588.0
22040.0 -2546.0
22080.0 -2711.0
22130.0 -2794.0
22140.0 -2802.0
22280.0 -2849.0
22340.0 -2803.0
22370.0 -2496.0
22370.0 -2473.0
22390.0 -2583.0
22410.0 -2457.0
22420.0 -2832.0
22450.0 -2847.0
22450.0 -2657.0
22480.0 -2720.0
22490.0 -2705.0
22500.0 -2706.0
22500.0 -2690.0
22510.0 -2441.0
22550.0 -2730.0
22620.0 -2606.0
22630.0 -2383.0
22680.0 -2683.0
22720.0 -2759.0
22800.0 -2884.0
22840.0 -2777.0
22840.0 -2739.0
22850.0 -2798.0
22850.0 -2712.0
22870.0 -2688.0
22870.0 -2605.0
22870.0 -2562.0
22890.0 -2804.0
22920.0 -2618.0
22970.0 -2722.0
22990.0 -2868.0
23010.0 -2711.0
23030.0 -2874.0
23040.0 -2964.0
23080.0 -2764.0
23110.0 -2809.0
23110.0 -2624.0
23140.0 -2546.0
23160.0 -2773.0
23210.0 -2704.0
23230.0 -2750.0
23230.0 -2625.0
23250.0 -2846.0
23270.0 -2647.0
23280.0 -2750.0
23300.0 -2773.0
23330.0 -2748.0
23340.0 -2731.0
23340.0 -2727.0
23360.0 -2780.0
23360.0 -2664.0
23370.0 -2633.0
23390.0 -2698.0
23400.0 -2772.0
23430.0 -2680.0
23460.0 -2627.0
23490.0 -2572.0
23500.0 -2600.0
23560.0 -2924.0
23620.0 -2760.0
23690.0 -2884.0
23690.0 -2571.0
23730.0 -2907.0
23730.0 -2864.0
23810.0 -2536.0
23850.0 -2654.0
23860.0 -2927.0
23860.0 -2826.0
23880.0 -2783.0
23880.0 -2704.0
23890.0 -2782.0
23900.0 -2653.0
24010.0 -2737.0
24030.0 -2768.0
24040.0 -2772.0
24040.0 -2556.0
24120.0 -2896.0
24140.0 -2780.0
24240.0 -3002.0
24250.0 -2781.0
24260.0 -2581.0
24270.0 -2718.0
24280.0 -2731.0
24440.0 -2692.0
24600.0 -2797.0
24600.0 -2768.0
24620.0 -2751.0
24730.0 -2893.0
24760.0 -2578.0
24850.0 -2862.0
24940.0 -2874.0
24970.0 -2699.0
25080.0 -2819.0
25120.0 -2492.0
26780.0 -3205.0
27020.0 -2919.0
27100.0 -2982.0
27130.0 -3047.0
27260.0 -2968.0
27410.0 -3019.0
27510.0 -2952.0
27530.0 -3151.0
27560.0 -2950.0
27570.0 -3118.0
27660.0 -3102.0
27670.0 -3216.0
27700.0 -3043.0
27720.0 -3246.0
27760.0 -3075.0
27820.0 -3208.0
27820.0 -2776.0
27840.0 -3236.0
27990.0 -3210.0
28010.0 -3016.0
28020.0 -3001.0
28100.0 -3205.0
28110.0 -3054.0
28110.0 -2967.0
28120.0 -2840.0
28140.0 -3186.0
28140.0 -3138.0
28140.0 -2973.0
28190.0 -2976.0
28200.0 -2999.0
28220.0 -2931.0
28230.0 -3061.0
28230.0 -3013.0
28280.0 -3096.0
28290.0 -3030.0
28300.0 -3176.0
28310.0 -3105.0
28310.0 -3025.0
28350.0 -3179.0
28430.0 -3100.0
28430.0 -2991.0
28450.0 -3241.0
28450.0 -3073.0
28550.0 -2995.0
28560.0 -3060.0
28570.0 -3111.0
28590.0 -3078.0
28590.0 -2863.0
28610.0 -3128.0
28630.0 -3255.0
28630.0 -3047.0
28630.0 -2939.0
28660.0 -3097.0
28670.0 -3149.0
28690.0 -3231.0
28690.0 -3138.0
28700.0 -3173.0
28720.0 -3207.0
28750.0 -3087.0
28780.0 -3141.0
28780.0 -2973.0
28820.0 -3146.0
28830.0 -3114.0
28830.0 -3106.0
28840.0 -3125.0
28840.0 -3079.0
28860.0 -2877.0
28880.0 -3077.0
28880.0 -2923.0
28900.0 -3294.0
28920.0 -3244.0
28920.0 -3110.0
28920.0 -2939.0
28970.0 -3285.0
28970.0 -3068.0
28970.0 -3039.0
28980.0 -3237.0
28980.0 -3051.0
28990.0 -3017.0
29000.0 -3054.0
29000.0 -2994.0
29010.0 -3193.0
29010.0 -2949.0
29020.0 -3000.0
29020.0 -2977.0
29030.0 -3061.0
29030.0 -3024.0
29060.0 -2998.0
29070.0 -3266.0
29090.0 -3036.0
29110.0 -2961.0
29120.0 -3353.0
29120.0 -3348.0
29130.0 -3220.0
29140.0 -3268.0
29140.0 -3058.0
29140.0 -3005.0
29150.0 -3112.0
29160.0 -2889.0
29170.0 -3066.0
29170.0 -2867.0
29170.0 -2814.0
29180.0 -3042.0
29180.0 -2887.0
29200.0 -3168.0
29210.0 -3081.0
29210.0 -2962.0
29220.0 -3030.0
29230.0 -3187.0
29240.0 -3061.0
29240.0 -2948.0
29250.0 -3051.0
29270.0 -3293.0
29270.0 -3124.0
29280.0 -3029.0
29300.0 -3039.0
29310.0 -3102.0
29320.0 -3236.0
29340.0 -2760.0
29350.0 -3205.0
29360.0 -3056.0
29380.0 -3121.0
29390.0 -3059.0
29400.0 -2964.0
29410.0 -3215.0
29410.0 -3203.0
29430.0 -3332.0
29430.0 -3296.0
29460.0 -3221.0
29460.0 -3166.0
29460.0 -3098.0
29490.0 -3258.0
29530.0 -3161.0
29530.0 -3154.0
29530.0 -3115.0
29540.0 -3067.0
29610.0 -3043.0
29610.0 -2931.0
29610.0 -2858.0
29640.0 -3132.0
29650.0 -3066.0
29660.0 -3136.0
29670.0 -3288.0
29690.0 -3138.0
29700.0 -3169.0
29730.0 -3162.0
29760.0 -3074.0
29760.0 -3015.0
29780.0 -3348.0
29790.0 -3137.0
29800.0 -3262.0
29800.0 -3068.0
29800.0 -3023.0
29840.0 -3017.0
29860.0 -3018.0
29900.0 -3167.0
29900.0 -2984.0
29920.0 -3243.0
29920.0 -3198.0
29930.0 -3355.0
29950.0 -3027.0
29990.0 -3386.0
30000.0 -3086.0
30080.0 -3234.0
30080.0 -3171.0
30080.0 -3115.0
30080.0 -2981.0
30100.0 -3256.0
30140.0 -3278.0
30160.0 -3222.0
30170.0 -3081.0
30180.0 -3195.0
30190.0 -3200.0
30240.0 -3191.0
30290.0 -3218.0
30290.0 -3050.0
30340.0 -3258.0
30360.0 -3019.0
30370.0 -2713.0
30420.0 -3237.0
30430.0 -3253.0
30490.0 -3261.0
30550.0 -3077.0
30560.0 -3274.0
30590.0 -3225.0
30620.0 -3077.0
30620.0 -3048.0
30650.0 -3162.0
30680.0 -3172.0
30710.0 -3185.0
30770.0 -3161.0
30800.0 -2901.0
30850.0 -3086.0
30920.0 -3321.0
31000.0 -3135.0
31010.0 -3092.0
31110.0 -3051.0
31190.0 -3076.0
31280.0 -3228.0
31530.0 -3202.0
