222.0 11.0 52.0 -10.5
222.0 11.0 52.0 -10.5
222.0 11.0 52.0 -10.5
222.0 11.0 52.0 -10.5
222.0 11.0 52.0 -10.5
222.0 11.0 52.0 -10.5
222.0 11.0 52.0 -10.5
222.0 11.0 52.0 -10.5
224.6 9.0 58.0 -10.5
224.6 9.0 58.0 -10.5
224.6 9.0 58.0 -10.5
224.6 9.0 58.0 -10.5
224.6 9.0 58.0 -10.5
224.6 9.0 58.0 -10.5
224.6 9.0 58.0 -10.5
224.6 9.0 58.0 -10.5
224.6 9.0 58.0 -10.5
224.6 9.0 58.0 -10.5
224.6 9.0 58.0 -10.5
224.6 9.0 58.0 -10.5
224.6 9.0 58.0 -10.5
224.6 9.0 58.0 -10.5
224.6 9.0 58.0 -10.5
224.6 9.0 58.0 -10.5
224.6 9.0 58.0 -10.5
224.6 9.0 58.0 -10.5
224.6 9.0 58.0 -10.5
224.6 9.0 58.0 -10.5
224.6 9.0 58.0 -10.5
224.6 9.0 58.0 -10.5
224.6 9.0 58.0 -10.5
224.6 9.0 58.0 -10.5
224.6 9.0 58.0 -10.5
224.6 9.0 58.0 -10.5
224.6 9.0 58.0 -10.5
224.6 9.0 58.0 -10.5
225.1 10.0 53.0 -10.5
225.1 10.0 53.0 -10.5
225.1 10.0 53.0 -10.5
225.1 10.0 53.0 -10.5
225.1 10.0 53.0 -10.5
225.1 10.0 53.0 -10.5
225.1 10.0 53.0 -10.5
225.1 10.0 53.0 -10.5
225.1 10.0 53.0 -10.5
225.1 10.0 53.0 -10.5
225.1 10.0 53.0 -10.5
225.1 10.0 53.0 -10.5
225.1 10.0 53.0 -10.5
225.1 10.0 53.0 -10.5
225.1 10.0 53.0 -10.5
225.1 10.0 53.0 -10.5
225.1 10.0 53.0 -10.5
225.1 10.0 53.0 -10.5
225.1 10.0 53.0 -10.5
226.3 8.0 67.0 -10.5
226.3 8.0 67.0 -10.5
226.3 8.0 67.0 -10.5
232.2 7.0 76.0 -10.5
232.2 7.0 76.0 -10.5
232.2 7.0 76.0 -10.5
233.0 7.0 72.0 -10.5
233.8 10.0 48.0 -10.5
233.8 10.0 48.0 -10.5
233.8 10.0 48.0 -10.5
233.8 10.0 48.0 -10.5
233.8 10.0 48.0 -10.5
233.8 10.0 48.0 -10.5
233.8 10.0 48.0 -10.5
233.8 10.0 48.0 -10.5
234.5 8.0 60.0 -10.5
234.5 8.0 60.0 -10.5
234.5 8.0 60.0 -10.5
234.5 8.0 60.0 -10.5
234.5 8.0 60.0 -10.5
234.5 8.0 60.0 -10.5
234.5 8.0 60.0 -10.5
234.5 8.0 60.0 -10.5
234.5 8.0 60.0 -10.5
235.0 9.0 55.0 -10.5
235.0 9.0 55.0 -10.5
235.0 9.0 55.0 -10.5
235.0 9.0 55.0 -10.5
235.0 9.0 55.0 -10.5
235.0 9.0 55.0 -10.5
235.0 9.0 55.0 -10.5
235.0 9.0 55.0 -10.5
235.0 9.0 55.0 -10.5
235.0 9.0 55.0 -10.5
235.0 9.0 55.0 -10.5
235.0 9.0 55.0 -10.5
237.0 7.0 65.0 -10.5
242.1 6.0 78.0 -10.5
242.1 6.0 78.0 -10.5
243.7 9.0 50.0 -10.5
243.7 9.0 50.0 -10.5
243.7 9.0 50.0 -10.5
243.7 9.0 50.0 -10.5
243.7 9.0 50.0 -10.5
243.7 9.0 50.0 -10.5
