231.4 11.0 51.0 -25.2
231.4 11.0 51.0 -25.2
231.4 11.0 51.0 -25.2
231.4 11.0 51.0 -25.2
231.4 11.0 51.0 -25.2
231.4 11.0 51.0 -25.2
232.2 11.0 47.0 -25.2
232.4 10.0 56.0 -25.2
232.4 10.0 56.0 -25.2
232.4 10.0 56.0 -25.2
232.4 10.0 56.0 -25.2
232.4 10.0 56.0 -25.2
232.4 10.0 56.0 -25.2
232.4 10.0 56.0 -25.2
232.4 10.0 56.0 -25.2
232.4 10.0 56.0 -25.2
232.7 12.0 42.0 -25.2
232.7 12.0 42.0 -25.2
234.5 10.0 52.0 -25.2
234.5 10.0 52.0 -25.2
235.5 9.0 57.0 -25.2
235.5 9.0 57.0 -25.2
235.5 9.0 57.0 -25.2
241.4 8.0 66.0 -25.2
241.4 8.0 66.0 -25.2
241.4 8.0 66.0 -25.2
241.4 8.0 66.0 -25.2
241.4 8.0 66.0 -25.2
241.4 8.0 66.0 -25.2
241.4 8.0 66.0 -25.2
241.4 8.0 66.0 -25.2
241.4 8.0 66.0 -25.2
241.4 8.0 66.0 -25.2
241.4 8.0 66.0 -25.2
241.4 8.0 66.0 -25.2
241.4 8.0 66.0 -25.2
241.4 8.0 66.0 -25.2
241.4 8.0 66.0 -25.2
241.4 8.0 66.0 -25.2
241.4 8.0 66.0 -25.2
241.4 8.0 66.0 -25.2
241.4 8.0 66.0 -25.2
241.4 8.0 66.0 -25.2
241.4 8.0 66.0 -25.2
241.4 8.0 66.0 -25.2
241.4 8.0 66.0 -25.2
245.3 13.0 38.0 -25.2
245.3 13.0 38.0 -25.2
245.3 13.0 38.0 -25.2
245.3 13.0 38.0 -25.2
245.3 13.0 38.0 -25.2
245.3 13.0 38.0 -25.2
245.3 13.0 38.0 -25.2
245.3 13.0 38.0 -25.2
245.3 13.0 38.0 -25.2
245.3 13.0 38.0 -25.2
245.3 13.0 38.0 -25.2
245.3 13.0 38.0 -25.2
245.3 13.0 38.0 -25.2
245.3 13.0 38.0 -25.2
245.3 13.0 38.0 -25.2
245.3 13.0 38.0 -25.2
245.3 13.0 38.0 -25.2
245.3 13.0 38.0 -25.2
245.3 13.0 38.0 -25.2
245.3 13.0 38.0 -25.2
245.3 13.0 38.0 -25.2
245.3 13.0 38.0 -25.2
245.3 13.0 38.0 -25.2
245.3 13.0 38.0 -25.2
245.3 13.0 38.0 -25.2
245.3 13.0 38.0 -25.2
245.3 13.0 38.0 -25.2
245.3 13.0 38.0 -25.2
245.3 13.0 38.0 -25.2
245.3 13.0 38.0 -25.2
245.3 13.0 38.0 -25.2
245.3 13.0 38.0 -25.2
245.3 13.0 38.0 -25.2
245.3 13.0 38.0 -25.2
245.3 13.0 38.0 -25.2
245.3 13.0 38.0 -25.2
245.3 13.0 38.0 -25.2
245.3 13.0 38.0 -25.2
245.3 13.0 38.0 -25.2
245.3 13.0 38.0 -25.2
245.3 13.0 38.0 -25.2
245.3 13.0 38.0 -25.2
248.4 12.0 39.0 -25.2
248.4 12.0 39.0 -25.2
248.4 12.0 39.0 -25.2
248.4 12.0 39.0 -25.2
248.4 12.0 39.0 -25.2
248.4 12.0 39.0 -25.2
248.4 12.0 39.0 -25.2
248.4 12.0 39.0 -25.2
248.4 12.0 39.0 -25.2
248.4 12.0 39.0 -25.2
248.4 12.0 39.0 -25.2
248.4 12.0 39.0 -25.2
