229.4 13.0 41.0 -25.2
229.4 13.0 41.0 -25.2
229.4 13.0 41.0 -25.2
229.4 13.0 41.0 -25.2
229.4 13.0 41.0 -25.2
229.4 13.0 41.0 -25.2
229.4 13.0 41.0 -25.2
229.4 13.0 41.0 -25.2
229.9 11.0 51.0 -25.2
230.4 12.0 46.0 -25.2
230.4 12.0 46.0 -25.2
230.4 12.0 46.0 -25.2
230.4 12.0 46.0 -25.2
230.4 12.0 46.0 -25.2
230.4 12.0 46.0 -25.2
230.4 12.0 46.0 -25.2
230.4 12.0 46.0 -25.2
230.4 12.0 46.0 -25.2
232.4 10.0 56.0 -25.2
233.0 10.0 52.0 -25.2
233.0 10.0 52.0 -25.2
233.0 10.0 52.0 -25.2
233.5 11.0 47.0 -25.2
233.5 11.0 47.0 -25.2
233.5 11.0 47.0 -25.2
233.5 11.0 47.0 -25.2
233.5 11.0 47.0 -25.2
233.5 11.0 47.0 -25.2
233.5 11.0 47.0 -25.2
233.5 11.0 47.0 -25.2
233.5 11.0 47.0 -25.2
233.5 11.0 47.0 -25.2
233.5 11.0 47.0 -25.2
233.5 11.0 47.0 -25.2
233.5 11.0 47.0 -25.2
233.5 11.0 47.0 -25.2
233.5 11.0 47.0 -25.2
233.5 11.0 47.0 -25.2
233.5 11.0 47.0 -25.2
233.5 11.0 47.0 -25.2
233.5 11.0 47.0 -25.2
233.5 11.0 47.0 -25.2
233.5 11.0 47.0 -25.2
233.5 11.0 47.0 -25.2
233.5 11.0 47.0 -25.2
233.5 11.0 47.0 -25.2
238.9 9.0 61.0 -25.2
238.9 9.0 61.0 -25.2
238.9 9.0 61.0 -25.2
241.4 8.0 66.0 -25.2
241.4 8.0 66.0 -25.2
241.4 8.0 66.0 -25.2
241.4 8.0 66.0 -25.2
241.4 8.0 66.0 -25.2
241.4 8.0 66.0 -25.2
241.4 8.0 66.0 -25.2
241.4 8.0 66.0 -25.2
241.4 8.0 66.0 -25.2
241.4 8.0 66.0 -25.2
241.4 8.0 66.0 -25.2
241.4 8.0 66.0 -25.2
241.4 8.0 66.0 -25.2
241.4 8.0 66.0 -25.2
241.4 8.0 66.0 -25.2
241.4 8.0 66.0 -25.2
241.4 8.0 66.0 -25.2
241.4 8.0 66.0 -25.2
241.4 8.0 66.0 -25.2
241.4 8.0 66.0 -25.2
241.4 8.0 66.0 -25.2
241.4 8.0 66.0 -25.2
241.4 8.0 66.0 -25.2
241.4 8.0 66.0 -25.2
241.4 8.0 66.0 -25.2
241.4 8.0 66.0 -25.2
245.9 9.0 54.0 -25.2
245.9 9.0 54.0 -25.2
245.9 9.0 54.0 -25.2
245.9 9.0 54.0 -25.2
245.9 9.0 54.0 -25.2
245.9 9.0 54.0 -25.2
245.9 9.0 54.0 -25.2
245.9 9.0 54.0 -25.2
245.9 9.0 54.0 -25.2
245.9 9.0 54.0 -25.2
245.9 9.0 54.0 -25.2
245.9 9.0 54.0 -25.2
245.9 9.0 54.0 -25.2
245.9 9.0 54.0 -25.2
245.9 9.0 54.0 -25.2
245.9 9.0 54.0 -25.2
245.9 9.0 54.0 -25.2
245.9 9.0 54.0 -25.2
245.9 9.0 54.0 -25.2
245.9 9.0 54.0 -25.2
251.3 7.0 68.0 -25.2
251.3 7.0 68.0 -25.2
251.3 7.0 68.0 -25.2
251.3 7.0 68.0 -25.2
251.3 7.0 68.0 -25.2
