111011011010111011001100010110011010
111011011010111011001100010110011010
111011011010111011001100010110011010
111011011010111011001100010110011010
111011011010111011001100010110011010
111011011010111011001100010110011010
111011011010111011001100010110011010
111011011010111011001100010110011010
110111011010110111001100010110011010
110111011010111011001100010110011010
110111011010111011001100010110011010
110111011010111011001100010110011010
110111011010111011001100010110011010
110111011010111011001100010110011010
110111011010111011001100010110011010
110111011010111011001100010110011010
110111011010111011001100010110011010
110111011010111011001100010110011010
110111011010110111001100010111001010
110111010110110111001100010110011010
110111010110110111001100010110011010
110111010110110111001100010110011010
110111010110111011001100010110011010
110111010110111011001100010110011010
110111010110111011001100010110011010
110111010110111011001100010110011010
110111010110111011001100010110011010
110111010110111011001100010110011010
110111010110111011001100010110011010
110111010110111011001100010110011010
110111010110111011001100010110011010
110111010110111011001100010110011010
110111010110111011001100010110011010
110111010110111011001100010110011010
110111010110111011001100010110011010
110111010110111011001100010110011010
110111010110111011001100010110011010
110111010110111011001100010110011010
110111010110111011001100010110011010
110111010110111011001100010110011010
110111010110111011001100010110011010
110111010110111011001100010110011010
110111010110111011001100010110011010
110111010110111011001100010110011010
110111010110111011001100010110011010
110111010110111011001100010110011010
110111010111010111001100010110011010
110111010111010111001100010110011010
110111010111010111001100010110011010
110111010111010111001100010111001010
110111010111010111001100010111001010
110111010111010111001100010111001010
110111010111010111001100010111001010
110111010111010111001100010111001010
110111010111010111001100010111001010
110111010111010111001100010111001010
110111010111010111001100010111001010
110111010111010111001100010111001010
110111010111010111001100010111001010
110111010111010111001100010111001010
110111010111010111001100010111001010
110111010111010111001100010111001010
110111010111010111001100010111001010
110111010111010111001100010111001010
110111010111010111001100010111001010
110111010111010111001100010111001010
110111010111010111001100010111001010
110111010111010111001100010111001010
110111010111010111001100010111001010
110111010111010111001100010111001010
110111010111010111001100010111001010
110111010111010111001100010111001010
110111010111010111001100010111001010
110111010111010111001100010111001010
110111010111010111001100010111001010
110111010110111011001100010111001100
110111010110111011001100010111001100
110111010110111011001100010111001100
110111010110111011001100010111001100
110111010110111011001100010111001100
110111010110111011001100010111001100
110111010110111011001100010111001100
110111010110111011001100010111001100
110111010110111011001100010111001100
110111010110111011001100010111001100
110111010110111011001100010111001100
110111010110111011001100010111001100
110111010110111011001100010111001100
110111010110111011001100010111001100
110111010110111011001100010111001100
110111010110111011001100010111001100
110111010110111011001100010111001100
110111010110111011001100010111001100
110111010110111011001100010111001100
110111010110111011001100010111001100
110111010111010111001100010111001100
110111010111010111001100010111001100
110111010111010111001100010111001100
110111010111010111001100010111001100
110111010111010111001100010111001100
