111011010110110111001001011010011010
111011010110111011001001011010011010
111011010110111011001001011010011010
111011010110110111001001011010011100
111011010110110111001001011010011100
111011010110110111001001011010011100
111011010110110111001001011010011100
111011010110111011001001011010011100
111011010110111011001001011010011100
111011010110111011001001011010011100
111011010110111011001001011010011100
111011010110111011001001011010011100
111011010110111011001001011010011100
111011010110111011001001011010011100
111011010110111011001001011010011100
111011010110111011001001011010011100
111011010110111011001001011010011100
111011010110111011001001011010011100
111011010110111011001001011010011100
111011010110111011001001011010011100
111011010110111011001001011010011100
111011010110111011001001011010011100
111011010110111011001001011010011100
111011010110111011001001011010011100
111011010110111011001001011010011100
111011010110111011001001011010011100
111011010110111011001001011010011100
111011010110111011001001011010011100
111011010110111011001001011010011100
111011010110111011001001011010011100
111011010110111011001001011010011100
111011010110111011001001011010011100
111011010110111011001001011010011100
111011010110111011001001011010011100
111011010110111011001001011010011100
111011010110111011001001011010011100
111011010110111011001001011010011100
111011010110111011001001011010011100
111011010110111011001001011010011100
111011010110111011001001011010011100
111011010110111011001001011010011100
111011010110111011001001011010011100
111011010110111011001001011010011100
111011010110111011001001011010011100
111011010110111011001001011010011100
111011010110111011001001011010011100
111011010110111011001001011010011100
111011010110111011001001011010011100
111011010110111011001001011010011100
111011010110111011001001011010011100
111011010110111011001001011010011100
111011010110111011001001011010011100
111011010110110111001001011011001100
111011010110110111001001011011001100
111011010110110111001001011011001100
111011010110110111001001011011001100
111011010110110111001001011011001100
111011010110110111001001011011001100
111011010110110111001001011011001100
111011010110110111001001011011001100
111011010110110111001001011011001100
111011010110110111001001011011001100
111011010111010111001001011011001100
111011010111010111001001011011001100
111011010111010111001001011011001100
111011010111010111001001011011001100
111011010111010111001001011011001100
111011010111010111001001011011001100
111011010111010111001001011011001100
111011010111010111001001011011001100
111011010111010111001001011011001100
111011010111010111001001011011001100
111011010111010111001001011011001100
111011010111010111001001011011001100
111011010111010111001001011011001100
111011010111010111001001011011001100
111011010111010111001001011011001100
111011010111010111001001011011001100
111011010111010111001001011011001100
111011010111010111001001011011001100
111011010111010111001001011011001100
111011010111010111001001011011001100
111011010111010111001001011011001100
111011010111010111001001011011001100
111011010111010111001001011011001100
111011010110110111001001010110011100
111011010110110111001001010110011100
111011010110111011001001010110011100
111011010110111011001001010110011100
111011010110110111001001010111001100
111011010110110111001001010111001100
111011010111010111001001010111001100
111011010111010111001001010111001100
111011010111010111001001010111001100
111011010111010111001001010111001100
111011010111010111001001010111001100
111011010111010111001001010111001100
111011010111010111001001010111001100
111011010111010111001001010111001100
111011010111010111001001010111001100
