223.0 10.0 57.0 -25.2
223.0 10.0 57.0 -25.2
223.0 10.0 57.0 -25.2
223.5 11.0 52.0 -25.2
223.5 11.0 52.0 -25.2
223.5 11.0 52.0 -25.2
223.5 11.0 52.0 -25.2
223.5 11.0 52.0 -25.2
223.5 11.0 52.0 -25.2
223.5 11.0 52.0 -25.2
223.5 11.0 52.0 -25.2
224.0 9.0 62.0 -25.2
224.0 9.0 62.0 -25.2
224.0 9.0 62.0 -25.2
224.0 9.0 62.0 -25.2
224.0 9.0 62.0 -25.2
224.0 9.0 62.0 -25.2
224.0 9.0 62.0 -25.2
224.0 9.0 62.0 -25.2
224.0 9.0 62.0 -25.2
224.0 9.0 62.0 -25.2
226.6 10.0 53.0 -25.2
226.6 10.0 53.0 -25.2
227.1 8.0 63.0 -25.2
227.1 8.0 63.0 -25.2
227.1 8.0 63.0 -25.2
227.1 8.0 63.0 -25.2
227.1 8.0 63.0 -25.2
227.1 8.0 63.0 -25.2
227.1 8.0 63.0 -25.2
227.1 8.0 63.0 -25.2
227.1 8.0 63.0 -25.2
227.1 8.0 63.0 -25.2
227.1 8.0 63.0 -25.2
227.1 8.0 63.0 -25.2
232.2 11.0 47.0 -25.2
233.0 7.0 72.0 -25.2
233.0 7.0 72.0 -25.2
233.0 7.0 72.0 -25.2
233.0 7.0 72.0 -25.2
233.0 7.0 72.0 -25.2
233.0 7.0 72.0 -25.2
233.0 7.0 72.0 -25.2
233.0 7.0 72.0 -25.2
233.0 7.0 72.0 -25.2
233.0 7.0 72.0 -25.2
233.0 7.0 72.0 -25.2
233.0 7.0 72.0 -25.2
233.0 7.0 72.0 -25.2
233.0 7.0 72.0 -25.2
233.0 7.0 72.0 -25.2
233.0 7.0 72.0 -25.2
233.0 7.0 72.0 -25.2
233.0 7.0 72.0 -25.2
233.0 7.0 72.0 -25.2
233.0 7.0 72.0 -25.2
233.0 7.0 72.0 -25.2
233.0 7.0 72.0 -25.2
233.0 7.0 72.0 -25.2
233.0 7.0 72.0 -25.2
233.0 7.0 72.0 -25.2
233.0 7.0 72.0 -25.2
233.0 7.0 72.0 -25.2
233.0 7.0 72.0 -25.2
233.0 7.0 72.0 -25.2
233.0 7.0 72.0 -25.2
233.0 7.0 72.0 -25.2
233.0 7.0 72.0 -25.2
233.0 7.0 72.0 -25.2
233.0 7.0 72.0 -25.2
233.0 7.0 72.0 -25.2
233.0 7.0 72.0 -25.2
233.0 7.0 72.0 -25.2
233.0 7.0 72.0 -25.2
233.0 7.0 72.0 -25.2
233.0 7.0 72.0 -25.2
233.0 7.0 72.0 -25.2
233.0 7.0 72.0 -25.2
233.0 7.0 72.0 -25.2
233.0 7.0 72.0 -25.2
233.0 7.0 72.0 -25.2
233.0 7.0 72.0 -25.2
233.0 7.0 72.0 -25.2
233.0 7.0 72.0 -25.2
233.0 7.0 72.0 -25.2
233.0 7.0 72.0 -25.2
233.0 7.0 72.0 -25.2
233.2 13.0 37.0 -25.2
236.3 9.0 53.0 -25.2
239.7 12.0 38.0 -25.2
239.7 12.0 38.0 -25.2
242.2 8.0 62.0 -25.2
242.2 8.0 62.0 -25.2
242.2 8.0 62.0 -25.2
242.2 8.0 62.0 -25.2
242.2 8.0 62.0 -25.2
242.2 8.0 62.0 -25.2
242.2 8.0 62.0 -25.2
242.2 8.0 62.0 -25.2
242.2 8.0 62.0 -25.2
