240.4 7.0 69.0 -25.2
240.4 7.0 69.0 -25.2
240.4 7.0 69.0 -25.2
240.4 7.0 69.0 -25.2
240.4 7.0 69.0 -25.2
240.4 7.0 69.0 -25.2
240.4 7.0 69.0 -25.2
240.4 7.0 69.0 -25.2
240.4 7.0 69.0 -25.2
240.4 7.0 69.0 -25.2
240.4 7.0 69.0 -25.2
240.4 7.0 69.0 -25.2
240.4 7.0 69.0 -25.2
240.4 7.0 69.0 -25.2
240.4 7.0 69.0 -25.2
240.4 7.0 69.0 -25.2
240.4 7.0 69.0 -25.2
240.4 7.0 69.0 -25.2
240.4 7.0 69.0 -25.2
240.4 7.0 69.0 -25.2
240.4 7.0 69.0 -25.2
240.4 7.0 69.0 -25.2
240.4 7.0 69.0 -25.2
243.2 11.0 40.0 -25.2
243.7 9.0 50.0 -25.2
252.1 7.0 64.0 -25.2
252.1 7.0 64.0 -25.2
252.1 7.0 64.0 -25.2
252.1 7.0 64.0 -25.2
252.1 7.0 64.0 -25.2
252.1 7.0 64.0 -25.2
252.1 7.0 64.0 -25.2
252.1 7.0 64.0 -25.2
252.1 7.0 64.0 -25.2
252.1 7.0 64.0 -25.2
252.1 7.0 64.0 -25.2
252.1 7.0 64.0 -25.2
252.1 7.0 64.0 -25.2
252.1 7.0 64.0 -25.2
252.1 7.0 64.0 -25.2
252.1 7.0 64.0 -25.2
252.1 7.0 64.0 -25.2
252.1 7.0 64.0 -25.2
252.1 7.0 64.0 -25.2
252.1 7.0 64.0 -25.2
252.1 7.0 64.0 -25.2
252.1 7.0 64.0 -25.2
252.1 7.0 64.0 -25.2
252.1 7.0 64.0 -25.2
252.1 7.0 64.0 -25.2
252.1 7.0 64.0 -25.2
252.1 7.0 64.0 -25.2
252.1 7.0 64.0 -25.2
252.1 7.0 64.0 -25.2
252.1 7.0 64.0 -25.2
252.1 7.0 64.0 -25.2
252.1 7.0 64.0 -25.2
252.1 7.0 64.0 -25.2
252.1 7.0 64.0 -25.2
252.1 7.0 64.0 -25.2
252.1 7.0 64.0 -25.2
252.1 7.0 64.0 -25.2
252.1 7.0 64.0 -25.2
252.1 7.0 64.0 -25.2
252.1 7.0 64.0 -25.2
252.1 7.0 64.0 -25.2
252.1 7.0 64.0 -25.2
252.1 7.0 64.0 -25.2
252.1 7.0 64.0 -25.2
252.1 7.0 64.0 -25.2
252.1 7.0 64.0 -25.2
252.1 7.0 64.0 -25.2
252.1 7.0 64.0 -25.2
252.1 7.0 64.0 -25.2
252.1 7.0 64.0 -25.2
252.1 7.0 64.0 -25.2
252.1 7.0 64.0 -25.2
252.1 7.0 64.0 -25.2
252.1 7.0 64.0 -25.2
252.1 7.0 64.0 -25.2
252.1 7.0 64.0 -25.2
252.1 7.0 64.0 -25.2
252.1 7.0 64.0 -25.2
252.1 7.0 64.0 -25.2
252.1 7.0 64.0 -25.2
252.1 7.0 64.0 -25.2
252.1 7.0 64.0 -25.2
252.1 7.0 64.0 -25.2
252.1 7.0 64.0 -25.2
252.1 7.0 64.0 -25.2
252.1 7.0 64.0 -25.2
252.1 7.0 64.0 -25.2
252.1 7.0 64.0 -25.2
252.1 7.0 64.0 -25.2
252.1 7.0 64.0 -25.2
252.1 7.0 64.0 -25.2
252.1 7.0 64.0 -25.2
252.1 7.0 64.0 -25.2
252.1 7.0 64.0 -25.2
252.1 7.0 64.0 -25.2
