230.2 13.0 37.0 -25.2
232.0 11.0 47.0 -25.2
232.0 11.0 47.0 -25.2
233.3 12.0 38.0 -25.2
233.3 12.0 38.0 -25.2
241.9 10.0 49.0 -25.2
241.9 10.0 49.0 -25.2
241.9 10.0 49.0 -25.2
242.8 14.0 33.0 -25.2
242.8 14.0 33.0 -25.2
242.8 14.0 33.0 -25.2
242.8 14.0 33.0 -25.2
242.8 14.0 33.0 -25.2
242.8 14.0 33.0 -25.2
242.8 14.0 33.0 -25.2
242.8 14.0 33.0 -25.2
242.8 14.0 33.0 -25.2
242.8 14.0 33.0 -25.2
242.8 14.0 33.0 -25.2
242.8 14.0 33.0 -25.2
242.8 14.0 33.0 -25.2
242.8 14.0 33.0 -25.2
242.8 14.0 33.0 -25.2
242.8 14.0 33.0 -25.2
242.8 14.0 33.0 -25.2
242.8 14.0 33.0 -25.2
242.8 14.0 33.0 -25.2
242.8 14.0 33.0 -25.2
242.8 14.0 33.0 -25.2
242.8 14.0 33.0 -25.2
242.8 14.0 33.0 -25.2
242.8 14.0 33.0 -25.2
242.8 14.0 33.0 -25.2
242.8 14.0 33.0 -25.2
242.8 14.0 33.0 -25.2
242.8 14.0 33.0 -25.2
242.8 14.0 33.0 -25.2
242.8 14.0 33.0 -25.2
242.8 14.0 33.0 -25.2
242.8 14.0 33.0 -25.2
242.8 14.0 33.0 -25.2
242.8 14.0 33.0 -25.2
242.8 14.0 33.0 -25.2
242.8 14.0 33.0 -25.2
242.8 14.0 33.0 -25.2
242.8 14.0 33.0 -25.2
242.8 14.0 33.0 -25.2
242.8 14.0 33.0 -25.2
242.8 14.0 33.0 -25.2
242.8 14.0 33.0 -25.2
242.8 14.0 33.0 -25.2
242.8 14.0 33.0 -25.2
242.8 14.0 33.0 -25.2
242.8 14.0 33.0 -25.2
242.8 14.0 33.0 -25.2
242.8 14.0 33.0 -25.2
242.8 14.0 33.0 -25.2
242.8 14.0 33.0 -25.2
242.8 14.0 33.0 -25.2
242.8 14.0 33.0 -25.2
242.8 14.0 33.0 -25.2
242.8 14.0 33.0 -25.2
242.8 14.0 33.0 -25.2
242.8 14.0 33.0 -25.2
242.8 14.0 33.0 -25.2
242.8 14.0 33.0 -25.2
242.8 14.0 33.0 -25.2
242.8 14.0 33.0 -25.2
242.8 14.0 33.0 -25.2
242.8 14.0 33.0 -25.2
242.8 14.0 33.0 -25.2
242.8 14.0 33.0 -25.2
242.8 14.0 33.0 -25.2
242.8 14.0 33.0 -25.2
242.8 14.0 33.0 -25.2
242.8 14.0 33.0 -25.2
242.8 14.0 33.0 -25.2
242.8 14.0 33.0 -25.2
242.8 14.0 33.0 -25.2
242.8 14.0 33.0 -25.2
242.8 14.0 33.0 -25.2
242.8 14.0 33.0 -25.2
242.8 14.0 33.0 -25.2
242.8 14.0 33.0 -25.2
243.2 11.0 40.0 -25.2
245.9 13.0 34.0 -25.2
245.9 13.0 34.0 -25.2
245.9 13.0 34.0 -25.2
245.9 13.0 34.0 -25.2
245.9 13.0 34.0 -25.2
245.9 13.0 34.0 -25.2
245.9 13.0 34.0 -25.2
245.9 13.0 34.0 -25.2
245.9 13.0 34.0 -25.2
245.9 13.0 34.0 -25.2
245.9 13.0 34.0 -25.2
245.9 13.0 34.0 -25.2
245.9 13.0 34.0 -25.2
255.8 12.0 36.0 -25.2
257.8 10.0 46.0 -25.2
