111011010110111011001100010110011010
111011010110111011001100010110011010
111011010110111011001100010110011010
111011010110111011001100010110011010
111011010110111011001100010110011010
111011010110111011001100010110011010
111011010110111011001100010110011010
111011010110111011001100010110011010
111011010110111011001100010110011010
111011010110111011001100010110011010
111011010110111011001100010110011010
111011010110111011001100010110011010
111011010110111011001100010110011010
111011010110111011001100010110011010
111011010110111011001100010110011010
111011010110111011001100010110011010
111011010110111011001100010110011010
111011010110111011001100010110011010
111011010110111011001100010110011010
111011010110111011001100010110011010
111011010110111011001100010110011010
111011010110111011001100010110011010
111011010110111011001100010110011010
111011010110111011001100010110011010
111011010110111011001100010110011010
111011010110111011001100010110011010
111011010110111011001100010110011010
111011010110111011001100010110011010
111011010110111011001100010110011010
111011010110111011001100010110011010
111011010110111011001100010110011010
111011010110111011001100010110011010
111011010110111011001100010110011010
111011010110111011001100010110011010
111011010110111011001100010110011010
111011010110111011001100010110011010
111011010110111011001100010110011010
111011010110111011001100010110011010
111011010110111011001100010110011010
111011010110111011001100010110011010
111011010110111011001100010110011010
111011010110111011001100010110011010
111011010110111011001100010110011010
111011010110111011001100010110011010
111011010110111011001100010110011010
111011010110111011001100010110011010
111011010110111011001100010110011010
111011010110111011001100010110011010
111011010110111011001100010110011010
111011010110111011001100010110011010
111011010110111011001100010110011010
111011010110111011001100010110011010
111011010110111011001100010110011010
111011010110111011001100010110011010
111011010110111011001100010110011010
111011010110111011001100010110011010
111011010110111011001100010110011010
111011010110111011001100010110011010
111011010110111011001100010110011010
111011010110111011001100010110011010
111011010110111011001100010110011010
111011010110111011001100010110011010
111011010110111011001100010110011010
111011010110111011001100010110011010
111011010110111011001100010110011010
111011010110111011001100010110011010
111011010110111011001100010110011010
111011010110111011001100010110011010
111011010110111011001100010110011010
111011010110111011001100010110011010
111011010110111011001100010110011010
111011010110111011001100010110011010
111011010110111011001100010110011010
111011010110111011001100010110011010
111011010110111011001100010110011010
111011010110111011001100010110011010
111011010110111011001100010110011010
111011010110111011001100010110011010
110111010111011011001100010110011010
110111010111011011001100010110011010
110111010111011011001100010110011010
110111010111011011001100010110011010
110111010111011011001100010110011010
110111010111011011001100010110011010
110111010111011011001100010110011010
110111010111011011001100010110011010
110111010111011011001100010110011010
110111010111011011001100010110011010
110111010111011011001100010110011010
110111010111011011001100010110011010
110111010111011011001100010110011010
110111010111011011001100010110011010
110111010111011011001100010110011010
110111010111011011001100010110011010
110111010111011011001100010110011010
110111010111011011001100010110011010
110111010111011011001100010110011010
110111010111011011001100010110011010
110111010111011011001100010110011010
111011010110111011001000110110011010
