223.0 10.0 57.0 -25.2
223.0 10.0 57.0 -25.2
223.5 11.0 52.0 -25.2
225.3 9.0 62.0 -25.2
225.3 9.0 62.0 -25.2
225.3 9.0 62.0 -25.2
225.3 9.0 62.0 -25.2
225.3 9.0 62.0 -25.2
225.3 9.0 62.0 -25.2
225.3 9.0 62.0 -25.2
225.3 9.0 62.0 -25.2
225.3 9.0 62.0 -25.2
226.1 9.0 58.0 -25.2
226.1 9.0 58.0 -25.2
226.1 9.0 58.0 -25.2
226.1 9.0 58.0 -25.2
226.1 9.0 58.0 -25.2
226.1 9.0 58.0 -25.2
226.1 9.0 58.0 -25.2
226.1 9.0 58.0 -25.2
226.1 9.0 58.0 -25.2
226.1 9.0 58.0 -25.2
226.1 9.0 58.0 -25.2
226.1 9.0 58.0 -25.2
226.1 9.0 58.0 -25.2
226.6 10.0 53.0 -25.2
226.6 10.0 53.0 -25.2
226.6 10.0 53.0 -25.2
227.1 8.0 63.0 -25.2
232.2 11.0 47.0 -25.2
232.2 11.0 47.0 -25.2
232.2 11.0 47.0 -25.2
232.2 11.0 47.0 -25.2
232.2 11.0 47.0 -25.2
232.2 11.0 47.0 -25.2
232.2 11.0 47.0 -25.2
232.2 11.0 47.0 -25.2
232.2 11.0 47.0 -25.2
232.2 11.0 47.0 -25.2
232.2 11.0 47.0 -25.2
232.2 11.0 47.0 -25.2
232.2 11.0 47.0 -25.2
232.2 11.0 47.0 -25.2
232.2 11.0 47.0 -25.2
232.2 11.0 47.0 -25.2
232.2 11.0 47.0 -25.2
232.2 11.0 47.0 -25.2
232.2 11.0 47.0 -25.2
232.2 11.0 47.0 -25.2
232.2 11.0 47.0 -25.2
235.3 10.0 48.0 -25.2
235.3 10.0 48.0 -25.2
235.3 10.0 48.0 -25.2
235.3 10.0 48.0 -25.2
235.3 10.0 48.0 -25.2
235.3 10.0 48.0 -25.2
235.3 10.0 48.0 -25.2
235.3 10.0 48.0 -25.2
235.3 10.0 48.0 -25.2
235.3 10.0 48.0 -25.2
235.3 10.0 48.0 -25.2
235.3 10.0 48.0 -25.2
235.3 10.0 48.0 -25.2
235.3 10.0 48.0 -25.2
235.3 10.0 48.0 -25.2
235.3 10.0 48.0 -25.2
235.3 10.0 48.0 -25.2
235.3 10.0 48.0 -25.2
235.3 10.0 48.0 -25.2
235.3 10.0 48.0 -25.2
235.3 10.0 48.0 -25.2
235.3 10.0 48.0 -25.2
236.0 8.0 60.0 -25.2
236.0 8.0 60.0 -25.2
236.0 8.0 60.0 -25.2
236.0 8.0 60.0 -25.2
236.0 8.0 60.0 -25.2
236.0 8.0 60.0 -25.2
236.0 8.0 60.0 -25.2
236.0 8.0 60.0 -25.2
236.0 8.0 60.0 -25.2
236.0 8.0 60.0 -25.2
236.0 8.0 60.0 -25.2
236.0 8.0 60.0 -25.2
236.0 8.0 60.0 -25.2
236.0 8.0 60.0 -25.2
236.0 8.0 60.0 -25.2
236.0 8.0 60.0 -25.2
236.0 8.0 60.0 -25.2
236.0 8.0 60.0 -25.2
236.0 8.0 60.0 -25.2
236.0 8.0 60.0 -25.2
236.0 8.0 60.0 -25.2
236.0 8.0 60.0 -25.2
236.0 8.0 60.0 -25.2
236.0 8.0 60.0 -25.2
236.0 8.0 60.0 -25.2
245.2 9.0 50.0 -25.2
245.2 9.0 50.0 -25.2
246.2 8.0 55.0 -25.2
