111011011010110111001001011011001010
111011011010110111001001011011001010
111011011010110111001001011010101010
111011010110110111001100011011001010
111011010110110111001100011011001010
111011010110110111001100011011001010
111011010110110111001100011011001010
111011010110110111001100011011001010
111011010110110111001100011011001010
111011010110110111001100011011001010
111011010110110111001100011011001010
111011010110110111001100011011001010
111011010110110111001001011011001010
111011010110110111001001011011001010
111011010110110111001001011011001010
111011010110110111001001011011001010
111011010110110111001001011011001010
111011010110110111001001011011001010
111011010110110111001001011011001010
111011010110110111001001011011001010
111011010110110111001001011011001010
111011010110110111001001011011001010
111011010110110111001001011011001010
111011010110110111001001011011001010
111011010110110111001001011011001010
111011010110110111001001011010101010
111011010110110111001001011010101010
111011010110110111001001011010101010
110111010110110111001001011011001010
111011011010110111001001010111001010
111011011010110111001001010111001010
111011011010110111001001010111001010
111011011010110111001001010111001010
111011011010110111001001010111001010
111011011010110111001001010111001010
111011011010110111001001010111001010
111011011010110111001001010111001010
111011011010110111001001010111001010
111011011010110111001001010111001010
111011011010110111001001010111001010
111011011010110111001001010111001010
111011011010110111001001010111001010
111011011010110111001001010111001010
111011011010110111001001010111001010
111011011010110111001001010111001010
111011011010110111001001010111001010
111011011010110111001001010111001010
111011011010110111001001010111001010
111011011010110111001001010111001010
111011011010110111001001010111001010
111011010110110111001001010111001010
111011010110110111001001010111001010
111011010110110111001001010111001010
111011010110110111001001010111001010
111011010110110111001001010111001010
111011010110110111001001010111001010
111011010110110111001001010111001010
111011010110110111001001010111001010
111011010110110111001001010111001010
111011010110110111001001010111001010
111011010110110111001001010111001010
111011010110110111001001010111001010
111011010110110111001001010111001010
111011010110110111001001010111001010
111011010110110111001001010111001010
111011010110110111001001010111001010
111011010110110111001001010111001010
111011010110110111001001010111001010
111011010110110111001001010111001010
111011010110110111001001010111001010
111011010110110111001001010111001010
111011010110110111001001010111001010
111011010110110111001001011011001100
111011010110110111001001011011001100
111011010110110111001001011011001100
111011010110110111001001011011001100
111011010110110111001001011011001100
111011010110110111001001011011001100
111011010110110111001001011011001100
111011010110110111001001011011001100
111011010110110111001001011011001100
111011010110110111001001011011001100
111011010110110111001001011011001100
111011010110110111001001011011001100
111011010110110111001001011011001100
111011010110110111001001011011001100
111011010110110111001001011011001100
111011010110110111001001011011001100
111011010110110111001001011011001100
111011010110110111001001011011001100
111011010110110111001001011011001100
111011010110110111001001011011001100
111011010110110111001001011011001100
111011010110110111001001011011001100
111011010110110111001001011011001100
111011010110110111001001011011001100
111011010110110111001001011011001100
111011010110110111001001010111001100
111011010110110111001001010111001100
110111010110110111001001010111001100
