221.0 12.0 47.0 -25.2
221.0 12.0 47.0 -25.2
221.0 12.0 47.0 -25.2
221.0 12.0 47.0 -25.2
221.0 12.0 47.0 -25.2
221.0 12.0 47.0 -25.2
221.0 12.0 47.0 -25.2
221.0 12.0 47.0 -25.2
221.0 12.0 47.0 -25.2
221.0 12.0 47.0 -25.2
221.0 12.0 47.0 -25.2
221.0 12.0 47.0 -25.2
221.0 12.0 47.0 -25.2
221.0 12.0 47.0 -25.2
221.0 12.0 47.0 -25.2
221.0 12.0 47.0 -25.2
221.0 12.0 47.0 -25.2
221.0 12.0 47.0 -25.2
221.0 12.0 47.0 -25.2
221.0 12.0 47.0 -25.2
221.0 12.0 47.0 -25.2
221.0 12.0 47.0 -25.2
221.0 12.0 47.0 -25.2
221.0 12.0 47.0 -25.2
221.0 12.0 47.0 -25.2
221.0 12.0 47.0 -25.2
221.0 12.0 47.0 -25.2
221.0 12.0 47.0 -25.2
221.0 12.0 47.0 -25.2
221.0 12.0 47.0 -25.2
221.0 12.0 47.0 -25.2
221.0 12.0 47.0 -25.2
221.0 12.0 47.0 -25.2
221.0 12.0 47.0 -25.2
221.0 12.0 47.0 -25.2
221.0 12.0 47.0 -25.2
221.0 12.0 47.0 -25.2
221.0 12.0 47.0 -25.2
221.0 12.0 47.0 -25.2
221.0 12.0 47.0 -25.2
221.0 12.0 47.0 -25.2
221.0 12.0 47.0 -25.2
221.0 12.0 47.0 -25.2
221.0 12.0 47.0 -25.2
221.0 12.0 47.0 -25.2
221.0 12.0 47.0 -25.2
221.0 12.0 47.0 -25.2
221.0 12.0 47.0 -25.2
221.0 12.0 47.0 -25.2
221.0 12.0 47.0 -25.2
221.0 12.0 47.0 -25.2
221.0 12.0 47.0 -25.2
221.0 12.0 47.0 -25.2
221.0 12.0 47.0 -25.2
221.0 12.0 47.0 -25.2
221.0 12.0 47.0 -25.2
221.0 12.0 47.0 -25.2
221.0 12.0 47.0 -25.2
221.0 12.0 47.0 -25.2
221.0 12.0 47.0 -25.2
221.0 12.0 47.0 -25.2
221.0 12.0 47.0 -25.2
221.0 12.0 47.0 -25.2
221.0 12.0 47.0 -25.2
221.0 12.0 47.0 -25.2
221.0 12.0 47.0 -25.2
221.0 12.0 47.0 -25.2
221.0 12.0 47.0 -25.2
221.0 12.0 47.0 -25.2
221.0 12.0 47.0 -25.2
221.0 12.0 47.0 -25.2
221.0 12.0 47.0 -25.2
221.0 12.0 47.0 -25.2
221.0 12.0 47.0 -25.2
221.0 12.0 47.0 -25.2
221.0 12.0 47.0 -25.2
221.0 12.0 47.0 -25.2
221.0 12.0 47.0 -25.2
221.0 12.0 47.0 -25.2
221.0 12.0 47.0 -25.2
221.0 12.0 47.0 -25.2
221.0 12.0 47.0 -25.2
221.0 12.0 47.0 -25.2
221.0 12.0 47.0 -25.2
221.0 12.0 47.0 -25.2
221.0 12.0 47.0 -25.2
221.0 12.0 47.0 -25.2
221.0 12.0 47.0 -25.2
221.0 12.0 47.0 -25.2
221.0 12.0 47.0 -25.2
221.0 12.0 47.0 -25.2
221.0 12.0 47.0 -25.2
224.1 11.0 48.0 -25.2
224.1 11.0 48.0 -25.2
224.1 11.0 48.0 -25.2
230.2 13.0 37.0 -25.2
230.2 13.0 37.0 -25.2
230.2 13.0 37.0 -25.2
239.6 11.0 44.0 -25.2
242.1 10.0 49.0 -25.2
